1, 1, 2, 5, -1, 200, 264, 15.7, 71, ABa, -163, 26186, 441494, 16860, , 26186, 25000, 27232, 27232, 0, 
2, 0, 3, -1, -1, 310, 329, 15.3, 34, , 244, 0, 0, 0, , 0, 0, 0, 0, 0, 
3, 1, 7, 4, -1, 381, 344, 13.8, 74, ABp, 670, 26313, 507627, 19292, , 26313, 25000, 27346, 27346, 0, 
4, 1, 5, 3, -1, 572, 228, 15.0, 67, P2, 632, 26555, 374738, 14112, , 26555, 25000, 27429, 27429, 0, 
5, 0, 6, -1, -1, 417, 319, 22.2, 56, , 561, 709, 0, 0, , 0, 0, 0, 0, 0, 
6, 1, 4, 2, -1, 397, 166, 14.2, 68, EMS, 676, 26344, 390200, 14812, , 26344, 25000, 27862, 27862, 0, 
7, 0, 1, -1, -1, 91, 257, 16.3, 36, , 320, 234, 58749, 2216, , 26511, 25000, 26277, 26277, 0, 
8, 0, 8, -1, -1, 88, 257, 13.5, 34, , 177, 0, 0, 0, , 0, 0, 0, 0, 0, 
9, 0, 9, -1, -1, 97, 31, 18.3, 32, , 320, -1023, 0, 0, , 0, 0, 0, 0, 0, 
10, 0, 10, -1, -1, 116, 173, 21.3, 39, , 63, 647, 75273, 2764, , 27233, 25000, 26586, 26586, 0, 
