1, 1, 4, 6, -1, 382, 341, 14.5, 74, ABp, 737, 26187, 499860, 19088, , 26187, 25000, 27315, 27315, 0, 
2, 0, 6, -1, -1, 88, 258, 16.4, 36, , 315, 1280, 57907, 2112, , 27418, 25000, 26138, 26138, 0, 
3, 1, 5, 10, -1, 198, 270, 15.3, 73, ABa, 423, 26002, 476043, 18308, , 26002, 25000, 27199, 27199, 0, 
4, 1, 3, 4, -1, 558, 283, 15.9, 68, P2, -197, 26561, 391718, 14748, , 26561, 25000, 27492, 27492, 0, 
5, 1, 2, 2, -1, 401, 138, 14.7, 69, EMS, 695, 26555, 412233, 15524, , 26555, 25000, 27710, 27710, 0, 
6, 0, 10, -1, -1, 383, 379, 14.4, 35, , 271, -293, 0, 0, , 0, 0, 0, 0, 0, 
7, 0, 7, -1, -1, 404, 266, 21.8, 58, , 579, 458, 0, 0, , 0, 0, 0, 0, 0, 
8, 0, 9, -1, -1, 86, 259, 13.6, 34, , 202, 0, 0, 0, , 0, 0, 0, 0, 0, 
9, 0, -1, -1, -1, 361, 304, 9.5, 43, , 283, 200, 111818, 4024, , 27788, 25000, 27440, 27588, 0, 
10, 0, 8, -1, -1, 82, 34, 20.4, 34, , 347, -503, 0, 0, , 0, 0, 0, 0, 0, 
11, 0, 11, -1, -1, 115, 175, 22.4, 38, , 58, 1230, 71717, 2580, , 27797, 25000, 26567, 26567, 0, 
