1, 1, 4, 2, -1, 536, 244, 17.5, 72, P2, 712, 26330, 471418, 17904, , 26330, 25000, 27662, 27662, 0, 
2, 1, 3, 9, -1, 382, 148, 11.8, 70, EMS, 703, 26285, 424549, 16152, , 26285, 25000, 27782, 27782, 0, 
3, 1, 6, 10, -1, 409, 318, 13.8, 49, ABpr, 490, 26883, 147644, 5492, , 26883, 25000, 27271, 27271, 0, 
4, 0, 1, -1, -1, 87, 256, 16.4, 37, , 105, 1239, 63759, 2328, , 27388, 25000, 26149, 26149, 0, 
5, 0, -1, -1, -1, 438, 212, 22.7, 55, , 549, 10, 209855, 7664, , 27382, 25000, 27372, 27372, 0, 
6, 1, 2, 3, -1, 220, 303, 14.3, 52, ABar, 10, 26332, 177265, 6732, , 26332, 25000, 27519, 27527, 0, 
7, 1, 2, 7, -1, 199, 255, 18.9, 52, ABal, 386, 26937, 180370, 6696, , 26937, 25000, 27598, 27611, 0, 
8, 0, 9, -1, -1, 386, 302, 9.2, 33, , 240, -226, 47711, 1744, , 27357, 25000, 27588, 27583, 0, 
9, 1, 6, 5, -1, 390, 287, 20.4, 54, ABpl, 499, 26212, 190402, 7264, , 26212, 25000, 27146, 27146, 0, 
10, 0, 8, -1, -1, 88, 256, 13.6, 33, , 505, 0, 0, 0, , 0, 0, 0, 0, 0, 
11, 0, 10, -1, -1, 75, 31, 20.4, 32, , 325, -478, 0, 0, , 0, 0, 0, 0, 0, 
12, 0, 11, -1, -1, 112, 172, 22.5, 40, , 79, 141, 80763, 3016, , 26778, 25000, 26637, 26637, 0, 
13, 0, 7, -1, -1, 388, 410, 12.5, 35, , 354, 336, 0, 0, , 0, 0, 0, 0, 0, 
