1, 0, 1, -1, -1, 86, 258, 16.5, 36, , 135, 1017, 58970, 2136, , 27608, 25000, 26591, 26591, 0, 
2, 1, 10, 4, -1, 433, 338, 15.7, 57, ABpr, 576, 26486, 229790, 8676, , 26486, 25000, 27606, 27606, 0, 
3, 1, 3, 9, -1, 219, 315, 16.0, 62, ABar, 623, 26802, 304682, 11368, , 26802, 25000, 27586, 27591, 0, 
4, 1, 9, 1, 7, 389, 186, 9.6, 56, EMS, 56, 27058, 222202, 8212, , 27058, 25000, 27912, 27912, 0, 
5, 1, 5, 8, -1, 397, 259, 22.4, 64, ABpl, 626, 26648, 337155, 12652, , 26648, 25000, 27178, 27178, 0, 
6, 1, 7, 6, -1, 194, 227, 16.2, 61, ABal, 617, 27001, 282108, 10448, , 27001, 25000, 27421, 27424, 0, 
7, 0, 4, -1, -1, 381, 341, 11.1, 31, , -31, -1037, 39346, 1480, , 26585, 25000, 27622, 27622, 0, 
8, 1, 2, 2, -1, 525, 211, 15.7, 71, P2, 691, 26436, 445709, 16860, , 26436, 25000, 27783, 27783, 0, 
9, 0, 6, -1, -1, 87, 257, 13.6, 34, , 196, 0, 0, 0, , 0, 0, 0, 0, 0, 
10, 0, 11, -1, -1, 463, 167, 23.6, 54, , 1072, 346, 204901, 7264, , 28208, 25000, 27862, 27862, 0, 
11, 0, 12, -1, -1, 113, 172, 21.7, 38, , 301, 1205, 68776, 2496, , 27554, 25000, 26349, 26349, 0, 
12, 0, 8, -1, -1, 74, 25, 20.7, 25, , 210, -479, 0, 0, , 0, 0, 0, 0, 0, 
13, 0, 13, -1, -1, 459, 391, 12.9, 36, , 289, 361, 0, 0, , 0, 0, 0, 0, 0, 
