1, 1, 2, 5, 6, 527, 243, 16.4, 61, P2, -18, 26606, 287133, 10792, , 26606, 25000, 27560, 27560, 0, 
2, 1, 7, 9, -1, 359, 154, 10.7, 51, MS, 403, 26368, 160526, 6088, , 26368, 25000, 27878, 27878, 0, 
3, 1, 6, 3, -1, 164, 210, 19.0, 65, ABal, 124, 26632, 348663, 13092, , 26632, 25000, 27140, 27140, 0, 
4, 0, 5, -1, -1, 85, 257, 16.8, 40, , -171, 482, 80619, 3000, , 26873, 25000, 26391, 26391, 0, 
5, 1, 9, 8, -1, 211, 343, 14.6, 67, ABar, 671, 26211, 376080, 14348, , 26211, 25000, 27403, 27403, 0, 
6, 1, 1, 7, -1, 448, 159, 12.2, 51, E, 432, 27068, 169880, 6276, , 27068, 25000, 28410, 28410, 0, 
7, 1, 4, 1, -1, 409, 322, 9.9, 62, ABpr, 629, 26087, 288734, 11068, , 26087, 25000, 27711, 27711, 0, 
8, 0, 3, -1, -1, 372, 271, 11.4, 29, , 146, -1023, 31862, 1156, , 27562, 25000, 28584, 28585, 0, 
9, 1, 8, 10, -1, 373, 255, 22.8, 68, ABpl, 617, 26556, 393347, 14812, , 26556, 25000, 26953, 26953, 0, 
10, 0, -1, -1, -1, 86, 257, 13.7, 34, , 210, 1574, 51835, 1884, , 27513, 25000, 26029, 25939, 0, 
11, 0, 11, -1, -1, 442, 197, 22.8, 53, , 780, -147, 191875, 6996, , 27426, 25000, 27573, 27573, 0, 
12, 0, 12, -1, -1, 105, 172, 23.5, 43, , 359, 427, 108651, 4024, , 27001, 25000, 26574, 26574, 0, 
13, 0, 13, -1, -1, 73, 24, 20.6, 24, , 218, -279, 0, 0, , 0, 0, 0, 0, 0, 
