1, 1, 7, 7, -1, 412, 308, 9.1, 65, ABpr, 99, 26356, 336617, 12772, , 26356, 25000, 28265, 28265, 0, 
2, 0, 4, -1, -1, 85, 256, 16.9, 37, , 329, 739, 66934, 2448, , 27342, 25000, 26603, 26603, 0, 
3, 1, 3, 9, -1, 157, 228, 19.9, 68, ABal, 90, 26705, 393841, 14748, , 26705, 25000, 27168, 27168, 0, 
4, 0, 8, -1, -1, 373, 265, 12.1, 29, , 261, 180, 33998, 1208, , 28144, 25000, 27964, 27964, 0, 
5, 1, 1, 6, -1, 532, 266, 16.6, 46, C, 274, 26810, 129226, 4820, , 26810, 25000, 27134, 27119, 0, 
6, 1, 1, 11, -1, 546, 215, 15.7, 47, P3, 318, 27506, 135662, 4932, , 27506, 25000, 27336, 27371, 0, 
7, 1, 6, 4, -1, 450, 154, 13.0, 55, E, 550, 26435, 212746, 8048, , 26435, 25000, 28440, 28440, 0, 
8, 1, 5, 2, -1, 234, 352, 15.7, 67, ABar, 657, 26242, 378303, 14416, , 26242, 25000, 27318, 27318, 0, 
9, 1, 2, 10, -1, 328, 151, 9.4, 56, MS, 344, 26882, 220751, 8212, , 26882, 25000, 28293, 28293, 0, 
10, 1, 9, 8, -1, 377, 229, 23.2, 70, ABpl, 699, 26302, 424833, 16152, , 26302, 25000, 27065, 27065, 0, 
11, 0, 10, -1, -1, 86, 257, 13.8, 33, , 188, 1773, 48842, 1744, , 28006, 25000, 26369, 26233, 0, 
12, 0, 11, -1, -1, 440, 174, 21.5, 48, , 280, 170, 144345, 5152, , 28017, 25000, 27852, 27847, 0, 
13, 0, 12, -1, -1, 113, 172, 23.3, 41, , 399, 1897, 93587, 3312, , 28257, 25000, 26360, 26360, 0, 
