1, 0, 2, -1, -1, 86, 256, 17.2, 36, , 324, 779, 61462, 2280, , 26957, 25000, 26178, 26178, 0, 
2, 1, 8, 5, -1, 247, 357, 16.6, 68, ABar, 144, 26401, 395060, 14964, , 26401, 25000, 27279, 27279, 0, 
3, 0, 4, -1, -1, 378, 292, 12.4, 30, , 11, 566, 33113, 1156, , 28644, 25000, 28089, 28078, 0, 
4, 1, 7, 1, -1, 462, 164, 13.5, 57, E, 527, 27052, 229835, 8496, , 27052, 25000, 28277, 28278, 0, 
5, 0, 12, -1, -1, 423, 155, 21.5, 48, , 478, -81, 145356, 5152, , 28214, 25000, 28237, 28295, 0, 
6, 1, 5, 2, -1, 524, 261, 17.7, 51, C, 415, 26645, 162213, 6088, , 26645, 25000, 27454, 27454, 0, 
7, 1, 1, 6, -1, 424, 310, 8.8, 67, ABpr, 699, 26354, 371382, 14092, , 26354, 25000, 28492, 28492, 0, 
8, 1, 10, 11, -1, 362, 195, 23.3, 71, ABpl, 691, 26648, 449291, 16860, , 26648, 25000, 27351, 27351, 0, 
9, 1, 3, 10, -1, 160, 217, 18.1, 69, ABal, 299, 26419, 397128, 15032, , 26419, 25000, 27513, 27513, 0, 
10, 1, 9, 8, -1, 314, 172, 8.0, 60, MS, 573, 26663, 274624, 10300, , 26663, 25000, 29403, 29403, 0, 
11, 1, 6, 9, -1, 542, 185, 15.0, 48, P3, 298, 26895, 137379, 5108, , 26895, 25000, 28040, 28040, 0, 
12, 0, 11, -1, -1, 86, 256, 14.4, 35, , 494, 1544, 53537, 1932, , 27711, 25000, 26276, 26167, 0, 
13, 0, 13, -1, -1, 111, 173, 23.3, 39, , 260, 341, 74213, 2764, , 26850, 25000, 26509, 26509, 0, 
