1, 1, 4, 1, -1, 479, 166, 12.9, 58, E, 543, 26342, 243401, 9240, , 26342, 25000, 28178, 28205, 0, 
2, 1, 6, 5, -1, 518, 253, 19.7, 56, C, 560, 26419, 220545, 8348, , 26419, 25000, 27667, 27667, 0, 
3, 0, 3, -1, -1, 378, 319, 13.1, 30, , 313, -441, 37427, 1356, , 27601, 25000, 28042, 28042, 0, 
4, 0, 1, -1, -1, 86, 258, 17.2, 36, , 340, 473, 61400, 2280, , 26930, 25000, 26457, 26457, 0, 
5, 1, 2, 12, -1, 253, 361, 18.1, 70, ABar, 169, 26393, 429040, 16256, , 26393, 25000, 27275, 27275, 0, 
6, 1, 7, 2, -1, 438, 324, 8.9, 67, ABpr, 670, 26519, 367975, 13876, , 26519, 25000, 28766, 28766, 0, 
7, 0, 12, -1, -1, 85, 258, 14.4, 35, , 285, 618, 52038, 1932, , 26935, 25000, 26287, 26317, 0, 
8, 1, 10, 9, -1, 314, 196, 7.6, 61, MS, 609, 26934, 290669, 10792, , 26934, 25000, 29329, 29329, 0, 
9, 1, 11, 11, -1, 550, 182, 14.4, 49, P3, 465, 26501, 149571, 5644, , 26501, 25000, 28002, 28027, 0, 
10, 1, 9, 4, -1, 161, 209, 16.9, 68, ABal, 673, 26653, 393085, 14748, , 26653, 25000, 27432, 27432, 0, 
11, 1, 8, 3, -1, 364, 176, 22.8, 72, ABpl, 714, 26812, 467491, 17436, , 26812, 25000, 27415, 27415, 0, 
12, 0, 5, -1, -1, 429, 162, 19.5, 44, , -197, -852, 110112, 4024, , 27364, 25000, 28150, 28216, 0, 
13, 0, 13, -1, -1, 114, 176, 24.5, 39, , 392, 73, 78153, 2880, , 27136, 25000, 27063, 27063, 0, 
