1, 1, 1, 8, -1, 470, 166, 11.2, 58, E, 580, 26864, 253915, 9452, , 26864, 25000, 28280, 28342, 0, 
2, 1, 6, 2, -1, 446, 333, 9.7, 68, ABpr, 356, 26246, 391383, 14912, , 26246, 25000, 28589, 28589, 0, 
3, 1, 11, 4, -1, 352, 173, 22.4, 72, ABpl, 698, 26370, 457886, 17364, , 26370, 25000, 27551, 27551, 0, 
4, 1, 10, 11, -1, 161, 216, 17.0, 68, ABal, -33, 26503, 388643, 14664, , 26503, 25000, 27252, 27252, 0, 
5, 1, 2, 1, -1, 524, 244, 20.9, 59, C, 593, 26600, 261319, 9824, , 26600, 25000, 27529, 27529, 0, 
6, 0, 3, -1, -1, 386, 325, 13.5, 29, , -22, -219, 29996, 1080, , 27774, 25000, 27993, 27993, 0, 
7, 0, 12, -1, -1, 417, 171, 18.4, 47, , 467, -92, 142659, 5064, , 28171, 25000, 28234, 28263, 0, 
8, 0, 4, -1, -1, 87, 259, 17.3, 37, , 337, 941, 64663, 2380, , 27169, 25000, 26228, 26228, 0, 
9, 1, 8, 9, -1, 302, 211, 7.6, 62, MS, 623, 26806, 303334, 11316, , 26806, 25000, 29524, 29524, 0, 
10, 0, 13, -1, -1, 110, 176, 22.5, 36, , 245, 187, 56982, 2136, , 26677, 25000, 26490, 26490, 0, 
11, 1, 9, 10, -1, 538, 166, 13.2, 54, P3, 502, 26671, 195656, 7336, , 26671, 25000, 27673, 27680, 0, 
12, 1, 5, 5, -1, 277, 364, 18.4, 71, ABar, 681, 26404, 449285, 17016, , 26404, 25000, 27174, 27174, 0, 
13, 0, 7, -1, -1, 86, 260, 14.4, 35, , -149, 785, 52322, 1932, , 27082, 25000, 26374, 26297, 0, 
