1, 1, 5, 10, -1, 513, 251, 22.1, 63, C, 630, 26735, 308949, 11556, , 26735, 25000, 27446, 27446, 0, 
2, 1, 2, 11, -1, 458, 335, 9.8, 66, ABpr, 662, 26167, 354089, 13532, , 26167, 25000, 28049, 28049, 0, 
3, 0, 6, -1, -1, 396, 312, 14.2, 30, , 240, -1382, 35611, 1320, , 26978, 25000, 28360, 28360, 0, 
4, 1, 3, 2, -1, 341, 165, 22.4, 70, ABpl, 696, 26615, 433084, 16272, , 26615, 25000, 27431, 27431, 0, 
5, 1, 12, 4, -1, 289, 365, 18.0, 70, ABar, 258, 26291, 422652, 16076, , 26291, 25000, 27140, 27140, 0, 
6, 0, 7, -1, -1, 406, 174, 18.0, 47, , -32, 296, 142148, 5012, , 28362, 25000, 28045, 28066, 0, 
7, 0, 8, -1, -1, 87, 258, 17.3, 35, , 6, 500, 54917, 2040, , 26920, 25000, 26420, 26420, 0, 
8, 1, 1, 1, -1, 462, 162, 11.0, 60, E, 589, 26349, 271395, 10300, , 26349, 25000, 28534, 28567, 0, 
9, 1, 9, 7, -1, 296, 208, 7.9, 64, MS, 619, 26338, 321750, 12216, , 26338, 25000, 29412, 29412, 0, 
10, 1, 11, 5, -1, 537, 151, 13.2, 54, P3, 490, 26342, 193242, 7336, , 26342, 25000, 28021, 28041, 0, 
11, 1, 4, 6, -1, 154, 221, 17.7, 67, ABal, 338, 26376, 380236, 14416, , 26376, 25000, 27291, 27291, 0, 
12, 0, 10, -1, -1, 114, 173, 23.5, 40, , 344, 862, 82819, 3016, , 27460, 25000, 26598, 26598, 0, 
13, 0, 13, -1, -1, 85, 259, 14.5, 34, , -144, 327, 44673, 1688, , 26465, 25000, 26174, 26138, 0, 
