1, 1, 7, 2, -1, 296, 238, 8.0, 65, MS, -77, 26599, 348229, 13092, , 26599, 25000, 29218, 29218, 0, 
2, 1, 2, 1, -1, 330, 163, 18.1, 48, ABplp, 402, 26430, 138072, 5224, , 26430, 25000, 27310, 27421, 0, 
3, 1, 6, 11, 12, 166, 260, 16.3, 53, ABal, -45, 26615, 183965, 6912, , 26615, 25000, 27841, 27841, 0, 
4, 0, 13, -1, -1, 412, 304, 15.0, 29, , 332, 1047, 35499, 1228, , 28908, 25000, 27861, 27861, 0, 
5, 1, 5, 3, -1, 534, 152, 14.3, 53, P3, 536, 26794, 185197, 6912, , 26794, 25000, 28209, 28209, 0, 
6, 1, 2, 7, -1, 306, 183, 21.1, 52, ABpla, 387, 26443, 177065, 6696, , 26443, 25000, 26998, 27061, 0, 
7, 0, 3, -1, -1, 87, 259, 17.3, 36, , 163, 133, 59570, 2216, , 26882, 25000, 26749, 26749, 0, 
8, 0, 12, -1, -1, 392, 162, 18.9, 48, , 475, 837, 149526, 5224, , 28623, 25000, 27776, 27786, 0, 
9, 1, 11, 4, 16, 458, 323, 10.9, 53, ABpr, 533, 26556, 192798, 7260, , 26556, 25000, 27947, 27947, 0, 
10, 1, 4, 8, 9, 313, 334, 16.7, 61, ABar, 599, 26457, 279382, 10560, , 26457, 25000, 27429, 27429, 0, 
11, 1, 1, 5, -1, 460, 173, 10.9, 62, E, 77, 26476, 293039, 11068, , 26476, 25000, 28769, 28775, 0, 
12, 0, 14, -1, -1, 141, 181, 19.1, 37, , 209, -78, 66676, 2448, , 27237, 25000, 27290, 27315, 0, 
13, 1, 10, 10, -1, 500, 239, 22.7, 65, C, 819, 27142, 351219, 12940, , 27142, 25000, 27293, 27293, 0, 
14, 0, 9, -1, -1, 112, 175, 23.4, 43, , 364, 549, 103178, 3824, , 26982, 25000, 26441, 26433, 0, 
15, 0, 8, -1, -1, 85, 259, 14.4, 35, , 297, 403, 51528, 1932, , 26671, 25000, 26350, 26268, 0, 
