1, 1, 2, 16, -1, 335, 160, 19.8, 52, ABplp, 258, 27238, 180531, 6628, , 27238, 25000, 27916, 27937, 0, 
2, 1, 1, 1, -1, 312, 208, 8.5, 63, MS, 639, 26508, 319788, 12064, , 26508, 25000, 29110, 29110, 0, 
3, 1, 5, 6, -1, 542, 165, 19.1, 55, P3, 552, 26723, 217309, 8132, , 26723, 25000, 27943, 27944, 0, 
4, 1, 9, 14, -1, 435, 333, 9.6, 47, ABpra, 353, 26920, 136323, 5064, , 26920, 25000, 28287, 28307, 0, 
5, 1, 11, 4, -1, 477, 147, 13.6, 62, E, 613, 26474, 299580, 11316, , 26474, 25000, 28787, 28784, 0, 
6, 0, 8, -1, -1, 405, 164, 21.4, 49, , 491, 709, 162035, 5644, , 28709, 25000, 27991, 28000, 0, 
7, 1, 6, 12, -1, 284, 203, 22.9, 53, ABpla, -87, 27092, 196688, 7260, , 27092, 25000, 27365, 27358, 0, 
8, 1, 10, 10, -1, 290, 325, 13.6, 52, ABara, 399, 26418, 174996, 6624, , 26418, 25000, 27589, 27595, 0, 
9, 1, 10, 3, -1, 324, 349, 19.6, 53, ABarp, 111, 27033, 186963, 6916, , 27033, 25000, 27361, 27359, 0, 
10, 1, 13, 8, -1, 495, 279, 22.2, 67, C, 664, 26853, 378409, 14092, , 26853, 25000, 27380, 27380, 0, 
11, 1, 3, 9, -1, 153, 267, 17.0, 50, ABala, -67, 26826, 155592, 5800, , 26826, 25000, 27520, 27547, 0, 
12, 1, 3, 7, -1, 176, 217, 13.8, 49, ABalp, 451, 26453, 145279, 5492, , 26453, 25000, 27984, 28016, 0, 
13, 0, 7, -1, -1, 86, 258, 17.5, 37, , 341, 782, 66903, 2456, , 27241, 25000, 26459, 26459, 0, 
14, 0, 4, -1, -1, 384, 315, 13.1, 28, , 262, -113, 30898, 1088, , 28399, 25000, 28512, 28512, 0, 
15, 0, 15, -1, -1, 84, 259, 14.5, 33, , 185, 1517, 44350, 1624, , 27309, 25000, 25923, 25792, 0, 
16, 1, 9, 2, -1, 470, 277, 9.9, 46, ABprp, 324, 26832, 119136, 4440, , 26832, 25000, 28185, 28193, 0, 
17, 0, 14, -1, -1, 108, 177, 23.5, 43, , 113, 367, 108387, 4024, , 26935, 25000, 26568, 26568, 0, 
