1, 1, 2, 9, -1, 347, 207, 8.9, 64, MS, 639, 26322, 321553, 12216, , 26322, 25000, 28968, 28968, 0, 
2, 1, 16, 1, -1, 480, 278, 10.0, 51, ABprp, -53, 26807, 175213, 6536, , 26807, 25000, 28434, 28449, 0, 
3, 1, 9, 7, -1, 325, 345, 19.8, 55, ABarp, 553, 26167, 206408, 7888, , 26167, 25000, 27247, 27247, 0, 
4, 1, 5, 5, -1, 475, 149, 13.8, 62, E, 151, 26897, 302647, 11252, , 26897, 25000, 28448, 28448, 0, 
5, 0, 15, -1, -1, 86, 258, 14.5, 34, , 173, 982, 46413, 1688, , 27496, 25000, 26501, 26514, 0, 
6, 1, 3, 10, -1, 552, 173, 19.7, 56, P3, 535, 26479, 221046, 8348, , 26479, 25000, 27845, 27845, 0, 
7, 1, 12, 3, -1, 192, 212, 13.1, 54, ABalp, 291, 26890, 204367, 7600, , 26890, 25000, 28070, 28076, 0, 
8, 1, 10, 15, -1, 481, 270, 22.3, 67, C, 665, 26530, 382461, 14416, , 26530, 25000, 27492, 27492, 0, 
9, 1, 11, 8, -1, 155, 276, 15.7, 52, ABala, 444, 26808, 180469, 6732, , 26808, 25000, 27528, 27530, 0, 
10, 1, 8, 6, -1, 293, 329, 12.9, 53, ABara, 488, 26416, 191781, 7260, , 26416, 25000, 27970, 27970, 0, 
11, 0, 13, -1, -1, 86, 257, 17.3, 36, , 153, 1143, 61709, 2216, , 27847, 25000, 26704, 26704, 0, 
12, 1, 7, 14, -1, 270, 212, 23.1, 56, ABpla, 545, 26761, 222441, 8312, , 26761, 25000, 27454, 27456, 0, 
13, 0, 14, -1, -1, 368, 332, 13.1, 27, , 141, 262, 25114, 908, , 27659, 25000, 27397, 27397, 0, 
14, 1, 4, 13, -1, 444, 342, 10.2, 51, ABpra, 504, 26855, 168542, 6276, , 26855, 25000, 27917, 27910, 0, 
15, 0, 17, -1, -1, 111, 177, 23.7, 43, , 421, 758, 103485, 3788, , 27319, 25000, 26561, 26561, 0, 
16, 1, 1, 2, -1, 334, 169, 20.0, 53, ABplp, 535, 26987, 192471, 7132, , 26987, 25000, 27663, 27663, 0, 
17, 0, 6, -1, -1, 418, 142, 22.7, 52, , 444, 14, 187129, 6732, , 27797, 25000, 27783, 27783, 0, 
