1, 0, 18, -1, -1, 86, 258, 14.6, 33, , 486, 485, 44109, 1640, , 26896, 25000, 26448, 26411, 0, 
2, 1, 9, 19, -1, 391, 159, 22.6, 62, ABplp, 614, 27253, 308400, 11316, , 27253, 25000, 27593, 27593, 0, 
3, 1, 4, 11, -1, 571, 209, 20.0, 56, P3, 233, 26628, 227726, 8552, , 26628, 25000, 28052, 28052, 0, 
4, 1, 2, 4, -1, 418, 362, 9.8, 59, ABpra, 300, 26270, 254401, 9684, , 26270, 25000, 28096, 28096, 0, 
5, 1, 15, 13, -1, 267, 259, 24.1, 62, ABpla, 626, 26856, 297247, 11068, , 26856, 25000, 27346, 27346, 0, 
6, 1, 10, 5, -1, 150, 295, 16.6, 56, ABala, 216, 26589, 218348, 8212, , 26589, 25000, 27769, 27769, 0, 
7, 1, 7, 9, -1, 261, 303, 8.7, 58, ABara, 541, 26469, 244470, 9236, , 26469, 25000, 29074, 29074, 0, 
8, 1, 8, 8, -1, 469, 291, 20.7, 66, C, 659, 26429, 364612, 13796, , 26429, 25000, 27350, 27350, 0, 
9, 0, 3, -1, -1, 477, 142, 24.3, 49, , 480, -67, 152884, 5544, , 27576, 25000, 27643, 27643, 0, 
10, 1, 12, 12, -1, 446, 160, 12.5, 44, Ea, 302, 26798, 107835, 4024, , 26798, 25000, 28625, 28663, 0, 
11, 1, 14, 6, -1, 287, 189, 11.8, 48, MSa, 367, 27047, 138911, 5136, , 27047, 25000, 28515, 28519, 0, 
12, 0, 17, -1, -1, 350, 300, 10.0, 26, , 237, -51, 23714, 852, , 27833, 25000, 27884, 27884, 0, 
13, 1, 1, 2, -1, 195, 181, 18.6, 58, ABalp, 580, 26830, 241472, 9000, , 26830, 25000, 27760, 27760, 0, 
14, 1, 5, 16, -1, 357, 211, 11.6, 49, MSp, 389, 27457, 154965, 5644, , 27457, 25000, 28451, 28453, 0, 
15, 1, 6, 14, -1, 499, 267, 8.6, 55, ABprp, 386, 26541, 207016, 7800, , 26541, 25000, 29222, 29222, 0, 
16, 0, 13, -1, -1, 110, 172, 21.5, 38, , -101, 1029, 70073, 2552, , 27458, 25000, 26429, 26429, 0, 
17, 1, 16, 10, -1, 316, 353, 20.3, 62, ABarp, 595, 26349, 299005, 11348, , 26349, 25000, 27566, 27566, 0, 
18, 1, 12, 15, -1, 500, 165, 14.0, 44, Ep, -168, 26852, 101394, 3776, , 26852, 25000, 28485, 28560, 0, 
19, 0, 11, -1, -1, 86, 258, 17.6, 37, , 129, -467, 61569, 2328, , 26447, 25000, 26914, 26914, 0, 
