1, 0, 12, -1, -1, 348, 297, 9.4, 26, , 237, -2439, 22296, 832, , 26798, 25000, 29237, 29237, 0, 
2, 1, 13, 12, -1, 210, 176, 19.2, 59, ABalp, 591, 26173, 253462, 9684, , 26173, 25000, 28012, 28012, 0, 
3, 0, 16, -1, -1, 106, 175, 20.5, 41, , 88, -110, 91054, 3424, , 26593, 25000, 26703, 26703, 0, 
4, 1, 4, 2, -1, 404, 363, 9.9, 59, ABpra, 591, 26393, 259280, 9824, , 26393, 25000, 28223, 28223, 0, 
5, 1, 6, 10, -1, 149, 294, 17.4, 58, ABala, 138, 26810, 241291, 9000, , 26810, 25000, 27740, 27740, 0, 
6, 1, 11, 15, -1, 281, 189, 11.4, 52, MSa, 517, 26498, 175521, 6624, , 26498, 25000, 28620, 28620, 0, 
7, 0, 19, -1, -1, 85, 260, 17.5, 36, , 321, 647, 58158, 2136, , 27228, 25000, 26581, 26581, 0, 
8, 1, 8, 8, -1, 457, 294, 20.7, 71, C, 551, 26788, 451639, 16860, , 26788, 25000, 27367, 27367, 0, 
9, 1, 7, 6, -1, 245, 299, 8.8, 58, ABara, 578, 26641, 251807, 9452, , 26641, 25000, 29147, 29147, 0, 
10, 1, 17, 14, -1, 307, 354, 20.6, 62, ABarp, -71, 26705, 302198, 11316, , 26705, 25000, 27592, 27592, 0, 
11, 1, 3, 3, -1, 572, 227, 20.1, 55, P3, 526, 26277, 213683, 8132, , 26277, 25000, 27794, 27794, 0, 
12, 1, 10, 4, -1, 448, 158, 12.3, 48, Ea, 308, 27372, 145291, 5308, , 27372, 25000, 29546, 29553, 0, 
13, 1, 5, 5, -1, 277, 255, 24.2, 63, ABpla, 628, 26961, 313930, 11644, , 26961, 25000, 27353, 27353, 0, 
14, 1, 15, 7, -1, 500, 275, 8.8, 56, ABprp, 403, 26510, 228514, 8620, , 26510, 25000, 29237, 29237, 0, 
15, 1, 18, 11, -1, 516, 170, 14.4, 48, Ep, 140, 27048, 143357, 5300, , 27048, 25000, 29097, 29103, 0, 
16, 1, 14, 17, -1, 361, 209, 10.6, 52, MSp, 511, 26414, 174966, 6624, , 26414, 25000, 28106, 28106, 0, 
17, 0, 9, -1, -1, 479, 146, 21.9, 48, , 418, 555, 147316, 5224, , 28200, 25000, 27644, 27645, 0, 
18, 0, 1, -1, -1, 84, 258, 14.5, 33, , 160, 379, 43411, 1624, , 26731, 25000, 26481, 26352, 0, 
19, 1, 2, 16, -1, 398, 165, 22.4, 62, ABplp, 170, 26901, 304416, 11316, , 26901, 25000, 27657, 27657, 0, 
