1, 1, 8, 20, -1, 256, 193, 11.9, 55, MSa, 557, 27089, 220291, 8132, , 27089, 25000, 28577, 28577, 0, 
2, 1, 13, 9, -1, 199, 169, 19.1, 58, ABalp, 580, 26287, 242888, 9240, , 26287, 25000, 27883, 27883, 0, 
3, 1, 14, 17, -1, 237, 304, 8.8, 60, ABara, 583, 26402, 269407, 10204, , 26402, 25000, 29419, 29419, 0, 
4, 1, 17, 13, -1, 481, 293, 21.2, 54, Cp, 530, 27548, 202095, 7336, , 27548, 25000, 27176, 27195, 0, 
5, 0, 18, -1, -1, 344, 296, 10.4, 26, , 227, -29, 23046, 832, , 27700, 25000, 27729, 27729, 0, 
6, 1, 11, 7, -1, 150, 297, 18.3, 57, ABala, 560, 26713, 231761, 8676, , 26713, 25000, 27708, 27708, 0, 
7, 1, 4, 1, -1, 379, 219, 10.4, 54, MSp, 528, 26812, 194761, 7264, , 26812, 25000, 28342, 28339, 0, 
8, 1, 16, 5, -1, 273, 251, 24.6, 64, ABpla, 629, 26722, 338082, 12652, , 26722, 25000, 27283, 27283, 0, 
9, 0, 20, -1, -1, 86, 259, 17.5, 35, , 316, 432, 54033, 1984, , 27234, 25000, 26761, 26802, 0, 
10, 1, 2, 14, -1, 535, 165, 14.8, 53, Ep, 526, 27583, 192973, 6996, , 27583, 25000, 28724, 28724, 0, 
11, 1, 6, 2, -1, 511, 273, 8.4, 57, ABprp, 578, 26522, 227873, 8592, , 26522, 25000, 29899, 29899, 0, 
12, 1, 12, 10, -1, 426, 150, 10.3, 53, Ea, 509, 26843, 185541, 6912, , 26843, 25000, 29231, 29230, 0, 
13, 1, 5, 18, -1, 408, 277, 20.7, 54, Ca, 510, 26901, 200787, 7464, , 26901, 25000, 27323, 27310, 0, 
14, 1, 3, 4, -1, 318, 364, 20.3, 63, ABarp, 113, 26760, 316630, 11832, , 26760, 25000, 27633, 27633, 0, 
15, 0, 19, -1, -1, 110, 177, 23.4, 43, , 372, 763, 104640, 3824, , 27364, 25000, 26555, 26601, 0, 
16, 1, 15, 8, -1, 418, 351, 10.5, 60, ABpra, -217, 26138, 261586, 10008, , 26138, 25000, 28322, 28322, 0, 
17, 0, -1, -1, -1, 87, 259, 14.5, 33, , 265, -400, 42373, 1624, , 26092, 25000, 26492, 26492, 0, 
18, 1, 1, 6, -1, 563, 228, 20.0, 56, P3, 544, 26367, 225492, 8552, , 26367, 25000, 28053, 28053, 0, 
19, 1, 10, 12, -1, 406, 151, 22.4, 61, ABplp, 42, 26526, 286273, 10792, , 26526, 25000, 27509, 27509, 0, 
20, 0, 7, -1, -1, 483, 169, 23.6, 47, , 109, -575, 137323, 5064, , 27117, 25000, 27687, 27692, 0, 
21, 0, 9, -1, -1, 108, 176, 20.5, 35, , 97, 71, 52253, 1984, , 26337, 25000, 26401, 26266, 0, 
