1, 1, 7, 14, -1, 383, 216, 10.0, 55, MSp, 182, 27041, 217622, 8048, , 27041, 25000, 28556, 28556, 0, 
2, 1, 11, 5, -1, 513, 280, 8.9, 57, ABprp, 493, 26426, 233289, 8828, , 26426, 25000, 29286, 29286, 0, 
3, 0, 20, -1, -1, 479, 161, 24.6, 47, , 437, -252, 138661, 5064, , 27382, 25000, 27634, 27634, 0, 
4, 1, 14, 13, -1, 315, 359, 20.3, 63, ABarp, 636, 26777, 316829, 11832, , 26777, 25000, 27339, 27339, 0, 
5, 1, 8, 18, -1, 275, 240, 24.1, 64, ABpla, 628, 26643, 325465, 12216, , 26643, 25000, 27404, 27404, 0, 
6, 1, 18, 1, -1, 560, 222, 19.7, 55, P3, -82, 26465, 202824, 7664, , 26465, 25000, 27668, 27668, 0, 
7, 1, 6, 6, -1, 151, 299, 18.0, 57, ABala, 211, 26756, 239202, 8940, , 26756, 25000, 27593, 27593, 0, 
8, 1, 16, 4, -1, 415, 353, 10.5, 59, ABpra, 572, 26575, 253202, 9528, , 26575, 25000, 28041, 28041, 0, 
9, 1, 2, 12, -1, 197, 168, 18.0, 59, ABalp, 593, 26570, 256669, 9660, , 26570, 25000, 27784, 27784, 0, 
10, 1, 12, 8, -1, 433, 146, 9.9, 53, Ea, 510, 26866, 195045, 7260, , 26866, 25000, 29512, 29512, 0, 
11, 0, 9, -1, -1, 87, 259, 17.5, 37, , 341, 1368, 68641, 2456, , 27948, 25000, 26597, 26580, 0, 
12, 1, 19, 10, -1, 392, 150, 21.9, 61, ABplp, 614, 26742, 287100, 10736, , 26742, 25000, 27598, 27598, 0, 
13, 1, 4, 15, -1, 491, 290, 21.7, 55, Cp, 97, 26658, 204308, 7664, , 26658, 25000, 27440, 27440, 0, 
14, 1, 10, 11, -1, 537, 164, 14.1, 52, Ep, 496, 26601, 178122, 6696, , 26601, 25000, 28721, 28721, 0, 
15, 0, 15, -1, -1, 111, 176, 23.4, 38, , 291, 876, 71545, 2580, , 27731, 25000, 26825, 26855, 0, 
16, 0, 17, -1, -1, 86, 259, 14.6, 34, , 173, 671, 48437, 1780, , 27212, 25000, 26541, 26541, 0, 
17, 1, 3, 7, -1, 245, 308, 9.1, 58, ABara, 126, 26706, 246760, 9240, , 26706, 25000, 28882, 28882, 0, 
18, 1, 13, 16, -1, 399, 273, 21.7, 56, Ca, -218, 26439, 220714, 8348, , 26439, 25000, 27259, 27259, 0, 
19, 0, 5, -1, -1, 361, 296, 11.0, 28, , 229, -1206, 30917, 1128, , 27409, 25000, 28615, 28615, 0, 
20, 1, 1, 2, -1, 268, 191, 10.3, 56, MSa, 561, 27010, 225476, 8348, , 27010, 25000, 28752, 28752, 0, 
21, 0, 21, -1, -1, 109, 175, 20.5, 37, , 97, 655, 66097, 2456, , 26912, 25000, 26339, 26257, 0, 
