1, 1, 1, 5, 23, 559, 202, 19.3, 49, P3, 250, 26437, 146568, 5544, , 26437, 25000, 27932, 27932, 0, 
2, 1, 12, 1, 28, 189, 184, 15.9, 58, ABalp, 579, 26586, 245651, 9240, , 26586, 25000, 28276, 28276, 0, 
3, 1, 7, 2, 26, 255, 318, 10.0, 54, ABara, 329, 26478, 203243, 7676, , 26478, 25000, 28117, 28117, 0, 
4, 0, 19, -1, -1, 87, 260, 14.4, 33, , 283, 680, 44575, 1640, , 27180, 25000, 26500, 26500, 0, 
5, 1, 11, 7, -1, 537, 158, 13.1, 52, Ep, 61, 26684, 178678, 6696, , 26684, 25000, 28683, 28683, 0, 
6, 0, 17, -1, -1, 440, 141, 23.5, 49, , 496, 250, 155914, 5648, , 27605, 25000, 27355, 27355, 0, 
7, 1, 4, 12, 16, 404, 350, 12.0, 53, ABpra, 328, 26097, 186126, 7132, , 26097, 25000, 27754, 27754, 0, 
8, 1, 16, 14, -1, 393, 262, 22.8, 56, Ca, 548, 26674, 229931, 8620, , 26674, 25000, 27213, 27213, 0, 
9, 1, 18, 11, 24, 269, 220, 23.8, 59, ABpla, 440, 26939, 260873, 9684, , 26939, 25000, 27388, 27388, 0, 
10, 1, 6, 17, 18, 157, 305, 18.0, 57, ABala, 560, 26235, 234538, 8940, , 26235, 25000, 27769, 27769, 0, 
11, 1, 15, 22, -1, 501, 297, 22.7, 59, Cp, 593, 26882, 258717, 9624, , 26882, 25000, 27459, 27459, 0, 
12, 1, 2, 13, -1, 282, 191, 9.6, 56, MSa, 252, 26536, 217912, 8212, , 26536, 25000, 29418, 29418, 0, 
13, 0, 9, -1, -1, 374, 297, 11.2, 29, , 224, -1172, 29880, 1112, , 26871, 25000, 28043, 28043, 0, 
14, 1, 8, 9, -1, 453, 159, 9.6, 54, Ea, 511, 26755, 194346, 7264, , 26755, 25000, 29807, 29807, 0, 
15, 1, 10, 15, 27, 376, 151, 20.4, 54, ABplp, 394, 26927, 195599, 7264, , 26927, 25000, 27814, 27814, 0, 
16, 1, 5, 8, -1, 513, 287, 9.6, 59, ABprp, 597, 26553, 258098, 9720, , 26553, 25000, 29162, 29162, 0, 
17, 1, 14, 21, -1, 396, 226, 8.9, 55, MSp, 541, 26610, 216389, 8132, , 26610, 25000, 29486, 29486, 0, 
18, 1, 13, 10, 19, 317, 351, 19.7, 57, ABarp, 406, 27117, 235271, 8676, , 27117, 25000, 27673, 27673, 0, 
19, 0, 3, -1, -1, 87, 260, 17.7, 37, , 158, 1352, 66522, 2380, , 27950, 25000, 26662, 26598, 0, 
20, 0, 20, -1, -1, 104, 176, 21.4, 29, , 49, 1, 30566, 1156, , 26441, 25000, 26676, 26440, 0, 
21, 0, 21, -1, -1, 121, 173, 23.5, 31, , 229, 2021, 34944, 1232, , 28364, 25000, 26401, 26343, 0, 
