1, 1, 2, 1, -1, 171, 195, 14.8, 50, ABalpa, 478, 27292, 159166, 5832, , 27292, 25000, 28278, 28314, 0, 
2, 1, 3, 17, -1, 231, 309, 9.7, 43, ABaraa, 268, 26949, 102084, 3788, , 26949, 25000, 28443, 28510, 0, 
3, 0, 20, -1, -1, 107, 177, 22.4, 38, , 306, 1078, 70364, 2580, , 27273, 25000, 26214, 26195, 0, 
4, 0, 19, -1, -1, 89, 258, 17.7, 36, , 464, 885, 60922, 2216, , 27492, 25000, 26546, 26607, 0, 
5, 1, 1, 3, -1, 555, 210, 20.5, 39, D, 260, 26671, 76812, 2880, , 26671, 25000, 27895, 27920, 0, 
6, 0, 4, -1, -1, 89, 258, 14.6, 32, , -113, -328, 38514, 1484, , 25953, 25000, 26281, 26281, 0, 
7, 1, 5, 10, -1, 520, 153, 12.8, 54, Ep, 531, 26864, 197076, 7336, , 26864, 25000, 28697, 28725, 0, 
8, 1, 16, 15, 19, 504, 285, 9.9, 48, ABprp, -153, 26771, 139851, 5224, , 26771, 25000, 28105, 28105, 0, 
9, 1, 14, 6, -1, 445, 162, 10.4, 53, Ea, 491, 26593, 183914, 6916, , 26593, 25000, 29140, 29142, 0, 
10, 1, 18, 24, -1, 351, 344, 21.2, 47, ABarpp, 351, 27264, 129886, 4764, , 27264, 25000, 27766, 27741, 0, 
11, 1, 9, 25, -1, 256, 231, 23.4, 52, ABplaa, 411, 27013, 178936, 6624, , 27013, 25000, 27361, 27363, 0, 
12, 1, 7, 7, -1, 438, 358, 13.9, 42, ABprap, 271, 26747, 89014, 3328, , 26747, 25000, 28106, 28106, 0, 
13, 1, 12, 8, -1, 278, 192, 9.6, 55, MSa, 343, 26785, 208926, 7800, , 26785, 25000, 29196, 29196, 0, 
14, 1, 8, 12, -1, 413, 262, 21.9, 56, Ca, 523, 26513, 220376, 8312, , 26513, 25000, 27327, 27327, 0, 
15, 1, 15, 18, -1, 353, 141, 19.1, 47, ABplpa, 335, 26469, 123664, 4672, , 26469, 25000, 27845, 27903, 0, 
16, 1, 7, 22, -1, 377, 356, 11.5, 43, ABpraa, 315, 26462, 106483, 4024, , 26462, 25000, 28208, 28205, 0, 
17, 1, 10, 20, -1, 177, 305, 19.7, 45, ABalap, 132, 26622, 114049, 4284, , 26622, 25000, 27813, 27930, 0, 
18, 1, 10, 14, -1, 144, 291, 16.9, 46, ABalaa, 303, 26452, 117445, 4440, , 26452, 25000, 27742, 27796, 0, 
19, 1, 18, 9, -1, 290, 359, 19.5, 47, ABarpa, 316, 27228, 140279, 5152, , 27228, 25000, 27772, 27785, 0, 
20, 0, 21, -1, -1, 157, 180, 20.9, 38, , 332, 317, 74420, 2652, , 28062, 25000, 27745, 27745, 0, 
21, 1, 17, 2, -1, 384, 228, 9.3, 54, MSp, 546, 26665, 199031, 7464, , 26665, 25000, 29043, 29043, 0, 
22, 1, 11, 5, -1, 515, 308, 22.1, 58, Cp, -53, 26742, 247092, 9240, , 26742, 25000, 27651, 27651, 0, 
23, 1, 1, 21, -1, 559, 168, 17.6, 38, P4, -6, 27356, 70578, 2580, , 27356, 25000, 27673, 27713, 0, 
24, 1, 9, 13, -1, 321, 231, 23.6, 53, ABplap, 393, 27150, 187768, 6916, , 27150, 25000, 27068, 27109, 0, 
25, 0, 13, -1, -1, 364, 299, 10.0, 28, , 228, -161, 31629, 1128, , 28040, 25000, 28201, 28201, 0, 
26, 1, 3, 23, -1, 285, 317, 10.6, 43, ABarap, 265, 26559, 101560, 3824, , 26559, 25000, 28194, 28267, 0, 
27, 1, 15, 4, -1, 410, 150, 20.9, 48, ABplpp, 356, 26975, 140917, 5224, , 26975, 25000, 27555, 27581, 0, 
28, 1, 2, 26, -1, 222, 169, 18.0, 49, ABalpp, 0, 26702, 151242, 5664, , 26702, 25000, 27950, 27941, 0, 
