1, 1, 5, 24, -1, 436, 156, 21.7, 53, ABplpp, 512, 27499, 190070, 6912, , 27499, 25000, 27892, 27892, 0, 
2, 1, 22, 4, -1, 189, 324, 19.8, 50, ABalap, -145, 26867, 156691, 5832, , 26867, 25000, 27766, 27761, 0, 
3, 1, 25, 19, -1, 218, 309, 9.8, 49, ABaraa, 43, 27131, 149005, 5492, , 27131, 25000, 28877, 28882, 0, 
4, 1, 15, 16, -1, 491, 170, 12.5, 53, Ep, 510, 26516, 186882, 7048, , 26516, 25000, 28821, 28879, 0, 
5, 1, 14, 13, -1, 477, 348, 15.0, 53, ABprap, 530, 26743, 190728, 7132, , 26743, 25000, 27830, 27830, 0, 
6, 0, 13, -1, -1, 86, 260, 17.6, 37, , 97, 629, 63735, 2328, , 27378, 25000, 26723, 26749, 0, 
7, 1, 7, 5, -1, 130, 297, 16.6, 45, ABalaa, 449, 26779, 116542, 4352, , 26779, 25000, 27460, 27460, 0, 
8, 1, 4, 1, -1, 263, 202, 11.1, 58, MSa, 589, 26373, 243687, 9240, , 26373, 25000, 28884, 28884, 0, 
9, 1, 2, 17, -1, 552, 157, 11.9, 42, P4, 215, 26741, 88995, 3328, , 26741, 25000, 28419, 28434, 0, 
10, 1, 6, 20, -1, 528, 291, 21.6, 56, Cp, 308, 26661, 218941, 8212, , 26661, 25000, 27677, 27677, 0, 
11, 1, 19, 21, -1, 565, 190, 20.1, 48, D, 457, 27048, 141297, 5224, , 27048, 25000, 28707, 28707, 0, 
12, 1, 1, 2, -1, 543, 265, 11.3, 50, ABprpp, 506, 27244, 159543, 5856, , 27244, 25000, 28649, 28649, 0, 
13, 1, 20, 15, -1, 464, 291, 7.8, 48, ABprpa, 249, 27419, 140822, 5136, , 27419, 25000, 29930, 29930, 0, 
14, 1, 8, 6, -1, 417, 158, 11.8, 53, Ea, 528, 26992, 188838, 6996, , 26992, 25000, 29137, 29168, 0, 
15, 1, 9, 9, -1, 163, 194, 15.4, 53, ABalpa, 535, 27017, 186853, 6916, , 27017, 25000, 27942, 27942, 0, 
16, 1, 12, 26, -1, 342, 226, 23.8, 55, ABplap, 143, 27336, 215628, 7888, , 27336, 25000, 27189, 27189, 0, 
17, 1, 21, 23, -1, 247, 239, 23.7, 55, ABplaa, 526, 26495, 203057, 7664, , 26495, 25000, 27465, 27465, 0, 
18, 1, 16, 11, -1, 359, 240, 9.9, 56, MSp, 551, 26715, 222055, 8312, , 26715, 25000, 28822, 28822, 0, 
19, 1, 18, 18, -1, 283, 373, 20.4, 55, ABarpa, 521, 27044, 210940, 7800, , 27044, 25000, 27608, 27608, 0, 
20, 1, 23, 25, -1, 235, 161, 20.9, 53, ABalpp, 533, 26550, 192756, 7260, , 26550, 25000, 27988, 27988, 0, 
21, 1, 10, 10, -1, 428, 274, 22.7, 57, Ca, 559, 26608, 230855, 8676, , 26608, 25000, 27408, 27406, 0, 
22, 1, 11, 12, -1, 374, 372, 11.8, 52, ABpraa, 457, 26632, 176518, 6628, , 26632, 25000, 28415, 28415, 0, 
23, 1, 24, 8, -1, 376, 337, 21.6, 54, ABarpp, 470, 26715, 194056, 7264, , 26715, 25000, 27478, 27482, 0, 
24, 0, 26, -1, -1, 85, 260, 14.5, 33, , 487, 490, 43379, 1624, , 26711, 25000, 26221, 26221, 0, 
25, 1, 17, 22, -1, 289, 328, 10.0, 49, ABarap, 498, 26901, 152369, 5664, , 26901, 25000, 28826, 28819, 0, 
26, 1, 3, 7, -1, 339, 136, 19.8, 52, ABplpa, 523, 27212, 180362, 6628, , 27212, 25000, 27988, 27988, 0, 
27, 0, 28, -1, -1, 364, 326, 12.7, 27, , 378, -186, 25699, 924, , 27813, 25000, 27908, 27999, 0, 
28, 0, 27, -1, -1, 114, 177, 23.4, 41, , 361, 957, 89301, 3244, , 27528, 25000, 26571, 26571, 0, 
