1, 1, 8, 26, -1, 253, 199, 11.7, 58, MSa, -134, 26522, 244960, 9236, , 26522, 25000, 28658, 28658, 0, 
2, 1, 12, 17, -1, 552, 263, 11.8, 49, ABprpp, 473, 26937, 147940, 5492, , 26937, 25000, 28102, 28102, 0, 
3, 0, 6, -1, -1, 88, 261, 17.7, 38, , 330, 1219, 70051, 2496, , 28065, 25000, 26956, 26846, 0, 
4, 1, 2, 16, -1, 200, 339, 19.7, 50, ABalap, 448, 26893, 157485, 5856, , 26893, 25000, 27652, 27652, 0, 
5, 1, 7, 13, -1, 127, 298, 16.4, 46, ABalaa, -22, 26744, 128905, 4820, , 26744, 25000, 27408, 27408, 0, 
6, 1, 14, 2, -1, 417, 152, 12.1, 54, Ea, 225, 26618, 202296, 7600, , 26618, 25000, 29430, 29431, 0, 
7, 1, 26, 20, -1, 329, 138, 19.5, 53, ABplpa, 481, 27185, 191600, 7048, , 27185, 25000, 27913, 27913, 0, 
8, 1, 23, 23, -1, 387, 346, 21.6, 54, ABarpp, 211, 26918, 195534, 7264, , 26918, 25000, 27609, 27615, 0, 
9, 1, 15, 27, -1, 153, 195, 15.9, 51, ABalpa, 500, 26847, 163768, 6100, , 26847, 25000, 28085, 28085, 0, 
10, 1, 21, 12, -1, 429, 277, 22.4, 56, Ca, 541, 26630, 218684, 8212, , 26630, 25000, 27359, 27359, 0, 
11, 1, 18, 9, -1, 357, 238, 9.8, 56, MSp, 546, 26826, 231236, 8620, , 26826, 25000, 28821, 28821, 0, 
12, 1, 22, 15, -1, 366, 366, 10.7, 51, ABpraa, 57, 26373, 160557, 6088, , 26373, 25000, 28173, 28173, 0, 
13, 1, 5, 7, -1, 480, 354, 15.0, 51, ABprap, 503, 26930, 176016, 6536, , 26930, 25000, 27700, 27700, 0, 
14, 0, 27, -1, -1, 367, 323, 13.6, 28, , 219, 1058, 28750, 988, , 29099, 25000, 28041, 28041, 0, 
15, 1, 13, 21, -1, 457, 288, 7.4, 50, ABprpa, 315, 27617, 167471, 6064, , 27617, 25000, 29966, 29966, 0, 
16, 1, 4, 6, -1, 492, 178, 13.3, 54, Ep, 467, 27212, 203112, 7464, , 27212, 25000, 28606, 28652, 0, 
17, 1, 9, 4, -1, 551, 160, 11.7, 44, P4, 454, 26292, 110952, 4220, , 26292, 25000, 28279, 28303, 0, 
18, 1, 19, 22, -1, 274, 374, 19.8, 54, ABarpa, 543, 26627, 195337, 7336, , 26627, 25000, 27672, 27673, 0, 
19, 1, 3, 1, -1, 207, 303, 9.7, 49, ABaraa, 497, 27299, 151348, 5544, , 27299, 25000, 28951, 28951, 0, 
20, 1, 10, 8, -1, 533, 297, 21.2, 55, Cp, 547, 26596, 209790, 7888, , 26596, 25000, 27846, 27846, 0, 
21, 1, 11, 10, -1, 574, 197, 20.9, 51, D, 307, 26891, 164037, 6100, , 26891, 25000, 28158, 28158, 0, 
22, 1, 25, 5, -1, 295, 332, 9.4, 50, ABarap, 39, 27168, 164744, 6064, , 27168, 25000, 29033, 29034, 0, 
23, 1, 17, 3, -1, 245, 249, 24.0, 56, ABplaa, 552, 26970, 230648, 8552, , 26970, 25000, 27387, 27387, 0, 
24, 1, 1, 14, -1, 448, 161, 22.3, 55, ABplpp, 548, 27285, 209114, 7664, , 27285, 25000, 27929, 27929, 0, 
25, 1, 20, 25, -1, 245, 153, 22.0, 55, ABalpp, 544, 26886, 216375, 8048, , 26886, 25000, 27641, 27641, 0, 
26, 1, 16, 18, -1, 351, 227, 24.3, 55, ABplap, 546, 27117, 207826, 7664, , 27117, 25000, 27211, 27211, 0, 
27, 0, 24, -1, -1, 86, 260, 14.6, 33, , 176, 1243, 45828, 1640, , 27944, 25000, 26701, 26701, 0, 
28, 0, 28, -1, -1, 108, 178, 22.6, 34, , 392, 1539, 49167, 1780, , 27622, 25000, 26083, 26083, 0, 
