1, 1, 19, 26, -1, 202, 295, 9.8, 50, ABaraa, 201, 26741, 155951, 5832, , 26741, 25000, 28759, 28759, 0, 
2, 1, 6, 4, -1, 419, 144, 12.5, 55, Ea, 549, 26443, 202022, 7640, , 26443, 25000, 29453, 29457, 0, 
3, 1, 23, 14, -1, 244, 266, 24.1, 55, ABplaa, 543, 26602, 216326, 8132, , 26602, 25000, 27475, 27475, 0, 
4, 1, 17, 11, -1, 553, 155, 12.1, 42, P4, 373, 26469, 88090, 3328, , 26469, 25000, 28534, 28542, 0, 
5, 1, 22, 2, -1, 294, 334, 9.1, 50, ABarap, 401, 26928, 160598, 5964, , 26928, 25000, 29376, 29378, 0, 
6, 1, 16, 9, -1, 496, 171, 14.5, 55, Ep, -137, 27268, 208329, 7640, , 27268, 25000, 28777, 28798, 0, 
7, 1, 13, 19, -1, 480, 362, 14.1, 51, ABprap, 508, 26736, 163089, 6100, , 26736, 25000, 27964, 27964, 0, 
8, 1, 20, 7, -1, 523, 293, 20.7, 57, Cp, 438, 26854, 232985, 8676, , 26854, 25000, 27924, 27924, 0, 
9, 1, 11, 27, -1, 353, 239, 10.0, 56, MSp, 432, 26930, 230304, 8552, , 26930, 25000, 28974, 28974, 0, 
10, 1, 21, 6, -1, 574, 200, 21.2, 51, D, 12, 27131, 170274, 6276, , 27131, 25000, 28173, 28173, 0, 
11, 0, 14, -1, -1, 369, 319, 14.0, 28, , 258, -299, 31101, 1128, , 27572, 25000, 27871, 27871, 0, 
12, 1, 10, 18, -1, 424, 283, 22.7, 57, Ca, 575, 26954, 233857, 8676, , 26954, 25000, 27535, 27532, 0, 
13, 1, 5, 3, -1, 128, 285, 15.5, 48, ABalaa, 420, 26509, 136573, 5152, , 26509, 25000, 27874, 27874, 0, 
14, 1, 24, 12, -1, 459, 165, 23.2, 54, ABplpp, 531, 27419, 201147, 7336, , 27419, 25000, 27701, 27701, 0, 
15, 1, 12, 5, -1, 366, 362, 10.0, 50, ABpraa, 482, 26957, 156352, 5800, , 26957, 25000, 28592, 28593, 0, 
16, 1, 4, 23, -1, 195, 341, 19.9, 50, ABalap, 137, 26898, 160419, 5964, , 26898, 25000, 28095, 28102, 0, 
17, 1, 2, 10, -1, 567, 263, 11.7, 49, ABprpp, 495, 26811, 148639, 5544, , 26811, 25000, 28206, 28206, 0, 
18, 1, 26, 20, -1, 353, 237, 24.5, 54, ABplap, 58, 26745, 188499, 7048, , 26745, 25000, 27243, 27243, 0, 
19, 0, 28, -1, -1, 114, 177, 24.4, 37, , 317, 64, 63237, 2328, , 27164, 25000, 27100, 27100, 0, 
20, 1, 7, 21, -1, 332, 151, 19.9, 51, ABplpa, 434, 27068, 165113, 6100, , 27068, 25000, 27987, 27987, 0, 
21, 1, 15, 17, -1, 454, 283, 7.4, 50, ABprpa, 499, 27473, 166598, 6064, , 27473, 25000, 30083, 30083, 0, 
22, 1, 18, 13, -1, 265, 367, 19.0, 52, ABarpa, 470, 27093, 184668, 6816, , 27093, 25000, 27739, 27748, 0, 
23, 1, 8, 8, -1, 383, 358, 21.3, 54, ABarpp, 63, 27617, 206133, 7464, , 27617, 25000, 27720, 27720, 0, 
24, 0, 3, -1, -1, 86, 260, 17.7, 37, , 349, 523, 64816, 2380, , 27234, 25000, 26728, 26711, 0, 
25, 1, 25, 1, -1, 254, 154, 22.8, 55, ABalpp, 504, 27006, 213023, 7888, , 27006, 25000, 27866, 27866, 0, 
26, 1, 1, 16, 22, 247, 194, 11.6, 59, MSa, 132, 26731, 259821, 9720, , 26731, 25000, 28800, 28800, 0, 
27, 1, 9, 25, -1, 152, 191, 16.7, 50, ABalpa, 474, 26523, 155321, 5856, , 26523, 25000, 28088, 28088, 0, 
28, 0, 27, -1, -1, 86, 259, 14.6, 33, , 174, 790, 44615, 1640, , 27204, 25000, 26499, 26414, 0, 
