1, 1, 25, 5, -1, 254, 160, 23.4, 53, ABalpp, 534, 26584, 183855, 6916, , 26584, 25000, 27679, 27679, 0, 
2, 1, 5, 9, -1, 298, 335, 8.8, 50, ABarap, 159, 27312, 159281, 5832, , 27312, 25000, 29535, 29535, 0, 
3, 1, 13, 19, -1, 129, 280, 14.8, 47, ABalaa, 24, 26385, 125696, 4764, , 26385, 25000, 27817, 27817, 0, 
4, 1, 2, 18, -1, 420, 150, 13.0, 55, Ea, 439, 26635, 214356, 8048, , 26635, 25000, 29173, 29184, 0, 
5, 1, 15, 11, -1, 372, 361, 10.0, 51, ABpraa, 491, 26728, 174693, 6536, , 26728, 25000, 28572, 28574, 0, 
6, 1, 10, 4, -1, 570, 203, 20.9, 49, D, 478, 26853, 143182, 5332, , 26853, 25000, 28390, 28390, 0, 
7, 1, 8, 16, -1, 522, 285, 20.6, 58, Cp, 565, 26907, 242163, 9000, , 26907, 25000, 27964, 27964, 0, 
8, 1, 23, 22, -1, 395, 358, 21.2, 55, ABarpp, 535, 26733, 210871, 7888, , 26733, 25000, 27704, 27704, 0, 
9, 1, 6, 13, -1, 494, 173, 14.5, 54, Ep, 358, 26702, 188197, 7048, , 26702, 25000, 28763, 28805, 0, 
10, 1, 17, 17, -1, 560, 270, 11.5, 51, ABprpp, -142, 26906, 166818, 6200, , 26906, 25000, 28220, 28220, 0, 
11, 1, 4, 3, -1, 556, 158, 12.6, 42, P4, -131, 27324, 100007, 3660, , 27324, 25000, 28478, 28513, 0, 
12, 1, 14, 1, -1, 452, 162, 23.3, 55, ABplpp, 550, 27003, 206952, 7664, , 27003, 25000, 27721, 27721, 0, 
13, 1, 22, 27, -1, 266, 361, 19.7, 52, ABarpa, 527, 26861, 180826, 6732, , 26861, 25000, 27838, 27842, 0, 
14, 1, 3, 24, -1, 241, 265, 24.3, 55, ABplaa, 495, 27407, 210046, 7664, , 27407, 25000, 27631, 27631, 0, 
15, 0, 11, -1, -1, 363, 318, 13.1, 25, , 220, -585, 18905, 688, , 27478, 25000, 28063, 28063, 0, 
16, 1, 26, 25, -1, 268, 186, 13.0, 45, MSap, 236, 27054, 116226, 4296, , 27054, 25000, 28303, 28395, 0, 
17, 1, 21, 26, -1, 452, 293, 7.7, 50, ABprpa, 489, 26844, 157197, 5856, , 26844, 25000, 29988, 29988, 0, 
18, 1, 12, 7, -1, 424, 275, 22.2, 58, Ca, 544, 26658, 251975, 9452, , 26658, 25000, 27317, 27322, 0, 
19, 1, 7, 14, -1, 483, 372, 14.3, 52, ABprap, 514, 26218, 176502, 6732, , 26218, 25000, 28171, 28171, 0, 
20, 1, 18, 6, -1, 354, 251, 24.9, 53, ABplap, 117, 26357, 191350, 7260, , 26357, 25000, 27203, 27172, 0, 
21, 1, 20, 21, -1, 330, 144, 20.5, 53, ABplpa, 504, 26906, 189630, 7048, , 26906, 25000, 27702, 27702, 0, 
22, 1, 26, 28, -1, 228, 197, 11.6, 46, MSaa, 319, 27480, 132452, 4820, , 27480, 25000, 28433, 28544, 0, 
23, 1, 16, 2, -1, 195, 339, 20.4, 51, ABalap, 461, 27099, 168991, 6236, , 27099, 25000, 27756, 27762, 0, 
24, 0, 24, -1, -1, 87, 261, 17.7, 36, , 341, -496, 58995, 2216, , 26622, 25000, 27095, 27118, 0, 
25, 1, 27, 15, -1, 151, 195, 17.0, 52, ABalpa, 495, 26803, 182686, 6816, , 26803, 25000, 28001, 28001, 0, 
26, 1, 1, 8, -1, 202, 300, 9.7, 50, ABaraa, 502, 27095, 158668, 5856, , 27095, 25000, 28752, 28752, 0, 
27, 1, 9, 10, 12, 359, 231, 10.4, 46, MSp, 297, 26975, 130019, 4820, , 26975, 25000, 28355, 28355, 0, 
28, 0, 19, -1, -1, 112, 179, 24.3, 41, , 68, 920, 91344, 3312, , 27580, 25000, 26660, 26660, 0, 
29, 0, 28, -1, -1, 86, 261, 14.6, 35, , 178, -218, 50732, 1932, , 26259, 25000, 26385, 26477, 0, 
