1, 1, 12, 7, -1, 451, 162, 23.3, 55, ABplpp, 552, 27123, 207871, 7664, , 27123, 25000, 27757, 27757, 0, 
2, 1, 23, 19, -1, 203, 332, 20.3, 50, ABalap, 484, 26953, 157837, 5856, , 26953, 25000, 27668, 27671, 0, 
3, 1, 11, 8, -1, 555, 155, 12.4, 41, P4, 389, 26644, 86432, 3244, , 26644, 25000, 28495, 28511, 0, 
4, 1, 6, 5, -1, 565, 197, 20.4, 50, D, 481, 27176, 164794, 6064, , 27176, 25000, 28333, 28333, 0, 
5, 1, 1, 20, -1, 245, 160, 23.2, 53, ABalpp, 530, 27156, 189981, 6996, , 27156, 25000, 27923, 27923, 0, 
6, 1, 20, 2, -1, 348, 246, 24.7, 57, ABplap, 565, 26821, 232699, 8676, , 26821, 25000, 27302, 27305, 0, 
7, 1, 18, 15, -1, 421, 271, 21.6, 57, Ca, -296, 26836, 230572, 8592, , 26836, 25000, 27808, 27811, 0, 
8, 1, 26, 13, -1, 198, 301, 9.7, 50, ABaraa, -196, 26824, 157080, 5856, , 26824, 25000, 28849, 28849, 0, 
9, 1, 2, 10, -1, 305, 336, 9.0, 51, ABarap, 461, 27323, 178580, 6536, , 27323, 25000, 29342, 29353, 0, 
10, 1, 27, 28, -1, 392, 237, 9.6, 40, MSpp, 231, 27656, 84185, 3044, , 27656, 25000, 28743, 28745, 0, 
11, 1, 5, 23, -1, 379, 357, 9.3, 52, ABpraa, -113, 26742, 180024, 6732, , 26742, 25000, 29007, 29016, 0, 
12, 1, 27, 11, -1, 332, 236, 9.5, 39, MSpa, 215, 27524, 79268, 2880, , 27524, 25000, 29019, 29007, 0, 
13, 1, 9, 17, -1, 495, 172, 14.6, 54, Ep, -109, 26609, 193287, 7264, , 26609, 25000, 28766, 28788, 0, 
14, 1, 19, 9, -1, 486, 371, 14.8, 53, ABprap, 513, 26623, 186254, 6996, , 26623, 25000, 28102, 28102, 0, 
15, 1, 25, 14, -1, 151, 211, 17.9, 51, ABalpa, 486, 26406, 161077, 6100, , 26406, 25000, 28106, 28106, 0, 
16, 1, 7, 3, -1, 520, 276, 21.2, 56, Cp, 563, 26789, 230920, 8620, , 26789, 25000, 27560, 27560, 0, 
17, 1, 10, 1, -1, 565, 272, 12.0, 50, ABprpp, -172, 26753, 155168, 5800, , 26753, 25000, 28326, 28326, 0, 
18, 1, 4, 21, -1, 416, 153, 12.2, 56, Ea, 341, 27381, 236025, 8620, , 27381, 25000, 29415, 29418, 0, 
19, 1, 3, 4, -1, 131, 298, 15.4, 47, ABalaa, 50, 26558, 134492, 5064, , 26558, 25000, 27736, 27736, 0, 
20, 0, 15, -1, -1, 369, 308, 12.1, 28, , 197, -711, 30311, 1088, , 27859, 25000, 28570, 28570, 0, 
21, 1, 21, 12, -1, 335, 141, 21.2, 52, ABplpa, 514, 27171, 180088, 6628, , 27171, 25000, 27788, 27788, 0, 
22, 1, 8, 6, -1, 397, 362, 21.3, 55, ABarpp, 553, 26404, 202364, 7664, , 26404, 25000, 27750, 27750, 0, 
23, 0, 24, -1, -1, 87, 260, 17.6, 36, , 323, 708, 58001, 2112, , 27463, 25000, 26878, 26755, 0, 
24, 1, 14, 16, -1, 246, 266, 24.0, 56, ABplaa, 566, 26561, 227147, 8552, , 26561, 25000, 27398, 27398, 0, 
25, 1, 16, 22, -1, 280, 171, 13.5, 43, MSap, 320, 28035, 112813, 4024, , 28035, 25000, 28623, 28635, 0, 
26, 1, 17, 18, -1, 460, 301, 7.8, 50, ABprpa, 500, 27515, 160470, 5832, , 27515, 25000, 29990, 29990, 0, 
27, 1, 13, 26, -1, 275, 358, 19.6, 54, ABarpa, 499, 26891, 195333, 7264, , 26891, 25000, 27791, 27805, 0, 
28, 1, 22, 25, -1, 219, 190, 12.0, 48, MSaa, 340, 27597, 140968, 5108, , 27597, 25000, 28860, 28860, 0, 
29, 0, 29, -1, -1, 86, 259, 14.6, 33, , 178, 975, 45071, 1640, , 27482, 25000, 26507, 26507, 0, 
30, 0, 28, -1, -1, 115, 180, 24.6, 43, , 432, 100, 103513, 3824, , 27069, 25000, 26969, 26969, 0, 
