1, 1, 3, 19, -1, 560, 281, 11.4, 51, ABprpp, 515, 26594, 165840, 6236, , 26594, 25000, 28670, 28670, 0, 
2, 1, 19, 20, 26, 407, 279, 20.8, 56, Ca, 415, 27051, 233177, 8620, , 27051, 25000, 27651, 27651, 0, 
3, 1, 2, 11, -1, 485, 180, 13.7, 54, Ep, -433, 26749, 199656, 7464, , 26749, 25000, 28687, 28695, 0, 
4, 1, 8, 24, -1, 472, 317, 7.8, 50, ABprpa, 500, 27384, 159702, 5832, , 27384, 25000, 30824, 30824, 0, 
5, 0, 11, -1, -1, 86, 262, 17.6, 38, , -198, 660, 70849, 2580, , 27461, 25000, 26815, 26801, 0, 
6, 1, 26, 16, -1, 267, 356, 21.6, 54, ABarpa, 545, 26939, 195684, 7264, , 26939, 25000, 27758, 27758, 0, 
7, 1, 28, 7, -1, 441, 173, 23.8, 55, ABplpp, 535, 26774, 211197, 7888, , 26774, 25000, 27697, 27697, 0, 
8, 1, 16, 13, -1, 372, 375, 11.6, 52, ABpraa, 519, 26615, 176299, 6624, , 26615, 25000, 28116, 28116, 0, 
9, 1, 9, 28, -1, 326, 230, 25.0, 56, ABplap, 541, 27000, 230903, 8552, , 27000, 25000, 27376, 27376, 0, 
10, 1, 5, 2, -1, 200, 310, 10.7, 50, ABaraa, 151, 26727, 156514, 5856, , 26727, 25000, 28618, 28618, 0, 
11, 1, 7, 10, -1, 132, 286, 16.1, 49, ABalaa, 445, 26622, 141946, 5332, , 26622, 25000, 27578, 27578, 0, 
12, 1, 24, 17, -1, 241, 151, 19.9, 52, ABalpp, 510, 27069, 181256, 6696, , 27069, 25000, 28026, 28026, 0, 
13, 1, 29, 1, -1, 331, 142, 20.0, 52, ABplpa, 512, 27151, 185059, 6816, , 27151, 25000, 27849, 27849, 0, 
14, 1, 18, 9, -1, 321, 141, 12.0, 47, MSap, 463, 26635, 133496, 5012, , 26635, 25000, 28255, 28255, 0, 
15, 1, 25, 12, -1, 223, 204, 9.2, 50, MSaa, 461, 27610, 161019, 5832, , 27610, 25000, 29980, 29980, 0, 
16, 1, 6, 4, -1, 474, 370, 15.1, 50, ABprap, 507, 27146, 161899, 5964, , 27146, 25000, 28183, 28183, 0, 
17, 1, 21, 29, -1, 308, 260, 10.2, 47, MSpa, 477, 27243, 129784, 4764, , 27243, 25000, 28676, 28676, 0, 
18, 1, 4, 22, -1, 540, 144, 12.1, 42, P4, 344, 26100, 86860, 3328, , 26100, 25000, 28442, 28451, 0, 
19, 0, 20, -1, -1, 85, 262, 14.8, 33, , 262, -4, 45783, 1744, , 26252, 25000, 26307, 26256, 0, 
20, 1, 1, 15, -1, 407, 204, 13.7, 53, Ea, 149, 27768, 191930, 6912, , 27768, 25000, 29063, 29068, 0, 
21, 1, 12, 8, -1, 383, 373, 21.1, 55, ABarpp, 539, 27009, 219636, 8132, , 27009, 25000, 27869, 27869, 0, 
22, 1, 23, 18, 25, 519, 287, 20.7, 55, Cp, 406, 27201, 208465, 7664, , 27201, 25000, 27900, 27900, 0, 
23, 0, 27, -1, -1, 368, 324, 13.4, 26, , 208, 1667, 24003, 832, , 28850, 25000, 27179, 27183, 0, 
24, 1, 17, 3, -1, 161, 202, 16.2, 51, ABalpa, 497, 26557, 166671, 6276, , 26557, 25000, 28223, 28223, 0, 
25, 1, 14, 5, -1, 555, 182, 19.6, 49, D, 786, 27099, 152947, 5644, , 27099, 25000, 28342, 28342, 0, 
26, 1, 15, 14, -1, 191, 314, 20.9, 51, ABalap, -13, 27556, 168090, 6100, , 27556, 25000, 28007, 28007, 0, 
27, 1, 10, 27, -1, 403, 273, 7.4, 46, MSpp, 266, 27828, 134129, 4820, , 27828, 25000, 30535, 30535, 0, 
28, 1, 13, 6, -1, 288, 345, 9.2, 49, ABarap, 476, 26545, 145785, 5492, , 26545, 25000, 29164, 29164, 0, 
29, 1, 22, 31, -1, 231, 241, 24.6, 54, ABplaa, 542, 27028, 196332, 7264, , 27028, 25000, 27886, 27886, 0, 
30, 0, 30, -1, -1, 111, 180, 23.5, 41, , 76, 113, 91975, 3424, , 26862, 25000, 26749, 26749, 0, 
