1, 1, 13, 25, -1, 338, 139, 19.9, 52, ABplpa, 513, 26616, 178224, 6696, , 26616, 25000, 27935, 27935, 0, 
2, 1, 10, 2, -1, 205, 310, 10.5, 50, ABaraa, 173, 26311, 154076, 5856, , 26311, 25000, 28762, 28762, 0, 
3, 1, 24, 16, -1, 162, 195, 16.2, 51, ABalpa, 518, 26852, 168523, 6276, , 26852, 25000, 28203, 28203, 0, 
4, 1, 16, 12, -1, 479, 370, 14.9, 51, ABprap, 502, 27125, 165461, 6100, , 27125, 25000, 28005, 28005, 0, 
5, 1, 25, 8, -1, 553, 174, 18.9, 50, D, -276, 27527, 164169, 5964, , 27527, 25000, 28808, 28808, 0, 
6, 1, 28, 13, -1, 292, 334, 9.1, 50, ABarap, 500, 26749, 159530, 5964, , 26749, 25000, 29715, 29715, 0, 
7, 1, 7, 9, -1, 439, 167, 23.7, 55, ABplpp, 527, 26931, 206403, 7664, , 26931, 25000, 27405, 27405, 0, 
8, 1, 21, 15, -1, 376, 374, 20.6, 55, ABarpp, 521, 27323, 213120, 7800, , 27323, 25000, 27857, 27857, 0, 
9, 1, 14, 23, -1, 320, 148, 12.7, 47, MSap, 12, 27312, 134702, 4932, , 27312, 25000, 28688, 28688, 0, 
10, 1, 11, 22, -1, 133, 278, 16.1, 48, ABalaa, -133, 26693, 139443, 5224, , 26693, 25000, 27959, 27959, 0, 
11, 1, 3, 17, -1, 487, 184, 14.0, 54, Ep, 187, 26990, 207178, 7676, , 26990, 25000, 28612, 28620, 0, 
12, 1, 15, 1, -1, 225, 207, 9.6, 49, MSaa, 479, 26959, 152159, 5644, , 26959, 25000, 29493, 29493, 0, 
13, 1, 8, 3, -1, 375, 364, 11.0, 53, ABpraa, 482, 26907, 191899, 7132, , 26907, 25000, 28624, 28624, 0, 
14, 1, 26, 7, -1, 189, 310, 20.5, 50, ABalap, 506, 27219, 159397, 5856, , 27219, 25000, 28080, 28080, 0, 
15, 1, 20, 5, -1, 409, 207, 12.9, 54, Ea, -344, 26439, 200937, 7600, , 26439, 25000, 29271, 29272, 0, 
16, 1, 6, 11, -1, 270, 355, 21.2, 55, ABarpa, 530, 26736, 210897, 7888, , 26736, 25000, 28018, 28018, 0, 
17, 1, 12, 6, -1, 240, 150, 20.1, 52, ABalpp, 523, 26583, 177998, 6696, , 26583, 25000, 28070, 28070, 0, 
18, 1, 22, 19, -1, 517, 311, 21.7, 45, Cpa, 365, 27454, 117611, 4284, , 27454, 25000, 27734, 27769, 0, 
19, 1, 1, 18, -1, 570, 278, 12.1, 50, ABprpp, 96, 26216, 156352, 5964, , 26216, 25000, 28429, 28429, 0, 
20, 1, 2, 10, -1, 398, 293, 21.9, 47, Caa, 346, 26654, 124529, 4672, , 26654, 25000, 27451, 27470, 0, 
21, 0, 5, -1, -1, 87, 261, 18.1, 37, , 100, 1503, 68073, 2448, , 27808, 25000, 26447, 26305, 0, 
22, 1, 18, 26, -1, 538, 142, 12.0, 44, P4, 382, 26686, 100766, 3776, , 26686, 25000, 28250, 28274, 0, 
23, 0, 23, -1, -1, 368, 325, 13.6, 29, , 336, 878, 32492, 1156, , 28107, 25000, 27137, 27229, 0, 
24, 1, 4, 27, -1, 487, 311, 8.0, 50, ABprpa, 488, 26923, 156154, 5800, , 26923, 25000, 30774, 30774, 0, 
25, 1, 22, 4, -1, 531, 257, 21.0, 45, Cpp, -34, 26589, 114228, 4296, , 26589, 25000, 27551, 27559, 0, 
26, 1, 2, 29, -1, 429, 257, 21.0, 46, Cap, 308, 27467, 121294, 4416, , 27467, 25000, 27640, 27716, 0, 
27, 1, 27, 24, -1, 416, 270, 7.2, 47, MSpp, 474, 27647, 131711, 4764, , 27647, 25000, 30531, 30531, 0, 
28, 1, 9, 28, -1, 332, 234, 24.9, 56, ABplap, -169, 26722, 222116, 8312, , 26722, 25000, 27370, 27370, 0, 
29, 1, 17, 20, -1, 312, 260, 10.8, 47, MSpa, 443, 27012, 128687, 4764, , 27012, 25000, 28459, 28459, 0, 
30, 0, 19, -1, -1, 86, 261, 14.7, 33, , 283, 868, 47642, 1736, , 27444, 25000, 26589, 26576, 0, 
31, 1, 29, 21, -1, 229, 246, 25.0, 54, ABplaa, 528, 27270, 209324, 7676, , 27270, 25000, 27685, 27685, 0, 
32, 0, 30, -1, -1, 108, 189, 24.5, 40, , 128, 138, 80789, 3016, , 26787, 25000, 26649, 26649, 0, 
