1, 1, 12, 28, -1, 218, 211, 9.4, 49, MSaa, 450, 27184, 153428, 5644, , 27184, 25000, 29576, 29576, 0, 
2, 1, 2, 3, -1, 201, 318, 10.3, 50, ABaraa, 486, 26620, 155884, 5856, , 26620, 25000, 28555, 28555, 0, 
3, 1, 13, 1, -1, 375, 366, 10.7, 52, ABpraa, -228, 26513, 178486, 6732, , 26513, 25000, 28490, 28490, 0, 
4, 1, 25, 16, -1, 544, 247, 20.9, 46, Cpp, 345, 26931, 119574, 4440, , 26931, 25000, 27772, 27772, 0, 
5, 1, 15, 6, -1, 398, 217, 13.3, 53, Ea, 419, 26436, 182725, 6912, , 26436, 25000, 29189, 29189, 0, 
6, 1, 17, 21, -1, 244, 150, 19.9, 51, ABalpp, 495, 26789, 163412, 6100, , 26789, 25000, 28373, 28373, 0, 
7, 1, 14, 5, -1, 182, 319, 20.5, 51, ABalap, 493, 26901, 166787, 6200, , 26901, 25000, 28220, 28220, 0, 
8, 1, 5, 4, -1, 547, 161, 18.6, 49, D, 475, 26711, 150755, 5644, , 26711, 25000, 28601, 28601, 0, 
9, 1, 7, 22, -1, 434, 151, 23.0, 53, ABplpp, 537, 27624, 197015, 7132, , 27624, 25000, 27505, 27505, 0, 
10, 1, 20, 23, -1, 399, 293, 21.8, 47, Caa, 381, 27056, 128893, 4764, , 27056, 25000, 27653, 27669, 0, 
11, 1, 16, 18, -1, 267, 357, 21.3, 55, ABarpa, 167, 26789, 205309, 7664, , 26789, 25000, 27776, 27776, 0, 
12, 1, 4, 13, -1, 480, 366, 14.1, 52, ABprap, 160, 26822, 179598, 6696, , 26822, 25000, 28176, 28176, 0, 
13, 1, 6, 29, -1, 292, 334, 9.0, 49, ABarap, 495, 26797, 151777, 5664, , 26797, 25000, 29556, 29556, 0, 
14, 0, 21, -1, -1, 86, 263, 18.1, 37, , 33, 337, 66007, 2448, , 26964, 25000, 26708, 26627, 0, 
15, 1, 8, 7, -1, 381, 377, 20.5, 56, ABarpp, 530, 27030, 209324, 7744, , 27030, 25000, 27869, 27869, 0, 
16, 1, 3, 27, -1, 160, 197, 15.7, 51, ABalpa, -113, 26942, 164024, 6088, , 26942, 25000, 28168, 28168, 0, 
17, 1, 11, 14, -1, 492, 203, 13.0, 53, Ep, -167, 27286, 194602, 7132, , 27286, 25000, 28635, 28654, 0, 
18, 1, 19, 17, -1, 568, 283, 12.5, 51, ABprpp, 495, 26579, 164790, 6200, , 26579, 25000, 28267, 28267, 0, 
19, 1, 18, 8, -1, 513, 316, 21.9, 46, Cpa, 324, 27145, 120526, 4440, , 27145, 25000, 28119, 28119, 0, 
20, 1, 29, 11, -1, 311, 261, 10.8, 48, MSpa, 464, 26528, 136249, 5136, , 26528, 25000, 28637, 28637, 0, 
21, 1, 31, 30, -1, 230, 244, 24.9, 54, ABplaa, 539, 26722, 203084, 7600, , 26722, 25000, 27508, 27508, 0, 
22, 1, 10, 9, -1, 133, 283, 15.7, 47, ABalaa, 463, 26397, 130189, 4932, , 26397, 25000, 28123, 28123, 0, 
23, 1, 9, 12, -1, 309, 147, 12.9, 48, MSap, 480, 26824, 140128, 5224, , 26824, 25000, 28457, 28457, 0, 
24, 1, 27, 19, -1, 405, 272, 7.2, 46, MSpp, 461, 27607, 126109, 4568, , 27607, 25000, 30655, 30655, 0, 
25, 1, 1, 20, -1, 329, 140, 20.0, 52, ABplpa, 459, 27344, 186377, 6816, , 27344, 25000, 27992, 27992, 0, 
26, 1, 22, 24, -1, 524, 143, 11.7, 43, P4, 400, 26918, 101964, 3788, , 26918, 25000, 28509, 28521, 0, 
27, 1, 24, 2, -1, 489, 304, 7.9, 49, ABprpa, 497, 27137, 144695, 5332, , 27137, 25000, 30311, 30311, 0, 
28, 1, 28, 26, -1, 332, 236, 24.6, 56, ABplap, 532, 26661, 218941, 8212, , 26661, 25000, 27375, 27375, 0, 
29, 1, 26, 25, -1, 443, 245, 20.9, 46, Cap, 318, 27043, 120073, 4440, , 27043, 25000, 27655, 27658, 0, 
30, 0, 23, -1, -1, 372, 332, 13.7, 30, , 204, 635, 37886, 1308, , 28965, 25000, 28105, 28330, 0, 
31, 0, 30, -1, -1, 84, 263, 14.6, 33, , 185, 387, 44280, 1640, , 27000, 25000, 26619, 26613, 0, 
32, 0, 32, -1, -1, 115, 174, 24.5, 38, , 105, 795, 70470, 2552, , 27614, 25000, 26819, 26819, 0, 
