1, 1, 3, 1, -1, 366, 366, 11.3, 53, ABpraa, 64, 26429, 182679, 6912, , 26429, 25000, 28312, 28312, 0, 
2, 1, 27, 19, -1, 491, 307, 8.0, 51, ABprpa, 509, 27900, 182356, 6536, , 27900, 25000, 30546, 30546, 0, 
3, 1, 2, 16, -1, 197, 315, 10.9, 49, ABaraa, 492, 26397, 140749, 5332, , 26397, 25000, 28251, 28251, 0, 
4, 1, 8, 8, -1, 551, 159, 18.1, 48, D, 182, 26916, 140610, 5224, , 26916, 25000, 28441, 28441, 0, 
5, 1, 7, 15, -1, 186, 311, 21.0, 52, ABalap, 514, 27223, 185551, 6816, , 27223, 25000, 27722, 27723, 0, 
6, 1, 5, 3, -1, 400, 230, 13.8, 54, Ea, 523, 27009, 198136, 7336, , 27009, 25000, 28649, 28649, 0, 
7, 1, 15, 21, -1, 377, 373, 20.2, 55, ABarpp, 550, 26617, 209955, 7888, , 26617, 25000, 27698, 27698, 0, 
8, 1, 19, 9, -1, 520, 312, 23.0, 51, Cpa, 499, 27197, 177757, 6536, , 27197, 25000, 27972, 27972, 0, 
9, 1, 22, 20, -1, 128, 280, 16.8, 52, ABalaa, 425, 26620, 176438, 6628, , 26620, 25000, 27864, 27861, 0, 
10, 0, 30, -1, -1, 358, 329, 14.2, 29, , 248, -1496, 29524, 1112, , 26550, 25000, 27959, 28046, 0, 
11, 1, 20, 17, -1, 309, 250, 10.7, 48, MSpa, 487, 27038, 143517, 5308, , 27038, 25000, 28392, 28392, 0, 
12, 1, 23, 29, -1, 311, 145, 12.7, 47, MSap, 438, 26972, 133025, 4932, , 26972, 25000, 28483, 28483, 0, 
13, 1, 12, 26, -1, 475, 367, 14.8, 51, ABprap, 510, 26881, 168704, 6276, , 26881, 25000, 28044, 28044, 0, 
14, 1, 17, 25, -1, 493, 206, 13.9, 53, Ep, 529, 26665, 193587, 7260, , 26665, 25000, 28634, 28634, 0, 
15, 0, 14, -1, -1, 87, 262, 17.7, 37, , 641, 883, 64723, 2380, , 27195, 25000, 26468, 26312, 0, 
16, 1, 4, 12, -1, 555, 233, 21.0, 47, Cpp, 451, 27051, 135579, 5012, , 27051, 25000, 27867, 27867, 0, 
17, 1, 18, 11, -1, 568, 286, 13.0, 49, ABprpp, 483, 26880, 152247, 5664, , 26880, 25000, 28270, 28270, 0, 
18, 1, 11, 10, -1, 275, 350, 21.9, 55, ABarpa, 551, 27204, 221221, 8132, , 27204, 25000, 27857, 27857, 0, 
19, 1, 24, 30, -1, 398, 276, 7.2, 47, MSpp, 97, 28377, 135186, 4764, , 28377, 25000, 30981, 30981, 0, 
20, 1, 25, 7, -1, 335, 144, 19.7, 51, ABplpa, 104, 26967, 164174, 6088, , 26967, 25000, 27820, 27820, 0, 
21, 1, 6, 5, -1, 243, 149, 19.4, 49, ABalpp, 206, 26585, 150043, 5644, , 26585, 25000, 27940, 27940, 0, 
22, 1, 9, 2, -1, 437, 145, 22.9, 53, ABplpp, 507, 26731, 194065, 7260, , 26731, 25000, 27371, 27371, 0, 
23, 1, 10, 27, -1, 409, 296, 22.4, 48, Caa, 457, 27467, 145573, 5300, , 27467, 25000, 27501, 27501, 0, 
24, 1, 26, 24, -1, 522, 140, 11.0, 43, P4, -70, 26788, 95578, 3568, , 26788, 25000, 28490, 28490, 0, 
25, 1, 29, 6, -1, 463, 240, 21.5, 47, Cap, 452, 27054, 139380, 5152, , 27054, 25000, 27716, 27716, 0, 
26, 1, 28, 32, -1, 339, 242, 24.0, 56, ABplap, 99, 27138, 232085, 8552, , 27138, 25000, 27459, 27459, 0, 
27, 1, 16, 28, -1, 163, 199, 15.8, 50, ABalpa, 495, 26280, 153266, 5832, , 26280, 25000, 28332, 28332, 0, 
28, 1, 1, 23, -1, 222, 215, 9.3, 49, MSaa, 492, 26978, 149564, 5544, , 26978, 25000, 29677, 29677, 0, 
29, 1, 13, 22, -1, 286, 330, 9.4, 49, ABarap, 465, 26609, 150184, 5644, , 26609, 25000, 28820, 28820, 0, 
30, 1, 21, 4, -1, 237, 235, 24.4, 55, ABplaa, 552, 27612, 215370, 7800, , 27612, 25000, 27706, 27706, 0, 
31, 0, 31, -1, -1, 86, 261, 14.6, 33, , -126, 832, 44420, 1640, , 27085, 25000, 26245, 26253, 0, 
32, 0, 32, -1, -1, 111, 180, 23.6, 39, , -323, 480, 75568, 2800, , 26989, 25000, 26509, 26509, 0, 
