1, 1, 22, 7, -1, 132, 289, 16.5, 46, ABalaa, 25, 26254, 122869, 4680, , 26254, 25000, 27426, 27426, 0, 
2, 1, 12, 17, 18, 394, 369, 20.4, 51, ABarpp, 384, 27784, 173260, 6236, , 27784, 25000, 27612, 27612, 0, 
3, 1, 16, 6, -1, 394, 245, 14.5, 54, Ea, 542, 26365, 185823, 7048, , 26365, 25000, 28691, 28691, 0, 
4, 1, 19, 28, 32, 486, 362, 15.6, 48, ABprap, 304, 26951, 142839, 5300, , 26951, 25000, 27907, 27907, 0, 
5, 1, 18, 40, -1, 576, 183, 19.1, 48, Cpp, 477, 26507, 138472, 5224, , 26507, 25000, 27911, 27911, 0, 
6, 1, 13, 10, -1, 228, 212, 9.2, 51, MSaa, 496, 27187, 170627, 6276, , 27187, 25000, 30014, 30014, 0, 
7, 1, 20, 26, -1, 402, 269, 6.8, 48, MSpp, -56, 28951, 148694, 5136, , 28951, 25000, 31000, 31000, 0, 
8, 1, 11, 4, -1, 533, 132, 13.6, 48, D, 480, 26221, 138972, 5300, , 26221, 25000, 28058, 28058, 0, 
9, 1, 10, 1, -1, 461, 147, 8.2, 45, P4, 427, 27386, 116665, 4260, , 27386, 25000, 31044, 31044, 0, 
10, 1, 21, 5, 41, 298, 339, 10.2, 48, ABarap, 337, 26628, 136760, 5136, , 26628, 25000, 28584, 28584, 0, 
11, 1, 1, 3, -1, 478, 314, 8.3, 50, ABprpa, 271, 26672, 156191, 5856, , 26672, 25000, 29993, 29993, 0, 
12, 0, 32, -1, -1, 87, 263, 17.5, 35, , 52, 1447, 55987, 1984, , 28219, 25000, 26861, 26772, 0, 
13, 1, 8, 2, -1, 317, 149, 11.4, 47, MSap, 472, 26952, 136485, 5064, , 26952, 25000, 28778, 28778, 0, 
14, 1, 27, 35, -1, 446, 297, 24.5, 52, Caa, 435, 26689, 172945, 6480, , 26689, 25000, 27424, 27424, 0, 
15, 1, 28, 23, -1, 202, 323, 20.5, 37, ABalap, 264, 27095, 66546, 2456, , 27095, 25000, 27429, 27429, 0, 
16, 1, 24, 12, 20, 375, 362, 11.7, 48, ABpraa, 283, 26835, 142441, 5308, , 26835, 25000, 28249, 28249, 0, 
17, 1, 2, 24, -1, 332, 275, 24.9, 48, ABplapa, 384, 26977, 140927, 5224, , 26977, 25000, 27394, 27420, 0, 
18, 1, 3, 25, -1, 311, 248, 9.8, 50, MSpa, -171, 27406, 159831, 5832, , 27406, 25000, 29231, 29231, 0, 
19, 1, 30, 29, 42, 242, 165, 19.7, 50, ABalpp, 461, 26886, 157442, 5856, , 26886, 25000, 27918, 27918, 0, 
20, 1, 5, 13, 37, 157, 214, 15.9, 50, ABalpa, -58, 27010, 161087, 5964, , 27010, 25000, 28102, 28102, 0, 
21, 1, 14, 33, -1, 504, 206, 23.2, 50, Cap, 478, 26743, 155963, 5832, , 26743, 25000, 27606, 27613, 0, 
22, 1, 2, 38, -1, 365, 232, 23.3, 48, ABplapp, 483, 26775, 142121, 5308, , 26775, 25000, 27312, 27353, 0, 
23, 0, 17, -1, -1, 369, 332, 13.0, 30, , 57, 2016, 39987, 1348, , 29664, 25000, 27296, 27648, 0, 
24, 1, 31, 15, -1, 426, 157, 22.7, 54, ABplpp, 543, 26909, 200849, 7464, , 26909, 25000, 27405, 27405, 0, 
25, 1, 23, 27, -1, 570, 274, 12.7, 50, ABprpp, 499, 27107, 158736, 5856, , 27107, 25000, 28041, 28041, 0, 
26, 1, 26, 16, -1, 501, 204, 16.1, 55, Ep, 554, 27143, 220729, 8132, , 27143, 25000, 28257, 28260, 0, 
27, 1, 9, 11, 21, 277, 352, 21.6, 54, ABarpa, 502, 26673, 193751, 7264, , 26673, 25000, 27613, 27613, 0, 
28, 1, 7, 19, 39, 199, 312, 11.9, 51, ABaraa, 458, 27052, 165019, 6100, , 27052, 25000, 28407, 28407, 0, 
29, 1, 15, 8, -1, 266, 230, 23.2, 47, ABplaap, 361, 27327, 130188, 4764, , 27327, 25000, 27485, 27451, 0, 
30, 1, 15, 22, -1, 234, 270, 26.1, 47, ABplaaa, 428, 27191, 127038, 4672, , 27191, 25000, 27362, 27356, 0, 
31, 1, 25, 31, 34, 336, 152, 19.9, 51, ABplpa, 416, 27000, 164699, 6100, , 27000, 25000, 27608, 27608, 0, 
32, 1, 29, 9, -1, 543, 317, 23.1, 51, Cpa, 498, 27423, 167280, 6100, , 27423, 25000, 27793, 27793, 0, 
33, 0, 4, -1, -1, 86, 262, 14.7, 31, , 173, 1620, 38687, 1368, , 28280, 25000, 26660, 26660, 0, 
34, 0, 6, -1, -1, 116, 180, 24.5, 39, , 227, 477, 78899, 2880, , 27395, 25000, 26918, 26918, 0, 
