1, 1, 35, 22, -1, 499, 372, 10.4, 44, ABprpaa, 416, 26947, 115226, 4276, , 26947, 25000, 28063, 28063, 0, 
2, 1, 20, 32, -1, 125, 294, 14.5, 40, ABalaaa, 406, 27147, 81874, 3016, , 27147, 25000, 27970, 27970, 0, 
3, 1, 40, 11, -1, 191, 342, 12.1, 45, ABaraaa, -10, 26300, 108460, 4124, , 26300, 25000, 27963, 27963, 0, 
4, 1, 19, 31, -1, 131, 235, 18.9, 45, ABalpaa, 407, 27116, 111827, 4124, , 27116, 25000, 27728, 27728, 0, 
5, 1, 28, 16, -1, 267, 134, 16.9, 45, ABalppp, 401, 27350, 112791, 4124, , 27350, 25000, 28045, 28045, 0, 
6, 1, 5, 18, -1, 259, 369, 11.8, 45, ABarapa, 450, 27409, 116761, 4260, , 27409, 25000, 27783, 27783, 0, 
7, 1, 33, 40, -1, 191, 185, 24.1, 47, ABalppa, 471, 27385, 127944, 4672, , 27385, 25000, 27616, 27616, 0, 
8, 1, 42, 6, -1, 513, 162, 12.8, 48, D, 485, 26892, 138117, 5136, , 26892, 25000, 28592, 28592, 0, 
9, 1, 8, 20, -1, 590, 301, 14.5, 43, ABprppa, 390, 26986, 108590, 4024, , 26986, 25000, 28181, 28185, 0, 
10, 1, 25, 46, -1, 190, 166, 15.1, 45, ABalpap, 426, 27368, 112865, 4124, , 27368, 25000, 28215, 28215, 0, 
11, 1, 37, 26, -1, 245, 370, 21.0, 48, ABarpaa, 477, 27320, 139550, 5108, , 27320, 25000, 27884, 27884, 0, 
12, 1, 39, 28, -1, 427, 300, 24.1, 51, Caa, 495, 27356, 166872, 6100, , 27356, 25000, 27477, 27477, 0, 
13, 1, 16, 7, -1, 246, 212, 9.9, 49, MSaa, 489, 27118, 144594, 5332, , 27118, 25000, 29545, 29545, 0, 
14, 1, 12, 41, -1, 169, 248, 11.5, 43, ABalaap, -37, 27590, 111021, 4024, , 27590, 25000, 28047, 28047, 0, 
15, 1, 2, 38, -1, 474, 210, 18.8, 45, Epl, 381, 27853, 118653, 4260, , 27853, 25000, 28398, 28398, 0, 
16, 0, 17, -1, -1, 87, 263, 17.5, 34, , -223, 1101, 46540, 1688, , 27571, 25000, 26554, 26470, 0, 
17, 1, 21, 27, -1, 502, 196, 25.1, 51, Cap, 450, 27181, 165804, 6100, , 27181, 25000, 27853, 27854, 0, 
18, 1, 6, 9, -1, 331, 146, 11.4, 47, MSap, 85, 26181, 132581, 5064, , 26181, 25000, 28516, 28516, 0, 
19, 1, 4, 44, -1, 335, 395, 14.7, 44, ABpraaa, 392, 26446, 111604, 4220, , 26446, 25000, 27569, 27569, 0, 
20, 0, 48, -1, -1, 87, 263, 14.7, 31, , 509, 1254, 38098, 1368, , 27849, 25000, 26576, 26595, 0, 
21, 1, 34, 1, -1, 167, 330, 21.6, 45, ABalapa, 106, 26907, 117099, 4352, , 26907, 25000, 27482, 27482, 0, 
22, 1, 11, 3, -1, 441, 264, 7.1, 48, MSpp, 477, 28669, 149766, 5224, , 28669, 25000, 30588, 30588, 0, 
23, 1, 29, 21, -1, 386, 134, 16.4, 45, ABplpap, 450, 27415, 119308, 4352, , 27415, 25000, 28059, 28059, 0, 
24, 1, 31, 15, -1, 206, 284, 25.5, 49, ABplaaa, 477, 26694, 150767, 5648, , 26694, 25000, 27897, 27896, 0, 
25, 1, 15, 5, -1, 336, 313, 7.8, 43, ABarapp, 369, 27455, 103780, 3780, , 27455, 25000, 30278, 30278, 0, 
26, 1, 30, 4, -1, 448, 168, 8.6, 45, P4, 122, 27890, 121378, 4352, , 27890, 25000, 30582, 30582, 0, 
27, 1, 38, 43, -1, 309, 148, 22.8, 46, ABplpaa, 440, 27214, 124313, 4568, , 27214, 25000, 27885, 27885, 0, 
28, 1, 3, 29, -1, 573, 184, 19.0, 48, Cpp, 40, 27322, 139563, 5108, , 27322, 25000, 28341, 28341, 0, 
29, 1, 44, 33, -1, 270, 210, 22.1, 46, ABplaap, 467, 26726, 118662, 4440, , 26726, 25000, 27670, 27670, 0, 
30, 1, 10, 39, -1, 352, 210, 24.2, 47, ABplapp, 302, 26908, 128189, 4764, , 26908, 25000, 27498, 27498, 0, 
31, 1, 18, 47, -1, 518, 289, 8.3, 43, ABprpap, 402, 27366, 103663, 3788, , 27366, 25000, 30100, 30100, 0, 
32, 1, 49, 34, -1, 237, 271, 17.5, 45, ABalapp, 445, 27443, 123164, 4488, , 27443, 25000, 28083, 28083, 0, 
33, 1, 41, 35, -1, 407, 371, 18.9, 47, ABarppp, 429, 26633, 124430, 4672, , 26633, 25000, 27478, 27478, 0, 
34, 1, 13, 42, -1, 337, 370, 23.6, 49, ABarppa, 473, 27574, 155629, 5644, , 27574, 25000, 27628, 27628, 0, 
35, 1, 7, 2, -1, 342, 229, 8.9, 49, MSpa, 93, 27268, 145391, 5332, , 27268, 25000, 30363, 30363, 0, 
36, 1, 26, 30, -1, 465, 127, 17.9, 46, ABplppp, -232, 26797, 118978, 4440, , 26797, 25000, 28224, 28224, 0, 
37, 1, 23, 12, -1, 311, 285, 24.1, 48, ABplapa, 472, 26634, 139134, 5224, , 26634, 25000, 27289, 27289, 0, 
38, 1, 45, 17, -1, 529, 302, 23.2, 50, Cpa, 503, 26783, 156199, 5832, , 26783, 25000, 27738, 27738, 0, 
39, 1, 24, 37, -1, 315, 306, 16.0, 46, ABarpap, 420, 26693, 117878, 4416, , 26693, 25000, 27902, 27902, 0, 
40, 1, 9, 24, -1, 260, 286, 8.4, 43, ABaraap, 315, 27005, 103269, 3824, , 27005, 25000, 29885, 29885, 0, 
41, 0, 14, -1, -1, 384, 330, 10.2, 32, , 239, 0, 0, 0, , 0, 0, 0, 0, 0, 
42, 1, 46, 19, -1, 539, 333, 17.0, 45, ABprapp, 424, 26813, 115188, 4296, , 26813, 25000, 27933, 27919, 0, 
43, 1, 32, 23, -1, 500, 266, 14.2, 41, Epr, 341, 27015, 85044, 3148, , 27015, 25000, 28726, 28726, 0, 
44, 1, 36, 36, -1, 461, 395, 17.3, 45, ABprapa, 446, 27292, 116919, 4284, , 27292, 25000, 27280, 27269, 0, 
45, 1, 22, 45, -1, 404, 295, 14.7, 43, Ear, 425, 28397, 107568, 3788, , 28397, 25000, 28963, 28963, 0, 
46, 1, 43, 25, -1, 568, 232, 11.5, 43, ABprppp, 420, 27007, 108675, 4024, , 27007, 25000, 28587, 28587, 0, 
47, 1, 27, 8, -1, 375, 229, 18.1, 44, Eal, 389, 27785, 109029, 3924, , 27785, 25000, 28846, 28846, 0, 
48, 1, 1, 14, -1, 408, 153, 24.9, 47, ABplppa, 471, 27381, 127926, 4672, , 27381, 25000, 27596, 27596, 0, 
49, 1, 50, 51, -1, 405, 355, 8.7, 47, ABpraap, 379, 27399, 135133, 4932, , 27399, 25000, 30083, 30083, 0, 
50, 0, 51, -1, -1, 380, 359, 13.6, 31, , -295, 973, 38932, 1332, , 29228, 25000, 28255, 28255, 0, 
51, 0, 47, -1, -1, 120, 179, 24.5, 32, , -241, 569, 39257, 1432, , 27414, 25000, 26845, 26845, 0, 
