1, 1, 44, 20, -1, 346, 397, 15.7, 45, ABpraaa, 401, 26847, 115012, 4284, , 26847, 25000, 27602, 27602, 0, 
2, 1, 3, 35, -1, 441, 270, 7.8, 46, MSpp, 102, 27907, 127477, 4568, , 27907, 25000, 30084, 30084, 0, 
3, 1, 38, 47, -1, 468, 204, 19.9, 48, Epl, 458, 26801, 140007, 5224, , 26801, 25000, 28023, 28048, 0, 
4, 1, 2, 22, 45, 339, 237, 9.9, 47, MSpa, 295, 26668, 124593, 4672, , 26668, 25000, 28978, 28978, 0, 
5, 1, 33, 37, -1, 270, 212, 22.9, 45, ABplaap, 455, 27203, 112184, 4124, , 27203, 25000, 27543, 27541, 0, 
6, 1, 21, 4, -1, 385, 128, 16.5, 44, ABplpap, 166, 26842, 108013, 4024, , 26842, 25000, 28213, 28213, 0, 
7, 1, 29, 8, -1, 561, 181, 18.8, 47, Cpp, 449, 26589, 126672, 4764, , 26589, 25000, 28139, 28139, 0, 
8, 1, 43, 26, -1, 305, 151, 23.2, 46, ABplpaa, 400, 27148, 124010, 4568, , 27148, 25000, 28198, 28200, 0, 
9, 1, 37, 28, -1, 320, 305, 16.3, 45, ABarpap, 235, 27052, 115891, 4284, , 27052, 25000, 27971, 27971, 0, 
10, 1, 42, 14, -1, 333, 362, 23.4, 48, ABarppa, 457, 26660, 141298, 5300, , 26660, 25000, 27570, 27570, 0, 
11, 1, 14, 19, -1, 400, 155, 24.8, 46, ABplppa, 465, 27088, 123740, 4568, , 27088, 25000, 27525, 27522, 0, 
12, 1, 31, 23, -1, 137, 244, 19.6, 45, ABalpaa, 399, 27235, 118527, 4352, , 27235, 25000, 28136, 28136, 0, 
13, 1, 24, 2, -1, 263, 291, 8.3, 42, ABaraap, -87, 27626, 100338, 3632, , 27626, 25000, 30076, 30076, 0, 
14, 1, 28, 38, -1, 429, 296, 24.2, 51, Caa, -156, 27363, 171733, 6276, , 27363, 25000, 27655, 27655, 0, 
15, 0, 10, -1, -1, 88, 264, 17.5, 35, , 325, 713, 54193, 1984, , 27315, 25000, 26577, 26602, 0, 
16, 1, 12, 11, -1, 299, 285, 23.5, 47, ABplapa, 469, 26772, 137927, 5152, , 26772, 25000, 27335, 27335, 0, 
17, 1, 20, 1, -1, 596, 295, 14.8, 42, ABprppa, 427, 26625, 91695, 3444, , 26625, 25000, 27958, 27958, 0, 
18, 1, 23, 31, -1, 505, 284, 13.0, 44, Epr, 421, 26968, 101831, 3776, , 26968, 25000, 28532, 28545, 0, 
19, 1, 17, 49, -1, 536, 298, 23.1, 51, Cpa, 503, 26714, 162953, 6100, , 26714, 25000, 28000, 28000, 0, 
20, 1, 47, 27, -1, 531, 283, 7.8, 43, ABprpap, 417, 27520, 104026, 3780, , 27520, 25000, 30608, 30647, 0, 
21, 1, 36, 48, -1, 477, 387, 17.6, 43, ABprapa, 459, 27307, 104422, 3824, , 27307, 25000, 27610, 27617, 0, 
22, 1, 5, 32, -1, 341, 323, 7.3, 42, ABarapp, 395, 28737, 104373, 3632, , 28737, 25000, 30943, 30943, 0, 
23, 0, 50, -1, -1, 116, 180, 23.3, 35, , 229, 731, 55776, 2040, , 27341, 25000, 26610, 26610, 0, 
24, 1, 19, 15, -1, 542, 337, 16.1, 43, ABprapp, 426, 26843, 96421, 3592, , 26843, 25000, 28048, 28048, 0, 
25, 1, 16, 12, -1, 263, 137, 17.6, 44, ABalppp, -114, 27147, 116080, 4276, , 27147, 25000, 28000, 28000, 0, 
26, 1, 46, 39, -1, 190, 169, 15.4, 45, ABalpap, 405, 26798, 116625, 4352, , 26798, 25000, 28119, 28119, 0, 
27, 0, 48, -1, -1, 89, 264, 14.7, 32, , 278, -400, 41634, 1584, , 26284, 25000, 26686, 26684, 0, 
28, 1, 7, 36, 44, 241, 220, 9.6, 48, MSaa, 313, 27429, 145375, 5300, , 27429, 25000, 29705, 29705, 0, 
29, 1, 25, 7, -1, 564, 216, 10.4, 42, ABprppp, 419, 26883, 98390, 3660, , 26883, 25000, 28440, 28440, 0, 
30, 1, 9, 18, -1, 323, 156, 12.2, 47, MSap, 463, 26866, 127991, 4764, , 26866, 25000, 28401, 28401, 0, 
31, 1, 41, 30, -1, 173, 251, 10.3, 43, ABalaap, 431, 26503, 100392, 3788, , 26503, 25000, 28242, 28242, 0, 
32, 1, 45, 10, -1, 408, 318, 14.4, 45, Ear, 21, 27332, 118950, 4352, , 27332, 25000, 28488, 28488, 0, 
33, 1, 4, 29, -1, 438, 178, 8.0, 44, P4, 436, 26660, 100668, 3776, , 26660, 25000, 30495, 30495, 0, 
34, 1, 6, 46, -1, 501, 153, 12.9, 48, D, 127, 27044, 141279, 5224, , 27044, 25000, 28906, 28906, 0, 
35, 1, 26, 17, -1, 246, 365, 21.3, 48, ABarpaa, 474, 27443, 145665, 5308, , 27443, 25000, 27819, 27819, 0, 
36, 1, 35, 42, -1, 417, 372, 19.8, 46, ABarppp, 452, 26975, 123224, 4568, , 26975, 25000, 27590, 27595, 0, 
37, 1, 30, 3, -1, 458, 122, 18.8, 46, ABplppp, 322, 26796, 122405, 4568, , 26796, 25000, 27830, 27830, 0, 
38, 1, 8, 33, -1, 366, 218, 18.9, 48, Eal, 178, 27376, 143013, 5224, , 27376, 25000, 28181, 28202, 0, 
39, 1, 22, 13, -1, 497, 372, 10.5, 42, ABprpaa, 388, 26499, 95610, 3608, , 26499, 25000, 28118, 28118, 0, 
40, 1, 32, 5, -1, 128, 304, 14.6, 42, ABalaaa, 401, 27220, 99626, 3660, , 27220, 25000, 27647, 27647, 0, 
41, 1, 51, 24, -1, 411, 363, 9.1, 46, ABpraap, 389, 27702, 122998, 4440, , 27702, 25000, 29524, 29524, 0, 
42, 1, 34, 6, -1, 238, 272, 17.3, 43, ABalapp, 438, 26953, 102097, 3788, , 26953, 25000, 27809, 27809, 0, 
43, 1, 18, 25, -1, 271, 370, 12.6, 44, ABarapa, 51, 27312, 116785, 4276, , 27312, 25000, 28169, 28169, 0, 
44, 1, 40, 40, -1, 186, 190, 24.1, 48, ABalppa, 485, 27123, 141690, 5224, , 27123, 25000, 27647, 27647, 0, 
45, 1, 15, 16, -1, 214, 289, 26.1, 49, ABplaaa, 466, 27182, 144932, 5332, , 27182, 25000, 27824, 27824, 0, 
46, 1, 11, 21, -1, 195, 341, 12.0, 43, ABaraaa, 320, 27314, 97458, 3568, , 27314, 25000, 28008, 28008, 0, 
47, 1, 1, 9, -1, 165, 326, 20.1, 44, ABalapa, -370, 27621, 108385, 3924, , 27621, 25000, 27796, 27796, 0, 
48, 1, 39, 41, -1, 358, 209, 24.7, 48, ABplapp, 480, 26871, 142630, 5308, , 26871, 25000, 27330, 27358, 0, 
49, 1, 27, 34, -1, 494, 189, 25.6, 50, Cap, 497, 27238, 165170, 6064, , 27238, 25000, 27646, 27651, 0, 
50, 0, 13, -1, -1, 395, 334, 8.4, 30, , 253, -405, 0, 0, , 0, 0, 0, 0, 0, 
51, 0, 49, -1, -1, 371, 363, 12.4, 30, , -558, -340, 32983, 1156, , 28532, 25000, 28856, 28872, 0, 
