1, 1, 34, 16, -1, 493, 199, 25.2, 50, Cap, 502, 26244, 153053, 5832, , 26244, 25000, 27830, 27823, 0, 
2, 1, 47, 26, -1, 472, 218, 19.5, 47, Epl, 457, 27184, 140050, 5152, , 27184, 25000, 28159, 28157, 0, 
3, 1, 3, 38, -1, 451, 125, 19.6, 44, ABplppp, 427, 26401, 112891, 4276, , 26401, 25000, 27700, 27700, 0, 
4, 1, 33, 1, -1, 377, 224, 19.0, 47, Eal, 427, 27831, 139491, 5012, , 27831, 25000, 28110, 28198, 0, 
5, 1, 45, 42, -1, 311, 262, 10.4, 37, MSpaa, 261, 27545, 64124, 2328, , 27545, 25000, 28744, 28744, 0, 
6, 1, 9, 30, -1, 167, 329, 21.4, 45, ABalapa, 425, 26895, 117045, 4352, , 26895, 25000, 27939, 27939, 0, 
7, 1, 38, 17, -1, 429, 297, 24.6, 51, Caa, 517, 26832, 167324, 6236, , 26832, 25000, 27557, 27557, 0, 
8, 1, 22, 46, -1, 368, 209, 9.5, 39, MSpap, 270, 27385, 78869, 2880, , 27385, 25000, 29666, 29666, 0, 
9, 1, 2, 12, -1, 251, 289, 8.3, 43, ABaraap, 415, 28020, 106141, 3788, , 28020, 25000, 30328, 30328, 0, 
10, 1, 12, 39, -1, 262, 139, 18.2, 45, ABalppp, 428, 27772, 118307, 4260, , 27772, 25000, 27911, 27912, 0, 
11, 1, 7, 15, -1, 564, 221, 10.4, 43, ABprppp, 397, 26833, 102611, 3824, , 26833, 25000, 28622, 28622, 0, 
12, 1, 44, 37, -1, 213, 225, 10.5, 41, MSaaa, 296, 27835, 95306, 3424, , 27835, 25000, 29153, 29153, 0, 
13, 0, 43, -1, -1, 89, 263, 17.5, 36, , 322, 1955, 61485, 2136, , 28785, 25000, 26854, 26830, 0, 
14, 1, 29, 6, -1, 443, 172, 8.5, 46, P4, 575, 27616, 129245, 4680, , 27616, 25000, 30128, 30128, 0, 
15, 1, 17, 13, -1, 243, 363, 22.0, 47, ABarpaa, -57, 26692, 133779, 5012, , 26692, 25000, 27731, 27731, 0, 
16, 1, 16, 51, -1, 207, 272, 25.3, 46, ABplaaa, 453, 26879, 127730, 4752, , 26879, 25000, 27793, 27793, 0, 
17, 1, 32, 21, -1, 349, 315, 7.5, 42, ABarapp, 360, 27638, 99717, 3608, , 27638, 25000, 30584, 30584, 0, 
18, 1, 31, 20, -1, 509, 284, 12.9, 44, Epr, 496, 27083, 106273, 3924, , 27083, 25000, 28444, 28459, 0, 
19, 1, 20, 33, -1, 339, 394, 15.6, 43, ABpraaa, 438, 27381, 104706, 3824, , 27381, 25000, 27662, 27662, 0, 
20, 1, 14, 28, -1, 330, 359, 23.0, 48, ABarppa, 482, 26907, 137439, 5108, , 26907, 25000, 27596, 27596, 0, 
21, 1, 35, 35, 53, 426, 272, 8.4, 46, MSpp, 217, 26992, 130101, 4820, , 26992, 25000, 29933, 29933, 0, 
22, 1, 18, 9, -1, 306, 161, 14.3, 37, MSapa, 287, 27413, 65243, 2380, , 27413, 25000, 28345, 28406, 0, 
23, 1, 39, 4, -1, 196, 169, 15.3, 44, ABalpap, 438, 26927, 113630, 4220, , 26927, 25000, 28260, 28260, 0, 
24, 1, 5, 3, -1, 129, 305, 15.5, 41, ABalaaa, 414, 27031, 92554, 3424, , 27031, 25000, 27723, 27723, 0, 
25, 1, 10, 11, -1, 401, 305, 14.9, 45, Ear, 430, 27158, 112000, 4124, , 27158, 25000, 28524, 28524, 0, 
26, 1, 42, 2, -1, 412, 369, 19.3, 46, ABarppp, 468, 26841, 127550, 4752, , 26841, 25000, 27651, 27652, 0, 
27, 1, 8, 5, -1, 561, 182, 18.5, 49, Cpp, 497, 27103, 153076, 5648, , 27103, 25000, 28103, 28103, 0, 
28, 1, 46, 32, -1, 522, 160, 10.5, 34, Dp, 284, 27204, 45920, 1688, , 27204, 25000, 28607, 28607, 0, 
29, 1, 49, 48, -1, 526, 305, 23.1, 53, Cpa, 535, 27012, 196110, 7260, , 27012, 25000, 27871, 27871, 0, 
30, 1, 28, 18, -1, 316, 313, 16.5, 45, ABarpap, 226, 26625, 119495, 4488, , 26625, 25000, 27897, 27897, 0, 
31, 1, 21, 34, -1, 187, 342, 13.2, 44, ABaraaa, 394, 26721, 105817, 3960, , 26721, 25000, 27676, 27676, 0, 
32, 1, 36, 24, -1, 279, 199, 8.3, 40, MSaap, 324, 27463, 83927, 3056, , 27463, 25000, 31205, 31205, 0, 
33, 1, 48, 27, -1, 468, 391, 16.2, 44, ABprapa, 431, 27073, 107210, 3960, , 27073, 25000, 27680, 27683, 0, 
34, 1, 13, 23, -1, 485, 371, 10.1, 42, ABprpaa, 396, 26944, 89668, 3328, , 26944, 25000, 28076, 28076, 0, 
35, 1, 41, 36, -1, 357, 214, 24.1, 49, ABplapp, 464, 27140, 144708, 5332, , 27140, 25000, 27504, 27485, 0, 
36, 1, 24, 52, -1, 404, 363, 9.2, 46, ABpraap, 399, 27569, 125936, 4568, , 27569, 25000, 29256, 29256, 0, 
37, 1, 37, 43, -1, 271, 212, 23.5, 47, ABplaap, 461, 27140, 139826, 5152, , 27140, 25000, 27559, 27550, 0, 
38, 1, 26, 50, -1, 299, 155, 23.8, 44, ABplpaa, 411, 26885, 106466, 3960, , 26885, 25000, 27675, 27682, 0, 
39, 1, 4, 45, -1, 381, 123, 17.3, 44, ABplpap, 170, 27086, 114304, 4220, , 27086, 25000, 27950, 27950, 0, 
40, 1, 15, 14, -1, 537, 338, 15.9, 44, ABprapp, 441, 26706, 104796, 3924, , 26706, 25000, 27894, 27892, 0, 
41, 1, 11, 54, -1, 299, 281, 23.0, 46, ABplapa, 463, 26454, 116819, 4416, , 26454, 25000, 27378, 27378, 0, 
42, 1, 25, 8, -1, 271, 368, 11.6, 44, ABarapa, 439, 26873, 114909, 4276, , 26873, 25000, 28144, 28144, 0, 
43, 0, 50, -1, -1, 89, 263, 14.5, 32, , 261, 588, 39567, 1432, , 27631, 25000, 27043, 27043, 0, 
44, 1, 27, 41, -1, 525, 290, 7.6, 42, ABprpap, -133, 28105, 102866, 3660, , 28105, 25000, 31695, 31755, 0, 
45, 1, 1, 49, -1, 590, 300, 14.3, 42, ABprppa, 378, 26701, 96979, 3632, , 26701, 25000, 28317, 28317, 0, 
46, 1, 46, 47, -1, 494, 135, 14.8, 35, Da, 252, 27811, 55956, 2012, , 27811, 25000, 28583, 28583, 0, 
47, 1, 18, 29, -1, 347, 155, 11.8, 37, MSapp, 258, 27196, 64509, 2372, , 27196, 25000, 28153, 28180, 0, 
48, 1, 19, 10, -1, 400, 154, 24.5, 45, ABplppa, 427, 27264, 122362, 4488, , 27264, 25000, 27533, 27533, 0, 
49, 1, 30, 31, -1, 153, 258, 11.0, 43, ABalaap, 376, 26870, 95871, 3568, , 26870, 25000, 27964, 27964, 0, 
50, 1, 40, 7, -1, 190, 186, 23.5, 47, ABalppa, 476, 27121, 139726, 5152, , 27121, 25000, 27897, 27897, 0, 
51, 0, 51, -1, -1, 402, 328, 8.3, 30, , 237, -15, 0, 0, , 0, 0, 0, 0, 0, 
52, 1, 23, 19, -1, 134, 230, 19.7, 45, ABalpaa, -290, 26793, 114780, 4284, , 26793, 25000, 27951, 27951, 0, 
53, 1, 6, 44, -1, 237, 272, 17.1, 45, ABalapp, 454, 27390, 112956, 4124, , 27390, 25000, 27714, 27714, 0, 
54, 0, 53, -1, -1, 122, 179, 24.9, 32, , 29, 985, 43434, 1576, , 27560, 25000, 26575, 26575, 0, 
55, 0, 52, -1, -1, 387, 388, 12.6, 31, , -477, -483, 37030, 1332, , 27800, 25000, 28201, 28283, 0, 
