1, 1, 4, 4, -1, 376, 227, 17.8, 47, Eal, 471, 27210, 129628, 4764, , 27210, 25000, 28408, 28427, 0, 
2, 1, 26, 45, -1, 400, 372, 20.0, 46, ABarppp, 408, 27244, 120311, 4416, , 27244, 25000, 27762, 27762, 0, 
3, 1, 24, 29, -1, 126, 307, 16.4, 42, ABalaaa, 365, 27173, 99454, 3660, , 27173, 25000, 27441, 27441, 0, 
4, 1, 23, 28, -1, 199, 172, 14.9, 45, ABalpap, 243, 27013, 111403, 4124, , 27013, 25000, 28497, 28497, 0, 
5, 1, 27, 43, -1, 558, 187, 18.9, 48, Cpp, 472, 26471, 138282, 5224, , 26471, 25000, 27934, 27934, 0, 
6, 1, 14, 37, -1, 458, 182, 8.7, 45, P4, 275, 27497, 117796, 4284, , 27497, 25000, 29696, 29696, 0, 
7, 1, 50, 22, -1, 186, 186, 23.2, 47, ABalppa, 457, 27236, 129750, 4764, , 27236, 25000, 27707, 27707, 0, 
8, 1, 42, 5, -1, 262, 369, 12.3, 44, ABarapa, 107, 26906, 113543, 4220, , 26906, 25000, 28273, 28273, 0, 
9, 1, 22, 40, -1, 304, 154, 13.3, 40, MSapa, 259, 28233, 86281, 3056, , 28233, 25000, 28831, 28822, 0, 
10, 1, 48, 6, -1, 397, 149, 24.0, 46, ABplppa, 439, 27110, 119718, 4416, , 27110, 25000, 27795, 27795, 0, 
11, 1, 25, 19, -1, 396, 307, 14.9, 45, Ear, 230, 26859, 110765, 4124, , 26859, 25000, 28261, 28261, 0, 
12, 1, 9, 21, -1, 249, 298, 8.3, 43, ABaraap, 406, 28153, 106644, 3788, , 28153, 25000, 30612, 30612, 0, 
13, 1, 15, 1, -1, 242, 355, 22.7, 49, ABarpaa, -62, 27102, 150254, 5544, , 27102, 25000, 27832, 27832, 0, 
14, 1, 40, 39, -1, 526, 346, 16.4, 43, ABprapp, -143, 26813, 102534, 3824, , 26813, 25000, 27954, 27954, 0, 
15, 1, 11, 18, -1, 574, 249, 10.9, 43, ABprppp, 681, 26710, 95942, 3592, , 26710, 25000, 28783, 28783, 0, 
16, 1, 1, 3, -1, 486, 194, 24.8, 49, Cap, 481, 27306, 149967, 5492, , 27306, 25000, 27661, 27668, 0, 
17, 1, 7, 46, -1, 413, 290, 24.0, 49, Caa, 495, 27297, 154613, 5664, , 27297, 25000, 27658, 27658, 0, 
18, 1, 30, 47, -1, 310, 312, 16.6, 44, ABarpap, 410, 26902, 115035, 4276, , 26902, 25000, 27998, 27998, 0, 
19, 1, 52, 23, -1, 133, 221, 18.3, 43, ABalpaa, 435, 26698, 101131, 3788, , 26698, 25000, 27939, 27939, 0, 
20, 1, 18, 11, -1, 511, 282, 13.6, 44, Epr, 447, 26902, 115031, 4276, , 26902, 25000, 28158, 28168, 0, 
21, 1, 17, 8, -1, 340, 323, 7.5, 42, ABarapp, -15, 28398, 102460, 3608, , 28398, 25000, 30346, 30346, 0, 
22, 0, 13, -1, -1, 89, 264, 17.6, 35, , 324, 767, 52727, 1932, , 27291, 25000, 26495, 26524, 0, 
23, 1, 34, 17, -1, 480, 377, 10.5, 43, ABprpaa, 420, 26980, 108566, 4024, , 26980, 25000, 28009, 28009, 0, 
24, 1, 32, 10, -1, 291, 202, 8.0, 42, MSaap, 420, 27544, 94640, 3436, , 27544, 25000, 31342, 31345, 0, 
25, 0, 43, -1, -1, 87, 263, 14.6, 32, , 266, 231, 39368, 1484, , 26528, 25000, 26297, 26297, 0, 
26, 1, 2, 41, -1, 470, 219, 18.8, 47, Epl, 52, 27497, 130998, 4764, , 27497, 25000, 28397, 28397, 0, 
27, 1, 33, 12, -1, 455, 388, 16.4, 42, ABprapa, 419, 26587, 97309, 3660, , 26587, 25000, 27754, 27754, 0, 
28, 1, 20, 32, -1, 321, 355, 22.9, 48, ABarppa, 471, 26654, 139240, 5224, , 26654, 25000, 27883, 27883, 0, 
29, 1, 47, 44, -1, 360, 155, 11.3, 37, MSapp, 257, 27494, 65436, 2380, , 27494, 25000, 28760, 28760, 0, 
30, 1, 6, 16, -1, 170, 323, 21.7, 44, ABalapa, 414, 27028, 114060, 4220, , 27028, 25000, 27625, 27625, 0, 
31, 1, 49, 14, -1, 153, 260, 11.1, 42, ABalaap, 410, 27047, 90013, 3328, , 27047, 25000, 28132, 28132, 0, 
32, 1, 28, 2, -1, 540, 180, 10.3, 36, Dp, 324, 27435, 60797, 2216, , 27435, 25000, 29406, 29406, 0, 
33, 1, 19, 20, -1, 328, 397, 16.1, 44, ABpraaa, 13, 26654, 104589, 3924, , 26654, 25000, 27620, 27620, 0, 
34, 1, 31, 33, -1, 180, 339, 13.4, 43, ABaraaa, -9, 26890, 102826, 3824, , 26890, 25000, 27717, 27717, 0, 
35, 1, 21, 30, -1, 436, 264, 7.6, 37, MSppp, 210, 28493, 66332, 2328, , 28493, 25000, 30190, 30533, 0, 
36, 1, 35, 48, -1, 354, 207, 23.2, 46, ABplapp, 438, 26342, 120328, 4568, , 26342, 25000, 27754, 27772, 0, 
37, 1, 12, 38, -1, 215, 229, 10.0, 44, MSaaa, -275, 27631, 104336, 3776, , 27631, 25000, 28965, 28965, 0, 
38, 1, 3, 24, -1, 453, 123, 19.4, 45, ABplppp, -99, 27877, 121319, 4352, , 27877, 25000, 27807, 27807, 0, 
39, 1, 10, 51, -1, 259, 140, 18.2, 46, ABalppp, 421, 26793, 122389, 4568, , 26793, 25000, 27977, 27977, 0, 
40, 0, 51, -1, -1, 400, 335, 8.5, 32, , 303, 0, 0, 0, , 0, 0, 0, 0, 0, 
41, 1, 44, 15, -1, 526, 305, 8.4, 44, ABprpap, 390, 26611, 113789, 4276, , 26611, 25000, 30692, 30730, 0, 
42, 1, 5, 42, -1, 303, 261, 10.0, 41, MSpaa, 385, 27526, 88633, 3220, , 27526, 25000, 29133, 29133, 0, 
43, 1, 37, 7, -1, 270, 210, 23.0, 46, ABplaap, 459, 26906, 118819, 4416, , 26906, 25000, 27514, 27505, 0, 
44, 1, 53, 25, -1, 235, 278, 17.0, 44, ABalapp, 195, 26995, 101934, 3776, , 26995, 25000, 27824, 27824, 0, 
45, 1, 39, 35, -1, 380, 125, 16.7, 44, ABplpap, 444, 26190, 110523, 4220, , 26190, 25000, 28063, 28063, 0, 
46, 1, 8, 13, -1, 376, 217, 9.2, 41, MSpap, 232, 27867, 87724, 3148, , 27867, 25000, 30088, 30088, 0, 
47, 1, 46, 49, -1, 506, 140, 14.5, 40, Da, 78, 27266, 82233, 3016, , 27266, 25000, 29087, 29087, 0, 
48, 1, 29, 50, -1, 508, 310, 23.8, 53, Cpa, 532, 26774, 187314, 6996, , 26774, 25000, 27909, 27909, 0, 
49, 1, 45, 34, -1, 585, 315, 15.4, 42, ABprppa, -161, 27211, 99591, 3660, , 27211, 25000, 28347, 28347, 0, 
50, 1, 38, 31, -1, 302, 155, 23.9, 45, ABplpaa, 412, 27690, 114192, 4124, , 27690, 25000, 27592, 27613, 0, 
51, 1, 16, 26, -1, 208, 270, 25.2, 47, ABplaaa, -116, 26735, 127364, 4764, , 26735, 25000, 27698, 27698, 0, 
52, 1, 36, 27, -1, 399, 369, 10.2, 47, ABpraap, 444, 26603, 126737, 4764, , 26603, 25000, 28775, 28775, 0, 
53, 1, 21, 36, -1, 416, 288, 7.8, 37, MSppa, 226, 27207, 64536, 2372, , 27207, 25000, 30090, 30207, 0, 
54, 1, 41, 52, -1, 299, 275, 23.3, 46, ABplapa, 441, 27129, 128917, 4752, , 27129, 25000, 27466, 27464, 0, 
55, 0, 54, -1, -1, 117, 181, 25.0, 37, , 71, 850, 70409, 2556, , 27547, 25000, 26697, 26697, 0, 
56, 0, 55, -1, -1, 381, 390, 13.6, 28, , -457, 1102, 28501, 988, , 28847, 25000, 27893, 27745, 0, 
