1, 1, 2, 15, -1, 556, 182, 10.1, 40, Dp, 140, 26593, 79459, 2988, , 26593, 25000, 28843, 28843, 0, 
2, 0, 9, -1, -1, 86, 265, 17.5, 35, , 130, 1384, 55937, 1984, , 28194, 25000, 26787, 26810, 0, 
3, 1, 36, 39, -1, 405, 316, 7.7, 38, MSppa, 365, 27559, 68787, 2496, , 27559, 25000, 30163, 30163, 0, 
4, 1, 17, 14, -1, 481, 381, 10.9, 42, ABprpaa, 580, 26476, 88112, 3328, , 26476, 25000, 28119, 28119, 0, 
5, 1, 18, 27, -1, 574, 260, 11.2, 43, ABprppp, 409, 27111, 102479, 3780, , 27111, 25000, 28407, 28407, 0, 
6, 1, 43, 30, -1, 548, 188, 19.7, 49, Cpp, 490, 27084, 150155, 5544, , 27084, 25000, 28054, 28054, 0, 
7, 1, 8, 23, -1, 333, 345, 8.1, 43, ABarapp, 84, 27629, 99244, 3592, , 27629, 25000, 30732, 30732, 0, 
8, 1, 24, 11, -1, 434, 122, 17.5, 44, ABplppp, 407, 27104, 109066, 4024, , 27104, 25000, 28141, 28139, 0, 
9, 1, 19, 2, -1, 402, 305, 14.7, 43, Ear, 19, 27293, 103386, 3788, , 27293, 25000, 28418, 28418, 0, 
10, 1, 5, 20, -1, 267, 375, 14.1, 45, ABarapa, -82, 26862, 110779, 4124, , 26862, 25000, 28050, 28050, 0, 
11, 1, 3, 35, -1, 466, 179, 23.7, 50, Cap, 465, 27304, 159890, 5856, , 27304, 25000, 27805, 27805, 0, 
12, 1, 16, 53, -1, 170, 305, 22.2, 45, ABalapa, 398, 27597, 117562, 4260, , 27597, 25000, 28066, 28068, 0, 
13, 1, 13, 49, -1, 388, 225, 7.9, 43, MSpap, 410, 27171, 97597, 3592, , 27171, 25000, 30442, 30442, 0, 
14, 1, 32, 16, -1, 319, 342, 23.6, 48, ABarppa, -167, 26933, 142745, 5300, , 26933, 25000, 27972, 27972, 0, 
15, 1, 15, 24, -1, 518, 317, 8.6, 43, ABprpap, 428, 27111, 103672, 3824, , 27111, 25000, 30020, 30020, 0, 
16, 1, 27, 6, -1, 398, 382, 12.0, 46, ABpraap, 460, 26747, 118113, 4416, , 26747, 25000, 28706, 28706, 0, 
17, 1, 52, 31, -1, 293, 265, 23.6, 46, ABplapa, 429, 26754, 128954, 4820, , 26754, 25000, 27434, 27434, 0, 
18, 1, 31, 21, -1, 289, 152, 23.3, 47, ABplpaa, 435, 26891, 132628, 4932, , 26891, 25000, 28070, 28091, 0, 
19, 1, 28, 5, -1, 197, 179, 12.9, 44, ABalpap, 444, 26684, 104707, 3924, , 26684, 25000, 28492, 28492, 0, 
20, 1, 51, 3, -1, 249, 144, 17.1, 44, ABalppp, 402, 26905, 105577, 3924, , 26905, 25000, 28253, 28253, 0, 
21, 1, 47, 41, -1, 308, 299, 16.3, 45, ABarpap, 68, 26804, 114829, 4284, , 26804, 25000, 28068, 28068, 0, 
22, 1, 37, 12, -1, 461, 182, 9.1, 44, P4, -107, 27698, 108685, 3924, , 27698, 25000, 29509, 29509, 0, 
23, 1, 23, 19, -1, 132, 231, 16.7, 42, ABalpaa, 417, 27217, 98852, 3632, , 27217, 25000, 28376, 28376, 0, 
24, 1, 4, 1, -1, 369, 234, 16.1, 45, Eal, 449, 27218, 112249, 4124, , 27218, 25000, 28215, 28215, 0, 
25, 1, 44, 51, -1, 371, 163, 9.9, 39, MSapp, 392, 27293, 75111, 2752, , 27293, 25000, 28810, 28810, 0, 
26, 1, 11, 7, -1, 509, 285, 14.2, 45, Epr, 436, 26556, 113130, 4260, , 26556, 25000, 28408, 28408, 0, 
27, 1, 49, 36, -1, 492, 126, 14.5, 42, Da, 382, 27420, 98931, 3608, , 27420, 25000, 28578, 28578, 0, 
28, 1, 41, 34, -1, 459, 211, 17.7, 46, Epl, 66, 27192, 129216, 4752, , 27192, 25000, 28296, 28296, 0, 
29, 1, 21, 25, -1, 257, 314, 8.1, 42, ABaraap, 162, 27283, 90799, 3328, , 27283, 25000, 30394, 30421, 0, 
30, 0, 53, -1, -1, 400, 364, 8.4, 31, , 270, 512, 0, 0, , 0, 0, 0, 0, 0, 
31, 1, 39, 10, -1, 520, 350, 16.8, 43, ABprapp, 428, 26688, 100881, 3780, , 26688, 25000, 28096, 28096, 0, 
32, 1, 46, 22, -1, 399, 271, 24.2, 50, Caa, 486, 27151, 158343, 5832, , 27151, 25000, 27595, 27595, 0, 
33, 1, 35, 13, -1, 360, 126, 16.0, 45, ABplpap, 400, 26605, 114295, 4296, , 26605, 25000, 28270, 28270, 0, 
34, 1, 33, 38, -1, 191, 353, 14.3, 43, ABaraaa, -129, 26512, 100428, 3788, , 26512, 25000, 27959, 27959, 0, 
35, 1, 7, 48, -1, 257, 206, 22.3, 46, ABplaap, 437, 26152, 124275, 4752, , 26152, 25000, 27924, 27932, 0, 
36, 1, 42, 42, -1, 303, 278, 9.3, 41, MSpaa, 178, 26864, 88974, 3312, , 26864, 25000, 29240, 29262, 0, 
37, 1, 6, 28, -1, 387, 147, 23.3, 46, ABplppa, 462, 27424, 130318, 4752, , 27424, 25000, 27675, 27678, 0, 
38, 1, 40, 47, -1, 297, 154, 12.4, 41, MSapa, 396, 27781, 90121, 3244, , 27781, 25000, 28503, 28503, 0, 
39, 1, 38, 26, -1, 212, 249, 9.0, 43, MSaaa, 400, 27189, 97011, 3568, , 27189, 25000, 29966, 30005, 0, 
40, 1, 45, 44, -1, 403, 360, 21.2, 48, ABarppp, 473, 26360, 135384, 5136, , 26360, 25000, 27979, 27994, 0, 
41, 1, 22, 8, -1, 176, 179, 21.8, 45, ABalppa, 459, 27489, 117102, 4260, , 27489, 25000, 27761, 27761, 0, 
42, 1, 48, 50, -1, 346, 198, 21.8, 43, ABplapp, 437, 27096, 102423, 3780, , 27096, 25000, 27519, 27519, 0, 
43, 1, 14, 32, -1, 166, 278, 11.0, 41, ABalaap, -186, 26639, 85778, 3220, , 26639, 25000, 27815, 27841, 0, 
44, 1, 50, 18, -1, 511, 299, 23.5, 53, Cpa, 509, 27442, 193414, 7048, , 27442, 25000, 27806, 27806, 0, 
45, 1, 12, 46, -1, 457, 386, 18.7, 43, ABprapa, 409, 26856, 101729, 3788, , 26856, 25000, 27846, 27848, 0, 
46, 1, 1, 29, -1, 240, 344, 23.2, 48, ABarpaa, 486, 27056, 138962, 5136, , 27056, 25000, 28146, 28146, 0, 
47, 1, 26, 43, -1, 203, 254, 25.4, 48, ABplaaa, 477, 27211, 144216, 5300, , 27211, 25000, 27938, 27941, 0, 
48, 1, 20, 17, -1, 337, 396, 18.0, 46, ABpraaa, 437, 27100, 119673, 4416, , 27100, 25000, 27473, 27473, 0, 
49, 1, 30, 9, -1, 454, 252, 7.5, 39, MSppp, 350, 27902, 80357, 2880, , 27902, 25000, 30183, 30183, 0, 
50, 1, 29, 37, -1, 132, 316, 16.5, 41, ABalaaa, 418, 26694, 91400, 3424, , 26694, 25000, 27850, 27850, 0, 
51, 1, 10, 40, -1, 301, 203, 7.5, 43, MSaap, 417, 28771, 115775, 4024, , 28771, 25000, 31621, 31621, 0, 
52, 1, 25, 45, -1, 225, 277, 17.1, 44, ABalapp, 430, 26717, 104837, 3924, , 26717, 25000, 27819, 27819, 0, 
53, 1, 34, 33, -1, 581, 320, 15.1, 42, ABprppa, 129, 27435, 91304, 3328, , 27435, 25000, 28335, 28335, 0, 
54, 0, 54, -1, -1, 86, 265, 14.7, 32, , -143, -44, 42866, 1584, , 27062, 25000, 27106, 27106, 0, 
55, 0, 55, -1, -1, 113, 185, 24.3, 33, , 52, 1234, 48051, 1736, , 27679, 25000, 26445, 26445, 0, 
