1, 1, 24, 27, -1, 367, 228, 15.7, 45, Eal, 452, 27491, 117771, 4284, , 27491, 25000, 28382, 28382, 0, 
2, 1, 9, 49, -1, 405, 298, 14.9, 44, Ear, 205, 26794, 105141, 3924, , 26794, 25000, 28555, 28555, 0, 
3, 1, 20, 38, -1, 241, 149, 16.7, 45, ABalppp, 447, 26773, 114695, 4284, , 26773, 25000, 28540, 28540, 0, 
4, 0, 2, -1, -1, 90, 264, 17.6, 35, , 308, 2183, 56094, 1932, , 29034, 25000, 26960, 26851, 0, 
5, 1, 19, 34, -1, 189, 182, 13.0, 44, ABalpap, 436, 27096, 102314, 3776, , 27096, 25000, 28475, 28475, 0, 
6, 1, 16, 14, -1, 408, 382, 12.6, 47, ABpraap, 436, 27079, 137126, 5064, , 27079, 25000, 28318, 28318, 0, 
7, 1, 26, 9, -1, 513, 272, 14.1, 44, Epr, 435, 27143, 106511, 3924, , 27143, 25000, 28467, 28467, 0, 
8, 1, 41, 42, -1, 178, 178, 21.8, 46, ABalppa, 30, 26847, 122636, 4568, , 26847, 25000, 27952, 27952, 0, 
9, 1, 49, 47, -1, 456, 245, 7.1, 41, MSppp, 411, 28900, 89474, 3096, , 28900, 25000, 30649, 30649, 0, 
10, 1, 31, 50, -1, 524, 339, 16.3, 44, ABprapp, 402, 26544, 112016, 4220, , 26544, 25000, 27895, 27894, 0, 
11, 1, 8, 17, -1, 431, 118, 17.1, 43, ABplppp, 377, 27148, 97514, 3592, , 27148, 25000, 28174, 28179, 0, 
12, 1, 22, 23, -1, 457, 176, 8.5, 45, P4, 208, 28474, 127790, 4488, , 28474, 25000, 30232, 30232, 0, 
13, 1, 33, 13, -1, 359, 127, 15.5, 44, ABplpap, 430, 27634, 111201, 4024, , 27634, 25000, 28443, 28443, 0, 
14, 1, 4, 12, -1, 486, 379, 11.1, 43, ABprpaa, 363, 26197, 94099, 3592, , 26197, 25000, 27972, 27972, 0, 
15, 1, 1, 7, -1, 554, 184, 9.6, 42, Dp, -136, 27808, 101777, 3660, , 27808, 25000, 29364, 29364, 0, 
16, 1, 14, 39, -1, 331, 340, 23.7, 50, ABarppa, 470, 27302, 159881, 5856, , 27302, 25000, 27638, 27638, 0, 
17, 1, 48, 45, -1, 343, 393, 18.4, 45, ABpraaa, -73, 26654, 116000, 4352, , 26654, 25000, 27698, 27698, 0, 
18, 1, 44, 52, -1, 509, 286, 23.0, 53, Cpa, 524, 26357, 187979, 7132, , 26357, 25000, 27539, 27539, 0, 
19, 1, 23, 21, -1, 133, 229, 16.7, 43, ABalpaa, 154, 26719, 101213, 3788, , 26719, 25000, 28209, 28209, 0, 
20, 1, 10, 18, -1, 277, 381, 14.6, 45, ABarapa, 435, 26905, 117091, 4352, , 26905, 25000, 27918, 27918, 0, 
21, 1, 18, 46, -1, 289, 143, 22.4, 45, ABplpaa, 455, 27527, 119798, 4352, , 27527, 25000, 27579, 27587, 0, 
22, 1, 32, 51, -1, 402, 263, 24.1, 49, Caa, 493, 27073, 144353, 5332, , 27073, 25000, 27397, 27397, 0, 
23, 1, 7, 16, -1, 339, 349, 8.1, 43, ABarapp, 26, 27700, 99499, 3592, , 27700, 25000, 30487, 30487, 0, 
24, 1, 15, 15, -1, 526, 311, 9.1, 44, ABprpap, -227, 26925, 105654, 3924, , 26925, 25000, 29212, 29212, 0, 
25, 1, 29, 26, -1, 257, 317, 8.0, 43, ABaraap, 97, 27426, 97855, 3568, , 27426, 25000, 30842, 30903, 0, 
26, 1, 39, 35, -1, 215, 251, 8.5, 44, MSaaa, 440, 28440, 114443, 4024, , 28440, 25000, 30500, 30496, 0, 
27, 1, 5, 3, -1, 581, 253, 11.1, 41, ABprppp, 62, 27211, 84245, 3096, , 27211, 25000, 28259, 28259, 0, 
28, 1, 37, 10, -1, 384, 139, 23.1, 45, ABplppa, 421, 26845, 110710, 4124, , 26845, 25000, 27560, 27562, 0, 
29, 1, 46, 2, -1, 244, 347, 23.6, 48, ABarpaa, 469, 26951, 142842, 5300, , 26951, 25000, 27943, 27943, 0, 
30, 1, 6, 5, -1, 552, 174, 19.4, 50, Cpp, 479, 26760, 162275, 6064, , 26760, 25000, 27756, 27756, 0, 
31, 1, 17, 20, -1, 294, 263, 23.3, 47, ABplapa, 442, 26839, 132368, 4932, , 26839, 25000, 27372, 27368, 0, 
32, 1, 43, 31, -1, 170, 281, 11.9, 42, ABalaap, 372, 27472, 91426, 3328, , 27472, 25000, 28233, 28224, 0, 
33, 1, 53, 36, -1, 585, 315, 15.1, 42, ABprppa, 179, 26739, 88986, 3328, , 26739, 25000, 28239, 28242, 0, 
34, 1, 28, 37, -1, 459, 204, 17.3, 46, Epl, 463, 26647, 126627, 4752, , 26647, 25000, 28089, 28089, 0, 
35, 1, 11, 22, -1, 460, 173, 23.2, 49, Cap, 456, 27463, 150828, 5492, , 27463, 25000, 27674, 27672, 0, 
36, 1, 27, 4, -1, 484, 116, 14.4, 41, Da, 391, 27706, 89878, 3244, , 27706, 25000, 28825, 28853, 0, 
37, 1, 50, 1, -1, 134, 313, 17.0, 42, ABalaaa, 406, 26816, 92141, 3436, , 26816, 25000, 27749, 27749, 0, 
38, 1, 34, 29, -1, 194, 353, 14.6, 43, ABaraaa, 53, 26553, 101537, 3824, , 26553, 25000, 27857, 27857, 0, 
39, 1, 3, 25, -1, 408, 323, 7.7, 40, MSppa, 404, 27471, 83951, 3056, , 27471, 25000, 30139, 30139, 0, 
40, 1, 51, 8, -1, 297, 200, 7.4, 44, MSaap, 392, 29092, 124399, 4276, , 29092, 25000, 31586, 31586, 0, 
41, 1, 21, 19, -1, 309, 300, 16.1, 45, ABarpap, 28, 27518, 113483, 4124, , 27518, 25000, 27997, 27997, 0, 
42, 1, 36, 30, -1, 304, 284, 9.1, 42, MSpaa, 180, 26952, 89697, 3328, , 26952, 25000, 29424, 29481, 0, 
43, 1, 47, 44, -1, 205, 253, 25.2, 47, ABplaaa, 476, 27266, 129893, 4764, , 27266, 25000, 27811, 27812, 0, 
44, 1, 40, 32, -1, 412, 352, 20.5, 47, ABarppp, 473, 26958, 138888, 5152, , 26958, 25000, 27696, 27700, 0, 
45, 1, 52, 28, -1, 228, 277, 17.0, 44, ABalapp, 379, 26684, 100759, 3776, , 26684, 25000, 28144, 28144, 0, 
46, 1, 45, 40, -1, 474, 383, 19.4, 45, ABprapa, 164, 27174, 118262, 4352, , 27174, 25000, 27760, 27764, 0, 
47, 1, 38, 24, -1, 288, 154, 12.2, 42, MSapa, -268, 27384, 94312, 3444, , 27384, 25000, 28653, 28653, 0, 
48, 1, 35, 48, -1, 260, 204, 22.6, 45, ABplaap, 37, 27673, 120431, 4352, , 27673, 25000, 27588, 27596, 0, 
49, 1, 13, 33, -1, 389, 230, 7.3, 43, MSpap, 432, 29912, 113306, 3788, , 29912, 25000, 31199, 31199, 0, 
50, 1, 42, 6, -1, 343, 192, 21.7, 44, ABplapp, -12, 26279, 110899, 4220, , 26279, 25000, 27302, 27301, 0, 
51, 1, 25, 41, -1, 376, 160, 8.8, 40, MSapp, 359, 28246, 84737, 3000, , 28246, 25000, 29785, 29785, 0, 
52, 0, 30, -1, -1, 411, 378, 8.5, 32, , 233, 512, 0, 0, , 0, 0, 0, 0, 0, 
53, 1, 12, 11, -1, 180, 312, 22.5, 44, ABalapa, 349, 27049, 108846, 4024, , 27049, 25000, 27892, 27893, 0, 
54, 0, 54, -1, -1, 89, 262, 14.7, 32, , 168, 1441, 44256, 1584, , 27939, 25000, 26498, 26498, 0, 
55, 0, 55, -1, -1, 122, 184, 25.4, 35, , 200, -198, 52008, 1932, , 26919, 25000, 27117, 27117, 0, 
