1, 1, 48, 43, -1, 261, 209, 23.1, 48, ABplaap, 473, 27374, 143002, 5224, , 27374, 25000, 27715, 27726, 0, 
2, 1, 1, 26, -1, 129, 310, 17.2, 42, ABalaaa, 391, 26764, 92176, 3444, , 26764, 25000, 27597, 27597, 0, 
3, 1, 29, 4, -1, 196, 354, 14.2, 43, ABaraaa, 403, 26681, 100856, 3780, , 26681, 25000, 27724, 27724, 0, 
4, 1, 14, 11, -1, 404, 381, 12.7, 46, ABpraap, 442, 26941, 128024, 4752, , 26941, 25000, 28246, 28246, 0, 
5, 1, 24, 6, -1, 288, 149, 11.6, 42, MSapa, 403, 26982, 98754, 3660, , 26982, 25000, 28332, 28329, 0, 
6, 1, 5, 33, -1, 553, 175, 19.2, 48, Cpp, 200, 26873, 138020, 5136, , 26873, 25000, 27962, 27962, 0, 
7, 1, 17, 38, -1, 435, 117, 17.1, 45, ABplppp, 405, 26905, 110956, 4124, , 26905, 25000, 28085, 28089, 0, 
8, 1, 25, 3, -1, 405, 322, 7.5, 42, MSppa, 374, 27886, 100613, 3608, , 27886, 25000, 30693, 30693, 0, 
9, 0, 43, -1, -1, 87, 263, 17.6, 35, , 324, 1813, 55058, 1932, , 28498, 25000, 26665, 26685, 0, 
10, 1, 28, 54, -1, 225, 292, 17.3, 44, ABalapp, 439, 27193, 114753, 4220, , 27193, 25000, 27947, 27947, 0, 
11, 1, 3, 23, -1, 576, 249, 11.2, 43, ABprppp, 428, 27840, 105234, 3780, , 27840, 25000, 28766, 28766, 0, 
12, 1, 18, 42, -1, 281, 377, 13.6, 44, ABarapa, 289, 27428, 117284, 4276, , 27428, 25000, 28301, 28301, 0, 
13, 1, 9, 14, -1, 504, 270, 13.8, 45, Epr, 437, 27197, 115861, 4260, , 27197, 25000, 28359, 28360, 0, 
14, 1, 23, 31, -1, 452, 180, 8.2, 44, P4, -75, 27635, 109433, 3960, , 27635, 25000, 30860, 30860, 0, 
15, 1, 2, 2, -1, 251, 355, 22.7, 48, ABarpaa, 476, 26985, 143239, 5308, , 26985, 25000, 27981, 27981, 0, 
16, 1, 30, 36, -1, 302, 283, 9.9, 41, MSpaa, 410, 27219, 84271, 3096, , 27219, 25000, 28507, 28513, 0, 
17, 1, 36, 29, -1, 584, 316, 15.5, 42, ABprppa, 138, 26980, 97344, 3608, , 26980, 25000, 27954, 27939, 0, 
18, 1, 22, 9, -1, 466, 171, 24.0, 49, Cap, 470, 27134, 153685, 5664, , 27134, 25000, 27748, 27748, 0, 
19, 1, 50, 22, -1, 527, 329, 16.2, 43, ABprapp, 428, 26620, 100622, 3780, , 26620, 25000, 27704, 27700, 0, 
20, 1, 46, 53, -1, 280, 143, 22.3, 44, ABplpaa, 442, 27234, 114927, 4220, , 27234, 25000, 27916, 27919, 0, 
21, 1, 33, 48, -1, 387, 230, 7.2, 42, MSpap, 181, 28909, 99562, 3444, , 28909, 25000, 31804, 31804, 0, 
22, 1, 51, 39, -1, 396, 252, 24.2, 48, Caa, 482, 27232, 139864, 5136, , 27232, 25000, 27373, 27373, 0, 
23, 1, 7, 41, -1, 553, 186, 10.1, 41, Dp, 210, 26827, 83056, 3096, , 26827, 25000, 29156, 29156, 0, 
24, 1, 11, 20, -1, 181, 316, 21.8, 44, ABalapa, -325, 28034, 111014, 3960, , 28034, 25000, 28045, 28045, 0, 
25, 1, 12, 21, -1, 479, 386, 11.9, 43, ABprpaa, 415, 26810, 96301, 3592, , 26810, 25000, 28297, 28297, 0, 
26, 1, 16, 37, -1, 340, 349, 8.4, 42, ABarapp, 387, 28073, 102746, 3660, , 28073, 25000, 30240, 30240, 0, 
27, 1, 41, 46, -1, 380, 148, 9.1, 40, MSapp, 392, 27153, 81134, 2988, , 27153, 25000, 29695, 29695, 0, 
28, 1, 44, 15, -1, 205, 259, 25.1, 47, ABplaaa, 470, 26957, 125942, 4672, , 26957, 25000, 27565, 27564, 0, 
29, 1, 13, 52, -1, 352, 127, 16.1, 45, ABplpap, 410, 27052, 111562, 4124, , 27052, 25000, 28134, 28134, 0, 
30, 1, 8, 10, -1, 294, 197, 7.6, 42, MSaap, 258, 27978, 102400, 3660, , 27978, 25000, 31379, 31381, 0, 
31, 1, 49, 17, -1, 400, 300, 14.0, 45, Ear, 531, 27289, 117232, 4296, , 27289, 25000, 28889, 28889, 0, 
32, 1, 6, 24, -1, 342, 191, 20.9, 45, ABplapp, 433, 26529, 109404, 4124, , 26529, 25000, 27336, 27336, 0, 
33, 1, 40, 51, -1, 477, 376, 20.0, 46, ABprapa, 436, 26885, 118724, 4416, , 26885, 25000, 27507, 27507, 0, 
34, 1, 4, 28, -1, 494, 123, 14.4, 41, Da, 395, 26607, 86313, 3244, , 26607, 25000, 28807, 28808, 0, 
35, 1, 21, 49, -1, 136, 228, 16.7, 42, ABalpaa, 386, 27517, 99941, 3632, , 27517, 25000, 28315, 28315, 0, 
36, 1, 42, 40, -1, 180, 176, 21.8, 46, ABalppa, 461, 27460, 125436, 4568, , 27460, 25000, 27924, 27924, 0, 
37, 1, 37, 8, -1, 455, 195, 16.6, 46, Epl, 442, 26780, 129081, 4820, , 26780, 25000, 28642, 28642, 0, 
38, 1, 52, 1, 19, 503, 276, 23.0, 50, Cpa, 344, 26635, 154485, 5800, , 26635, 25000, 27639, 27639, 0, 
39, 1, 31, 5, -1, 173, 285, 12.9, 42, ABalaap, -120, 26494, 88171, 3328, , 26494, 25000, 28174, 28174, 0, 
40, 1, 10, 13, -1, 384, 140, 23.3, 45, ABplppa, 443, 27317, 117028, 4284, , 27317, 25000, 27328, 27328, 0, 
41, 1, 47, 44, -1, 456, 247, 6.9, 41, MSppp, 408, 29482, 91275, 3096, , 29482, 25000, 30934, 30934, 0, 
42, 1, 20, 16, -1, 298, 266, 23.5, 46, ABplapa, 455, 26749, 125187, 4680, , 26749, 25000, 27359, 27352, 0, 
43, 1, 32, 27, -1, 410, 349, 19.5, 46, ABarppp, 459, 27328, 127897, 4680, , 27328, 25000, 27757, 27757, 0, 
44, 1, 19, 18, -1, 303, 299, 15.9, 44, ABarpap, 448, 26944, 105729, 3924, , 26944, 25000, 28017, 28017, 0, 
45, 1, 27, 45, -1, 368, 222, 14.6, 47, Eal, 437, 27581, 139672, 5064, , 27581, 25000, 28646, 28646, 0, 
46, 1, 38, 50, -1, 245, 157, 16.1, 44, ABalppp, 440, 26591, 104343, 3924, , 26591, 25000, 28201, 28201, 0, 
47, 1, 26, 47, -1, 253, 318, 8.1, 44, ABaraap, -273, 27299, 107123, 3924, , 27299, 25000, 31036, 31047, 0, 
48, 1, 35, 12, -1, 216, 255, 8.4, 44, MSaaa, 429, 27870, 119174, 4276, , 27870, 25000, 31005, 31005, 0, 
49, 1, 34, 30, -1, 183, 184, 12.9, 45, ABalpap, 441, 26694, 110088, 4124, , 26694, 25000, 28342, 28342, 0, 
50, 1, 39, 32, -1, 330, 339, 23.1, 48, ABarppa, 465, 27378, 143022, 5224, , 27378, 25000, 27645, 27645, 0, 
51, 1, 15, 7, -1, 525, 319, 9.0, 44, ABprpap, 420, 26926, 101673, 3776, , 26926, 25000, 29697, 29697, 0, 
52, 1, 45, 25, -1, 341, 392, 18.8, 46, ABpraaa, 462, 26549, 121278, 4568, , 26549, 25000, 27694, 27694, 0, 
53, 0, 54, -1, -1, 87, 263, 14.7, 31, , 175, -480, 35901, 1368, , 26243, 25000, 26723, 26723, 0, 
54, 0, -1, -1, -1, 408, 385, 8.3, 29, , 79, -816, 29728, 1068, , 27835, 25000, 28651, 28651, 0, 
55, 0, 55, -1, -1, 104, 203, 23.6, 31, , 236, -292, 34938, 1332, , 26230, 25000, 26522, 26522, 0, 
