1, 1, 38, 18, -1, 504, 312, 23.6, 41, Cpaa, 289, 27017, 87642, 3244, , 27017, 25000, 27721, 27721, 0, 
2, 1, 15, 48, -1, 262, 356, 22.4, 46, ABarpaa, 252, 27136, 130794, 4820, , 27136, 25000, 27689, 27689, 0, 
3, 1, 8, 40, -1, 405, 323, 7.5, 41, MSppa, 149, 28578, 97850, 3424, , 28578, 25000, 30738, 30738, 0, 
4, 1, 3, 1, -1, 199, 354, 13.8, 43, ABaraaa, 317, 26012, 98327, 3780, , 26012, 25000, 28129, 28129, 0, 
5, 1, 39, 8, -1, 173, 286, 13.9, 43, ABalaap, 384, 26954, 96820, 3592, , 26954, 25000, 27982, 27982, 0, 
6, 1, 5, 29, -1, 287, 150, 11.1, 42, MSapa, 419, 27436, 91307, 3328, , 27436, 25000, 28753, 28739, 0, 
7, 1, 51, 21, -1, 527, 315, 9.1, 44, ABprpap, 435, 26494, 103962, 3924, , 26494, 25000, 29630, 29630, 0, 
8, 1, 37, 17, -1, 454, 206, 16.4, 46, Epl, 463, 26842, 129379, 4820, , 26842, 25000, 28314, 28314, 0, 
9, 1, 18, 23, -1, 466, 172, 24.1, 48, Cap, 482, 27960, 146064, 5224, , 27960, 25000, 27827, 27827, 0, 
10, 1, 30, 14, -1, 286, 198, 7.3, 44, MSaap, 408, 28981, 122300, 4220, , 28981, 25000, 32030, 32045, 0, 
11, 1, 4, 38, -1, 409, 384, 12.5, 46, ABpraap, -49, 26922, 125996, 4680, , 26922, 25000, 28531, 28531, 0, 
12, 1, 48, 27, -1, 212, 254, 8.5, 42, MSaaa, 421, 27296, 98484, 3608, , 27296, 25000, 30642, 30642, 0, 
13, 1, 40, 50, -1, 381, 140, 23.5, 44, ABplppa, 420, 27441, 110421, 4024, , 27441, 25000, 27726, 27726, 0, 
14, 1, 13, 26, -1, 503, 268, 14.3, 46, Epr, 229, 27344, 129941, 4752, , 27344, 25000, 28643, 28643, 0, 
15, 1, 28, 54, -1, 211, 268, 24.6, 46, ABplaaa, 461, 27205, 131128, 4820, , 27205, 25000, 27858, 27858, 0, 
16, 1, 42, 49, -1, 304, 266, 23.5, 45, ABplapa, 439, 27028, 121300, 4488, , 27028, 25000, 27195, 27195, 0, 
17, 1, 31, 6, -1, 398, 297, 14.2, 44, Ear, 444, 27105, 107336, 3960, , 27105, 25000, 28931, 28931, 0, 
18, 1, 44, 47, -1, 306, 299, 15.7, 44, ABarpap, 435, 27712, 116943, 4220, , 27712, 25000, 27918, 27918, 0, 
19, 1, 38, 34, -1, 519, 251, 22.4, 40, Cpap, 264, 27183, 82746, 3044, , 27183, 25000, 27604, 27604, 0, 
20, 1, 24, 19, -1, 185, 327, 21.9, 44, ABalapa, 444, 27452, 107723, 3924, , 27452, 25000, 28089, 28089, 0, 
21, 1, 25, 24, -1, 485, 379, 11.2, 43, ABprpaa, 428, 26905, 101700, 3780, , 26905, 25000, 28249, 28249, 0, 
22, 1, 19, 15, -1, 537, 324, 16.5, 44, ABprapp, 443, 26672, 107330, 4024, , 26672, 25000, 27810, 27791, 0, 
23, 1, 11, 22, -1, 572, 245, 10.9, 42, ABprppp, 426, 27857, 92707, 3328, , 27857, 25000, 28892, 28892, 0, 
24, 1, 32, 37, -1, 350, 194, 20.6, 44, ABplapp, 432, 27799, 118867, 4276, , 27799, 25000, 27536, 27536, 0, 
25, 1, 52, 16, -1, 352, 394, 18.5, 46, ABpraaa, 461, 26803, 125440, 4680, , 26803, 25000, 27557, 27557, 0, 
26, 1, 2, 3, -1, 129, 304, 18.1, 42, ABalaaa, 214, 27363, 91064, 3328, , 27363, 25000, 27836, 27836, 0, 
27, 1, 43, 52, -1, 418, 348, 19.6, 46, ABarppp, 442, 27263, 131409, 4820, , 27263, 25000, 27685, 27685, 0, 
28, 1, 34, 30, -1, 488, 126, 14.5, 41, Da, 392, 27017, 92505, 3424, , 27017, 25000, 28981, 28983, 0, 
29, 1, 17, 25, -1, 592, 304, 15.1, 43, ABprppa, 411, 27659, 99352, 3592, , 27659, 25000, 28185, 28196, 0, 
30, 1, 49, 35, -1, 177, 186, 13.0, 45, ABalpap, 410, 27242, 117030, 4296, , 27242, 25000, 28778, 28778, 0, 
31, 1, 14, 10, -1, 458, 182, 8.3, 44, P4, 426, 27618, 116546, 4220, , 27618, 25000, 30657, 30657, 0, 
32, 1, 50, 9, -1, 336, 335, 22.9, 47, ABarppa, 467, 27582, 128861, 4672, , 27582, 25000, 27785, 27785, 0, 
33, 1, 6, 12, -1, 551, 170, 19.4, 48, Cpp, 162, 27195, 144135, 5300, , 27195, 25000, 27735, 27735, 0, 
34, 0, 9, -1, -1, 88, 263, 17.5, 34, , 325, 1838, 48514, 1688, , 28741, 25000, 26985, 26903, 0, 
35, 0, 53, -1, -1, 88, 263, 14.6, 32, , 283, 526, 40521, 1484, , 27305, 25000, 26779, 26779, 0, 
36, 1, 16, 28, -1, 301, 283, 9.7, 41, MSpaa, -529, 27528, 91172, 3312, , 27528, 25000, 28654, 28658, 0, 
37, 1, 26, 5, -1, 341, 348, 8.5, 42, ABarapp, 149, 27114, 97828, 3608, , 27114, 25000, 30045, 30045, 0, 
38, 1, 7, 43, -1, 430, 119, 17.1, 44, ABplppp, 400, 26780, 105086, 3924, , 26780, 25000, 27823, 27826, 0, 
39, 1, 22, 46, -1, 401, 254, 23.9, 49, Caa, 175, 27319, 145667, 5332, , 27319, 25000, 27272, 27272, 0, 
40, 1, 36, 42, -1, 179, 178, 21.9, 46, ABalppa, 426, 27229, 120898, 4440, , 27229, 25000, 28225, 28225, 0, 
41, 1, 23, 33, -1, 547, 186, 10.1, 40, Dp, -83, 26791, 80053, 2988, , 26791, 25000, 29446, 29446, 0, 
42, 1, 12, 13, -1, 285, 379, 13.3, 42, ABarapa, 366, 26009, 94465, 3632, , 26009, 25000, 28145, 28145, 0, 
43, 1, 1, 53, -1, 263, 205, 23.4, 47, ABplaap, 467, 26735, 135386, 5064, , 26735, 25000, 27716, 27720, 0, 
44, 1, 41, 44, -1, 462, 249, 6.5, 41, MSppp, 19, 30031, 102825, 3424, , 30031, 25000, 30767, 30767, 0, 
45, 1, 45, 36, -1, 365, 224, 14.3, 46, Eal, 468, 26794, 127324, 4752, , 26794, 25000, 28651, 28651, 0, 
46, 1, 27, 41, -1, 385, 146, 9.0, 42, MSapp, 373, 28257, 97090, 3436, , 28257, 25000, 29811, 29811, 0, 
47, 1, 47, 2, -1, 249, 315, 8.0, 44, ABaraap, 433, 26678, 100737, 3776, , 26678, 25000, 30913, 30919, 0, 
48, 1, 21, 39, -1, 390, 225, 6.7, 43, MSpap, 402, 30378, 115073, 3788, , 30378, 25000, 31751, 31751, 0, 
49, 1, 35, 4, -1, 135, 228, 16.9, 43, ABalpaa, 382, 27358, 98269, 3592, , 27358, 25000, 28090, 28090, 0, 
50, 1, 46, 45, -1, 243, 156, 16.0, 44, ABalppp, 417, 27229, 102817, 3776, , 27229, 25000, 28453, 28453, 0, 
51, 1, 33, 51, -1, 484, 380, 18.9, 45, ABprapa, 224, 27074, 111652, 4124, , 27074, 25000, 27723, 27723, 0, 
52, 1, 29, 11, -1, 350, 126, 16.2, 45, ABplpap, 439, 26796, 114149, 4260, , 26796, 25000, 28614, 28614, 0, 
53, 1, 20, 20, -1, 280, 141, 21.8, 45, ABplpaa, 404, 27284, 116230, 4260, , 27284, 25000, 27969, 27971, 0, 
54, 1, 10, 31, -1, 234, 294, 17.5, 43, ABalapp, 421, 27328, 109966, 4024, , 27328, 25000, 28110, 28110, 0, 
55, 0, 54, -1, -1, 420, 371, 7.9, 22, , 67, -697, 13012, 464, , 28043, 25000, 28740, 28740, 0, 
56, 0, 55, -1, -1, 117, 181, 23.9, 36, , 388, 394, 61224, 2276, , 26900, 25000, 26506, 26506, 0, 
