1, 1, 8, 40, -1, 170, 281, 14.1, 41, ABalaap, 382, 26753, 82826, 3096, , 26753, 25000, 28157, 28151, 0, 
2, 1, 6, 30, -1, 397, 280, 13.6, 45, Ear, 179, 27606, 120142, 4352, , 27606, 25000, 28772, 28774, 0, 
3, 1, 21, 36, -1, 532, 308, 9.3, 43, ABprpap, 381, 26668, 101017, 3788, , 26668, 25000, 29027, 29027, 0, 
4, 1, 27, 43, -1, 196, 246, 8.5, 43, MSaaa, 432, 27775, 111768, 4024, , 27775, 25000, 31006, 31006, 0, 
5, 0, 32, -1, -1, 89, 263, 17.7, 35, , 315, 725, 56368, 2040, , 27631, 25000, 26923, 26906, 0, 
6, 1, 4, 45, -1, 140, 229, 17.9, 44, ABalpaa, 147, 26532, 104111, 3924, , 26532, 25000, 27940, 27940, 0, 
7, 1, 3, 5, -1, 131, 311, 17.6, 42, ABalaaa, 165, 26395, 96606, 3660, , 26395, 25000, 27479, 27479, 0, 
8, 1, 39, 20, -1, 389, 208, 6.9, 44, MSpap, 427, 30171, 118391, 3924, , 30171, 25000, 31371, 31371, 0, 
9, 1, 31, 47, -1, 229, 290, 17.4, 43, ABalapp, 406, 26609, 101751, 3824, , 26609, 25000, 27970, 27970, 0, 
10, 1, 12, 46, 50, 571, 188, 19.1, 48, Cpp, 486, 26842, 140225, 5224, , 26842, 25000, 27994, 27994, 0, 
11, 1, 9, 14, -1, 336, 336, 21.3, 46, ABarppa, 463, 26701, 126883, 4752, , 26701, 25000, 27679, 27679, 0, 
12, 1, 30, 23, -1, 491, 129, 15.0, 41, Da, 50, 26915, 86665, 3220, , 26915, 25000, 28601, 28610, 0, 
13, 1, 5, 27, -1, 338, 334, 7.5, 42, ABarapp, 109, 28362, 102329, 3608, , 28362, 25000, 31607, 31607, 0, 
14, 1, 2, 48, -1, 245, 311, 7.9, 42, ABaraap, -64, 26858, 89385, 3328, , 26858, 25000, 30818, 30818, 0, 
15, 1, 46, 32, -1, 442, 265, 23.5, 43, Caap, 328, 26604, 107056, 4024, , 26604, 25000, 27259, 27269, 0, 
16, 1, 49, 37, -1, 305, 277, 24.0, 44, ABplapa, 446, 26522, 100147, 3776, , 26522, 25000, 27216, 27216, 0, 
17, 1, 20, 51, -1, 283, 140, 22.3, 46, ABplpaa, 459, 27035, 128468, 4752, , 27035, 25000, 27500, 27500, 0, 
18, 1, 13, 11, -1, 283, 372, 12.4, 41, ABarapa, 415, 26637, 86412, 3244, , 26637, 25000, 28127, 28127, 0, 
19, 1, 36, 54, -1, 367, 218, 14.3, 45, Eal, 448, 26898, 115229, 4284, , 26898, 25000, 28623, 28623, 0, 
20, 1, 10, 2, -1, 457, 171, 8.5, 43, P4, 2, 27263, 109707, 4024, , 27263, 25000, 30294, 30294, 0, 
21, 1, 44, 21, -1, 463, 235, 6.8, 40, MSppp, 398, 29664, 88992, 3000, , 29664, 25000, 31183, 31183, 0, 
22, 1, 1, 41, -1, 201, 346, 12.6, 42, ABaraaa, 26, 26453, 96817, 3660, , 26453, 25000, 27864, 27864, 0, 
23, 1, 34, 49, -1, 538, 251, 23.4, 36, Cpap, 190, 28307, 59784, 2112, , 28307, 25000, 27966, 27966, 0, 
24, 1, 33, 12, -1, 547, 175, 10.8, 41, Dp, 388, 27618, 86943, 3148, , 27618, 25000, 29050, 29050, 0, 
25, 1, 22, 52, -1, 571, 243, 10.5, 42, ABprppp, 177, 27262, 98360, 3608, , 27262, 25000, 28517, 28517, 0, 
26, 1, 29, 33, -1, 296, 147, 10.9, 43, MSapa, 407, 26948, 96797, 3592, , 26948, 25000, 28660, 28659, 0, 
27, 1, 24, 16, -1, 483, 370, 10.0, 42, ABprpaa, -198, 26411, 90748, 3436, , 26411, 25000, 28038, 28038, 0, 
28, 1, 16, 10, -1, 342, 392, 16.7, 43, ABpraaa, 417, 27939, 105832, 3788, , 27939, 25000, 27520, 27520, 0, 
29, 1, 38, 34, -1, 405, 379, 11.9, 45, ABpraap, 448, 26639, 109860, 4124, , 26639, 25000, 28018, 28018, 0, 
30, 1, 17, 44, -1, 454, 205, 16.5, 46, Epl, 435, 26887, 125831, 4680, , 26887, 25000, 28178, 28178, 0, 
31, 0, 7, -1, -1, 114, 179, 23.2, 36, , 300, 898, 62877, 2280, , 27578, 25000, 26680, 26680, 0, 
32, 1, 35, 4, -1, 184, 188, 14.4, 44, ABalpap, 136, 26965, 115303, 4276, , 26965, 25000, 28425, 28425, 0, 
33, 1, 23, 9, -1, 471, 186, 24.2, 49, Cap, 484, 27162, 149172, 5492, , 27162, 25000, 27425, 27425, 0, 
34, 1, 52, 13, -1, 413, 339, 18.3, 48, ABarppp, 446, 27133, 144020, 5308, , 27133, 25000, 27873, 27873, 0, 
35, 1, 43, 55, -1, 438, 119, 17.6, 42, ABplppp, 423, 27035, 98949, 3660, , 27035, 25000, 27475, 27473, 0, 
36, 1, 18, 56, -1, 505, 325, 23.8, 45, Cpaa, 457, 26958, 114839, 4260, , 26958, 25000, 27700, 27700, 0, 
37, 1, 45, 19, -1, 256, 163, 16.4, 44, ABalppp, 442, 27176, 116206, 4276, , 27176, 25000, 28250, 28250, 0, 
38, 1, 25, 1, -1, 594, 308, 15.6, 43, ABprppa, 403, 26905, 102884, 3824, , 26905, 25000, 28105, 28110, 0, 
39, 1, 54, 38, -1, 212, 278, 24.0, 47, ABplaaa, 381, 27249, 136574, 5012, , 27249, 25000, 27708, 27711, 0, 
40, 1, 28, 28, -1, 296, 268, 8.9, 42, MSpaa, 368, 27436, 91308, 3328, , 27436, 25000, 29426, 29426, 0, 
41, 1, 47, 25, -1, 302, 297, 15.2, 43, ABarpap, 167, 27299, 103189, 3780, , 27299, 25000, 27740, 27740, 0, 
42, 1, 51, 53, -1, 481, 378, 17.4, 43, ABprapa, 416, 26881, 102792, 3824, , 26881, 25000, 27810, 27810, 0, 
43, 1, 53, 42, -1, 237, 205, 24.0, 40, ABplaapa, 291, 27577, 85157, 3088, , 27577, 25000, 27441, 27521, 0, 
44, 1, 40, 29, -1, 414, 311, 7.0, 41, MSppa, 412, 28766, 92625, 3220, , 28766, 25000, 31288, 31288, 0, 
45, 1, 48, 8, -1, 253, 357, 20.5, 44, ABarpaa, 129, 27198, 109445, 4024, , 27198, 25000, 27763, 27763, 0, 
46, 1, 42, 7, -1, 187, 171, 22.0, 44, ABalppa, 109, 27211, 102749, 3776, , 27211, 25000, 27893, 27898, 0, 
47, 1, 41, 24, -1, 385, 134, 10.0, 41, MSapp, 402, 26926, 86703, 3220, , 26926, 25000, 28603, 28603, 0, 
48, 0, 56, -1, -1, 89, 262, 14.7, 32, , 192, 422, 43002, 1584, , 27148, 25000, 26726, 26726, 0, 
49, 1, 50, 26, -1, 392, 145, 24.1, 44, ABplppa, 444, 27247, 106916, 3924, , 27247, 25000, 27349, 27350, 0, 
50, 1, 14, 35, -1, 285, 194, 7.2, 42, MSaap, 426, 30399, 104695, 3444, , 30399, 25000, 32447, 32466, 0, 
51, 1, 37, 3, -1, 360, 197, 21.3, 45, ABplapp, 443, 27082, 116020, 4284, , 27082, 25000, 27330, 27329, 0, 
52, 1, 26, 22, -1, 496, 262, 13.9, 46, Epr, 1118, 26543, 117852, 4440, , 26543, 25000, 28594, 28594, 0, 
53, 1, 46, 39, -1, 390, 291, 24.3, 43, Caaa, 394, 27419, 103863, 3788, , 27419, 25000, 27328, 27350, 0, 
54, 1, 53, 18, -1, 275, 214, 23.4, 40, ABplaapp, 296, 27127, 82576, 3044, , 27127, 25000, 27384, 27458, 0, 
55, 1, 15, 15, -1, 535, 316, 16.2, 44, ABprapp, 428, 27180, 107632, 3960, , 27180, 25000, 27801, 27839, 0, 
56, 1, 11, 31, -1, 356, 131, 17.7, 44, ABplpap, 173, 26374, 111297, 4220, , 26374, 25000, 28306, 28306, 0, 
57, 1, 19, 6, -1, 181, 333, 21.5, 42, ABalapa, 419, 27029, 97522, 3608, , 27029, 25000, 28029, 28030, 0, 
58, 0, 55, -1, -1, 413, 363, 8.4, 30, , 419, 513, 33798, 1156, , 29237, 25000, 28680, 28724, 0, 
