1, 1, 38, 20, -1, 593, 307, 15.3, 43, ABprppa, 379, 27059, 102501, 3788, , 27059, 25000, 28155, 28185, 0, 
2, 1, 20, 45, -1, 452, 162, 8.8, 44, P4, -472, 27065, 107177, 3960, , 27065, 25000, 30082, 30083, 0, 
3, 1, 51, 2, -1, 365, 208, 21.9, 45, ABplapp, 457, 26297, 108448, 4124, , 26297, 25000, 27294, 27294, 0, 
4, 1, 32, 25, -1, 185, 186, 14.9, 44, ABalpap, 401, 27119, 106415, 3924, , 27119, 25000, 28147, 28147, 0, 
5, 1, 7, 27, -1, 130, 309, 16.8, 42, ABalaaa, 366, 27351, 94196, 3444, , 27351, 25000, 27690, 27693, 0, 
6, 1, 57, 31, -1, 180, 329, 20.0, 42, ABalapa, 396, 26568, 91289, 3436, , 26568, 25000, 27941, 27943, 0, 
7, 1, 46, 51, -1, 185, 173, 22.1, 44, ABalppa, 441, 27220, 106810, 3924, , 27220, 25000, 27668, 27675, 0, 
8, 1, 45, 19, 59, 249, 366, 18.9, 44, ABarpaa, 338, 26935, 105693, 3924, , 26935, 25000, 27982, 27982, 0, 
9, 1, 33, 3, 28, 473, 196, 24.0, 48, Cap, 357, 26888, 137345, 5108, , 26888, 25000, 27485, 27485, 0, 
10, 1, 28, 37, -1, 341, 388, 15.5, 43, ABpraaa, 431, 26261, 105675, 4024, , 26261, 25000, 27527, 27527, 0, 
11, 1, 18, 11, -1, 285, 364, 10.5, 42, ABarapa, -82, 27319, 98568, 3608, , 27319, 25000, 28499, 28499, 0, 
12, 1, 24, 17, -1, 548, 165, 11.0, 43, Dp, 136, 27108, 96721, 3568, , 27108, 25000, 29088, 29088, 0, 
13, 1, 34, 48, -1, 413, 338, 18.1, 46, ABarppp, 465, 26757, 118803, 4440, , 26757, 25000, 27866, 27866, 0, 
14, 1, 11, 63, -1, 332, 343, 20.7, 45, ABarppa, 228, 27140, 116266, 4284, , 27140, 25000, 27313, 27313, 0, 
15, 1, 55, 21, -1, 534, 320, 16.0, 43, ABprapp, 417, 26923, 96062, 3568, , 26923, 25000, 27647, 27630, 0, 
16, 1, 27, 43, -1, 482, 360, 9.5, 42, ABprpaa, 417, 26656, 96175, 3608, , 26656, 25000, 28567, 28567, 0, 
17, 0, 48, -1, -1, 90, 264, 14.6, 32, , 183, 1106, 41376, 1484, , 27881, 25000, 26775, 26775, 0, 
18, 1, 54, 62, -1, 286, 224, 22.8, 42, ABplaapp, 334, 26965, 92867, 3444, , 26965, 25000, 26986, 26992, 0, 
19, 1, 37, 23, 66, 260, 167, 17.2, 43, ABalppp, 294, 26919, 101754, 3780, , 26919, 25000, 28298, 28298, 0, 
20, 1, 8, 49, -1, 386, 197, 7.2, 42, MSpap, 392, 29239, 100700, 3444, , 29239, 25000, 32097, 32097, 0, 
21, 1, 21, 10, -1, 461, 223, 6.6, 41, MSppp, 357, 29721, 96416, 3244, , 29721, 25000, 30952, 30952, 0, 
22, 1, 52, 16, -1, 492, 258, 13.6, 46, Epr, 432, 26608, 128249, 4820, , 26608, 25000, 28207, 28207, 0, 
23, 1, 12, 13, -1, 497, 134, 15.0, 42, Da, 320, 27236, 93584, 3436, , 27236, 25000, 28521, 28502, 0, 
24, 1, 47, 15, -1, 389, 123, 11.5, 42, MSapp, 364, 27733, 100061, 3608, , 27733, 25000, 28102, 28102, 0, 
25, 1, 41, 39, -1, 302, 298, 14.9, 44, ABarpap, -135, 27115, 106399, 3924, , 27115, 25000, 28279, 28279, 0, 
26, 1, 49, 53, -1, 400, 147, 24.3, 43, ABplppa, 420, 26455, 100213, 3788, , 26455, 25000, 27671, 27671, 0, 
27, 1, 13, 40, -1, 352, 318, 7.3, 43, ABarapp, 382, 28351, 107395, 3788, , 28351, 25000, 31223, 31223, 0, 
28, 1, 40, 32, -1, 299, 254, 9.0, 44, MSpaa, 407, 27676, 104505, 3776, , 27676, 25000, 29164, 29164, 0, 
29, 1, 44, 65, -1, 418, 295, 6.9, 41, MSppa, 376, 29503, 91340, 3096, , 29503, 25000, 31006, 31006, 0, 
30, 1, 2, 18, -1, 399, 273, 13.5, 45, Ear, 86, 27132, 121767, 4488, , 27132, 25000, 28867, 28869, 0, 
31, 1, 56, 54, -1, 353, 134, 18.8, 44, ABplpap, 443, 27127, 107423, 3960, , 27127, 25000, 28253, 28253, 0, 
32, 1, 15, 57, -1, 452, 269, 24.0, 43, Caap, 375, 26974, 96244, 3568, , 26974, 25000, 27427, 27427, 0, 
33, 1, 26, 22, -1, 301, 139, 11.9, 42, MSapa, 409, 26652, 88698, 3328, , 26652, 25000, 28502, 28504, 0, 
34, 1, 29, 24, 64, 404, 375, 11.4, 46, ABpraap, 297, 26649, 128448, 4820, , 26649, 25000, 28416, 28416, 0, 
35, 1, 50, 47, -1, 283, 182, 7.8, 43, MSaap, 428, 28440, 107502, 3780, , 28440, 25000, 32116, 32116, 0, 
36, 1, 3, 6, -1, 533, 303, 9.5, 43, ABprpap, -3, 26586, 106984, 4024, , 26586, 25000, 29079, 29079, 0, 
37, 1, 16, 29, 38, 299, 291, 24.5, 45, ABplapa, 6, 27390, 122928, 4488, , 27390, 25000, 27064, 27064, 0, 
38, 1, 39, 26, 55, 217, 281, 24.4, 46, ABplaaa, 341, 27032, 130295, 4820, , 27032, 25000, 27506, 27506, 0, 
39, 1, 53, 42, -1, 397, 307, 24.3, 42, Caaa, 321, 27293, 99127, 3632, , 27293, 25000, 27483, 27483, 0, 
40, 1, 1, 44, -1, 174, 274, 13.8, 42, ABalaap, 378, 26931, 92750, 3444, , 26931, 25000, 27870, 27872, 0, 
41, 1, 22, 41, -1, 203, 337, 12.1, 43, ABaraaa, 23, 26713, 95952, 3592, , 26713, 25000, 28103, 28103, 0, 
42, 1, 43, 52, -1, 228, 211, 24.3, 41, ABplaapa, 317, 26907, 89115, 3312, , 26907, 25000, 27027, 27020, 0, 
43, 1, 4, 60, -1, 194, 235, 8.5, 44, MSaaa, 435, 27447, 110448, 4024, , 27447, 25000, 31137, 31137, 0, 
44, 1, 30, 50, -1, 451, 200, 16.0, 45, Epl, -153, 27867, 119717, 4296, , 27867, 25000, 28271, 28271, 0, 
45, 1, 6, 58, -1, 144, 234, 18.2, 44, ABalpaa, -129, 26911, 106568, 3960, , 26911, 25000, 28269, 28269, 0, 
46, 1, 10, 35, -1, 553, 187, 18.2, 40, Cppp, 271, 27547, 82641, 3000, , 27547, 25000, 27669, 27666, 0, 
47, 1, 9, 33, -1, 236, 287, 17.5, 42, ABalapp, 25, 26845, 96855, 3608, , 26845, 25000, 27983, 27983, 0, 
48, 1, 14, 5, -1, 244, 300, 7.7, 42, ABaraap, 427, 29136, 105822, 3632, , 29136, 25000, 30911, 30911, 0, 
49, 1, 23, 9, -1, 547, 268, 24.2, 40, Cpap, 399, 26996, 80987, 3000, , 26996, 25000, 27324, 27324, 0, 
50, 1, 10, 46, -1, 586, 219, 21.3, 40, Cppa, 336, 27123, 82887, 3056, , 27123, 25000, 27841, 27849, 0, 
51, 1, 17, 1, -1, 284, 151, 23.4, 44, ABplpaa, 398, 26696, 114154, 4276, , 26696, 25000, 27674, 27674, 0, 
52, 1, 25, 12, -1, 570, 236, 11.4, 42, ABprppp, 410, 26740, 97868, 3660, , 26740, 25000, 28440, 28440, 0, 
53, 1, 42, 7, -1, 481, 379, 17.0, 43, ABprapa, 383, 26554, 94743, 3568, , 26554, 25000, 27830, 27830, 0, 
54, 1, 19, 14, -1, 364, 217, 14.6, 46, Eal, 266, 27659, 133317, 4820, , 27659, 25000, 28562, 28566, 0, 
55, 1, 35, 30, -1, 443, 125, 18.2, 43, ABplppp, 417, 27698, 104697, 3780, , 27698, 25000, 27827, 27823, 0, 
56, 1, 36, 4, -1, 504, 340, 23.3, 45, Cpaa, 409, 26789, 114765, 4284, , 26789, 25000, 27725, 27725, 0, 
57, 0, 5, -1, -1, 90, 264, 17.6, 36, , 102, 929, 58846, 2112, , 27863, 25000, 26953, 26934, 0, 
58, 0, 31, -1, -1, 112, 178, 22.5, 39, , 417, -26, 76846, 2880, , 26683, 25000, 26709, 26709, 0, 
59, 0, 58, -1, -1, 414, 349, 7.5, 33, , 104, -1323, 46896, 1624, , 28877, 25000, 30106, 30200, 0, 
