1, 1, 51, 3, -1, 280, 154, 23.8, 45, ABplpaa, 124, 27298, 116288, 4260, , 27298, 25000, 27654, 27654, 0, 
2, 1, 3, 20, 75, 368, 211, 22.8, 45, ABplapp, 296, 27203, 115886, 4260, , 27203, 25000, 27413, 27413, 0, 
3, 1, 9, 28, -1, 503, 190, 23.1, 41, Capp, 324, 27082, 83845, 3096, , 27082, 25000, 27293, 27276, 0, 
4, 1, 56, 10, -1, 509, 348, 23.0, 45, Cpaa, 457, 27388, 117658, 4296, , 27388, 25000, 27477, 27477, 0, 
5, 1, 48, 46, -1, 248, 288, 7.9, 43, ABaraap, 231, 27725, 99589, 3592, , 27725, 25000, 30487, 30487, 0, 
6, 1, 36, 32, 71, 527, 298, 9.1, 45, ABprpap, 303, 27932, 115192, 4124, , 27932, 25000, 29870, 29870, 0, 
7, 1, 53, 4, 66, 477, 387, 16.4, 45, ABprapa, 328, 26828, 116757, 4352, , 26828, 25000, 27821, 27821, 0, 
8, 0, 57, -1, -1, 88, 263, 17.5, 35, , 326, 911, 55276, 1984, , 27861, 25000, 26926, 26950, 0, 
9, 1, 49, 11, -1, 544, 259, 24.7, 43, Cpap, 422, 27183, 102969, 3788, , 27183, 25000, 27557, 27557, 0, 
10, 1, 21, 40, -1, 454, 213, 6.7, 41, MSppp, 410, 29767, 98588, 3312, , 29767, 25000, 30403, 30403, 0, 
11, 1, 11, 54, 69, 285, 356, 10.1, 43, ABarapa, 196, 27167, 97583, 3592, , 27167, 25000, 28568, 28568, 0, 
12, 1, 52, 55, -1, 567, 230, 12.4, 41, ABprppp, 244, 26815, 86987, 3244, , 26815, 25000, 28290, 28290, 0, 
13, 1, 23, 38, -1, 494, 129, 14.8, 42, Da, 117, 26708, 91982, 3444, , 26708, 25000, 28495, 28495, 0, 
14, 1, 54, 2, -1, 362, 214, 14.8, 46, Eal, 311, 27134, 123949, 4568, , 27134, 25000, 28694, 28693, 0, 
15, 1, 24, 17, -1, 392, 117, 12.6, 41, MSapp, 92, 27453, 89059, 3244, , 27453, 25000, 28080, 28080, 0, 
16, 1, 22, 27, -1, 488, 251, 13.7, 45, Epr, 436, 26824, 114915, 4284, , 26824, 25000, 28446, 28446, 0, 
17, 1, 12, 12, -1, 540, 161, 11.0, 41, Dp, -40, 26696, 85961, 3220, , 26696, 25000, 28809, 28809, 0, 
18, 1, 30, 21, -1, 397, 271, 14.0, 44, Ear, 439, 27715, 104652, 3776, , 27715, 25000, 28756, 28769, 0, 
19, 1, 8, 24, -1, 270, 365, 20.1, 39, ABarpaap, 390, 28506, 78449, 2752, , 28506, 25000, 27797, 27799, 0, 
20, 1, 1, 9, -1, 588, 304, 14.0, 42, ABprppa, 442, 27630, 94937, 3436, , 27630, 25000, 28162, 28162, 0, 
21, 1, 15, 44, 67, 528, 321, 16.2, 41, ABprapp, 331, 27034, 85859, 3176, , 27034, 25000, 27353, 27353, 0, 
22, 1, 33, 39, -1, 291, 133, 13.0, 41, MSapa, 415, 27027, 87028, 3220, , 27027, 25000, 28215, 28214, 0, 
23, 1, 19, 63, -1, 269, 177, 16.2, 38, ABalpppp, 276, 28264, 74955, 2652, , 28264, 25000, 28154, 28141, 0, 
24, 1, 34, 8, -1, 383, 380, 9.7, 34, ABpraapa, 251, 27098, 51053, 1884, , 27098, 25000, 28354, 28344, 0, 
25, 1, 4, 60, 61, 182, 184, 15.3, 45, ABalpap, 320, 27779, 119007, 4284, , 27779, 25000, 28437, 28437, 0, 
26, 1, 38, 35, -1, 176, 275, 24.4, 39, ABplaaaa, 300, 28080, 78623, 2800, , 28080, 25000, 27532, 27532, 0, 
27, 1, 5, 19, -1, 132, 310, 15.8, 41, ABalaaa, 388, 26670, 83956, 3148, , 26670, 25000, 27477, 27477, 0, 
28, 1, 9, 72, -1, 452, 193, 25.0, 41, Capa, 322, 27285, 87858, 3220, , 27285, 25000, 26992, 26980, 0, 
29, 1, 37, 49, -1, 287, 300, 25.4, 40, ABplapaa, 339, 27132, 82589, 3044, , 27132, 25000, 27492, 27500, 0, 
30, 1, 55, 62, -1, 445, 127, 18.9, 42, ABplppp, 416, 27814, 92565, 3328, , 27814, 25000, 27896, 27896, 0, 
31, 1, 6, 5, -1, 184, 333, 19.3, 43, ABalapa, 138, 26357, 99839, 3788, , 26357, 25000, 27968, 27968, 0, 
32, 1, 28, 64, -1, 304, 243, 9.1, 42, MSpaa, 190, 26543, 88335, 3328, , 26543, 25000, 29273, 29273, 0, 
33, 1, 47, 7, -1, 239, 292, 17.9, 42, ABalapp, 111, 27125, 90273, 3328, , 27125, 25000, 27405, 27405, 0, 
34, 0, 18, -1, -1, 288, 230, 20.5, 31, , 263, 1709, 0, 0, , 0, 0, 0, 0, 0, 
35, 1, 46, 34, -1, 564, 179, 18.2, 40, Cppp, 298, 26845, 80534, 3000, , 26845, 25000, 27875, 27875, 0, 
36, 0, 17, -1, -1, 89, 262, 14.8, 33, , 276, 59, 45942, 1744, , 26343, 25000, 26284, 26284, 0, 
37, 1, 10, 58, 74, 346, 387, 15.5, 41, ABpraaa, 118, 26601, 91083, 3424, , 26601, 25000, 27754, 27754, 0, 
38, 1, 37, 48, -1, 337, 284, 24.2, 40, ABplapap, 365, 26807, 80422, 3000, , 26807, 25000, 27207, 27181, 0, 
39, 1, 25, 47, 52, 311, 301, 14.7, 45, ABarpap, 363, 27340, 117123, 4284, , 27340, 25000, 28171, 28171, 0, 
40, 1, 27, 36, -1, 356, 310, 7.4, 42, ABarapp, 495, 28413, 103993, 3660, , 28413, 25000, 30647, 30647, 0, 
41, 1, 41, 23, -1, 206, 325, 12.1, 44, ABaraaa, 381, 26888, 105508, 3924, , 26888, 25000, 27928, 27929, 0, 
42, 1, 39, 41, -1, 409, 315, 24.6, 44, Caaa, 432, 27291, 116697, 4276, , 27291, 25000, 27497, 27497, 0, 
43, 1, 16, 33, -1, 477, 352, 8.7, 42, ABprpaa, 424, 27135, 98556, 3632, , 27135, 25000, 29715, 29715, 0, 
44, 1, 40, 53, -1, 185, 268, 14.7, 41, ABalaap, 493, 26583, 88043, 3312, , 26583, 25000, 27942, 27942, 0, 
45, 1, 2, 25, -1, 444, 153, 9.0, 43, P4, -31, 27376, 97679, 3568, , 27376, 25000, 29799, 29799, 0, 
46, 1, 50, 15, -1, 593, 231, 20.1, 41, Cppa, 311, 28297, 87609, 3096, , 28297, 25000, 27696, 27696, 0, 
47, 1, 35, 56, -1, 279, 176, 8.1, 43, MSaap, 399, 27808, 99887, 3592, , 27808, 25000, 31618, 31618, 0, 
48, 1, 13, 37, 45, 415, 346, 18.4, 45, ABarppp, 362, 26898, 117062, 4352, , 26898, 25000, 27791, 27791, 0, 
49, 1, 20, 18, -1, 378, 193, 7.3, 42, MSpap, 401, 28928, 105066, 3632, , 28928, 25000, 31447, 31447, 0, 
50, 1, 44, 16, -1, 445, 196, 16.1, 45, Epl, 448, 28236, 116446, 4124, , 28236, 25000, 28390, 28390, 0, 
51, 1, 7, 13, -1, 184, 179, 22.6, 43, ABalppa, 392, 27453, 104979, 3824, , 27453, 25000, 27777, 27783, 0, 
52, 1, 42, 30, -1, 221, 222, 24.6, 42, ABplaapa, 415, 27374, 100189, 3660, , 27374, 25000, 27612, 27607, 0, 
53, 1, 26, 22, -1, 397, 147, 24.2, 44, ABplppa, 161, 27406, 108526, 3960, , 27406, 25000, 27555, 27555, 0, 
54, 1, 31, 6, 77, 345, 140, 18.9, 46, ABplpap, 317, 27044, 120075, 4440, , 27044, 25000, 28070, 28070, 0, 
55, 1, 38, 14, -1, 233, 292, 25.3, 40, ABplaaap, 451, 26879, 82143, 3056, , 26879, 25000, 27722, 27719, 0, 
56, 0, 58, -1, -1, 110, 188, 24.5, 36, , 287, 665, 58091, 2136, , 27196, 25000, 26531, 26531, 0, 
57, 1, 32, 73, -1, 465, 265, 24.2, 44, Caap, -72, 27132, 107443, 3960, , 27132, 25000, 27693, 27693, 0, 
58, 1, 45, 26, -1, 133, 233, 17.9, 41, ABalpaa, 300, 26943, 83414, 3096, , 26943, 25000, 28115, 28115, 0, 
59, 1, 8, 42, -1, 228, 373, 16.3, 38, ABarpaaa, 91, 26407, 65911, 2496, , 26407, 25000, 27610, 27610, 0, 
60, 1, 43, 50, -1, 195, 222, 8.9, 43, MSaaa, 412, 27200, 97702, 3592, , 27200, 25000, 30620, 30620, 0, 
61, 0, 59, -1, -1, 416, 337, 8.8, 38, , 108, -148, 77271, 2652, , 29137, 25000, 29143, 29285, 0, 
62, 1, 18, 31, -1, 285, 231, 24.4, 36, ABplaapp, 209, 27249, 57549, 2112, , 27249, 25000, 27655, 27655, 0, 
63, 1, 14, 51, 59, 338, 348, 21.6, 44, ABarppa, 205, 26668, 114032, 4276, , 26668, 25000, 27531, 27531, 0, 
64, 1, 34, 57, -1, 418, 355, 12.3, 36, ABpraapp, 260, 27226, 60332, 2216, , 27226, 25000, 28423, 28433, 0, 
65, 1, 29, 29, -1, 421, 280, 6.9, 41, MSppa, 407, 30235, 93607, 3096, , 30235, 25000, 31284, 31284, 0, 
66, 1, 19, 43, -1, 240, 179, 18.5, 37, ABalpppa, 266, 27717, 68074, 2456, , 27717, 25000, 27614, 27532, 0, 
