1, 1, 52, 32, -1, 281, 309, 13.7, 38, ABarpapa, 294, 27208, 67910, 2496, , 27208, 25000, 28234, 28242, 0, 
2, 1, 5, 42, -1, 199, 335, 21.6, 36, ABalapap, 239, 27250, 57552, 2112, , 27250, 25000, 28016, 28027, 0, 
3, 1, 22, 12, 38, 377, 151, 23.4, 45, ABplppa, 357, 27351, 119032, 4352, , 27351, 25000, 27410, 27411, 0, 
4, 1, 47, 45, -1, 326, 311, 16.8, 39, ABarpapp, 347, 27388, 72634, 2652, , 27388, 25000, 28295, 28301, 0, 
5, 1, 38, 10, -1, 500, 133, 12.9, 42, Da, 386, 26950, 89690, 3328, , 26950, 25000, 28974, 28998, 0, 
6, 1, 10, 84, -1, 521, 338, 23.4, 45, Cpaa, 450, 27129, 118066, 4352, , 27129, 25000, 27857, 27857, 0, 
7, 1, 74, 36, -1, 355, 380, 17.4, 38, ABpraaap, 129, 26745, 69001, 2580, , 26745, 25000, 27818, 27824, 0, 
8, 1, 64, 30, -1, 315, 246, 10.4, 42, MSpaa, 345, 27449, 100464, 3660, , 27449, 25000, 28295, 28325, 0, 
9, 0, 1, -1, -1, 88, 263, 17.5, 35, , 94, 1924, 56725, 1984, , 28591, 25000, 26681, 26667, 0, 
10, 1, 23, 56, 83, 194, 315, 11.0, 41, ABaraaa, 103, 26731, 86074, 3220, , 26731, 25000, 28368, 28367, 0, 
11, 1, 12, 11, -1, 542, 167, 10.9, 40, Dp, 404, 27032, 80772, 2988, , 27032, 25000, 28913, 28938, 0, 
12, 1, 34, 2, -1, 575, 171, 17.3, 41, Cppp, 406, 26836, 88880, 3312, , 26836, 25000, 27790, 27790, 0, 
13, 1, 3, 65, -1, 256, 153, 22.3, 39, ABplpaaa, 296, 26768, 73987, 2764, , 26768, 25000, 27622, 27634, 0, 
14, 1, 59, 22, -1, 371, 342, 23.4, 41, ABarppap, 360, 27329, 88655, 3244, , 27329, 25000, 27677, 27682, 0, 
15, 1, 61, 46, -1, 163, 174, 14.5, 37, ABalpapa, 260, 27549, 67661, 2456, , 27549, 25000, 28225, 28225, 0, 
16, 1, 69, 77, -1, 305, 341, 9.1, 35, ABarapap, 234, 27755, 57398, 2068, , 27755, 25000, 29050, 29137, 0, 
17, 1, 55, 63, 66, 562, 231, 11.4, 44, ABprppp, 285, 27302, 116742, 4276, , 27302, 25000, 28478, 28478, 0, 
18, 1, 2, 13, -1, 362, 209, 16.0, 46, Eal, 299, 26779, 118258, 4416, , 26779, 25000, 28492, 28492, 0, 
19, 1, 41, 80, -1, 419, 300, 25.6, 46, Caaa, 175, 27681, 133423, 4820, , 27681, 25000, 27389, 27391, 0, 
20, 1, 57, 69, -1, 411, 347, 13.2, 42, ABpraapp, 404, 27596, 95040, 3444, , 27596, 25000, 28264, 28264, 0, 
21, 1, 9, 21, 47, 576, 299, 12.9, 42, ABprppa, 53, 26971, 89761, 3328, , 26971, 25000, 28518, 28507, 0, 
22, 1, 43, 19, -1, 229, 188, 18.6, 39, ABalpppa, 359, 27601, 77283, 2800, , 27601, 25000, 28045, 28047, 0, 
23, 0, 68, -1, -1, 431, 313, 11.4, 30, , 249, -630, 32697, 1156, , 28285, 25000, 28913, 28915, 0, 
24, 1, 54, 60, -1, 248, 350, 9.6, 34, ABarapaa, 244, 28511, 50750, 1780, , 28511, 25000, 28647, 28647, 0, 
25, 1, 50, 24, -1, 200, 216, 9.2, 45, MSaaa, -181, 27521, 117241, 4260, , 27521, 25000, 30241, 30241, 0, 
26, 1, 77, 68, -1, 371, 127, 16.7, 40, ABplpapp, 318, 27384, 83685, 3056, , 27384, 25000, 28108, 28107, 0, 
27, 1, 16, 9, -1, 448, 202, 16.2, 46, Epl, -103, 26794, 122397, 4568, , 26794, 25000, 28292, 28292, 0, 
28, 1, 75, 41, -1, 344, 212, 24.0, 42, ABplappa, 361, 26866, 92311, 3436, , 26866, 25000, 27263, 27279, 0, 
29, 1, 35, 75, -1, 160, 266, 23.6, 42, ABplaaaa, -154, 27011, 98859, 3660, , 27011, 25000, 27573, 27597, 0, 
30, 1, 49, 50, -1, 283, 313, 25.7, 40, ABplapaa, 404, 26766, 81798, 3056, , 26766, 25000, 27310, 27311, 0, 
31, 1, 45, 79, -1, 403, 365, 19.3, 39, ABarpppa, 325, 27334, 75550, 2764, , 27334, 25000, 27418, 27429, 0, 
32, 1, 27, 33, -1, 490, 264, 14.6, 45, Epr, -219, 26160, 113850, 4352, , 26160, 25000, 28369, 28369, 0, 
33, 1, 42, 7, -1, 219, 377, 15.7, 38, ABarpaaa, 314, 26762, 66798, 2496, , 26762, 25000, 27196, 27196, 0, 
34, 1, 56, 48, -1, 288, 182, 8.4, 43, MSaap, 257, 27289, 104354, 3824, , 27289, 25000, 31503, 31503, 0, 
35, 1, 5, 18, -1, 156, 326, 18.7, 36, ABalapaa, 263, 27624, 61214, 2216, , 27624, 25000, 27989, 27993, 0, 
36, 1, 3, 73, -1, 306, 170, 23.5, 40, ABplpaap, 320, 26882, 81075, 3016, , 26882, 25000, 27571, 27597, 0, 
37, 1, 4, 78, -1, 483, 379, 17.7, 36, ABprapap, -98, 27765, 61528, 2216, , 27765, 25000, 28116, 28116, 0, 
38, 1, 15, 34, -1, 595, 240, 19.2, 43, Cppa, 459, 27119, 102511, 3780, , 27119, 25000, 27742, 27742, 0, 
39, 1, 44, 55, -1, 545, 299, 17.7, 36, ABprappp, 301, 26989, 59808, 2216, , 26989, 25000, 27353, 27353, 0, 
40, 1, 26, 54, -1, 120, 235, 15.3, 31, ABalpaaa, 254, 26204, 35847, 1368, , 26204, 25000, 27679, 27714, 0, 
41, 1, 32, 27, -1, 525, 277, 8.8, 36, ABprpapp, 223, 26348, 60074, 2280, , 26348, 25000, 29662, 29658, 0, 
42, 1, 67, 59, -1, 527, 346, 14.5, 37, ABprappa, 302, 27207, 66821, 2456, , 27207, 25000, 28166, 28166, 0, 
43, 1, 46, 31, -1, 233, 283, 8.2, 34, ABaraapa, 229, 27668, 52901, 1912, , 27668, 25000, 29918, 29974, 0, 
44, 1, 20, 71, -1, 409, 210, 21.8, 43, ABplappp, 389, 26770, 101191, 3780, , 26770, 25000, 27199, 27204, 0, 
45, 1, 28, 26, -1, 527, 172, 22.5, 41, Capp, 398, 27770, 95086, 3424, , 27770, 25000, 27974, 27974, 0, 
46, 1, 40, 64, -1, 458, 224, 7.5, 39, MSppp, 388, 28054, 80796, 2880, , 28054, 25000, 30175, 30175, 0, 
47, 1, 30, 86, -1, 206, 237, 24.5, 40, ABplaapa, 393, 27162, 81922, 3016, , 27162, 25000, 27614, 27609, 0, 
48, 1, 19, 3, 90, 133, 294, 14.2, 42, ABalaaa, 71, 26195, 90214, 3444, , 26195, 25000, 27535, 27535, 0, 
49, 1, 72, 15, -1, 453, 180, 24.8, 42, Capa, 406, 27064, 93207, 3444, , 27064, 25000, 27882, 27887, 0, 
50, 1, 17, 1, -1, 399, 114, 11.8, 42, MSapp, 371, 27053, 93171, 3444, , 27053, 25000, 27837, 27842, 0, 
51, 1, 25, 14, -1, 438, 162, 9.4, 42, P4, 420, 27794, 101726, 3660, , 27794, 25000, 29091, 29091, 0, 
52, 1, 29, 81, -1, 427, 282, 7.4, 40, MSppa, 400, 28513, 86795, 3044, , 28513, 25000, 30466, 30483, 0, 
53, 1, 71, 49, -1, 498, 323, 8.2, 36, ABprpapa, 239, 27762, 63298, 2280, , 27762, 25000, 30195, 30206, 0, 
54, 1, 60, 40, -1, 227, 160, 13.4, 37, ABalpapp, 146, 26538, 61781, 2328, , 26538, 25000, 28428, 28428, 0, 
55, 1, 63, 43, -1, 287, 187, 16.1, 40, ABalpppp, 155, 27301, 81575, 2988, , 27301, 25000, 27767, 27767, 0, 
56, 1, 13, 35, -1, 204, 180, 23.4, 39, ABalppap, 318, 27063, 75775, 2800, , 27063, 25000, 27597, 27612, 0, 
57, 1, 48, 76, -1, 344, 284, 24.3, 44, ABplapap, 397, 27785, 117253, 4220, , 27785, 25000, 27143, 27143, 0, 
58, 1, 21, 72, -1, 399, 278, 15.2, 44, Ear, 427, 26526, 105041, 3960, , 26526, 25000, 28372, 28372, 0, 
59, 1, 66, 74, -1, 438, 404, 14.7, 37, ABprapaa, 354, 26762, 63694, 2380, , 26762, 25000, 27772, 27772, 0, 
60, 1, 51, 29, -1, 319, 375, 23.5, 42, ABarppaa, -111, 27146, 97941, 3608, , 27146, 25000, 27353, 27363, 0, 
61, 1, 53, 39, 87, 195, 258, 15.3, 44, ABalaap, 351, 26713, 112728, 4220, , 26713, 25000, 28189, 28174, 0, 
62, 1, 8, 53, -1, 366, 380, 10.0, 38, ABpraapa, 77, 27452, 70168, 2556, , 27452, 25000, 28417, 28417, 0, 
63, 1, 14, 8, -1, 219, 301, 25.7, 43, ABplaaap, 390, 28212, 106866, 3788, , 28212, 25000, 27381, 27391, 0, 
64, 1, 6, 5, -1, 315, 133, 19.7, 38, ABplpapa, -194, 26911, 67170, 2496, , 26911, 25000, 28606, 28629, 0, 
65, 1, 18, 25, -1, 381, 203, 7.5, 42, MSpap, 161, 29158, 105202, 3608, , 29158, 25000, 31742, 31742, 0, 
66, 1, 37, 23, -1, 453, 323, 20.8, 40, ABarpppp, 330, 26881, 80643, 3000, , 26881, 25000, 27322, 27322, 0, 
67, 1, 36, 61, -1, 331, 313, 8.3, 34, ABarappa, -123, 28293, 53304, 1884, , 28293, 25000, 29890, 30071, 0, 
68, 1, 7, 85, -1, 231, 294, 17.4, 36, ABalappa, 359, 26810, 56622, 2112, , 26810, 25000, 27676, 27750, 0, 
69, 1, 33, 44, -1, 467, 360, 11.0, 35, ABprpaap, 273, 26799, 60351, 2252, , 26799, 25000, 28042, 28042, 0, 
70, 1, 24, 82, -1, 259, 374, 20.3, 43, ABarpaap, 428, 26539, 100530, 3788, , 26539, 25000, 27702, 27702, 0, 
71, 1, 26, 16, -1, 152, 225, 18.2, 36, ABalpaap, 167, 27264, 62163, 2280, , 27264, 25000, 27943, 27942, 0, 
72, 1, 11, 67, -1, 554, 243, 24.4, 44, Cpap, 426, 26984, 115384, 4276, , 26984, 25000, 27781, 27779, 0, 
73, 1, 13, 4, -1, 163, 173, 21.3, 37, ABalppaa, 289, 27171, 64668, 2380, , 27171, 25000, 27443, 27501, 0, 
74, 1, 39, 37, -1, 297, 130, 13.2, 41, MSapa, 407, 27120, 85373, 3148, , 27120, 25000, 28193, 28193, 0, 
75, 1, 58, 17, -1, 308, 384, 14.3, 35, ABpraaaa, 143, 26903, 54883, 2040, , 26903, 25000, 27679, 27679, 0, 
76, 1, 73, 6, -1, 491, 231, 25.1, 41, Caap, 410, 26792, 82948, 3096, , 26792, 25000, 27174, 27164, 0, 
77, 1, 33, 58, -1, 429, 356, 7.4, 36, ABprpaaa, 285, 27845, 58808, 2112, , 27845, 25000, 31322, 31323, 0, 
78, 0, 70, -1, -1, 88, 263, 14.6, 31, , 172, 436, 36094, 1332, , 27098, 25000, 26682, 26662, 0, 
79, 1, 31, 88, -1, 286, 243, 24.6, 44, ABplaapp, 436, 26575, 113634, 4276, , 26575, 25000, 27364, 27365, 0, 
80, 1, 62, 89, -1, 475, 133, 18.3, 36, ABplpppp, 275, 26981, 59789, 2216, , 26981, 25000, 27797, 27809, 0, 
81, 0, 65, -1, -1, 114, 178, 24.4, 32, , 263, 303, 40683, 1484, , 27414, 25000, 27111, 27111, 0, 
82, 1, 62, 28, -1, 429, 130, 19.5, 37, ABplpppa, 330, 28967, 71144, 2456, , 28967, 25000, 27620, 27659, 0, 
83, 0, 76, -1, -1, 290, 247, 21.4, 33, , -65, -1052, 43539, 1640, , 26548, 25000, 27521, 27600, 0, 
84, 1, 46, 51, -1, 272, 260, 8.4, 33, ABaraapp, 210, 28187, 46226, 1640, , 28187, 25000, 29134, 29144, 0, 
85, 1, 36, 62, -1, 376, 294, 8.6, 34, ABarappp, 209, 27660, 49234, 1780, , 27660, 25000, 28756, 28809, 0, 
86, 1, 7, 52, -1, 264, 297, 19.5, 35, ABalappp, 0, 26712, 52996, 1984, , 26712, 25000, 27423, 27435, 0, 
