1, 1, 50, 2, -1, 401, 116, 11.5, 41, MSapp, 379, 26922, 92181, 3424, , 26922, 25000, 28456, 28456, 0, 
2, 1, 12, 4, -1, 569, 161, 16.4, 40, Cppp, 380, 27542, 83839, 3044, , 27542, 25000, 28168, 28168, 0, 
3, 1, 48, 66, -1, 142, 294, 14.7, 36, ABalaaap, 236, 27227, 60336, 2216, , 27227, 25000, 28005, 28092, 0, 
4, 1, 73, 70, -1, 160, 171, 21.4, 38, ABalppaa, 112, 27572, 71136, 2580, , 27572, 25000, 27483, 27484, 0, 
5, 1, 64, 38, -1, 311, 133, 19.3, 41, ABplpapa, 337, 27862, 92278, 3312, , 27862, 25000, 27926, 27927, 0, 
6, 1, 76, 86, -1, 495, 230, 25.3, 42, Caap, 398, 27888, 101290, 3632, , 27888, 25000, 27604, 27595, 0, 
7, 1, 33, 21, -1, 211, 375, 16.7, 38, ABarpaaa, 358, 27681, 69093, 2496, , 27681, 25000, 27544, 27544, 0, 
8, 1, 63, 85, -1, 234, 294, 26.0, 43, ABplaaap, 417, 27386, 97712, 3568, , 27386, 25000, 27800, 27800, 0, 
9, 1, 27, 19, -1, 446, 207, 16.3, 46, Epl, 360, 27015, 128374, 4752, , 27015, 25000, 28580, 28580, 0, 
10, 1, 5, 10, -1, 491, 142, 12.6, 42, Da, 202, 27063, 99049, 3660, , 27063, 25000, 28983, 29084, 0, 
11, 1, 11, 25, -1, 533, 168, 10.7, 42, Dp, 85, 27175, 98701, 3632, , 27175, 25000, 29343, 29481, 0, 
12, 1, 3, 34, -1, 356, 149, 23.3, 39, ABplppaa, 238, 27074, 74832, 2764, , 27074, 25000, 27259, 27207, 0, 
13, 1, 18, 28, -1, 364, 214, 16.0, 47, Eal, 471, 27504, 137851, 5012, , 27504, 25000, 28252, 28252, 0, 
14, 1, 51, 22, -1, 430, 176, 9.8, 41, P4, 415, 26945, 84823, 3148, , 26945, 25000, 28699, 28699, 0, 
15, 1, 49, 68, -1, 450, 176, 24.7, 43, Capa, 418, 27511, 104213, 3788, , 27511, 25000, 27475, 27505, 0, 
16, 1, 71, 69, -1, 160, 224, 18.6, 38, ABalpaap, 290, 26967, 69576, 2580, , 26967, 25000, 28259, 28274, 0, 
17, 1, 75, 81, -1, 298, 387, 14.3, 35, ABpraaaa, 120, 27652, 56410, 2040, , 27652, 25000, 27768, 27768, 0, 
18, 1, 35, 74, -1, 157, 330, 18.6, 36, ABalapaa, 286, 27021, 57068, 2112, , 27021, 25000, 27513, 27513, 0, 
19, 1, 22, 39, -1, 224, 189, 18.6, 41, ABalpppa, 408, 26592, 86266, 3244, , 26592, 25000, 27686, 27696, 0, 
20, 0, 9, -1, -1, 87, 264, 17.4, 33, , 0, 1932, 46820, 1640, , 28549, 25000, 26749, 26617, 0, 
21, 1, 21, 26, -1, 582, 323, 12.5, 34, ABprppaa, 273, 26455, 44656, 1688, , 26455, 25000, 27910, 27962, 0, 
22, 1, 14, 87, -1, 374, 341, 24.3, 43, ABarppap, 400, 27361, 103644, 3788, , 27361, 25000, 27551, 27562, 0, 
23, 1, 66, 48, -1, 455, 324, 21.3, 41, ABarpppp, 194, 26655, 88281, 3312, , 26655, 25000, 27467, 27467, 0, 
24, 1, 25, 12, -1, 209, 221, 8.7, 44, MSaaa, 257, 27178, 114691, 4220, , 27178, 25000, 31010, 31010, 0, 
25, 1, 65, 42, -1, 378, 214, 7.6, 42, MSpap, -77, 28482, 104243, 3660, , 28482, 25000, 31283, 31283, 0, 
26, 1, 45, 33, -1, 533, 168, 22.4, 42, Capp, 37, 26806, 98109, 3660, , 26806, 25000, 27942, 27942, 0, 
27, 1, 41, 11, -1, 522, 278, 9.2, 37, ABprpapp, 278, 26837, 63657, 2372, , 26837, 25000, 28613, 28607, 0, 
28, 1, 82, 45, -1, 429, 131, 19.4, 38, ABplpppa, 299, 27247, 70298, 2580, , 27247, 25000, 27326, 27341, 0, 
29, 1, 60, 83, -1, 318, 377, 23.8, 43, ABarppaa, 429, 27580, 104254, 3780, , 27580, 25000, 27308, 27309, 0, 
30, 1, 8, 43, -1, 317, 253, 11.7, 43, MSpaa, 408, 27687, 104880, 3788, , 27687, 25000, 27974, 27974, 0, 
31, 1, 43, 56, -1, 227, 287, 8.5, 36, ABaraapa, 227, 29197, 62365, 2136, , 29197, 25000, 29981, 29981, 0, 
32, 1, 1, 14, -1, 276, 313, 13.4, 38, ABarpapa, 132, 27078, 69861, 2580, , 27078, 25000, 27819, 27819, 0, 
33, 1, 32, 32, -1, 491, 270, 15.3, 45, Epr, 24, 27205, 116546, 4284, , 27205, 25000, 28381, 28381, 0, 
34, 1, 38, 3, -1, 597, 233, 18.5, 41, Cppa, 399, 26570, 90977, 3424, , 26570, 25000, 27792, 27792, 0, 
35, 1, 56, 78, -1, 208, 177, 23.5, 41, ABalppap, 319, 27016, 92504, 3424, , 27016, 25000, 27619, 27667, 0, 
36, 1, 7, 82, -1, 352, 380, 17.4, 40, ABpraaap, -179, 26846, 81718, 3044, , 26846, 25000, 27826, 27840, 0, 
37, 1, 74, 17, -1, 303, 135, 13.1, 41, MSapa, 285, 26552, 82205, 3096, , 26552, 25000, 28356, 28356, 0, 
38, 1, 3, 15, -1, 396, 154, 22.6, 38, ABplppap, 232, 27266, 70346, 2580, , 27266, 25000, 27029, 27078, 0, 
39, 1, 61, 58, -1, 184, 261, 14.6, 35, ABalaapa, 200, 26601, 51393, 1932, , 26601, 25000, 28061, 28098, 0, 
40, 1, 54, 55, -1, 234, 161, 12.5, 38, ABalpapp, -156, 26598, 67879, 2552, , 26598, 25000, 28016, 28016, 0, 
41, 1, 28, 24, -1, 345, 213, 23.6, 42, ABplappa, 401, 27308, 99948, 3660, , 27308, 25000, 27618, 27635, 0, 
42, 1, 2, 67, -1, 201, 332, 21.9, 39, ABalapap, 308, 27880, 76725, 2752, , 27880, 25000, 27659, 27642, 0, 
43, 1, 55, 36, -1, 287, 191, 15.9, 40, ABalpppp, 134, 28025, 83739, 2988, , 28025, 25000, 27959, 27959, 0, 
44, 1, 69, 44, -1, 469, 371, 11.6, 36, ABprpaap, 239, 27242, 57536, 2112, , 27242, 25000, 28570, 28570, 0, 
45, 1, 4, 23, -1, 329, 313, 17.3, 40, ABarpapp, 375, 27221, 83188, 3056, , 27221, 25000, 27625, 27625, 0, 
46, 1, 15, 9, -1, 162, 177, 13.9, 39, ABalpapa, 336, 27098, 74574, 2752, , 27098, 25000, 28005, 28005, 0, 
47, 1, 21, 73, -1, 580, 290, 14.5, 32, ABprppap, 203, 26842, 38438, 1432, , 26842, 25000, 28761, 28910, 0, 
48, 1, 34, 1, -1, 300, 181, 8.2, 44, MSaap, 357, 28249, 111865, 3960, , 28249, 25000, 31575, 31575, 0, 
49, 1, 53, 53, -1, 495, 335, 7.7, 37, ABprpapa, 303, 27152, 64621, 2380, , 27152, 25000, 30639, 30639, 0, 
50, 1, 30, 65, -1, 292, 319, 26.1, 42, ABplapaa, 405, 27665, 92070, 3328, , 27665, 25000, 27234, 27240, 0, 
51, 1, 84, 18, -1, 281, 259, 8.1, 36, ABaraapp, 246, 27751, 63162, 2276, , 27751, 25000, 30177, 30202, 0, 
52, 1, 86, 80, -1, 277, 286, 20.4, 40, ABalappp, 394, 27139, 82610, 3044, , 27139, 25000, 27256, 27256, 0, 
53, 1, 62, 5, -1, 360, 386, 10.5, 39, ABpraapa, 55, 27539, 79311, 2880, , 27539, 25000, 27773, 27773, 0, 
54, 1, 40, 29, -1, 118, 230, 16.0, 33, ABalpaaa, 540, 26320, 47587, 1808, , 26320, 25000, 27112, 27118, 0, 
55, 1, 39, 37, -1, 547, 292, 18.2, 37, ABprappp, -330, 26693, 63316, 2372, , 26693, 25000, 27738, 27735, 0, 
56, 1, 10, 54, -1, 210, 334, 11.5, 35, ABaraaap, 275, 27531, 54622, 1984, , 27531, 25000, 28206, 28224, 0, 
57, 0, 78, -1, -1, 87, 263, 14.7, 33, , 277, 1697, 48840, 1736, , 28134, 25000, 26434, 26437, 0, 
58, 1, 77, 71, -1, 418, 360, 7.4, 37, ABprpaaa, 56, 28610, 66604, 2328, , 28610, 25000, 31067, 31067, 0, 
59, 1, 42, 8, -1, 530, 348, 14.5, 39, ABprappa, -26, 26455, 76191, 2880, , 26455, 25000, 28256, 28256, 0, 
60, 1, 24, 49, -1, 247, 362, 10.1, 35, ABarapaa, 484, 27222, 56296, 2068, , 27222, 25000, 28128, 28138, 0, 
61, 1, 67, 59, -1, 332, 319, 7.5, 36, ABarappa, 247, 28264, 60371, 2136, , 28264, 25000, 30846, 31021, 0, 
62, 1, 85, 46, -1, 382, 297, 8.4, 37, ABarappp, 192, 27552, 64141, 2328, , 27552, 25000, 29169, 29205, 0, 
63, 1, 17, 7, -1, 559, 209, 11.1, 35, ABprpppp, 212, 27722, 57329, 2068, , 27722, 25000, 28620, 28703, 0, 
64, 1, 46, 35, -1, 461, 234, 7.4, 39, MSppp, 290, 28753, 80509, 2800, , 28753, 25000, 29878, 29878, 0, 
65, 1, 13, 72, -1, 256, 148, 21.4, 40, ABplpaaa, 327, 26946, 82025, 3044, , 26946, 25000, 27494, 27504, 0, 
66, 1, 17, 64, -1, 569, 259, 10.5, 35, ABprpppa, 204, 26206, 51992, 1984, , 26206, 25000, 28364, 28373, 0, 
67, 1, 72, 61, -1, 555, 238, 23.8, 43, Cpap, 428, 26804, 101320, 3780, , 26804, 25000, 27605, 27616, 0, 
68, 1, 26, 6, -1, 372, 126, 16.7, 40, ABplpapp, 332, 27802, 84964, 3056, , 27802, 25000, 28068, 28068, 0, 
69, 1, 20, 13, -1, 411, 349, 13.9, 44, ABpraapp, 398, 26954, 105768, 3924, , 26954, 25000, 28474, 28488, 0, 
70, 0, 23, -1, -1, 439, 326, 11.8, 29, , 436, -277, 31178, 1112, , 28038, 25000, 28283, 28315, 0, 
71, 1, 44, 51, -1, 418, 211, 22.2, 42, ABplappp, 423, 26949, 92813, 3444, , 26949, 25000, 27164, 27166, 0, 
72, 1, 58, 16, -1, 396, 285, 15.7, 44, Ear, 420, 26925, 113625, 4220, , 26925, 25000, 28486, 28486, 0, 
73, 1, 36, 47, -1, 307, 168, 23.4, 40, ABplpaap, 404, 27124, 82565, 3044, , 27124, 25000, 27343, 27356, 0, 
74, 1, 59, 41, -1, 430, 405, 14.0, 38, ABprapaa, 374, 26798, 68496, 2556, , 26798, 25000, 27714, 27710, 0, 
75, 1, 29, 62, -1, 160, 275, 23.3, 42, ABplaaaa, 420, 27254, 98988, 3632, , 27254, 25000, 27489, 27498, 0, 
76, 1, 57, 79, -1, 346, 282, 24.3, 42, ABplapap, 416, 26907, 97728, 3632, , 26907, 25000, 27369, 27371, 0, 
77, 1, 16, 52, -1, 303, 347, 9.0, 37, ABarapap, 284, 27430, 70110, 2556, , 27430, 25000, 29021, 29067, 0, 
78, 1, 37, 40, -1, 483, 378, 17.8, 38, ABprapap, 306, 26897, 71332, 2652, , 26897, 25000, 27604, 27604, 0, 
79, 1, 31, 30, -1, 403, 385, 20.2, 41, ABarpppa, 417, 27108, 86095, 3176, , 27108, 25000, 27730, 27747, 0, 
80, 1, 19, 76, -1, 416, 294, 25.4, 45, Caaa, 447, 27397, 119230, 4352, , 27397, 25000, 27414, 27426, 0, 
81, 1, 52, 20, -1, 435, 291, 8.1, 40, MSppa, 1, 27106, 80994, 2988, , 27106, 25000, 29807, 29819, 0, 
82, 1, 70, 63, -1, 261, 373, 21.3, 42, ABarpaap, 391, 27042, 98218, 3632, , 27042, 25000, 27607, 27593, 0, 
83, 1, 10, 31, -1, 170, 295, 9.4, 34, ABaraaaa, 241, 27417, 48803, 1780, , 27417, 25000, 28331, 28331, 0, 
84, 1, 6, 84, -1, 521, 340, 23.6, 45, Cpaa, 449, 27310, 118853, 4352, , 27310, 25000, 27624, 27624, 0, 
85, 1, 68, 57, -1, 228, 296, 16.5, 37, ABalappa, 94, 27395, 67281, 2456, , 27395, 25000, 27737, 27752, 0, 
86, 1, 47, 60, -1, 203, 236, 24.4, 43, ABplaapa, 358, 27240, 104164, 3824, , 27240, 25000, 27656, 27669, 0, 
87, 1, 61, 50, -1, 212, 254, 14.7, 35, ABalaapp, 206, 27810, 56733, 2040, , 27810, 25000, 27726, 27962, 0, 
88, 1, 79, 77, -1, 285, 235, 24.3, 43, ABplaapp, 394, 27095, 102635, 3788, , 27095, 25000, 27573, 27577, 0, 
89, 1, 80, 75, -1, 483, 130, 17.7, 38, ABplpppp, 320, 27153, 67775, 2496, , 27153, 25000, 27763, 27764, 0, 
90, 1, 48, 88, -1, 131, 274, 12.6, 36, ABalaaaa, 63, 27089, 57211, 2112, , 27089, 25000, 28230, 28318, 0, 
91, 0, 81, -1, -1, 109, 179, 23.5, 31, , 221, 804, 34239, 1232, , 27791, 25000, 26987, 26987, 0, 
