1, 1, 48, 37, -1, 300, 183, 8.3, 44, MSaap, 397, 28413, 119903, 4220, , 28413, 25000, 30871, 30871, 0, 
2, 1, 1, 19, -1, 400, 118, 11.4, 41, MSapp, 372, 26917, 87318, 3244, , 26917, 25000, 27992, 27992, 0, 
3, 1, 34, 80, -1, 601, 236, 17.4, 41, Cppa, 128, 26648, 86445, 3244, , 26648, 25000, 27596, 27596, 0, 
4, 1, 2, 43, -1, 565, 158, 15.8, 40, Cppp, 392, 26272, 78815, 3000, , 26272, 25000, 28078, 28078, 0, 
5, 1, 53, 59, -1, 356, 389, 11.2, 40, ABpraapa, 387, 26609, 79827, 3000, , 26609, 25000, 27740, 27740, 0, 
6, 1, 68, 2, -1, 375, 121, 16.7, 40, ABplpapp, 404, 28137, 85987, 3056, , 28137, 25000, 28139, 28130, 0, 
7, 1, 63, 64, -1, 562, 208, 10.3, 37, ABprpppp, 255, 27578, 65635, 2380, , 27578, 25000, 28308, 28396, 0, 
8, 1, 59, 58, -1, 531, 356, 14.5, 39, ABprappa, 384, 27064, 77944, 2880, , 27064, 25000, 28007, 28007, 0, 
9, 1, 46, 3, -1, 162, 188, 13.5, 40, ABalpapa, 340, 27965, 84341, 3016, , 27965, 25000, 27733, 27733, 0, 
10, 1, 10, 7, -1, 489, 142, 12.4, 41, Da, 137, 27404, 88897, 3244, , 27404, 25000, 28546, 28601, 0, 
11, 1, 27, 77, -1, 517, 280, 9.3, 37, ABprpapp, 309, 27190, 64712, 2380, , 27190, 25000, 28581, 28602, 0, 
12, 1, 24, 25, -1, 215, 226, 9.2, 44, MSaaa, 94, 26559, 105175, 3960, , 26559, 25000, 30344, 30345, 0, 
13, 1, 69, 66, -1, 421, 351, 14.9, 44, ABpraapp, 442, 27117, 106407, 3924, , 27117, 25000, 28201, 28219, 0, 
14, 1, 32, 45, -1, 270, 320, 13.6, 40, ABarpapa, 401, 27103, 82501, 3044, , 27103, 25000, 28145, 28145, 0, 
15, 1, 38, 62, -1, 400, 149, 22.8, 38, ABplppap, 272, 26964, 71509, 2652, , 26964, 25000, 27196, 27216, 0, 
16, 1, 72, 39, -1, 398, 291, 16.4, 46, Ear, 520, 26946, 129882, 4820, , 26946, 25000, 28224, 28235, 0, 
17, 1, 37, 49, -1, 310, 138, 12.9, 42, MSapa, 102, 26767, 89081, 3328, , 26767, 25000, 28429, 28429, 0, 
18, 1, 51, 76, -1, 282, 258, 7.6, 38, ABaraapp, 168, 28045, 72355, 2580, , 28045, 25000, 31038, 31069, 0, 
19, 1, 9, 88, -1, 445, 207, 16.8, 46, Epl, 465, 26470, 120914, 4568, , 26470, 25000, 28314, 28310, 0, 
20, 1, 81, 26, -1, 438, 298, 8.2, 40, MSppa, 329, 27253, 81759, 3000, , 27253, 25000, 30008, 30036, 0, 
21, 1, 7, 71, -1, 201, 373, 17.4, 39, ABarpaaa, 348, 26706, 74776, 2800, , 26706, 25000, 27544, 27544, 0, 
22, 1, 14, 20, -1, 424, 185, 10.5, 42, P4, -82, 26787, 96646, 3608, , 26787, 25000, 28738, 28738, 0, 
23, 1, 45, 48, -1, 334, 313, 17.3, 41, ABarpapp, 401, 26861, 88963, 3312, , 26861, 25000, 28003, 28003, 0, 
24, 1, 41, 24, -1, 342, 208, 23.6, 41, ABplappa, 409, 26797, 86930, 3244, , 26797, 25000, 27291, 27284, 0, 
25, 1, 11, 33, -1, 526, 177, 10.1, 41, Dp, 98, 27322, 84589, 3096, , 27322, 25000, 29058, 29173, 0, 
26, 1, 21, 13, -1, 571, 332, 11.2, 36, ABprppaa, 348, 26980, 61514, 2280, , 26980, 25000, 28245, 28245, 0, 
27, 0, 57, -1, -1, 88, 264, 14.7, 32, , 168, 1433, 44253, 1584, , 27938, 25000, 26501, 26505, 0, 
28, 1, 13, 22, -1, 358, 218, 15.6, 46, Eal, 149, 27646, 133253, 4820, , 27646, 25000, 28448, 28448, 0, 
29, 1, 54, 51, -1, 120, 232, 16.6, 36, ABalpaaa, 323, 27446, 57967, 2112, , 27446, 25000, 27566, 27567, 0, 
30, 1, 79, 63, -1, 399, 385, 20.3, 40, ABarpppa, 387, 27168, 83024, 3056, , 27168, 25000, 27725, 27737, 0, 
31, 1, 83, 8, -1, 170, 295, 8.7, 36, ABaraaaa, -281, 27844, 61703, 2216, , 27844, 25000, 29013, 29026, 0, 
32, 1, 33, 53, -1, 489, 263, 15.9, 46, Epr, 23, 26850, 119213, 4440, , 26850, 25000, 28144, 28145, 0, 
33, 1, 26, 5, -1, 540, 161, 21.2, 41, Capp, 145, 27527, 87425, 3176, , 27527, 25000, 27956, 27956, 0, 
34, 1, 12, 55, -1, 345, 142, 23.3, 40, ABplppaa, 299, 27532, 84137, 3056, , 27532, 25000, 27559, 27557, 0, 
35, 1, 64, 14, -1, 458, 244, 7.6, 40, MSppp, 299, 27589, 83981, 3044, , 27589, 25000, 30079, 30077, 0, 
36, 1, 43, 6, -1, 291, 192, 16.0, 40, ABalpppp, 48, 28278, 87321, 3088, , 28278, 25000, 28395, 28395, 0, 
37, 1, 55, 28, -1, 550, 283, 18.2, 39, ABprappp, 355, 27416, 72707, 2652, , 27416, 25000, 27550, 27563, 0, 
38, 1, 5, 17, -1, 303, 131, 19.0, 41, ABplpapa, 81, 26823, 86369, 3220, , 26823, 25000, 28201, 28219, 0, 
39, 1, 19, 40, -1, 221, 191, 18.4, 39, ABalpppa, 370, 28026, 78473, 2800, , 28026, 25000, 27878, 27917, 0, 
40, 1, 78, 57, -1, 489, 380, 18.8, 40, ABprapap, 371, 27823, 83469, 3000, , 27823, 25000, 27935, 27935, 0, 
41, 1, 74, 83, -1, 423, 407, 13.7, 37, ABprapaa, 225, 27345, 65081, 2380, , 27345, 25000, 27251, 27240, 0, 
42, 1, 25, 27, -1, 372, 223, 8.0, 40, MSpap, 302, 27398, 84606, 3088, , 27398, 25000, 30929, 30929, 0, 
43, 1, 30, 61, -1, 314, 262, 12.0, 43, MSpaa, 93, 27517, 98181, 3568, , 27517, 25000, 28309, 28329, 0, 
44, 1, 44, 34, -1, 470, 376, 12.3, 37, ABprpaap, 118, 27303, 64981, 2380, , 27303, 25000, 28321, 28321, 0, 
45, 1, 28, 56, -1, 428, 129, 18.6, 39, ABplpppa, 181, 27453, 76869, 2800, , 27453, 25000, 27757, 27758, 0, 
46, 1, 62, 41, -1, 380, 299, 8.0, 37, ABarappp, 377, 27871, 71237, 2556, , 27871, 25000, 30207, 30217, 0, 
47, 1, 73, 30, -1, 303, 168, 23.5, 40, ABplpaap, 383, 27530, 83030, 3016, , 27530, 25000, 27465, 27517, 0, 
48, 1, 23, 65, -1, 463, 325, 21.8, 41, ABarpppp, 409, 26935, 85544, 3176, , 26935, 25000, 27327, 27327, 0, 
49, 1, 60, 4, -1, 238, 368, 10.9, 37, ABarapaa, 325, 27041, 66197, 2448, , 27041, 25000, 27698, 27715, 0, 
50, 1, 87, 46, -1, 231, 252, 14.5, 35, ABalaapp, 213, 26428, 52434, 1984, , 26428, 25000, 27948, 27961, 0, 
51, 1, 71, 35, -1, 421, 207, 22.9, 41, ABplappp, 396, 27027, 83677, 3096, , 27027, 25000, 27389, 27425, 0, 
52, 1, 77, 52, -1, 300, 352, 9.0, 39, ABarapap, 345, 26477, 76466, 2888, , 26477, 25000, 29053, 29061, 0, 
53, 1, 49, 54, -1, 495, 341, 8.2, 36, ABprpapa, 325, 27680, 63110, 2280, , 27680, 25000, 30352, 30352, 0, 
54, 1, 56, 79, -1, 204, 333, 12.4, 37, ABaraaap, 301, 27983, 65144, 2328, , 27983, 25000, 28070, 28065, 0, 
55, 1, 40, 74, -1, 245, 161, 12.3, 39, ABalpapp, 140, 27708, 76584, 2764, , 27708, 25000, 28741, 28741, 0, 
56, 1, 31, 68, -1, 220, 290, 8.5, 38, ABaraapa, 219, 27852, 71079, 2552, , 27852, 25000, 29659, 29686, 0, 
57, 1, 85, 42, -1, 219, 297, 16.5, 37, ABalappa, 101, 27618, 67830, 2456, , 27618, 25000, 28089, 28072, 0, 
58, 1, 39, 12, -1, 178, 261, 14.2, 36, ABalaapa, 175, 27491, 62680, 2280, , 27491, 25000, 27775, 27778, 0, 
59, 1, 61, 10, -1, 331, 330, 7.2, 38, ABarappa, 300, 29186, 77402, 2652, , 29186, 25000, 30989, 31328, 0, 
60, 1, 86, 38, -1, 200, 232, 24.9, 43, ABplaapa, 427, 26610, 95584, 3592, , 26610, 25000, 27768, 27778, 0, 
61, 1, 67, 86, -1, 564, 233, 23.6, 43, Cpap, -298, 26910, 102903, 3824, , 26910, 25000, 27550, 27551, 0, 
62, 1, 75, 36, -1, 157, 281, 23.4, 41, ABplaaaa, 393, 27550, 89372, 3244, , 27550, 25000, 27420, 27420, 0, 
63, 1, 82, 1, -1, 267, 372, 21.7, 44, ABarpaap, 360, 26743, 112857, 4220, , 26743, 25000, 27887, 27876, 0, 
64, 1, 66, 70, -1, 566, 270, 10.6, 34, ABprpppa, 242, 27496, 48942, 1780, , 27496, 25000, 28153, 28165, 0, 
65, 1, 50, 84, -1, 293, 309, 26.4, 42, ABplapaa, 422, 26870, 98345, 3660, , 26870, 25000, 27392, 27390, 0, 
66, 1, 3, 50, -1, 141, 305, 15.3, 36, ABalaaap, 258, 26392, 58485, 2216, , 26392, 25000, 27781, 27779, 0, 
67, 1, 42, 75, -1, 206, 331, 22.3, 39, ABalapap, 374, 27143, 75022, 2764, , 27143, 25000, 27512, 27512, 0, 
68, 1, 15, 60, -1, 453, 169, 24.6, 41, Capa, 388, 26779, 86872, 3244, , 26779, 25000, 27164, 27196, 0, 
69, 1, 16, 82, -1, 165, 230, 19.5, 40, ABalpaap, 388, 27213, 82075, 3016, , 27213, 25000, 27957, 27962, 0, 
70, 1, 4, 9, -1, 152, 172, 20.4, 39, ABalppaa, 317, 27719, 77612, 2800, , 27719, 25000, 27463, 27473, 0, 
71, 1, 58, 78, -1, 416, 365, 7.7, 38, ABprpaaa, 284, 27685, 69103, 2496, , 27685, 25000, 30870, 30870, 0, 
72, 1, 65, 81, -1, 250, 147, 21.0, 41, ABplpaaa, 454, 28070, 90386, 3220, , 28070, 25000, 27659, 27665, 0, 
73, 1, 47, 32, -1, 586, 293, 14.7, 36, ABprppap, 223, 27311, 60521, 2216, , 27311, 25000, 27929, 27929, 0, 
74, 1, 18, 23, -1, 149, 329, 19.5, 37, ABalapaa, 424, 26170, 64274, 2456, , 26170, 25000, 27891, 27897, 0, 
75, 1, 89, 67, -1, 485, 128, 17.4, 42, ABplpppp, 371, 27724, 101471, 3660, , 27724, 25000, 28115, 28150, 0, 
76, 1, 80, 72, -1, 420, 289, 25.4, 45, Caaa, 434, 27028, 117627, 4352, , 27028, 25000, 27553, 27551, 0, 
77, 1, 88, 69, -1, 289, 230, 24.5, 43, ABplaapp, 412, 27107, 109080, 4024, , 27107, 25000, 27020, 27035, 0, 
78, 1, 35, 89, -1, 202, 176, 22.8, 41, ABalppap, 334, 27199, 86383, 3176, , 27199, 25000, 27508, 27519, 0, 
79, 1, 76, 73, -1, 354, 275, 24.3, 43, ABplapap, 433, 26771, 101409, 3788, , 26771, 25000, 27708, 27720, 0, 
80, 1, 52, 15, -1, 274, 284, 20.5, 42, ABalappp, 417, 27317, 98561, 3608, , 27317, 25000, 27250, 27250, 0, 
81, 1, 17, 29, -1, 293, 392, 14.8, 37, ABpraaaa, 372, 26420, 62669, 2372, , 26420, 25000, 27879, 27879, 0, 
82, 1, 36, 18, -1, 353, 382, 17.4, 41, ABpraaap, 336, 26585, 86241, 3244, , 26585, 25000, 27898, 27923, 0, 
83, 1, 29, 44, -1, 321, 378, 24.3, 43, ABarppaa, 10, 27020, 102350, 3788, , 27020, 25000, 27393, 27418, 0, 
84, 1, 84, 21, -1, 526, 328, 24.0, 45, Cpaa, 457, 27111, 116468, 4296, , 27111, 25000, 27786, 27778, 0, 
85, 1, 8, 47, -1, 232, 296, 26.1, 44, ABplaaap, 385, 27871, 109365, 3924, , 27871, 25000, 27272, 27266, 0, 
86, 1, 6, 11, -1, 502, 222, 25.3, 40, Caap, 406, 27840, 85080, 3056, , 27840, 25000, 27726, 27726, 0, 
87, 1, 22, 85, -1, 382, 330, 24.5, 42, ABarppap, 447, 27363, 98725, 3608, , 27363, 25000, 27756, 27746, 0, 
88, 1, 90, 31, -1, 126, 257, 11.7, 33, ABalaaaa, 55, 27096, 47038, 1736, , 27096, 25000, 27363, 27363, 0, 
89, 0, 20, -1, -1, 87, 265, 17.5, 36, , 327, 1334, 59663, 2136, , 27932, 25000, 26684, 26598, 0, 
90, 0, 91, -1, -1, 114, 181, 23.4, 31, , 238, 1308, 37144, 1332, , 27886, 25000, 26576, 26578, 0, 
91, 0, 70, -1, -1, 441, 339, 13.5, 26, , 299, -246, 24992, 896, , 27893, 25000, 27853, 28139, 0, 
