1, 1, 63, 4, -1, 271, 367, 21.6, 42, ABarpaap, 414, 27382, 100218, 3660, , 27382, 25000, 27672, 27678, 0, 
2, 1, 6, 14, -1, 375, 123, 16.6, 40, ABplpapp, 406, 27147, 82635, 3044, , 27147, 25000, 28087, 28091, 0, 
3, 1, 9, 58, -1, 161, 188, 12.9, 39, ABalpapa, 355, 27198, 74850, 2752, , 27198, 25000, 28429, 28429, 0, 
4, 1, 49, 2, -1, 232, 368, 11.4, 37, ABarapaa, 341, 26160, 60901, 2328, , 26160, 25000, 27777, 27775, 0, 
5, 1, 33, 67, -1, 540, 153, 20.6, 42, Capp, 399, 27173, 99454, 3660, , 27173, 25000, 27773, 27773, 0, 
6, 1, 36, 48, -1, 287, 186, 16.2, 38, ABalpppp, 385, 27762, 73624, 2652, , 27762, 25000, 28429, 28429, 0, 
7, 1, 10, 56, -1, 485, 142, 11.8, 42, Da, 38, 27409, 94396, 3444, , 27409, 25000, 29021, 29090, 0, 
8, 1, 31, 1, -1, 170, 299, 8.7, 38, ABaraaaa, 16, 28104, 70147, 2496, , 28104, 25000, 29165, 29222, 0, 
9, 1, 70, 9, -1, 148, 175, 19.6, 39, ABalppaa, 333, 26755, 74913, 2800, , 26755, 25000, 27571, 27571, 0, 
10, 1, 59, 10, -1, 331, 341, 7.4, 38, ABarappa, 324, 28487, 73496, 2580, , 28487, 25000, 31622, 32049, 0, 
11, 1, 86, 11, -1, 513, 215, 25.6, 42, Caap, 417, 27221, 99628, 3660, , 27221, 25000, 27455, 27457, 0, 
12, 1, 58, 59, -1, 180, 260, 13.7, 36, ABalaapa, 298, 27527, 61000, 2216, , 27527, 25000, 27928, 27946, 0, 
13, 1, 26, 87, -1, 566, 337, 10.7, 36, ABprppaa, 331, 26711, 59191, 2216, , 26711, 25000, 27897, 27893, 0, 
14, 1, 35, 12, -1, 458, 253, 8.0, 41, MSppp, 362, 27096, 87250, 3220, , 27096, 25000, 29885, 29923, 0, 
15, 1, 80, 47, -1, 276, 287, 20.8, 41, ABalappp, 419, 27177, 86314, 3176, , 27177, 25000, 27416, 27416, 0, 
16, 0, 27, -1, -1, 89, 264, 14.7, 32, , 166, 2687, 45684, 1584, , 28841, 25000, 26167, 26154, 0, 
17, 1, 38, 31, -1, 294, 124, 18.5, 41, ABplpapa, 373, 26836, 91885, 3424, , 26836, 25000, 27457, 27445, 0, 
18, 1, 82, 23, -1, 356, 385, 18.4, 40, ABpraaap, 377, 27108, 82517, 3044, , 27108, 25000, 27737, 27774, 0, 
19, 1, 2, 62, -1, 400, 124, 11.3, 41, MSapp, 75, 26761, 88631, 3312, , 26761, 25000, 28334, 28334, 0, 
20, 1, 22, 16, -1, 423, 188, 10.8, 43, P4, 425, 27084, 102379, 3780, , 27084, 25000, 28750, 28752, 0, 
21, 1, 84, 69, -1, 533, 325, 24.0, 46, Cpaa, 460, 27162, 119947, 4416, , 27162, 25000, 27640, 27640, 0, 
22, 1, 28, 54, -1, 358, 227, 16.0, 45, Eal, 242, 26380, 113327, 4296, , 26380, 25000, 28433, 28433, 0, 
23, 1, 74, 20, -1, 143, 312, 19.9, 39, ABalapaa, 470, 27135, 74676, 2752, , 27135, 25000, 27501, 27510, 0, 
24, 1, 24, 36, -1, 342, 205, 23.5, 42, ABplappa, 390, 27562, 99444, 3608, , 27562, 25000, 27466, 27529, 0, 
25, 1, 12, 71, -1, 229, 227, 9.4, 42, MSaaa, 115, 26878, 98375, 3660, , 26878, 25000, 29882, 29882, 0, 
26, 1, 20, 52, -1, 438, 306, 8.3, 40, MSppa, 382, 27651, 84502, 3056, , 27651, 25000, 29743, 29807, 0, 
27, 1, 42, 28, -1, 380, 229, 8.3, 41, MSpap, 407, 27311, 90454, 3312, , 27311, 25000, 30864, 30864, 0, 
28, 1, 37, 15, -1, 556, 279, 18.0, 39, ABprappp, 332, 27460, 79304, 2888, , 27460, 25000, 27490, 27461, 0, 
29, 1, 81, 78, -1, 290, 390, 14.9, 39, ABpraaaa, 312, 27818, 76554, 2752, , 27818, 25000, 27908, 27908, 0, 
30, 1, 47, 79, -1, 308, 166, 23.3, 40, ABplpaap, 396, 27057, 82687, 3056, , 27057, 25000, 27848, 27960, 0, 
31, 1, 88, 25, -1, 137, 252, 11.0, 36, ABalaaaa, 676, 27409, 61724, 2252, , 27409, 25000, 27612, 27622, 0, 
32, 1, 73, 29, -1, 589, 296, 15.1, 36, ABprppap, 303, 28214, 64215, 2276, , 28214, 25000, 28562, 28607, 0, 
33, 1, 25, 60, -1, 519, 184, 9.9, 43, Dp, 134, 26825, 96355, 3592, , 26825, 25000, 29295, 29452, 0, 
34, 1, 44, 5, -1, 476, 376, 13.0, 37, ABprpaap, 307, 26953, 68891, 2556, , 26953, 25000, 27918, 27941, 0, 
35, 1, 51, 63, -1, 426, 199, 23.5, 40, ABplappp, 367, 27098, 81728, 3016, , 27098, 25000, 27403, 27354, 0, 
36, 1, 62, 35, -1, 159, 278, 23.7, 41, ABplaaaa, 178, 26993, 89402, 3312, , 26993, 25000, 27650, 27660, 0, 
37, 1, 1, 3, -1, 305, 189, 8.7, 42, MSaap, -205, 27473, 99781, 3632, , 27473, 25000, 29997, 29997, 0, 
38, 1, 60, 44, -1, 201, 228, 24.7, 42, ABplaapa, 427, 26952, 97891, 3632, , 26952, 25000, 27310, 27319, 0, 
39, 1, 16, 37, -1, 399, 294, 16.8, 46, Ear, 444, 27618, 126160, 4568, , 27618, 25000, 28299, 28299, 0, 
40, 1, 39, 73, -1, 219, 194, 17.8, 38, ABalpppa, 325, 26372, 69938, 2652, , 26372, 25000, 28010, 28015, 0, 
41, 1, 46, 57, -1, 382, 304, 8.2, 37, ABarappp, 88, 26745, 63439, 2372, , 26745, 25000, 29978, 30004, 0, 
42, 1, 57, 8, -1, 218, 301, 16.7, 36, ABalappa, 352, 26694, 59155, 2216, , 26694, 25000, 27725, 27712, 0, 
43, 1, 4, 26, -1, 566, 156, 14.5, 40, Cppp, -324, 26342, 79446, 3016, , 26342, 25000, 27997, 27997, 0, 
44, 1, 83, 85, -1, 318, 369, 24.7, 43, ABarppaa, 432, 27573, 104447, 3788, , 27573, 25000, 27495, 27501, 0, 
45, 1, 14, 49, -1, 266, 326, 14.4, 39, ABarpapa, 340, 27136, 75981, 2800, , 27136, 25000, 28132, 28132, 0, 
46, 1, 50, 46, -1, 242, 252, 14.5, 37, ABalaapp, 301, 27749, 68152, 2456, , 27749, 25000, 27924, 27924, 0, 
47, 1, 85, 39, -1, 239, 290, 25.8, 42, ABplaaap, 410, 26773, 92206, 3444, , 26773, 25000, 27413, 27460, 0, 
48, 1, 23, 81, -1, 335, 319, 17.5, 40, ABarpapp, 372, 27164, 81928, 3016, , 27164, 25000, 27961, 27961, 0, 
49, 1, 17, 76, -1, 320, 141, 12.7, 41, MSapa, 386, 26469, 87666, 3312, , 26469, 25000, 28355, 28355, 0, 
50, 1, 66, 88, -1, 139, 300, 15.5, 39, ABalaaap, 331, 26985, 77718, 2880, , 26985, 25000, 28151, 28149, 0, 
51, 1, 29, 32, -1, 121, 237, 16.3, 37, ABalpaaa, 317, 27054, 64389, 2380, , 27054, 25000, 27598, 27598, 0, 
52, 1, 52, 27, -1, 299, 361, 8.7, 39, ABarapap, 329, 28025, 77462, 2764, , 28025, 25000, 29315, 29478, 0, 
53, 1, 32, 21, -1, 492, 256, 16.5, 46, Epr, -83, 27454, 128483, 4680, , 27454, 25000, 28157, 28161, 0, 
54, 1, 53, 45, -1, 494, 351, 8.2, 38, ABprpapa, 323, 28251, 74921, 2652, , 28251, 25000, 30451, 30451, 0, 
55, 1, 34, 68, -1, 345, 138, 23.4, 39, ABplppaa, 357, 26955, 75473, 2800, , 26955, 25000, 27375, 27349, 0, 
56, 1, 45, 74, -1, 421, 127, 18.8, 40, ABplpppa, 311, 26835, 80506, 3000, , 26835, 25000, 27978, 28051, 0, 
57, 1, 40, 7, -1, 497, 375, 19.4, 41, ABprapap, 395, 27705, 89876, 3244, , 27705, 25000, 27477, 27477, 0, 
58, 1, 8, 65, -1, 533, 354, 14.6, 40, ABprappa, 396, 27018, 82244, 3044, , 27018, 25000, 28087, 28086, 0, 
59, 1, 5, 83, -1, 361, 389, 11.5, 40, ABpraapa, 237, 26928, 81216, 3016, , 26928, 25000, 28188, 28188, 0, 
60, 1, 68, 13, -1, 457, 161, 24.2, 41, Capa, 405, 27376, 86945, 3176, , 27376, 25000, 27734, 27743, 0, 
61, 1, 43, 70, -1, 315, 266, 12.2, 43, MSpaa, 126, 27134, 102567, 3780, , 27134, 25000, 28189, 28213, 0, 
62, 1, 15, 40, -1, 404, 143, 22.6, 39, ABplppap, 151, 27358, 76602, 2800, , 27358, 25000, 27533, 27550, 0, 
63, 1, 30, 34, -1, 402, 384, 21.3, 42, ABarpppa, 388, 26708, 97003, 3632, , 26708, 25000, 27615, 27622, 0, 
64, 1, 7, 33, -1, 556, 214, 9.4, 37, ABprpppp, 326, 27508, 64038, 2328, , 27508, 25000, 29000, 29164, 0, 
65, 1, 48, 18, -1, 470, 319, 21.3, 42, ABarpppp, 411, 27473, 99783, 3632, , 27473, 25000, 27738, 27738, 0, 
66, 1, 13, 38, -1, 425, 358, 14.6, 44, ABpraapp, 388, 27370, 117035, 4276, , 27370, 25000, 28292, 28355, 0, 
67, 1, 75, 80, -1, 485, 121, 16.4, 41, ABplpppp, 374, 27204, 88251, 3244, , 27204, 25000, 28118, 28126, 0, 
68, 1, 56, 30, -1, 219, 293, 8.7, 38, ABaraapa, 379, 27504, 68651, 2496, , 27504, 25000, 29851, 29893, 0, 
69, 1, 77, 64, -1, 292, 223, 24.1, 42, ABplaapp, 357, 26752, 89029, 3328, , 26752, 25000, 27174, 27178, 0, 
70, 1, 64, 61, -1, 566, 277, 10.5, 38, ABprpppa, 314, 28417, 72520, 2552, , 28417, 25000, 28205, 28261, 0, 
71, 1, 21, 53, -1, 192, 366, 17.5, 39, ABarpaaa, 342, 27305, 78638, 2880, , 27305, 25000, 27442, 27442, 0, 
72, 1, 76, 51, -1, 425, 280, 25.6, 44, Caaa, 443, 27012, 115502, 4276, , 27012, 25000, 27456, 27469, 0, 
73, 1, 79, 75, -1, 360, 264, 24.4, 42, ABplapap, 396, 28460, 104162, 3660, , 28460, 25000, 27486, 27491, 0, 
74, 1, 55, 77, -1, 250, 156, 11.6, 38, ABalpapp, 382, 27826, 71791, 2580, , 27826, 25000, 27965, 27965, 0, 
75, 1, 67, 42, -1, 211, 332, 22.6, 40, ABalapap, 343, 27008, 82211, 3044, , 27008, 25000, 27551, 27555, 0, 
76, 1, 18, 66, -1, 294, 262, 7.5, 39, ABaraapp, 394, 28132, 81019, 2880, , 28132, 25000, 30560, 30610, 0, 
77, 1, 11, 43, -1, 520, 285, 8.9, 38, ABprpapp, 362, 27515, 72971, 2652, , 27515, 25000, 29084, 29147, 0, 
78, 1, 71, 82, -1, 414, 371, 8.2, 39, ABprpaaa, 313, 27589, 73165, 2652, , 27589, 25000, 30245, 30245, 0, 
79, 1, 54, 55, -1, 202, 333, 12.8, 40, ABaraaap, 432, 27152, 81457, 3000, , 27152, 25000, 27931, 27988, 0, 
80, 1, 3, 50, -1, 601, 237, 16.9, 42, Cppa, -162, 26877, 89445, 3328, , 26877, 25000, 27948, 27950, 0, 
81, 1, 72, 24, -1, 245, 145, 20.7, 41, ABplpaaa, 372, 27300, 90419, 3312, , 27300, 25000, 27158, 27144, 0, 
82, 1, 69, 6, -1, 179, 231, 18.9, 38, ABalpaap, 363, 27026, 71673, 2652, , 27026, 25000, 27868, 27861, 0, 
83, 1, 41, 86, -1, 426, 409, 15.1, 38, ABprapaa, 307, 26957, 71489, 2652, , 26957, 25000, 27621, 27652, 0, 
84, 1, 65, 17, -1, 293, 302, 26.3, 42, ABplapaa, 240, 27131, 98540, 3632, , 27131, 25000, 27490, 27485, 0, 
85, 1, 87, 41, -1, 385, 325, 24.4, 42, ABarppap, -255, 27298, 99912, 3660, , 27298, 25000, 27573, 27574, 0, 
86, 1, 61, 72, -1, 567, 223, 23.1, 44, Cpap, 310, 27716, 108757, 3924, , 27716, 25000, 27874, 27886, 0, 
87, 0, 89, -1, -1, 90, 263, 17.6, 35, , 122, 714, 52833, 1932, , 27346, 25000, 26873, 26632, 0, 
88, 1, 19, 19, -1, 444, 205, 17.5, 46, Epl, -277, 26717, 125036, 4680, , 26717, 25000, 28084, 28083, 0, 
89, 1, 78, 84, -1, 199, 175, 22.8, 40, ABalppap, 167, 26867, 80602, 3000, , 26867, 25000, 27679, 27706, 0, 
90, 0, 90, -1, -1, 114, 183, 24.6, 34, , 324, 1135, 50145, 1780, , 28171, 25000, 27036, 27036, 0, 
