1, 1, 28, 65, 74, 369, 246, 9.2, 39, MSpap, 262, 27618, 73244, 2652, , 27618, 25000, 29712, 29712, 0, 
2, 1, 17, 53, -1, 295, 283, 26.2, 42, ABplapaa, 377, 26813, 92345, 3444, , 26813, 25000, 27689, 27677, 0, 
3, 1, 64, 13, -1, 287, 215, 23.5, 42, ABplaapp, 411, 27911, 100703, 3608, , 27911, 25000, 27813, 27834, 0, 
4, 1, 16, 89, -1, 416, 199, 11.0, 41, P4, -152, 27056, 87121, 3220, , 27056, 25000, 28620, 28620, 0, 
5, 1, 51, 75, -1, 437, 257, 25.4, 44, Caaa, 441, 27604, 118035, 4276, , 27604, 25000, 27272, 27273, 0, 
6, 1, 58, 64, -1, 159, 188, 13.4, 38, ABalpapa, 151, 27114, 69953, 2580, , 27114, 25000, 28206, 28206, 0, 
7, 1, 66, 55, -1, 288, 275, 6.6, 37, ABaraapp, 377, 31038, 72257, 2328, , 31038, 25000, 31652, 31652, 0, 
8, 1, 43, 2, -1, 518, 303, 8.5, 38, ABprpapp, 306, 28057, 71601, 2552, , 28057, 25000, 29708, 29783, 0, 
9, 1, 71, 24, 37, 221, 234, 9.5, 41, MSaaa, 240, 27636, 94625, 3424, , 27636, 25000, 29689, 29689, 0, 
10, 1, 26, 5, -1, 556, 156, 13.8, 41, Cppp, 387, 26495, 83405, 3148, , 26495, 25000, 28369, 28369, 0, 
11, 1, 10, 3, -1, 335, 347, 7.6, 38, ABarappa, 300, 27624, 71271, 2580, , 27624, 25000, 31062, 31255, 0, 
12, 1, 42, 39, -1, 213, 336, 23.6, 40, ABalapap, 386, 28023, 85303, 3044, , 28023, 25000, 27862, 27857, 0, 
13, 1, 29, 69, -1, 594, 291, 15.5, 38, ABprppap, 377, 26924, 68710, 2552, , 26924, 25000, 27856, 27917, 0, 
14, 1, 86, 43, -1, 428, 407, 18.2, 39, ABprapaa, 370, 27592, 73175, 2652, , 27592, 25000, 27354, 27329, 0, 
15, 1, 32, 50, -1, 120, 246, 15.3, 36, ABalpaaa, 174, 27478, 60892, 2216, , 27478, 25000, 27851, 27851, 0, 
16, 1, 45, 52, -1, 496, 367, 8.7, 35, ABprpapa, 280, 27610, 56325, 2040, , 27610, 25000, 29194, 29194, 0, 
17, 1, 67, 29, -1, 532, 143, 19.1, 40, Capp, 488, 28023, 83732, 2988, , 28023, 25000, 28046, 28046, 0, 
18, 1, 55, 80, -1, 210, 341, 13.0, 38, ABaraaap, 342, 26608, 68009, 2556, , 26608, 25000, 27905, 27961, 0, 
19, 1, 35, 14, -1, 162, 275, 24.2, 41, ABplaaaa, 393, 27938, 88731, 3176, , 27938, 25000, 27582, 27581, 0, 
20, 1, 61, 11, -1, 558, 288, 10.6, 37, ABprpppa, 334, 27069, 63017, 2328, , 27069, 25000, 27991, 28053, 0, 
21, 1, 82, 84, -1, 419, 384, 9.0, 39, ABprpaaa, 309, 27440, 79248, 2888, , 27440, 25000, 28823, 28823, 0, 
22, 1, 50, 17, -1, 591, 228, 15.8, 39, Cppa, 365, 27627, 73267, 2652, , 27627, 25000, 27771, 27768, 0, 
23, 1, 62, 12, -1, 383, 138, 11.5, 39, MSapp, -95, 26282, 75692, 2880, , 26282, 25000, 28557, 28557, 0, 
24, 1, 40, 8, -1, 401, 141, 22.4, 37, ABplppap, 166, 26180, 60947, 2328, , 26180, 25000, 27531, 27553, 0, 
25, 1, 5, 1, -1, 486, 383, 13.6, 38, ABprpaap, -236, 26677, 68827, 2580, , 26677, 25000, 28331, 28331, 0, 
26, 1, 47, 18, -1, 279, 287, 21.4, 41, ABalappp, 411, 27537, 89329, 3244, , 27537, 25000, 27537, 27545, 0, 
27, 1, 48, 76, -1, 273, 190, 16.3, 39, ABalpppp, 377, 27575, 76218, 2764, , 27575, 25000, 28223, 28223, 0, 
28, 1, 73, 66, -1, 209, 202, 18.4, 36, ABalpppa, 367, 27330, 57721, 2112, , 27330, 25000, 27839, 27839, 0, 
29, 1, 38, 4, -1, 426, 365, 15.6, 41, ABpraapp, 115, 27104, 87926, 3244, , 27104, 25000, 28288, 28289, 0, 
30, 1, 60, 15, -1, 512, 188, 9.8, 43, Dp, -20, 27441, 103728, 3780, , 27441, 25000, 29248, 29348, 0, 
31, 1, 30, 88, -1, 218, 309, 8.4, 36, ABaraapa, -298, 27731, 58568, 2112, , 27731, 25000, 30674, 30676, 0, 
32, 1, 76, 32, -1, 317, 153, 12.9, 40, MSapa, 129, 26376, 78811, 2988, , 26376, 25000, 28324, 28324, 0, 
33, 1, 41, 91, -1, 392, 307, 24.5, 42, ABarppap, 420, 27476, 99135, 3608, , 27476, 25000, 27714, 27714, 0, 
34, 1, 54, 20, -1, 347, 236, 16.4, 46, Eal, 439, 26816, 129251, 4820, , 26816, 25000, 28602, 28602, 0, 
35, 1, 37, 27, -1, 395, 308, 16.2, 45, Ear, 447, 27571, 117454, 4260, , 27571, 25000, 28463, 28462, 0, 
36, 1, 79, 70, -1, 284, 158, 23.5, 40, ABplpaap, 149, 27442, 82765, 3016, , 27442, 25000, 27648, 27749, 0, 
37, 1, 56, 38, -1, 468, 148, 11.7, 42, Da, -175, 26791, 97304, 3632, , 26791, 25000, 29053, 29134, 0, 
38, 1, 27, 9, -1, 295, 359, 8.4, 39, ABarapap, 338, 28005, 78413, 2800, , 28005, 25000, 30254, 30390, 0, 
39, 1, 18, 63, -1, 475, 307, 21.2, 42, ABarpppp, 423, 26616, 91664, 3444, , 26616, 25000, 27587, 27591, 0, 
40, 1, 39, 78, -1, 239, 285, 25.5, 42, ABplaaap, 418, 27531, 99332, 3608, , 27531, 25000, 27458, 27489, 0, 
41, 1, 1, 33, -1, 168, 304, 9.2, 36, ABaraaaa, 333, 27440, 62564, 2280, , 27440, 25000, 28672, 28658, 0, 
42, 1, 31, 72, -1, 275, 124, 18.0, 38, ABplpapa, 302, 26991, 68988, 2556, , 26991, 25000, 27741, 27741, 0, 
43, 0, 22, -1, -1, 87, 266, 17.5, 35, , 318, 456, 54192, 1984, , 27315, 25000, 26887, 26859, 0, 
44, 1, 80, 34, -1, 467, 115, 15.0, 40, ABplpppp, 378, 26652, 82302, 3088, , 26652, 25000, 28244, 28310, 0, 
45, 1, 14, 28, -1, 359, 123, 17.3, 39, ABplpapp, 343, 26669, 73714, 2764, , 26669, 25000, 27848, 27857, 0, 
46, 1, 6, 51, -1, 171, 243, 18.8, 39, ABalpaap, 376, 26900, 71339, 2652, , 26900, 25000, 27988, 28001, 0, 
47, 1, 2, 87, -1, 240, 370, 11.3, 37, ABarapaa, 344, 27516, 65489, 2380, , 27516, 25000, 27628, 27724, 0, 
48, 1, 20, 90, -1, 146, 322, 20.9, 40, ABalapaa, 107, 27248, 81416, 2988, , 27248, 25000, 27336, 27382, 0, 
49, 1, 83, 46, -1, 367, 395, 12.5, 39, ABpraapa, -136, 27126, 78122, 2880, , 27126, 25000, 28161, 28161, 0, 
50, 1, 52, 16, -1, 438, 313, 8.4, 42, MSppa, 405, 27357, 100127, 3660, , 27357, 25000, 29657, 29733, 0, 
51, 1, 72, 6, -1, 569, 209, 22.4, 44, Cpap, 165, 27193, 116276, 4276, , 27193, 25000, 27899, 27906, 0, 
52, 1, 23, 54, -1, 358, 391, 19.5, 42, ABpraaap, 328, 27879, 100589, 3608, , 27879, 25000, 27445, 27439, 0, 
53, 1, 75, 67, -1, 366, 251, 24.7, 42, ABplapap, 384, 26913, 97747, 3632, , 26913, 25000, 27762, 27773, 0, 
54, 1, 12, 22, -1, 454, 258, 8.0, 40, MSppp, -27, 26350, 81368, 3088, , 26350, 25000, 30084, 30119, 0, 
55, 1, 11, 10, -1, 520, 204, 25.7, 42, Caap, 373, 27072, 98324, 3632, , 27072, 25000, 27712, 27729, 0, 
56, 1, 25, 42, -1, 133, 267, 10.6, 36, ABalaaaa, 96, 26770, 56539, 2112, , 26770, 25000, 27337, 27348, 0, 
57, 1, 19, 60, -1, 432, 210, 17.8, 45, Epl, -214, 27038, 115183, 4260, , 27038, 25000, 28329, 28329, 0, 
58, 1, 34, 86, -1, 404, 377, 23.0, 41, ABarpppa, 404, 26926, 86703, 3220, , 26926, 25000, 27132, 27144, 0, 
59, 1, 65, 45, -1, 533, 357, 16.0, 40, ABprappa, 322, 26907, 83089, 3088, , 26907, 25000, 28130, 28130, 0, 
60, 1, 74, 40, -1, 414, 121, 17.7, 39, ABplpppa, 344, 26980, 74573, 2764, , 26980, 25000, 27703, 27689, 0, 
61, 1, 78, 35, -1, 294, 394, 15.1, 37, ABpraaaa, 321, 26381, 64581, 2448, , 26381, 25000, 27768, 27768, 0, 
62, 1, 15, 61, -1, 559, 272, 17.7, 38, ABprappp, 76, 26261, 65548, 2496, , 26261, 25000, 27786, 27847, 0, 
63, 1, 57, 59, -1, 385, 324, 8.1, 37, ABarappp, -74, 27393, 67059, 2448, , 27393, 25000, 29825, 29885, 0, 
64, 1, 44, 44, -1, 206, 220, 24.1, 41, ABplaapa, 385, 26894, 83265, 3096, , 26894, 25000, 27946, 27942, 0, 
65, 1, 21, 85, -1, 491, 256, 16.4, 47, Epr, 207, 26791, 135670, 5064, , 26791, 25000, 28325, 28325, 0, 
66, 1, 81, 56, -1, 326, 322, 18.5, 40, ABarpapp, 351, 27923, 84217, 3016, , 27923, 25000, 27905, 27905, 0, 
67, 1, 70, 25, -1, 311, 279, 11.8, 40, MSpaa, 401, 27932, 83796, 3000, , 27932, 25000, 28294, 28294, 0, 
68, 1, 33, 41, -1, 548, 220, 8.4, 37, ABprpppp, 308, 27316, 63592, 2328, , 27316, 25000, 30976, 31094, 0, 
69, 1, 77, 26, -1, 243, 161, 11.0, 39, ABalpapp, 342, 26793, 77379, 2888, , 26793, 25000, 28454, 28454, 0, 
70, 1, 3, 7, 68, 297, 213, 8.8, 40, MSaap, 151, 27864, 83592, 3000, , 27864, 25000, 29955, 29955, 0, 
71, 1, 7, 36, -1, 502, 366, 20.3, 40, ABprapap, 363, 27398, 83729, 3056, , 27398, 25000, 27751, 27748, 0, 
72, 1, 84, 30, -1, 178, 175, 22.1, 39, ABalppap, 391, 28024, 77123, 2752, , 28024, 25000, 27983, 27990, 0, 
73, 1, 49, 19, -1, 264, 338, 15.4, 39, ABarpapa, 362, 26818, 75091, 2800, , 26818, 25000, 28247, 28250, 0, 
74, 1, 53, 62, -1, 196, 370, 17.7, 37, ABarpaaa, 349, 26771, 63714, 2380, , 26771, 25000, 27347, 27342, 0, 
75, 1, 69, 21, -1, 534, 309, 24.0, 45, Cpaa, 457, 26915, 115625, 4296, , 26915, 25000, 27923, 27930, 0, 
76, 1, 59, 23, -1, 171, 273, 13.5, 37, ABalaapa, 335, 26900, 66066, 2456, , 26900, 25000, 27758, 27742, 0, 
77, 1, 4, 83, -1, 273, 366, 22.8, 42, ABarpaap, 410, 26972, 92891, 3444, , 26972, 25000, 27880, 27902, 0, 
78, 1, 24, 73, -1, 222, 153, 20.6, 38, ABplpaaa, 347, 27689, 71437, 2580, , 27689, 25000, 27286, 27288, 0, 
79, 1, 13, 47, -1, 456, 154, 23.1, 42, Capa, -84, 26955, 89705, 3328, , 26955, 25000, 27983, 27942, 0, 
80, 1, 46, 81, -1, 245, 268, 14.6, 39, ABalaapp, 330, 26991, 75575, 2800, , 26991, 25000, 27698, 27698, 0, 
81, 1, 68, 92, -1, 325, 142, 23.2, 41, ABplppaa, 395, 26724, 84876, 3176, , 26724, 25000, 27652, 27636, 0, 
82, 1, 85, 82, -1, 320, 355, 25.4, 43, ABarppaa, 435, 26805, 102501, 3824, , 26805, 25000, 27578, 27583, 0, 
83, 1, 87, 77, -1, 562, 345, 10.8, 37, ABprppaa, 360, 26672, 63265, 2372, , 26672, 25000, 27645, 27641, 0, 
84, 1, 88, 49, -1, 148, 325, 16.3, 38, ABalaaap, 343, 27086, 67606, 2496, , 27086, 25000, 27501, 27518, 0, 
85, 1, 8, 71, -1, 213, 317, 17.4, 38, ABalappa, 328, 27596, 71197, 2580, , 27596, 25000, 27984, 27974, 0, 
86, 1, 36, 79, -1, 341, 196, 23.1, 40, ABplappa, 407, 27069, 80883, 2988, , 27069, 25000, 27739, 27753, 0, 
87, 1, 9, 58, -1, 131, 198, 18.5, 35, ABalppaa, 736, 27076, 53719, 1984, , 27076, 25000, 27260, 27260, 0, 
88, 1, 63, 31, -1, 418, 188, 23.7, 40, ABplappp, 153, 28205, 86193, 3056, , 28205, 25000, 27351, 27335, 0, 
89, 0, 89, -1, -1, 86, 266, 14.7, 30, , 255, -683, 34383, 1308, , 26287, 25000, 26923, 26970, 0, 
90, 0, 90, -1, -1, 111, 183, 23.0, 32, , 259, 301, 46208, 1708, , 27054, 25000, 26753, 26753, 0, 
