1, 1, 25, 9, -1, 486, 384, 13.8, 38, ABprpaap, -8, 26483, 70232, 2652, , 26483, 25000, 28057, 28061, 0, 
2, 1, 8, 7, -1, 516, 307, 8.5, 37, ABprpapp, 280, 26858, 65964, 2456, , 26858, 25000, 29555, 29594, 0, 
3, 1, 11, 57, -1, 337, 351, 7.8, 37, ABarappa, 341, 27984, 66377, 2372, , 27984, 25000, 30507, 30715, 0, 
4, 1, 29, 12, -1, 430, 375, 15.7, 40, ABpraapp, 176, 26779, 81838, 3056, , 26779, 25000, 28031, 28118, 0, 
5, 1, 10, 23, -1, 564, 160, 14.3, 40, Cppp, 439, 26828, 81986, 3056, , 26828, 25000, 28325, 28326, 0, 
6, 1, 51, 18, -1, 568, 211, 22.1, 44, Cpap, 417, 26792, 105133, 3924, , 26792, 25000, 27853, 27850, 0, 
7, 1, 70, 8, -1, 275, 205, 9.1, 31, MSaapa, 204, 27570, 40803, 1480, , 27570, 25000, 28591, 28616, 0, 
8, 1, 24, 69, -1, 402, 143, 21.5, 36, ABplppap, 303, 27372, 58467, 2136, , 27372, 25000, 27877, 27841, 0, 
9, 1, 38, 73, -1, 295, 357, 8.4, 38, ABarapap, 358, 28072, 72425, 2580, , 28072, 25000, 29702, 29830, 0, 
10, 1, 55, 52, -1, 520, 201, 26.0, 41, Caap, 404, 27094, 87243, 3220, , 27094, 25000, 27400, 27401, 0, 
11, 1, 20, 41, -1, 558, 292, 10.6, 37, ABprpppa, 6, 27927, 65013, 2328, , 27927, 25000, 29232, 29256, 0, 
12, 1, 23, 55, -1, 389, 141, 11.9, 39, MSapp, 354, 26863, 73928, 2752, , 26863, 25000, 28409, 28409, 0, 
13, 1, 3, 22, -1, 294, 206, 22.6, 41, ABplaapp, 346, 27701, 89861, 3244, , 27701, 25000, 27827, 27826, 0, 
14, 1, 19, 58, -1, 172, 266, 24.3, 42, ABplaaaa, 374, 27081, 98360, 3632, , 27081, 25000, 27311, 27315, 0, 
15, 1, 30, 24, -1, 525, 190, 9.4, 42, Dp, 123, 27308, 99948, 3660, , 27308, 25000, 29972, 29971, 0, 
16, 1, 50, 36, -1, 436, 310, 8.4, 41, MSppa, -49, 28068, 91051, 3244, , 28068, 25000, 29393, 29497, 0, 
17, 1, 22, 31, -1, 593, 228, 15.9, 41, Cppa, 237, 26934, 83389, 3096, , 26934, 25000, 28284, 28297, 0, 
18, 1, 26, 90, -1, 283, 280, 21.3, 39, ABalappp, 361, 26826, 74148, 2764, , 26826, 25000, 27687, 27701, 0, 
19, 1, 73, 46, -1, 262, 338, 15.9, 38, ABarpapa, 341, 27366, 72574, 2652, , 27366, 25000, 28336, 28336, 0, 
20, 1, 34, 32, -1, 353, 233, 16.0, 45, Eal, 191, 26801, 115139, 4296, , 26801, 25000, 28481, 28481, 0, 
21, 1, 75, 14, -1, 532, 307, 24.1, 45, Cpaa, 449, 27661, 114075, 4124, , 27661, 25000, 27766, 27761, 0, 
22, 1, 54, 59, -1, 457, 262, 7.9, 40, MSppp, 383, 27388, 81836, 2988, , 27388, 25000, 29843, 29881, 0, 
23, 1, 76, 15, -1, 175, 284, 14.3, 36, ABalaapa, 317, 26578, 58896, 2216, , 26578, 25000, 27676, 27679, 0, 
24, 1, 9, 89, -1, 239, 223, 8.2, 33, MSaaap, 217, 27373, 47738, 1744, , 27373, 25000, 30736, 30825, 0, 
25, 1, 67, 40, 66, 314, 284, 11.4, 35, MSpaa, 162, 26790, 51758, 1932, , 26790, 25000, 28463, 28467, 0, 
26, 1, 69, 63, -1, 242, 160, 10.9, 39, ABalpapp, 37, 27014, 74342, 2752, , 27014, 25000, 28294, 28294, 0, 
27, 1, 35, 3, -1, 392, 312, 16.1, 45, Ear, 701, 27678, 114146, 4124, , 27678, 25000, 28396, 28396, 0, 
28, 1, 45, 80, -1, 361, 124, 17.2, 39, ABplpapp, 374, 26901, 71342, 2652, , 26901, 25000, 28173, 28172, 0, 
29, 1, 17, 78, -1, 533, 144, 18.7, 40, Capp, -32, 26820, 81963, 3056, , 26820, 25000, 28221, 28220, 0, 
30, 1, 72, 50, -1, 183, 171, 21.4, 38, ABalppap, 387, 27072, 69847, 2580, , 27072, 25000, 28404, 28437, 0, 
31, 1, 88, 92, -1, 421, 181, 23.6, 41, ABplappp, 399, 27374, 88802, 3244, , 27374, 25000, 27262, 27330, 0, 
32, 1, 32, 38, -1, 321, 161, 13.3, 41, MSapa, 388, 27083, 89698, 3312, , 27083, 25000, 28341, 28341, 0, 
33, 1, 41, 37, -1, 169, 312, 9.6, 35, ABaraaaa, 191, 26614, 51418, 1932, , 26614, 25000, 28189, 28202, 0, 
34, 1, 44, 71, -1, 468, 114, 14.9, 39, ABplpppp, 365, 26875, 73961, 2752, , 26875, 25000, 27862, 27912, 0, 
35, 1, 61, 67, -1, 296, 396, 14.9, 38, ABpraaaa, 344, 26771, 70997, 2652, , 26771, 25000, 28093, 28093, 0, 
36, 1, 71, 51, -1, 500, 368, 20.5, 41, ABprapap, 401, 28176, 96476, 3424, , 28176, 25000, 27875, 27888, 0, 
37, 1, 9, 1, -1, 178, 251, 9.6, 32, MSaaaa, 207, 26285, 39007, 1484, , 26285, 25000, 28789, 28789, 0, 
38, 1, 37, 17, -1, 479, 150, 11.9, 41, Da, -105, 26987, 83551, 3096, , 26987, 25000, 28791, 28855, 0, 
39, 1, 12, 86, -1, 217, 331, 23.9, 40, ABalapap, 335, 27806, 83083, 2988, , 27806, 25000, 27928, 27931, 0, 
40, 1, 60, 29, -1, 419, 121, 17.4, 37, ABplpppa, 359, 26881, 62579, 2328, , 26881, 25000, 27711, 27741, 0, 
41, 1, 68, 84, -1, 538, 236, 7.4, 38, ABprpppp, 368, 30576, 78885, 2580, , 30576, 25000, 32009, 32121, 0, 
42, 1, 56, 68, -1, 129, 288, 11.7, 35, ABalaaaa, 341, 28318, 57769, 2040, , 28318, 25000, 27481, 27484, 0, 
43, 1, 14, 2, -1, 424, 404, 19.4, 41, ABprapaa, 346, 26502, 85972, 3244, , 26502, 25000, 27541, 27566, 0, 
44, 1, 64, 30, -1, 212, 210, 24.2, 42, ABplaapa, 419, 26794, 92280, 3444, , 26794, 25000, 27687, 27668, 0, 
45, 1, 59, 21, -1, 534, 353, 16.2, 41, ABprappa, 181, 26385, 83799, 3176, , 26385, 25000, 27928, 27942, 0, 
46, 1, 49, 25, -1, 365, 396, 13.1, 39, ABpraapa, -47, 27518, 75729, 2752, , 27518, 25000, 28063, 28063, 0, 
47, 1, 79, 39, -1, 461, 149, 22.8, 41, Capa, -30, 26310, 83559, 3176, , 26310, 25000, 27924, 27958, 0, 
48, 0, 43, -1, -1, 89, 264, 17.6, 36, , 85, 1259, 59174, 2112, , 28018, 25000, 26854, 26759, 0, 
49, 1, 84, 43, -1, 152, 329, 16.9, 38, ABalaaap, 353, 26824, 71136, 2652, , 26824, 25000, 27557, 27586, 0, 
50, 1, 15, 81, -1, 120, 244, 15.4, 36, ABalpaaa, 160, 27098, 57232, 2112, , 27098, 25000, 27895, 27895, 0, 
51, 1, 46, 88, -1, 169, 243, 19.5, 40, ABalpaap, 391, 27596, 83229, 3016, , 27596, 25000, 27952, 27962, 0, 
52, 1, 16, 48, -1, 492, 365, 8.5, 37, ABprpapa, 260, 27370, 67221, 2456, , 27370, 25000, 29758, 29758, 0, 
53, 1, 2, 77, -1, 298, 268, 25.8, 40, ABplapaa, 131, 26715, 80146, 3000, , 26715, 25000, 27386, 27450, 0, 
54, 1, 52, 6, -1, 359, 388, 20.1, 41, ABpraaap, 374, 26534, 82149, 3096, , 26534, 25000, 27575, 27574, 0, 
55, 1, 7, 70, -1, 288, 281, 6.3, 39, ABaraapp, 394, 31136, 86060, 2764, , 31136, 25000, 31899, 31899, 0, 
56, 1, 66, 53, -1, 324, 320, 18.5, 39, ABarpapp, 395, 27524, 79268, 2880, , 27524, 25000, 28372, 28372, 0, 
57, 0, 89, -1, -1, 89, 265, 14.8, 30, , 260, 2189, 37950, 1320, , 28750, 25000, 26589, 26561, 0, 
58, 1, 87, 72, -1, 135, 193, 18.6, 37, ABalppaa, 328, 27742, 64584, 2328, , 27742, 25000, 27365, 27365, 0, 
59, 1, 63, 49, -1, 382, 328, 8.4, 37, ABarappp, 357, 26746, 62265, 2328, , 26746, 25000, 29069, 29114, 0, 
60, 1, 57, 11, -1, 434, 211, 17.3, 46, Epl, 38, 27229, 129393, 4752, , 27229, 25000, 28010, 28010, 0, 
61, 1, 62, 4, -1, 570, 274, 18.2, 37, ABprappp, 370, 26992, 64024, 2372, , 26992, 25000, 27758, 27826, 0, 
62, 1, 74, 42, -1, 202, 367, 18.2, 38, ABarpaaa, 374, 27291, 72375, 2652, , 27291, 25000, 27711, 27711, 0, 
63, 1, 39, 47, -1, 474, 309, 21.3, 42, ABarpppp, 205, 26933, 97819, 3632, , 26933, 25000, 27470, 27476, 0, 
64, 1, 6, 85, -1, 157, 187, 13.3, 37, ABalpapa, 346, 26775, 63725, 2380, , 26775, 25000, 28097, 28097, 0, 
65, 1, 1, 33, -1, 400, 243, 8.5, 33, MSpapp, 214, 27210, 44189, 1624, , 27210, 25000, 29920, 29928, 0, 
66, 1, 28, 10, -1, 209, 201, 17.9, 37, ABalpppa, 109, 26748, 65480, 2448, , 26748, 25000, 28012, 28025, 0, 
67, 1, 53, 87, -1, 366, 244, 24.9, 42, ABplapap, 411, 27187, 90479, 3328, , 27187, 25000, 27405, 27398, 0, 
68, 1, 70, 60, -1, 337, 202, 8.6, 30, MSaapp, 205, 27905, 32258, 1156, , 27905, 25000, 28906, 28906, 0, 
69, 1, 13, 13, -1, 596, 298, 15.5, 39, ABprppap, 354, 27272, 78544, 2880, , 27272, 25000, 28121, 28211, 0, 
70, 1, 36, 5, -1, 284, 151, 23.0, 40, ABplpaap, 430, 27191, 83966, 3088, , 27191, 25000, 27637, 27679, 0, 
71, 1, 85, 44, -1, 216, 315, 18.2, 37, ABalappa, 348, 27067, 64204, 2372, , 27067, 25000, 28394, 28398, 0, 
72, 1, 42, 35, -1, 281, 124, 17.5, 37, ABplpapa, 359, 27568, 67708, 2456, , 27568, 25000, 28082, 28082, 0, 
73, 1, 78, 82, -1, 227, 146, 19.8, 38, ABplpaaa, 384, 26839, 71178, 2652, , 26839, 25000, 27538, 27537, 0, 
74, 1, 1, 27, -1, 350, 264, 8.6, 33, MSpapa, 190, 28190, 46231, 1640, , 28190, 25000, 29779, 29783, 0, 
75, 1, 5, 76, -1, 443, 251, 25.2, 45, Caaa, 455, 27049, 115227, 4260, , 27049, 25000, 27742, 27756, 0, 
76, 1, 27, 54, -1, 272, 185, 16.3, 39, ABalpppp, 393, 27131, 74989, 2764, , 27131, 25000, 28463, 28463, 0, 
77, 1, 83, 83, -1, 560, 346, 10.9, 37, ABprppaa, 321, 27323, 66887, 2448, , 27323, 25000, 28189, 28191, 0, 
78, 1, 40, 65, -1, 244, 272, 25.4, 41, ABplaaap, 398, 26564, 86172, 3244, , 26564, 25000, 27425, 27416, 0, 
79, 1, 86, 62, -1, 346, 188, 23.3, 41, ABplappa, 203, 26875, 89011, 3312, , 26875, 25000, 27562, 27527, 0, 
80, 1, 18, 16, -1, 209, 341, 13.6, 37, ABaraaap, 361, 26195, 60981, 2328, , 26195, 25000, 28035, 28049, 0, 
81, 1, 80, 56, -1, 246, 263, 14.6, 38, ABalaapp, 193, 27463, 70854, 2580, , 27463, 25000, 27611, 27611, 0, 
82, 1, 82, 91, -1, 325, 342, 25.7, 41, ABarppaa, 391, 26830, 88862, 3312, , 26830, 25000, 27774, 27815, 0, 
83, 1, 77, 26, -1, 277, 352, 23.8, 43, ABarpaap, 362, 27002, 102066, 3780, , 27002, 25000, 28089, 28111, 0, 
84, 1, 21, 19, -1, 418, 386, 9.3, 38, ABprpaaa, 360, 27435, 68478, 2496, , 27435, 25000, 28661, 28661, 0, 
85, 1, 65, 20, -1, 493, 256, 16.6, 45, Epr, 445, 27302, 118818, 4352, , 27302, 25000, 28334, 28334, 0, 
86, 1, 58, 93, -1, 405, 366, 23.4, 42, ABarpppa, 398, 27565, 100888, 3660, , 27565, 25000, 27657, 27627, 0, 
87, 1, 47, 64, -1, 245, 366, 11.7, 37, ABarapaa, 104, 27363, 65125, 2380, , 27363, 25000, 27937, 27948, 0, 
88, 1, 31, 61, -1, 223, 314, 8.3, 38, ABaraapa, 350, 28447, 71003, 2496, , 28447, 25000, 30454, 30429, 0, 
89, 1, 4, 45, 74, 429, 198, 9.5, 41, P4, 283, 28925, 99038, 3424, , 28925, 25000, 29466, 29485, 0, 
90, 1, 48, 75, -1, 154, 324, 21.6, 39, ABalapaa, 325, 27070, 75796, 2800, , 27070, 25000, 27663, 27663, 0, 
91, 1, 33, 79, -1, 397, 294, 24.3, 42, ABarppap, 266, 27447, 99688, 3632, , 27447, 25000, 27509, 27508, 0, 
92, 1, 81, 28, -1, 331, 141, 22.9, 39, ABplppaa, 365, 27694, 76215, 2752, , 27694, 25000, 27786, 27745, 0, 
93, 0, 90, -1, -1, 112, 180, 22.7, 28, , 173, 1201, 29747, 1064, , 27958, 25000, 26757, 26757, 0, 
