1, 1, 13, 11, -1, 565, 297, 18.3, 39, ABprappp, 342, 26850, 74214, 2764, , 26850, 25000, 27691, 27719, 0, 
2, 1, 43, 95, -1, 379, 299, 15.7, 44, Ear, 219, 26845, 113285, 4220, , 26845, 25000, 28299, 28299, 0, 
3, 1, 72, 16, -1, 282, 177, 11.7, 34, MSapaa, 236, 27544, 51893, 1884, , 27544, 25000, 28027, 28052, 0, 
4, 1, 92, 32, -1, 236, 231, 8.3, 37, MSaaap, 314, 27771, 66096, 2380, , 27771, 25000, 30960, 30976, 0, 
5, 1, 22, 49, -1, 453, 390, 13.3, 37, ABprpaap, 352, 27706, 65940, 2380, , 27706, 25000, 28320, 28341, 0, 
6, 1, 46, 42, -1, 265, 131, 14.8, 38, ABplpapa, 335, 27255, 72279, 2652, , 27255, 25000, 27981, 27993, 0, 
7, 1, 30, 64, -1, 223, 304, 19.4, 36, ABalappa, 322, 26728, 56450, 2112, , 26728, 25000, 27888, 27878, 0, 
8, 1, 56, 13, -1, 286, 224, 7.5, 37, MSaapa, 329, 30042, 73783, 2456, , 30042, 25000, 31343, 31368, 0, 
9, 1, 94, 18, -1, 221, 314, 25.3, 41, ABalapap, 380, 27677, 91665, 3312, , 27677, 25000, 27812, 27810, 0, 
10, 1, 4, 62, -1, 333, 354, 9.6, 39, ABarappa, 337, 27589, 77249, 2800, , 27589, 25000, 28512, 28582, 0, 
11, 1, 69, 68, -1, 294, 344, 8.4, 37, ABarapap, 139, 27634, 64331, 2328, , 27634, 25000, 30458, 30736, 0, 
12, 1, 28, 73, -1, 536, 148, 18.5, 40, Capp, -146, 27491, 82914, 3016, , 27491, 25000, 28375, 28377, 0, 
13, 1, 16, 22, -1, 418, 183, 8.1, 36, Z3, 362, 28658, 65225, 2276, , 28658, 25000, 30344, 30366, 0, 
14, 1, 82, 79, -1, 467, 149, 22.1, 40, Capa, 115, 27617, 82519, 2988, , 27617, 25000, 27961, 27999, 0, 
15, 1, 65, 14, -1, 223, 264, 14.6, 39, ABalaapp, 388, 27113, 75917, 2800, , 27113, 25000, 28011, 28011, 0, 
16, 0, 32, -1, -1, 87, 263, 17.5, 34, , 64, 1774, 48397, 1688, , 28671, 25000, 26957, 26897, 0, 
17, 1, 17, 48, -1, 133, 196, 18.5, 37, ABalppaa, 61, 27880, 68473, 2456, , 27880, 25000, 27778, 27782, 0, 
18, 1, 75, 77, -1, 282, 340, 24.4, 43, ABarpaap, 318, 28073, 107353, 3824, , 28073, 25000, 28006, 28001, 0, 
19, 1, 42, 47, -1, 380, 335, 7.5, 37, ABarappp, 428, 27295, 67036, 2456, , 27295, 25000, 30649, 30669, 0, 
20, 1, 48, 4, -1, 491, 199, 7.4, 32, Z2, 64, 28201, 41851, 1484, , 28201, 25000, 31646, 31646, 0, 
21, 1, 54, 39, 78, 428, 308, 9.9, 40, MSppa, -111, 27399, 81868, 2988, , 27399, 25000, 28281, 28296, 0, 
22, 1, 73, 37, -1, 209, 212, 17.7, 37, ABalpppa, 333, 27401, 65215, 2380, , 27401, 25000, 28058, 28053, 0, 
23, 1, 50, 29, -1, 222, 149, 19.3, 39, ABplpaaa, 384, 26491, 73220, 2764, , 26491, 25000, 27932, 27989, 0, 
24, 1, 77, 40, -1, 170, 295, 15.4, 35, ABalaapa, 202, 25826, 49896, 1932, , 25826, 25000, 28696, 28685, 0, 
25, 1, 51, 17, -1, 245, 367, 11.7, 35, ABarapaa, 344, 26696, 54459, 2040, , 26696, 25000, 27783, 27781, 0, 
26, 1, 21, 69, -1, 360, 396, 14.5, 39, ABpraapa, 380, 27276, 78554, 2880, , 27276, 25000, 27749, 27749, 0, 
27, 1, 25, 50, -1, 502, 323, 8.4, 36, ABprpapp, 524, 27598, 58288, 2112, , 27598, 25000, 30136, 30136, 0, 
28, 1, 3, 72, -1, 483, 367, 21.2, 39, ABprapap, 355, 27187, 72101, 2652, , 27187, 25000, 27667, 27670, 0, 
29, 1, 5, 10, -1, 156, 320, 11.6, 35, ABaraaaa, 148, 27395, 52927, 1932, , 27395, 25000, 28221, 28230, 0, 
30, 1, 81, 38, -1, 515, 200, 25.7, 41, Caap, 370, 28299, 93727, 3312, , 28299, 25000, 27993, 28005, 0, 
31, 1, 84, 33, -1, 118, 241, 15.3, 35, ABalpaaa, 334, 26950, 54978, 2040, , 26950, 25000, 27708, 27707, 0, 
32, 1, 95, 19, -1, 355, 205, 7.3, 35, MSaapp, 287, 28971, 59101, 2040, , 28971, 25000, 31304, 31304, 0, 
33, 0, 7, -1, -1, 86, 261, 14.7, 31, , 270, 940, 37956, 1368, , 27746, 25000, 26767, 26806, 0, 
34, 1, 83, 3, -1, 519, 309, 24.2, 45, Cpaa, 452, 27172, 115752, 4260, , 27172, 25000, 28190, 28190, 0, 
35, 1, 63, 75, -1, 263, 196, 15.7, 38, ABalpppp, 389, 26310, 65671, 2496, , 26310, 25000, 28368, 28370, 0, 
36, 1, 36, 97, -1, 350, 163, 22.6, 39, ABplappa, 377, 26953, 75469, 2800, , 26953, 25000, 27721, 27732, 0, 
37, 1, 86, 54, -1, 418, 159, 21.5, 39, ABplappp, 368, 26935, 77573, 2880, , 26935, 25000, 27378, 27318, 0, 
38, 1, 37, 46, -1, 265, 331, 17.5, 37, ABarpapa, 129, 27536, 67629, 2456, , 27536, 25000, 27507, 27503, 0, 
39, 1, 15, 92, -1, 430, 390, 17.6, 43, ABpraapp, 402, 27883, 106623, 3824, , 27883, 25000, 28091, 28133, 0, 
40, 1, 38, 31, -1, 468, 369, 8.6, 36, ABprpapa, 70, 27111, 57258, 2112, , 27111, 25000, 29754, 29754, 0, 
41, 1, 44, 71, -1, 352, 278, 7.5, 37, MSpapa, 376, 28506, 70010, 2456, , 28506, 25000, 31550, 31705, 0, 
42, 1, 6, 86, -1, 434, 131, 10.8, 31, MSappp, 233, 29079, 42571, 1464, , 29079, 25000, 28293, 28293, 0, 
43, 1, 10, 82, -1, 201, 355, 20.5, 38, ABarpaaa, 323, 26994, 68889, 2552, , 26994, 25000, 27901, 27904, 0, 
44, 1, 87, 53, -1, 149, 197, 12.7, 38, ABalpapa, 97, 26643, 66501, 2496, , 26643, 25000, 28299, 28299, 0, 
45, 1, 6, 2, -1, 382, 148, 11.2, 31, MSappa, 206, 27508, 40272, 1464, , 27508, 25000, 28224, 28233, 0, 
46, 1, 45, 27, -1, 182, 163, 18.4, 37, ABalppap, 364, 27829, 64787, 2328, , 27829, 25000, 27980, 28064, 0, 
47, 1, 76, 30, -1, 296, 263, 21.8, 40, ABalappp, 391, 27291, 81873, 3000, , 27291, 25000, 27496, 27502, 0, 
48, 1, 58, 35, -1, 492, 252, 16.4, 45, Epr, 196, 27153, 118168, 4352, , 27153, 25000, 28119, 28119, 0, 
49, 1, 18, 81, -1, 436, 200, 16.3, 46, Epl, 384, 27265, 129565, 4752, , 27265, 25000, 28459, 28459, 0, 
50, 1, 85, 67, -1, 376, 209, 24.9, 40, ABplapap, 402, 27566, 82368, 2988, , 27566, 25000, 27787, 27803, 0, 
51, 1, 62, 83, -1, 307, 231, 26.3, 42, ABplapaa, 386, 26582, 96547, 3632, , 26582, 25000, 27496, 27487, 0, 
52, 1, 89, 88, -1, 440, 238, 24.9, 43, Caaa, 426, 27062, 97205, 3592, , 27062, 25000, 27622, 27610, 0, 
53, 1, 60, 12, -1, 212, 341, 15.0, 38, ABaraaap, 321, 26364, 67387, 2556, , 26364, 25000, 28275, 28277, 0, 
54, 1, 52, 58, -1, 390, 386, 22.7, 40, ABprapaa, 349, 26837, 82015, 3056, , 26837, 25000, 27293, 27270, 0, 
55, 1, 14, 15, -1, 294, 180, 22.2, 42, ABplaapp, 401, 27149, 93501, 3444, , 27149, 25000, 27953, 27999, 0, 
56, 1, 57, 59, -1, 157, 240, 19.2, 38, ABalpaap, 381, 28014, 74293, 2652, , 28014, 25000, 27992, 28003, 0, 
57, 1, 66, 76, -1, 318, 124, 20.4, 38, ABplppaa, 370, 27094, 69903, 2580, , 27094, 25000, 27868, 27956, 0, 
58, 1, 34, 90, -1, 590, 247, 17.0, 40, Cppa, 336, 26786, 82716, 3088, , 26786, 25000, 28170, 28182, 0, 
59, 1, 39, 56, -1, 530, 362, 11.6, 34, ABprppaa, 311, 26512, 47192, 1780, , 26512, 25000, 28259, 28259, 0, 
60, 1, 80, 84, -1, 285, 285, 6.6, 38, ABaraapp, -1, 30636, 79042, 2580, , 30636, 25000, 31626, 31626, 0, 
61, 1, 9, 5, -1, 557, 305, 10.6, 37, ABprpppa, 312, 27297, 63547, 2328, , 27297, 25000, 28134, 28134, 0, 
62, 1, 88, 45, -1, 331, 310, 25.5, 42, ABarppaa, 362, 27613, 99626, 3608, , 27613, 25000, 27973, 27985, 0, 
63, 1, 2, 65, -1, 351, 230, 15.9, 45, Eal, 457, 27094, 111735, 4124, , 27094, 25000, 28568, 28568, 0, 
64, 1, 96, 96, -1, 400, 337, 23.5, 41, ABarpppa, 411, 27869, 95423, 3424, , 27869, 25000, 27983, 28057, 0, 
65, 1, 70, 41, -1, 207, 322, 8.6, 39, ABaraapa, 361, 27668, 77469, 2800, , 27668, 25000, 30313, 30313, 0, 
66, 1, 8, 80, -1, 462, 305, 20.3, 41, ABarpppp, 407, 27138, 89881, 3312, , 27138, 25000, 27766, 27766, 0, 
67, 1, 31, 61, -1, 150, 327, 18.1, 37, ABalaaap, 44, 26782, 65563, 2448, , 26782, 25000, 27954, 27975, 0, 
68, 1, 61, 7, -1, 221, 179, 10.3, 38, ABalpapp, 341, 27018, 67437, 2496, , 27018, 25000, 28424, 28426, 0, 
69, 1, 74, 87, -1, 322, 320, 19.3, 40, ABarpapp, 367, 27398, 83729, 3056, , 27398, 25000, 27868, 27868, 0, 
70, 1, 78, 89, -1, 348, 116, 14.6, 40, ABplpapp, 34, 27388, 83370, 3044, , 27388, 25000, 28252, 28251, 0, 
71, 1, 41, 98, -1, 347, 163, 11.8, 32, MSapap, 225, 27178, 43702, 1608, , 27178, 25000, 28597, 28647, 0, 
72, 1, 64, 44, -1, 285, 389, 15.0, 36, ABpraaaa, 275, 27047, 60909, 2252, , 27047, 25000, 27658, 27658, 0, 
73, 1, 33, 43, -1, 513, 359, 16.5, 41, ABprappa, 296, 26938, 92237, 3424, , 26938, 25000, 27850, 27862, 0, 
74, 1, 59, 63, -1, 119, 294, 14.5, 35, ABalaaaa, 178, 27643, 54843, 1984, , 27643, 25000, 27596, 27605, 0, 
75, 1, 71, 28, -1, 215, 194, 23.5, 41, ABplaapa, 379, 27631, 94609, 3424, , 27631, 25000, 27984, 27984, 0, 
76, 1, 79, 34, -1, 334, 277, 11.5, 37, MSpaap, 307, 27682, 67986, 2456, , 27682, 25000, 28264, 28285, 0, 
77, 1, 90, 70, -1, 475, 113, 14.6, 39, ABplpppp, 62, 26401, 73922, 2800, , 26401, 25000, 28144, 28163, 0, 
78, 1, 55, 85, -1, 339, 385, 20.2, 40, ABpraaap, 399, 27203, 81610, 3000, , 27203, 25000, 28011, 27998, 0, 
79, 1, 29, 20, -1, 179, 248, 24.4, 40, ABplaaaa, 394, 26572, 80884, 3044, , 26572, 25000, 27765, 27757, 0, 
80, 1, 20, 66, -1, 411, 232, 7.4, 34, MSpapp, 342, 28230, 50249, 1780, , 28230, 25000, 31271, 31265, 0, 
81, 1, 24, 6, -1, 498, 151, 11.4, 42, Da, 134, 27052, 99010, 3660, , 27052, 25000, 28828, 28865, 0, 
82, 1, 11, 94, -1, 567, 219, 23.5, 43, Cpap, 434, 27643, 111236, 4024, , 27643, 25000, 27893, 27893, 0, 
83, 1, 23, 55, -1, 279, 145, 19.6, 38, ABplpaap, 352, 26815, 69183, 2580, , 26815, 25000, 28247, 28419, 0, 
84, 1, 68, 1, -1, 389, 264, 22.9, 42, ABarppap, 388, 27896, 92837, 3328, , 27896, 25000, 27543, 27531, 0, 
85, 1, 35, 24, -1, 391, 387, 9.9, 39, ABprpaaa, 338, 27198, 74848, 2752, , 27198, 25000, 28493, 28495, 0, 
86, 1, 27, 9, -1, 250, 245, 25.8, 41, ABplaaap, 385, 27484, 87290, 3176, , 27484, 25000, 27714, 27702, 0, 
87, 1, 67, 51, -1, 168, 305, 23.4, 39, ABalapaa, 333, 27952, 78266, 2800, , 27952, 25000, 28051, 28056, 0, 
88, 1, 91, 91, -1, 526, 258, 7.6, 37, ABprpppp, 364, 28586, 66548, 2328, , 28586, 25000, 31349, 31349, 0, 
89, 1, 26, 60, -1, 580, 181, 15.8, 41, Cppp, 389, 27206, 85645, 3148, , 27206, 25000, 28311, 28313, 0, 
90, 1, 1, 23, -1, 549, 210, 10.4, 42, Dp, 420, 26871, 98347, 3660, , 26871, 25000, 28895, 28887, 0, 
91, 1, 53, 26, -1, 267, 294, 12.1, 39, MSpaaa, 360, 27302, 75136, 2752, , 27302, 25000, 27918, 27919, 0, 
92, 1, 47, 52, -1, 388, 119, 19.5, 37, ABplppap, 353, 27411, 67322, 2456, , 27411, 25000, 27637, 27693, 0, 
93, 1, 93, 8, -1, 167, 258, 10.5, 37, MSaaaa, 344, 26767, 65740, 2456, , 26767, 25000, 28465, 28465, 0, 
94, 1, 49, 93, -1, 427, 116, 17.4, 38, ABplpppa, 370, 26646, 68747, 2580, , 26646, 25000, 27545, 27580, 0, 
95, 1, 12, 21, -1, 460, 266, 8.8, 41, MSppp, 274, 27147, 85459, 3148, , 27147, 25000, 29027, 29017, 0, 
96, 0, 40, -1, -1, 114, 180, 24.5, 36, , 284, 819, 59208, 2136, , 27719, 25000, 26900, 26900, 0, 
97, 1, 19, 74, -1, 577, 328, 15.0, 37, ABprppap, 19, 26961, 68912, 2556, , 26961, 25000, 28191, 28219, 0, 
98, 0, 97, -1, -1, 456, 371, 16.7, 24, , 643, 188, 19842, 704, , 28185, 25000, 28064, 27997, 0, 
