1, 1, 84, 73, -1, 387, 259, 22.6, 42, ABarppap, 418, 26890, 98419, 3660, , 26890, 25000, 27830, 27829, 0, 
2, 1, 45, 62, -1, 381, 141, 10.4, 33, MSappa, 246, 26873, 44071, 1640, , 26873, 25000, 28427, 28430, 0, 
3, 1, 34, 39, -1, 521, 307, 24.3, 45, Cpaa, 457, 27567, 118097, 4284, , 27567, 25000, 28000, 28000, 0, 
4, 1, 20, 15, -1, 497, 205, 7.6, 35, Z2, 144, 29738, 57453, 1932, , 29738, 25000, 31082, 31082, 0, 
5, 1, 61, 72, -1, 555, 310, 10.4, 36, ABprpppa, 613, 26870, 56749, 2112, , 26870, 25000, 28700, 28679, 0, 
6, 1, 81, 16, -1, 503, 152, 11.3, 41, Da, 126, 27127, 89846, 3312, , 27127, 25000, 29216, 29216, 0, 
7, 1, 68, 81, -1, 215, 186, 10.2, 39, ABalpapp, 235, 28034, 74347, 2652, , 28034, 25000, 28941, 28960, 0, 
8, 1, 93, 4, -1, 163, 258, 10.2, 38, MSaaaa, 344, 27280, 72347, 2652, , 27280, 25000, 28685, 28685, 0, 
9, 1, 86, 93, -1, 250, 231, 25.9, 42, ABplaaap, 337, 27122, 90263, 3328, , 27122, 25000, 27694, 27698, 0, 
10, 1, 29, 48, -1, 157, 321, 12.0, 35, ABaraaaa, 352, 27370, 61637, 2252, , 27370, 25000, 27517, 27534, 0, 
11, 1, 1, 8, -1, 565, 302, 17.3, 39, ABprappp, 389, 26255, 72570, 2764, , 26255, 25000, 27796, 27827, 0, 
12, 1, 53, 77, -1, 208, 340, 15.5, 38, ABaraaap, 378, 26786, 68357, 2552, , 26786, 25000, 27855, 27867, 0, 
13, 1, 8, 85, -1, 286, 227, 7.5, 36, MSaapa, 365, 29601, 63228, 2136, , 29601, 25000, 31540, 31613, 0, 
14, 1, 15, 23, -1, 221, 271, 15.0, 37, ABalaapp, 219, 27115, 69305, 2556, , 27115, 25000, 27697, 27694, 0, 
15, 1, 55, 53, -1, 292, 177, 21.6, 43, ABplaapp, 421, 27796, 106293, 3824, , 27796, 25000, 27728, 27750, 0, 
16, 1, 3, 74, -1, 278, 182, 11.3, 35, MSapaa, 331, 27730, 56569, 2040, , 27730, 25000, 27985, 28031, 0, 
17, 1, 25, 68, -1, 237, 368, 12.4, 35, ABarapaa, 308, 26355, 50917, 1932, , 26355, 25000, 27803, 27814, 0, 
18, 1, 9, 12, -1, 224, 302, 25.6, 40, ABalapap, 357, 27145, 82629, 3044, , 27145, 25000, 27467, 27456, 0, 
19, 1, 32, 90, -1, 357, 213, 6.7, 35, MSaapp, 330, 30771, 62772, 2040, , 30771, 25000, 31384, 31384, 0, 
20, 1, 79, 49, -1, 182, 239, 24.4, 39, ABplaaaa, 381, 27194, 76142, 2800, , 27194, 25000, 27853, 27853, 0, 
21, 1, 95, 13, 76, 454, 260, 8.6, 37, MSppp, 368, 27795, 64707, 2328, , 27795, 25000, 29187, 29142, 0, 
22, 1, 13, 22, -1, 407, 184, 7.7, 35, Z3, -245, 28728, 58606, 2040, , 28728, 25000, 30808, 30808, 0, 
23, 1, 90, 38, -1, 549, 216, 10.5, 41, Dp, 100, 27593, 94479, 3424, , 27593, 25000, 29253, 29253, 0, 
24, 1, 85, 97, -1, 382, 393, 11.3, 37, ABprpaaa, 41, 27993, 66623, 2380, , 27993, 25000, 27853, 27854, 0, 
25, 0, 96, -1, -1, 116, 180, 23.6, 34, , 327, 1043, 49900, 1780, , 28034, 25000, 26991, 26991, 0, 
26, 1, 91, 82, -1, 266, 295, 12.5, 39, MSpaaa, 377, 27088, 78013, 2880, , 27088, 25000, 28310, 28317, 0, 
27, 1, 46, 2, -1, 185, 163, 17.4, 38, ABalppap, 374, 27213, 70210, 2580, , 27213, 25000, 28049, 28134, 0, 
28, 1, 75, 95, -1, 213, 185, 23.3, 40, ABplaapa, 140, 26358, 80550, 3056, , 26358, 25000, 28241, 28252, 0, 
29, 1, 23, 86, -1, 222, 148, 19.3, 38, ABplpaaa, -214, 26739, 66740, 2496, , 26739, 25000, 27800, 27819, 0, 
30, 1, 47, 69, -1, 301, 259, 22.4, 40, ABalappp, 333, 27450, 83558, 3044, , 27450, 25000, 27438, 27441, 0, 
31, 1, 40, 6, -1, 452, 370, 8.6, 37, ABprpapa, 358, 28507, 66364, 2328, , 28507, 25000, 30018, 30018, 0, 
32, 1, 4, 35, -1, 239, 233, 8.7, 37, MSaaap, 281, 27480, 65403, 2380, , 27480, 25000, 30133, 30122, 0, 
33, 1, 31, 17, -1, 119, 242, 14.7, 36, ABalpaaa, 521, 28011, 62072, 2216, , 28011, 25000, 27789, 27781, 0, 
34, 1, 76, 41, -1, 338, 276, 11.0, 38, MSpaap, 312, 27822, 71112, 2556, , 27822, 25000, 28615, 28755, 0, 
35, 1, 48, 24, -1, 495, 254, 15.9, 45, Epr, 439, 27023, 111443, 4124, , 27023, 25000, 28407, 28407, 0, 
36, 0, 16, -1, -1, 87, 263, 17.5, 34, , 84, 1197, 47089, 1688, , 27896, 25000, 26764, 26699, 0, 
37, 1, 22, 21, -1, 206, 219, 17.7, 39, ABalpppa, 347, 26326, 72765, 2764, , 26326, 25000, 28260, 28259, 0, 
38, 1, 30, 84, -1, 510, 200, 25.6, 40, Caap, 369, 28012, 85269, 3044, , 28012, 25000, 27856, 27865, 0, 
39, 1, 21, 3, -1, 399, 329, 9.7, 33, MSppaa, 224, 27523, 47780, 1736, , 27523, 25000, 28178, 28203, 0, 
40, 1, 24, 10, -1, 166, 292, 15.6, 35, ABalaapa, 299, 26416, 51035, 1932, , 26416, 25000, 27887, 27915, 0, 
41, 1, 65, 34, -1, 207, 319, 8.7, 37, ABaraapa, 131, 26684, 63508, 2380, , 26684, 25000, 30024, 30024, 0, 
42, 1, 6, 98, -1, 264, 130, 13.7, 36, ABplpapa, 328, 27366, 60643, 2216, , 27366, 25000, 27995, 27995, 0, 
43, 1, 73, 14, -1, 508, 364, 16.5, 39, ABprappa, 369, 26712, 76931, 2880, , 26712, 25000, 28401, 28402, 0, 
44, 1, 72, 46, -1, 281, 387, 15.4, 37, ABpraaaa, 317, 27028, 62921, 2328, , 27028, 25000, 27907, 27907, 0, 
45, 1, 62, 42, -1, 332, 301, 26.1, 43, ABarppaa, 432, 26953, 96816, 3592, , 26953, 25000, 27679, 27684, 0, 
46, 1, 38, 71, -1, 265, 330, 17.8, 37, ABarpapa, 359, 26974, 63983, 2372, , 26974, 25000, 28033, 28036, 0, 
47, 1, 19, 67, -1, 364, 350, 8.1, 36, ABarappp, 192, 28724, 65375, 2276, , 28724, 25000, 29942, 29965, 0, 
48, 1, 17, 36, -1, 134, 191, 18.5, 36, ABalppaa, 324, 28311, 60472, 2136, , 28311, 25000, 28102, 28156, 0, 
49, 1, 5, 58, -1, 448, 392, 13.5, 37, ABprpaap, 137, 27246, 66917, 2456, , 27246, 25000, 27387, 27387, 0, 
50, 1, 27, 18, -1, 493, 328, 8.2, 38, ABprpapp, 352, 27575, 73128, 2652, , 27575, 25000, 30252, 30252, 0, 
51, 1, 87, 43, -1, 172, 298, 23.7, 37, ABalapaa, 182, 27621, 65737, 2380, , 27621, 25000, 28087, 28073, 0, 
52, 1, 92, 65, -1, 383, 120, 18.3, 37, ABplppap, 330, 26516, 63108, 2380, , 26516, 25000, 27800, 27805, 0, 
53, 1, 44, 47, -1, 150, 196, 12.7, 36, ABalpapa, 276, 26177, 58009, 2216, , 26177, 25000, 28661, 28661, 0, 
54, 1, 37, 57, -1, 413, 152, 21.5, 38, ABplappp, 348, 27383, 69882, 2552, , 27383, 25000, 27494, 27476, 0, 
55, 1, 83, 45, -1, 278, 140, 18.6, 37, ABplpaap, 317, 26818, 62432, 2328, , 26818, 25000, 28018, 28048, 0, 
56, 1, 59, 92, -1, 515, 369, 11.3, 34, ABprppaa, 310, 26286, 49523, 1884, , 26286, 25000, 28102, 28102, 0, 
57, 0, 33, -1, -1, 86, 262, 14.7, 31, , 268, 981, 37854, 1368, , 27671, 25000, 26757, 26690, 0, 
58, 1, 54, 52, -1, 391, 382, 23.4, 40, ABprapaa, 375, 27451, 83561, 3044, , 27451, 25000, 27570, 27561, 0, 
59, 1, 56, 51, -1, 147, 236, 18.6, 38, ABalpaap, -1, 27149, 70045, 2580, , 27149, 25000, 27802, 27842, 0, 
60, 1, 89, 20, -1, 579, 179, 16.2, 40, Cppp, 167, 26763, 80289, 3000, , 26763, 25000, 28399, 28399, 0, 
61, 1, 67, 5, -1, 152, 327, 18.6, 39, ABalaaap, 356, 26997, 75591, 2800, , 26997, 25000, 27814, 27852, 0, 
62, 1, 10, 31, -1, 321, 358, 10.3, 37, ABarappa, 321, 28010, 66663, 2380, , 28010, 25000, 28192, 28225, 0, 
63, 1, 74, 79, -1, 120, 300, 15.6, 35, ABalaaaa, 315, 26564, 51321, 1932, , 26564, 25000, 27821, 27855, 0, 
64, 1, 7, 44, -1, 226, 294, 19.8, 37, ABalappa, 113, 27782, 65900, 2372, , 27782, 25000, 27713, 27713, 0, 
65, 1, 63, 19, -1, 353, 230, 15.9, 44, Eal, 409, 27619, 108375, 3924, , 27619, 25000, 28160, 28160, 0, 
66, 1, 80, 88, -1, 412, 237, 7.2, 34, MSpapp, 311, 30209, 57759, 1912, , 30209, 25000, 30814, 30844, 0, 
67, 1, 50, 89, -1, 379, 197, 24.9, 42, ABplapap, 406, 27518, 91581, 3328, , 27518, 25000, 28020, 28024, 0, 
68, 1, 11, 78, -1, 284, 343, 8.3, 37, ABarapap, 350, 28155, 67008, 2380, , 28155, 25000, 30094, 30169, 0, 
69, 1, 26, 60, -1, 361, 394, 16.1, 39, ABpraapa, 364, 26780, 73698, 2752, , 26780, 25000, 27973, 27982, 0, 
70, 1, 77, 28, -1, 475, 114, 14.7, 39, ABplpppp, 17, 27567, 76195, 2764, , 27567, 25000, 28131, 28152, 0, 
71, 1, 41, 56, -1, 347, 290, 7.2, 38, MSpapa, 363, 30071, 79747, 2652, , 30071, 25000, 31519, 31730, 0, 
72, 1, 28, 75, -1, 485, 367, 21.6, 39, ABprapap, 396, 27240, 76272, 2800, , 27240, 25000, 27837, 27837, 0, 
73, 1, 12, 11, -1, 532, 143, 18.0, 40, Capp, 379, 27225, 84071, 3088, , 27225, 25000, 28184, 28184, 0, 
74, 1, 97, 9, -1, 568, 336, 14.5, 36, ABprppap, 57, 26995, 57662, 2136, , 26995, 25000, 27915, 28013, 0, 
75, 1, 35, 66, -1, 265, 197, 15.6, 40, ABalpppp, 393, 27834, 84727, 3044, , 27834, 25000, 28503, 28437, 0, 
76, 1, 57, 7, -1, 320, 120, 19.1, 37, ABplppaa, 321, 27191, 66563, 2448, , 27191, 25000, 27833, 27865, 0, 
77, 1, 18, 37, -1, 287, 330, 24.7, 42, ABarpaap, 381, 27279, 99077, 3632, , 27279, 25000, 27709, 27701, 0, 
78, 1, 21, 40, -1, 445, 302, 10.6, 32, MSppap, 197, 27948, 41475, 1484, , 27948, 25000, 28339, 28347, 0, 
79, 1, 14, 32, -1, 469, 149, 21.9, 40, Capa, 357, 27575, 82393, 2988, , 27575, 25000, 28030, 28044, 0, 
80, 1, 66, 63, -1, 461, 303, 20.2, 40, ABarpppp, 351, 27655, 82965, 3000, , 27655, 25000, 27650, 27650, 0, 
81, 1, 49, 55, -1, 438, 200, 16.4, 46, Epl, 287, 27605, 133056, 4820, , 27605, 25000, 28234, 28234, 0, 
82, 1, 43, 27, -1, 205, 350, 21.6, 37, ABarpaaa, 377, 26818, 62432, 2328, , 26818, 25000, 27575, 27575, 0, 
83, 1, 51, 70, -1, 310, 212, 25.9, 42, ABplapaa, 422, 27712, 92225, 3328, , 27712, 25000, 27386, 27370, 0, 
84, 1, 60, 30, -1, 283, 286, 6.5, 38, ABaraapp, 114, 32034, 81751, 2552, , 32034, 25000, 32318, 32318, 0, 
85, 1, 78, 96, -1, 330, 386, 20.5, 39, ABpraaap, 357, 26163, 75349, 2880, , 26163, 25000, 27946, 27953, 0, 
86, 1, 42, 54, -1, 439, 134, 10.8, 34, MSappp, 252, 27650, 52866, 1912, , 27650, 25000, 28200, 28200, 0, 
87, 1, 69, 33, -1, 324, 324, 19.5, 38, ABarpapp, 375, 27507, 70199, 2552, , 27507, 25000, 27756, 27756, 0, 
88, 1, 52, 64, -1, 442, 238, 24.8, 43, Caaa, 417, 26348, 99595, 3780, , 26348, 25000, 27656, 27649, 0, 
89, 1, 70, 61, -1, 349, 117, 13.5, 39, ABplpapp, 386, 27034, 77857, 2880, , 27034, 25000, 28063, 28078, 0, 
90, 1, 58, 29, -1, 589, 249, 17.2, 40, Cppa, 380, 26672, 80016, 3000, , 26672, 25000, 28104, 28114, 0, 
91, 1, 88, 87, -1, 525, 265, 7.6, 36, ABprpppp, 352, 27413, 57896, 2112, , 27413, 25000, 31559, 31559, 0, 
92, 1, 39, 25, -1, 430, 388, 18.6, 44, ABpraapp, 394, 27483, 117516, 4276, , 27483, 25000, 28114, 28114, 0, 
93, 1, 94, 91, -1, 429, 116, 17.5, 37, ABplpppa, 335, 26929, 66138, 2456, , 26929, 25000, 27306, 27364, 0, 
94, 1, 82, 80, -1, 565, 214, 23.3, 44, Cpap, -106, 27312, 115255, 4220, , 27312, 25000, 27577, 27581, 0, 
95, 1, 2, 94, 100, 385, 300, 16.0, 43, Ear, 319, 27185, 96997, 3568, , 27185, 25000, 28357, 28357, 0, 
96, 1, 64, 26, -1, 406, 329, 23.3, 41, ABarpppa, 407, 26894, 89074, 3312, , 26894, 25000, 28025, 27977, 0, 
97, 1, 36, 83, -1, 350, 156, 21.5, 40, ABplappa, 39, 27399, 82636, 3016, , 27399, 25000, 27758, 27784, 0, 
98, 1, 71, 50, -1, 349, 165, 11.5, 33, MSapap, 232, 27413, 44519, 1624, , 27413, 25000, 29020, 29121, 0, 
99, 0, 98, -1, -1, 452, 376, 16.8, 26, , 687, -116, 21980, 796, , 27613, 25000, 27677, 27729, 0, 
