1, 1, 61, 68, -1, 507, 347, 18.7, 41, ABprappa, 373, 27922, 92477, 3312, , 27922, 25000, 27776, 27753, 0, 
2, 1, 30, 38, -1, 429, 388, 10.4, 37, ABprpapa, -59, 27053, 62979, 2328, , 27053, 25000, 28567, 28567, 0, 
3, 1, 22, 13, -1, 276, 331, 20.5, 40, ABarpapa, 380, 26517, 79974, 3016, , 26517, 25000, 27620, 27650, 0, 
4, 1, 18, 28, -1, 314, 372, 12.5, 36, ABarappa, -7, 26803, 57252, 2136, , 26803, 25000, 28453, 28455, 0, 
5, 1, 37, 52, -1, 277, 200, 25.1, 41, ABplaaap, 394, 27418, 84887, 3096, , 27418, 25000, 27656, 27643, 0, 
6, 1, 80, 60, -1, 443, 282, 21.3, 41, ABarpppp, 354, 28295, 93712, 3312, , 28295, 25000, 27188, 27197, 0, 
7, 1, 83, 97, -1, 368, 129, 12.7, 36, ABplppap, 309, 27096, 60044, 2216, , 27096, 25000, 28550, 28544, 0, 
8, 1, 100, 40, -1, 434, 259, 6.5, 36, MSpapp, 57, 30925, 66055, 2136, , 30925, 25000, 31656, 31691, 0, 
9, 1, 7, 2, -1, 580, 187, 14.5, 40, Cppp, 293, 27692, 83519, 3016, , 27692, 25000, 27916, 27916, 0, 
10, 1, 36, 32, -1, 540, 143, 16.4, 39, Capp, -47, 26694, 74744, 2800, , 26694, 25000, 28208, 28208, 0, 
11, 1, 21, 78, -1, 429, 389, 15.1, 36, ABprpaap, 366, 27131, 61750, 2276, , 27131, 25000, 28365, 28390, 0, 
12, 1, 44, 5, -1, 372, 125, 18.4, 39, ABplappa, 341, 27101, 75882, 2800, , 27101, 25000, 27765, 27780, 0, 
13, 1, 73, 99, -1, 332, 200, 12.0, 37, MSapap, 336, 26751, 68376, 2556, , 26751, 25000, 28734, 28751, 0, 
14, 1, 38, 103, -1, 150, 235, 17.7, 40, ABalpaap, 366, 27330, 83522, 3056, , 27330, 25000, 28213, 28267, 0, 
15, 1, 102, 48, -1, 446, 207, 24.4, 43, Caaa, 416, 26836, 102621, 3824, , 26836, 25000, 27901, 27901, 0, 
16, 1, 96, 104, -1, 132, 290, 19.7, 36, ABalaaaa, 359, 27338, 60582, 2216, , 27338, 25000, 27719, 27743, 0, 
17, 1, 9, 57, -1, 269, 128, 16.6, 38, ABplpaap, 18, 26809, 69166, 2580, , 26809, 25000, 27753, 27739, 0, 
18, 1, 91, 35, -1, 151, 327, 15.4, 35, ABaraaaa, 326, 26863, 51899, 1932, , 26863, 25000, 27607, 27599, 0, 
19, 1, 10, 56, -1, 296, 263, 15.6, 39, Eala, 181, 26967, 75507, 2800, , 26967, 25000, 28304, 28304, 0, 
20, 1, 15, 43, -1, 123, 259, 14.1, 37, ABalpaaa, 167, 26874, 65788, 2448, , 26874, 25000, 28245, 28236, 0, 
21, 1, 74, 33, -1, 563, 295, 19.4, 38, ABprappp, 349, 26732, 68968, 2580, , 26732, 25000, 27000, 26982, 0, 
22, 1, 26, 12, -1, 358, 401, 15.2, 37, ABprpaaa, 322, 27653, 65592, 2372, , 27653, 25000, 27775, 27807, 0, 
23, 1, 55, 65, -1, 417, 111, 13.6, 35, ABplpppa, 92, 27130, 52415, 1932, , 27130, 25000, 28211, 28218, 0, 
24, 1, 19, 71, -1, 214, 324, 24.6, 38, ABarpaaa, 367, 26549, 68497, 2580, , 26549, 25000, 27272, 27272, 0, 
25, 1, 88, 8, 21, 505, 267, 24.0, 45, Cpaa, 293, 27360, 117539, 4296, , 27360, 25000, 27837, 27837, 0, 
26, 1, 1, 31, -1, 491, 233, 9.3, 35, Z2, -216, 28976, 59112, 2040, , 28976, 25000, 28809, 28809, 0, 
27, 1, 16, 66, -1, 374, 383, 19.1, 39, ABpraapa, 395, 26617, 73249, 2752, , 26617, 25000, 27722, 27716, 0, 
28, 1, 13, 80, -1, 237, 154, 22.3, 41, ABplaapa, 417, 26539, 87896, 3312, , 26539, 25000, 27818, 27829, 0, 
29, 1, 58, 83, -1, 217, 149, 17.3, 38, ABplpaaa, 367, 28106, 70152, 2496, , 28106, 25000, 27989, 28004, 0, 
30, 1, 12, 89, -1, 510, 378, 13.9, 36, ABprppaa, 366, 26878, 61175, 2276, , 26878, 25000, 27911, 27911, 0, 
31, 1, 35, 69, -1, 487, 346, 23.3, 42, ABprapap, 383, 26838, 97477, 3632, , 26838, 25000, 27730, 27723, 0, 
32, 1, 6, 62, -1, 410, 290, 9.4, 36, MSpppa, 349, 26919, 56852, 2112, , 26919, 25000, 28745, 28768, 0, 
33, 1, 59, 70, -1, 368, 362, 11.3, 36, ABarappp, 308, 27575, 61106, 2216, , 27575, 25000, 27592, 27613, 0, 
34, 1, 2, 72, -1, 481, 366, 9.3, 37, ABprpapp, 241, 27864, 66316, 2380, , 27864, 25000, 28935, 28918, 0, 
35, 1, 84, 96, -1, 265, 199, 16.5, 40, ABalpppp, 402, 27112, 81770, 3016, , 27112, 25000, 28328, 28335, 0, 
36, 0, 76, -1, -1, 88, 262, 17.4, 34, , 390, 249, 48393, 1780, , 27187, 25000, 26996, 26938, 0, 
37, 1, 81, 85, -1, 339, 286, 10.5, 36, MSpaap, 318, 28114, 60051, 2136, , 28114, 25000, 28555, 28598, 0, 
38, 1, 62, 90, -1, 523, 277, 8.7, 31, Dpa, 250, 26648, 36454, 1368, , 26648, 25000, 28701, 28734, 0, 
39, 1, 72, 11, -1, 160, 323, 21.7, 38, ABalaaap, 331, 28204, 70396, 2496, , 28204, 25000, 27687, 27754, 0, 
40, 1, 29, 39, -1, 535, 238, 16.0, 39, Eprp, 390, 27396, 79119, 2888, , 27396, 25000, 28299, 28299, 0, 
41, 1, 89, 102, -1, 178, 276, 13.2, 36, MSaaaa, 331, 27049, 61672, 2280, , 27049, 25000, 28302, 28302, 0, 
42, 0, 95, -1, -1, 88, 262, 14.5, 31, , 270, 663, 33996, 1232, , 27594, 25000, 26974, 26931, 0, 
43, 1, 45, 53, -1, 250, 371, 11.3, 36, ABarapaa, 360, 26478, 58675, 2216, , 26478, 25000, 28089, 28089, 0, 
44, 1, 56, 30, -1, 275, 290, 25.2, 42, ABarpaap, 374, 27515, 94761, 3444, , 27515, 25000, 27529, 27529, 0, 
45, 1, 42, 79, -1, 478, 120, 18.0, 40, Capa, 98, 26835, 82865, 3088, , 26835, 25000, 28006, 28010, 0, 
46, 1, 50, 73, -1, 234, 284, 20.3, 39, ABalappa, 144, 27932, 77205, 2764, , 27932, 25000, 27721, 27708, 0, 
47, 1, 86, 86, -1, 257, 143, 11.4, 38, ABplpapa, 379, 27336, 70528, 2580, , 27336, 25000, 28608, 28608, 0, 
48, 1, 34, 15, -1, 186, 259, 24.6, 38, ABalapaa, 364, 27133, 70003, 2580, , 27133, 25000, 27513, 27566, 0, 
49, 1, 78, 4, -1, 392, 303, 24.2, 41, ABarpppa, 398, 27531, 87440, 3176, , 27531, 25000, 27563, 27554, 0, 
50, 1, 43, 10, -1, 475, 300, 13.8, 38, Epra, 355, 27021, 71660, 2652, , 27021, 25000, 27824, 27820, 0, 
51, 1, 70, 101, -1, 274, 237, 6.7, 38, MSaapa, 387, 31569, 78796, 2496, , 31569, 25000, 32271, 32291, 0, 
52, 1, 46, 63, -1, 143, 177, 16.5, 35, ABalppaa, -28, 27749, 55055, 1984, , 27749, 25000, 27660, 27661, 0, 
53, 1, 32, 91, -1, 202, 353, 14.2, 36, ABaraaap, 329, 26520, 60465, 2280, , 26520, 25000, 27948, 27945, 0, 
54, 1, 23, 92, -1, 199, 182, 13.5, 36, ABalppap, 159, 27438, 58608, 2136, , 27438, 25000, 28680, 28687, 0, 
55, 1, 79, 23, -1, 334, 167, 25.5, 42, ABplapaa, 413, 27447, 99028, 3608, , 27447, 25000, 27786, 27785, 0, 
56, 1, 57, 34, -1, 555, 337, 16.3, 38, ABprppap, 366, 27183, 67850, 2496, , 27183, 25000, 28126, 28191, 0, 
57, 1, 14, 55, -1, 363, 182, 9.2, 33, MSappa, 315, 27399, 47783, 1744, , 27399, 25000, 28446, 28444, 0, 
58, 1, 28, 74, -1, 534, 325, 9.3, 38, ABprpppp, 348, 27073, 67574, 2496, , 27073, 25000, 28973, 29000, 0, 
59, 1, 52, 54, -1, 378, 235, 12.8, 37, Ealp, 189, 26483, 62817, 2372, , 26483, 25000, 28797, 28797, 0, 
60, 1, 17, 6, -1, 422, 291, 16.3, 39, Earp, 40, 27086, 74866, 2764, , 27086, 25000, 28352, 28352, 0, 
61, 1, 67, 44, -1, 262, 205, 11.7, 37, MSapaa, 356, 27102, 64503, 2380, , 27102, 25000, 28141, 28154, 0, 
62, 1, 20, 42, -1, 557, 198, 22.3, 41, Cpap, 404, 26843, 88904, 3312, , 26843, 25000, 27898, 27898, 0, 
63, 1, 93, 67, -1, 238, 252, 10.2, 36, MSaaap, 417, 27402, 62476, 2280, , 27402, 25000, 29136, 29129, 0, 
64, 1, 69, 37, -1, 405, 212, 8.4, 34, Z3, -247, 27946, 49744, 1780, , 27946, 25000, 30793, 30790, 0, 
65, 1, 99, 82, -1, 417, 156, 11.6, 35, MSappp, 310, 27543, 53214, 1932, , 27543, 25000, 28293, 28316, 0, 
66, 1, 27, 27, -1, 240, 323, 16.9, 37, ABalaapp, 298, 27012, 66126, 2448, , 27012, 25000, 27482, 27459, 0, 
67, 1, 48, 50, -1, 311, 161, 19.2, 39, ABplaapp, 370, 27061, 71766, 2652, , 27061, 25000, 27874, 27874, 0, 
68, 1, 63, 95, -1, 341, 251, 26.0, 43, ABarppaa, 432, 27316, 97465, 3568, , 27316, 25000, 27365, 27363, 0, 
69, 1, 97, 18, -1, 320, 383, 21.3, 39, ABpraaap, 101, 27285, 75416, 2764, , 27285, 25000, 27735, 27742, 0, 
70, 1, 39, 3, -1, 598, 256, 16.6, 39, Cppa, -290, 26935, 75419, 2800, , 26935, 25000, 27966, 27966, 0, 
71, 1, 25, 24, -1, 193, 218, 8.1, 40, ABalpapp, 402, 28545, 85291, 2988, , 28545, 25000, 32016, 32016, 0, 
72, 1, 71, 17, -1, 247, 298, 6.6, 38, ABaraapp, 378, 31838, 82143, 2580, , 31838, 25000, 32861, 32861, 0, 
73, 1, 90, 19, -1, 515, 160, 10.1, 31, Dap, 151, 27163, 40201, 1480, , 27163, 25000, 29472, 29472, 0, 
74, 1, 33, 64, -1, 334, 336, 24.5, 40, ABarpapp, 394, 27183, 81984, 3016, , 27183, 25000, 27564, 27566, 0, 
75, 1, 68, 59, -1, 481, 294, 7.6, 35, MSpppp, 350, 28663, 55377, 1932, , 28663, 25000, 29904, 29958, 0, 
76, 1, 4, 14, -1, 327, 120, 15.4, 35, ABplppaa, 349, 28068, 54227, 1932, , 28068, 25000, 27666, 27684, 0, 
77, 1, 54, 25, -1, 193, 196, 24.6, 40, ABplaaaa, 219, 27081, 82435, 3044, , 27081, 25000, 27566, 27582, 0, 
78, 1, 85, 87, -1, 199, 216, 18.7, 38, ABalpppa, 208, 27382, 68345, 2496, , 27382, 25000, 28086, 28116, 0, 
79, 1, 53, 61, -1, 309, 247, 21.5, 39, ABalappp, 385, 26757, 77060, 2880, , 26757, 25000, 27476, 27474, 0, 
80, 1, 5, 26, -1, 301, 349, 7.7, 39, ABarapap, 370, 28167, 77854, 2764, , 28167, 25000, 31686, 31686, 0, 
81, 1, 62, 29, -1, 552, 236, 10.4, 32, Dpp, -32, 27070, 40172, 1484, , 27070, 25000, 28602, 28602, 0, 
82, 1, 51, 1, -1, 392, 155, 22.8, 41, ABplapap, 401, 27055, 85927, 3176, , 27055, 25000, 27680, 27678, 0, 
83, 1, 47, 51, -1, 579, 318, 13.5, 38, ABprpppa, 361, 27966, 71368, 2552, , 27966, 25000, 27895, 27940, 0, 
84, 1, 31, 22, -1, 271, 386, 17.5, 36, ABpraaaa, 344, 26534, 56677, 2136, , 26534, 25000, 27695, 27695, 0, 
85, 1, 40, 76, -1, 338, 326, 17.3, 38, Eara, 371, 26958, 67287, 2496, , 26958, 25000, 28143, 28143, 0, 
86, 1, 60, 81, -1, 321, 150, 9.1, 39, ABplpapp, 383, 27423, 75467, 2752, , 27423, 25000, 29763, 29791, 0, 
87, 1, 101, 36, -1, 192, 324, 18.4, 36, ABalaapa, 261, 27141, 57321, 2112, , 27141, 25000, 27588, 27595, 0, 
88, 1, 41, 84, -1, 440, 381, 20.3, 44, ABpraapp, 407, 27066, 114219, 4220, , 27066, 25000, 28128, 28128, 0, 
89, 1, 24, 88, -1, 146, 210, 12.3, 38, ABalpapa, 116, 26857, 67035, 2496, , 26857, 25000, 28514, 28520, 0, 
90, 1, 94, 47, -1, 187, 319, 10.2, 37, ABaraapa, 374, 27755, 65834, 2372, , 27755, 25000, 29158, 29169, 0, 
91, 1, 8, 94, -1, 352, 219, 6.5, 36, MSaapp, 332, 31254, 66759, 2136, , 31254, 25000, 31652, 31687, 0, 
92, 1, 66, 98, -1, 402, 361, 25.4, 40, ABprapaa, 387, 27935, 85033, 3044, , 27935, 25000, 27615, 27614, 0, 
93, 1, 92, 20, -1, 259, 309, 12.3, 39, MSpaaa, 331, 28023, 77456, 2764, , 28023, 25000, 28160, 28171, 0, 
94, 1, 64, 100, -1, 385, 326, 10.1, 36, MSppaa, 410, 26857, 61126, 2276, , 26857, 25000, 27857, 27937, 0, 
95, 1, 82, 16, -1, 426, 133, 18.6, 37, ABplappp, -488, 27052, 62976, 2328, , 27052, 25000, 28070, 28103, 0, 
96, 1, 11, 46, -1, 454, 172, 8.4, 30, Daa, 199, 29157, 33706, 1156, , 29157, 25000, 30313, 30313, 0, 
97, 1, 87, 45, -1, 509, 163, 24.7, 41, Caap, 414, 27512, 91120, 3312, , 27512, 25000, 27514, 27514, 0, 
98, 1, 75, 49, -1, 467, 119, 10.9, 40, ABplpppp, 400, 27388, 81834, 2988, , 27388, 25000, 28306, 28308, 0, 
99, 1, 65, 41, -1, 484, 186, 16.3, 34, Eplp, 249, 27211, 51265, 1884, , 27211, 25000, 27786, 27786, 0, 
100, 1, 49, 77, -1, 380, 228, 21.7, 41, ABarppap, 418, 26142, 86581, 3312, , 26142, 25000, 27254, 27254, 0, 
101, 1, 65, 75, -1, 426, 209, 16.3, 34, Epla, 243, 26376, 49692, 1884, , 26376, 25000, 27584, 27584, 0, 
102, 1, 3, 58, -1, 230, 236, 24.7, 38, ABalapap, 321, 26944, 67253, 2496, , 26944, 25000, 27439, 27498, 0, 
103, 1, 98, 93, -1, 343, 304, 6.5, 38, MSpapa, 366, 31596, 80633, 2552, , 31596, 25000, 32392, 32538, 0, 
104, 1, 77, 7, -1, 453, 325, 10.3, 35, MSppap, 300, 26925, 54928, 2040, , 26925, 25000, 28042, 28042, 0, 
105, 0, 103, -1, -1, 116, 176, 23.0, 31, , 370, 1687, 44740, 1580, , 28316, 25000, 26629, 26629, 0, 
106, 0, 104, -1, -1, 475, 392, 20.3, 27, , 227, 4352, 29215, 924, , 31618, 25000, 27180, 27266, 0, 
