1, 1, 23, 67, -1, 343, 175, 25.7, 40, ABplapaa, 398, 27019, 82571, 3056, , 27019, 25000, 27627, 27627, 0, 
2, 0, 9, -1, -1, 89, 264, 17.5, 34, , -540, 404, 46416, 1688, , 27498, 25000, 27130, 27094, 0, 
3, 1, 19, 8, -1, 519, 169, 9.4, 35, Dap, 351, 27468, 53069, 1932, , 27468, 25000, 29546, 29546, 0, 
4, 1, 42, 94, 101, 566, 212, 20.6, 39, Cpap, 384, 26672, 74681, 2800, , 26672, 25000, 28012, 28012, 0, 
5, 1, 47, 47, -1, 178, 322, 10.4, 37, ABaraapa, 362, 26496, 61683, 2328, , 26496, 25000, 28586, 28586, 0, 
6, 1, 104, 55, -1, 141, 286, 21.4, 37, ABalaaaa, 163, 27410, 63811, 2328, , 27410, 25000, 27841, 27922, 0, 
7, 1, 14, 63, -1, 327, 120, 14.7, 36, ABplppaa, 441, 26509, 58745, 2216, , 26509, 25000, 27537, 27551, 0, 
8, 1, 21, 107, -1, 544, 261, 24.1, 37, Cpaap, 283, 28996, 70982, 2448, , 28996, 25000, 27241, 27241, 0, 
9, 1, 80, 73, -1, 245, 162, 22.8, 40, ABplaapa, 361, 26966, 80897, 3000, , 26966, 25000, 27670, 27670, 0, 
10, 1, 16, 3, -1, 441, 135, 18.6, 38, ABplappp, 375, 26908, 69423, 2580, , 26908, 25000, 27551, 27571, 0, 
11, 1, 33, 45, -1, 565, 299, 19.1, 39, ABprappp, 108, 27101, 74583, 2752, , 27101, 25000, 27588, 27590, 0, 
12, 1, 29, 97, -1, 559, 239, 9.5, 34, Dpp, -68, 28714, 48470, 1688, , 28714, 25000, 29284, 29284, 0, 
13, 1, 86, 83, -1, 253, 145, 11.7, 37, ABplpapa, 370, 27461, 65357, 2380, , 27461, 25000, 28648, 28648, 0, 
14, 1, 100, 44, -1, 372, 320, 10.5, 37, MSppaa, -43, 27023, 66368, 2456, , 27023, 25000, 27807, 27821, 0, 
15, 1, 34, 57, -1, 544, 342, 14.7, 35, ABprppap, 334, 26471, 54000, 2040, , 26471, 25000, 28116, 28221, 0, 
16, 1, 30, 92, -1, 281, 293, 25.1, 40, ABarpaap, 402, 27263, 81461, 2988, , 27263, 25000, 27750, 27750, 0, 
17, 1, 55, 7, -1, 359, 186, 9.6, 35, MSappa, 311, 27974, 54046, 1932, , 27974, 25000, 28547, 28571, 0, 
18, 1, 85, 95, -1, 330, 290, 10.9, 37, MSpaap, 353, 27696, 67799, 2448, , 27696, 25000, 28659, 28674, 0, 
19, 1, 48, 30, -1, 467, 217, 24.1, 43, Caaa, 418, 27444, 98580, 3592, , 27444, 25000, 27664, 27664, 0, 
20, 1, 15, 29, -1, 192, 262, 24.5, 38, ABalapaa, 381, 27767, 70862, 2552, , 27767, 25000, 27440, 27465, 0, 
21, 1, 90, 25, -1, 508, 283, 7.5, 34, Dpa, 337, 28110, 47450, 1688, , 28110, 25000, 31240, 31265, 0, 
22, 1, 28, 48, -1, 316, 377, 11.7, 37, ABarappa, 353, 27594, 65674, 2380, , 27594, 25000, 28598, 28593, 0, 
23, 1, 6, 100, -1, 414, 292, 16.1, 39, Earp, -208, 26084, 71782, 2752, , 26084, 25000, 28457, 28497, 0, 
24, 1, 37, 78, -1, 404, 211, 9.4, 35, Z3, 351, 27493, 53116, 1932, , 27493, 25000, 29223, 29233, 0, 
25, 1, 76, 106, -1, 335, 321, 16.7, 38, Eara, 385, 27024, 67452, 2496, , 27024, 25000, 28217, 28217, 0, 
26, 1, 24, 14, -1, 199, 222, 8.8, 39, ABalpapp, 117, 27045, 71724, 2652, , 27045, 25000, 30047, 30046, 0, 
27, 1, 79, 19, -1, 485, 122, 15.9, 39, Capa, 95, 27777, 76442, 2752, , 27777, 25000, 28344, 28359, 0, 
28, 1, 3, 38, -1, 597, 260, 15.3, 39, Cppa, 386, 26714, 73838, 2764, , 26714, 25000, 28045, 28045, 0, 
29, 1, 49, 50, -1, 468, 128, 9.5, 40, ABplpppp, 377, 28776, 86789, 3016, , 28776, 25000, 29331, 29338, 0, 
30, 1, 25, 86, -1, 198, 196, 25.1, 41, ABplaaaa, 400, 27574, 85370, 3096, , 27574, 25000, 27518, 27517, 0, 
31, 0, 105, -1, -1, 120, 179, 23.6, 33, , 331, 226, 44208, 1640, , 26956, 25000, 26730, 26730, 0, 
32, 1, 71, 31, -1, 224, 332, 25.4, 40, ABarpaaa, 403, 27918, 84982, 3044, , 27918, 25000, 27627, 27620, 0, 
33, 1, 67, 5, -1, 240, 258, 10.4, 36, MSaaap, 355, 27527, 58138, 2112, , 27527, 25000, 28385, 28377, 0, 
34, 1, 58, 68, -1, 239, 239, 23.8, 38, ABalapap, 359, 27243, 72248, 2652, , 27243, 25000, 27623, 27647, 0, 
35, 1, 22, 17, -1, 277, 387, 17.2, 37, ABpraaaa, 358, 27642, 65567, 2372, , 27642, 25000, 27895, 27895, 0, 
36, 1, 45, 75, -1, 519, 157, 23.9, 41, Caap, 164, 26725, 82740, 3096, , 26725, 25000, 27475, 27475, 0, 
37, 1, 11, 103, -1, 164, 326, 22.0, 38, ABalaaap, 83, 26801, 68504, 2556, , 26801, 25000, 27705, 27739, 0, 
38, 1, 18, 15, -1, 326, 383, 21.1, 39, ABpraaap, 379, 26684, 73433, 2752, , 26684, 25000, 27482, 27476, 0, 
39, 0, 107, -1, -1, 470, 397, 17.3, 28, , 162, -93, 28819, 1064, , 27086, 25000, 27180, 27179, 0, 
40, 1, 35, 82, -1, 148, 326, 16.0, 35, ABaraaaa, 124, 26954, 60700, 2252, , 26954, 25000, 27739, 27751, 0, 
41, 1, 1, 87, -1, 405, 156, 22.8, 40, ABplapap, 409, 27256, 81767, 3000, , 27256, 25000, 27130, 27133, 0, 
42, 1, 89, 41, -1, 512, 374, 12.5, 36, ABprppaa, 13, 26437, 56469, 2136, , 26437, 25000, 28327, 28327, 0, 
43, 1, 27, 4, -1, 248, 332, 17.3, 37, ABalaapp, 347, 27131, 64572, 2380, , 27131, 25000, 27664, 27689, 0, 
44, 1, 93, 104, -1, 337, 294, 6.6, 39, MSpapa, 389, 30988, 86765, 2800, , 30988, 25000, 32308, 32451, 0, 
45, 1, 56, 84, -1, 284, 263, 15.3, 40, Eala, 390, 27350, 83582, 3056, , 27350, 25000, 28214, 28214, 0, 
46, 1, 8, 76, -1, 481, 304, 24.9, 38, Cpaaa, 310, 27156, 72017, 2652, , 27156, 25000, 27644, 27644, 0, 
47, 1, 50, 89, 105, 308, 160, 20.2, 41, ABplaapp, 289, 27304, 86717, 3176, , 27304, 25000, 28003, 28006, 0, 
48, 1, 39, 88, -1, 529, 249, 16.5, 40, Eprp, 368, 27746, 83681, 3016, , 27746, 25000, 28309, 28309, 0, 
49, 1, 63, 1, -1, 148, 179, 15.6, 36, ABalppaa, 337, 26907, 56827, 2112, , 26907, 25000, 27382, 27382, 0, 
50, 1, 36, 26, -1, 194, 332, 17.7, 35, ABalaapa, 269, 27662, 56430, 2040, , 27662, 25000, 28205, 28232, 0, 
51, 1, 12, 81, -1, 355, 402, 14.9, 37, ABprpaaa, 258, 27134, 66423, 2448, , 27134, 25000, 28068, 28080, 0, 
52, 1, 74, 71, -1, 549, 313, 9.5, 40, ABprpppp, 400, 27110, 81763, 3016, , 27110, 25000, 28912, 28910, 0, 
53, 1, 57, 52, -1, 271, 126, 16.8, 37, ABplpaap, -30, 27236, 64604, 2372, , 27236, 25000, 28026, 28026, 0, 
54, 1, 77, 60, -1, 392, 230, 22.6, 41, ABarppap, 390, 26966, 87477, 3244, , 26966, 25000, 27869, 27882, 0, 
55, 1, 5, 59, -1, 380, 129, 18.4, 40, ABplappa, 400, 27584, 83965, 3044, , 27584, 25000, 27746, 27735, 0, 
56, 1, 26, 72, -1, 298, 344, 7.3, 39, ABarapap, -11, 29227, 80783, 2764, , 29227, 25000, 32600, 32600, 0, 
57, 1, 38, 28, -1, 435, 386, 9.4, 36, ABprpapa, 352, 27739, 58585, 2112, , 27739, 25000, 28709, 28723, 0, 
58, 1, 20, 42, -1, 257, 319, 12.6, 38, MSpaaa, 342, 27033, 69746, 2580, , 27033, 25000, 28456, 28483, 0, 
59, 1, 10, 66, -1, 463, 298, 14.3, 38, Epra, 145, 26599, 66392, 2496, , 26599, 25000, 28003, 28022, 0, 
60, 1, 40, 90, -1, 423, 257, 6.4, 36, MSpapp, 357, 32146, 67893, 2112, , 32146, 25000, 31640, 31684, 0, 
61, 1, 87, 32, -1, 198, 212, 19.4, 38, ABalpppa, 592, 26893, 69384, 2580, , 26893, 25000, 28243, 28243, 0, 
62, 1, 53, 20, -1, 247, 367, 10.7, 35, ABarapaa, 37, 26977, 55034, 2040, , 26977, 25000, 27896, 27894, 0, 
63, 1, 92, 10, -1, 202, 186, 13.2, 37, ABalppap, 187, 27172, 64452, 2372, , 27172, 25000, 28515, 28516, 0, 
64, 1, 68, 49, -1, 500, 358, 17.6, 41, ABprappa, 418, 27318, 88621, 3244, , 27318, 25000, 27942, 28070, 0, 
65, 1, 84, 24, -1, 431, 385, 18.9, 40, ABpraapp, 352, 26608, 79504, 2988, , 26608, 25000, 27826, 27819, 0, 
66, 1, 59, 35, -1, 464, 303, 8.8, 34, MSpppp, 326, 27787, 53128, 1912, , 27787, 25000, 28804, 28802, 0, 
67, 1, 78, 13, -1, 416, 397, 13.7, 36, ABprpaap, 349, 27438, 60802, 2216, , 27438, 25000, 27961, 27994, 0, 
68, 1, 51, 36, -1, 585, 325, 14.8, 38, ABprpppa, -93, 27099, 71867, 2652, , 27099, 25000, 27696, 27772, 0, 
69, 1, 99, 37, -1, 321, 195, 11.6, 35, MSapap, 354, 26591, 51373, 1932, , 26591, 25000, 28148, 28231, 0, 
70, 1, 91, 99, -1, 203, 359, 14.2, 38, ABaraaap, 195, 27101, 71871, 2652, , 27101, 25000, 28007, 27983, 0, 
71, 1, 54, 98, -1, 374, 236, 13.4, 37, Ealp, -41, 27836, 64802, 2328, , 27836, 25000, 28543, 28543, 0, 
72, 1, 72, 93, -1, 480, 356, 7.6, 37, ABprpapp, 371, 29142, 67842, 2328, , 29142, 25000, 31686, 31686, 0, 
73, 1, 2, 56, -1, 577, 191, 14.0, 40, Cppp, 28, 26317, 81266, 3088, , 26317, 25000, 28058, 28054, 0, 
74, 1, 13, 61, -1, 283, 346, 21.5, 39, ABarpapa, 375, 27409, 78939, 2880, , 27409, 25000, 27550, 27560, 0, 
75, 1, 62, 85, -1, 407, 280, 10.4, 35, MSpppa, 330, 27850, 53807, 1932, , 27850, 25000, 28268, 28272, 0, 
76, 1, 7, 69, -1, 438, 335, 11.5, 33, MSppap, 301, 27565, 44765, 1624, , 27565, 25000, 28269, 28272, 0, 
77, 1, 44, 102, -1, 256, 207, 11.6, 35, MSapaa, 357, 26957, 52081, 1932, , 26957, 25000, 28209, 28218, 0, 
78, 1, 32, 21, -1, 535, 149, 15.8, 39, Capp, 438, 26805, 71088, 2652, , 26805, 25000, 28274, 28295, 0, 
79, 1, 88, 27, -1, 147, 221, 11.7, 38, ABalpapa, 324, 27259, 68038, 2496, , 27259, 25000, 28147, 28147, 0, 
80, 1, 96, 33, -1, 264, 198, 18.1, 39, ABalpppp, 342, 26899, 74027, 2752, , 26899, 25000, 28436, 28436, 0, 
81, 1, 43, 34, -1, 124, 271, 14.3, 36, ABalpaaa, 295, 27195, 60265, 2216, , 27195, 25000, 27678, 27677, 0, 
82, 1, 17, 23, -1, 241, 296, 6.6, 39, ABaraapp, 861, 32870, 92037, 2800, , 32870, 25000, 32249, 32266, 0, 
83, 1, 70, 43, -1, 369, 361, 10.6, 37, ABarappp, 9, 27780, 64671, 2328, , 27780, 25000, 28168, 28244, 0, 
84, 1, 102, 91, -1, 184, 279, 13.7, 36, MSaaaa, -127, 27273, 60436, 2216, , 27273, 25000, 28470, 28470, 0, 
85, 1, 65, 11, -1, 417, 116, 12.6, 36, ABplpppa, 283, 27164, 57370, 2112, , 27164, 25000, 28048, 27964, 0, 
86, 1, 94, 96, -1, 350, 217, 6.3, 36, MSaapp, 364, 32436, 71878, 2216, , 32436, 25000, 31658, 31721, 0, 
87, 1, 98, 58, -1, 421, 364, 25.5, 40, ABprapaa, 372, 26918, 81185, 3016, , 26918, 25000, 27738, 27738, 0, 
88, 1, 60, 22, -1, 441, 278, 20.5, 41, ABarpppp, 410, 26310, 90086, 3424, , 26310, 25000, 27881, 27888, 0, 
89, 1, 66, 12, -1, 372, 385, 19.4, 38, ABpraapa, 383, 27311, 70462, 2580, , 27311, 25000, 27705, 27730, 0, 
90, 1, 101, 64, -1, 274, 233, 7.5, 39, MSaapa, -349, 28892, 83209, 2880, , 28892, 25000, 31761, 31841, 0, 
91, 1, 46, 39, -1, 445, 173, 7.6, 35, Daa, 343, 27950, 53999, 1932, , 27950, 25000, 31578, 31595, 0, 
92, 1, 41, 77, -1, 495, 187, 16.4, 37, Eplp, 359, 27775, 64660, 2328, , 27775, 25000, 27740, 27744, 0, 
93, 1, 75, 6, -1, 413, 214, 16.8, 37, Epla, 363, 26110, 61932, 2372, , 26110, 25000, 28266, 28266, 0, 
94, 1, 31, 40, -1, 484, 240, 9.9, 36, Z2, 324, 27589, 62792, 2276, , 27589, 25000, 29005, 29005, 0, 
95, 1, 82, 16, -1, 415, 165, 12.7, 35, MSappp, 313, 27401, 55899, 2040, , 27401, 25000, 28315, 28328, 0, 
96, 1, 64, 70, -1, 347, 332, 24.3, 40, ABarpapp, 406, 26528, 81070, 3056, , 26528, 25000, 27805, 27815, 0, 
97, 1, 97, 53, -1, 372, 129, 12.9, 36, ABplppap, 317, 26604, 60550, 2276, , 26604, 25000, 28332, 28375, 0, 
98, 1, 81, 46, -1, 315, 154, 8.9, 39, ABplpapp, 363, 27898, 76775, 2752, , 27898, 25000, 30175, 30241, 0, 
99, 1, 4, 65, -1, 398, 310, 23.6, 41, ABarpppa, 417, 27631, 89635, 3244, , 27631, 25000, 27490, 27520, 0, 
100, 1, 69, 80, -1, 504, 361, 22.0, 43, ABprapap, 387, 26767, 95505, 3568, , 26767, 25000, 27310, 27319, 0, 
101, 1, 73, 18, -1, 232, 303, 21.0, 38, ABalappa, 348, 26924, 68817, 2556, , 26924, 25000, 27753, 27752, 0, 
102, 1, 61, 54, -1, 308, 261, 20.7, 40, ABalappp, 400, 26866, 82104, 3056, , 26866, 25000, 27669, 27669, 0, 
103, 1, 83, 9, -1, 213, 149, 17.0, 38, ABplpaaa, 87, 26772, 68428, 2556, , 26772, 25000, 28597, 28601, 0, 
104, 1, 95, 79, -1, 348, 250, 25.4, 40, ABarppaa, 339, 26816, 81628, 3044, , 26816, 25000, 27619, 27589, 0, 
105, 1, 52, 74, -1, 288, 210, 24.5, 39, ABplaaap, 357, 27002, 77767, 2880, , 27002, 25000, 27825, 27834, 0, 
106, 0, 106, -1, -1, 89, 264, 14.6, 31, , 180, 479, 36272, 1332, , 27231, 25000, 26804, 26752, 0, 
107, 1, 103, 2, -1, 147, 239, 18.0, 39, ABalpaap, -151, 26864, 77582, 2888, , 26864, 25000, 28200, 28194, 0, 
