1, 1, 56, 47, -1, 321, 171, 25.5, 34, ABplapaaa, 255, 27498, 46416, 1688, , 27498, 25000, 27980, 28142, 0, 
2, 1, 75, 42, -1, 139, 288, 11.0, 37, ABalpaaa, 292, 27040, 69113, 2556, , 27040, 25000, 27760, 27804, 0, 
3, 0, 118, -1, -1, 87, 263, 14.7, 31, , 167, 1011, 37728, 1368, , 27579, 25000, 26565, 26568, 0, 
4, 1, 31, 60, -1, 310, 160, 8.3, 34, ABplpappa, 316, 29525, 55625, 1884, , 29525, 25000, 30603, 30603, 0, 
5, 1, 3, 87, -1, 415, 336, 14.5, 34, MSppap, 306, 27248, 45994, 1688, , 27248, 25000, 27771, 27773, 0, 
6, 1, 37, 22, -1, 405, 401, 15.1, 36, ABprpaap, 293, 26757, 60898, 2276, , 26757, 25000, 27288, 27292, 0, 
7, 1, 13, 83, -1, 355, 124, 14.6, 36, ABplppap, 359, 27035, 57098, 2112, , 27035, 25000, 28385, 28427, 0, 
8, 1, 6, 45, -1, 308, 120, 14.1, 37, ABplppaa, 330, 26549, 64991, 2448, , 26549, 25000, 27822, 27856, 0, 
9, 1, 103, 27, 138, 263, 283, 7.7, 37, ABaraapp, 163, 28080, 66830, 2380, , 28080, 25000, 30893, 30930, 0, 
10, 1, 8, 37, -1, 373, 205, 6.6, 35, MSaapp, 320, 30954, 59803, 1932, , 30954, 25000, 31725, 31733, 0, 
11, 1, 43, 5, -1, 236, 364, 18.8, 36, ABalaapp, 70, 26611, 60673, 2280, , 26611, 25000, 27644, 27655, 0, 
12, 1, 49, 111, -1, 343, 396, 16.3, 38, ABprpaaa, 323, 27314, 68175, 2496, , 27314, 25000, 27854, 27899, 0, 
13, 1, 83, 114, -1, 289, 200, 18.7, 34, ABalppppp, 338, 26955, 50784, 1884, , 26955, 25000, 27583, 27583, 0, 
14, 1, 67, 108, -1, 553, 314, 10.4, 37, ABprpppp, 283, 26941, 62719, 2328, , 26941, 25000, 28749, 28753, 0, 
15, 1, 101, 70, -1, 431, 274, 6.5, 36, MSpapp, 349, 31848, 68028, 2136, , 31848, 25000, 31974, 31974, 0, 
16, 1, 88, 51, -1, 310, 280, 25.5, 36, ABarpaapp, 329, 28050, 59914, 2136, , 28050, 25000, 27405, 27405, 0, 
17, 1, 117, 54, -1, 275, 254, 16.3, 39, Eala, 168, 27281, 75406, 2764, , 27281, 25000, 27998, 28004, 0, 
18, 1, 51, 28, -1, 462, 368, 19.5, 38, ABpraappp, 354, 27147, 69280, 2552, , 27147, 25000, 27655, 27675, 0, 
19, 1, 93, 97, -1, 486, 355, 23.6, 35, ABprapapa, 222, 27276, 52697, 1932, , 27276, 25000, 27203, 27188, 0, 
20, 1, 79, 106, -1, 530, 146, 21.3, 40, Caap, 44, 26715, 81641, 3056, , 26715, 25000, 27264, 27276, 0, 
21, 1, 62, 32, -1, 190, 156, 22.8, 37, ABplaapaa, 315, 27522, 65281, 2372, , 27522, 25000, 27275, 27282, 0, 
22, 1, 74, 15, -1, 265, 151, 11.6, 37, ABplpapa, 248, 27516, 64058, 2328, , 27516, 25000, 28294, 28294, 0, 
23, 1, 22, 13, -1, 401, 215, 10.5, 35, Z3, -87, 27126, 53818, 1984, , 27126, 25000, 28265, 28263, 0, 
24, 1, 7, 44, -1, 592, 246, 12.0, 39, Cppa, 252, 26472, 76450, 2888, , 26472, 25000, 27825, 27828, 0, 
25, 1, 98, 50, 61, 371, 375, 21.0, 39, ABpraapa, 155, 26929, 77770, 2888, , 26929, 25000, 27590, 27630, 0, 
26, 1, 32, 118, -1, 165, 223, 14.4, 31, ABalpaapp, 232, 27116, 36118, 1332, , 27116, 25000, 27945, 28037, 0, 
27, 1, 106, 73, -1, 546, 234, 9.2, 36, Dpp, 263, 28666, 65359, 2280, , 28666, 25000, 29198, 29209, 0, 
28, 1, 60, 41, -1, 369, 277, 6.5, 38, MSpapa, 384, 31877, 81351, 2552, , 31877, 25000, 32360, 32464, 0, 
29, 1, 109, 130, -1, 414, 282, 15.6, 38, Earp, 379, 27183, 70133, 2580, , 27183, 25000, 28100, 28097, 0, 
30, 1, 19, 63, 80, 408, 373, 9.9, 38, ABprpapa, 238, 26582, 70496, 2652, , 26582, 25000, 28481, 28504, 0, 
31, 1, 61, 67, -1, 311, 227, 7.8, 37, MSaapa, 365, 28486, 67569, 2372, , 28486, 25000, 31487, 31487, 0, 
32, 1, 2, 25, -1, 183, 331, 16.9, 39, ABalaapa, 339, 26742, 73594, 2752, , 26742, 25000, 27602, 27706, 0, 
33, 1, 111, 46, -1, 255, 337, 8.4, 36, ABarapaa, 2, 27317, 57694, 2112, , 27317, 25000, 30146, 30228, 0, 
34, 1, 16, 12, -1, 563, 208, 15.2, 38, Cppp, 179, 26649, 70674, 2652, , 26649, 25000, 28117, 28115, 0, 
35, 1, 92, 6, -1, 320, 370, 21.5, 34, ABpraaapp, 230, 27517, 46449, 1688, , 27517, 25000, 27507, 27514, 0, 
36, 1, 80, 36, -1, 163, 328, 13.2, 35, ABaraaaa, 56, 27069, 54463, 2012, , 27069, 25000, 27730, 27834, 0, 
37, 1, 52, 119, 121, 406, 302, 22.9, 41, ABarpppa, 265, 26809, 83000, 3096, , 26809, 25000, 27341, 27308, 0, 
38, 1, 17, 128, -1, 325, 278, 11.5, 35, MSpaap, 353, 27019, 53605, 1984, , 27019, 25000, 28057, 28033, 0, 
39, 1, 20, 123, -1, 316, 195, 13.5, 35, MSapap, -38, 27224, 54012, 1984, , 27224, 25000, 28689, 28673, 0, 
40, 1, 11, 100, -1, 231, 189, 19.7, 34, ABalppppa, 139, 27726, 52235, 1884, , 27726, 25000, 27771, 27701, 0, 
41, 1, 91, 94, -1, 201, 296, 8.7, 37, ABaraapa, 284, 26881, 63976, 2380, , 26881, 25000, 29996, 29996, 0, 
42, 1, 70, 116, -1, 478, 388, 11.5, 35, ABprppaa, 330, 27323, 54209, 1984, , 27323, 25000, 27578, 27578, 0, 
43, 1, 24, 29, -1, 261, 131, 17.6, 38, ABplpaap, -118, 27639, 71308, 2580, , 27639, 25000, 27723, 27691, 0, 
44, 1, 89, 109, -1, 585, 159, 16.9, 35, Cpapp, 350, 26688, 55190, 2068, , 26688, 25000, 28024, 28025, 0, 
45, 1, 57, 102, -1, 229, 198, 26.0, 35, ABplaaaap, 280, 27311, 61504, 2252, , 27311, 25000, 27612, 27654, 0, 
46, 1, 73, 3, -1, 412, 374, 19.4, 36, ABpraappa, 289, 27160, 57361, 2112, , 27160, 25000, 27630, 27681, 0, 
47, 1, 99, 11, -1, 574, 295, 17.8, 37, ABprappp, 101, 27175, 64460, 2372, , 27175, 25000, 27465, 27476, 0, 
48, 1, 116, 33, -1, 410, 218, 21.3, 40, ABarppap, 396, 27017, 82563, 3056, , 27017, 25000, 27593, 27599, 0, 
49, 1, 90, 69, -1, 194, 310, 25.6, 39, ABarpaaa, 378, 27937, 78224, 2800, , 27937, 25000, 27808, 27795, 0, 
50, 1, 38, 34, -1, 281, 141, 21.6, 37, ABplaappa, 311, 27110, 63111, 2328, , 27110, 25000, 27955, 27976, 0, 
51, 1, 85, 72, -1, 196, 191, 19.6, 32, ABalpppap, 201, 29604, 43932, 1484, , 29604, 25000, 27814, 27888, 0, 
52, 1, 44, 124, -1, 499, 198, 15.2, 38, Eplp, 381, 27379, 72608, 2652, , 27379, 25000, 28313, 28314, 0, 
53, 1, 105, 21, -1, 324, 378, 9.8, 37, ABarappa, 114, 27306, 64769, 2372, , 27306, 25000, 28460, 28477, 0, 
54, 1, 55, 75, 136, 353, 365, 13.1, 37, ABarappp, 194, 26561, 65021, 2448, , 26561, 25000, 27723, 27790, 0, 
55, 1, 53, 8, -1, 388, 178, 14.2, 34, MSappp, 168, 27512, 52603, 1912, , 27512, 25000, 27964, 27982, 0, 
56, 1, 84, 40, 64, 211, 346, 12.5, 38, ABaraaap, 431, 27031, 68983, 2552, , 27031, 25000, 27700, 27712, 0, 
57, 1, 66, 62, -1, 259, 160, 24.2, 35, ABplaapap, 346, 27161, 54648, 2012, , 27161, 25000, 28010, 28137, 0, 
58, 1, 30, 10, -1, 574, 332, 14.8, 38, ABprpppa, 294, 27143, 71984, 2652, , 27143, 25000, 28090, 28057, 0, 
59, 1, 23, 9, -1, 277, 390, 15.0, 37, ABpraaaa, 291, 27077, 69209, 2556, , 27077, 25000, 27443, 27445, 0, 
60, 1, 34, 26, -1, 321, 351, 26.0, 37, ABarpappa, 272, 27592, 70524, 2556, , 27592, 25000, 27780, 27886, 0, 
61, 1, 107, 132, -1, 343, 161, 19.5, 38, ABplaappp, 140, 26504, 67639, 2552, , 26504, 25000, 27709, 27692, 0, 
62, 1, 104, 86, -1, 515, 184, 8.5, 37, Dap, 359, 28307, 69523, 2456, , 28307, 25000, 30253, 30253, 0, 
63, 1, 47, 59, -1, 242, 351, 23.6, 35, ABarpapaa, 288, 27760, 53633, 1932, , 27760, 25000, 27794, 27803, 0, 
64, 1, 114, 81, -1, 423, 206, 16.1, 38, Epla, 351, 26983, 71559, 2652, , 26983, 25000, 28254, 28203, 0, 
65, 1, 25, 110, -1, 207, 187, 11.5, 37, ABalppap, 306, 27145, 66669, 2456, , 27145, 25000, 28787, 28787, 0, 
66, 1, 33, 77, -1, 406, 118, 12.7, 36, ABplpppa, 294, 27035, 59910, 2216, , 27035, 25000, 27921, 27927, 0, 
67, 0, 71, -1, -1, 113, 183, 24.2, 39, , 393, 22, 71547, 2652, , 26979, 25000, 26957, 26957, 0, 
68, 1, 4, 71, -1, 352, 185, 10.5, 33, MSappa, 366, 26443, 42944, 1624, , 26443, 25000, 29071, 29080, 0, 
69, 1, 77, 18, -1, 369, 224, 16.9, 39, Ealp, 58, 26873, 73955, 2752, , 26873, 25000, 28135, 28145, 0, 
70, 1, 36, 107, -1, 451, 212, 25.4, 38, Caaaa, 376, 27227, 70245, 2580, , 27227, 25000, 27456, 27456, 0, 
71, 1, 100, 14, -1, 462, 279, 21.3, 40, ABarpppp, 380, 27744, 84787, 3056, , 27744, 25000, 27874, 27874, 0, 
72, 1, 112, 90, -1, 491, 295, 26.5, 39, Cpaaa, 383, 27989, 80608, 2880, , 27989, 25000, 27311, 27311, 0, 
73, 1, 113, 1, -1, 589, 222, 22.2, 39, Cpapa, 376, 27202, 72139, 2652, , 27202, 25000, 27745, 27744, 0, 
74, 1, 87, 79, 129, 206, 150, 15.6, 39, ABplpaaa, 232, 27535, 77097, 2800, , 27535, 25000, 27916, 27915, 0, 
75, 1, 47, 137, -1, 288, 336, 24.0, 37, ABarpapap, 242, 26840, 68603, 2556, , 26840, 25000, 27672, 27569, 0, 
76, 1, 63, 89, -1, 519, 250, 17.0, 39, Eprp, 382, 27329, 78927, 2888, , 27329, 25000, 28284, 28284, 0, 
77, 1, 29, 66, -1, 521, 149, 15.7, 39, Capp, -83, 26541, 73360, 2764, , 26541, 25000, 28142, 28176, 0, 
78, 1, 39, 92, -1, 269, 317, 13.7, 39, MSpaaa, 427, 27104, 74915, 2764, , 27104, 25000, 27914, 27914, 0, 
79, 1, 108, 65, -1, 155, 251, 10.2, 30, ABalpapaa, 213, 27800, 36696, 1320, , 27800, 25000, 28294, 28423, 0, 
80, 1, 64, 48, -1, 374, 127, 19.5, 32, ABplappaa, 161, 27348, 39162, 1432, , 27348, 25000, 27428, 27398, 0, 
81, 1, 34, 91, -1, 362, 318, 24.8, 37, ABarpappp, 331, 27973, 66352, 2372, , 27973, 25000, 27841, 27889, 0, 
82, 1, 76, 95, -1, 258, 249, 11.7, 38, MSaaap, 381, 27221, 67944, 2496, , 27221, 25000, 28359, 28390, 0, 
83, 1, 65, 16, -1, 479, 257, 10.3, 35, Z2, 319, 26258, 53567, 2040, , 26258, 25000, 28570, 28633, 0, 
84, 1, 82, 84, 122, 289, 285, 20.5, 40, ABalappp, 273, 27673, 83461, 3016, , 27673, 25000, 27691, 27695, 0, 
85, 1, 48, 76, -1, 404, 160, 25.0, 38, ABplapapa, 375, 28452, 72723, 2556, , 28452, 25000, 27512, 27500, 0, 
86, 1, 1, 31, -1, 365, 148, 8.3, 32, ABplpappp, 193, 28336, 44885, 1584, , 28336, 25000, 30461, 30511, 0, 
87, 1, 59, 101, -1, 519, 363, 18.3, 39, ABprappa, 394, 27165, 75083, 2764, , 27165, 25000, 28269, 28253, 0, 
88, 1, 68, 82, -1, 360, 314, 12.4, 34, MSppaa, 295, 28747, 51170, 1780, , 28747, 25000, 27976, 27996, 0, 
89, 1, 69, 39, -1, 130, 275, 16.4, 34, ABalpaapa, 237, 26670, 47472, 1780, , 26670, 25000, 28565, 28581, 0, 
90, 1, 28, 56, -1, 214, 313, 21.3, 38, ABalappa, 310, 26979, 67339, 2496, , 26979, 25000, 27792, 27731, 0, 
91, 1, 27, 112, -1, 239, 291, 25.4, 36, ABarpaapa, 348, 27643, 58383, 2112, , 27643, 25000, 27448, 27439, 0, 
92, 1, 81, 38, -1, 245, 202, 15.0, 37, MSapaa, 320, 26990, 68986, 2556, , 26990, 25000, 28235, 28192, 0, 
93, 1, 21, 93, -1, 204, 279, 14.3, 39, MSaaaa, 303, 27113, 74939, 2764, , 27113, 25000, 28028, 28028, 0, 
94, 1, 9, 53, -1, 489, 334, 8.0, 32, ABprpappp, 230, 28163, 48102, 1708, , 28163, 25000, 29931, 29977, 0, 
95, 1, 46, 113, -1, 508, 128, 11.0, 41, Capa, 388, 27682, 89135, 3220, , 27682, 25000, 28283, 28301, 0, 
96, 1, 35, 85, -1, 333, 318, 17.3, 38, Eara, 364, 27170, 67816, 2496, , 27170, 25000, 27796, 27796, 0, 
97, 1, 5, 35, -1, 129, 301, 20.4, 37, ABalaaaa, 227, 27615, 64288, 2328, , 27615, 25000, 27549, 27575, 0, 
98, 1, 95, 74, -1, 166, 322, 20.3, 38, ABalaaap, 104, 26726, 66708, 2496, , 26726, 25000, 27426, 27532, 0, 
99, 1, 14, 96, -1, 213, 240, 7.2, 32, ABalpappa, 283, 29686, 47735, 1608, , 29686, 25000, 32391, 32635, 0, 
100, 1, 12, 49, -1, 493, 290, 7.7, 35, Dpa, 95, 27836, 56785, 2040, , 27836, 25000, 30410, 30627, 0, 
101, 1, 78, 4, -1, 146, 189, 12.5, 35, ABalppaa, 82, 25905, 51396, 1984, , 25905, 25000, 28075, 28092, 0, 
102, 1, 93, 127, -1, 534, 320, 23.4, 36, ABprapapp, 260, 27038, 57105, 2112, , 27038, 25000, 27149, 27149, 0, 
103, 1, 10, 131, -1, 344, 319, 7.2, 31, ABarapapp, 213, 29600, 43334, 1464, , 29600, 25000, 31335, 31355, 0, 
104, 1, 92, 78, -1, 282, 385, 19.6, 34, ABpraaapa, 253, 26658, 47452, 1780, , 26658, 25000, 27773, 27797, 0, 
105, 1, 18, 99, -1, 570, 273, 22.3, 37, Cpaap, 122, 26708, 63565, 2380, , 26708, 25000, 27292, 27303, 0, 
106, 1, 54, 19, -1, 467, 299, 15.3, 38, Epra, 81, 27868, 69558, 2496, , 27868, 25000, 28378, 28395, 0, 
107, 1, 40, 125, -1, 451, 311, 10.9, 35, MSpppp, 343, 26079, 53932, 2068, , 26079, 25000, 28044, 28047, 0, 
108, 1, 86, 30, -1, 235, 241, 21.4, 38, ABalapap, 383, 27157, 70065, 2580, , 27157, 25000, 27626, 27598, 0, 
109, 1, 110, 55, 126, 434, 139, 8.5, 39, ABplpppp, 220, 27479, 79139, 2880, , 27479, 25000, 30084, 30108, 0, 
110, 1, 56, 88, -1, 358, 156, 25.3, 35, ABplapaap, 288, 26730, 54530, 2040, , 26730, 25000, 27355, 27386, 0, 
111, 1, 15, 58, -1, 441, 192, 8.0, 35, Daa, 354, 27765, 62527, 2252, , 27765, 25000, 31444, 31476, 0, 
112, 1, 10, 103, -1, 292, 347, 7.6, 31, ABarapapa, -116, 29316, 39049, 1332, , 29316, 25000, 30751, 30924, 0, 
113, 1, 42, 117, -1, 176, 257, 24.0, 39, ABalapaa, 243, 26729, 77193, 2888, , 26729, 25000, 27389, 27405, 0, 
114, 1, 58, 105, -1, 250, 222, 25.5, 34, ABplaaapa, 244, 27171, 45864, 1688, , 27171, 25000, 27028, 27156, 0, 
115, 1, 64, 2, -1, 427, 125, 19.3, 33, ABplappap, 247, 27427, 47613, 1736, , 27427, 25000, 27862, 27931, 0, 
116, 1, 115, 52, -1, 429, 352, 24.7, 40, ABprapaa, 166, 27165, 83015, 3056, , 27165, 25000, 27473, 27478, 0, 
117, 1, 41, 43, -1, 467, 124, 17.0, 38, ABplappp, 341, 26770, 68424, 2556, , 26770, 25000, 27897, 27952, 0, 
118, 1, 102, 17, -1, 466, 159, 21.9, 37, ABplapapp, 166, 26803, 65613, 2448, , 26803, 25000, 27374, 27374, 0, 
119, 1, 26, 133, -1, 260, 204, 7.5, 32, ABalpappp, 270, 27747, 39734, 1432, , 27747, 25000, 31916, 31916, 0, 
120, 1, 97, 57, -1, 352, 234, 23.6, 39, ABarppaa, 341, 27486, 76960, 2800, , 27486, 25000, 27135, 27142, 0, 
121, 1, 96, 104, -1, 526, 195, 23.5, 38, Caaap, 335, 27025, 68968, 2552, , 27025, 25000, 27845, 27865, 0, 
122, 1, 108, 7, -1, 183, 230, 9.1, 30, ABalpapap, 206, 27796, 37691, 1356, , 27796, 25000, 29204, 29321, 0, 
123, 1, 58, 68, -1, 306, 212, 24.3, 35, ABplaaapp, 319, 27805, 56723, 2040, , 27805, 25000, 27495, 27566, 0, 
124, 1, 50, 20, -1, 174, 209, 24.7, 34, ABplaaaaa, 266, 27730, 52244, 1884, , 27730, 25000, 27934, 27944, 0, 
125, 1, 94, 134, -1, 512, 344, 12.7, 36, ABprppap, 329, 27020, 59876, 2216, , 27020, 25000, 28436, 28437, 0, 
126, 1, 9, 120, -1, 445, 358, 7.5, 32, ABprpappa, 197, 28566, 40907, 1432, , 28566, 25000, 30632, 30688, 0, 
127, 1, 45, 98, -1, 394, 277, 10.4, 34, MSpppa, 323, 27185, 48390, 1780, , 27185, 25000, 28570, 28574, 0, 
128, 0, 72, -1, -1, 88, 263, 17.5, 35, , -236, 1399, 55527, 1984, , 27987, 25000, 26704, 26588, 0, 
129, 1, 85, 23, -1, 167, 238, 17.5, 32, ABalpppaa, 238, 27929, 39995, 1432, , 27929, 25000, 28329, 28326, 0, 
