1, 1, 3, 55, 57, 484, 128, 16.2, 36, ABplappp, -176, 26828, 61167, 2280, , 26828, 25000, 27587, 27644, 0, 
2, 1, 49, 43, -1, 381, 215, 6.4, 35, MSaapp, 352, 33399, 64526, 1932, , 33399, 25000, 32299, 32341, 0, 
3, 1, 144, 17, -1, 259, 281, 19.6, 35, ABalapppa, 356, 27290, 52724, 1932, , 27290, 25000, 27600, 27600, 0, 
4, 1, 85, 91, -1, 344, 322, 24.6, 37, ABarpappp, 373, 26728, 62223, 2328, , 26728, 25000, 27803, 27814, 0, 
5, 1, 88, 164, -1, 288, 312, 23.5, 36, ABarpapap, 339, 27473, 58682, 2136, , 27473, 25000, 28161, 28229, 0, 
6, 1, 53, 79, 152, 566, 307, 16.4, 37, ABprappp, 260, 26976, 62800, 2328, , 26976, 25000, 28148, 28161, 0, 
7, 1, 143, 106, -1, 495, 360, 23.4, 38, ABprapapa, 245, 28253, 72892, 2580, , 28253, 25000, 27261, 27279, 0, 
8, 1, 44, 90, -1, 204, 277, 13.4, 38, MSaaaa, 366, 27076, 69856, 2580, , 27076, 25000, 28491, 28503, 0, 
9, 1, 71, 77, -1, 476, 345, 7.8, 32, ABprpappp, 314, 28404, 45673, 1608, , 28404, 25000, 30945, 31042, 0, 
10, 1, 42, 35, -1, 145, 311, 14.3, 35, ABaraaaa, 71, 26494, 54048, 2040, , 26494, 25000, 27674, 27724, 0, 
11, 1, 111, 147, -1, 553, 321, 22.3, 37, ABprapapp, 372, 27239, 64829, 2380, , 27239, 25000, 27452, 27444, 0, 
12, 0, 47, -1, -1, 89, 263, 15.0, 29, , 161, 2390, 36272, 1228, , 29537, 25000, 27146, 27147, 0, 
13, 1, 136, 96, -1, 367, 398, 17.5, 33, ABprpaapa, 240, 27159, 44106, 1624, , 27159, 25000, 27849, 27815, 0, 
14, 1, 91, 49, -1, 487, 388, 18.2, 35, ABprappaa, 178, 27837, 56009, 2012, , 27837, 25000, 27983, 27985, 0, 
15, 1, 15, 108, -1, 160, 183, 12.9, 36, ABalppaa, 314, 28033, 63804, 2276, , 28033, 25000, 28142, 28171, 0, 
16, 1, 97, 9, -1, 187, 351, 15.7, 36, ABalaapa, 352, 27161, 60189, 2216, , 27161, 25000, 28241, 28262, 0, 
17, 1, 116, 64, -1, 320, 207, 24.1, 37, ABplaaapp, 297, 28016, 68582, 2448, , 28016, 25000, 27837, 27854, 0, 
18, 1, 106, 116, -1, 451, 198, 21.3, 35, ABarppapp, 313, 27907, 56931, 2040, , 27907, 25000, 27842, 27887, 0, 
19, 1, 75, 18, -1, 293, 186, 18.7, 36, ABalppppp, 360, 27497, 60933, 2216, , 27497, 25000, 28270, 28257, 0, 
20, 1, 135, 148, -1, 391, 173, 13.7, 36, MSappp, 318, 27493, 60924, 2216, , 27493, 25000, 28321, 28333, 0, 
21, 1, 110, 134, -1, 182, 230, 22.4, 34, ABalapaap, 271, 26586, 47323, 1780, , 26586, 25000, 28017, 28046, 0, 
22, 1, 27, 69, -1, 373, 214, 17.5, 38, Ealp, 319, 27865, 71112, 2552, , 27865, 25000, 28609, 28606, 0, 
23, 1, 50, 111, -1, 207, 180, 11.4, 34, ABalppapa, -147, 28794, 51254, 1780, , 28794, 25000, 28801, 28839, 0, 
24, 1, 69, 86, -1, 300, 344, 15.3, 32, ABarapppa, -32, 27874, 44153, 1584, , 27874, 25000, 27526, 27509, 0, 
25, 1, 107, 128, -1, 464, 392, 12.0, 38, ABprppaa, 310, 27500, 70289, 2556, , 27500, 25000, 28055, 28051, 0, 
26, 1, 38, 59, -1, 428, 292, 6.7, 36, MSpapp, 218, 31375, 69527, 2216, , 31375, 25000, 32316, 32316, 0, 
27, 1, 18, 36, 141, 168, 321, 20.3, 37, ABalaaap, -186, 27691, 65904, 2380, , 27691, 25000, 27876, 27861, 0, 
28, 1, 117, 130, -1, 323, 385, 20.8, 37, ABpraapaa, 319, 27041, 64142, 2372, , 27041, 25000, 27653, 27646, 0, 
29, 1, 119, 107, -1, 442, 366, 20.9, 40, ABpraappp, 396, 27538, 82285, 2988, , 27538, 25000, 27797, 27799, 0, 
30, 1, 54, 154, 165, 224, 336, 18.7, 35, ABalaapp, 192, 27029, 55140, 2040, , 27029, 25000, 27474, 27489, 0, 
31, 1, 72, 155, -1, 322, 281, 12.6, 35, MSpaap, 32, 27291, 52726, 1932, , 27291, 25000, 28408, 28502, 0, 
32, 1, 23, 74, 121, 498, 352, 13.1, 39, ABprppap, 325, 27305, 75142, 2752, , 27305, 25000, 28427, 28422, 0, 
33, 1, 40, 70, -1, 128, 291, 19.5, 36, ABalaaaa, -32, 27620, 58996, 2136, , 27620, 25000, 27434, 27440, 0, 
34, 1, 33, 56, 151, 385, 121, 15.2, 36, ABplppap, 236, 27396, 62463, 2280, , 27396, 25000, 28262, 28260, 0, 
35, 1, 29, 75, -1, 331, 120, 13.1, 36, ABplppaa, 194, 27217, 61946, 2276, , 27217, 25000, 27520, 27538, 0, 
36, 1, 103, 133, -1, 292, 351, 25.9, 37, ABarpappa, 353, 27745, 67920, 2448, , 27745, 25000, 27771, 27787, 0, 
37, 1, 70, 138, -1, 421, 398, 15.5, 34, ABprpaapp, 280, 26953, 45497, 1688, , 26953, 25000, 27809, 27809, 0, 
38, 1, 109, 102, -1, 473, 214, 26.1, 42, Caaaa, 387, 27716, 92239, 3328, , 27716, 25000, 27777, 27783, 0, 
39, 1, 99, 30, -1, 315, 194, 14.1, 37, MSapap, 329, 27042, 66200, 2448, , 27042, 25000, 28486, 28524, 0, 
40, 1, 22, 98, -1, 308, 265, 25.4, 40, ABarpaapp, 363, 27382, 83352, 3044, , 27382, 25000, 27663, 27737, 0, 
41, 1, 32, 105, -1, 423, 357, 7.0, 32, ABprpappa, 310, 29436, 50277, 1708, , 29436, 25000, 32345, 32367, 0, 
42, 1, 113, 15, -1, 428, 222, 16.3, 39, Epla, 86, 27395, 75719, 2764, , 27395, 25000, 28076, 28086, 0, 
43, 1, 122, 32, -1, 250, 199, 14.2, 35, MSapaa, 187, 27479, 55287, 2012, , 27479, 25000, 28225, 28225, 0, 
44, 1, 82, 29, -1, 237, 350, 10.4, 34, ABaraaapp, 291, 27335, 48657, 1780, , 27335, 25000, 28565, 28625, 0, 
45, 1, 68, 19, -1, 325, 228, 8.4, 36, MSaapa, 355, 28429, 60041, 2112, , 28429, 25000, 30111, 30135, 0, 
46, 1, 1, 97, 158, 257, 364, 14.3, 35, ABpraaaa, 320, 27458, 56015, 2040, , 27458, 25000, 28040, 28042, 0, 
47, 1, 43, 129, -1, 564, 331, 12.3, 34, ABprpppap, 272, 27050, 50963, 1884, , 27050, 25000, 28170, 28343, 0, 
48, 1, 64, 46, -1, 201, 146, 21.2, 34, ABplaapaa, 310, 27007, 51638, 1912, , 27007, 25000, 27619, 27619, 0, 
49, 1, 31, 23, -1, 537, 242, 9.0, 38, Dpp, 51, 27554, 70428, 2556, , 27554, 25000, 29952, 29995, 0, 
50, 1, 56, 110, -1, 589, 165, 16.2, 36, Cpapp, -7, 27956, 63739, 2280, , 27956, 25000, 27729, 27729, 0, 
51, 1, 58, 61, -1, 402, 219, 10.5, 37, Z3, 144, 27773, 68211, 2456, , 27773, 25000, 28861, 28893, 0, 
52, 1, 21, 51, -1, 349, 147, 19.4, 37, ABplaappp, 118, 26898, 62618, 2328, , 26898, 25000, 28164, 28178, 0, 
53, 1, 74, 103, -1, 170, 182, 23.6, 35, ABplaaaaa, 402, 27451, 53035, 1932, , 27451, 25000, 27314, 27316, 0, 
54, 1, 41, 117, -1, 313, 284, 6.9, 33, ABaraappp, 86, 30907, 53655, 1736, , 30907, 25000, 32016, 32016, 0, 
55, 1, 14, 44, -1, 306, 334, 5.6, 33, ABarapapa, 327, 35743, 58619, 1640, , 35743, 25000, 34199, 34487, 0, 
56, 1, 128, 8, -1, 335, 165, 6.4, 37, ABplpappa, 342, 35461, 82553, 2328, , 35461, 25000, 34920, 35107, 0, 
57, 1, 57, 163, -1, 129, 277, 13.2, 30, ABalpaaaa, -21, 27880, 36801, 1320, , 27880, 25000, 28123, 28202, 0, 
58, 1, 114, 142, -1, 199, 221, 8.4, 33, ABalpapap, 219, 28719, 47099, 1640, , 28719, 25000, 30918, 30892, 0, 
59, 1, 51, 71, -1, 466, 266, 10.8, 35, Z2, 62, 27992, 56320, 2012, , 27992, 25000, 28649, 28684, 0, 
60, 1, 98, 112, -1, 241, 379, 20.5, 35, ABpraaapa, 36, 27464, 54489, 1984, , 27464, 25000, 27409, 27419, 0, 
61, 1, 90, 60, -1, 269, 251, 11.3, 37, MSaaap, 465, 27782, 66121, 2380, , 27782, 25000, 28927, 28929, 0, 
62, 1, 120, 93, -1, 410, 288, 17.1, 39, Earp, 369, 27537, 75783, 2752, , 27537, 25000, 28555, 28553, 0, 
63, 1, 77, 88, -1, 195, 280, 25.7, 39, ABarpaaa, 413, 27471, 75930, 2764, , 27471, 25000, 27906, 27885, 0, 
64, 1, 121, 58, -1, 417, 113, 12.4, 35, ABplpppaa, 252, 27945, 53989, 1932, , 27945, 25000, 27941, 27939, 0, 
65, 1, 105, 101, -1, 516, 271, 15.7, 38, Eprp, 190, 27656, 69030, 2496, , 27656, 25000, 28483, 28504, 0, 
66, 1, 8, 95, -1, 239, 179, 18.9, 36, ABalppppa, 274, 26987, 61422, 2276, , 26987, 25000, 28126, 28168, 0, 
67, 1, 134, 149, -1, 366, 347, 6.8, 36, ABarapapp, 317, 31873, 72670, 2280, , 31873, 25000, 33096, 33096, 0, 
68, 1, 61, 27, -1, 481, 301, 8.3, 36, Dpa, -328, 28677, 63549, 2216, , 28677, 25000, 29537, 29582, 0, 
69, 1, 39, 157, -1, 565, 266, 22.2, 38, Cpaap, 374, 27845, 73846, 2652, , 27845, 25000, 28060, 27994, 0, 
70, 1, 84, 47, -1, 530, 140, 9.5, 42, Capa, 419, 27637, 99713, 3608, , 27637, 25000, 29128, 29190, 0, 
71, 1, 149, 13, -1, 258, 181, 8.6, 34, ABalppapp, 162, 28423, 50593, 1780, , 28423, 25000, 30474, 30532, 0, 
72, 1, 92, 82, -1, 245, 134, 17.7, 34, ABplpaapa, 221, 27169, 51187, 1884, , 27169, 25000, 27772, 27888, 0, 
73, 1, 55, 37, -1, 295, 239, 17.4, 39, Eala, 393, 27660, 77447, 2800, , 27660, 25000, 28079, 28094, 0, 
74, 1, 66, 28, -1, 333, 166, 26.4, 37, ABplapaaa, 368, 28442, 66214, 2328, , 28442, 25000, 27918, 27956, 0, 
75, 1, 17, 11, -1, 587, 270, 11.1, 39, Cppa, -20, 27111, 74610, 2752, , 27111, 25000, 28069, 28070, 0, 
76, 1, 65, 42, -1, 292, 358, 11.0, 31, ABarappaa, 195, 27574, 43567, 1580, , 27574, 25000, 28476, 28519, 0, 
77, 1, 95, 153, -1, 540, 197, 22.3, 37, Caaap, 370, 27322, 65026, 2380, , 27322, 25000, 28241, 28255, 0, 
78, 1, 52, 25, -1, 353, 190, 11.6, 34, MSappa, 111, 28128, 50067, 1780, , 28128, 25000, 28435, 28514, 0, 
79, 1, 9, 125, -1, 273, 331, 7.3, 33, ABarapaap, 125, 29482, 51181, 1736, , 29482, 25000, 31615, 31550, 0, 
80, 1, 79, 100, -1, 527, 343, 18.1, 35, ABprappap, -74, 27609, 57096, 2068, , 27609, 25000, 27981, 27981, 0, 
81, 1, 30, 12, -1, 508, 203, 8.1, 36, Dap, 306, 28610, 65117, 2276, , 28610, 25000, 31306, 31350, 0, 
82, 1, 123, 3, -1, 263, 303, 13.9, 40, MSpaaa, 136, 27200, 81275, 2988, , 27200, 25000, 28549, 28548, 0, 
83, 1, 137, 22, -1, 316, 152, 9.8, 33, ABplpapap, 246, 27757, 48408, 1744, , 27757, 25000, 28856, 28888, 0, 
84, 1, 94, 99, -1, 385, 139, 8.1, 34, ABplpappp, 123, 29182, 57663, 1976, , 29182, 25000, 30651, 30739, 0, 
85, 1, 20, 92, -1, 268, 204, 26.6, 38, ABplaaapa, 372, 27477, 70890, 2580, , 27477, 25000, 27765, 27816, 0, 
86, 1, 96, 16, -1, 340, 237, 26.2, 34, ABarppaaa, 279, 27305, 52208, 1912, , 27305, 25000, 27737, 27770, 0, 
87, 1, 140, 143, -1, 226, 193, 26.2, 36, ABplaaaap, 129, 27302, 62249, 2280, , 27302, 25000, 28024, 28051, 0, 
88, 1, 133, 118, -1, 197, 215, 13.7, 33, ABalpaapp, 310, 27157, 47144, 1736, , 27157, 25000, 28706, 28702, 0, 
89, 1, 118, 126, -1, 247, 286, 7.5, 32, ABaraappa, 136, 29321, 41988, 1432, , 29321, 25000, 31613, 31733, 0, 
90, 1, 83, 5, -1, 306, 126, 17.0, 33, ABplpaapp, 185, 26887, 48611, 1808, , 26887, 25000, 28300, 28305, 0, 
91, 1, 147, 145, -1, 397, 338, 25.2, 36, ABprapaaa, -147, 27011, 61586, 2280, , 27011, 25000, 27893, 27930, 0, 
92, 1, 12, 33, -1, 341, 301, 18.1, 41, Eara, 357, 27542, 85271, 3096, , 27542, 25000, 27933, 27970, 0, 
93, 1, 145, 21, -1, 323, 272, 21.5, 36, ABalapppp, 311, 27450, 58634, 2136, , 27450, 25000, 27600, 27651, 0, 
94, 1, 62, 89, -1, 455, 309, 16.5, 39, Epra, 273, 27948, 80490, 2880, , 27948, 25000, 27914, 27921, 0, 
95, 1, 24, 85, -1, 490, 212, 14.9, 40, Eplp, 128, 27624, 82542, 2988, , 27624, 25000, 28524, 28528, 0, 
96, 1, 59, 54, -1, 374, 391, 11.3, 34, ABprpapaa, 140, 27501, 51812, 1884, , 27501, 25000, 28112, 28184, 0, 
97, 1, 35, 40, -1, 435, 335, 12.0, 36, MSpppp, 334, 27431, 61774, 2252, , 27431, 25000, 28072, 28082, 0, 
98, 1, 46, 156, -1, 181, 328, 11.4, 32, ABaraaapa, 282, 26629, 39518, 1484, , 26629, 25000, 27888, 27881, 0, 
99, 1, 4, 1, -1, 187, 248, 16.9, 34, ABalpppaa, -98, 26962, 53277, 1976, , 26962, 25000, 28708, 28753, 0, 
100, 1, 60, 39, -1, 288, 391, 16.5, 33, ABprpaaaa, 267, 27961, 45409, 1624, , 27961, 25000, 27515, 27482, 0, 
101, 1, 67, 81, -1, 290, 134, 21.4, 37, ABplaappa, 334, 27740, 64578, 2328, , 27740, 25000, 27787, 27833, 0, 
102, 1, 28, 137, -1, 455, 339, 25.5, 37, ABprapaap, 296, 27052, 66440, 2456, , 27052, 25000, 27413, 27412, 0, 
103, 1, 63, 67, -1, 436, 193, 8.0, 36, Daa, -215, 28946, 65187, 2252, , 28946, 25000, 31294, 31340, 0, 
104, 1, 87, 113, -1, 417, 384, 10.3, 33, ABprpapap, 289, 28084, 48754, 1736, , 28084, 25000, 28491, 28469, 0, 
105, 1, 43, 80, -1, 549, 356, 12.8, 33, ABprpppaa, 216, 27285, 47585, 1744, , 27285, 25000, 28554, 28572, 0, 
106, 1, 57, 53, -1, 132, 248, 12.5, 31, ABalpaaap, 199, 27859, 34322, 1232, , 27859, 25000, 27825, 27763, 0, 
107, 1, 100, 2, -1, 149, 229, 11.1, 33, ABalpapaa, 268, 27567, 47856, 1736, , 27567, 25000, 28128, 28128, 0, 
108, 1, 108, 150, -1, 228, 346, 24.3, 36, ABarpapaa, 97, 27631, 61230, 2216, , 27631, 25000, 27963, 27966, 0, 
109, 1, 37, 4, -1, 226, 230, 6.3, 33, ABalpappa, -1, 33642, 58403, 1736, , 33642, 25000, 33536, 33806, 0, 
110, 1, 26, 135, -1, 257, 146, 10.7, 33, ABplpapaa, 163, 28423, 49342, 1736, , 28423, 25000, 28158, 28225, 0, 
111, 1, 48, 136, -1, 188, 149, 14.8, 34, ABplpaaaa, 286, 27532, 52642, 1912, , 27532, 25000, 28057, 28066, 0, 
112, 1, 45, 139, -1, 395, 336, 15.3, 36, MSppap, -15, 26807, 59405, 2216, , 26807, 25000, 28164, 28255, 0, 
113, 1, 132, 38, -1, 260, 223, 22.5, 35, ABalapapp, 265, 27266, 54096, 1984, , 27266, 25000, 27894, 27901, 0, 
114, 1, 93, 159, -1, 289, 361, 21.1, 36, ABpraaapp, 318, 27667, 62969, 2276, , 27667, 25000, 27973, 28028, 0, 
115, 1, 73, 84, -1, 468, 124, 11.5, 34, ABplpppap, 273, 28181, 47569, 1688, , 28181, 25000, 28091, 28096, 0, 
116, 1, 138, 6, -1, 496, 263, 21.4, 35, ABarppppp, 346, 27726, 53566, 1932, , 27726, 25000, 28174, 28199, 0, 
117, 1, 86, 45, -1, 239, 271, 25.5, 36, ABarpaapa, 320, 27089, 57863, 2136, , 27089, 25000, 27836, 27880, 0, 
118, 1, 25, 48, -1, 393, 288, 11.3, 35, MSpppa, 325, 27255, 55600, 2040, , 27255, 25000, 28267, 28294, 0, 
119, 1, 129, 63, -1, 241, 141, 14.5, 34, ABplpaaap, 274, 27671, 46709, 1688, , 27671, 25000, 28285, 28361, 0, 
120, 1, 6, 41, -1, 199, 180, 18.7, 34, ABalpppap, -51, 27109, 51073, 1884, , 27109, 25000, 28197, 28307, 0, 
121, 1, 76, 50, -1, 369, 287, 7.3, 38, MSpapa, -65, 29593, 73863, 2496, , 29593, 25000, 31366, 31444, 0, 
122, 1, 34, 78, -1, 285, 219, 6.2, 34, ABalpappp, 317, 33326, 63720, 1912, , 33326, 25000, 32468, 32511, 0, 
123, 1, 65, 72, -1, 328, 371, 10.7, 31, ABarappap, 246, 28049, 38371, 1368, , 28049, 25000, 28599, 28646, 0, 
124, 1, 101, 124, -1, 448, 122, 18.5, 36, ABplappap, -233, 27199, 58096, 2136, , 27199, 25000, 27610, 27615, 0, 
125, 1, 139, 146, -1, 425, 281, 25.5, 37, ABarpppap, 345, 27393, 67278, 2456, , 27393, 25000, 27836, 27830, 0, 
126, 1, 112, 65, -1, 371, 281, 25.4, 36, ABarpppaa, 338, 27715, 58535, 2112, , 27715, 25000, 27675, 27649, 0, 
127, 1, 138, 122, -1, 452, 283, 22.6, 35, ABarppppa, 353, 27820, 53748, 1932, , 27820, 25000, 27953, 27874, 0, 
128, 1, 131, 7, -1, 497, 304, 26.5, 40, Cpaaa, 396, 27868, 84049, 3016, , 27868, 25000, 28044, 28040, 0, 
129, 1, 2, 160, -1, 162, 285, 9.8, 32, ABaraapaa, 267, 27564, 44323, 1608, , 27564, 25000, 28553, 28554, 0, 
130, 1, 89, 94, -1, 488, 141, 21.4, 37, ABplapapp, 312, 27394, 63774, 2328, , 27394, 25000, 27716, 27750, 0, 
131, 1, 142, 66, -1, 214, 233, 20.4, 35, ABalapapa, 314, 26829, 51834, 1932, , 26829, 25000, 28115, 28267, 0, 
132, 1, 150, 132, -1, 132, 243, 17.6, 34, ABalpaapa, -158, 27796, 49476, 1780, , 27796, 25000, 27975, 27975, 0, 
133, 1, 124, 83, -1, 264, 151, 24.4, 37, ABplaapap, -89, 28202, 65654, 2328, , 28202, 25000, 27692, 27731, 0, 
134, 1, 115, 140, -1, 541, 153, 19.4, 36, Caapp, 335, 27475, 58028, 2112, , 27475, 25000, 28079, 28135, 0, 
135, 1, 60, 104, -1, 339, 392, 16.3, 33, ABprpaaap, 170, 27385, 47541, 1736, , 27385, 25000, 27669, 27721, 0, 
136, 1, 104, 76, -1, 523, 344, 7.6, 35, ABprppppa, 355, 30226, 58397, 1932, , 30226, 25000, 31670, 31748, 0, 
137, 1, 127, 68, -1, 483, 150, 7.4, 33, ABplppppp, 302, 29665, 48650, 1640, , 29665, 25000, 32404, 32460, 0, 
138, 1, 102, 10, -1, 211, 272, 7.5, 33, ABaraapap, 201, 29845, 48469, 1624, , 29845, 25000, 31858, 31950, 0, 
139, 1, 19, 26, -1, 525, 168, 13.7, 38, Capp, 283, 26969, 67315, 2496, , 26969, 25000, 28437, 28420, 0, 
140, 1, 81, 119, -1, 209, 295, 21.6, 36, ABalappa, 330, 27210, 57468, 2112, , 27210, 25000, 28048, 28051, 0, 
141, 1, 13, 62, -1, 397, 129, 20.5, 35, ABplappaa, -123, 26981, 53530, 1984, , 26981, 25000, 27784, 27749, 0, 
142, 1, 115, 161, -1, 532, 147, 22.5, 35, Caapa, 344, 27504, 54568, 1984, , 27504, 25000, 27876, 27823, 0, 
143, 1, 7, 24, -1, 340, 316, 13.2, 35, MSppaa, 325, 27647, 55626, 2012, , 27647, 25000, 28042, 28050, 0, 
144, 1, 141, 34, -1, 394, 211, 24.6, 35, ABarppaap, 279, 28671, 55392, 1932, , 28671, 25000, 27594, 27566, 0, 
145, 1, 78, 14, -1, 427, 144, 7.5, 33, ABplppppa, 303, 28994, 47087, 1624, , 28994, 25000, 32056, 32182, 0, 
146, 1, 80, 109, -1, 422, 151, 25.4, 38, ABplapapa, 367, 27579, 71153, 2580, , 27579, 25000, 27916, 27950, 0, 
147, 1, 5, 144, -1, 377, 369, 23.5, 37, ABpraapap, 303, 27455, 67429, 2456, , 27455, 25000, 27802, 27799, 0, 
148, 1, 11, 120, -1, 383, 150, 24.3, 35, ABplapaap, 316, 27529, 56160, 2040, , 27529, 25000, 27625, 27743, 0, 
149, 1, 106, 123, -1, 415, 207, 21.6, 35, ABarppapa, 280, 27361, 52861, 1932, , 27361, 25000, 27507, 27417, 0, 
150, 1, 36, 87, -1, 556, 241, 15.0, 33, Cpppa, 236, 27665, 50019, 1808, , 27665, 25000, 28188, 28181, 0, 
151, 1, 16, 115, -1, 599, 232, 20.6, 40, Cpapa, 381, 28297, 86136, 3044, , 28297, 25000, 28162, 28170, 0, 
152, 1, 130, 127, -1, 544, 291, 8.2, 34, ABprppppp, 229, 28120, 53766, 1912, , 28120, 25000, 30583, 30553, 0, 
153, 1, 36, 73, -1, 591, 217, 14.7, 32, Cpppp, 213, 26818, 42479, 1584, , 26818, 25000, 28551, 28581, 0, 
154, 1, 110, 131, -1, 171, 256, 21.4, 33, ABalapaaa, 256, 27851, 45676, 1640, , 27851, 25000, 27783, 27997, 0, 
155, 1, 126, 114, -1, 362, 357, 13.6, 33, ABarapppp, -136, 27316, 44798, 1640, , 27316, 25000, 27947, 27849, 0, 
156, 1, 10, 20, -1, 395, 390, 20.5, 36, ABpraappa, 370, 27950, 59701, 2136, , 27950, 25000, 27638, 27758, 0, 
157, 1, 125, 31, -1, 219, 322, 8.7, 32, ABarapaaa, 153, 29075, 46055, 1584, , 29075, 25000, 29076, 29211, 0, 
158, 0, 148, -1, -1, 118, 177, 22.5, 33, , 53, 1098, 45080, 1624, , 27759, 25000, 26661, 26661, 0, 
159, 0, 146, -1, -1, 88, 263, 17.3, 32, , 362, 388, 43361, 1584, , 27374, 25000, 27216, 26986, 0, 
