1, 1, 39, 67, -1, 303, 401, 16.6, 35, ABprpaaaa, 253, 27744, 53602, 1932, , 27744, 25000, 27675, 27591, 0, 
2, 1, 54, 163, -1, 377, 398, 11.6, 35, ABprpapaa, 72, 27321, 52784, 1932, , 27321, 25000, 28615, 28623, 0, 
3, 1, 26, 7, 171, 534, 172, 13.7, 38, Capp, 110, 27315, 68179, 2496, , 27315, 25000, 29017, 29022, 0, 
4, 1, 155, 154, -1, 326, 288, 12.4, 36, MSpaap, 346, 27208, 57463, 2112, , 27208, 25000, 28616, 28684, 0, 
5, 1, 35, 2, -1, 151, 298, 12.7, 34, ABaraaaa, -88, 27059, 50979, 1884, , 27059, 25000, 27892, 27893, 0, 
6, 1, 119, 119, -1, 225, 293, 20.4, 33, ABalappap, 240, 27595, 45256, 1640, , 27595, 25000, 27908, 27952, 0, 
7, 1, 22, 100, -1, 317, 151, 8.5, 36, ABplpapap, 281, 28555, 60994, 2136, , 28555, 25000, 30583, 30382, 0, 
8, 1, 29, 66, -1, 238, 348, 8.2, 32, ABaraaapp, 279, 27858, 44796, 1608, , 27858, 25000, 30402, 30524, 0, 
9, 1, 8, 63, -1, 343, 174, 6.2, 36, ABplpappa, 339, 34781, 79300, 2280, , 34781, 25000, 34741, 35092, 0, 
10, 1, 17, 162, -1, 263, 287, 19.6, 36, ABalapppa, 356, 28272, 59710, 2112, , 28272, 25000, 27352, 27410, 0, 
11, 1, 128, 43, 173, 466, 385, 10.6, 36, ABprppaa, 216, 27164, 57371, 2112, , 27164, 25000, 28391, 28377, 0, 
12, 1, 134, 105, -1, 177, 225, 23.6, 35, ABalapaap, 280, 28521, 55102, 1932, , 28521, 25000, 28035, 28028, 0, 
13, 1, 72, 126, -1, 340, 380, 10.5, 32, ABarappap, 124, 27647, 39590, 1432, , 27647, 25000, 28910, 28904, 0, 
14, 1, 92, 122, -1, 256, 206, 27.1, 37, ABplaaapa, 324, 27805, 68066, 2448, , 27805, 25000, 27956, 27995, 0, 
15, 1, 136, 107, -1, 212, 139, 16.2, 34, ABplpaaaa, 299, 27850, 53249, 1912, , 27850, 25000, 27681, 27678, 0, 
16, 1, 94, 55, -1, 494, 138, 20.4, 36, ABplapapp, 332, 26745, 56486, 2112, , 26745, 25000, 27643, 27589, 0, 
17, 1, 68, 1, -1, 480, 161, 7.0, 32, ABplppppp, 326, 32309, 55183, 1708, , 32309, 25000, 32865, 32970, 0, 
18, 1, 151, 118, -1, 430, 113, 16.2, 33, ABplppapp, 217, 26899, 46911, 1744, , 26899, 25000, 27999, 28001, 0, 
19, 0, 52, -1, -1, 89, 266, 17.3, 32, , -251, 1847, 45981, 1584, , 29028, 25000, 27104, 27181, 0, 
20, 1, 140, 104, -1, 553, 154, 18.4, 35, Caapp, 144, 27623, 53367, 1932, , 27623, 25000, 28126, 28130, 0, 
21, 1, 139, 98, -1, 392, 338, 16.4, 37, MSppap, 329, 27157, 63222, 2328, , 27157, 25000, 28321, 28365, 0, 
22, 1, 12, 91, -1, 495, 216, 8.5, 36, Dap, 329, 28576, 61038, 2136, , 28576, 25000, 30229, 30255, 0, 
23, 1, 117, 116, -1, 306, 282, 6.5, 35, ABaraappp, 355, 31754, 63000, 1984, , 31754, 25000, 32215, 32215, 0, 
24, 1, 150, 12, -1, 217, 346, 23.7, 36, ABarpapaa, 347, 27198, 60270, 2216, , 27198, 25000, 27629, 27629, 0, 
25, 1, 77, 78, -1, 471, 341, 6.7, 33, ABprpappp, 338, 31980, 55518, 1736, , 31980, 25000, 33541, 33770, 0, 
26, 1, 119, 16, -1, 176, 304, 20.4, 32, ABalappaa, -116, 27504, 40816, 1484, , 27504, 25000, 27819, 27885, 0, 
27, 1, 73, 30, -1, 597, 217, 13.4, 33, Cpppp, -144, 27373, 44891, 1640, , 27373, 25000, 27594, 27594, 0, 
28, 1, 43, 28, -1, 382, 225, 6.5, 38, MSaapp, 384, 32521, 82994, 2552, , 32521, 25000, 32343, 32343, 0, 
29, 1, 148, 61, -1, 390, 178, 15.6, 36, MSappp, 300, 27114, 57265, 2112, , 27114, 25000, 28141, 28148, 0, 
30, 1, 106, 52, -1, 492, 363, 23.6, 39, ABprapapa, 235, 27705, 77574, 2800, , 27705, 25000, 27861, 27881, 0, 
31, 1, 61, 70, -1, 406, 217, 11.3, 34, Z3, 448, 27221, 51285, 1884, , 27221, 25000, 29156, 29160, 0, 
32, 1, 85, 26, -1, 488, 213, 15.9, 40, Eplp, 402, 27540, 82289, 2988, , 27540, 25000, 28194, 28193, 0, 
33, 1, 37, 155, -1, 297, 244, 18.1, 40, Eala, 172, 27025, 80752, 2988, , 27025, 25000, 28260, 28243, 0, 
34, 1, 64, 45, -1, 312, 205, 24.4, 36, ABplaaapp, 346, 27745, 58598, 2112, , 27745, 25000, 27786, 27779, 0, 
35, 1, 38, 149, -1, 264, 225, 22.7, 35, ABalapapp, 349, 27010, 55101, 2040, , 27010, 25000, 27497, 27493, 0, 
36, 1, 132, 132, -1, 137, 231, 17.2, 35, ABalpaapa, 344, 27203, 54732, 2012, , 27203, 25000, 28449, 28445, 0, 
37, 1, 163, 170, -1, 126, 266, 13.6, 31, ABalpaaaa, 33, 27697, 36892, 1332, , 27697, 25000, 27839, 27868, 0, 
38, 1, 118, 83, -1, 208, 212, 13.1, 34, ABalpaapp, 297, 27677, 54690, 1976, , 27677, 25000, 28455, 28456, 0, 
39, 1, 143, 152, -1, 208, 209, 26.7, 37, ABplaaaap, 371, 27702, 65931, 2380, , 27702, 25000, 28066, 28060, 0, 
40, 1, 28, 25, -1, 332, 166, 25.7, 36, ABplapaaa, 342, 27932, 61897, 2216, , 27932, 25000, 28072, 28085, 0, 
41, 1, 14, 127, -1, 426, 141, 7.6, 35, ABplppppa, 334, 29518, 57029, 1932, , 29518, 25000, 31870, 32086, 0, 
42, 1, 53, 36, -1, 131, 215, 13.3, 31, ABalpaaap, -142, 26814, 36681, 1368, , 26814, 25000, 27936, 27918, 0, 
43, 1, 40, 50, -1, 431, 338, 12.3, 36, MSpppp, 360, 27045, 59932, 2216, , 27045, 25000, 28400, 28400, 0, 
44, 1, 121, 39, -1, 525, 331, 12.6, 33, ABprppapp, 248, 28357, 46505, 1640, , 28357, 25000, 28691, 28668, 0, 
45, 1, 32, 133, -1, 256, 212, 14.4, 35, MSapaa, -301, 27857, 53819, 1932, , 27857, 25000, 28392, 28416, 0, 
46, 1, 49, 86, -1, 489, 396, 18.7, 35, ABprappaa, 323, 27027, 55136, 2040, , 27027, 25000, 27505, 27505, 0, 
47, 1, 71, 90, -1, 459, 269, 11.3, 36, Z2, 340, 28153, 62388, 2216, , 28153, 25000, 28968, 28968, 0, 
48, 1, 60, 113, -1, 263, 258, 11.3, 38, MSaaap, 37, 27128, 67712, 2496, , 27128, 25000, 28668, 28668, 0, 
49, 1, 10, 37, -1, 215, 258, 7.4, 34, ABaraapap, 286, 29194, 51966, 1780, , 29194, 25000, 31823, 31878, 0, 
50, 1, 159, 42, -1, 290, 369, 20.6, 37, ABpraaapp, 363, 27088, 63060, 2328, , 27088, 25000, 27805, 27892, 0, 
51, 1, 69, 87, -1, 375, 224, 17.6, 38, Ealp, 365, 27949, 72109, 2580, , 27949, 25000, 27905, 27913, 0, 
52, 1, 157, 31, -1, 560, 269, 23.4, 40, Cpaap, 381, 27666, 84214, 3044, , 27666, 25000, 28026, 28024, 0, 
53, 1, 131, 166, -1, 166, 272, 20.3, 31, ABalapaaa, -81, 27738, 37946, 1368, , 27738, 25000, 28367, 28558, 0, 
54, 1, 27, 32, -1, 482, 308, 8.8, 35, Dpa, -219, 27702, 55737, 2012, , 27702, 25000, 29272, 29303, 0, 
55, 1, 19, 62, 123, 323, 220, 8.9, 35, MSaapa, 104, 27918, 57735, 2068, , 27918, 25000, 29568, 29573, 0, 
56, 1, 95, 101, -1, 242, 190, 19.8, 35, ABalppppa, -183, 26875, 54073, 2012, , 26875, 25000, 28108, 28104, 0, 
57, 1, 96, 129, -1, 376, 402, 18.3, 32, ABprpaapa, 292, 26557, 42066, 1584, , 26557, 25000, 27724, 27797, 0, 
58, 1, 2, 117, -1, 159, 203, 11.3, 34, ABalpapaa, -94, 28188, 53106, 1884, , 28188, 25000, 28306, 28381, 0, 
59, 1, 108, 5, 175, 176, 175, 14.3, 36, ABalppaa, -64, 27149, 60163, 2216, , 27149, 25000, 28348, 28352, 0, 
60, 1, 11, 22, -1, 569, 253, 10.5, 38, Cppa, -69, 26955, 68788, 2552, , 26955, 25000, 28117, 28115, 0, 
61, 1, 87, 138, -1, 551, 253, 15.7, 34, Cpppa, 149, 26924, 50724, 1884, , 26924, 25000, 28103, 28110, 0, 
62, 1, 6, 54, -1, 508, 261, 21.1, 37, ABarppppp, 362, 28059, 68688, 2448, , 28059, 25000, 28007, 28009, 0, 
63, 1, 50, 27, -1, 369, 288, 8.2, 36, MSpapa, 149, 28279, 64477, 2280, , 28279, 25000, 30621, 30665, 0, 
64, 1, 59, 24, -1, 425, 286, 6.5, 37, MSpapp, 368, 31413, 77151, 2456, , 31413, 25000, 32000, 32000, 0, 
65, 1, 109, 139, -1, 431, 155, 25.3, 36, ABplapapa, 348, 27584, 61126, 2216, , 27584, 25000, 27741, 27719, 0, 
66, 1, 75, 158, 168, 341, 132, 12.7, 36, ABplppaa, 172, 26800, 59388, 2216, , 26800, 25000, 28043, 28096, 0, 
67, 1, 41, 108, -1, 205, 180, 18.7, 35, ABalpppap, 145, 27895, 56906, 2040, , 27895, 25000, 28406, 28536, 0, 
68, 1, 42, 89, -1, 273, 365, 10.3, 31, ABarappaa, 239, 27602, 37760, 1368, , 27602, 25000, 28355, 28349, 0, 
69, 1, 153, 72, -1, 540, 188, 22.7, 38, Caaap, 59, 28499, 71134, 2496, , 28499, 25000, 28158, 28183, 0, 
70, 1, 147, 110, -1, 559, 331, 21.5, 36, ABprapapp, 366, 27057, 57793, 2136, , 27057, 25000, 27732, 27739, 0, 
71, 1, 33, 120, -1, 335, 310, 17.9, 39, Eara, 314, 26573, 73129, 2752, , 26573, 25000, 28187, 28186, 0, 
72, 1, 111, 137, -1, 221, 170, 11.4, 34, ABalppapa, 290, 27829, 49535, 1780, , 27829, 25000, 28590, 28589, 0, 
73, 1, 56, 94, -1, 379, 133, 15.2, 33, ABplppapa, 165, 27375, 47742, 1744, , 27375, 25000, 27578, 27599, 0, 
74, 1, 130, 125, -1, 330, 388, 20.6, 37, ABpraapaa, 361, 26915, 62658, 2328, , 26915, 25000, 27775, 27812, 0, 
75, 1, 80, 159, -1, 542, 370, 13.7, 34, ABprpppaa, 319, 27473, 51760, 1884, , 27473, 25000, 27788, 27801, 0, 
76, 1, 125, 112, -1, 280, 332, 7.1, 34, ABarapaap, -49, 29263, 57823, 1976, , 29263, 25000, 32157, 32197, 0, 
77, 1, 90, 156, 169, 199, 277, 13.5, 39, MSaaaa, 232, 27432, 79003, 2880, , 27432, 25000, 28291, 28285, 0, 
78, 1, 138, 77, -1, 430, 393, 15.1, 36, ABprpaapp, -119, 27799, 63270, 2276, , 27799, 25000, 27995, 27995, 0, 
79, 1, 104, 56, -1, 350, 397, 16.1, 33, ABprpaaap, 261, 27087, 47023, 1736, , 27087, 25000, 28217, 28264, 0, 
80, 1, 123, 79, -1, 406, 206, 22.1, 35, ABarppapa, 317, 27365, 56590, 2068, , 27365, 25000, 27682, 27711, 0, 
81, 1, 103, 161, -1, 156, 180, 21.7, 36, ABplaaaaa, 354, 26447, 58607, 2216, , 26447, 25000, 27312, 27316, 0, 
82, 1, 165, 109, -1, 207, 352, 18.4, 31, ABalaappa, 220, 26851, 35766, 1332, , 26851, 25000, 27383, 27513, 0, 
83, 1, 1, 71, -1, 198, 242, 17.7, 36, ABalpppaa, 308, 27863, 61744, 2216, , 27863, 25000, 28421, 28504, 0, 
84, 1, 160, 6, -1, 156, 262, 9.9, 34, ABaraapaa, 271, 27507, 54353, 1976, , 27507, 25000, 28735, 28762, 0, 
85, 1, 67, 33, -1, 434, 199, 7.7, 36, Daa, 358, 28986, 64233, 2216, , 28986, 25000, 31016, 31017, 0, 
86, 1, 23, 135, -1, 521, 257, 9.4, 37, Dpp, 31, 27107, 63104, 2328, , 27107, 25000, 29218, 29283, 0, 
87, 1, 7, 157, -1, 494, 302, 25.7, 40, Cpaaa, 371, 27853, 85119, 3056, , 27853, 25000, 28070, 28080, 0, 
88, 1, 36, 68, -1, 183, 340, 19.3, 32, ABalaaapp, 218, 28235, 44724, 1584, , 28235, 25000, 27807, 27938, 0, 
89, 1, 133, 20, -1, 280, 361, 25.6, 37, ABarpappa, 338, 27400, 63787, 2328, , 27400, 25000, 27562, 27525, 0, 
90, 1, 99, 81, -1, 386, 144, 8.4, 34, ABplpappp, -153, 28088, 49997, 1780, , 28088, 25000, 30746, 30831, 0, 
91, 1, 16, 82, -1, 338, 230, 27.6, 25, ABarppaaa, 214, 27930, 23238, 832, , 27930, 25000, 28154, 28154, 0, 
92, 1, 86, 29, -1, 298, 360, 13.7, 33, ABarapppa, 303, 27085, 47019, 1736, , 27085, 25000, 27909, 27903, 0, 
93, 1, 126, 21, -1, 244, 283, 7.1, 32, ABaraappa, 308, 30372, 47867, 1576, , 30372, 25000, 32005, 32155, 0, 
94, 1, 89, 34, -1, 455, 311, 17.4, 39, Epra, 375, 26881, 75267, 2800, , 26881, 25000, 28537, 28535, 0, 
95, 1, 78, 4, -1, 280, 218, 5.9, 35, ABalpappp, 344, 33245, 68751, 2068, , 33245, 25000, 32730, 32708, 0, 
96, 1, 149, 14, -1, 370, 351, 7.3, 35, ABarapapp, 64, 29182, 59531, 2040, , 29182, 25000, 31711, 31771, 0, 
97, 1, 76, 76, -1, 519, 356, 8.2, 34, ABprppppa, 327, 28124, 53773, 1912, , 28124, 25000, 30860, 30860, 0, 
98, 1, 34, 153, -1, 386, 204, 26.0, 38, ABarppaap, 374, 27804, 71068, 2556, , 27804, 25000, 27916, 27941, 0, 
99, 1, 137, 35, -1, 460, 342, 25.5, 37, ABprapaap, 367, 27757, 68171, 2456, , 27757, 25000, 28038, 28100, 0, 
100, 1, 13, 151, -1, 275, 185, 9.6, 35, ABalppapp, 140, 27761, 53634, 1932, , 27761, 25000, 29044, 29060, 0, 
101, 1, 135, 147, -1, 275, 136, 10.7, 33, ABplpapaa, 275, 26787, 46503, 1736, , 26787, 25000, 28185, 28161, 0, 
102, 1, 21, 60, -1, 324, 284, 22.5, 34, ABalapppp, 321, 28029, 47313, 1688, , 28029, 25000, 27922, 28014, 0, 
103, 1, 154, 143, -1, 256, 337, 18.7, 32, ABalaappp, 235, 28494, 45135, 1584, , 28494, 25000, 27698, 27704, 0, 
104, 1, 100, 85, -1, 528, 352, 18.2, 34, ABprappap, -90, 27573, 52720, 1912, , 27573, 25000, 27958, 28014, 0, 
105, 1, 9, 59, 174, 183, 348, 14.5, 37, ABalaapa, 218, 27160, 66704, 2456, , 27160, 25000, 27813, 27827, 0, 
106, 1, 88, 136, -1, 213, 267, 26.4, 34, ABarpaaap, 231, 26501, 47172, 1780, , 26501, 25000, 28285, 28298, 0, 
107, 1, 124, 148, -1, 452, 121, 19.6, 35, ABplappap, 206, 27408, 52953, 1932, , 27408, 25000, 27238, 27235, 0, 
108, 1, 120, 44, -1, 387, 151, 24.4, 34, ABplapaap, 344, 27207, 48428, 1780, , 27207, 25000, 27608, 27683, 0, 
109, 1, 62, 150, -1, 403, 133, 20.5, 37, ABplappaa, 355, 27801, 68280, 2456, , 27801, 25000, 27683, 27742, 0, 
110, 1, 70, 8, 164, 142, 286, 17.5, 36, ABalaaaa, 304, 27129, 57948, 2136, , 27129, 25000, 27614, 27601, 0, 
111, 1, 83, 88, -1, 266, 159, 24.3, 36, ABplaapap, 155, 27332, 60568, 2216, , 27332, 25000, 27791, 27752, 0, 
112, 1, 31, 102, -1, 214, 314, 7.3, 31, ABarapaaa, 244, 29893, 40893, 1368, , 29893, 25000, 32082, 32199, 0, 
113, 1, 127, 58, -1, 541, 299, 7.5, 34, ABprppppp, 257, 28394, 47929, 1688, , 28394, 25000, 31692, 31707, 0, 
114, 1, 81, 130, -1, 291, 136, 21.5, 35, ABplaappa, 354, 28115, 55780, 1984, , 28115, 25000, 27729, 27742, 0, 
115, 1, 51, 115, -1, 356, 140, 19.6, 37, ABplaappp, 357, 27297, 63547, 2328, , 27297, 25000, 27814, 27804, 0, 
116, 1, 161, 142, -1, 525, 140, 22.8, 35, Caapa, 313, 26665, 53649, 2012, , 26665, 25000, 27772, 27746, 0, 
117, 1, 63, 141, -1, 262, 142, 15.4, 36, ABplpaaap, 159, 27645, 58387, 2112, , 27645, 25000, 28215, 28216, 0, 
118, 1, 156, 23, -1, 181, 315, 9.8, 35, ABaraaapa, 173, 27977, 56290, 2012, , 27977, 25000, 28524, 28576, 0, 
119, 1, 45, 64, -1, 238, 285, 24.6, 35, ABarpaapa, 339, 27241, 52629, 1932, , 27241, 25000, 27499, 27627, 0, 
120, 1, 88, 124, -1, 166, 283, 24.3, 34, ABarpaaaa, 252, 27616, 52029, 1884, , 27616, 25000, 27987, 27995, 0, 
121, 1, 98, 19, -1, 306, 270, 25.9, 37, ABarpaapp, 356, 26995, 66084, 2448, , 26995, 25000, 27870, 27910, 0, 
122, 1, 44, 121, -1, 315, 340, 6.3, 35, ABarapapa, 317, 31575, 64413, 2040, , 31575, 25000, 33865, 34101, 0, 
123, 1, 105, 46, -1, 410, 349, 6.3, 34, ABprpappa, 260, 31801, 59913, 1884, , 31801, 25000, 33944, 34180, 0, 
124, 1, 25, 92, -1, 354, 190, 12.4, 34, MSappa, 92, 26670, 47473, 1780, , 26670, 25000, 28127, 28182, 0, 
125, 1, 129, 41, -1, 571, 320, 11.5, 33, ABprpppap, 266, 26663, 43300, 1624, , 26663, 25000, 28363, 28298, 0, 
126, 1, 18, 131, -1, 292, 186, 19.0, 37, ABalppppp, 102, 27471, 70217, 2556, , 27471, 25000, 28154, 28164, 0, 
127, 1, 141, 11, -1, 133, 318, 19.3, 32, ABalaaapa, 216, 27304, 43250, 1584, , 27304, 25000, 27440, 27345, 0, 
128, 1, 5, 18, -1, 309, 127, 16.6, 34, ABplpaapp, 256, 27494, 48940, 1780, , 27494, 25000, 28266, 28268, 0, 
129, 1, 3, 128, -1, 254, 316, 13.5, 37, MSpaaa, 296, 26996, 66301, 2456, , 26996, 25000, 28478, 28478, 0, 
130, 1, 84, 65, -1, 484, 122, 11.3, 34, ABplpppap, 297, 27288, 51411, 1884, , 27288, 25000, 27973, 27973, 0, 
131, 1, 47, 15, -1, 526, 162, 8.4, 40, Capa, -65, 27979, 85168, 3044, , 27979, 25000, 31140, 31190, 0, 
132, 1, 55, 95, -1, 519, 124, 15.5, 33, ABplapppp, 176, 27499, 44659, 1624, , 27499, 25000, 28326, 28336, 0, 
133, 1, 97, 69, -1, 270, 377, 16.2, 34, ABpraaaap, 247, 27414, 52416, 1912, , 27414, 25000, 27741, 27860, 0, 
134, 1, 158, 10, -1, 227, 371, 12.6, 32, ABpraaaaa, 154, 27908, 41415, 1484, , 27908, 25000, 27500, 27500, 0, 
135, 1, 74, 96, -1, 478, 363, 14.5, 36, ABprppapa, 251, 27810, 59402, 2136, , 27810, 25000, 28095, 28094, 0, 
136, 1, 46, 48, -1, 204, 155, 21.6, 34, ABplaapaa, 331, 26874, 47836, 1780, , 26874, 25000, 28003, 27961, 0, 
137, 1, 101, 13, -1, 509, 285, 16.2, 39, Eprp, 368, 27509, 72954, 2652, , 27509, 25000, 28615, 28637, 0, 
138, 1, 144, 106, -1, 377, 368, 24.3, 37, ABpraapap, 315, 27884, 66364, 2380, , 27884, 25000, 27873, 27950, 0, 
139, 1, 107, 160, -1, 436, 371, 20.7, 40, ABpraappp, 401, 27310, 83458, 3056, , 27310, 25000, 27773, 27749, 0, 
140, 1, 110, 140, -1, 596, 179, 16.9, 35, Cpapp, 351, 27183, 56215, 2068, , 27183, 25000, 27580, 27586, 0, 
141, 1, 164, 40, -1, 280, 320, 24.4, 36, ABarpapap, 359, 28005, 59146, 2112, , 28005, 25000, 27714, 27731, 0, 
142, 1, 48, 38, -1, 394, 293, 12.3, 37, MSpppa, 234, 27750, 66044, 2380, , 27750, 25000, 28491, 28497, 0, 
143, 1, 114, 146, -1, 369, 359, 13.6, 33, ABarapppp, 278, 27148, 44523, 1640, , 27148, 25000, 28496, 28496, 0, 
144, 1, 102, 57, -1, 462, 217, 26.4, 40, Caaaa, 398, 26915, 81928, 3044, , 26915, 25000, 27643, 27643, 0, 
145, 1, 24, 3, -1, 332, 330, 12.9, 35, MSppaa, 49, 27629, 57136, 2068, , 27629, 25000, 28332, 28394, 0, 
146, 1, 66, 80, -1, 206, 238, 21.2, 33, ABalapapa, 419, 27280, 47577, 1744, , 27280, 25000, 27968, 27978, 0, 
147, 1, 113, 103, -1, 413, 388, 9.4, 33, ABprpapap, 270, 28315, 46436, 1640, , 28315, 25000, 28301, 28317, 0, 
148, 1, 58, 134, -1, 423, 118, 12.2, 35, ABplpppaa, 191, 28153, 56643, 2012, , 28153, 25000, 28218, 28227, 0, 
149, 1, 115, 73, -1, 598, 247, 20.5, 37, Cpapa, 361, 27273, 66982, 2456, , 27273, 25000, 28291, 28292, 0, 
150, 1, 20, 17, -1, 401, 396, 21.1, 36, ABpraappa, 288, 27308, 62153, 2276, , 27308, 25000, 27519, 27498, 0, 
151, 1, 4, 53, -1, 230, 212, 6.3, 35, ABalpappa, 350, 34614, 70612, 2040, , 34614, 25000, 34786, 34990, 0, 
152, 1, 15, 145, -1, 431, 229, 17.5, 38, Epla, 380, 27212, 69446, 2552, , 27212, 25000, 28036, 28050, 0, 
153, 1, 93, 99, -1, 405, 294, 18.3, 38, Earp, 357, 27948, 69759, 2496, , 27948, 25000, 28375, 28421, 0, 
154, 1, 145, 97, -1, 395, 333, 25.6, 35, ABprapaaa, 357, 27310, 52763, 1932, , 27310, 25000, 28070, 28055, 0, 
155, 1, 79, 74, -1, 586, 288, 15.4, 33, ABprapppp, 219, 26949, 44196, 1640, , 26949, 25000, 28364, 28371, 0, 
156, 1, 112, 49, -1, 229, 380, 20.0, 34, ABpraaapa, -394, 27098, 53980, 1992, , 27098, 25000, 27185, 27184, 0, 
157, 1, 30, 144, -1, 318, 207, 14.6, 36, MSapap, -69, 27366, 57796, 2112, , 27366, 25000, 28313, 28356, 0, 
158, 1, 142, 114, -1, 195, 211, 7.5, 33, ABalpapap, 207, 30014, 48742, 1624, , 30014, 25000, 32752, 32732, 0, 
159, 1, 65, 93, -1, 362, 293, 25.7, 36, ABarpppaa, 363, 26800, 59388, 2216, , 26800, 25000, 27788, 27854, 0, 
160, 1, 116, 165, -1, 470, 190, 21.2, 36, ABarppapp, 310, 27321, 62292, 2280, , 27321, 25000, 27783, 27783, 0, 
161, 1, 91, 75, -1, 340, 326, 24.6, 37, ABarpappp, 356, 27511, 64046, 2328, , 27511, 25000, 28057, 28172, 0, 
162, 1, 57, 51, -1, 476, 114, 16.5, 32, ABplapppa, 245, 28040, 40153, 1432, , 28040, 25000, 27742, 27759, 0, 
163, 1, 122, 167, -1, 451, 283, 22.5, 37, ABarppppa, 374, 27241, 66904, 2456, , 27241, 25000, 27687, 27696, 0, 
164, 1, 146, 84, -1, 423, 281, 26.2, 37, ABarpppap, 323, 27306, 64771, 2372, , 27306, 25000, 27867, 27875, 0, 
165, 1, 82, 111, -1, 249, 137, 19.3, 34, ABplpaapa, 303, 27514, 51836, 1884, , 27514, 25000, 27958, 27979, 0, 
166, 1, 152, 9, -1, 569, 340, 17.4, 32, ABprapppa, 296, 27406, 40670, 1484, , 27406, 25000, 27304, 27332, 0, 
167, 0, 166, -1, -1, 88, 265, 14.9, 29, , 487, -559, 32750, 1208, , 27111, 25000, 27674, 27670, 0, 
168, 0, 162, -1, -1, 108, 182, 21.6, 32, , 182, 689, 40712, 1484, , 27434, 25000, 26730, 26745, 0, 
