1, 1, 94, 28, -1, 460, 268, 12.1, 35, Z2, 340, 26956, 55746, 2068, , 26956, 25000, 28941, 28941, 0, 
2, 1, 51, 157, -1, 290, 369, 19.8, 37, ABpraaapp, 323, 27610, 65492, 2372, , 27610, 25000, 28154, 28173, 0, 
3, 1, 28, 26, -1, 229, 167, 11.0, 35, ABalppapa, 270, 28033, 63130, 2252, , 28033, 25000, 28893, 28823, 0, 
4, 1, 151, 57, -1, 588, 245, 21.4, 38, Cpapa, 373, 27737, 71561, 2580, , 27737, 25000, 28456, 28438, 0, 
5, 1, 95, 150, -1, 265, 179, 10.4, 34, ABalppapp, 458, 27963, 49774, 1780, , 27963, 25000, 28812, 28818, 0, 
6, 1, 88, 93, -1, 448, 307, 17.3, 39, Epra, 86, 27984, 77349, 2764, , 27984, 25000, 28487, 28494, 0, 
7, 1, 147, 49, -1, 284, 138, 10.5, 31, ABplpapaa, 295, 27210, 33523, 1232, , 27210, 25000, 28760, 28809, 0, 
8, 1, 31, 67, -1, 261, 290, 20.4, 35, ABalapppa, 352, 27164, 52480, 1932, , 27164, 25000, 27775, 27763, 0, 
9, 1, 7, 147, -1, 348, 187, 12.3, 35, MSappa, -58, 27529, 56160, 2040, , 27529, 25000, 29025, 29035, 0, 
10, 1, 52, 2, -1, 159, 192, 11.0, 34, ABalpapaa, 230, 27790, 55358, 1992, , 27790, 25000, 28234, 28305, 0, 
11, 1, 143, 41, -1, 418, 400, 15.3, 35, ABprpaapp, 345, 27200, 55489, 2040, , 27200, 25000, 27539, 27544, 0, 
12, 1, 133, 118, -1, 299, 281, 7.5, 35, ABaraappp, 285, 31315, 62129, 1984, , 31315, 25000, 31827, 31894, 0, 
13, 1, 24, 142, -1, 310, 122, 16.4, 34, ABplpaapp, 243, 27759, 49411, 1780, , 27759, 25000, 28011, 28019, 0, 
14, 1, 60, 100, -1, 404, 222, 11.6, 34, Z3, 307, 27843, 49560, 1780, , 27843, 25000, 28494, 28501, 0, 
15, 1, 149, 48, -1, 399, 302, 17.8, 37, Earp, 379, 27367, 64915, 2372, , 27367, 25000, 28415, 28427, 0, 
16, 1, 26, 30, -1, 435, 375, 19.5, 38, ABpraappp, -27, 27623, 70494, 2552, , 27623, 25000, 27996, 27995, 0, 
17, 1, 122, 156, -1, 536, 176, 22.8, 37, Caaap, 345, 27742, 65804, 2372, , 27742, 25000, 28006, 28013, 0, 
18, 1, 14, 117, -1, 343, 371, 8.7, 32, ABarappap, 292, 27888, 44174, 1584, , 27888, 25000, 29656, 29732, 0, 
19, 1, 74, 152, -1, 146, 329, 15.0, 30, ABalaapaa, 194, 26659, 35936, 1348, , 26659, 25000, 27795, 27787, 0, 
20, 1, 9, 171, -1, 229, 379, 19.7, 33, ABpraaapa, 34, 26718, 46382, 1736, , 26718, 25000, 27177, 27184, 0, 
21, 1, 38, 124, -1, 232, 380, 13.3, 31, ABpraaaaa, 294, 27459, 37564, 1368, , 27459, 25000, 27426, 27421, 0, 
22, 1, 3, 89, -1, 444, 198, 8.4, 34, Daa, 43, 28143, 50095, 1780, , 28143, 25000, 30185, 30186, 0, 
23, 1, 175, 86, -1, 195, 158, 13.2, 30, ABalppaap, 202, 27945, 36888, 1320, , 27945, 25000, 28659, 28706, 0, 
24, 1, 115, 103, -1, 415, 343, 6.6, 32, ABprpappa, 304, 31708, 47055, 1484, , 31708, 25000, 32428, 32583, 0, 
25, 1, 165, 54, -1, 427, 152, 6.8, 34, ABplppppa, 264, 31279, 59806, 1912, , 31279, 25000, 33527, 33613, 0, 
26, 1, 146, 165, -1, 386, 308, 11.7, 36, MSpppa, 301, 27351, 60610, 2216, , 27351, 25000, 28444, 28462, 0, 
27, 1, 1, 87, -1, 606, 226, 15.0, 36, Cpppp, 220, 27147, 61135, 2252, , 27147, 25000, 27929, 27937, 0, 
28, 1, 62, 88, -1, 209, 337, 23.8, 36, ABarpapaa, 367, 28744, 65536, 2280, , 28744, 25000, 27770, 27771, 0, 
29, 1, 90, 36, -1, 568, 345, 17.2, 32, ABprapppa, 288, 28447, 45743, 1608, , 28447, 25000, 27584, 27558, 0, 
30, 1, 114, 52, -1, 363, 228, 9.0, 31, MSaapap, 270, 29372, 46407, 1580, , 29372, 25000, 28941, 28986, 0, 
31, 1, 32, 62, -1, 422, 343, 12.3, 36, MSpppp, 327, 28170, 62424, 2216, , 28170, 25000, 28044, 28038, 0, 
32, 1, 76, 5, -1, 265, 139, 14.9, 34, ABplpaaap, 278, 27394, 54130, 1976, , 27394, 25000, 28528, 28546, 0, 
33, 1, 55, 155, -1, 294, 399, 16.3, 34, ABprpaaaa, -290, 27742, 52265, 1884, , 27742, 25000, 27665, 27675, 0, 
34, 1, 130, 107, -1, 436, 291, 21.7, 35, ABarppppa, 308, 27308, 55709, 2040, , 27308, 25000, 27567, 27635, 0, 
35, 1, 22, 37, -1, 443, 285, 7.0, 37, MSpapp, 95, 29828, 76241, 2556, , 29828, 25000, 31221, 31353, 0, 
36, 1, 23, 139, -1, 579, 330, 12.2, 32, ABprpppap, 273, 26477, 42575, 1608, , 26477, 25000, 28313, 28324, 0, 
37, 1, 105, 101, -1, 492, 217, 10.3, 36, Dap, 103, 27898, 61821, 2216, , 27898, 25000, 29067, 29067, 0, 
38, 1, 85, 151, -1, 407, 271, 7.5, 32, MSpapap, 203, 29389, 42085, 1432, , 29389, 25000, 31195, 31266, 0, 
39, 1, 49, 22, -1, 428, 228, 17.5, 39, Epla, 381, 28208, 81239, 2880, , 28208, 25000, 28168, 28174, 0, 
40, 1, 171, 127, -1, 336, 298, 18.2, 41, Eara, 411, 27355, 86878, 3176, , 27355, 25000, 28187, 28233, 0, 
41, 1, 83, 159, -1, 469, 345, 6.9, 33, ABprpappp, 294, 31416, 54538, 1736, , 31416, 25000, 32609, 32655, 0, 
42, 1, 144, 53, -1, 180, 314, 10.2, 35, ABaraaapa, -102, 26899, 54120, 2012, , 26899, 25000, 28432, 28399, 0, 
43, 1, 19, 120, 176, 572, 255, 11.0, 38, Cppa, 262, 27634, 70633, 2556, , 27634, 25000, 28854, 28854, 0, 
44, 1, 141, 32, -1, 454, 198, 26.0, 39, Caaaa, 396, 27684, 79950, 2888, , 27684, 25000, 27927, 27927, 0, 
45, 1, 48, 23, -1, 354, 140, 19.5, 37, ABplaappp, 330, 27397, 67287, 2456, , 27397, 25000, 28239, 28265, 0, 
46, 1, 148, 174, -1, 585, 305, 16.4, 33, ABprapppp, 167, 27659, 45361, 1640, , 27659, 25000, 27591, 27579, 0, 
47, 1, 56, 33, -1, 483, 389, 20.2, 37, ABprappaa, 368, 26880, 63759, 2372, , 26880, 25000, 27577, 27575, 0, 
48, 1, 21, 63, -1, 209, 253, 22.5, 33, ABalapapa, 241, 28445, 46194, 1624, , 28445, 25000, 27776, 27765, 0, 
49, 0, 5, -1, -1, 89, 264, 17.4, 31, , 104, 2571, 39279, 1332, , 29489, 25000, 27002, 26918, 0, 
50, 1, 170, 79, -1, 496, 124, 18.5, 34, ABplapapp, -125, 26777, 45199, 1688, , 26777, 25000, 27551, 27598, 0, 
51, 1, 154, 75, -1, 399, 349, 25.6, 36, ABprapaaa, 303, 27773, 58657, 2112, , 27773, 25000, 27960, 28097, 0, 
52, 1, 107, 129, -1, 246, 207, 15.2, 36, MSapaa, 366, 27722, 63206, 2280, , 27722, 25000, 27994, 28015, 0, 
53, 1, 44, 137, -1, 379, 125, 14.3, 33, ABplppapa, -172, 27748, 48171, 1736, , 27748, 25000, 28370, 28397, 0, 
54, 1, 73, 95, -1, 528, 181, 9.0, 39, Capa, 111, 28113, 81190, 2888, , 28113, 25000, 30727, 30758, 0, 
55, 1, 139, 99, -1, 373, 374, 23.9, 37, ABpraapap, 342, 27099, 66339, 2448, , 27099, 25000, 27604, 27634, 0, 
56, 1, 109, 160, -1, 370, 337, 7.3, 35, ABarapapp, 340, 29587, 60358, 2040, , 29587, 25000, 31464, 31541, 0, 
57, 1, 163, 168, -1, 467, 175, 20.6, 37, ABarppapp, 334, 27418, 63830, 2328, , 27418, 25000, 28063, 28063, 0, 
58, 1, 72, 144, -1, 397, 394, 21.4, 34, ABpraappa, 287, 27600, 49128, 1780, , 27600, 25000, 27564, 27594, 0, 
59, 1, 68, 115, -1, 251, 325, 18.6, 34, ABalaappp, 340, 27785, 49458, 1780, , 27785, 25000, 27894, 27951, 0, 
60, 1, 131, 116, -1, 458, 348, 24.9, 36, ABprapaap, 307, 27500, 62589, 2276, , 27500, 25000, 27929, 27982, 0, 
61, 1, 10, 59, -1, 593, 187, 18.2, 35, Cpapp, 347, 26824, 53969, 2012, , 26824, 25000, 28019, 28020, 0, 
62, 1, 37, 131, -1, 345, 291, 7.5, 33, MSpapaa, -99, 29912, 48577, 1624, , 29912, 25000, 31308, 31374, 0, 
63, 1, 123, 111, -1, 577, 186, 13.0, 35, Cappp, 16, 27185, 61221, 2252, , 27185, 25000, 28825, 28828, 0, 
64, 1, 27, 175, -1, 410, 299, 24.7, 37, ABarpppap, 311, 26702, 63551, 2380, , 26702, 25000, 27851, 27790, 0, 
65, 1, 136, 167, -1, 495, 216, 17.4, 39, Eplp, 395, 27917, 78168, 2800, , 27917, 25000, 28387, 28387, 0, 
66, 1, 153, 14, -1, 550, 255, 25.4, 41, Cpaap, 406, 27823, 90259, 3244, , 27823, 25000, 28180, 28190, 0, 
67, 1, 6, 34, -1, 169, 300, 24.6, 34, ABarpaaaa, 197, 27602, 49132, 1780, , 27602, 25000, 27827, 27879, 0, 
68, 1, 157, 109, -1, 171, 275, 10.1, 30, ABaraaaap, 247, 28408, 38521, 1356, , 28408, 25000, 28272, 28381, 0, 
69, 1, 79, 11, -1, 529, 360, 18.6, 34, ABprappap, 307, 27249, 48504, 1780, , 27249, 25000, 28424, 28418, 0, 
70, 1, 120, 163, -1, 510, 283, 17.2, 39, Eprp, 377, 26670, 70730, 2652, , 26670, 25000, 28493, 28508, 0, 
71, 1, 108, 71, -1, 397, 118, 19.2, 34, ABplappaa, 155, 27180, 51969, 1912, , 27180, 25000, 27980, 28015, 0, 
72, 1, 124, 136, -1, 159, 190, 22.1, 35, ABplaaaaa, 310, 27532, 56936, 2068, , 27532, 25000, 27655, 27627, 0, 
73, 1, 145, 35, -1, 273, 258, 12.7, 36, MSaaap, 244, 27890, 61804, 2216, , 27890, 25000, 28519, 28519, 0, 
74, 1, 43, 132, -1, 336, 186, 6.6, 34, ABplpappa, 342, 32472, 57800, 1780, , 32472, 25000, 33707, 33836, 0, 
75, 1, 159, 74, -1, 176, 223, 23.2, 35, ABalapaap, 330, 27638, 55608, 2012, , 27638, 25000, 27843, 27922, 0, 
76, 1, 63, 170, -1, 550, 304, 7.5, 34, ABprppppp, 324, 29095, 49113, 1688, , 29095, 25000, 31620, 31618, 0, 
77, 1, 69, 94, -1, 517, 131, 21.6, 33, Caapa, 331, 26826, 43995, 1640, , 26826, 25000, 27658, 27715, 0, 
78, 1, 102, 73, -1, 517, 346, 7.7, 33, ABprppppa, 258, 28408, 49317, 1736, , 28408, 25000, 31536, 31677, 0, 
79, 1, 98, 15, -1, 532, 380, 13.8, 34, ABprpppaa, -269, 28107, 53740, 1912, , 28107, 25000, 28117, 28094, 0, 
80, 1, 92, 70, -1, 244, 130, 19.3, 34, ABplpaapa, 314, 27457, 51729, 1884, , 27457, 25000, 27898, 27892, 0, 
81, 1, 112, 68, -1, 484, 315, 10.2, 34, Dpa, 338, 28059, 53648, 1912, , 28059, 25000, 28702, 28671, 0, 
82, 1, 11, 97, -1, 187, 326, 17.2, 33, ABalaaapp, 141, 27850, 48570, 1744, , 27850, 25000, 28345, 28471, 0, 
83, 1, 96, 91, -1, 287, 181, 20.4, 36, ABalppppp, 358, 27039, 57106, 2112, , 27039, 25000, 28047, 28054, 0, 
84, 1, 2, 146, -1, 511, 156, 15.3, 35, Cappa, 298, 27706, 56521, 2040, , 27706, 25000, 28777, 28804, 0, 
85, 1, 13, 82, -1, 391, 197, 25.6, 37, ABarppaap, 378, 27839, 64809, 2328, , 27839, 25000, 27712, 27761, 0, 
86, 1, 30, 76, -1, 272, 324, 7.1, 33, ABarapaap, 275, 30261, 52533, 1736, , 30261, 25000, 32238, 32155, 0, 
87, 1, 89, 145, -1, 234, 194, 19.4, 33, ABalppppa, 309, 27465, 45042, 1640, , 27465, 25000, 28352, 28456, 0, 
88, 1, 100, 135, -1, 169, 302, 20.5, 32, ABalappaa, 254, 26955, 38600, 1432, , 26955, 25000, 28113, 28244, 0, 
89, 1, 35, 6, -1, 224, 322, 13.5, 33, MSpaaaa, 219, 27451, 44581, 1624, , 27451, 25000, 28313, 28355, 0, 
90, 1, 99, 61, -1, 314, 152, 8.1, 33, ABplpapap, 278, 29685, 51533, 1736, , 29685, 25000, 32002, 32074, 0, 
91, 1, 128, 178, -1, 169, 271, 21.1, 32, ABalapaaa, 258, 27496, 43333, 1576, , 27496, 25000, 27956, 28145, 0, 
92, 1, 91, 4, -1, 205, 167, 18.3, 35, ABalpppap, 301, 27543, 56188, 2040, , 27543, 25000, 27900, 27963, 0, 
93, 1, 106, 60, -1, 303, 216, 9.6, 34, MSaapaa, 336, 28156, 50117, 1780, , 28156, 25000, 29226, 29244, 0, 
94, 1, 140, 105, -1, 206, 217, 12.8, 34, ABalpaapp, 84, 27911, 53366, 1912, , 27911, 25000, 28411, 28441, 0, 
95, 1, 50, 69, -1, 558, 256, 17.1, 36, Cpppa, 324, 27361, 62274, 2276, , 27361, 25000, 28409, 28412, 0, 
96, 1, 15, 51, -1, 475, 380, 14.3, 34, ABprppapa, -112, 27326, 51483, 1884, , 27326, 25000, 28452, 28470, 0, 
97, 1, 46, 10, -1, 135, 198, 13.7, 32, ABalpaaap, 293, 26228, 41545, 1584, , 26228, 25000, 28045, 28102, 0, 
98, 1, 29, 104, -1, 331, 338, 12.6, 35, MSppaa, 342, 27528, 53185, 1932, , 27528, 25000, 28324, 28302, 0, 
99, 1, 155, 83, -1, 229, 228, 6.2, 34, ABalpappa, 320, 33765, 64559, 1912, , 33765, 25000, 34346, 34639, 0, 
100, 1, 111, 40, -1, 529, 117, 13.4, 34, ABplapppp, 281, 27642, 49202, 1780, , 27642, 25000, 27219, 27216, 0, 
101, 1, 135, 98, -1, 376, 345, 17.0, 35, MSppap, 352, 28294, 63718, 2252, , 28294, 25000, 28433, 28435, 0, 
102, 1, 47, 39, -1, 214, 259, 9.4, 33, ABaraapap, 310, 27923, 45793, 1640, , 27923, 25000, 29131, 29230, 0, 
103, 1, 67, 24, -1, 204, 303, 6.5, 33, ABarapaaa, -64, 33530, 54453, 1624, , 33530, 25000, 34074, 34188, 0, 
104, 1, 117, 66, -1, 513, 267, 10.3, 35, Dpp, 355, 27828, 56770, 2040, , 27828, 25000, 29215, 29219, 0, 
105, 1, 176, 50, -1, 346, 234, 26.2, 35, ABarppaaa, 356, 28559, 57460, 2012, , 28559, 25000, 28291, 28344, 0, 
106, 1, 59, 3, -1, 201, 207, 7.8, 32, ABalpapap, 298, 29352, 47198, 1608, , 29352, 25000, 31865, 31876, 0, 
107, 1, 82, 21, -1, 242, 279, 7.6, 31, ABaraappa, 22, 27648, 36827, 1332, , 27648, 25000, 31963, 32195, 0, 
108, 1, 77, 154, -1, 265, 356, 10.1, 31, ABarappaa, 295, 27195, 40249, 1480, , 27195, 25000, 28203, 28196, 0, 
109, 1, 25, 29, -1, 161, 244, 9.3, 33, ABaraapaa, 60, 27976, 48567, 1736, , 27976, 25000, 28948, 28890, 0, 
110, 1, 42, 46, -1, 497, 375, 9.8, 32, ABprppaap, 280, 27453, 44145, 1608, , 27453, 25000, 27871, 27902, 0, 
111, 1, 166, 85, -1, 137, 267, 20.0, 33, ABalaaaal, 161, 27368, 49481, 1808, , 27368, 25000, 27835, 27944, 0, 
112, 1, 119, 164, -1, 261, 327, 23.9, 35, ABarpapap, 313, 27739, 57365, 2068, , 27739, 25000, 28065, 28100, 0, 
113, 1, 127, 102, -1, 385, 163, 6.8, 33, ABplpappp, 200, 32485, 56653, 1744, , 32485, 25000, 33083, 33178, 0, 
114, 1, 78, 56, -1, 434, 118, 14.3, 33, ABplppapp, 156, 27595, 47905, 1736, , 27595, 25000, 28302, 28373, 0, 
115, 1, 36, 110, -1, 561, 149, 17.4, 34, Caapp, -268, 28185, 50169, 1780, , 28185, 25000, 27919, 27916, 0, 
116, 1, 125, 126, -1, 369, 222, 18.0, 38, Ealp, 383, 27831, 71135, 2556, , 27831, 25000, 28394, 28397, 0, 
117, 1, 169, 125, -1, 237, 275, 16.5, 33, MSaaaap, 280, 27612, 44842, 1624, , 27612, 25000, 28307, 28314, 0, 
118, 1, 121, 12, -1, 257, 217, 26.3, 37, ABplaaapa, 145, 27803, 66171, 2380, , 27803, 25000, 28153, 28221, 0, 
119, 1, 57, 166, -1, 282, 357, 25.8, 37, ABarpappa, 370, 27705, 65716, 2372, , 27705, 25000, 28223, 28247, 0, 
120, 1, 34, 113, -1, 479, 122, 10.7, 35, ABplpppap, 323, 27489, 56077, 2040, , 27489, 25000, 28413, 28413, 0, 
121, 1, 80, 17, -1, 397, 223, 6.5, 35, MSaapp, 393, 30934, 61374, 1984, , 30934, 25000, 31843, 31889, 0, 
122, 1, 158, 84, -1, 471, 283, 25.9, 40, Cpaaa, 407, 27758, 82942, 2988, , 27758, 25000, 27717, 27705, 0, 
123, 1, 12, 16, -1, 315, 189, 15.7, 37, MSapap, 369, 26564, 63223, 2380, , 26564, 25000, 28209, 28223, 0, 
124, 1, 33, 149, -1, 202, 358, 18.4, 33, ABalaappa, 131, 26629, 43671, 1640, , 26629, 25000, 27442, 27455, 0, 
125, 1, 129, 108, -1, 326, 384, 21.2, 37, ABpraapaa, 309, 27881, 66134, 2372, , 27881, 25000, 27835, 27859, 0, 
126, 1, 41, 140, -1, 403, 198, 21.8, 36, ABarppapa, 347, 26926, 61391, 2280, , 26926, 25000, 27834, 27695, 0, 
127, 1, 126, 65, -1, 266, 156, 24.6, 37, ABplaapap, 61, 27964, 65101, 2328, , 27964, 25000, 28078, 28102, 0, 
128, 1, 87, 45, -1, 217, 138, 15.8, 34, ABplpaaaa, 316, 27053, 51725, 1912, , 27053, 25000, 27572, 27555, 0, 
129, 1, 156, 162, -1, 203, 160, 22.3, 34, ABplaapaa, 77, 27444, 51704, 1884, , 27444, 25000, 28234, 28178, 0, 
130, 1, 174, 114, -1, 256, 226, 22.6, 36, ABalapapp, 349, 27188, 57420, 2112, , 27188, 25000, 27939, 27979, 0, 
131, 1, 16, 19, -1, 164, 181, 16.5, 32, ABalppaaa, 244, 27426, 39274, 1432, , 27426, 25000, 28076, 28104, 0, 
132, 1, 138, 179, -1, 202, 262, 26.8, 35, ABarpaaap, 340, 27698, 55728, 2012, , 27698, 25000, 27515, 27496, 0, 
133, 1, 137, 161, -1, 360, 376, 12.5, 32, ABarapppp, 81, 27099, 38806, 1432, , 27099, 25000, 28349, 28391, 0, 
134, 1, 118, 42, -1, 231, 343, 8.4, 33, ABaraaapp, 297, 27126, 44487, 1640, , 27126, 25000, 29227, 29315, 0, 
135, 1, 18, 31, -1, 364, 304, 24.7, 35, ABarpppaa, 314, 28879, 58914, 2040, , 28879, 25000, 28209, 28230, 0, 
136, 1, 45, 18, -1, 331, 288, 13.2, 36, MSpaap, 333, 27271, 62177, 2280, , 27271, 25000, 28272, 28296, 0, 
137, 1, 113, 38, -1, 368, 402, 18.3, 33, ABprpaapa, 202, 27195, 47211, 1736, , 27195, 25000, 27840, 27719, 0, 
138, 1, 172, 7, -1, 276, 225, 6.3, 36, ABalpappp, 330, 34687, 76867, 2216, , 34687, 25000, 32778, 32862, 0, 
139, 1, 164, 122, -1, 506, 260, 22.1, 37, ABarppppp, 372, 27895, 68287, 2448, , 27895, 25000, 27800, 27809, 0, 
140, 1, 101, 78, -1, 314, 273, 26.2, 37, ABarpaapp, 335, 27457, 65128, 2372, , 27457, 25000, 28097, 28116, 0, 
141, 1, 110, 44, -1, 296, 134, 21.4, 36, ABplaappa, -30, 27717, 58539, 2112, , 27717, 25000, 27966, 27977, 0, 
142, 1, 168, 25, -1, 561, 324, 21.7, 36, ABprapapp, 334, 27711, 61408, 2216, , 27711, 25000, 27447, 27447, 0, 
143, 1, 160, 130, -1, 284, 320, 13.8, 34, MSpaaap, 253, 27750, 53058, 1912, , 27750, 25000, 28155, 28159, 0, 
144, 1, 75, 8, -1, 311, 201, 25.8, 37, ABplaaapp, 375, 27930, 66249, 2372, , 27930, 25000, 28135, 28120, 0, 
145, 1, 173, 173, -1, 132, 310, 19.5, 34, ABalaaapa, 94, 27245, 45989, 1688, , 27245, 25000, 27479, 27495, 0, 
146, 1, 93, 72, -1, 472, 111, 15.2, 33, ABplapppa, 288, 27443, 47861, 1744, , 27443, 25000, 27519, 27597, 0, 
147, 1, 65, 172, -1, 297, 236, 19.0, 41, Eala, 283, 27605, 88888, 3220, , 27605, 25000, 28774, 28778, 0, 
148, 1, 64, 134, -1, 345, 401, 15.6, 33, ABprpaaap, 142, 27729, 45475, 1640, , 27729, 25000, 27885, 27990, 0, 
149, 1, 20, 143, -1, 242, 285, 25.5, 36, ABarpaapa, 361, 27780, 59338, 2136, , 27780, 25000, 28166, 28182, 0, 
150, 1, 8, 9, -1, 335, 329, 24.5, 36, ABarpappp, 332, 27969, 59741, 2136, , 27969, 25000, 28255, 28282, 0, 
151, 1, 97, 81, -1, 297, 378, 11.7, 33, ABarapppa, 275, 27442, 47639, 1736, , 27442, 25000, 28159, 28152, 0, 
152, 1, 40, 64, -1, 145, 238, 16.3, 36, ABalpaapa, 365, 27778, 61556, 2216, , 27778, 25000, 28610, 28622, 0, 
153, 1, 104, 77, -1, 382, 173, 15.5, 35, MSappp, 163, 27449, 54458, 1984, , 27449, 25000, 28220, 28217, 0, 
154, 1, 152, 119, -1, 337, 167, 25.4, 35, ABplapaaa, 320, 26587, 51367, 1932, , 26587, 25000, 28065, 27971, 0, 
155, 1, 66, 58, -1, 266, 373, 16.3, 34, ABpraaaap, 272, 27058, 50978, 1884, , 27058, 25000, 27754, 27874, 0, 
156, 1, 17, 141, -1, 194, 356, 13.7, 33, ABalaapap, 151, 26811, 46544, 1736, , 26811, 25000, 27507, 27506, 0, 
157, 1, 39, 90, -1, 382, 395, 10.5, 33, ABprpapaa, 312, 26897, 43681, 1624, , 26897, 25000, 28604, 28674, 0, 
158, 1, 116, 20, -1, 449, 118, 18.6, 35, ABplappap, -208, 26824, 51824, 1932, , 26824, 25000, 27704, 27784, 0, 
159, 1, 142, 96, -1, 484, 156, 6.3, 34, ABplppppp, 80, 35535, 66947, 1884, , 35535, 25000, 34584, 34584, 0, 
160, 1, 84, 47, -1, 128, 250, 12.4, 32, ABalpaaaa, 290, 26803, 39776, 1484, , 26803, 25000, 28064, 28085, 0, 
161, 1, 71, 128, -1, 531, 335, 12.8, 33, ABprppapp, 299, 27530, 48012, 1744, , 27530, 25000, 28766, 28785, 0, 
162, 1, 161, 169, -1, 452, 391, 10.6, 32, ABprppaaa, 245, 27212, 40383, 1484, , 27212, 25000, 28111, 28104, 0, 
163, 1, 132, 133, -1, 197, 239, 17.7, 33, ABalpppaa, 243, 27267, 47336, 1736, , 27267, 25000, 28366, 28366, 0, 
164, 1, 103, 106, -1, 170, 283, 14.9, 31, MSaaaaa, 178, 27904, 41298, 1480, , 27904, 25000, 28141, 28157, 0, 
165, 1, 134, 1, -1, 222, 295, 21.0, 34, ABalappap, -47, 27921, 55618, 1992, , 27921, 25000, 28092, 28138, 0, 
166, 1, 4, 153, -1, 500, 348, 24.1, 36, ABprapapa, 360, 27659, 62953, 2276, , 27659, 25000, 27934, 27972, 0, 
167, 1, 162, 138, -1, 306, 330, 6.1, 34, ABarapapa, 319, 34706, 68580, 1976, , 34706, 25000, 34047, 34308, 0, 
168, 1, 86, 121, -1, 332, 135, 12.6, 32, ABplppaaa, 242, 27478, 40778, 1484, , 27478, 25000, 28267, 28255, 0, 
169, 1, 177, 158, -1, 309, 299, 22.4, 35, ABalapppp, 345, 27990, 54076, 1932, , 27990, 25000, 27821, 27845, 0, 
170, 1, 58, 92, -1, 417, 121, 10.4, 33, ABplpppaa, 292, 27924, 45796, 1640, , 27924, 25000, 28183, 28235, 0, 
171, 1, 70, 148, -1, 213, 203, 26.5, 35, ABplaaaap, 321, 27711, 54978, 1984, , 27711, 25000, 28121, 28144, 0, 
172, 1, 54, 123, -1, 121, 291, 15.6, 31, ABalaaaar, 266, 27197, 36227, 1332, , 27197, 25000, 27425, 27459, 0, 
173, 1, 53, 80, -1, 379, 132, 10.5, 32, ABplppaap, 187, 26966, 38616, 1432, , 26966, 25000, 27991, 28033, 0, 
174, 1, 61, 43, -1, 427, 144, 23.6, 37, ABplapapa, 324, 27704, 64496, 2328, , 27704, 25000, 28017, 28079, 0, 
175, 1, 178, 27, -1, 130, 291, 13.3, 30, ABaraaaaa, -154, 26797, 35050, 1308, , 26797, 25000, 27791, 27760, 0, 
176, 1, 167, 55, -1, 384, 148, 24.3, 35, ABplapaap, 111, 26967, 55013, 2040, , 26967, 25000, 27584, 27617, 0, 
177, 1, 150, 112, -1, 413, 380, 8.5, 33, ABprpapap, 277, 27999, 45471, 1624, , 27999, 25000, 29431, 29609, 0, 
178, 0, 81, -1, -1, 88, 265, 14.8, 29, , 190, 1410, 31764, 1112, , 28565, 25000, 27158, 27155, 0, 
179, 0, 179, -1, -1, 106, 186, 21.5, 32, , 234, 298, 38633, 1432, , 26978, 25000, 26680, 26680, 0, 
