1, 1, 45, 44, -1, 225, 139, 15.5, 34, ABplpaaaa, 283, 27885, 47070, 1688, , 27885, 25000, 27831, 27860, 0, 
2, 1, 176, 76, -1, 587, 235, 11.8, 33, Cppap, 275, 27950, 48744, 1744, , 27950, 25000, 28304, 28310, 0, 
3, 1, 34, 115, -1, 162, 300, 25.2, 36, ABarpaaaa, 340, 27253, 62137, 2280, , 27253, 25000, 28158, 28154, 0, 
4, 1, 50, 108, -1, 350, 239, 26.5, 36, ABarppaaa, 345, 27098, 57881, 2136, , 27098, 25000, 27879, 27938, 0, 
5, 1, 166, 137, -1, 288, 345, 26.1, 35, ABarpappa, 333, 27991, 57885, 2068, , 27991, 25000, 28035, 28045, 0, 
6, 1, 137, 160, -1, 379, 121, 13.2, 32, ABplppapa, 306, 27334, 43953, 1608, , 27334, 25000, 28241, 28266, 0, 
7, 1, 87, 1, -1, 605, 226, 15.8, 35, Cpppp, 334, 27718, 55768, 2012, , 27718, 25000, 28169, 28151, 0, 
8, 1, 81, 164, -1, 293, 382, 11.3, 32, ABarapppa, -63, 27839, 44097, 1584, , 27839, 25000, 28025, 28001, 0, 
9, 1, 37, 146, -1, 439, 292, 7.4, 36, MSpapp, 152, 29010, 61270, 2112, , 29010, 25000, 30534, 30643, 0, 
10, 1, 31, 157, -1, 370, 312, 25.2, 37, ABarpppaa, 309, 27711, 65730, 2372, , 27711, 25000, 27993, 28029, 0, 
11, 1, 128, 63, -1, 530, 342, 13.4, 33, ABprppapp, 305, 28345, 46486, 1640, , 28345, 25000, 28579, 28580, 0, 
12, 1, 83, 24, -1, 236, 234, 6.3, 33, ABalpappa, 314, 32860, 57045, 1736, , 32860, 25000, 33215, 33329, 0, 
13, 1, 121, 92, -1, 333, 133, 12.5, 31, ABplppaaa, -158, 27955, 34441, 1232, , 27955, 25000, 27970, 27977, 0, 
14, 1, 92, 43, -1, 413, 120, 9.9, 32, ABplpppaa, 315, 27342, 43091, 1576, , 27342, 25000, 28360, 28418, 0, 
15, 0, 177, -1, -1, 89, 265, 15.3, 28, , 495, 1186, 30175, 1064, , 28360, 25000, 27234, 27174, 0, 
16, 1, 109, 154, -1, 175, 280, 8.9, 31, ABaraaaap, 273, 29056, 43003, 1480, , 29056, 25000, 29286, 29526, 0, 
17, 1, 125, 38, -1, 236, 276, 17.6, 34, MSaaaap, 338, 27674, 49260, 1780, , 27674, 25000, 28341, 28273, 0, 
18, 1, 64, 52, -1, 150, 236, 16.4, 35, ABalpaapa, 317, 27186, 52524, 1932, , 27186, 25000, 28725, 28747, 0, 
19, 1, 15, 41, -1, 527, 385, 13.0, 34, ABprpppaa, 276, 27102, 53987, 1992, , 27102, 25000, 28211, 28204, 0, 
20, 1, 122, 42, -1, 497, 269, 22.6, 37, ABarppppp, 367, 27312, 63582, 2328, , 27312, 25000, 27767, 27757, 0, 
21, 1, 149, 3, -1, 196, 354, 18.5, 31, ABalaappa, 106, 27858, 34321, 1232, , 27858, 25000, 27724, 27685, 0, 
22, 1, 114, 60, -1, 256, 229, 23.1, 35, ABalapapp, 339, 28121, 58154, 2068, , 28121, 25000, 27608, 27689, 0, 
23, 1, 108, 167, -1, 313, 379, 22.1, 37, ABpraapaa, 364, 27273, 66764, 2448, , 27273, 25000, 27550, 27562, 0, 
24, 1, 141, 10, -1, 190, 357, 14.4, 32, ABalaapap, 278, 26809, 39785, 1484, , 26809, 25000, 27941, 27994, 0, 
25, 1, 151, 21, -1, 406, 271, 7.4, 33, MSpapap, 239, 30714, 50371, 1640, , 30714, 25000, 30806, 31071, 0, 
26, 1, 26, 47, -1, 227, 170, 11.2, 33, ABalppapa, 113, 27838, 48550, 1744, , 27838, 25000, 28738, 28848, 0, 
27, 1, 65, 104, -1, 279, 162, 24.7, 36, ABplaapap, 365, 27191, 60256, 2216, , 27191, 25000, 28106, 28108, 0, 
28, 1, 17, 171, -1, 392, 230, 7.1, 35, MSaapp, 125, 30229, 62513, 2068, , 30229, 25000, 31342, 31427, 0, 
29, 1, 56, 86, -1, 427, 135, 13.5, 33, ABplppapp, 285, 26916, 43712, 1624, , 26916, 25000, 28479, 28477, 0, 
30, 1, 48, 13, -1, 394, 304, 17.1, 37, Earp, 334, 28299, 69275, 2448, , 28299, 25000, 28450, 28434, 0, 
31, 1, 118, 110, -1, 292, 287, 8.6, 34, ABaraappp, 286, 28535, 50792, 1780, , 28535, 25000, 30045, 30008, 0, 
32, 1, 42, 71, -1, 224, 342, 9.1, 33, ABaraaapp, 288, 27855, 48356, 1736, , 27855, 25000, 28491, 28518, 0, 
33, 1, 172, 40, -1, 291, 235, 19.4, 39, Eala, 392, 27733, 77652, 2800, , 27733, 25000, 28383, 28389, 0, 
34, 1, 77, 48, -1, 372, 170, 15.1, 36, MSappp, 357, 27673, 62983, 2276, , 27673, 25000, 28510, 28512, 0, 
35, 1, 76, 113, -1, 265, 321, 6.7, 32, ABarapaap, 305, 31967, 50635, 1584, , 31967, 25000, 32996, 33098, 0, 
36, 1, 89, 19, -1, 448, 203, 8.5, 34, Daa, 115, 28834, 48671, 1688, , 28834, 25000, 29944, 29962, 0, 
37, 1, 161, 7, -1, 348, 382, 11.4, 33, ABarapppp, 260, 27262, 44710, 1640, , 27262, 25000, 28333, 28433, 0, 
38, 1, 113, 93, -1, 469, 118, 10.5, 34, ABplpppap, 293, 27912, 47116, 1688, , 27912, 25000, 28074, 28079, 0, 
39, 1, 140, 159, -1, 410, 198, 22.4, 35, ABarppapa, 335, 26348, 50905, 1932, , 26348, 25000, 28102, 28089, 0, 
40, 1, 66, 168, -1, 522, 263, 12.3, 35, Dpp, 359, 27363, 55820, 2040, , 27363, 25000, 28881, 28889, 0, 
41, 1, 146, 149, -1, 513, 152, 15.2, 34, Cappa, 300, 27221, 52046, 1912, , 27221, 25000, 28411, 28416, 0, 
42, 1, 29, 55, -1, 164, 244, 9.4, 32, ABaraapaa, 367, 27428, 40703, 1484, , 27428, 25000, 29127, 29178, 0, 
43, 1, 2, 12, -1, 165, 193, 11.0, 32, ABalpapaa, 213, 28152, 48083, 1708, , 28152, 25000, 28748, 28840, 0, 
44, 1, 33, 136, -1, 481, 387, 20.4, 36, ABprappaa, 356, 27108, 57253, 2112, , 27108, 25000, 27865, 27869, 0, 
45, 1, 143, 70, -1, 246, 286, 25.7, 37, ABarpaapa, 358, 27418, 65255, 2380, , 27418, 25000, 27947, 27958, 0, 
46, 1, 148, 111, -1, 221, 209, 26.5, 36, ABplaaaap, 280, 27073, 57827, 2136, , 27073, 25000, 28188, 28201, 0, 
47, 1, 123, 57, -1, 118, 285, 15.4, 31, ABalaaaar, 158, 28026, 37331, 1332, , 28026, 25000, 27328, 27373, 0, 
48, 1, 105, 141, -1, 198, 206, 12.6, 33, ABalpaapp, 296, 26916, 44143, 1640, , 26916, 25000, 28647, 28712, 0, 
49, 1, 40, 112, -1, 517, 113, 13.3, 32, ABplapppp, 303, 28125, 44550, 1584, , 28125, 25000, 27125, 27123, 0, 
50, 1, 175, 54, -1, 404, 306, 23.4, 37, ABarpppap, 343, 27024, 62913, 2328, , 27024, 25000, 27999, 28141, 0, 
51, 1, 71, 145, -1, 395, 122, 18.4, 35, ABplappaa, -77, 27446, 53025, 1932, , 27446, 25000, 28412, 28459, 0, 
52, 1, 23, 4, -1, 356, 145, 19.9, 37, ABplaappp, 263, 27810, 68080, 2448, , 27810, 25000, 28063, 28125, 0, 
53, 1, 136, 61, -1, 181, 186, 23.7, 36, ABplaaaaa, 341, 26648, 59052, 2216, , 26648, 25000, 27777, 27815, 0, 
54, 1, 54, 124, -1, 425, 160, 6.7, 35, ABplppppa, 268, 32646, 66598, 2040, , 32646, 25000, 33020, 32741, 0, 
55, 1, 126, 75, -1, 366, 229, 17.3, 37, Ealp, 373, 27316, 65013, 2380, , 27316, 25000, 28453, 28441, 0, 
56, 1, 160, 17, -1, 361, 332, 7.0, 34, ABarapapp, 340, 31284, 62318, 1992, , 31284, 25000, 31720, 31864, 0, 
57, 1, 174, 117, -1, 585, 307, 15.6, 34, ABprapppp, 283, 26825, 47748, 1780, , 26825, 25000, 27567, 27568, 0, 
58, 1, 178, 150, -1, 176, 278, 20.6, 32, ABalapaaa, 146, 27018, 40094, 1484, , 27018, 25000, 28336, 28301, 0, 
59, 1, 75, 97, -1, 402, 361, 25.5, 35, ABprapaaa, -100, 27317, 54196, 1984, , 27317, 25000, 27982, 27985, 0, 
60, 1, 154, 16, -1, 265, 351, 9.6, 31, ABarappaa, 294, 27813, 37047, 1332, , 27813, 25000, 28680, 28608, 0, 
61, 1, 155, 181, -1, 287, 396, 15.6, 32, ABprpaaaa, 327, 27791, 41242, 1484, , 27791, 25000, 27767, 27861, 0, 
62, 1, 165, 30, -1, 378, 317, 11.4, 35, MSpppa, 338, 28546, 55151, 1932, , 28546, 25000, 28463, 28463, 0, 
63, 1, 133, 23, -1, 194, 233, 18.6, 32, ABalpppaa, 24, 28311, 42014, 1484, , 28311, 25000, 28327, 28386, 0, 
64, 1, 86, 66, -1, 198, 156, 14.0, 31, ABalppaap, 131, 27282, 43106, 1580, , 27282, 25000, 27703, 27741, 0, 
65, 1, 19, 152, -1, 160, 177, 17.3, 31, ABalppaaa, -32, 26440, 36170, 1368, , 26440, 25000, 27821, 27809, 0, 
66, 1, 150, 118, -1, 265, 186, 10.5, 34, ABalppapp, 342, 28433, 47995, 1688, , 28433, 25000, 28499, 28597, 0, 
67, 1, 98, 26, -1, 365, 349, 16.4, 35, MSppap, 347, 26553, 51301, 1932, , 26553, 25000, 27990, 27993, 0, 
68, 1, 80, 74, -1, 374, 132, 9.3, 33, ABplppaap, 316, 27338, 47458, 1736, , 27338, 25000, 28583, 28632, 0, 
69, 1, 107, 81, -1, 437, 307, 21.6, 35, ABarppppa, 335, 26934, 52037, 1932, , 26934, 25000, 27604, 27681, 0, 
70, 1, 131, 98, -1, 341, 290, 7.2, 35, MSpapaa, 305, 31500, 63378, 2012, , 31500, 25000, 31392, 31415, 0, 
71, 1, 119, 39, -1, 348, 173, 25.3, 36, ABplapaaa, 356, 27843, 61701, 2216, , 27843, 25000, 27921, 27933, 0, 
72, 1, 79, 82, -1, 489, 127, 18.4, 34, ABplapapp, 321, 27783, 49453, 1780, , 27783, 25000, 28050, 28080, 0, 
73, 1, 124, 90, -1, 220, 377, 12.6, 30, ABpraaaaa, -147, 26629, 30783, 1156, , 26629, 25000, 27418, 27420, 0, 
74, 1, 57, 158, -1, 584, 240, 22.1, 38, Cpapa, 364, 27601, 73198, 2652, , 27601, 25000, 28442, 28449, 0, 
75, 1, 49, 85, -1, 276, 147, 10.0, 32, ABplpapaa, 301, 26786, 45751, 1708, , 26786, 25000, 28639, 28755, 0, 
76, 1, 100, 59, -1, 407, 225, 11.8, 34, Z3, 344, 26999, 51623, 1912, , 26999, 25000, 28657, 28657, 0, 
77, 1, 90, 148, -1, 377, 389, 9.3, 33, ABprpapaa, 272, 27365, 47505, 1736, , 27365, 25000, 28471, 28547, 0, 
78, 1, 14, 94, -1, 538, 256, 25.3, 41, Cpaap, 410, 28005, 92754, 3312, , 28005, 25000, 28007, 28044, 0, 
79, 1, 11, 109, -1, 530, 364, 18.6, 34, ABprappap, 322, 27546, 49032, 1780, , 27546, 25000, 28145, 28131, 0, 
80, 1, 111, 169, -1, 581, 181, 13.7, 35, Cappp, -861, 27122, 55329, 2040, , 27122, 25000, 27877, 27887, 0, 
81, 1, 129, 143, -1, 236, 211, 15.7, 36, MSapaa, 358, 27387, 60689, 2216, , 27387, 25000, 28177, 28181, 0, 
82, 1, 171, 53, -1, 227, 381, 18.5, 33, ABpraaapa, 37, 26907, 43697, 1624, , 26907, 25000, 27525, 27477, 0, 
83, 1, 142, 64, -1, 314, 122, 16.2, 35, ABplpaapp, 297, 27530, 55391, 2012, , 27530, 25000, 28037, 28069, 0, 
84, 1, 159, 67, -1, 460, 344, 7.3, 32, ABprpappp, 315, 29118, 46123, 1584, , 29118, 25000, 31244, 31303, 0, 
85, 1, 157, 77, -1, 288, 365, 19.3, 36, ABpraaapp, 334, 26823, 59440, 2216, , 26823, 25000, 27524, 27592, 0, 
86, 1, 51, 105, -1, 476, 377, 14.6, 33, ABprppapa, 427, 27510, 45116, 1640, , 27510, 25000, 28374, 28373, 0, 
87, 1, 104, 50, -1, 315, 345, 13.5, 36, MSppaa, 372, 27446, 58625, 2136, , 27446, 25000, 27854, 27879, 0, 
88, 1, 102, 100, -1, 385, 176, 6.5, 34, ABplpappp, 320, 33364, 56318, 1688, , 33364, 25000, 33189, 33220, 0, 
89, 1, 18, 78, 175, 330, 287, 12.8, 36, MSpaap, 169, 27929, 63678, 2280, , 27929, 25000, 28134, 28131, 0, 
90, 1, 24, 89, -1, 206, 301, 6.6, 31, ABarapaaa, 113, 31803, 42361, 1332, , 31803, 25000, 34239, 34317, 0, 
91, 1, 28, 37, -1, 470, 268, 12.6, 34, Z2, 335, 26989, 48040, 1780, , 26989, 25000, 28410, 28425, 0, 
92, 1, 61, 84, -1, 316, 153, 8.6, 32, ABplpapap, 83, 27648, 41030, 1484, , 27648, 25000, 30466, 30624, 0, 
93, 1, 115, 140, -1, 239, 333, 19.3, 33, ABalaappp, 290, 28020, 48642, 1736, , 28020, 25000, 27808, 27784, 0, 
94, 1, 59, 88, -1, 592, 182, 18.3, 35, Cpapp, 310, 26669, 54404, 2040, , 26669, 25000, 28224, 28218, 0, 
95, 1, 147, 18, -1, 345, 194, 12.1, 35, MSappa, 340, 27779, 57446, 2068, , 27779, 25000, 28517, 28535, 0, 
96, 1, 5, 73, -1, 271, 138, 14.9, 33, ABplpaaap, 308, 27647, 47996, 1736, , 27647, 25000, 28311, 28264, 0, 
97, 1, 36, 156, -1, 566, 351, 16.7, 31, ABprapppa, 309, 28175, 38544, 1368, , 28175, 25000, 27740, 27735, 0, 
98, 1, 27, 128, -1, 134, 286, 12.3, 32, ABaraaaaa, 404, 26905, 42617, 1584, , 26905, 25000, 27395, 27442, 0, 
99, 1, 69, 120, -1, 570, 269, 17.4, 34, Cpppa, 312, 27653, 49222, 1780, , 27653, 25000, 28082, 28100, 0, 
100, 1, 72, 46, -1, 469, 117, 14.6, 32, ABplapppa, 67, 27255, 40446, 1484, , 27255, 25000, 28036, 28107, 0, 
101, 1, 38, 133, -1, 361, 404, 18.4, 34, ABprpaapa, 300, 28346, 50456, 1780, , 28346, 25000, 27761, 27786, 0, 
102, 1, 4, 31, -1, 206, 163, 18.5, 34, ABalpppap, 291, 27033, 45631, 1688, , 27033, 25000, 28472, 28483, 0, 
103, 1, 127, 126, -1, 330, 288, 18.4, 39, Eara, 399, 27655, 77433, 2800, , 27655, 25000, 28399, 28400, 0, 
104, 1, 30, 49, -1, 435, 376, 19.2, 37, ABpraappp, 343, 26916, 63845, 2372, , 26916, 25000, 27977, 27982, 0, 
105, 1, 101, 166, -1, 488, 213, 11.4, 37, Dap, 295, 27680, 64439, 2328, , 27680, 25000, 28975, 28987, 0, 
106, 1, 173, 79, -1, 130, 300, 19.3, 33, ABalaaapa, 268, 26764, 46462, 1736, , 26764, 25000, 27442, 27438, 0, 
107, 1, 170, 69, -1, 537, 320, 7.8, 34, ABprppppp, 337, 28603, 54688, 1912, , 28603, 25000, 30894, 31076, 0, 
108, 1, 116, 11, -1, 461, 358, 24.5, 36, ABprapaap, 320, 26706, 57043, 2136, , 26706, 25000, 27468, 27446, 0, 
109, 1, 95, 138, -1, 507, 171, 8.2, 31, Capaa, 224, 28459, 41664, 1464, , 28459, 25000, 31264, 31263, 0, 
110, 1, 25, 121, -1, 563, 325, 21.5, 36, ABprapapp, 361, 27147, 57985, 2136, , 27147, 25000, 27586, 27586, 0, 
111, 1, 138, 65, -1, 301, 321, 6.4, 31, ABarapapa, 314, 32024, 42656, 1332, , 32024, 25000, 32943, 33064, 0, 
112, 1, 22, 178, -1, 425, 230, 17.4, 40, Epla, 401, 26920, 81946, 3044, , 26920, 25000, 28505, 28503, 0, 
113, 1, 112, 32, -1, 411, 384, 9.3, 32, ABprpapap, 276, 27974, 44311, 1584, , 27974, 25000, 28743, 28789, 0, 
114, 1, 3, 80, -1, 208, 204, 7.7, 32, ABalpapap, 323, 29137, 46153, 1584, , 29137, 25000, 32651, 32653, 0, 
115, 1, 168, 147, -1, 465, 173, 21.2, 36, ABarppapp, 359, 27528, 62763, 2280, , 27528, 25000, 27749, 27752, 0, 
116, 1, 47, 22, -1, 127, 243, 12.4, 31, ABalpaaaa, 402, 28215, 37582, 1332, , 28215, 25000, 27847, 27856, 0, 
117, 1, 167, 139, -1, 491, 222, 17.7, 39, Eplp, 375, 28090, 77641, 2764, , 28090, 25000, 28578, 28578, 0, 
118, 1, 68, 56, -1, 490, 305, 10.3, 34, Dpa, 309, 27545, 51895, 1884, , 27545, 25000, 28642, 28641, 0, 
119, 1, 103, 123, -1, 413, 348, 6.6, 33, ABprpappa, -166, 32091, 52630, 1640, , 32091, 25000, 33095, 33088, 0, 
120, 1, 145, 103, -1, 239, 185, 19.8, 33, ABalppppa, 316, 27620, 48170, 1744, , 27620, 25000, 28091, 28103, 0, 
121, 1, 73, 25, -1, 504, 348, 7.6, 32, ABprppppa, 285, 28150, 41774, 1484, , 28150, 25000, 31641, 31771, 0, 
122, 1, 84, 142, -1, 465, 275, 26.6, 43, Cpaaa, 439, 27825, 106401, 3824, , 27825, 25000, 28012, 28031, 0, 
123, 1, 55, 5, -1, 385, 148, 24.3, 34, ABplapaap, 77, 27507, 51823, 1884, , 27507, 25000, 27875, 27878, 0, 
124, 1, 35, 174, -1, 309, 241, 13.3, 30, MSaaapp, 230, 27536, 36017, 1308, , 27536, 25000, 28346, 28371, 0, 
125, 1, 106, 34, -1, 173, 285, 15.2, 34, MSaaaaa, 296, 26840, 51318, 1912, , 26840, 25000, 28454, 28446, 0, 
126, 1, 46, 91, -1, 489, 380, 10.3, 32, ABprppaap, 257, 26898, 42606, 1584, , 26898, 25000, 28036, 28042, 0, 
127, 1, 144, 101, -1, 397, 387, 21.3, 34, ABpraappa, 312, 28412, 53529, 1884, , 28412, 25000, 28030, 27960, 0, 
128, 1, 139, 33, -1, 571, 339, 12.3, 32, ABprpppap, 289, 26557, 42067, 1584, , 26557, 25000, 28203, 28163, 0, 
129, 1, 163, 119, -1, 515, 289, 17.9, 39, Eprp, 390, 27858, 76664, 2752, , 27858, 25000, 28608, 28593, 0, 
130, 1, 53, 96, -1, 179, 315, 10.0, 35, ABaraaapa, 280, 27372, 61642, 2252, , 27372, 25000, 28749, 28794, 0, 
131, 1, 1, 153, -1, 210, 302, 20.8, 33, ABalappap, 286, 28149, 49091, 1744, , 28149, 25000, 27875, 27920, 0, 
132, 1, 164, 28, -1, 255, 346, 24.5, 34, ABarpapap, 304, 27412, 46272, 1688, , 27412, 25000, 27995, 28045, 0, 
133, 1, 152, 144, -1, 142, 321, 14.9, 33, ABalaapaa, 277, 27756, 48184, 1736, , 27756, 25000, 27654, 27658, 0, 
134, 1, 10, 162, -1, 139, 199, 13.7, 33, ABalpaaap, 446, 28028, 48656, 1736, , 28028, 25000, 27721, 27748, 0, 
135, 1, 39, 135, -1, 214, 257, 9.2, 32, ABaraapap, 270, 27732, 44593, 1608, , 27732, 25000, 29118, 29141, 0, 
136, 1, 9, 2, -1, 338, 335, 24.0, 35, ABarpappp, 315, 27912, 62857, 2252, , 27912, 25000, 27987, 28056, 0, 
137, 1, 41, 131, -1, 406, 401, 15.6, 33, ABprpaapp, 324, 27738, 45490, 1640, , 27738, 25000, 27866, 27866, 0, 
138, 1, 110, 68, -1, 557, 145, 17.9, 35, Caapp, 13, 27612, 57102, 2068, , 27612, 25000, 27793, 27805, 0, 
139, 1, 97, 72, -1, 160, 336, 17.5, 32, ABalaaapp, 287, 27559, 39464, 1432, , 27559, 25000, 27728, 27810, 0, 
140, 1, 21, 27, -1, 244, 281, 8.4, 33, ABaraappa, 336, 29089, 47706, 1640, , 29089, 25000, 30020, 30051, 0, 
141, 1, 60, 29, -1, 298, 225, 9.5, 34, MSaapaa, 338, 28270, 47720, 1688, , 28270, 25000, 28836, 28805, 0, 
142, 1, 8, 180, -1, 317, 204, 25.5, 36, ABplaaapp, 318, 28164, 60159, 2136, , 28164, 25000, 27738, 27726, 0, 
143, 1, 35, 132, -1, 252, 251, 13.4, 31, MSaaapa, 228, 28839, 38414, 1332, , 28839, 25000, 28423, 28429, 0, 
144, 1, 134, 129, -1, 334, 401, 15.9, 33, ABprpaaap, 307, 27357, 47491, 1736, , 27357, 25000, 27533, 27563, 0, 
145, 1, 63, 161, -1, 204, 249, 23.4, 33, ABalapapa, 321, 27299, 44770, 1640, , 27299, 25000, 27944, 27998, 0, 
146, 1, 70, 172, -1, 257, 131, 19.2, 33, ABplpaapa, 289, 28783, 50198, 1744, , 28783, 25000, 28576, 28577, 0, 
147, 1, 62, 8, -1, 422, 349, 12.7, 35, MSpppp, 357, 27060, 55202, 2040, , 27060, 25000, 28343, 28343, 0, 
148, 1, 156, 170, -1, 537, 179, 22.3, 36, Caaap, 343, 26958, 59740, 2216, , 26958, 25000, 28150, 28148, 0, 
149, 1, 169, 127, -1, 446, 394, 11.5, 32, ABprppaaa, 252, 28846, 41307, 1432, , 28846, 25000, 27701, 27696, 0, 
150, 1, 91, 163, -1, 291, 182, 20.6, 35, ABalppppp, -61, 27380, 52898, 1932, , 27380, 25000, 28171, 28162, 0, 
151, 1, 20, 130, -1, 441, 119, 17.5, 33, ABplappap, 190, 27700, 44985, 1624, , 27700, 25000, 28046, 28075, 0, 
152, 1, 162, 107, -1, 222, 152, 22.5, 33, ABplaapaa, 338, 27889, 45292, 1624, , 27889, 25000, 28020, 28027, 0, 
153, 1, 179, 20, -1, 199, 263, 26.8, 36, ABarpaaap, -144, 27820, 63430, 2280, , 27820, 25000, 27610, 27615, 0, 
154, 1, 16, 106, -1, 303, 183, 15.8, 36, MSapap, 358, 27911, 63636, 2280, , 27911, 25000, 28466, 28466, 0, 
155, 1, 7, 125, -1, 280, 232, 6.2, 35, ABalpappp, 313, 33591, 67586, 2012, , 33591, 25000, 33139, 33278, 0, 
156, 1, 58, 83, -1, 259, 368, 15.7, 34, ABpraaaap, 310, 27401, 51624, 1884, , 27401, 25000, 27792, 27842, 0, 
157, 1, 158, 176, -1, 294, 311, 22.0, 35, ABalapppp, 337, 27897, 62824, 2252, , 27897, 25000, 27748, 27761, 0, 
158, 1, 94, 165, -1, 517, 133, 21.8, 33, Caapa, 291, 27179, 47401, 1744, , 27179, 25000, 28091, 28113, 0, 
159, 1, 93, 116, -1, 449, 307, 17.3, 39, Epra, -128, 27973, 77318, 2764, , 27973, 25000, 28290, 28239, 0, 
160, 1, 120, 36, -1, 554, 283, 9.2, 34, Cppaa, 277, 28085, 53698, 1912, , 28085, 25000, 29478, 29499, 0, 
161, 1, 67, 173, -1, 250, 295, 21.0, 35, ABalapppa, 345, 27193, 61239, 2252, , 27193, 25000, 27859, 27866, 0, 
162, 1, 32, 151, -1, 457, 196, 26.0, 40, Caaaa, 402, 27808, 85872, 3088, , 27808, 25000, 27763, 27769, 0, 
163, 1, 44, 95, -1, 308, 136, 21.2, 35, ABplaappa, 335, 26807, 53936, 2012, , 26807, 25000, 28123, 28154, 0, 
164, 1, 78, 179, -1, 323, 277, 24.9, 36, ABarpaapp, 299, 27461, 62501, 2276, , 27461, 25000, 27873, 27890, 0, 
165, 1, 52, 182, -1, 356, 229, 9.5, 33, MSaapap, 250, 28845, 46844, 1624, , 28845, 25000, 29253, 29302, 0, 
166, 1, 12, 177, -1, 265, 228, 26.5, 35, ABplaaapa, 307, 27016, 53599, 1984, , 27016, 25000, 27786, 27846, 0, 
167, 1, 130, 99, -1, 276, 314, 14.5, 35, MSpaaap, 344, 27134, 53833, 1984, , 27134, 25000, 28167, 28181, 0, 
168, 1, 132, 51, -1, 336, 184, 6.7, 35, ABplpappa, 507, 32334, 65962, 2040, , 32334, 25000, 33758, 33927, 0, 
169, 1, 82, 14, -1, 396, 206, 26.2, 38, ABarppaap, 347, 28037, 74354, 2652, , 28037, 25000, 27853, 27875, 0, 
170, 1, 6, 155, -1, 216, 318, 14.2, 35, MSpaaaa, 334, 27933, 56202, 2012, , 27933, 25000, 28409, 28438, 0, 
171, 1, 95, 122, -1, 555, 191, 10.7, 31, Capap, 208, 27020, 36963, 1368, , 27020, 25000, 29101, 29103, 0, 
172, 1, 99, 87, -1, 366, 376, 22.6, 34, ABpraapap, 291, 27813, 49507, 1780, , 27813, 25000, 27941, 27848, 0, 
173, 1, 43, 102, -1, 428, 140, 23.0, 36, ABplapapa, 318, 27529, 61995, 2252, , 27529, 25000, 27754, 27782, 0, 
174, 1, 117, 45, -1, 333, 364, 8.3, 33, ABarappap, 306, 28214, 48979, 1736, , 28214, 25000, 30271, 30440, 0, 
175, 1, 135, 134, -1, 165, 322, 20.7, 31, ABalappaa, 113, 27791, 38018, 1368, , 27791, 25000, 27639, 27701, 0, 
176, 1, 96, 9, -1, 470, 151, 6.3, 35, ABplppppp, 277, 34189, 69746, 2040, , 34189, 25000, 34664, 34709, 0, 
177, 1, 85, 58, -1, 135, 258, 20.8, 33, ABalaaaal, 334, 28244, 49258, 1744, , 28244, 25000, 27940, 27914, 0, 
178, 1, 153, 62, -1, 502, 348, 24.1, 36, ABprapapa, 365, 27461, 62501, 2276, , 27461, 25000, 27457, 27492, 0, 
179, 1, 88, 15, -1, 207, 327, 25.3, 33, ABarpapaa, 338, 27592, 47899, 1736, , 27592, 25000, 28352, 28356, 0, 
180, 1, 74, 35, -1, 176, 224, 22.4, 34, ABalapaap, 266, 27583, 49098, 1780, , 27583, 25000, 28205, 28350, 0, 
181, 0, 180, -1, -1, 117, 181, 22.4, 33, , -247, 679, 45248, 1640, , 27590, 25000, 26911, 26911, 0, 
182, 0, 13, -1, -1, 90, 265, 17.5, 32, , 446, 659, 40409, 1432, , 28219, 25000, 27630, 27560, 0, 
