1, 1, 7, 83, -1, 600, 225, 15.7, 35, Cpppp, 612, 27555, 56212, 2040, , 27555, 25000, 28060, 28103, 0, 
2, 1, 136, 70, -1, 337, 335, 23.7, 35, ABarpappp, 321, 28196, 57520, 2040, , 28196, 25000, 28246, 28314, 0, 
3, 1, 21, 102, -1, 194, 349, 18.9, 31, ABalaappa, 105, 27888, 41274, 1480, , 27888, 25000, 27854, 27912, 0, 
4, 1, 52, 134, -1, 353, 143, 19.6, 37, ABplaappp, 348, 27636, 64337, 2328, , 27636, 25000, 28227, 28267, 0, 
5, 1, 123, 133, -1, 385, 145, 24.2, 33, ABplapaap, 324, 27229, 47487, 1744, , 27229, 25000, 27969, 27958, 0, 
6, 0, 15, -1, -1, 87, 264, 14.9, 29, , 489, 1306, 34095, 1208, , 28224, 25000, 26945, 26918, 0, 
7, 1, 37, 91, -1, 344, 380, 11.1, 32, ABarapppp, 118, 27388, 43163, 1576, , 27388, 25000, 28319, 28398, 0, 
8, 1, 147, 55, -1, 427, 341, 12.8, 36, MSpppp, 341, 27171, 61951, 2280, , 27171, 25000, 28173, 28173, 0, 
9, 1, 176, 177, -1, 463, 153, 6.3, 34, ABplppppp, 268, 34805, 65573, 1884, , 34805, 25000, 34796, 34973, 0, 
10, 1, 24, 123, -1, 186, 353, 14.5, 32, ABalaapap, 308, 27020, 38692, 1432, , 27020, 25000, 27669, 27673, 0, 
11, 1, 108, 53, -1, 458, 359, 24.4, 34, ABprapaap, 333, 28323, 50415, 1780, , 28323, 25000, 27708, 27720, 0, 
12, 1, 43, 21, -1, 159, 194, 10.8, 34, ABalpapaa, 294, 27865, 53277, 1912, , 27865, 25000, 28284, 28258, 0, 
13, 1, 30, 166, -1, 395, 301, 16.6, 38, Earp, 253, 28214, 72791, 2580, , 28214, 25000, 28849, 28859, 0, 
14, 1, 169, 11, -1, 394, 200, 25.6, 37, ABarppaap, 370, 27169, 63250, 2328, , 27169, 25000, 27813, 27866, 0, 
15, 1, 179, 111, -1, 213, 322, 25.4, 35, ABarpapaa, 335, 27855, 53815, 1932, , 27855, 25000, 28569, 28556, 0, 
16, 1, 60, 31, -1, 262, 350, 9.7, 31, ABarappaa, 290, 28240, 38632, 1368, , 28240, 25000, 28625, 28694, 0, 
17, 1, 56, 18, -1, 358, 330, 6.6, 33, ABarapapp, 299, 31981, 52449, 1640, , 31981, 25000, 32964, 33143, 0, 
18, 1, 95, 157, -1, 340, 192, 12.2, 35, MSappa, 341, 26770, 53862, 2012, , 26770, 25000, 28316, 28369, 0, 
19, 1, 36, 49, -1, 439, 202, 8.7, 35, Daa, 153, 27305, 55703, 2040, , 27305, 25000, 30284, 30299, 0, 
20, 1, 153, 89, -1, 202, 260, 26.8, 35, ABarpaaap, 205, 27677, 55687, 2012, , 27677, 25000, 27845, 27891, 0, 
21, 1, 25, 181, -1, 399, 267, 7.6, 33, MSpapap, 241, 29243, 47958, 1640, , 29243, 25000, 31493, 31706, 0, 
22, 1, 116, 7, -1, 129, 245, 12.3, 31, ABalpaaaa, 288, 27343, 37405, 1368, , 27343, 25000, 28176, 28217, 0, 
23, 1, 63, 172, -1, 192, 229, 18.5, 33, ABalpppaa, -165, 28125, 45675, 1624, , 28125, 25000, 28301, 28325, 0, 
24, 1, 12, 39, -1, 233, 237, 6.2, 33, ABalpappa, 308, 34115, 59496, 1744, , 34115, 25000, 33158, 33191, 0, 
25, 1, 121, 8, -1, 503, 345, 7.6, 32, ABprppppa, 121, 28754, 42671, 1484, , 28754, 25000, 31906, 31952, 0, 
26, 1, 67, 84, -1, 364, 348, 16.3, 36, MSppap, 315, 27454, 60837, 2216, , 27454, 25000, 27888, 27889, 0, 
27, 1, 140, 54, -1, 242, 278, 8.4, 33, ABaraappa, 68, 27945, 45829, 1640, , 27945, 25000, 30018, 30174, 0, 
28, 1, 132, 178, -1, 252, 349, 24.7, 36, ABarpapap, 397, 28420, 62978, 2216, , 28420, 25000, 28138, 28123, 0, 
29, 1, 141, 23, -1, 288, 221, 10.1, 34, MSaapaa, 306, 28803, 56914, 1976, , 28803, 25000, 29062, 29100, 0, 
30, 1, 62, 171, -1, 373, 322, 11.4, 36, MSpppa, 30, 27755, 58618, 2112, , 27755, 25000, 28290, 28302, 0, 
31, 1, 102, 168, -1, 208, 163, 18.4, 33, ABalpppap, 136, 27020, 44313, 1640, , 27020, 25000, 28157, 28224, 0, 
32, 1, 113, 42, -1, 410, 388, 9.6, 32, ABprpapap, 129, 27513, 40830, 1484, , 27513, 25000, 28221, 28343, 0, 
33, 1, 128, 41, -1, 568, 339, 12.5, 31, ABprpppap, 298, 27563, 33957, 1232, , 27563, 25000, 28392, 28431, 0, 
34, 1, 125, 22, -1, 173, 286, 15.4, 34, MSaaaaa, 330, 27630, 49182, 1780, , 27630, 25000, 28252, 28260, 0, 
35, 1, 180, 96, -1, 175, 213, 22.5, 33, ABalapaap, 565, 28257, 45890, 1624, , 28257, 25000, 27783, 27835, 0, 
36, 1, 160, 79, -1, 548, 280, 8.3, 34, Cppaa, -58, 27906, 52574, 1884, , 27906, 25000, 30699, 30742, 0, 
37, 1, 91, 30, -1, 465, 264, 12.6, 34, Z2, 347, 27825, 49528, 1780, , 27825, 25000, 28315, 28315, 0, 
38, 1, 17, 165, -1, 230, 277, 17.7, 34, MSaaaap, 349, 27855, 52478, 1884, , 27855, 25000, 27699, 27692, 0, 
39, 1, 71, 169, -1, 345, 165, 24.9, 37, ABplapaaa, 399, 27839, 68149, 2448, , 27839, 25000, 27681, 27710, 0, 
40, 1, 33, 90, -1, 290, 236, 19.5, 39, Eala, 162, 27113, 78086, 2880, , 27113, 25000, 28373, 28375, 0, 
41, 1, 19, 155, -1, 524, 383, 12.6, 33, ABprpppaa, 280, 27862, 45693, 1640, , 27862, 25000, 28057, 28051, 0, 
42, 1, 20, 167, -1, 492, 265, 22.6, 37, ABarppppp, 336, 27250, 63438, 2328, , 27250, 25000, 27520, 27551, 0, 
43, 1, 14, 26, -1, 410, 119, 9.8, 33, ABplpppaa, 311, 27585, 48109, 1744, , 27585, 25000, 28514, 28522, 0, 
44, 1, 1, 107, -1, 216, 141, 15.0, 33, ABplpaaaa, 285, 27811, 50282, 1808, , 27811, 25000, 27999, 28039, 0, 
45, 1, 174, 51, -1, 330, 362, 7.8, 33, ABarappap, 7, 27942, 48731, 1744, , 27942, 25000, 31317, 31400, 0, 
46, 1, 100, 5, -1, 473, 117, 14.4, 33, ABplapppa, 70, 27048, 44359, 1640, , 27048, 25000, 27827, 27852, 0, 
47, 1, 26, 77, -1, 220, 175, 11.4, 33, ABalppapa, 280, 27387, 44914, 1640, , 27387, 25000, 28715, 28704, 0, 
48, 1, 34, 108, -1, 366, 172, 15.3, 36, MSappp, 366, 27877, 61775, 2216, , 27877, 25000, 28094, 28127, 0, 
49, 1, 104, 151, -1, 434, 374, 18.9, 38, ABpraappp, 359, 27402, 72669, 2652, , 27402, 25000, 28050, 28125, 0, 
50, 1, 87, 142, -1, 313, 344, 13.4, 36, MSppaa, 304, 26944, 56905, 2112, , 26944, 25000, 28367, 28364, 0, 
51, 1, 168, 120, -1, 327, 181, 6.8, 34, ABplpappa, 335, 33346, 63757, 1912, , 33346, 25000, 34229, 34323, 0, 
52, 1, 18, 101, -1, 150, 236, 16.3, 35, ABalpaapa, 307, 26927, 54932, 2040, , 26927, 25000, 28676, 28705, 0, 
53, 1, 82, 64, -1, 231, 380, 19.0, 34, ABpraaapa, 328, 26954, 53692, 1992, , 26954, 25000, 27339, 27343, 0, 
54, 1, 50, 43, -1, 401, 312, 23.4, 37, ABarpppap, 298, 28121, 65465, 2328, , 28121, 25000, 27774, 27873, 0, 
55, 1, 42, 32, -1, 161, 246, 9.6, 32, ABaraapaa, 57, 27866, 41353, 1484, , 27866, 25000, 29107, 29218, 0, 
56, 1, 118, 125, -1, 489, 301, 9.6, 34, Dpa, 280, 27178, 48376, 1780, , 27178, 25000, 28857, 28852, 0, 
57, 1, 47, 147, -1, 117, 286, 15.4, 31, ABalaaaar, 283, 27393, 36487, 1332, , 27393, 25000, 27775, 27735, 0, 
58, 1, 177, 73, -1, 128, 261, 20.7, 33, ABalaaaal, 324, 27649, 47998, 1736, , 27649, 25000, 27895, 27923, 0, 
59, 1, 76, 87, -1, 402, 225, 12.4, 34, Z3, 312, 27708, 49320, 1780, , 27708, 25000, 28889, 28889, 0, 
60, 1, 22, 144, -1, 250, 233, 22.8, 36, ABalapapp, 357, 27708, 63174, 2280, , 27708, 25000, 27866, 27866, 0, 
61, 1, 53, 36, -1, 186, 180, 24.3, 35, ABplaaaaa, 256, 27977, 57073, 2040, , 27977, 25000, 27849, 27847, 0, 
62, 1, 178, 158, -1, 505, 346, 23.5, 36, ABprapapa, 344, 27895, 59583, 2136, , 27895, 25000, 27370, 27372, 0, 
63, 1, 11, 15, -1, 527, 342, 13.4, 33, ABprppapp, -192, 27179, 44574, 1640, , 27179, 25000, 28406, 28389, 0, 
64, 1, 83, 106, -1, 308, 125, 15.8, 33, ABplpaapp, 326, 27465, 47899, 1744, , 27465, 25000, 28234, 28258, 0, 
65, 1, 111, 117, -1, 301, 318, 6.2, 33, ABarapapa, 294, 34128, 59520, 1744, , 34128, 25000, 32972, 33042, 0, 
66, 1, 64, 16, -1, 187, 153, 13.8, 29, ABalppaap, 296, 27094, 30129, 1112, , 27094, 25000, 27898, 27922, 0, 
67, 1, 84, 137, -1, 455, 340, 7.4, 33, ABprpappp, 278, 29056, 47652, 1640, , 29056, 25000, 31398, 31466, 0, 
68, 1, 138, 138, -1, 555, 144, 17.5, 35, Caapp, 329, 27189, 53942, 1984, , 27189, 25000, 27832, 27827, 0, 
69, 1, 107, 131, -1, 540, 322, 8.2, 33, ABprppppp, 273, 28746, 50133, 1744, , 28746, 25000, 30077, 30178, 0, 
70, 1, 45, 37, -1, 249, 282, 25.8, 38, ABarpaapa, 385, 28495, 75569, 2652, , 28495, 25000, 27990, 28035, 0, 
71, 1, 32, 38, -1, 222, 339, 9.5, 32, ABaraaapp, 269, 27045, 38728, 1432, , 27045, 25000, 28758, 28792, 0, 
72, 1, 139, 152, -1, 156, 336, 18.1, 32, ABalaaapp, 317, 27827, 43855, 1576, , 27827, 25000, 27927, 27934, 0, 
73, 1, 96, 10, -1, 266, 137, 14.3, 32, ABplpaaap, 181, 28209, 44683, 1584, , 28209, 25000, 28266, 28260, 0, 
74, 1, 68, 63, -1, 370, 129, 9.4, 32, ABplppaap, 309, 26995, 40061, 1484, , 26995, 25000, 28409, 28395, 0, 
75, 1, 55, 159, -1, 364, 232, 17.5, 37, Ealp, 361, 28417, 69791, 2456, , 28417, 25000, 28564, 28574, 0, 
76, 1, 2, 40, -1, 585, 236, 11.4, 33, Cppap, 250, 27322, 44808, 1640, , 27322, 25000, 28372, 28384, 0, 
77, 1, 85, 46, -1, 290, 363, 18.6, 36, ABpraaapp, 327, 26980, 56981, 2112, , 26980, 25000, 27953, 27963, 0, 
78, 1, 89, 179, -1, 309, 291, 13.5, 31, MSpaapa, 203, 27349, 33694, 1232, , 27349, 25000, 28382, 28298, 0, 
79, 1, 106, 139, -1, 131, 298, 19.3, 33, ABalaaapa, -16, 27064, 46983, 1736, , 27064, 25000, 27645, 27667, 0, 
80, 1, 114, 105, -1, 205, 203, 7.8, 32, ABalpapap, 21, 29566, 47542, 1608, , 29566, 25000, 32095, 32113, 0, 
81, 1, 69, 122, -1, 436, 304, 22.1, 36, ABarppppa, 9, 26728, 60833, 2276, , 26728, 25000, 27806, 27823, 0, 
82, 1, 72, 143, -1, 487, 128, 18.3, 33, ABplapapp, 300, 27032, 46927, 1736, , 27032, 25000, 27833, 27844, 0, 
83, 1, 156, 150, -1, 254, 375, 15.7, 34, ABpraaaap, 284, 27891, 52546, 1884, , 27891, 25000, 27957, 27942, 0, 
84, 1, 92, 135, -1, 307, 148, 9.2, 34, ABplpapap, 288, 27767, 53091, 1912, , 27767, 25000, 29455, 29580, 0, 
85, 1, 75, 86, -1, 269, 152, 9.4, 32, ABplpapaa, 272, 27205, 40372, 1484, , 27205, 25000, 29399, 29567, 0, 
86, 1, 29, 29, -1, 426, 136, 13.3, 33, ABplppapp, 160, 27423, 47606, 1736, , 27423, 25000, 28228, 28242, 0, 
87, 1, 172, 82, -1, 364, 376, 22.6, 36, ABpraapap, 316, 27145, 57330, 2112, , 27145, 25000, 28078, 28142, 0, 
88, 1, 94, 47, -1, 593, 181, 17.6, 35, Cpapp, 76, 28281, 54639, 1932, , 28281, 25000, 27816, 27787, 0, 
89, 1, 90, 100, -1, 207, 303, 6.9, 32, ABarapaaa, 269, 32252, 50829, 1576, , 32252, 25000, 33426, 33570, 0, 
90, 1, 73, 173, -1, 215, 374, 13.4, 30, ABpraaaaa, 260, 27544, 31841, 1156, , 27544, 25000, 27548, 27538, 0, 
91, 1, 126, 65, -1, 488, 385, 9.8, 32, ABprppaap, 291, 27058, 43509, 1608, , 27058, 25000, 28160, 28148, 0, 
92, 1, 13, 44, -1, 331, 129, 12.5, 31, ABplppaaa, 452, 27580, 33978, 1232, , 27580, 25000, 28501, 28454, 0, 
93, 1, 38, 76, -1, 467, 117, 10.6, 33, ABplpppap, -29, 27609, 45278, 1640, , 27609, 25000, 28806, 28832, 0, 
94, 1, 78, 81, -1, 539, 253, 25.2, 39, Cpaap, 398, 27236, 72229, 2652, , 27236, 25000, 28136, 28138, 0, 
95, 1, 163, 145, -1, 308, 132, 20.5, 34, ABplaappa, 413, 27339, 46149, 1688, , 27339, 25000, 28205, 28123, 0, 
96, 1, 130, 72, -1, 178, 318, 9.8, 34, ABaraaapa, 17, 27460, 52504, 1912, , 27460, 25000, 29269, 29257, 0, 
97, 1, 59, 48, -1, 403, 363, 25.2, 35, ABprapaaa, 302, 27399, 55126, 2012, , 27399, 25000, 27702, 27708, 0, 
98, 1, 70, 56, -1, 335, 289, 7.3, 33, MSpapaa, 319, 30107, 52266, 1736, , 30107, 25000, 31827, 31804, 0, 
99, 1, 167, 170, -1, 270, 316, 15.1, 34, MSpaaap, 299, 27736, 54807, 1976, , 27736, 25000, 28128, 28127, 0, 
100, 1, 88, 69, -1, 376, 171, 6.2, 33, ABplpappp, 336, 33989, 59277, 1744, , 33989, 25000, 34396, 34402, 0, 
101, 1, 127, 35, -1, 394, 389, 20.7, 33, ABpraappa, 332, 27620, 47948, 1736, , 27620, 25000, 27852, 27866, 0, 
102, 1, 173, 110, -1, 425, 137, 22.5, 35, ABplapapa, 343, 26826, 53223, 1984, , 26826, 25000, 27963, 27975, 0, 
103, 1, 120, 67, -1, 238, 182, 20.2, 33, ABalppppa, 294, 27577, 48094, 1744, , 27577, 25000, 28379, 28426, 0, 
104, 1, 27, 12, -1, 284, 159, 24.7, 37, ABplaapap, 316, 27410, 65235, 2380, , 27410, 25000, 28272, 28292, 0, 
105, 1, 86, 127, -1, 476, 374, 14.4, 32, ABprppapa, 302, 27830, 41299, 1484, , 27830, 25000, 28217, 28211, 0, 
106, 1, 154, 136, -1, 296, 181, 15.7, 34, MSapap, 264, 26848, 50582, 1884, , 26848, 25000, 28471, 28471, 0, 
107, 1, 152, 104, -1, 223, 145, 22.6, 34, ABplaapaa, 235, 26869, 47827, 1780, , 26869, 25000, 28002, 28003, 0, 
108, 1, 4, 88, -1, 358, 237, 26.1, 36, ABarppaaa, 327, 27853, 63393, 2276, , 27853, 25000, 27813, 27817, 0, 
109, 1, 79, 109, -1, 527, 367, 18.7, 36, ABprappap, 164, 27572, 61100, 2216, , 27572, 25000, 28419, 28433, 0, 
110, 1, 31, 149, -1, 286, 287, 8.8, 33, ABaraappp, 327, 27807, 48495, 1744, , 27807, 25000, 29499, 29501, 0, 
111, 1, 46, 75, -1, 230, 202, 26.4, 35, ABplaaaap, 350, 27299, 52741, 1932, , 27299, 25000, 28641, 28672, 0, 
112, 1, 49, 114, -1, 519, 114, 13.5, 31, ABplapppp, 26, 27121, 33413, 1232, , 27121, 25000, 27431, 27425, 0, 
113, 1, 35, 58, -1, 260, 324, 6.5, 34, ABarapaap, 262, 31774, 53635, 1688, , 31774, 25000, 33491, 33514, 0, 
114, 0, 182, -1, -1, 87, 264, 17.4, 32, , 52, 656, 41508, 1484, , 27970, 25000, 27379, 27314, 0, 
115, 1, 3, 97, -1, 166, 296, 25.3, 36, ABarpaaaa, 357, 27378, 60669, 2216, , 27378, 25000, 27974, 27977, 0, 
116, 1, 159, 146, -1, 450, 304, 17.4, 38, Epra, 226, 27528, 71022, 2580, , 27528, 25000, 28653, 28657, 0, 
117, 1, 57, 13, -1, 586, 310, 15.2, 34, ABprapppp, 281, 26658, 50970, 1912, , 26658, 25000, 27547, 27463, 0, 
118, 1, 66, 25, -1, 257, 190, 10.1, 34, ABalppapp, 252, 28368, 56055, 1976, , 28368, 25000, 28794, 28975, 0, 
119, 1, 129, 164, -1, 512, 278, 18.1, 40, Eprp, 397, 27475, 82096, 2988, , 27475, 25000, 28662, 28685, 0, 
120, 1, 99, 50, -1, 576, 272, 17.1, 34, Cpppa, 286, 27231, 53808, 1976, , 27231, 25000, 28076, 28095, 0, 
121, 1, 110, 148, -1, 557, 322, 21.2, 35, ABprapapp, 320, 27351, 55030, 2012, , 27351, 25000, 27626, 27626, 0, 
122, 1, 171, 6, -1, 552, 192, 10.4, 33, Capap, 254, 27470, 45050, 1640, , 27470, 25000, 29261, 29349, 0, 
123, 1, 119, 3, -1, 411, 351, 6.7, 33, ABprpappa, 288, 31472, 54636, 1736, , 31472, 25000, 32673, 32762, 0, 
124, 1, 54, 4, -1, 417, 162, 6.7, 34, ABplppppa, 305, 31459, 59269, 1884, , 31459, 25000, 33119, 33153, 0, 
125, 1, 155, 118, -1, 277, 231, 5.7, 35, ABalpappp, 347, 33830, 69014, 2040, , 33830, 25000, 33024, 32947, 0, 
126, 1, 103, 103, -1, 327, 289, 18.6, 39, Eara, 268, 27857, 77999, 2800, , 27857, 25000, 28679, 28690, 0, 
127, 1, 149, 20, -1, 449, 394, 11.5, 31, ABprppaaa, 269, 26846, 33074, 1232, , 26846, 25000, 27757, 27738, 0, 
128, 1, 98, 28, -1, 133, 294, 12.4, 31, ABaraaaaa, 448, 27396, 36492, 1332, , 27396, 25000, 27917, 27912, 0, 
129, 1, 144, 180, -1, 337, 396, 15.4, 33, ABprpaaap, 289, 26926, 44159, 1640, , 26926, 25000, 28038, 28111, 0, 
130, 1, 151, 128, -1, 442, 115, 17.3, 33, ABplappap, -549, 27395, 47558, 1736, , 27395, 25000, 27703, 27732, 0, 
131, 1, 137, 98, -1, 403, 395, 15.7, 33, ABprpaapp, 281, 27658, 48015, 1736, , 27658, 25000, 27825, 27832, 0, 
132, 1, 143, 45, -1, 252, 248, 13.3, 32, MSaaapa, 194, 27794, 44026, 1584, , 27794, 25000, 28615, 28621, 0, 
133, 1, 101, 124, -1, 352, 404, 18.3, 33, ABprpaapa, 144, 27049, 46957, 1736, , 27049, 25000, 27792, 27875, 0, 
134, 1, 175, 71, -1, 164, 316, 21.4, 32, ABalappaa, 262, 26588, 39457, 1484, , 26588, 25000, 28005, 28132, 0, 
135, 1, 135, 34, -1, 206, 260, 8.6, 32, ABaraapap, 324, 28414, 42166, 1484, , 28414, 25000, 30078, 30258, 0, 
136, 1, 44, 132, -1, 479, 383, 20.2, 35, ABprappaa, 350, 26524, 53366, 2012, , 26524, 25000, 27682, 27679, 0, 
137, 1, 5, 74, -1, 289, 344, 26.3, 36, ABarpappa, 280, 28427, 62995, 2216, , 28427, 25000, 28319, 28344, 0, 
138, 1, 109, 141, -1, 500, 173, 7.4, 33, Capaa, 275, 29543, 48450, 1640, , 29543, 25000, 33055, 33098, 0, 
139, 1, 117, 1, -1, 487, 221, 17.6, 40, Eplp, 392, 28567, 86958, 3044, , 28567, 25000, 28083, 28085, 0, 
140, 1, 93, 175, -1, 237, 334, 19.7, 33, ABalaappp, 335, 26975, 46829, 1736, , 26975, 25000, 27649, 27694, 0, 
141, 1, 48, 116, -1, 190, 205, 12.7, 33, ABalpaapp, 324, 27664, 48025, 1736, , 27664, 25000, 28350, 28418, 0, 
142, 1, 122, 119, -1, 459, 272, 26.4, 42, Cpaaa, 418, 27189, 99512, 3660, , 27189, 25000, 27499, 27506, 0, 
143, 1, 81, 57, -1, 230, 210, 15.7, 36, MSapaa, 467, 27950, 61937, 2216, , 27950, 25000, 27898, 27899, 0, 
144, 1, 133, 60, -1, 145, 324, 14.8, 32, ABalaapaa, 313, 27780, 44671, 1608, , 27780, 25000, 27912, 27916, 0, 
145, 1, 51, 94, -1, 393, 117, 18.2, 35, ABplappaa, 244, 26896, 54114, 2012, , 26896, 25000, 27923, 27965, 0, 
146, 1, 9, 160, 184, 428, 287, 7.6, 36, MSpapp, 157, 29093, 61445, 2112, , 29093, 25000, 30986, 31145, 0, 
147, 1, 115, 27, -1, 469, 173, 21.3, 35, ABarppapp, 346, 27546, 56193, 2040, , 27546, 25000, 28221, 28221, 0, 
148, 1, 77, 19, -1, 375, 383, 9.2, 33, ABprpapaa, -130, 28087, 48983, 1744, , 28087, 25000, 28396, 28530, 0, 
149, 1, 41, 68, -1, 513, 155, 14.8, 35, Cappa, 345, 28077, 56490, 2012, , 28077, 25000, 28471, 28515, 0, 
150, 1, 58, 62, -1, 170, 269, 21.1, 33, ABalapaaa, 291, 27623, 47954, 1736, , 27623, 25000, 28065, 28135, 0, 
151, 1, 162, 80, -1, 463, 197, 26.3, 40, Caaaa, 404, 28042, 85696, 3056, , 28042, 25000, 27940, 27940, 0, 
152, 1, 65, 92, -1, 161, 173, 17.5, 32, ABalppaaa, 151, 27341, 39152, 1432, , 27341, 25000, 27710, 27703, 0, 
153, 1, 131, 154, -1, 205, 295, 20.6, 33, ABalappap, 312, 27998, 45916, 1640, , 27998, 25000, 27924, 27964, 0, 
154, 1, 16, 66, -1, 171, 278, 9.4, 30, ABaraaaap, 238, 29458, 34053, 1156, , 29458, 25000, 29512, 29674, 0, 
155, 1, 170, 95, -1, 215, 313, 14.1, 34, MSpaaaa, 451, 27172, 53691, 1976, , 27172, 25000, 28300, 28295, 0, 
156, 1, 97, 130, -1, 565, 350, 16.7, 32, ABprapppa, 366, 28038, 44412, 1584, , 28038, 25000, 27925, 27933, 0, 
157, 1, 10, 93, -1, 368, 313, 25.5, 36, ABarpppaa, 330, 27274, 58257, 2136, , 27274, 25000, 27929, 27825, 0, 
158, 1, 74, 140, -1, 580, 230, 21.6, 37, Cpapa, 373, 27144, 63192, 2328, , 27144, 25000, 28581, 28581, 0, 
159, 1, 39, 59, -1, 409, 191, 22.5, 35, ABarppapa, 341, 27716, 54988, 1984, , 27716, 25000, 28097, 28060, 0, 
160, 1, 6, 9, -1, 380, 118, 13.3, 33, ABplppapa, 331, 26824, 46567, 1736, , 26824, 25000, 28089, 28086, 0, 
161, 1, 145, 162, -1, 197, 237, 23.8, 31, ABalapapa, 291, 27375, 40077, 1464, , 27375, 25000, 27560, 27603, 0, 
162, 1, 134, 61, -1, 134, 199, 14.3, 33, ABalpaaap, 416, 27933, 48491, 1736, , 27933, 25000, 27978, 27987, 0, 
163, 1, 150, 99, -1, 289, 181, 20.5, 35, ABalppppp, 306, 26952, 53472, 1984, , 26952, 25000, 28372, 28384, 0, 
164, 1, 8, 14, -1, 291, 380, 11.0, 32, ABarapppa, 265, 27602, 47144, 1708, , 27602, 25000, 28497, 28536, 0, 
165, 1, 158, 174, -1, 518, 131, 21.4, 31, Caapa, 322, 27628, 36801, 1332, , 27628, 25000, 27403, 27407, 0, 
166, 1, 105, 121, -1, 484, 210, 11.4, 37, Dap, 197, 27273, 63491, 2328, , 27273, 25000, 28663, 28671, 0, 
167, 1, 23, 153, -1, 311, 377, 22.4, 36, ABpraapaa, 353, 27465, 58006, 2112, , 27465, 25000, 28100, 28065, 0, 
168, 1, 40, 52, -1, 521, 264, 12.5, 36, Dpp, 150, 27955, 59711, 2136, , 27955, 25000, 28607, 28607, 0, 
169, 1, 80, 33, -1, 582, 187, 12.8, 34, Cappp, 307, 27138, 51888, 1912, , 27138, 25000, 28123, 28164, 0, 
170, 1, 148, 113, -1, 535, 175, 22.5, 38, Caaap, 373, 27870, 71124, 2552, , 27870, 25000, 28222, 28232, 0, 
171, 1, 28, 129, 156, 379, 226, 7.5, 37, MSaapp, 230, 28804, 70742, 2456, , 28804, 25000, 31008, 31146, 0, 
172, 1, 146, 78, -1, 256, 128, 18.3, 32, ABplpaapa, 326, 28352, 44910, 1584, , 28352, 25000, 27678, 27684, 0, 
173, 1, 161, 176, -1, 246, 296, 21.5, 33, ABalapppa, 311, 27717, 45013, 1624, , 27717, 25000, 27955, 27882, 0, 
174, 1, 124, 112, -1, 314, 241, 13.3, 31, MSaaapp, 178, 28577, 39093, 1368, , 28577, 25000, 28607, 28585, 0, 
175, 1, 89, 161, -1, 343, 288, 13.1, 30, MSpaapp, 193, 27142, 36804, 1356, , 27142, 25000, 28500, 28574, 0, 
176, 1, 157, 17, -1, 293, 311, 21.8, 34, ABalapppp, 306, 27710, 52981, 1912, , 27710, 25000, 28242, 28253, 0, 
177, 1, 166, 85, -1, 274, 225, 26.3, 34, ABplaaapa, 325, 27571, 51943, 1884, , 27571, 25000, 27681, 27737, 0, 
178, 1, 112, 126, -1, 421, 223, 17.5, 40, Epla, 400, 27644, 83374, 3016, , 27644, 25000, 28283, 28295, 0, 
179, 1, 164, 163, -1, 328, 277, 24.6, 38, ABarpaapp, 375, 28014, 72275, 2580, , 28014, 25000, 28077, 28099, 0, 
180, 1, 142, 115, -1, 321, 209, 25.7, 36, ABplaaapp, 366, 28368, 62864, 2216, , 28368, 25000, 27749, 27798, 0, 
181, 1, 61, 182, -1, 286, 394, 14.6, 34, ABprpaaaa, -11, 27392, 48757, 1780, , 27392, 25000, 27984, 28020, 0, 
182, 1, 165, 24, -1, 346, 229, 9.6, 32, MSaapap, 307, 28504, 42300, 1484, , 28504, 25000, 28947, 29090, 0, 
183, 0, 181, -1, -1, 117, 180, 22.4, 34, , 343, 497, 48404, 1780, , 27193, 25000, 26696, 26696, 0, 
