1, 1, 64, 64, -1, 236, 378, 19.4, 33, ABpraaapa, 320, 26663, 43727, 1640, , 26663, 25000, 28026, 28039, 0, 
2, 1, 164, 178, -1, 518, 274, 18.6, 40, Eprp, 14, 27538, 83827, 3044, , 27538, 25000, 28107, 28136, 0, 
3, 1, 108, 95, -1, 381, 173, 14.8, 34, MSappp, 310, 26932, 51494, 1912, , 26932, 25000, 28209, 28234, 0, 
4, 1, 59, 160, -1, 425, 181, 23.9, 34, ABarppapa, 323, 28123, 55572, 1976, , 28123, 25000, 27841, 27853, 0, 
5, 1, 25, 89, -1, 261, 189, 9.7, 34, ABalppapp, 304, 28247, 53218, 1884, , 28247, 25000, 28937, 29096, 0, 
6, 1, 145, 136, -1, 310, 134, 20.5, 34, ABplaappa, 287, 27127, 45790, 1688, , 27127, 25000, 27820, 27836, 0, 
7, 1, 162, 20, -1, 190, 230, 24.9, 34, ABalapapa, 284, 27432, 54206, 1976, , 27432, 25000, 27846, 27920, 0, 
8, 1, 70, 35, -1, 341, 332, 23.0, 36, ABarpappp, 319, 28024, 63111, 2252, , 28024, 25000, 28322, 28298, 0, 
9, 1, 181, 167, -1, 391, 259, 8.4, 33, MSpapap, 270, 29788, 48853, 1640, , 29788, 25000, 30150, 30252, 0, 
10, 1, 165, 138, -1, 230, 268, 18.0, 34, MSaaaap, 347, 26853, 53492, 1992, , 26853, 25000, 27976, 27963, 0, 
11, 1, 153, 13, -1, 302, 377, 22.6, 38, ABpraapaa, 253, 27067, 69834, 2580, , 27067, 25000, 28061, 28126, 0, 
12, 1, 150, 32, -1, 255, 379, 15.9, 32, ABpraaaap, 328, 27166, 42813, 1576, , 27166, 25000, 27766, 27794, 0, 
13, 1, 50, 156, -1, 579, 273, 17.2, 35, Cpppa, 324, 27338, 55004, 2012, , 27338, 25000, 27882, 27893, 0, 
14, 1, 149, 86, -1, 285, 288, 9.7, 32, ABaraappp, 327, 27685, 43853, 1584, , 27685, 25000, 28338, 28322, 0, 
15, 1, 48, 53, -1, 404, 373, 24.1, 35, ABprapaaa, 340, 27470, 56807, 2068, , 27470, 25000, 27735, 27775, 0, 
16, 1, 74, 173, -1, 296, 336, 25.8, 35, ABarpappa, 336, 27759, 55852, 2012, , 27759, 25000, 27908, 27933, 0, 
17, 1, 37, 130, -1, 260, 268, 25.9, 36, ABarpaapa, 366, 28344, 64511, 2276, , 28344, 25000, 27908, 27926, 0, 
18, 1, 63, 36, -1, 376, 133, 8.8, 32, ABplppaap, 296, 27818, 44731, 1608, , 27818, 25000, 29207, 29249, 0, 
19, 1, 45, 112, -1, 248, 256, 13.6, 35, MSaaapa, 323, 27223, 52595, 1932, , 27223, 25000, 28377, 28377, 0, 
20, 1, 174, 77, -1, 534, 138, 21.3, 32, Caapa, 260, 27548, 43636, 1584, , 27548, 25000, 28142, 28126, 0, 
21, 1, 160, 128, -1, 408, 291, 7.4, 31, MSpappa, 243, 29496, 39289, 1332, , 29496, 25000, 30755, 30875, 0, 
22, 1, 94, 58, -1, 403, 123, 17.6, 34, ABplappaa, 222, 27610, 49146, 1780, , 27610, 25000, 27891, 27838, 0, 
23, 1, 157, 52, -1, 345, 196, 11.4, 33, MSappa, 257, 27010, 44296, 1640, , 27010, 25000, 28463, 28508, 0, 
24, 1, 182, 186, -1, 294, 392, 14.3, 32, ABprpaaaa, -18, 27400, 43401, 1584, , 27400, 25000, 27961, 27982, 0, 
25, 1, 5, 75, -1, 482, 119, 14.0, 32, ABplapppa, 284, 27823, 47522, 1708, , 27823, 25000, 27847, 27906, 0, 
26, 1, 109, 43, -1, 525, 369, 18.3, 35, ABprappap, 354, 27319, 55731, 2040, , 27319, 25000, 28140, 28250, 0, 
27, 1, 32, 140, -1, 167, 247, 10.3, 32, ABaraapaa, 446, 27682, 43848, 1584, , 27682, 25000, 28866, 28942, 0, 
28, 1, 68, 177, -1, 521, 160, 14.4, 34, Cappa, 68, 27140, 48309, 1780, , 27140, 25000, 28526, 28541, 0, 
29, 1, 34, 182, -1, 210, 255, 9.6, 32, ABaraapap, 98, 28735, 42642, 1484, , 28735, 25000, 28761, 28782, 0, 
30, 1, 38, 65, -1, 223, 338, 10.5, 31, ABaraaapp, 258, 27463, 33834, 1232, , 27463, 25000, 28123, 28127, 0, 
31, 1, 105, 170, -1, 208, 204, 7.8, 32, ABalpapap, 326, 28544, 45899, 1608, , 28544, 25000, 32604, 32609, 0, 
32, 1, 72, 108, -1, 178, 324, 10.5, 33, ABaraaapa, 23, 27280, 44303, 1624, , 27280, 25000, 28138, 28144, 0, 
33, 1, 104, 76, -1, 236, 142, 22.6, 34, ABplaapaa, 318, 28611, 50928, 1780, , 28611, 25000, 28360, 28393, 0, 
34, 1, 7, 81, -1, 126, 245, 12.4, 31, ABalpaaaa, 265, 26951, 35899, 1332, , 26951, 25000, 28360, 28391, 0, 
35, 1, 166, 41, -1, 398, 305, 17.3, 38, Earp, 379, 27509, 68662, 2496, , 27509, 25000, 28426, 28507, 0, 
36, 1, 1, 60, -1, 487, 221, 18.5, 39, Eplp, 384, 27688, 79740, 2880, , 27688, 25000, 28220, 28221, 0, 
37, 1, 159, 169, -1, 371, 235, 17.3, 38, Ealp, 387, 27840, 69489, 2496, , 27840, 25000, 28738, 28775, 0, 
38, 1, 133, 25, -1, 388, 145, 23.5, 32, ABplapaap, -26, 27140, 38865, 1432, , 27140, 25000, 27737, 27824, 0, 
39, 1, 148, 74, -1, 555, 324, 20.8, 36, ABprapapp, 349, 28153, 64188, 2280, , 28153, 25000, 27896, 27896, 0, 
40, 1, 120, 151, -1, 323, 185, 6.5, 35, ABplpappa, 327, 32520, 64519, 1984, , 32520, 25000, 34508, 34471, 0, 
41, 0, 183, -1, -1, 90, 266, 17.4, 31, , 151, 1794, 38458, 1332, , 28872, 25000, 27117, 27078, 0, 
42, 1, 140, 175, -1, 586, 233, 21.6, 38, Cpapa, 383, 27928, 72055, 2580, , 27928, 25000, 28513, 28513, 0, 
43, 1, 163, 100, -1, 338, 277, 25.4, 39, ABarpaapp, 383, 27389, 76690, 2800, , 27389, 25000, 27883, 27888, 0, 
44, 1, 52, 46, -1, 521, 271, 12.3, 36, Dpp, 367, 28275, 62658, 2216, , 28275, 25000, 28810, 28829, 0, 
45, 1, 49, 90, -1, 446, 199, 9.5, 35, Daa, 348, 27542, 54643, 1984, , 27542, 25000, 28887, 28921, 0, 
46, 1, 41, 165, -1, 561, 349, 12.5, 33, ABprpppap, 255, 27926, 45352, 1624, , 27926, 25000, 27692, 27755, 0, 
47, 1, 10, 62, -1, 272, 138, 13.5, 33, ABplpaaap, 367, 27005, 43856, 1624, , 27005, 25000, 28218, 28170, 0, 
48, 1, 106, 23, -1, 315, 127, 15.5, 33, ABplpaapp, -66, 27738, 45046, 1624, , 27738, 25000, 28088, 28119, 0, 
49, 1, 130, 61, -1, 561, 352, 16.5, 34, ABprapppa, -66, 27845, 47003, 1688, , 27845, 25000, 27844, 27859, 0, 
50, 1, 102, 155, -1, 198, 348, 19.5, 32, ABalaappa, 250, 28780, 41213, 1432, , 28780, 25000, 28208, 28236, 0, 
51, 1, 27, 38, -1, 473, 167, 21.6, 35, ABarppapp, 299, 27123, 52402, 1932, , 27123, 25000, 28157, 28158, 0, 
52, 1, 24, 152, -1, 342, 228, 8.6, 32, MSaapap, 282, 27894, 41394, 1484, , 27894, 25000, 29509, 29502, 0, 
53, 1, 39, 129, -1, 231, 246, 6.3, 33, ABalpappa, 115, 32853, 57033, 1736, , 32853, 25000, 32459, 32530, 0, 
54, 1, 92, 120, -1, 167, 168, 17.2, 32, ABalppaaa, 404, 27491, 44205, 1608, , 27491, 25000, 27915, 27919, 0, 
55, 1, 179, 148, -1, 303, 290, 14.7, 33, MSpaapa, 312, 27535, 47800, 1736, , 27535, 25000, 28413, 28414, 0, 
56, 1, 79, 48, -1, 540, 286, 7.5, 34, Cppaa, 337, 29561, 49899, 1688, , 29561, 25000, 32325, 32547, 0, 
57, 1, 22, 142, -1, 172, 284, 16.3, 35, MSaaaaa, 90, 27609, 56322, 2040, , 27609, 25000, 27935, 27964, 0, 
58, 1, 66, 67, -1, 167, 286, 9.8, 30, ABaraaaap, 106, 27008, 35650, 1320, , 27008, 25000, 28251, 28267, 0, 
59, 1, 147, 54, -1, 115, 286, 15.6, 31, ABalaaaar, 291, 26677, 35534, 1332, , 26677, 25000, 27484, 27493, 0, 
60, 1, 97, 176, -1, 170, 286, 25.7, 35, ABarpaaaa, 350, 28796, 58743, 2040, , 28796, 25000, 27927, 28011, 0, 
61, 1, 78, 163, -1, 266, 131, 17.3, 32, ABplpaapa, 503, 27343, 43311, 1584, , 27343, 25000, 28191, 28253, 0, 
62, 1, 136, 134, -1, 286, 182, 15.0, 32, MSapapa, 212, 27465, 46911, 1708, , 27465, 25000, 28625, 28700, 0, 
63, 1, 90, 101, -1, 296, 229, 19.6, 40, Eala, 39, 27398, 83400, 3044, , 27398, 25000, 28003, 28009, 0, 
64, 1, 134, 144, -1, 358, 137, 19.5, 37, ABplaappp, 353, 27699, 68028, 2456, , 27699, 25000, 27897, 27899, 0, 
65, 1, 57, 79, -1, 263, 208, 15.6, 30, MSapaap, 192, 27599, 31904, 1156, , 27599, 25000, 28070, 28016, 0, 
66, 1, 143, 70, -1, 498, 127, 18.4, 34, ABplapapp, 222, 27360, 48700, 1780, , 27360, 25000, 28053, 28069, 0, 
67, 1, 113, 84, -1, 543, 181, 22.6, 38, Caaap, 362, 27840, 71826, 2580, , 27840, 25000, 28353, 28349, 0, 
68, 1, 171, 16, -1, 374, 321, 11.4, 33, MSpppa, 158, 27435, 44993, 1640, , 27435, 25000, 28242, 28197, 0, 
69, 1, 4, 154, -1, 419, 165, 6.6, 34, ABplppppa, 336, 32321, 57532, 1780, , 32321, 25000, 33165, 33157, 0, 
70, 1, 51, 22, -1, 318, 349, 7.7, 33, ABarappap, 274, 27939, 48502, 1736, , 27939, 25000, 31753, 31956, 0, 
71, 1, 16, 121, -1, 190, 149, 14.2, 30, ABalppaap, 66, 27235, 35950, 1320, , 27235, 25000, 27642, 27615, 0, 
72, 1, 135, 42, -1, 318, 140, 9.4, 34, ABplpapap, 260, 27796, 49477, 1780, , 27796, 25000, 28896, 28984, 0, 
73, 1, 152, 40, -1, 150, 324, 18.6, 33, ABalaaapp, 332, 27484, 45074, 1640, , 27484, 25000, 27974, 27938, 0, 
74, 1, 121, 19, -1, 487, 210, 12.2, 36, Dap, 352, 27251, 62133, 2280, , 27251, 25000, 28679, 28672, 0, 
75, 1, 117, 103, -1, 296, 309, 6.0, 31, ABarapapa, 441, 32918, 52010, 1580, , 32918, 25000, 33710, 33690, 0, 
76, 1, 31, 172, -1, 261, 349, 8.8, 32, ABarappaa, 81, 27317, 43925, 1608, , 27317, 25000, 29343, 29390, 0, 
77, 1, 58, 104, -1, 252, 317, 6.4, 33, ABarapaap, 127, 32460, 53235, 1640, , 32460, 25000, 33168, 33331, 0, 
78, 1, 40, 9, -1, 582, 241, 11.1, 36, Cppap, 310, 27351, 62250, 2276, , 27351, 25000, 28246, 28292, 0, 
79, 1, 100, 21, -1, 208, 309, 7.5, 31, ABarapaaa, 170, 30239, 37255, 1232, , 30239, 25000, 31783, 31811, 0, 
80, 1, 177, 171, -1, 469, 157, 6.3, 32, ABplppppp, 317, 33493, 53053, 1584, , 33493, 25000, 34702, 34912, 0, 
81, 1, 173, 12, -1, 214, 374, 15.2, 31, ABpraaaaa, 291, 27324, 40003, 1464, , 27324, 25000, 27494, 27388, 0, 
82, 1, 82, 18, -1, 362, 380, 22.8, 35, ABpraapap, 310, 27151, 54627, 2012, , 27151, 25000, 28094, 28172, 0, 
83, 1, 123, 47, -1, 182, 354, 14.9, 32, ABalaapap, 276, 27481, 43310, 1576, , 27481, 25000, 27582, 27567, 0, 
84, 1, 29, 24, -1, 440, 142, 13.3, 33, ABplppapp, 253, 28706, 49834, 1736, , 28706, 25000, 28500, 28501, 0, 
85, 1, 178, 105, -1, 260, 341, 25.3, 35, ABarpapap, 303, 27197, 55481, 2040, , 27197, 25000, 28599, 28631, 0, 
86, 1, 137, 102, -1, 445, 328, 6.9, 32, ABprpappp, 323, 29770, 46917, 1576, , 29770, 25000, 31491, 31512, 0, 
87, 1, 101, 109, -1, 148, 234, 15.9, 35, ABalpaapa, 249, 27130, 56104, 2068, , 27130, 25000, 28583, 28534, 0, 
88, 1, 125, 34, -1, 482, 306, 10.0, 34, Dpa, 317, 26982, 53748, 1992, , 26982, 25000, 28896, 28902, 0, 
89, 1, 46, 37, -1, 293, 368, 18.5, 35, ABpraaapp, 100, 26445, 52466, 1984, , 26445, 25000, 27920, 27974, 0, 
90, 1, 115, 66, -1, 333, 207, 25.6, 36, ABplaaapp, 365, 27376, 57818, 2112, , 27376, 25000, 27892, 27924, 0, 
91, 1, 44, 1, -1, 343, 128, 12.5, 32, ABplppaaa, 108, 27270, 39050, 1432, , 27270, 25000, 28117, 28104, 0, 
92, 1, 107, 98, -1, 224, 138, 14.7, 32, ABplpaaaa, 298, 27731, 43926, 1584, , 27731, 25000, 27693, 27823, 0, 
93, 1, 176, 116, -1, 238, 294, 21.6, 33, ABalapppa, 334, 28373, 46532, 1640, , 28373, 25000, 28143, 28165, 0, 
94, 1, 84, 57, -1, 379, 345, 16.3, 32, MSppapp, 244, 27975, 44312, 1584, , 27975, 25000, 27998, 28031, 0, 
95, 1, 6, 8, -1, 561, 194, 10.5, 35, Capap, 325, 27102, 53770, 1984, , 27102, 25000, 28905, 29024, 0, 
96, 1, 129, 87, -1, 418, 220, 6.7, 30, MSaappp, 191, 31018, 40572, 1308, , 31018, 25000, 31598, 31622, 0, 
97, 1, 154, 6, -1, 198, 293, 20.4, 33, ABalappap, 331, 27467, 45046, 1640, , 27467, 25000, 28196, 28276, 0, 
98, 1, 17, 82, -1, 288, 309, 21.8, 34, ABalapppp, 346, 26936, 51502, 1912, , 26936, 25000, 28390, 28391, 0, 
99, 1, 131, 150, -1, 530, 322, 7.9, 32, ABprppppp, 266, 29691, 46793, 1576, , 29691, 25000, 30483, 30515, 0, 
100, 1, 42, 93, -1, 404, 380, 8.6, 33, ABprpapap, 291, 27802, 45595, 1640, , 27802, 25000, 29533, 29635, 0, 
101, 1, 15, 96, -1, 521, 343, 13.4, 33, ABprppapp, 267, 27370, 44886, 1640, , 27370, 25000, 28355, 28421, 0, 
102, 1, 61, 27, -1, 139, 200, 13.4, 32, ABalpaaap, 413, 27652, 41035, 1484, , 27652, 25000, 28474, 28487, 0, 
103, 1, 71, 45, -1, 165, 309, 22.3, 42, ABalappaa, 420, 27542, 100034, 3632, , 27542, 25000, 27727, 27791, 0, 
104, 1, 151, 184, -1, 431, 380, 19.3, 38, ABpraappp, 375, 27238, 67986, 2496, , 27238, 25000, 27821, 27764, 0, 
105, 1, 128, 80, -1, 454, 117, 16.8, 34, ABplappap, 175, 27350, 52293, 1912, , 27350, 25000, 27718, 27729, 0, 
106, 1, 87, 68, -1, 409, 235, 12.2, 34, Z3, 327, 27609, 52788, 1912, , 27609, 25000, 29214, 29218, 0, 
107, 1, 55, 83, -1, 425, 341, 12.8, 36, MSpppp, 358, 27285, 62209, 2280, , 27285, 25000, 28070, 28071, 0, 
108, 1, 99, 106, -1, 293, 177, 20.2, 35, ABalppppp, 336, 27775, 55884, 2012, , 27775, 25000, 28223, 28284, 0, 
109, 1, 77, 118, -1, 229, 173, 11.6, 34, ABalppapa, 97, 28769, 51209, 1780, , 28769, 25000, 28798, 28836, 0, 
110, 1, 14, 78, -1, 288, 380, 10.6, 32, ABarapppa, 282, 27763, 41200, 1484, , 27763, 25000, 27596, 27657, 0, 
111, 1, 126, 127, -1, 422, 217, 17.6, 40, Epla, 402, 26926, 81963, 3044, , 26926, 25000, 28531, 28523, 0, 
112, 1, 13, 107, -1, 581, 313, 14.4, 32, ABprapppp, 283, 27174, 40326, 1484, , 27174, 25000, 27202, 27211, 0, 
113, 1, 175, 183, -1, 236, 342, 21.2, 34, ABalaappp, 474, 26593, 50845, 1912, , 26593, 25000, 28145, 28122, 0, 
114, 1, 30, 10, -1, 474, 265, 13.7, 36, Z2, -160, 27879, 61780, 2216, , 27879, 25000, 28597, 28641, 0, 
115, 1, 169, 85, -1, 353, 162, 25.2, 35, ABplapaaa, 315, 27381, 55091, 2012, , 27381, 25000, 27739, 27767, 0, 
116, 1, 56, 166, -1, 328, 284, 8.3, 34, MSpapaa, 96, 29861, 56259, 1884, , 29861, 25000, 30684, 30703, 0, 
117, 1, 132, 49, -1, 482, 383, 19.3, 35, ABprappaa, -76, 26825, 54722, 2040, , 26825, 25000, 27994, 27996, 0, 
118, 1, 118, 2, -1, 278, 237, 5.7, 36, ABalpappp, 684, 33711, 74703, 2216, , 33711, 25000, 32988, 32916, 0, 
119, 1, 91, 55, -1, 337, 372, 10.2, 32, ABarapppp, 98, 26963, 43357, 1608, , 26963, 25000, 28331, 28403, 0, 
120, 1, 76, 94, -1, 474, 121, 10.3, 32, ABplpppap, -14, 27448, 43478, 1584, , 27448, 25000, 28489, 28580, 0, 
121, 1, 18, 119, -1, 346, 321, 6.3, 33, ABarapapp, -60, 33290, 57791, 1736, , 33290, 25000, 32682, 32896, 0, 
122, 1, 139, 29, -1, 127, 290, 19.8, 34, ABalaaapa, 284, 27141, 51894, 1912, , 27141, 25000, 27815, 27734, 0, 
123, 1, 111, 4, -1, 224, 310, 25.9, 36, ABarpapaa, 360, 28010, 63750, 2276, , 28010, 25000, 28170, 28157, 0, 
124, 1, 158, 92, -1, 509, 356, 22.9, 37, ABprapapa, 365, 27596, 67556, 2448, , 27596, 25000, 27767, 27778, 0, 
125, 1, 3, 135, -1, 409, 343, 6.7, 32, ABprpappa, 290, 31653, 50138, 1584, , 31653, 25000, 31870, 31961, 0, 
126, 1, 172, 50, -1, 186, 216, 18.6, 33, ABalpppaa, 331, 27798, 45588, 1640, , 27798, 25000, 28552, 28593, 0, 
127, 1, 119, 149, -1, 454, 274, 26.4, 42, Cpaaa, 412, 27169, 99439, 3660, , 27169, 25000, 27601, 27619, 0, 
128, 1, 114, 146, -1, 521, 117, 12.6, 32, ABplapppp, -28, 27137, 40271, 1484, , 27137, 25000, 27693, 27692, 0, 
129, 1, 26, 113, -1, 426, 119, 9.7, 34, ABplpppaa, 293, 27623, 52042, 1884, , 27623, 25000, 28705, 28721, 0, 
130, 1, 54, 179, -1, 240, 279, 9.2, 32, ABaraappa, 419, 27333, 43951, 1608, , 27333, 25000, 28618, 28679, 0, 
131, 1, 127, 11, -1, 473, 370, 14.1, 33, ABprppapa, 528, 26973, 46825, 1736, , 26973, 25000, 28971, 28974, 0, 
132, 1, 141, 59, -1, 498, 180, 7.5, 35, Capaa, 318, 29708, 58941, 1984, , 29708, 25000, 31854, 31822, 0, 
133, 1, 9, 44, -1, 389, 118, 12.5, 32, ABplppapa, 348, 28438, 40723, 1432, , 28438, 25000, 28067, 28037, 0, 
134, 1, 21, 139, -1, 167, 198, 9.9, 32, ABalpapaa, 183, 27670, 43608, 1576, , 27670, 25000, 28571, 28587, 0, 
135, 1, 110, 123, -1, 430, 133, 21.8, 35, ABplapapa, 354, 27912, 56158, 2012, , 27912, 25000, 28023, 27993, 0, 
136, 1, 86, 115, -1, 277, 159, 8.4, 32, ABplpapaa, 293, 27737, 41162, 1484, , 27737, 25000, 30640, 30880, 0, 
137, 1, 75, 188, -1, 242, 202, 26.5, 35, ABplaaaap, 144, 27919, 55392, 1984, , 27919, 25000, 28171, 28182, 0, 
138, 1, 23, 158, -1, 291, 224, 10.6, 34, MSaapaa, 88, 29223, 52017, 1780, , 29223, 25000, 28918, 28925, 0, 
139, 1, 89, 153, -1, 215, 262, 26.2, 35, ABarpaaap, 278, 27667, 55667, 2012, , 27667, 25000, 27651, 27621, 0, 
140, 1, 47, 110, -1, 602, 190, 16.7, 35, Cpapp, 257, 27128, 55341, 2040, , 27128, 25000, 27847, 27867, 0, 
141, 1, 60, 162, -1, 150, 323, 14.7, 32, ABalaapaa, 87, 26891, 42596, 1584, , 26891, 25000, 27698, 27660, 0, 
142, 1, 144, 157, -1, 242, 219, 22.5, 34, ABalapapp, 338, 27634, 46647, 1688, , 27634, 25000, 27843, 27848, 0, 
143, 1, 28, 15, -1, 133, 296, 12.5, 30, ABaraaaaa, 315, 27017, 33285, 1232, , 27017, 25000, 27510, 27525, 0, 
144, 1, 98, 124, -1, 389, 399, 15.5, 33, ABprpaapp, 281, 27812, 45166, 1624, , 27812, 25000, 27649, 27577, 0, 
145, 1, 93, 164, -1, 369, 316, 25.7, 36, ABarpppaa, 312, 28833, 63894, 2216, , 28833, 25000, 27929, 27932, 0, 
146, 1, 142, 180, -1, 282, 348, 13.7, 31, MSppaaa, 225, 27456, 37560, 1368, , 27456, 25000, 27656, 27662, 0, 
147, 1, 57, 143, -1, 208, 206, 15.5, 29, MSapaaa, 205, 27452, 29648, 1080, , 27452, 25000, 28046, 28086, 0, 
148, 1, 138, 26, -1, 564, 145, 16.9, 35, Caapp, 208, 27053, 55945, 2068, , 27053, 25000, 28117, 28117, 0, 
149, 1, 85, 14, -1, 287, 215, 25.4, 35, ABplaaapa, 50, 28113, 54315, 1932, , 28113, 25000, 27654, 27592, 0, 
150, 1, 80, 72, -1, 466, 211, 25.9, 40, Caaaa, 406, 27743, 82897, 2988, , 27743, 25000, 28074, 28067, 0, 
151, 1, 12, 5, -1, 300, 158, 24.4, 36, ABplaapap, 77, 27683, 58467, 2112, , 27683, 25000, 28083, 28039, 0, 
152, 1, 122, 28, -1, 441, 318, 22.7, 35, ABarppppa, 328, 26645, 54356, 2040, , 26645, 25000, 27928, 27940, 0, 
153, 1, 180, 88, -1, 346, 394, 13.6, 33, ABprpaaap, 286, 28204, 46254, 1640, , 28204, 25000, 28173, 28199, 0, 
154, 1, 83, 39, -1, 597, 229, 15.2, 36, Cpppp, 16, 27398, 62467, 2280, , 27398, 25000, 28157, 28240, 0, 
155, 1, 103, 174, -1, 331, 288, 19.1, 39, Eara, 519, 27853, 76651, 2752, , 27853, 25000, 28221, 28229, 0, 
156, 1, 19, 126, -1, 372, 375, 8.7, 32, ABprpapaa, 249, 28039, 44413, 1584, , 28039, 25000, 29355, 29722, 0, 
157, 1, 96, 189, -1, 179, 203, 22.5, 35, ABalapaap, 11, 28527, 56597, 1984, , 28527, 25000, 28137, 28257, 0, 
158, 0, 2, -1, -1, 88, 264, 14.9, 29, , 229, 1504, 34407, 1208, , 28483, 25000, 26963, 26979, 0, 
159, 1, 112, 125, -1, 324, 247, 13.5, 31, MSaaapp, 221, 27552, 33944, 1232, , 27552, 25000, 28399, 28399, 0, 
160, 1, 20, 131, -1, 442, 388, 11.3, 32, ABprppaaa, 241, 27304, 43249, 1584, , 27304, 25000, 27960, 28024, 0, 
161, 1, 168, 132, -1, 219, 160, 17.8, 35, ABalpppap, 438, 27489, 55307, 2012, , 27489, 25000, 28111, 28184, 0, 
162, 1, 69, 71, -1, 375, 179, 6.4, 34, ABplpappp, 314, 32974, 58693, 1780, , 32974, 25000, 33421, 33405, 0, 
163, 0, 185, -1, -1, 113, 179, 21.7, 33, , 200, 1572, 49224, 1736, , 28355, 25000, 26783, 26783, 0, 
164, 1, 156, 159, -1, 363, 233, 5.8, 30, MSaappa, 192, 32397, 42764, 1320, , 32397, 25000, 32517, 32732, 0, 
165, 1, 73, 69, -1, 132, 250, 20.4, 33, ABalaaaal, 416, 27991, 45905, 1640, , 27991, 25000, 27735, 27778, 0, 
166, 1, 65, 99, -1, 480, 385, 9.6, 32, ABprppaap, 300, 27197, 40361, 1484, , 27197, 25000, 28188, 28232, 0, 
167, 1, 116, 111, -1, 193, 200, 12.4, 33, ABalpaapp, 273, 27520, 45133, 1640, , 27520, 25000, 28417, 28446, 0, 
168, 1, 170, 97, -1, 261, 319, 16.7, 34, MSpaaap, 348, 27037, 50938, 1884, , 27037, 25000, 28587, 28578, 0, 
169, 1, 142, 31, -1, 321, 334, 12.6, 31, MSppaap, 203, 27806, 37037, 1332, , 27806, 25000, 28281, 28281, 0, 
170, 1, 53, 141, -1, 456, 370, 22.7, 33, ABprapaap, 335, 27438, 47633, 1736, , 27438, 25000, 27579, 27578, 0, 
171, 1, 167, 51, -1, 487, 277, 22.6, 37, ABarppppp, 373, 27078, 63037, 2328, , 27078, 25000, 27708, 27725, 0, 
172, 1, 146, 133, -1, 448, 306, 17.2, 39, Epra, 378, 27345, 72518, 2652, , 27345, 25000, 28218, 28238, 0, 
173, 1, 33, 145, -1, 568, 199, 14.2, 35, Cappp, 317, 26692, 53704, 2012, , 26692, 25000, 28455, 28663, 0, 
174, 1, 124, 33, -1, 334, 405, 17.4, 33, ABprpaapa, 302, 27288, 44752, 1640, , 27288, 25000, 28096, 28120, 0, 
175, 1, 67, 17, -1, 236, 178, 20.3, 34, ABalppppa, 306, 27694, 52176, 1884, , 27694, 25000, 27955, 28005, 0, 
176, 1, 81, 161, -1, 538, 264, 24.7, 40, Cpaap, 401, 27535, 84147, 3056, , 27535, 25000, 28333, 28341, 0, 
177, 1, 62, 63, -1, 167, 253, 21.8, 33, ABalapaaa, 314, 27488, 47939, 1744, , 27488, 25000, 28131, 28175, 0, 
178, 1, 161, 91, -1, 351, 288, 13.3, 31, MSpaapp, 244, 27309, 37359, 1368, , 27309, 25000, 28814, 28837, 0, 
179, 1, 184, 147, -1, 465, 269, 7.4, 32, MSpappp, 161, 28480, 42264, 1484, , 28480, 25000, 31185, 31199, 0, 
180, 1, 35, 122, -1, 383, 396, 19.6, 33, ABpraappa, 307, 26329, 43180, 1640, , 26329, 25000, 27961, 28039, 0, 
181, 1, 95, 114, -1, 211, 309, 15.0, 35, MSpaaaa, 224, 27150, 61142, 2252, , 27150, 25000, 27970, 27989, 0, 
182, 1, 36, 73, -1, 202, 181, 25.4, 34, ABplaaaaa, -140, 27403, 48777, 1780, , 27403, 25000, 28226, 28181, 0, 
183, 1, 155, 56, -1, 517, 385, 12.3, 33, ABprpppaa, 267, 27426, 47612, 1736, , 27426, 25000, 27630, 27644, 0, 
184, 1, 43, 7, -1, 405, 326, 23.9, 35, ABarpppap, 191, 27500, 56869, 2068, , 27500, 25000, 27749, 27757, 0, 
185, 1, 136, 181, -1, 341, 191, 15.4, 31, MSapapp, 196, 27647, 36826, 1332, , 27647, 25000, 28850, 28870, 0, 
186, 1, 88, 30, -1, 372, 240, 25.6, 36, ABarppaaa, 390, 27462, 57999, 2112, , 27462, 25000, 27987, 27971, 0, 
187, 1, 8, 117, -1, 496, 348, 7.7, 33, ABprppppa, 320, 29250, 50778, 1736, , 29250, 25000, 31112, 31247, 0, 
188, 1, 11, 168, -1, 400, 201, 26.3, 36, ABarppaap, 211, 27236, 60354, 2216, , 27236, 25000, 27942, 27987, 0, 
189, 1, 84, 137, -1, 334, 352, 16.5, 32, MSppapa, 199, 27492, 39369, 1432, , 27492, 25000, 27808, 27839, 0, 
