1, 1, 91, 102, -1, 345, 123, 12.2, 32, ABplppaaa, 315, 27521, 44253, 1608, , 27521, 25000, 27977, 27927, 0, 
2, 1, 118, 28, -1, 279, 240, 6.2, 36, ABalpappp, 332, 32887, 74982, 2280, , 32887, 25000, 32974, 32979, 0, 
3, 0, 41, -1, -1, 90, 264, 17.3, 32, , 281, 1579, 45194, 1584, , 28532, 25000, 26964, 26953, 0, 
4, 1, 123, 84, -1, 227, 306, 26.3, 36, ABarpapaa, 362, 27383, 60681, 2216, , 27383, 25000, 28276, 28270, 0, 
5, 1, 151, 156, -1, 299, 158, 24.3, 35, ABplaapap, 148, 27866, 56847, 2040, , 27866, 25000, 28309, 28318, 0, 
6, 1, 97, 114, -1, 197, 292, 20.6, 33, ABalappap, 336, 26954, 44204, 1640, , 26954, 25000, 28026, 28000, 0, 
7, 1, 184, 74, -1, 405, 327, 24.1, 35, ABarpppap, 352, 27438, 56741, 2068, , 27438, 25000, 27997, 28068, 0, 
8, 1, 95, 8, -1, 558, 190, 9.7, 33, Capap, 96, 27728, 48136, 1736, , 27728, 25000, 29089, 29170, 0, 
9, 1, 78, 125, -1, 583, 236, 10.4, 35, Cppap, 355, 27299, 52742, 1932, , 27299, 25000, 28555, 28626, 0, 
10, 1, 114, 82, -1, 477, 268, 14.1, 36, Z2, -160, 27547, 62698, 2276, , 27547, 25000, 28857, 28891, 0, 
11, 1, 131, 22, -1, 474, 369, 13.5, 33, ABprppapa, 292, 26939, 43749, 1624, , 26939, 25000, 28525, 28555, 0, 
12, 1, 81, 75, -1, 211, 373, 15.8, 31, ABpraaaaa, 264, 27856, 40781, 1464, , 27856, 25000, 27611, 27580, 0, 
13, 1, 11, 123, -1, 297, 370, 22.5, 35, ABpraapaa, 324, 28098, 55746, 1984, , 28098, 25000, 28104, 28080, 0, 
14, 1, 149, 149, -1, 289, 214, 25.3, 34, ABplaaapa, 283, 27670, 52131, 1884, , 27670, 25000, 27800, 27793, 0, 
15, 1, 143, 35, -1, 137, 298, 12.5, 31, ABaraaaaa, 302, 26920, 33166, 1232, , 26920, 25000, 27907, 27974, 0, 
16, 1, 68, 167, -1, 370, 319, 11.2, 33, MSpppa, 229, 27484, 47932, 1744, , 27484, 25000, 28218, 28221, 0, 
17, 1, 175, 70, -1, 241, 171, 19.5, 35, ABalppppa, 350, 27638, 54833, 1984, , 27638, 25000, 28168, 28305, 0, 
18, 1, 82, 76, -1, 354, 380, 22.7, 35, ABpraapap, 335, 27138, 55361, 2040, , 27138, 25000, 28160, 28252, 0, 
19, 1, 74, 15, -1, 482, 214, 12.4, 37, Dap, 342, 27421, 63837, 2328, , 27421, 25000, 28557, 28554, 0, 
20, 1, 7, 10, -1, 192, 226, 24.8, 33, ABalapapa, 329, 27321, 47648, 1744, , 27321, 25000, 27933, 27903, 0, 
21, 1, 79, 77, -1, 208, 312, 7.7, 31, ABarapaaa, 273, 29713, 40647, 1368, , 29713, 25000, 32285, 32397, 0, 
22, 1, 70, 143, -1, 315, 347, 8.0, 32, ABarappap, 246, 28097, 47990, 1708, , 28097, 25000, 30716, 30874, 0, 
23, 1, 48, 178, -1, 318, 127, 15.4, 33, ABplpaapp, 320, 27032, 44332, 1640, , 27032, 25000, 28318, 28348, 0, 
24, 1, 84, 64, -1, 442, 139, 13.5, 32, ABplppapp, 319, 26318, 37687, 1432, , 26318, 25000, 28463, 28480, 0, 
25, 1, 38, 113, -1, 393, 142, 22.9, 33, ABplapaap, 292, 27590, 47897, 1736, , 27590, 25000, 27644, 27595, 0, 
26, 1, 148, 20, -1, 566, 146, 16.7, 34, Caapp, 344, 28318, 53351, 1884, , 28318, 25000, 28530, 28526, 0, 
27, 1, 102, 47, -1, 140, 202, 12.5, 32, ABalpaaap, 127, 27083, 38783, 1432, , 27083, 25000, 28148, 28175, 0, 
28, 1, 152, 185, -1, 446, 329, 23.4, 35, ABarppppa, 304, 26507, 51211, 1932, , 26507, 25000, 27882, 27897, 0, 
29, 1, 122, 108, -1, 129, 289, 19.6, 32, ABalaaapa, -9, 28288, 41980, 1484, , 28288, 25000, 27488, 27421, 0, 
30, 1, 186, 71, -1, 370, 237, 25.4, 35, ABarppaaa, 353, 27511, 53151, 1932, , 27511, 25000, 27618, 27599, 0, 
31, 1, 169, 25, -1, 326, 334, 12.7, 31, MSppaap, 212, 27919, 38193, 1368, , 27919, 25000, 27905, 27896, 0, 
32, 1, 12, 27, -1, 255, 380, 16.0, 33, ABpraaaap, 278, 27020, 48853, 1808, , 27020, 25000, 27502, 27584, 0, 
33, 1, 174, 65, -1, 334, 403, 17.3, 32, ABprpaapa, 306, 27780, 44004, 1584, , 27780, 25000, 27926, 27934, 0, 
34, 1, 88, 187, -1, 478, 305, 10.5, 35, Dpa, 340, 27651, 54860, 1984, , 27651, 25000, 29022, 29046, 0, 
35, 1, 8, 49, -1, 343, 331, 22.9, 36, ABarpappp, 362, 27640, 62908, 2276, , 27640, 25000, 28008, 28020, 0, 
36, 1, 18, 32, -1, 376, 128, 9.3, 32, ABplppaap, 325, 28449, 45064, 1584, , 28449, 25000, 28312, 28404, 0, 
37, 1, 89, 139, -1, 288, 372, 18.5, 34, ABpraaapp, 332, 28503, 48113, 1688, , 28503, 25000, 27804, 27838, 0, 
38, 1, 51, 50, -1, 474, 165, 21.6, 36, ABarppapp, 357, 27508, 58096, 2112, , 27508, 25000, 27950, 27950, 0, 
39, 1, 154, 12, -1, 592, 229, 14.5, 36, Cpppp, 311, 26493, 56588, 2136, , 26493, 25000, 28122, 28149, 0, 
40, 1, 73, 78, -1, 149, 325, 19.1, 33, ABalaaapp, 316, 27381, 47533, 1736, , 27381, 25000, 27791, 27826, 0, 
41, 1, 35, 182, -1, 396, 303, 17.5, 39, Earp, 378, 27866, 80255, 2880, , 27866, 25000, 28541, 28562, 0, 
42, 1, 72, 171, -1, 321, 141, 9.4, 34, ABplpapap, 321, 28167, 50138, 1780, , 28167, 25000, 28774, 28815, 0, 
43, 1, 26, 23, -1, 526, 369, 17.7, 36, ABprappap, -130, 26916, 59645, 2216, , 26916, 25000, 28033, 28078, 0, 
44, 1, 133, 105, -1, 392, 116, 12.6, 33, ABplppapa, -223, 27052, 44366, 1640, , 27052, 25000, 28317, 28359, 0, 
45, 1, 103, 62, -1, 161, 296, 22.9, 41, ABalappaa, 429, 27872, 86293, 3096, , 27872, 25000, 27822, 28032, 0, 
46, 1, 44, 40, -1, 523, 279, 12.5, 36, Dpp, -27, 26968, 57603, 2136, , 26968, 25000, 29004, 29022, 0, 
47, 1, 83, 19, -1, 183, 349, 15.4, 32, ABalaapap, 578, 27388, 40644, 1484, , 27388, 25000, 27800, 27775, 0, 
48, 1, 56, 140, -1, 537, 280, 7.3, 34, Cppaa, 325, 29618, 55801, 1884, , 29618, 25000, 32451, 32587, 0, 
49, 1, 117, 97, -1, 483, 387, 18.4, 34, ABprappaa, 151, 27035, 48123, 1780, , 27035, 25000, 28309, 28331, 0, 
50, 1, 126, 161, -1, 183, 203, 18.2, 34, ABalpppaa, 313, 27150, 51910, 1912, , 27150, 25000, 28287, 28410, 0, 
51, 1, 171, 179, -1, 489, 280, 22.6, 36, ABarppppp, 349, 27670, 58439, 2112, , 27670, 25000, 27934, 27956, 0, 
52, 1, 23, 106, 153, 351, 198, 11.3, 34, MSappa, 203, 28578, 53841, 1884, , 28578, 25000, 28891, 28905, 0, 
53, 1, 15, 41, -1, 400, 376, 23.7, 34, ABprapaaa, 121, 27553, 51910, 1884, , 27553, 25000, 27723, 27720, 0, 
54, 1, 59, 109, -1, 119, 284, 15.5, 30, ABalaaaar, 169, 27230, 33547, 1232, , 27230, 25000, 27567, 27619, 0, 
55, 1, 119, 46, -1, 334, 374, 10.1, 32, ABarapppp, -270, 27431, 43232, 1576, , 27431, 25000, 28640, 28676, 0, 
56, 1, 183, 58, -1, 514, 378, 11.2, 31, ABprpppaa, 288, 26602, 38945, 1464, , 26602, 25000, 28361, 28283, 0, 
57, 1, 94, 159, -1, 382, 347, 16.6, 33, MSppapp, 225, 27759, 45525, 1640, , 27759, 25000, 28245, 28250, 0, 
58, 1, 22, 127, -1, 404, 124, 17.6, 34, ABplappaa, 144, 26731, 47582, 1780, , 26731, 25000, 28154, 28141, 0, 
59, 1, 132, 79, -1, 495, 172, 7.6, 36, Capaa, 346, 27777, 58665, 2112, , 27777, 25000, 31888, 32019, 0, 
60, 1, 36, 21, -1, 489, 223, 18.7, 38, Eplp, 389, 28033, 69971, 2496, , 28033, 25000, 28008, 28009, 0, 
61, 1, 49, 43, -1, 566, 350, 16.2, 33, ABprapppa, 282, 26621, 46427, 1744, , 26621, 25000, 27716, 27722, 0, 
62, 1, 47, 87, -1, 276, 137, 12.7, 33, ABplpaaap, 311, 27736, 48150, 1736, , 27736, 25000, 28144, 28172, 0, 
63, 1, 177, 157, -1, 166, 241, 21.5, 33, ABalapaaa, 275, 28380, 46089, 1624, , 28380, 25000, 28171, 28187, 0, 
64, 1, 1, 6, -1, 236, 375, 19.5, 32, ABpraaapa, 292, 27429, 39279, 1432, , 27429, 25000, 27407, 27416, 0, 
65, 1, 30, 11, -1, 227, 338, 10.7, 31, ABaraaapp, 293, 26948, 36865, 1368, , 26948, 25000, 28510, 28526, 0, 
66, 1, 90, 126, -1, 338, 204, 25.5, 36, ABplaaapp, 314, 27605, 58964, 2136, , 27605, 25000, 28142, 28238, 0, 
67, 1, 58, 51, -1, 168, 292, 9.7, 30, ABaraaaap, 89, 27602, 36104, 1308, , 27602, 25000, 28527, 28549, 0, 
68, 1, 106, 48, -1, 411, 235, 12.3, 34, Z3, 55, 27080, 51019, 1884, , 27080, 25000, 28812, 28812, 0, 
69, 1, 165, 33, -1, 131, 250, 20.2, 32, ABalaaaal, -38, 27178, 43702, 1608, , 27178, 25000, 27917, 27875, 0, 
70, 1, 66, 118, -1, 502, 125, 17.8, 33, ABplapapp, 161, 26159, 45622, 1744, , 26159, 25000, 27613, 27613, 0, 
71, 1, 162, 98, -1, 374, 181, 6.5, 33, ABplpappp, 270, 33624, 54606, 1624, , 33624, 25000, 33393, 33460, 0, 
72, 1, 150, 168, -1, 465, 214, 25.6, 40, Caaaa, 391, 27806, 84640, 3044, , 27806, 25000, 27741, 27742, 0, 
73, 1, 182, 89, -1, 208, 181, 25.5, 35, ABplaaaaa, 340, 27788, 55131, 1984, , 27788, 25000, 28394, 28354, 0, 
74, 1, 39, 142, -1, 555, 328, 20.2, 35, ABprapapp, 343, 26756, 53833, 2012, , 26756, 25000, 27397, 27397, 0, 
75, 1, 25, 16, -1, 485, 117, 14.2, 31, ABplapppa, 78, 27906, 40854, 1464, , 27906, 25000, 28241, 28272, 0, 
76, 1, 33, 132, -1, 239, 147, 23.3, 35, ABplaapaa, 323, 28874, 58902, 2040, , 28874, 25000, 28212, 28224, 0, 
77, 1, 20, 180, -1, 538, 142, 21.4, 32, Caapa, 193, 27821, 41287, 1484, , 27821, 25000, 27772, 27783, 0, 
78, 1, 110, 72, -1, 289, 375, 10.6, 31, ABarapppa, -106, 27716, 36918, 1332, , 27716, 25000, 28670, 28679, 0, 
79, 1, 65, 110, -1, 268, 211, 15.3, 33, MSapaap, 221, 27328, 47442, 1736, , 27328, 25000, 28430, 28455, 0, 
80, 1, 105, 29, -1, 452, 120, 17.2, 34, ABplappap, 175, 26941, 51511, 1912, , 26941, 25000, 27801, 27866, 0, 
81, 1, 34, 80, -1, 131, 250, 11.6, 31, ABalpaaaa, 17, 27171, 36192, 1332, , 27171, 25000, 28753, 28700, 0, 
82, 1, 98, 184, -1, 284, 310, 21.8, 35, ABalapppp, 309, 27388, 55104, 2012, , 27388, 25000, 28211, 28220, 0, 
83, 1, 107, 121, -1, 421, 341, 13.1, 36, MSpppp, 110, 27880, 63454, 2276, , 27880, 25000, 27883, 27888, 0, 
84, 1, 67, 166, -1, 547, 184, 22.9, 37, Caaap, 373, 27417, 67118, 2448, , 27417, 25000, 27992, 27998, 0, 
85, 1, 115, 116, -1, 357, 160, 24.8, 36, ABplapaaa, 356, 27911, 63636, 2280, , 27911, 25000, 27793, 27785, 0, 
86, 1, 14, 119, -1, 285, 290, 9.8, 33, ABaraappp, 79, 27504, 47967, 1744, , 27504, 25000, 28565, 28474, 0, 
87, 1, 96, 150, -1, 420, 218, 7.0, 34, MSaappp, 261, 30327, 60411, 1992, , 30327, 25000, 31125, 31180, 0, 
88, 1, 153, 5, -1, 349, 391, 13.5, 33, ABprpaaap, 295, 26932, 43737, 1624, , 26932, 25000, 28404, 28470, 0, 
89, 1, 5, 61, -1, 263, 191, 9.2, 32, ABalppapp, 299, 28139, 45247, 1608, , 28139, 25000, 28804, 28856, 0, 
90, 1, 45, 81, -1, 444, 194, 9.8, 34, Daa, 343, 27601, 52774, 1912, , 27601, 25000, 28710, 28746, 0, 
91, 1, 178, 163, -1, 351, 285, 13.4, 31, MSpaapp, 236, 27387, 36480, 1332, , 27387, 25000, 28679, 28686, 0, 
92, 1, 124, 94, -1, 507, 360, 22.4, 36, ABprapapa, 365, 27359, 57783, 2112, , 27359, 25000, 27692, 27692, 0, 
93, 1, 100, 175, -1, 405, 376, 8.1, 32, ABprpapap, 207, 28056, 44217, 1576, , 28056, 25000, 29912, 30038, 0, 
94, 1, 120, 90, -1, 473, 122, 10.3, 32, ABplpppap, 317, 28077, 44474, 1584, , 28077, 25000, 28673, 28725, 0, 
95, 1, 3, 160, -1, 384, 174, 14.5, 35, MSappp, 344, 27547, 54654, 1984, , 27547, 25000, 27788, 27767, 0, 
96, 1, 101, 86, -1, 521, 348, 13.4, 32, ABprppapp, 292, 27373, 40621, 1484, , 27373, 25000, 28554, 28703, 0, 
97, 1, 168, 104, -1, 260, 319, 17.2, 34, MSpaaap, 273, 27282, 52163, 1912, , 27282, 25000, 27917, 27901, 0, 
98, 1, 92, 17, -1, 230, 142, 14.1, 32, ABplpaaaa, 302, 27466, 43286, 1576, , 27466, 25000, 28052, 28113, 0, 
99, 1, 166, 36, -1, 476, 382, 9.0, 32, ABprppaap, 275, 27508, 46984, 1708, , 27508, 25000, 28611, 28594, 0, 
100, 1, 43, 174, -1, 339, 278, 25.4, 39, ABarpaapp, 349, 27713, 77596, 2800, , 27713, 25000, 27806, 27808, 0, 
101, 1, 63, 152, -1, 296, 229, 19.4, 39, Eala, 388, 27181, 76107, 2800, , 27181, 25000, 27985, 28019, 0, 
102, 1, 86, 181, -1, 444, 322, 6.6, 33, ABprpappp, 173, 32058, 52575, 1640, , 32058, 25000, 31864, 31988, 0, 
103, 1, 75, 26, -1, 293, 310, 5.9, 31, ABarapapa, 316, 33108, 49000, 1480, , 33108, 25000, 32917, 32973, 0, 
104, 1, 77, 39, -1, 251, 315, 6.6, 33, ABarapaap, -172, 32610, 53481, 1640, , 32610, 25000, 33163, 33198, 0, 
105, 1, 85, 188, -1, 265, 334, 25.5, 35, ABarpapap, 347, 27623, 54805, 1984, , 27623, 25000, 28472, 28519, 0, 
106, 1, 108, 135, -1, 295, 179, 19.6, 35, ABalppppp, 305, 27668, 53454, 1932, , 27668, 25000, 28475, 28494, 0, 
107, 1, 112, 73, -1, 584, 313, 14.3, 32, ABprapppp, 302, 27203, 43089, 1584, , 27203, 25000, 27194, 27203, 0, 
108, 1, 32, 129, -1, 182, 331, 10.7, 34, ABaraaapa, 327, 27821, 52414, 1884, , 27821, 25000, 28106, 28161, 0, 
109, 1, 87, 37, -1, 145, 232, 15.7, 35, ABalpaapa, -70, 27873, 56861, 2040, , 27873, 25000, 28849, 28872, 0, 
110, 1, 140, 141, -1, 599, 189, 16.5, 35, Cpapp, 348, 27685, 54927, 1984, , 27685, 25000, 28109, 28144, 0, 
111, 1, 167, 146, -1, 194, 203, 11.7, 32, ABalpaapp, 209, 27037, 42827, 1584, , 27037, 25000, 28399, 28452, 0, 
112, 1, 19, 134, -1, 248, 256, 13.9, 35, MSaaapa, 382, 27549, 56971, 2068, , 27549, 25000, 28890, 28916, 0, 
113, 1, 129, 137, -1, 429, 114, 10.3, 33, ABplpppaa, 335, 28423, 49343, 1736, , 28423, 25000, 28228, 28234, 0, 
114, 1, 181, 103, -1, 206, 306, 15.3, 33, MSpaaaa, 298, 27707, 48100, 1736, , 27707, 25000, 28347, 28335, 0, 
115, 1, 136, 130, -1, 281, 162, 8.3, 32, ABplpapaa, 287, 28494, 45135, 1584, , 28494, 25000, 31085, 31412, 0, 
116, 1, 93, 124, -1, 232, 297, 22.2, 35, ABalapppa, 320, 27576, 55482, 2012, , 27576, 25000, 27715, 27797, 0, 
117, 1, 187, 147, -1, 493, 339, 7.7, 33, ABprppppa, 241, 28329, 49179, 1736, , 28329, 25000, 31490, 31648, 0, 
118, 1, 109, 133, -1, 232, 177, 11.1, 34, ABalppapa, 270, 27209, 53765, 1976, , 27209, 25000, 28869, 28906, 0, 
119, 1, 121, 144, -1, 345, 318, 6.1, 33, ABarapapp, 309, 33241, 57706, 1736, , 33241, 25000, 32641, 32720, 0, 
120, 1, 54, 158, -1, 163, 170, 16.4, 32, ABalppaaa, 289, 27792, 41243, 1484, , 27792, 25000, 27818, 27839, 0, 
121, 1, 71, 83, -1, 193, 151, 13.8, 30, ABalppaap, 72, 27781, 36671, 1320, , 27781, 25000, 28130, 28072, 0, 
122, 1, 180, 1, -1, 382, 395, 19.9, 34, ABpraappa, 129, 27167, 53682, 1976, , 27167, 25000, 27853, 27923, 0, 
123, 1, 135, 173, -1, 433, 131, 21.8, 35, ABplapapa, 336, 27011, 54347, 2012, , 27011, 25000, 28389, 28409, 0, 
124, 1, 144, 52, -1, 388, 400, 15.3, 33, ABprpaapp, 303, 27842, 48334, 1736, , 27842, 25000, 28374, 28384, 0, 
125, 1, 159, 115, -1, 326, 249, 13.7, 31, MSaaapp, 318, 27346, 37410, 1368, , 27346, 25000, 28593, 28602, 0, 
126, 1, 156, 63, -1, 370, 370, 8.3, 32, ABprpapaa, 138, 29270, 46363, 1584, , 29270, 25000, 29605, 29869, 0, 
127, 1, 111, 93, -1, 426, 221, 18.5, 40, Epla, 397, 27028, 81515, 3016, , 27028, 25000, 28026, 28028, 0, 
128, 1, 21, 60, -1, 412, 292, 7.5, 30, MSpappa, 193, 28533, 35153, 1232, , 28533, 25000, 30441, 30552, 0, 
129, 1, 53, 42, -1, 234, 255, 6.2, 34, ABalpappa, 309, 33446, 63949, 1912, , 33446, 25000, 33280, 33370, 0, 
130, 1, 17, 66, -1, 264, 266, 25.5, 37, ABarpaapa, 361, 27688, 68002, 2456, , 27688, 25000, 28060, 27996, 0, 
131, 1, 160, 131, -1, 443, 381, 11.0, 31, ABprppaaa, 284, 27544, 43520, 1580, , 27544, 25000, 28388, 28437, 0, 
132, 1, 161, 165, -1, 216, 156, 17.4, 35, ABalpppap, 308, 26999, 52162, 1932, , 26999, 25000, 27976, 27954, 0, 
133, 1, 172, 100, -1, 448, 308, 17.5, 39, Epra, 54, 27622, 79550, 2880, , 27622, 25000, 28337, 28355, 0, 
134, 1, 62, 170, -1, 291, 185, 14.4, 34, MSapapa, 316, 28200, 50196, 1780, , 28200, 25000, 28728, 28936, 0, 
135, 1, 125, 44, -1, 407, 336, 7.0, 32, ABprpappa, 296, 30249, 51665, 1708, , 30249, 25000, 31290, 31311, 0, 
136, 1, 6, 92, -1, 310, 133, 20.3, 34, ABplaappa, -248, 29035, 54702, 1884, , 29035, 25000, 28455, 28513, 0, 
137, 1, 189, 99, -1, 326, 352, 16.6, 31, MSppapa, 197, 28577, 38064, 1332, , 28577, 25000, 28117, 28125, 0, 
138, 1, 10, 151, -1, 228, 262, 18.2, 34, MSaaaap, 310, 27322, 52240, 1912, , 27322, 25000, 27997, 28000, 0, 
139, 1, 134, 54, -1, 170, 210, 9.4, 32, ABalpapaa, -78, 27690, 41092, 1484, , 27690, 25000, 29181, 29313, 0, 
140, 1, 27, 24, -1, 171, 255, 10.6, 31, ABaraapaa, 280, 27109, 36109, 1332, , 27109, 25000, 28734, 28765, 0, 
141, 1, 170, 45, -1, 454, 376, 22.3, 33, ABprapaap, -65, 27878, 48397, 1736, , 27878, 25000, 27659, 27602, 0, 
142, 1, 57, 88, -1, 171, 280, 16.4, 33, MSaaaaa, -70, 27868, 45703, 1640, , 27868, 25000, 28445, 28475, 0, 
143, 1, 147, 69, -1, 206, 206, 15.3, 30, MSapaaa, 229, 26738, 34973, 1308, , 26738, 25000, 27999, 28081, 0, 
144, 1, 64, 53, -1, 357, 133, 19.3, 36, ABplaappp, -64, 27544, 61038, 2216, , 27544, 25000, 28027, 28006, 0, 
145, 1, 173, 2, -1, 565, 200, 13.3, 34, Cappp, 299, 27880, 52525, 1884, , 27880, 25000, 28264, 28435, 0, 
146, 1, 128, 101, -1, 522, 121, 12.3, 32, ABplapppp, 306, 27956, 44283, 1584, , 27956, 25000, 27540, 27553, 0, 
147, 1, 179, 107, -1, 466, 258, 7.2, 34, MSpappp, 263, 28833, 55128, 1912, , 28833, 25000, 30793, 30793, 0, 
148, 1, 55, 111, -1, 296, 289, 15.2, 35, MSpaapa, 346, 27216, 54758, 2012, , 27216, 25000, 28668, 28675, 0, 
149, 1, 127, 4, -1, 457, 281, 26.3, 43, Cpaaa, 433, 27426, 103891, 3788, , 27426, 25000, 27660, 27697, 0, 
150, 1, 99, 164, -1, 526, 317, 7.5, 32, ABprppppp, 263, 29032, 41574, 1432, , 29032, 25000, 31861, 32122, 0, 
151, 1, 40, 56, -1, 324, 185, 6.7, 36, ABplpappa, 344, 32870, 72839, 2216, , 32870, 25000, 34477, 34535, 0, 
152, 1, 52, 59, -1, 346, 225, 7.8, 31, MSaapap, 315, 30634, 44848, 1464, , 30634, 25000, 30960, 30757, 0, 
153, 1, 139, 13, -1, 219, 258, 25.8, 34, ABarpaaap, 302, 27979, 53496, 1912, , 27979, 25000, 28460, 28578, 0, 
154, 1, 69, 67, -1, 416, 161, 7.1, 33, ABplppppa, 287, 31202, 54167, 1736, , 31202, 25000, 32644, 32655, 0, 
155, 1, 50, 91, -1, 196, 345, 20.2, 33, ABalaappa, 296, 26850, 46827, 1744, , 26850, 25000, 27750, 27778, 0, 
156, 1, 13, 34, -1, 582, 270, 16.9, 36, Cpppa, 133, 27960, 63636, 2276, , 27960, 25000, 28232, 28243, 0, 
157, 1, 142, 155, -1, 244, 212, 21.8, 33, ABalapapp, 326, 27900, 48657, 1744, , 27900, 25000, 27898, 27906, 0, 
158, 1, 138, 120, -1, 294, 231, 10.7, 33, MSaapaa, 336, 28675, 49779, 1736, , 28675, 25000, 28931, 28937, 0, 
159, 1, 164, 9, -1, 369, 231, 5.6, 32, MSaappa, 222, 34410, 51064, 1484, , 34410, 25000, 33483, 33622, 0, 
160, 1, 4, 172, -1, 430, 175, 24.5, 35, ABarppapa, 347, 27680, 54918, 1984, , 27680, 25000, 27712, 27706, 0, 
161, 1, 176, 14, -1, 542, 265, 24.7, 40, Cpaap, 403, 27555, 84207, 3056, , 27555, 25000, 27887, 27887, 0, 
162, 1, 141, 38, -1, 151, 324, 14.8, 31, ABalaapaa, 132, 27543, 40323, 1464, , 27543, 25000, 28113, 28219, 0, 
163, 1, 61, 117, -1, 267, 130, 16.6, 34, ABplpaapa, 309, 27194, 48406, 1780, , 27194, 25000, 28393, 28462, 0, 
164, 1, 145, 154, -1, 369, 319, 26.4, 36, ABarpppaa, 368, 28020, 59178, 2112, , 28020, 25000, 27925, 27919, 0, 
165, 1, 46, 30, -1, 559, 348, 11.7, 31, ABprpppap, 271, 27005, 36943, 1368, , 27005, 25000, 28411, 28435, 0, 
166, 1, 116, 55, -1, 327, 283, 8.4, 33, MSpapaa, -4, 31491, 51646, 1640, , 31491, 25000, 30382, 30461, 0, 
167, 1, 9, 68, -1, 391, 261, 8.5, 33, MSpapap, 290, 29414, 47768, 1624, , 29414, 25000, 29526, 29565, 0, 
168, 1, 188, 18, -1, 398, 200, 24.8, 35, ABarppaap, 253, 27934, 56204, 2012, , 27934, 25000, 27674, 27689, 0, 
169, 1, 37, 95, -1, 371, 234, 17.2, 38, Ealp, 249, 28054, 74398, 2652, , 28054, 25000, 28828, 28861, 0, 
170, 1, 31, 148, -1, 214, 212, 7.7, 33, ABalpapap, 112, 29610, 51403, 1736, , 29610, 25000, 32715, 32716, 0, 
171, 1, 80, 183, -1, 465, 156, 6.4, 33, ABplppppp, 285, 32607, 53475, 1640, , 32607, 25000, 34651, 35184, 0, 
172, 1, 76, 7, -1, 260, 352, 8.5, 30, ABarappaa, 309, 27798, 34247, 1232, , 27798, 25000, 29492, 29538, 0, 
173, 1, 16, 3, -1, 307, 333, 26.1, 34, ABarpappa, 317, 28363, 56045, 1976, , 28363, 25000, 28205, 28254, 0, 
174, 1, 155, 169, -1, 330, 289, 19.4, 38, Eara, 387, 27402, 70698, 2580, , 27402, 25000, 28372, 28373, 0, 
175, 1, 42, 128, -1, 590, 237, 21.5, 37, Cpapa, 349, 27715, 68069, 2456, , 27715, 25000, 28362, 28362, 0, 
176, 1, 60, 190, -1, 176, 279, 25.7, 35, ABarpaaaa, 311, 27467, 56033, 2040, , 27467, 25000, 28507, 28625, 0, 
177, 1, 28, 162, -1, 523, 163, 14.4, 34, Cappa, 317, 28333, 50432, 1780, , 28333, 25000, 28718, 28745, 0, 
178, 1, 2, 176, -1, 519, 274, 18.6, 39, Eprp, 141, 27511, 77030, 2800, , 27511, 25000, 28490, 28485, 0, 
179, 1, 130, 31, -1, 238, 286, 10.0, 32, ABaraappa, 283, 28238, 48231, 1708, , 28238, 25000, 28692, 28842, 0, 
180, 1, 146, 136, -1, 277, 348, 14.0, 31, MSppaaa, 231, 27856, 44012, 1580, , 27856, 25000, 28139, 28133, 0, 
181, 1, 185, 145, -1, 348, 189, 16.4, 32, MSapapp, 218, 27516, 40834, 1484, , 27516, 25000, 28272, 28286, 0, 
182, 1, 29, 138, -1, 218, 258, 10.5, 33, ABaraapap, 290, 27682, 44956, 1624, , 27682, 25000, 28619, 28629, 0, 
183, 1, 113, 112, -1, 234, 348, 21.9, 34, ABalaappp, 321, 27280, 53905, 1976, , 27280, 25000, 27891, 27871, 0, 
184, 1, 104, 122, -1, 429, 382, 18.9, 37, ABpraappp, 369, 26951, 65975, 2448, , 26951, 25000, 28054, 28103, 0, 
185, 0, 163, -1, -1, 114, 183, 22.7, 34, , 224, 1203, 53065, 1884, , 28166, 25000, 26963, 26963, 0, 
186, 1, 24, 177, -1, 299, 391, 13.8, 32, ABprpaaaa, 325, 26940, 43320, 1608, , 26940, 25000, 28231, 28241, 0, 
187, 0, 158, -1, -1, 89, 265, 14.7, 29, , 169, 40, 28872, 1068, , 27034, 25000, 27133, 26994, 0, 
188, 1, 137, 85, -1, 251, 202, 26.2, 36, ABplaaaap, 125, 27976, 63785, 2280, , 27976, 25000, 27965, 27988, 0, 
189, 1, 157, 96, -1, 193, 202, 21.5, 35, ABalapaap, 93, 27408, 54378, 1984, , 27408, 25000, 28311, 28436, 0, 
