1, 1, 122, 41, -1, 377, 396, 20.4, 33, ABpraappa, 282, 27228, 44654, 1640, , 27228, 25000, 27751, 27783, 0, 
2, 1, 145, 165, -1, 565, 204, 12.6, 34, Cappp, 297, 27047, 48144, 1780, , 27047, 25000, 28530, 28708, 0, 
3, 1, 173, 134, -1, 308, 331, 26.3, 35, ABarpappa, 348, 27264, 55618, 2040, , 27264, 25000, 28465, 28493, 0, 
4, 1, 149, 147, -1, 452, 277, 26.2, 42, Cpaaa, 366, 27677, 95320, 3444, , 27677, 25000, 27830, 27860, 0, 
5, 1, 88, 31, -1, 345, 393, 13.4, 33, ABprpaaap, 115, 27162, 44546, 1640, , 27162, 25000, 27995, 28063, 0, 
6, 1, 64, 91, -1, 237, 371, 19.4, 33, ABpraaapa, 331, 27360, 44871, 1640, , 27360, 25000, 27950, 27930, 0, 
7, 1, 172, 3, -1, 261, 350, 8.4, 31, ABarappaa, 205, 27926, 37197, 1332, , 27926, 25000, 29747, 29830, 0, 
8, 1, 8, 88, -1, 555, 197, 9.2, 34, Capap, 342, 27071, 51759, 1912, , 27071, 25000, 29314, 29501, 0, 
9, 1, 159, 57, -1, 370, 234, 5.4, 32, MSaappa, 234, 34980, 51911, 1484, , 34980, 25000, 33433, 33638, 0, 
10, 1, 20, 188, -1, 197, 232, 24.6, 34, ABalapapa, 255, 27311, 48614, 1780, , 27311, 25000, 28160, 28318, 0, 
11, 1, 65, 30, -1, 227, 342, 10.5, 31, ABaraaapp, 302, 27844, 34304, 1232, , 27844, 25000, 28433, 28436, 0, 
12, 1, 39, 61, -1, 588, 234, 14.4, 36, Cpppp, 335, 27094, 57222, 2112, , 27094, 25000, 28265, 28380, 0, 
13, 1, 153, 15, -1, 220, 257, 26.4, 33, ABarpaaap, 284, 27463, 45040, 1640, , 27463, 25000, 27875, 27866, 0, 
14, 1, 161, 182, -1, 540, 268, 24.5, 40, Cpaap, 399, 27475, 82865, 3016, , 27475, 25000, 28071, 28042, 0, 
15, 1, 19, 106, -1, 467, 212, 13.2, 36, Dap, 342, 27110, 61810, 2280, , 27110, 25000, 28205, 28215, 0, 
16, 1, 75, 150, -1, 489, 117, 13.7, 32, ABplapppa, 79, 26915, 42633, 1584, , 26915, 25000, 27545, 27505, 0, 
17, 1, 98, 53, -1, 229, 145, 13.6, 31, ABplpaaaa, 307, 27168, 36188, 1332, , 27168, 25000, 27831, 27774, 0, 
18, 1, 168, 51, -1, 400, 193, 25.4, 35, ABarppaap, 358, 27511, 53151, 1932, , 27511, 25000, 27728, 27725, 0, 
19, 1, 47, 95, -1, 187, 351, 15.4, 31, ABalaapap, 265, 27365, 36450, 1332, , 27365, 25000, 27659, 27747, 0, 
20, 1, 26, 86, -1, 573, 151, 16.4, 35, Caapp, 203, 27595, 53314, 1932, , 27595, 25000, 28163, 28161, 0, 
21, 1, 60, 80, -1, 495, 222, 19.1, 39, Eplp, 370, 27611, 75985, 2752, , 27611, 25000, 28438, 28440, 0, 
22, 1, 11, 69, -1, 470, 372, 13.5, 32, ABprppapa, 280, 27952, 40027, 1432, , 27952, 25000, 28311, 28324, 0, 
23, 1, 43, 143, -1, 521, 373, 17.4, 37, ABprappap, -417, 27805, 64731, 2328, , 27805, 25000, 28201, 28199, 0, 
24, 1, 140, 119, -1, 177, 255, 10.0, 31, ABaraapaa, 259, 27773, 43882, 1580, , 27773, 25000, 28247, 28301, 0, 
25, 1, 31, 50, -1, 328, 334, 12.5, 32, MSppaap, 226, 27251, 39024, 1432, , 27251, 25000, 27966, 27961, 0, 
26, 1, 103, 111, -1, 288, 307, 5.9, 32, ABarapapa, 285, 33530, 52843, 1576, , 33530, 25000, 32971, 32943, 0, 
27, 1, 32, 16, -1, 254, 387, 15.4, 33, ABpraaaap, 326, 28021, 45954, 1640, , 28021, 25000, 27953, 27985, 0, 
28, 1, 2, 171, -1, 286, 235, 6.4, 34, ABalpappp, 331, 32635, 58090, 1780, , 32635, 25000, 32920, 32937, 0, 
29, 1, 80, 14, -1, 459, 126, 17.3, 34, ABplappap, -127, 26769, 50433, 1884, , 26769, 25000, 28316, 28333, 0, 
30, 1, 165, 45, -1, 555, 353, 11.8, 31, ABprpppap, 405, 28615, 41892, 1464, , 28615, 25000, 27867, 27879, 0, 
31, 1, 179, 100, -1, 240, 284, 10.2, 32, ABaraappa, 430, 27665, 44485, 1608, , 27665, 25000, 28254, 28317, 0, 
32, 1, 36, 163, -1, 375, 133, 9.5, 32, ABplppaap, 319, 27876, 39918, 1432, , 27876, 25000, 28205, 28228, 0, 
33, 1, 69, 154, -1, 129, 253, 19.6, 33, ABalaaaal, 298, 27776, 45553, 1640, , 27776, 25000, 28059, 28083, 0, 
34, 1, 156, 89, -1, 584, 275, 16.7, 34, Cpppa, 340, 28086, 52914, 1884, , 28086, 25000, 28322, 28335, 0, 
35, 1, 15, 78, -1, 139, 296, 12.4, 32, ABaraaaaa, -15, 27300, 40513, 1484, , 27300, 25000, 27748, 27841, 0, 
36, 1, 99, 108, -1, 468, 385, 8.6, 32, ABprppaap, 315, 27869, 41358, 1484, , 27869, 25000, 29162, 29218, 0, 
37, 1, 109, 94, -1, 145, 233, 15.5, 35, ABalpaapa, 351, 27348, 54259, 1984, , 27348, 25000, 28950, 28975, 0, 
38, 1, 162, 4, -1, 154, 328, 14.5, 31, ABalaapaa, 273, 28124, 34649, 1232, , 28124, 25000, 28111, 28120, 0, 
39, 1, 104, 46, -1, 248, 312, 6.5, 32, ABarapaap, 130, 33486, 47952, 1432, , 33486, 25000, 33115, 33225, 0, 
40, 1, 46, 117, -1, 522, 286, 12.7, 36, Dpp, 333, 27440, 60807, 2216, , 27440, 25000, 28606, 28607, 0, 
41, 1, 53, 169, -1, 397, 376, 23.6, 36, ABprapaaa, 311, 27457, 57989, 2112, , 27457, 25000, 27362, 27364, 0, 
42, 1, 129, 149, -1, 239, 254, 6.2, 33, ABalpappa, 81, 34942, 60938, 1744, , 34942, 25000, 33682, 33677, 0, 
43, 1, 61, 155, -1, 566, 351, 16.2, 33, ABprapppa, 276, 27240, 47507, 1744, , 27240, 25000, 27794, 27766, 0, 
44, 1, 135, 136, -1, 402, 335, 6.7, 32, ABprpappa, 300, 30805, 48795, 1584, , 30805, 25000, 32136, 32144, 0, 
45, 1, 141, 168, -1, 449, 375, 21.8, 34, ABprapaap, 303, 27912, 53368, 1912, , 27912, 25000, 27785, 27818, 0, 
46, 1, 55, 179, -1, 331, 377, 10.1, 33, ABarapppp, 305, 27473, 47693, 1736, , 27473, 25000, 28892, 29097, 0, 
47, 1, 27, 9, -1, 141, 205, 11.7, 32, ABalpaaap, 273, 27206, 43094, 1584, , 27206, 25000, 28165, 28166, 0, 
48, 1, 68, 67, -1, 406, 234, 12.3, 34, Z3, -269, 28154, 53042, 1884, , 28154, 25000, 28619, 28619, 0, 
49, 1, 35, 116, -1, 345, 332, 23.3, 35, ABarpappp, 340, 27796, 56704, 2040, , 27796, 25000, 28018, 27972, 0, 
50, 1, 38, 49, -1, 484, 164, 22.0, 36, ABarppapp, 311, 27119, 61073, 2252, , 27119, 25000, 28249, 28254, 0, 
51, 1, 67, 33, -1, 175, 294, 10.4, 30, ABaraaaap, 401, 26860, 31050, 1156, , 26860, 25000, 27988, 28022, 0, 
52, 1, 124, 56, -1, 378, 397, 15.5, 34, ABprpaapp, 399, 27255, 46007, 1688, , 27255, 25000, 27707, 27713, 0, 
53, 1, 144, 162, -1, 363, 130, 18.8, 35, ABplaappp, 351, 27128, 54581, 2012, , 27128, 25000, 28385, 28425, 0, 
54, 1, 139, 85, -1, 172, 213, 9.2, 32, ABalpapaa, 322, 27900, 44864, 1608, , 27900, 25000, 28918, 28926, 0, 
55, 1, 166, 175, -1, 325, 281, 8.2, 34, MSpapaa, 342, 30067, 57489, 1912, , 30067, 25000, 30453, 30582, 0, 
56, 1, 151, 186, -1, 330, 185, 6.5, 35, ABplpappa, 322, 34315, 68080, 1984, , 34315, 25000, 34425, 34525, 0, 
57, 0, 187, -1, -1, 89, 264, 14.8, 29, , 167, 984, 31482, 1112, , 28311, 25000, 27368, 27327, 0, 
58, 1, 56, 42, -1, 513, 374, 10.6, 33, ABprpppaa, 277, 27843, 45663, 1640, , 27843, 25000, 28388, 28401, 0, 
59, 1, 152, 177, -1, 349, 226, 8.2, 34, MSaapap, 316, 29033, 55511, 1912, , 29033, 25000, 30472, 30212, 0, 
60, 1, 128, 7, -1, 413, 296, 8.3, 30, MSpappa, 256, 28044, 36682, 1308, , 28044, 25000, 30225, 30279, 0, 
61, 1, 89, 84, -1, 264, 187, 9.6, 34, ABalppapp, 157, 27954, 49759, 1780, , 27954, 25000, 29174, 29384, 0, 
62, 1, 45, 120, -1, 160, 299, 22.9, 35, ABalappaa, 307, 27640, 57159, 2068, , 27640, 25000, 27926, 27984, 0, 
63, 1, 126, 133, -1, 368, 367, 8.6, 32, ABprpapaa, 252, 27585, 40936, 1484, , 27585, 25000, 29553, 29777, 0, 
64, 1, 24, 153, -1, 447, 139, 13.2, 32, ABplppapp, 325, 27978, 44989, 1608, , 27978, 25000, 28288, 28337, 0, 
65, 1, 33, 123, -1, 325, 402, 17.4, 32, ABprpaapa, 320, 27683, 41082, 1484, , 27683, 25000, 27395, 27404, 0, 
66, 1, 130, 176, -1, 265, 263, 25.5, 37, ABarpaapa, 370, 27833, 68358, 2456, , 27833, 25000, 27793, 27812, 0, 
67, 1, 154, 10, -1, 419, 157, 7.3, 33, ABplppppa, 339, 30426, 52820, 1736, , 30426, 25000, 32848, 32897, 0, 
68, 1, 167, 112, -1, 389, 267, 8.5, 32, MSpapap, 267, 30262, 43335, 1432, , 30262, 25000, 29914, 30028, 0, 
69, 1, 143, 178, -1, 208, 206, 15.4, 31, MSapaaa, 307, 27708, 36907, 1332, , 27708, 25000, 27910, 27976, 0, 
70, 1, 17, 21, -1, 240, 164, 19.6, 34, ABalppppa, 330, 28116, 50046, 1780, , 28116, 25000, 28060, 28079, 0, 
71, 1, 30, 129, -1, 373, 234, 25.9, 36, ABarppaaa, 363, 27872, 63436, 2276, , 27872, 25000, 27959, 27973, 0, 
72, 1, 78, 127, -1, 284, 369, 10.5, 30, ABarapppa, -70, 27508, 33890, 1232, , 27508, 25000, 28413, 28486, 0, 
73, 1, 107, 24, -1, 580, 318, 14.0, 32, ABprapppp, 294, 28261, 48270, 1708, , 28261, 25000, 27630, 27659, 0, 
74, 1, 7, 166, -1, 400, 328, 24.2, 36, ABarpppap, 361, 27021, 61607, 2280, , 27021, 25000, 28004, 28024, 0, 
75, 1, 12, 97, -1, 212, 373, 16.4, 30, ABpraaaaa, 142, 27520, 31813, 1156, , 27520, 25000, 27772, 27834, 0, 
76, 1, 18, 142, -1, 344, 382, 22.4, 34, ABpraapap, 345, 26923, 47923, 1780, , 26923, 25000, 28190, 28260, 0, 
77, 1, 21, 19, -1, 209, 301, 7.6, 30, ABarapaaa, 199, 29838, 34493, 1156, , 29838, 25000, 31903, 31888, 0, 
78, 1, 40, 114, -1, 150, 324, 18.6, 33, ABalaaapp, 113, 27294, 44762, 1640, , 27294, 25000, 27985, 28011, 0, 
79, 1, 59, 172, -1, 500, 179, 8.1, 36, Capaa, 320, 28771, 65483, 2276, , 28771, 25000, 31228, 31162, 0, 
80, 1, 81, 17, -1, 135, 250, 11.4, 31, ABalpaaaa, 346, 28182, 37538, 1332, , 28182, 25000, 28544, 28571, 0, 
81, 1, 90, 35, -1, 443, 192, 9.4, 35, Daa, 144, 26783, 51744, 1932, , 26783, 25000, 29147, 29127, 0, 
82, 1, 10, 39, -1, 473, 269, 13.9, 35, Z2, 306, 27549, 56971, 2068, , 27549, 25000, 28168, 28180, 0, 
83, 1, 121, 159, -1, 191, 149, 14.2, 30, ABalppaap, 169, 27212, 35920, 1320, , 27212, 25000, 27639, 27691, 0, 
84, 1, 4, 12, -1, 228, 308, 26.3, 36, ABarpapaa, 355, 27660, 61295, 2216, , 27660, 25000, 28453, 28542, 0, 
85, 1, 188, 66, -1, 255, 203, 26.2, 35, ABplaaaap, 37, 26924, 54171, 2012, , 26924, 25000, 27722, 27737, 0, 
86, 1, 96, 6, -1, 518, 350, 13.5, 32, ABprppapp, 453, 26510, 37962, 1432, , 26510, 25000, 28293, 28366, 0, 
87, 1, 62, 25, -1, 278, 132, 12.5, 33, ABplpaaap, 280, 26509, 43050, 1624, , 26509, 25000, 28418, 28443, 0, 
88, 1, 142, 22, -1, 169, 282, 16.4, 32, MSaaaaa, 307, 28027, 41592, 1484, , 28027, 25000, 28273, 28295, 0, 
89, 1, 73, 38, -1, 212, 182, 25.6, 35, ABplaaaaa, -136, 27916, 53933, 1932, , 27916, 25000, 28270, 28251, 0, 
90, 1, 94, 60, -1, 475, 129, 9.6, 32, ABplpppap, 274, 28124, 41736, 1484, , 28124, 25000, 28730, 28755, 0, 
91, 1, 155, 146, -1, 190, 346, 20.2, 32, ABalaappa, -235, 27294, 43888, 1608, , 27294, 25000, 27371, 27426, 0, 
92, 1, 136, 92, -1, 320, 133, 20.6, 34, ABplaappa, 320, 27737, 49371, 1780, , 27737, 25000, 28067, 28109, 0, 
93, 1, 127, 140, -1, 426, 221, 19.0, 40, Epla, 401, 27213, 84033, 3088, , 27213, 25000, 27972, 27973, 0, 
94, 1, 92, 87, -1, 507, 363, 21.7, 35, ABprapapa, -219, 26650, 54365, 2040, , 26650, 25000, 27776, 27788, 0, 
95, 1, 169, 145, -1, 372, 232, 16.8, 38, Ealp, 482, 27599, 73193, 2652, , 27599, 25000, 28845, 28832, 0, 
96, 1, 189, 11, -1, 193, 207, 21.6, 35, ABalapaap, 314, 27751, 53614, 1932, , 27751, 25000, 28273, 28332, 0, 
97, 1, 49, 103, -1, 475, 391, 18.2, 34, ABprappaa, 315, 27485, 52552, 1912, , 27485, 25000, 28210, 28239, 0, 
98, 1, 71, 5, -1, 379, 176, 6.4, 32, ABplpappp, 307, 33319, 49446, 1484, , 33319, 25000, 33523, 33508, 0, 
99, 1, 137, 173, -1, 321, 344, 16.5, 30, MSppapa, 259, 27193, 33502, 1232, , 27193, 25000, 28398, 28358, 0, 
100, 1, 133, 28, -1, 445, 304, 17.8, 39, Epra, 383, 27548, 73056, 2652, , 27548, 25000, 28370, 28344, 0, 
101, 1, 146, 8, -1, 528, 123, 11.6, 32, ABplapppp, 295, 27257, 40449, 1484, , 27257, 25000, 27430, 27431, 0, 
102, 1, 1, 144, -1, 345, 124, 12.3, 31, ABplppaaa, 268, 27635, 37804, 1368, , 27635, 25000, 27719, 27710, 0, 
103, 1, 114, 99, -1, 205, 306, 15.4, 32, MSpaaaa, 318, 26638, 39531, 1484, , 26638, 25000, 28363, 28371, 0, 
104, 1, 97, 170, -1, 256, 316, 17.4, 35, MSpaaap, 350, 27551, 53228, 1932, , 27551, 25000, 28265, 28270, 0, 
105, 1, 44, 43, -1, 393, 116, 12.8, 32, ABplppapa, 306, 27506, 44229, 1608, , 27506, 25000, 28325, 28292, 0, 
106, 1, 52, 105, -1, 330, 195, 12.3, 30, MSappaa, 203, 28235, 36931, 1308, , 28235, 25000, 28805, 28807, 0, 
107, 1, 147, 71, -1, 461, 259, 7.6, 34, MSpappp, 331, 28709, 51102, 1780, , 28709, 25000, 31124, 31124, 0, 
108, 1, 29, 101, -1, 128, 291, 19.5, 33, ABalaaapa, 164, 27432, 44549, 1624, , 27432, 25000, 27805, 27903, 0, 
109, 1, 54, 62, -1, 118, 289, 15.4, 30, ABalaaaar, 136, 27090, 31316, 1156, , 27090, 25000, 28145, 28170, 0, 
110, 1, 79, 167, -1, 268, 209, 15.5, 34, MSapaap, 263, 27562, 46524, 1688, , 27562, 25000, 27656, 27690, 0, 
111, 1, 148, 55, -1, 296, 291, 15.2, 35, MSpaapa, 62, 28295, 56929, 2012, , 28295, 25000, 28100, 28105, 0, 
112, 1, 183, 183, -1, 231, 346, 21.5, 34, ABalaappp, 333, 27109, 45760, 1688, , 27109, 25000, 27958, 28043, 0, 
113, 1, 25, 26, -1, 402, 136, 22.4, 34, ABplapaap, 161, 26912, 47904, 1780, , 26912, 25000, 27623, 27684, 0, 
114, 1, 6, 1, -1, 196, 293, 20.5, 33, ABalappap, 311, 27711, 45002, 1624, , 27711, 25000, 27790, 27793, 0, 
115, 1, 125, 156, -1, 327, 249, 13.9, 32, MSaaapp, 271, 27384, 43157, 1576, , 27384, 25000, 28403, 28433, 0, 
116, 1, 85, 74, -1, 364, 157, 24.4, 35, ABplapaaa, 308, 27199, 52548, 1932, , 27199, 25000, 27675, 27694, 0, 
117, 1, 163, 2, -1, 266, 128, 16.6, 33, ABplpaapa, 330, 27870, 45706, 1640, , 27870, 25000, 27829, 27790, 0, 
118, 1, 70, 48, -1, 510, 124, 17.6, 33, ABplapapp, -154, 27432, 44988, 1640, , 27432, 25000, 28177, 28168, 0, 
119, 1, 86, 157, -1, 287, 290, 9.7, 33, ABaraappp, 230, 26843, 46599, 1736, , 26843, 25000, 28492, 28514, 0, 
120, 1, 158, 82, -1, 293, 226, 10.9, 34, MSaapaa, 363, 29234, 57767, 1976, , 29234, 25000, 28954, 28970, 0, 
121, 1, 83, 122, -1, 414, 344, 13.7, 34, MSpppp, 342, 27326, 51482, 1884, , 27326, 25000, 28195, 28167, 0, 
122, 1, 184, 151, -1, 424, 387, 18.5, 35, ABpraappp, 329, 28073, 55697, 1984, , 28073, 25000, 27912, 27914, 0, 
123, 1, 13, 29, -1, 291, 370, 22.6, 34, ABpraapaa, 130, 27436, 48836, 1780, , 27436, 25000, 28005, 28022, 0, 
124, 1, 116, 189, -1, 228, 300, 22.6, 35, ABalapppa, 336, 26621, 51431, 1932, , 26621, 25000, 28066, 28139, 0, 
125, 1, 9, 36, -1, 583, 242, 10.5, 36, Cppap, 226, 28103, 60028, 2136, , 28103, 25000, 28701, 28739, 0, 
126, 1, 66, 104, -1, 343, 200, 25.4, 36, ABplaaapp, 361, 28187, 59531, 2112, , 28187, 25000, 28332, 28362, 0, 
127, 1, 58, 132, -1, 411, 123, 17.4, 34, ABplappaa, 348, 27980, 49804, 1780, , 27980, 25000, 28545, 28528, 0, 
128, 1, 175, 174, -1, 591, 239, 21.2, 38, Cpapa, 371, 27326, 72469, 2652, , 27326, 25000, 28186, 28186, 0, 
129, 1, 108, 135, -1, 184, 331, 10.4, 33, ABaraaapa, 218, 26997, 44275, 1640, , 26997, 25000, 28161, 28188, 0, 
130, 1, 115, 124, -1, 287, 164, 8.0, 33, ABplpapaa, 209, 29165, 52730, 1808, , 29165, 25000, 31456, 31874, 0, 
131, 1, 131, 115, -1, 438, 374, 11.2, 32, ABprppaaa, 185, 28603, 45993, 1608, , 28603, 25000, 28378, 28483, 0, 
132, 1, 76, 93, -1, 245, 154, 23.4, 35, ABplaapaa, 338, 27099, 52355, 1932, , 27099, 25000, 28028, 28057, 0, 
133, 1, 118, 72, -1, 229, 175, 10.5, 32, ABalppapa, 437, 27158, 38890, 1432, , 27158, 25000, 28835, 28961, 0, 
134, 1, 112, 107, -1, 247, 255, 14.7, 34, MSaaapa, 343, 27769, 52316, 1884, , 27769, 25000, 28155, 28171, 0, 
135, 1, 106, 79, -1, 295, 172, 19.4, 35, ABalppppp, 302, 28082, 54255, 1932, , 28082, 25000, 28304, 28277, 0, 
136, 1, 180, 131, -1, 273, 343, 13.6, 32, MSppaaa, 266, 28067, 41652, 1484, , 28067, 25000, 28284, 28280, 0, 
137, 1, 113, 47, -1, 435, 110, 10.3, 34, ABplpppaa, 297, 27002, 50871, 1884, , 27002, 25000, 28026, 28010, 0, 
138, 1, 182, 187, -1, 220, 255, 11.2, 33, ABaraapap, 356, 28230, 49233, 1744, , 28230, 25000, 27968, 27977, 0, 
139, 1, 37, 81, -1, 283, 369, 18.4, 34, ABpraaapp, 335, 27210, 48433, 1780, , 27210, 25000, 28249, 28284, 0, 
140, 1, 48, 110, -1, 532, 281, 7.7, 34, Cppaa, 239, 28414, 53532, 1884, , 28414, 25000, 31621, 31741, 0, 
141, 1, 110, 64, -1, 602, 195, 16.0, 34, Cpapp, 165, 27878, 55533, 1992, , 27878, 25000, 28357, 28344, 0, 
142, 1, 74, 126, -1, 555, 333, 19.7, 35, ABprapapp, 79, 27098, 55279, 2040, , 27098, 25000, 27706, 27699, 0, 
143, 1, 22, 32, -1, 316, 348, 7.8, 33, ABarappap, 356, 28768, 50172, 1744, , 28768, 25000, 31057, 31232, 0, 
144, 1, 119, 65, -1, 336, 318, 6.2, 33, ABarapapp, 326, 34257, 59745, 1744, , 34257, 25000, 32757, 33003, 0, 
145, 1, 181, 128, -1, 351, 183, 17.0, 32, MSapapp, 301, 28115, 48021, 1708, , 28115, 25000, 28700, 28737, 0, 
146, 1, 111, 148, -1, 193, 197, 12.2, 32, ABalpaapp, -51, 27736, 44599, 1608, , 27736, 25000, 28207, 28299, 0, 
147, 1, 117, 125, -1, 484, 336, 7.8, 33, ABprppppa, 335, 28788, 50206, 1744, , 28788, 25000, 30728, 30868, 0, 
148, 1, 170, 59, -1, 214, 213, 7.5, 31, ABalpapap, 68, 29435, 36264, 1232, , 29435, 25000, 32966, 32989, 0, 
149, 1, 14, 109, -1, 294, 210, 25.4, 35, ABplaaapa, 314, 27025, 52213, 1932, , 27025, 25000, 27681, 27704, 0, 
150, 1, 87, 161, -1, 422, 219, 6.7, 34, MSaappp, 296, 31446, 59244, 1884, , 31446, 25000, 31811, 31921, 0, 
151, 1, 138, 83, -1, 226, 264, 18.4, 34, MSaaaap, 329, 27260, 48522, 1780, , 27260, 25000, 27837, 27829, 0, 
152, 1, 101, 58, -1, 301, 223, 19.3, 40, Eala, 392, 27490, 84009, 3056, , 27490, 25000, 28390, 28405, 0, 
153, 1, 52, 75, -1, 372, 194, 10.5, 30, MSappap, 216, 27321, 33660, 1232, , 27321, 25000, 27899, 27919, 0, 
154, 1, 164, 13, -1, 369, 316, 26.2, 37, ABarpppaa, 333, 26978, 63992, 2372, , 26978, 25000, 27906, 27928, 0, 
155, 1, 157, 137, -1, 246, 211, 21.4, 35, ABalapapp, 272, 27310, 52762, 1932, , 27310, 25000, 28087, 28087, 0, 
156, 1, 5, 52, -1, 302, 158, 24.4, 35, ABplaapap, 95, 28462, 54988, 1932, , 28462, 25000, 27769, 27780, 0, 
157, 1, 63, 27, -1, 165, 241, 21.3, 33, ABalapaaa, 203, 27188, 47199, 1736, , 27188, 25000, 28835, 28927, 0, 
158, 1, 120, 76, -1, 159, 172, 16.2, 31, ABalppaaa, 304, 26969, 39483, 1464, , 26969, 25000, 27838, 27788, 0, 
159, 1, 57, 98, -1, 379, 347, 17.0, 32, MSppapp, 238, 28919, 49393, 1708, , 28919, 25000, 28117, 28119, 0, 
160, 1, 95, 164, -1, 382, 171, 14.1, 35, MSappp, 353, 27351, 56562, 2068, , 27351, 25000, 28189, 28184, 0, 
161, 1, 50, 77, -1, 181, 192, 18.3, 34, ABalpppaa, 333, 28199, 53127, 1884, , 28199, 25000, 27976, 28031, 0, 
162, 1, 177, 54, -1, 527, 165, 14.1, 33, Cappa, 326, 27276, 47351, 1736, , 27276, 25000, 28720, 28720, 0, 
163, 1, 91, 181, -1, 351, 281, 13.5, 29, MSpaapp, 252, 26841, 28988, 1080, , 26841, 25000, 28759, 28756, 0, 
164, 1, 150, 90, -1, 525, 319, 7.2, 33, ABprppppp, -66, 28990, 50559, 1744, , 28990, 25000, 31904, 32127, 0, 
165, 1, 132, 160, -1, 215, 154, 17.5, 35, ABalpppap, 325, 27401, 54363, 1984, , 27401, 25000, 27848, 27834, 0, 
166, 1, 84, 113, -1, 552, 184, 22.5, 38, Caaap, 368, 27433, 70008, 2552, , 27433, 25000, 28093, 28102, 0, 
167, 1, 16, 34, 44, 372, 316, 11.2, 33, MSpppa, -151, 28140, 49076, 1744, , 28140, 25000, 28014, 28021, 0, 
168, 1, 72, 68, -1, 470, 213, 26.2, 42, Caaaa, 421, 26693, 91932, 3444, , 26693, 25000, 28120, 28126, 0, 
169, 1, 174, 138, -1, 328, 286, 19.2, 39, Eara, 311, 27887, 73956, 2652, , 27887, 25000, 28690, 28675, 0, 
170, 1, 134, 20, -1, 288, 180, 14.4, 32, MSapapa, 290, 27151, 40292, 1484, , 27151, 25000, 28367, 28421, 0, 
171, 1, 42, 73, -1, 323, 145, 9.6, 34, ABplpapap, 337, 27669, 49250, 1780, , 27669, 25000, 28835, 28906, 0, 
172, 1, 160, 184, -1, 437, 174, 24.7, 35, ABarppapa, 298, 27778, 56668, 2040, , 27778, 25000, 27678, 27737, 0, 
173, 1, 123, 102, -1, 444, 131, 21.5, 35, ABplapapa, 319, 27655, 54868, 1984, , 27655, 25000, 27891, 27950, 0, 
174, 1, 100, 139, -1, 335, 274, 25.1, 39, ABarpaapp, 51, 27755, 76382, 2752, , 27755, 25000, 27971, 27975, 0, 
175, 1, 93, 185, -1, 405, 376, 8.5, 32, ABprpapap, 280, 26609, 38104, 1432, , 26609, 25000, 29497, 29533, 0, 
176, 1, 178, 37, -1, 516, 277, 18.7, 41, Eprp, 416, 27436, 90868, 3312, , 27436, 25000, 28499, 28473, 0, 
177, 1, 186, 130, -1, 300, 386, 13.6, 32, ABprpaaaa, 320, 27277, 40479, 1484, , 27277, 25000, 28004, 27972, 0, 
178, 1, 23, 70, -1, 319, 123, 15.5, 33, ABplpaapp, 302, 26385, 42849, 1624, , 26385, 25000, 28434, 28471, 0, 
179, 1, 51, 40, -1, 490, 284, 23.3, 36, ABarppppp, 358, 26883, 59573, 2216, , 26883, 25000, 27900, 27892, 0, 
180, 1, 77, 158, -1, 547, 145, 20.5, 32, Caapa, 268, 27800, 39810, 1432, , 27800, 25000, 28453, 28462, 0, 
181, 1, 102, 180, -1, 440, 322, 6.3, 31, ABprpappp, 273, 32725, 44768, 1368, , 32725, 25000, 31940, 32019, 0, 
182, 1, 41, 18, -1, 391, 303, 17.2, 39, Earp, 379, 27704, 73471, 2652, , 27704, 25000, 28879, 28886, 0, 
183, 1, 171, 141, -1, 471, 159, 6.0, 33, ABplppppp, 316, 35784, 64697, 1808, , 35784, 25000, 35045, 35392, 0, 
184, 1, 82, 118, -1, 282, 308, 21.7, 34, ABalapppp, 342, 27150, 51150, 1884, , 27150, 25000, 27987, 27987, 0, 
185, 1, 28, 121, -1, 447, 327, 23.8, 36, ABarppppa, 359, 27436, 62554, 2280, , 27436, 25000, 27673, 27670, 0, 
186, 0, 185, -1, -1, 115, 182, 22.5, 33, , 63, 934, 45034, 1624, , 27730, 25000, 26796, 26796, 0, 
187, 1, 34, 152, -1, 471, 306, 10.8, 34, Dpa, 347, 27232, 52067, 1912, , 27232, 25000, 28507, 28518, 0, 
188, 1, 105, 96, -1, 271, 329, 25.8, 35, ABarpapap, 317, 27896, 56127, 2012, , 27896, 25000, 28514, 28697, 0, 
189, 0, 3, -1, -1, 90, 264, 17.3, 31, , 64, 649, 38483, 1368, , 28131, 25000, 27566, 27482, 0, 
190, 1, 176, 23, -1, 177, 277, 25.5, 35, ABarpaaaa, 183, 27535, 54630, 1984, , 27535, 25000, 28115, 28174, 0, 
