1, 1, 114, 105, -1, 197, 296, 20.5, 33, ABalappap, 331, 28549, 46364, 1624, , 28549, 25000, 28331, 28329, 0, 
2, 1, 117, 143, -1, 265, 128, 16.6, 33, ABplpaapa, 277, 27704, 45434, 1640, , 27704, 25000, 28174, 28179, 0, 
3, 1, 7, 8, -1, 257, 348, 8.1, 31, ABarappaa, 311, 28464, 42126, 1480, , 28464, 25000, 30384, 30556, 0, 
4, 1, 38, 189, -1, 152, 331, 14.5, 31, ABalaapaa, 306, 26452, 32589, 1232, , 26452, 25000, 28145, 28188, 0, 
5, 1, 98, 177, -1, 382, 180, 6.3, 33, ABplpappp, 285, 32003, 55558, 1736, , 32003, 25000, 33864, 33884, 0, 
6, 1, 86, 7, -1, 518, 358, 13.5, 32, ABprppapp, 302, 27442, 39297, 1432, , 27442, 25000, 28657, 28901, 0, 
7, 1, 60, 184, -1, 416, 300, 7.6, 30, MSpappa, 237, 29548, 34158, 1156, , 29548, 25000, 30668, 30747, 0, 
8, 1, 101, 116, -1, 526, 128, 11.4, 31, ABplapppp, 286, 27265, 36317, 1332, , 27265, 25000, 27916, 27922, 0, 
9, 1, 47, 85, -1, 143, 208, 11.5, 31, ABalpaaap, 274, 28275, 34835, 1232, , 28275, 25000, 28223, 28261, 0, 
10, 1, 67, 35, -1, 420, 158, 7.4, 32, ABplppppa, 284, 29345, 43548, 1484, , 29345, 25000, 32078, 32109, 0, 
11, 1, 96, 124, -1, 194, 206, 21.0, 34, ABalapaap, 300, 27307, 54396, 1992, , 27307, 25000, 27899, 27997, 0, 
12, 1, 84, 5, -1, 227, 309, 26.3, 35, ABarpapaa, 323, 27341, 55775, 2040, , 27341, 25000, 28134, 28289, 0, 
13, 1, 154, 66, -1, 369, 309, 26.3, 39, ABarpppaa, 389, 27245, 75305, 2764, , 27245, 25000, 27637, 27671, 0, 
14, 1, 29, 76, -1, 470, 123, 17.4, 34, ABplappap, 403, 27594, 49117, 1780, , 27594, 25000, 28385, 28365, 0, 
15, 1, 13, 93, -1, 217, 255, 26.4, 33, ABarpaaap, 307, 27482, 45071, 1640, , 27482, 25000, 28340, 28432, 0, 
16, 1, 27, 169, -1, 257, 392, 16.1, 32, ABpraaaap, 288, 27297, 43020, 1576, , 27297, 25000, 28066, 28061, 0, 
17, 1, 80, 112, -1, 136, 248, 11.3, 32, ABalpaaaa, 289, 27319, 43274, 1584, , 27319, 25000, 28379, 28376, 0, 
18, 1, 182, 187, -1, 390, 302, 16.8, 38, Earp, 383, 27754, 73604, 2652, , 27754, 25000, 28709, 28692, 0, 
19, 1, 77, 13, -1, 209, 304, 7.6, 31, ABarapaaa, 188, 29728, 39598, 1332, , 29728, 25000, 31748, 31776, 0, 
20, 1, 170, 127, -1, 288, 179, 14.4, 31, MSapapa, -2, 27643, 36820, 1332, , 27643, 25000, 28440, 28576, 0, 
21, 1, 70, 104, -1, 238, 162, 19.7, 34, ABalppppa, 311, 27935, 52629, 1884, , 27935, 25000, 28310, 28392, 0, 
22, 1, 88, 111, -1, 169, 281, 16.5, 33, MSaaaaa, 272, 27636, 44881, 1624, , 27636, 25000, 28272, 28247, 0, 
23, 1, 190, 74, -1, 178, 278, 25.7, 36, ABarpaaaa, 358, 27716, 61419, 2216, , 27716, 25000, 28598, 28625, 0, 
24, 1, 73, 138, -1, 578, 320, 13.8, 32, ABprapppp, -149, 26819, 43125, 1608, , 26819, 25000, 27677, 27684, 0, 
25, 1, 87, 148, -1, 280, 133, 12.4, 32, ABplpaaap, 314, 27548, 40881, 1484, , 27548, 25000, 28137, 28143, 0, 
26, 1, 113, 102, -1, 405, 137, 22.2, 33, ABplapaap, 272, 26879, 46877, 1744, , 26879, 25000, 27907, 27949, 0, 
27, 1, 157, 32, -1, 163, 242, 21.5, 33, ABalapaaa, 313, 27020, 43881, 1624, , 27020, 25000, 28459, 28439, 0, 
28, 1, 100, 176, -1, 443, 307, 18.1, 39, Epra, 393, 27282, 75081, 2752, , 27282, 25000, 28155, 28169, 0, 
29, 1, 123, 80, -1, 290, 369, 23.1, 36, ABpraapaa, 348, 28114, 63987, 2276, , 28114, 25000, 28356, 28367, 0, 
30, 1, 11, 117, -1, 223, 347, 9.8, 31, ABaraaapp, 121, 29137, 42656, 1464, , 29137, 25000, 28689, 28738, 0, 
31, 1, 5, 22, -1, 344, 394, 12.8, 32, ABprpaaap, 297, 26831, 43145, 1608, , 26831, 25000, 28099, 28126, 0, 
32, 1, 143, 81, -1, 314, 347, 8.0, 33, ABarappap, 315, 27539, 49791, 1808, , 27539, 25000, 30917, 31140, 0, 
33, 1, 51, 3, -1, 176, 295, 11.2, 30, ABaraaaap, 260, 28484, 37599, 1320, , 28484, 25000, 27777, 27969, 0, 
34, 1, 167, 168, -1, 394, 304, 10.5, 29, MSpppap, 186, 28166, 30419, 1080, , 28166, 25000, 28339, 28269, 0, 
35, 1, 81, 9, -1, 436, 196, 9.6, 34, Daa, 335, 28067, 49959, 1780, , 28067, 25000, 28357, 28357, 0, 
36, 1, 125, 83, -1, 581, 246, 10.2, 34, Cppap, 343, 27336, 52266, 1912, , 27336, 25000, 28761, 28781, 0, 
37, 1, 176, 86, -1, 512, 280, 19.2, 40, Eprp, 387, 27613, 82840, 3000, , 27613, 25000, 28300, 28302, 0, 
38, 1, 89, 157, -1, 211, 185, 25.5, 36, ABplaaaaa, 293, 28062, 59941, 2136, , 28062, 25000, 28189, 28229, 0, 
39, 1, 82, 26, -1, 467, 268, 13.9, 34, Z2, 82, 27799, 54931, 1976, , 27799, 25000, 28079, 28083, 0, 
40, 1, 179, 141, -1, 495, 295, 24.1, 36, ABarppppp, 359, 27138, 61766, 2276, , 27138, 25000, 27707, 27717, 0, 
41, 1, 1, 50, -1, 375, 398, 20.3, 34, ABpraappa, 329, 26874, 50630, 1884, , 26874, 25000, 27713, 27752, 0, 
42, 1, 58, 132, -1, 511, 375, 10.3, 32, ABprpppaa, 305, 27445, 43473, 1584, , 27445, 25000, 28236, 28284, 0, 
43, 1, 105, 57, -1, 397, 117, 12.8, 31, ABplppapa, 289, 27784, 40676, 1464, , 27784, 25000, 27943, 27956, 0, 
44, 1, 167, 159, -1, 349, 330, 12.4, 30, MSpppaa, 210, 27827, 32168, 1156, , 27827, 25000, 28020, 28106, 0, 
45, 1, 30, 89, -1, 550, 352, 11.5, 32, ABprpppap, 424, 26869, 38476, 1432, , 26869, 25000, 28060, 28088, 0, 
46, 1, 39, 23, -1, 247, 309, 6.6, 31, ABarapaap, 132, 33328, 44393, 1332, , 33328, 25000, 33104, 33315, 0, 
47, 1, 137, 170, -1, 440, 112, 10.3, 33, ABplpppaa, 238, 27566, 47854, 1736, , 27566, 25000, 28143, 28137, 0, 
48, 1, 118, 151, -1, 518, 126, 17.1, 33, ABplapapp, 483, 27051, 46961, 1736, , 27051, 25000, 27654, 27599, 0, 
49, 1, 50, 186, -1, 486, 164, 22.2, 36, ABarppapp, 363, 27412, 62500, 2280, , 27412, 25000, 27888, 27882, 0, 
50, 1, 25, 109, -1, 318, 342, 12.5, 31, MSppaap, 229, 27330, 33671, 1232, , 27330, 25000, 28058, 28094, 0, 
51, 1, 18, 25, -1, 404, 192, 25.4, 35, ABarppaap, 359, 28427, 54920, 1932, , 28427, 25000, 28004, 27967, 0, 
52, 1, 156, 101, -1, 301, 156, 24.2, 34, ABplaapap, 335, 27144, 51900, 1912, , 27144, 25000, 27946, 27957, 0, 
53, 1, 17, 16, -1, 233, 144, 13.1, 32, ABplpaaaa, 301, 27711, 43672, 1576, , 27711, 25000, 27848, 27843, 0, 
54, 1, 162, 59, -1, 522, 170, 13.1, 34, Cappa, 345, 28092, 55510, 1976, , 28092, 25000, 28479, 28484, 0, 
55, 1, 111, 129, -1, 295, 300, 15.2, 34, MSpaapa, 305, 27723, 53007, 1912, , 27723, 25000, 28779, 28780, 0, 
56, 1, 52, 188, -1, 372, 395, 15.4, 34, ABprpaapp, 310, 27987, 49816, 1780, , 27987, 25000, 27970, 28035, 0, 
57, 1, 9, 65, -1, 368, 239, 5.4, 32, MSaappa, 318, 34653, 51425, 1484, , 34653, 25000, 32844, 32891, 0, 
58, 1, 152, 178, -1, 305, 223, 19.3, 39, Eala, -84, 26997, 74620, 2764, , 26997, 25000, 28140, 28147, 0, 
59, 1, 148, 54, -1, 216, 219, 7.4, 32, ABalpapap, 235, 30464, 45209, 1484, , 30464, 25000, 33200, 33295, 0, 
60, 1, 90, 31, -1, 481, 130, 9.4, 32, ABplpppap, -325, 27891, 41390, 1484, , 27891, 25000, 28446, 28471, 0, 
61, 1, 12, 113, -1, 580, 238, 14.5, 36, Cpppp, 302, 27756, 59286, 2136, , 27756, 25000, 28080, 28112, 0, 
62, 1, 109, 99, -1, 117, 293, 15.4, 30, ABalaaaar, 133, 26595, 30744, 1156, , 26595, 25000, 27757, 27660, 0, 
63, 0, 57, -1, -1, 88, 266, 14.8, 28, , -147, 757, 29011, 1052, , 27577, 25000, 26820, 26820, 0, 
64, 1, 141, 118, -1, 601, 198, 15.5, 34, Cpapp, 337, 27882, 47064, 1688, , 27882, 25000, 28153, 28100, 0, 
65, 1, 144, 63, -1, 333, 319, 6.0, 34, ABarapapp, 325, 32811, 65359, 1992, , 32811, 25000, 33117, 33469, 0, 
66, 1, 85, 44, -1, 256, 203, 25.9, 34, ABplaaaap, 301, 27516, 54371, 1976, , 27516, 25000, 27843, 27932, 0, 
67, 1, 48, 11, -1, 406, 239, 12.2, 34, Z3, -200, 27866, 53280, 1912, , 27866, 25000, 28460, 28460, 0, 
68, 1, 168, 164, -1, 468, 213, 26.2, 41, Caaaa, 173, 28071, 89152, 3176, , 28071, 25000, 27766, 27766, 0, 
69, 1, 22, 58, -1, 469, 376, 13.2, 34, ABprppapa, 297, 27150, 51911, 1912, , 27150, 25000, 28495, 28590, 0, 
70, 1, 178, 161, -1, 315, 126, 15.5, 33, ABplpaapp, 248, 27363, 44437, 1624, , 27363, 25000, 28384, 28389, 0, 
71, 1, 107, 126, -1, 463, 263, 7.5, 33, MSpappp, 333, 28829, 46818, 1624, , 28829, 25000, 31120, 31120, 0, 
72, 1, 133, 12, -1, 228, 182, 10.5, 31, ABalppapa, 141, 27531, 33918, 1232, , 27531, 25000, 28176, 28299, 0, 
73, 1, 171, 100, -1, 326, 149, 9.3, 33, ABplpapap, 275, 27743, 48161, 1736, , 27743, 25000, 29106, 29225, 0, 
74, 1, 116, 162, -1, 365, 157, 24.1, 35, ABplapaaa, 342, 28322, 58569, 2068, , 28322, 25000, 28491, 28466, 0, 
75, 1, 153, 152, -1, 377, 197, 10.4, 31, MSappap, 218, 28272, 37658, 1332, , 28272, 25000, 28288, 28327, 0, 
76, 1, 158, 133, -1, 165, 167, 15.7, 30, ABalppaaa, 110, 28193, 36876, 1308, , 28193, 25000, 27865, 27948, 0, 
77, 1, 161, 60, -1, 182, 189, 17.8, 33, ABalpppaa, 280, 27137, 47327, 1744, , 27137, 25000, 27946, 27970, 0, 
78, 1, 35, 139, -1, 145, 293, 12.7, 32, ABaraaaaa, 297, 27383, 43374, 1584, , 27383, 25000, 28192, 28189, 0, 
79, 1, 135, 146, -1, 286, 170, 19.4, 34, ABalppppp, 319, 27733, 49364, 1780, , 27733, 25000, 27948, 27967, 0, 
80, 1, 21, 183, -1, 500, 220, 19.5, 39, Eplp, 392, 27619, 79544, 2880, , 27619, 25000, 28441, 28442, 0, 
81, 1, 139, 136, -1, 282, 374, 18.5, 33, ABpraaapp, 304, 26753, 43447, 1624, , 26753, 25000, 27966, 27996, 0, 
82, 1, 120, 55, -1, 293, 232, 11.0, 35, MSaapaa, 315, 29614, 66691, 2252, , 29614, 25000, 29016, 28996, 0, 
83, 1, 151, 123, -1, 227, 265, 18.6, 34, MSaaaap, 307, 27179, 48378, 1780, , 27179, 25000, 28138, 28150, 0, 
84, 1, 61, 15, -1, 266, 185, 9.8, 33, ABalppapp, 144, 27509, 47975, 1744, , 27509, 25000, 28973, 29057, 0, 
85, 1, 54, 142, -1, 176, 215, 9.0, 32, ABalpapaa, 292, 28913, 49383, 1708, , 28913, 25000, 29452, 29564, 0, 
86, 1, 20, 49, -1, 574, 156, 15.3, 34, Caapp, 301, 27541, 51888, 1884, , 27541, 25000, 28088, 28092, 0, 
87, 1, 94, 95, -1, 504, 369, 21.7, 36, ABprapapa, 362, 26830, 59455, 2216, , 26830, 25000, 27584, 27591, 0, 
88, 1, 8, 82, -1, 551, 207, 8.3, 36, Capap, 349, 28332, 62783, 2216, , 28332, 25000, 31206, 31494, 0, 
89, 1, 34, 137, -1, 582, 281, 16.5, 34, Cpppa, 344, 27721, 46793, 1688, , 27721, 25000, 28243, 28275, 0, 
90, 1, 164, 46, -1, 526, 319, 7.2, 32, ABprppppp, -53, 30619, 49236, 1608, , 30619, 25000, 32415, 32771, 0, 
91, 1, 6, 84, -1, 239, 374, 20.0, 33, ABpraaapa, 285, 26372, 47681, 1808, , 26372, 25000, 27667, 27765, 0, 
92, 1, 92, 37, -1, 324, 137, 20.6, 33, ABplaappa, -41, 26810, 43969, 1640, , 26810, 25000, 28070, 28051, 0, 
93, 1, 132, 71, -1, 247, 155, 23.5, 35, ABplaapaa, 345, 27236, 54037, 1984, , 27236, 25000, 27885, 27962, 0, 
94, 1, 37, 17, -1, 147, 231, 15.4, 35, ABalpaapa, 158, 27368, 52875, 1932, , 27368, 25000, 28923, 28941, 0, 
95, 1, 19, 61, -1, 186, 354, 15.2, 31, ABalaapap, 283, 27074, 39637, 1464, , 27074, 25000, 28218, 28296, 0, 
96, 1, 188, 52, -1, 269, 327, 25.4, 35, ABarpapap, 336, 27160, 52474, 1932, , 27160, 25000, 28328, 28467, 0, 
97, 1, 75, 73, -1, 212, 376, 16.6, 29, ABpraaaaa, 262, 27490, 31778, 1156, , 27490, 25000, 27736, 27784, 0, 
98, 1, 159, 163, -1, 377, 348, 17.5, 32, MSppapp, 321, 26921, 38551, 1432, , 26921, 25000, 27704, 27682, 0, 
99, 1, 103, 140, -1, 203, 307, 15.4, 33, MSpaaaa, 295, 27691, 45414, 1640, , 27691, 25000, 28227, 28222, 0, 
100, 1, 31, 38, -1, 241, 284, 10.0, 31, ABaraappa, 293, 28566, 45134, 1580, , 28566, 25000, 28357, 28370, 0, 
101, 1, 108, 33, -1, 126, 288, 19.6, 32, ABalaaapa, 308, 27635, 41010, 1484, , 27635, 25000, 27746, 27744, 0, 
102, 1, 173, 153, -1, 449, 132, 21.3, 34, ABplapapa, 312, 27261, 51360, 1884, , 27261, 25000, 27994, 27977, 0, 
103, 1, 97, 144, -1, 473, 391, 18.2, 34, ABprappaa, 375, 28017, 53568, 1912, , 28017, 25000, 27936, 27944, 0, 
104, 1, 126, 173, -1, 347, 193, 25.5, 35, ABplaaapp, 323, 28164, 55878, 1984, , 28164, 25000, 28036, 28088, 0, 
105, 1, 106, 179, -1, 328, 193, 12.6, 33, MSappaa, 242, 28545, 46814, 1640, , 28545, 25000, 28507, 28519, 0, 
106, 1, 15, 72, -1, 465, 210, 13.7, 37, Dap, 372, 27148, 64613, 2380, , 27148, 25000, 28482, 28484, 0, 
107, 1, 134, 75, -1, 250, 256, 15.2, 34, MSaaapa, 342, 28314, 54137, 1912, , 28314, 25000, 28814, 28827, 0, 
108, 1, 36, 21, -1, 465, 382, 8.3, 31, ABprppaap, 293, 26652, 36460, 1368, , 26652, 25000, 29462, 29468, 0, 
109, 1, 149, 119, -1, 299, 209, 25.4, 35, ABplaaapa, 297, 27213, 52576, 1932, , 27213, 25000, 28062, 28034, 0, 
110, 1, 140, 68, -1, 530, 282, 8.2, 35, Cppaa, 341, 28530, 57402, 2012, , 28530, 25000, 30225, 30325, 0, 
111, 1, 26, 70, -1, 287, 305, 5.9, 31, ABarapapa, 177, 34266, 50713, 1480, , 34266, 25000, 33607, 33544, 0, 
112, 1, 68, 106, -1, 390, 269, 8.2, 32, MSpapap, 260, 29893, 48068, 1608, , 29893, 25000, 30888, 30923, 0, 
113, 1, 166, 107, -1, 554, 187, 21.8, 37, Caaap, 355, 28109, 66675, 2372, , 28109, 25000, 28063, 28088, 0, 
114, 1, 78, 91, -1, 150, 321, 18.5, 33, ABalaaapp, -30, 27513, 44681, 1624, , 27513, 25000, 27730, 27766, 0, 
115, 1, 131, 160, -1, 436, 380, 11.5, 33, ABprppaaa, 258, 27681, 44954, 1624, , 27681, 25000, 28026, 28039, 0, 
116, 1, 49, 181, -1, 346, 336, 23.6, 34, ABarpappp, 317, 27734, 49367, 1780, , 27734, 25000, 27903, 27910, 0, 
117, 1, 40, 14, -1, 514, 296, 13.1, 36, Dpp, 354, 27167, 61831, 2276, , 27167, 25000, 28258, 28260, 0, 
118, 1, 184, 79, -1, 280, 309, 21.6, 34, ABalapppp, 330, 26272, 46765, 1780, , 26272, 25000, 27719, 27731, 0, 
119, 1, 24, 4, -1, 178, 260, 9.7, 31, ABaraapaa, 291, 28001, 38305, 1368, , 28001, 25000, 29048, 29036, 0, 
120, 1, 62, 34, -1, 162, 290, 22.5, 35, ABalappaa, 300, 28097, 55744, 1984, , 28097, 25000, 28400, 28438, 0, 
121, 1, 185, 88, -1, 444, 332, 23.6, 34, ABarppppa, 347, 27307, 48606, 1780, , 27307, 25000, 27966, 27867, 0, 
122, 1, 121, 165, -1, 408, 349, 13.9, 35, MSpppp, 337, 27120, 56085, 2068, , 27120, 25000, 28209, 28217, 0, 
123, 1, 65, 77, -1, 323, 403, 16.5, 32, ABprpaapa, 294, 27228, 38990, 1432, , 27228, 25000, 28379, 28409, 0, 
124, 1, 130, 87, -1, 288, 165, 7.8, 32, ABplpapaa, 311, 28167, 45293, 1608, , 28167, 25000, 33272, 33786, 0, 
125, 1, 147, 18, -1, 485, 335, 8.0, 33, ABprppppa, 1, 28834, 52132, 1808, , 28834, 25000, 30335, 30432, 0, 
126, 1, 142, 92, -1, 557, 337, 19.5, 35, ABprapapp, 311, 27127, 53820, 1984, , 27127, 25000, 27940, 27995, 0, 
127, 1, 72, 97, -1, 278, 369, 10.5, 32, ABarapppa, 305, 27654, 39601, 1432, , 27654, 25000, 28854, 29007, 0, 
128, 1, 145, 108, -1, 352, 184, 17.5, 33, MSapapp, 319, 26687, 43340, 1624, , 26687, 25000, 27926, 27927, 0, 
129, 1, 71, 30, -1, 374, 231, 25.9, 35, ABarppaaa, 346, 27564, 57003, 2068, , 27564, 25000, 27868, 27896, 0, 
130, 1, 177, 41, -1, 295, 385, 13.4, 33, ABprpaaaa, 16, 27036, 44339, 1640, , 27036, 25000, 28319, 28314, 0, 
131, 1, 136, 96, -1, 261, 346, 14.3, 32, MSppaaa, 283, 27573, 43676, 1584, , 27573, 25000, 28041, 28043, 0, 
132, 1, 127, 125, -1, 419, 123, 17.3, 33, ABplappaa, 237, 27291, 47378, 1736, , 27291, 25000, 28254, 28259, 0, 
133, 1, 63, 115, -1, 367, 365, 8.5, 31, ABprpapaa, 137, 28346, 34922, 1232, , 28346, 25000, 29301, 29452, 0, 
134, 1, 3, 158, -1, 309, 319, 26.3, 34, ABarpappa, 333, 27013, 50892, 1884, , 27013, 25000, 28142, 28151, 0, 
135, 1, 129, 172, -1, 182, 332, 10.5, 34, ABaraaapa, 196, 27871, 47046, 1688, , 27871, 25000, 28437, 28452, 0, 
136, 1, 44, 171, -1, 397, 337, 6.4, 32, ABprpappa, 225, 33500, 49714, 1484, , 33500, 25000, 32507, 32510, 0, 
137, 1, 155, 2, -1, 242, 209, 20.8, 34, ABalapapp, 280, 26915, 51462, 1912, , 26915, 25000, 28302, 28320, 0, 
138, 1, 169, 147, -1, 326, 287, 19.5, 39, Eara, 392, 26989, 77729, 2880, , 26989, 25000, 28237, 28242, 0, 
139, 1, 174, 149, -1, 335, 268, 25.3, 38, ABarpaapp, 382, 27876, 69578, 2496, , 27876, 25000, 28113, 28119, 0, 
140, 1, 93, 114, -1, 431, 225, 19.1, 40, Epla, 391, 27723, 82835, 2988, , 27723, 25000, 28392, 28392, 0, 
141, 1, 183, 122, -1, 470, 166, 6.1, 34, ABplppppp, 309, 34702, 68572, 1976, , 34702, 25000, 34828, 35234, 0, 
142, 1, 76, 154, -1, 341, 380, 22.3, 34, ABpraapap, 236, 28204, 53137, 1884, , 28204, 25000, 28101, 28106, 0, 
143, 1, 23, 62, -1, 518, 374, 17.4, 35, ABprappap, 356, 27207, 52564, 1932, , 27207, 25000, 28296, 28340, 0, 
144, 1, 102, 39, -1, 346, 125, 11.7, 32, ABplppaaa, 303, 26908, 42622, 1584, , 26908, 25000, 27903, 27995, 0, 
145, 1, 95, 56, -1, 373, 233, 16.6, 38, Ealp, 387, 28093, 72481, 2580, , 28093, 25000, 28488, 28494, 0, 
146, 1, 91, 98, -1, 182, 350, 20.3, 32, ABalaappa, 297, 27996, 44345, 1584, , 27996, 25000, 27675, 27677, 0, 
147, 1, 4, 10, -1, 447, 280, 26.1, 41, Cpaaa, 369, 27228, 84299, 3096, , 27228, 25000, 27672, 27655, 0, 
148, 1, 146, 175, -1, 193, 201, 12.3, 32, ABalpaapp, 326, 27546, 43633, 1584, , 27546, 25000, 28416, 28467, 0, 
149, 1, 42, 155, -1, 246, 253, 6.2, 34, ABalpappa, 341, 34863, 66658, 1912, , 34863, 25000, 33930, 33932, 0, 
150, 1, 16, 6, -1, 492, 117, 13.6, 31, ABplapppa, 73, 27474, 36595, 1332, , 27474, 25000, 27554, 27569, 0, 
151, 1, 122, 47, -1, 419, 392, 18.3, 37, ABpraappp, 374, 27800, 66165, 2380, , 27800, 25000, 28080, 28076, 0, 
152, 1, 187, 28, -1, 466, 309, 10.9, 35, Dpa, 344, 26643, 55098, 2068, , 26643, 25000, 28490, 28455, 0, 
153, 1, 64, 43, -1, 449, 138, 12.9, 33, ABplppapp, 164, 28536, 49539, 1736, , 28536, 25000, 28218, 28243, 0, 
154, 1, 33, 51, -1, 125, 248, 19.4, 32, ABalaaaal, 305, 27418, 40688, 1484, , 27418, 25000, 27813, 27878, 0, 
155, 1, 43, 29, -1, 561, 353, 15.7, 32, ABprapppa, 304, 27538, 43620, 1584, , 27538, 25000, 27725, 27756, 0, 
156, 1, 115, 121, -1, 323, 253, 14.4, 32, MSaaapp, 304, 27191, 40351, 1484, , 27191, 25000, 28883, 28927, 0, 
157, 1, 119, 134, -1, 284, 293, 10.3, 32, ABaraappp, 318, 27282, 43214, 1584, , 27282, 25000, 28445, 28438, 0, 
158, 1, 180, 167, -1, 553, 144, 20.3, 32, Caapa, 292, 28016, 44378, 1584, , 28016, 25000, 28076, 28113, 0, 
159, 1, 83, 36, -1, 196, 152, 13.7, 30, ABalppaap, 265, 27716, 36252, 1308, , 27716, 25000, 27456, 27524, 0, 
160, 1, 165, 24, -1, 218, 154, 16.7, 33, ABalpppap, 311, 27632, 47969, 1736, , 27632, 25000, 28087, 28091, 0, 
161, 1, 150, 45, -1, 421, 226, 7.0, 33, MSaappp, 331, 30981, 56013, 1808, , 30981, 25000, 30762, 30831, 0, 
162, 1, 53, 94, -1, 365, 130, 18.4, 35, ABplaappp, 354, 27316, 52774, 1932, , 27316, 25000, 28289, 28294, 0, 
163, 1, 32, 67, -1, 377, 132, 9.5, 32, ABplppaap, 180, 27696, 39660, 1432, , 27696, 25000, 28164, 28251, 0, 
164, 1, 160, 20, -1, 380, 173, 13.8, 34, MSappp, -126, 28062, 53655, 1912, , 28062, 25000, 28761, 28786, 0, 
165, 1, 2, 145, -1, 560, 207, 11.6, 34, Cappp, 47, 27903, 49667, 1780, , 27903, 25000, 28627, 28592, 0, 
166, 1, 74, 180, -1, 401, 329, 24.1, 36, ABarpppap, 359, 27153, 61800, 2276, , 27153, 25000, 27875, 27828, 0, 
167, 1, 110, 128, -1, 274, 209, 15.5, 32, MSapaap, 283, 27328, 39134, 1432, , 27328, 25000, 28466, 28530, 0, 
168, 1, 45, 103, -1, 443, 375, 21.6, 33, ABprapaap, 327, 27689, 45410, 1640, , 27689, 25000, 27856, 27891, 0, 
169, 1, 41, 64, -1, 392, 376, 23.9, 37, ABprapaaa, 354, 28077, 68733, 2448, , 28077, 25000, 27887, 27790, 0, 
170, 1, 104, 135, -1, 258, 313, 17.5, 34, MSpaaap, 62, 28022, 47301, 1688, , 28022, 25000, 28097, 28120, 0, 
171, 1, 28, 120, -1, 293, 234, 6.5, 35, ABalpappp, 352, 33537, 66537, 1984, , 33537, 25000, 33048, 33049, 0, 
172, 1, 79, 69, -1, 498, 183, 8.2, 36, Capaa, 363, 29000, 66119, 2280, , 29000, 25000, 30845, 30836, 0, 
173, 1, 99, 78, -1, 320, 346, 16.4, 31, MSppapa, 368, 26741, 35619, 1332, , 26741, 25000, 28076, 28077, 0, 
174, 1, 128, 156, -1, 591, 239, 20.5, 37, Cpapa, 368, 26524, 65143, 2456, , 26524, 25000, 28209, 28209, 0, 
175, 1, 55, 131, -1, 325, 279, 8.3, 34, MSpapaa, 322, 30211, 56917, 1884, , 30211, 25000, 30538, 30578, 0, 
176, 1, 66, 42, -1, 264, 261, 25.4, 36, ABarpaapa, 360, 27926, 58980, 2112, , 27926, 25000, 27878, 27881, 0, 
177, 1, 59, 90, -1, 350, 227, 9.2, 34, MSaapap, -78, 29817, 57011, 1912, , 29817, 25000, 29692, 29664, 0, 
178, 1, 69, 166, -1, 208, 212, 15.3, 31, MSapaaa, 288, 27670, 37853, 1368, , 27670, 25000, 27785, 27743, 0, 
179, 1, 46, 27, -1, 326, 378, 9.7, 32, ABarapppp, 309, 27358, 43335, 1584, , 27358, 25000, 28258, 28298, 0, 
180, 1, 181, 19, -1, 438, 327, 6.0, 33, ABprpappp, 323, 33190, 60008, 1808, , 33190, 25000, 33630, 33647, 0, 
181, 1, 163, 174, -1, 351, 284, 13.4, 31, MSpaapp, 260, 27354, 36435, 1332, , 27354, 25000, 28290, 28316, 0, 
182, 1, 14, 130, -1, 545, 269, 24.4, 37, Cpaap, 378, 27585, 64217, 2328, , 27585, 25000, 27822, 27826, 0, 
183, 1, 112, 185, -1, 220, 345, 21.5, 33, ABalaappp, 289, 27491, 44645, 1624, , 27491, 25000, 27923, 28036, 0, 
184, 1, 172, 53, -1, 435, 172, 24.6, 33, ABarppapa, 326, 27372, 44890, 1640, , 27372, 25000, 27890, 27890, 0, 
185, 1, 175, 110, -1, 402, 377, 8.6, 33, ABprpapap, 256, 26924, 44156, 1640, , 26924, 25000, 29479, 29627, 0, 
186, 1, 56, 182, -1, 337, 188, 6.4, 35, ABplpappa, 337, 34902, 67431, 1932, , 34902, 25000, 34699, 34759, 0, 
187, 1, 138, 40, -1, 225, 253, 11.3, 33, ABaraapap, 278, 28225, 48998, 1736, , 28225, 25000, 28868, 28883, 0, 
188, 1, 10, 150, -1, 205, 231, 23.6, 34, ABalapapa, 305, 27431, 48828, 1780, , 27431, 25000, 28091, 28048, 0, 
189, 1, 124, 48, -1, 224, 304, 22.9, 35, ABalapppa, 34, 27828, 57548, 2068, , 27828, 25000, 28277, 28396, 0, 
190, 0, 186, -1, -1, 109, 184, 22.1, 34, , 62, 1296, 55481, 1976, , 28077, 25000, 26781, 26781, 0, 
191, 0, 189, -1, -1, 89, 266, 17.3, 32, , 122, 200, 43576, 1584, , 27510, 25000, 27341, 27310, 0, 
