1, 1, 187, 108, -1, 385, 297, 16.0, 38, Earp, 378, 27484, 70248, 2556, , 27484, 25000, 28496, 28503, 0, 
2, 1, 38, 117, -1, 234, 283, 10.5, 32, ABaraappa, 294, 27473, 39342, 1432, , 27473, 25000, 28507, 28554, 0, 
3, 1, 15, 33, -1, 264, 184, 9.6, 31, ABalppapp, 279, 27387, 36480, 1332, , 27387, 25000, 28865, 28813, 0, 
4, 1, 87, 96, -1, 291, 161, 8.6, 31, ABplpapaa, 272, 29700, 39560, 1332, , 29700, 25000, 29799, 30065, 0, 
5, 1, 2, 100, -1, 256, 199, 20.8, 34, ABalapapp, 298, 27735, 53029, 1912, , 27735, 25000, 28042, 28102, 0, 
6, 1, 63, 39, -1, 331, 312, 6.2, 33, ABarapapp, 299, 32525, 56723, 1744, , 32525, 25000, 32957, 33192, 0, 
7, 1, 28, 94, -1, 451, 313, 11.3, 35, Dpa, 323, 26855, 54784, 2040, , 26855, 25000, 28357, 28359, 0, 
8, 1, 121, 11, -1, 311, 248, 14.5, 31, MSaaapp, 256, 28156, 34688, 1232, , 28156, 25000, 28845, 28847, 0, 
9, 1, 127, 148, -1, 290, 179, 14.4, 32, MSapapa, 284, 27366, 40611, 1484, , 27366, 25000, 28196, 28249, 0, 
10, 1, 154, 131, -1, 330, 375, 22.9, 34, ABpraapap, 336, 27173, 53694, 1976, , 27173, 25000, 28014, 28035, 0, 
11, 1, 14, 10, -1, 498, 314, 14.0, 36, Dpp, 361, 27613, 62184, 2252, , 27613, 25000, 28677, 28678, 0, 
12, 1, 9, 93, -1, 426, 199, 9.9, 34, Daa, -170, 27956, 55242, 1976, , 27956, 25000, 28912, 28932, 0, 
13, 1, 113, 118, -1, 574, 242, 13.7, 35, Cpppp, 291, 27545, 56191, 2040, , 27545, 25000, 28286, 28333, 0, 
14, 1, 33, 32, -1, 126, 276, 20.3, 34, ABalaaapa, 290, 28073, 52889, 1884, , 28073, 25000, 27792, 27803, 0, 
15, 1, 135, 111, -1, 254, 312, 17.6, 35, MSpaaap, 340, 27968, 54035, 1932, , 27968, 25000, 28194, 28206, 0, 
16, 1, 185, 36, -1, 214, 346, 22.5, 34, ABalaappp, 318, 27140, 45813, 1688, , 27140, 25000, 27419, 27497, 0, 
17, 1, 177, 158, -1, 381, 181, 6.2, 32, ABplpappp, 163, 32780, 52710, 1608, , 32780, 25000, 33661, 33657, 0, 
18, 1, 150, 52, -1, 196, 216, 24.3, 34, ABalapapa, 326, 28280, 53280, 1884, , 28280, 25000, 28062, 28003, 0, 
19, 1, 3, 128, -1, 178, 290, 12.6, 29, ABaraaaap, 329, 27586, 31889, 1156, , 27586, 25000, 27846, 27890, 0, 
20, 1, 13, 179, -1, 213, 305, 7.4, 31, ABarapaaa, 198, 30367, 40449, 1332, , 30367, 25000, 31854, 31951, 0, 
21, 1, 136, 79, -1, 277, 373, 19.5, 33, ABpraaapp, 330, 26960, 43783, 1624, , 26960, 25000, 27887, 27921, 0, 
22, 1, 36, 5, -1, 198, 153, 13.2, 29, ABalppaap, -150, 27360, 30424, 1112, , 27360, 25000, 28128, 28132, 0, 
23, 1, 65, 177, -1, 363, 238, 5.6, 31, MSaappa, 305, 35693, 47543, 1332, , 35693, 25000, 33456, 33624, 0, 
24, 1, 37, 71, -1, 330, 131, 20.6, 33, ABplaappa, -204, 27005, 44288, 1640, , 27005, 25000, 28045, 28051, 0, 
25, 0, 1, -1, -1, 88, 264, 17.4, 32, , 172, 2163, 42603, 1484, , 28708, 25000, 26588, 26545, 0, 
26, 1, 21, 106, -1, 459, 380, 8.4, 33, ABprppaap, 278, 27755, 45518, 1640, , 27755, 25000, 30076, 30105, 0, 
27, 1, 181, 121, -1, 348, 332, 23.6, 33, ABarpappp, 337, 27589, 45246, 1640, , 27589, 25000, 28066, 28048, 0, 
28, 1, 109, 7, -1, 313, 343, 12.9, 29, MSppaap, 237, 26409, 31902, 1208, , 26409, 25000, 28701, 28862, 0, 
29, 1, 4, 65, -1, 173, 271, 9.5, 32, ABaraapaa, 63, 27859, 39894, 1432, , 27859, 25000, 28735, 28781, 0, 
30, 1, 98, 170, -1, 182, 344, 19.6, 32, ABalaappa, 300, 26654, 39554, 1484, , 26654, 25000, 28097, 28097, 0, 
31, 1, 148, 60, -1, 278, 130, 12.5, 32, ABplpaaap, 300, 27316, 39117, 1432, , 27316, 25000, 27976, 27981, 0, 
32, 1, 188, 56, -1, 365, 397, 16.2, 33, ABprpaapp, 331, 27822, 48522, 1744, , 27822, 25000, 27662, 27734, 0, 
33, 1, 11, 4, -1, 402, 246, 12.4, 34, Z3, 121, 27201, 48417, 1780, , 27201, 25000, 28568, 28568, 0, 
34, 1, 50, 16, -1, 364, 397, 20.6, 33, ABpraappa, 313, 26385, 43272, 1640, , 26385, 25000, 27895, 27907, 0, 
35, 1, 183, 120, -1, 506, 218, 19.3, 38, Eplp, 366, 27464, 68551, 2496, , 27464, 25000, 28563, 28585, 0, 
36, 1, 97, 24, -1, 276, 365, 10.4, 32, ABarapppa, 80, 26721, 39654, 1484, , 26721, 25000, 28121, 28170, 0, 
37, 1, 151, 50, -1, 527, 127, 16.6, 33, ABplapapp, 324, 27063, 44384, 1640, , 27063, 25000, 27867, 27866, 0, 
38, 1, 76, 127, -1, 473, 122, 17.1, 33, ABplappap, -134, 27923, 48475, 1736, , 27923, 25000, 28126, 28150, 0, 
39, 1, 173, 47, -1, 354, 184, 25.4, 35, ABplaaapp, 303, 27907, 53916, 1932, , 27907, 25000, 27940, 27947, 0, 
40, 1, 117, 125, -1, 222, 341, 10.0, 31, ABaraaapp, 142, 27728, 43810, 1580, , 27728, 25000, 28684, 28694, 0, 
41, 1, 20, 166, -1, 405, 177, 14.4, 30, MSapppp, 197, 27790, 32125, 1156, , 27790, 25000, 28196, 28196, 0, 
42, 1, 12, 48, -1, 220, 181, 9.2, 32, ABalppapa, 293, 28024, 45062, 1608, , 28024, 25000, 28743, 28759, 0, 
43, 1, 96, 40, -1, 253, 341, 14.0, 31, MSppaaa, 316, 27888, 44063, 1580, , 27888, 25000, 27696, 27705, 0, 
44, 1, 104, 62, -1, 234, 162, 20.2, 34, ABalppppa, 36, 27486, 52553, 1912, , 27486, 25000, 28198, 28227, 0, 
45, 1, 126, 19, -1, 460, 272, 7.7, 34, MSpappp, 334, 29105, 54833, 1884, , 29105, 25000, 30575, 30575, 0, 
46, 1, 6, 6, -1, 498, 120, 13.4, 31, ABplapppa, 72, 26950, 35897, 1332, , 26950, 25000, 28184, 28197, 0, 
47, 1, 179, 183, -1, 327, 193, 12.5, 33, MSappaa, 314, 27221, 44207, 1624, , 27221, 25000, 28746, 28788, 0, 
48, 1, 83, 45, -1, 562, 252, 9.4, 34, Cppap, 333, 27664, 49242, 1780, , 27664, 25000, 29105, 29182, 0, 
49, 1, 82, 35, -1, 536, 213, 7.5, 37, Capap, 309, 30111, 73952, 2456, , 30111, 25000, 32355, 32454, 0, 
50, 1, 23, 42, -1, 249, 298, 6.8, 30, ABarapaap, 322, 31847, 42038, 1320, , 31847, 25000, 31833, 31950, 0, 
51, 1, 74, 162, -1, 183, 273, 25.9, 35, ABarpaaaa, 357, 27245, 56342, 2068, , 27245, 25000, 28145, 28074, 0, 
52, 1, 80, 112, -1, 282, 361, 23.5, 35, ABpraapaa, 63, 27608, 54774, 1984, , 27608, 25000, 28413, 28427, 0, 
53, 1, 155, 43, -1, 250, 250, 6.2, 33, ABalpappa, 73, 33450, 58337, 1744, , 33450, 25000, 33513, 33678, 0, 
54, 1, 86, 133, -1, 510, 272, 19.7, 39, Eprp, 361, 27325, 75526, 2764, , 27325, 25000, 28137, 28157, 0, 
55, 1, 10, 63, -1, 448, 276, 25.9, 40, Cpaaa, 402, 27473, 82090, 2988, , 27473, 25000, 27805, 27809, 0, 
56, 1, 22, 46, -1, 343, 393, 13.6, 32, ABprpaaap, 316, 27144, 40281, 1484, , 27144, 25000, 28318, 28254, 0, 
57, 1, 139, 77, -1, 139, 300, 13.1, 32, ABaraaaaa, 309, 26961, 42491, 1576, , 26961, 25000, 27795, 27832, 0, 
58, 1, 116, 49, -1, 532, 132, 11.2, 31, ABplapppp, -351, 27487, 40241, 1464, , 27487, 25000, 28278, 28287, 0, 
59, 1, 17, 169, -1, 145, 223, 14.6, 37, ABalpaapa, -122, 27582, 64212, 2328, , 27582, 25000, 28941, 29059, 0, 
60, 1, 106, 191, -1, 392, 272, 7.7, 32, MSpapap, 326, 32290, 51147, 1584, , 32290, 25000, 31227, 31312, 0, 
61, 1, 43, 122, -1, 448, 137, 13.2, 32, ABplppapp, 317, 28076, 45147, 1608, , 28076, 25000, 27908, 27911, 0, 
62, 1, 20, 44, -1, 361, 159, 13.5, 31, MSapppa, 228, 27843, 34303, 1232, , 27843, 25000, 27947, 27916, 0, 
63, 1, 101, 85, -1, 306, 156, 23.7, 35, ABplaapap, 333, 27592, 56288, 2040, , 27592, 25000, 28337, 28325, 0, 
64, 1, 59, 152, -1, 530, 169, 13.1, 34, Cappa, 341, 27884, 55098, 1976, , 27884, 25000, 28614, 28652, 0, 
65, 1, 161, 143, -1, 319, 124, 15.5, 32, ABplpaapp, 301, 27288, 39077, 1432, , 27288, 25000, 28279, 28281, 0, 
66, 1, 129, 190, -1, 290, 298, 15.1, 34, MSpaapa, 345, 28661, 56635, 1976, , 28661, 25000, 28718, 28726, 0, 
67, 1, 40, 30, -1, 212, 251, 10.9, 33, ABaraapap, 108, 27722, 48125, 1736, , 27722, 25000, 28373, 28460, 0, 
68, 1, 27, 126, -1, 320, 378, 9.6, 32, ABarapppp, 204, 26947, 39989, 1484, , 26947, 25000, 28676, 28693, 0, 
69, 1, 131, 110, -1, 328, 276, 8.9, 34, MSpapaa, 328, 31432, 62109, 1976, , 31432, 25000, 30677, 30735, 0, 
70, 1, 39, 140, -1, 344, 126, 11.6, 31, ABplppaaa, 277, 27246, 36292, 1332, , 27246, 25000, 27671, 27708, 0, 
71, 1, 69, 138, -1, 489, 185, 8.3, 36, Capaa, 358, 27997, 62042, 2216, , 27997, 25000, 30430, 30230, 0, 
72, 1, 90, 154, -1, 352, 232, 9.1, 34, MSaapap, 311, 29508, 58308, 1976, , 29508, 25000, 29538, 29589, 0, 
73, 1, 143, 135, -1, 269, 129, 16.5, 32, ABplpaapa, 309, 26756, 38315, 1432, , 26756, 25000, 27898, 27935, 0, 
74, 1, 31, 29, -1, 482, 128, 9.5, 30, ABplpppap, 141, 28568, 35196, 1232, , 28568, 25000, 28372, 28358, 0, 
75, 1, 85, 53, -1, 149, 211, 11.0, 31, ABalpaaap, 141, 27048, 42736, 1580, , 27048, 25000, 28488, 28614, 0, 
76, 1, 122, 66, -1, 466, 165, 6.2, 33, ABplppppp, 326, 34019, 59330, 1744, , 34019, 25000, 33899, 34310, 0, 
77, 1, 125, 178, -1, 424, 116, 17.2, 34, ABplappaa, 307, 27682, 52928, 1912, , 27682, 25000, 27771, 27788, 0, 
78, 1, 88, 83, -1, 445, 326, 23.4, 35, ABarppppa, 343, 27766, 53643, 1932, , 27766, 25000, 27684, 27696, 0, 
79, 1, 51, 129, -1, 125, 239, 18.4, 32, ABalaaaal, 109, 27520, 40839, 1484, , 27520, 25000, 27709, 27712, 0, 
80, 1, 111, 21, -1, 168, 275, 17.1, 32, MSaaaaa, 69, 26336, 41505, 1576, , 26336, 25000, 28381, 28384, 0, 
81, 1, 41, 99, -1, 294, 380, 13.5, 32, ABprpaaaa, 290, 28143, 40301, 1432, , 28143, 25000, 27838, 27871, 0, 
82, 1, 115, 103, -1, 363, 368, 9.8, 32, ABprpapaa, 99, 28002, 45027, 1608, , 28002, 25000, 28527, 28647, 0, 
83, 1, 102, 91, -1, 410, 142, 21.5, 32, ABplapaap, 323, 27339, 39149, 1432, , 27339, 25000, 27536, 27475, 0, 
84, 1, 93, 15, -1, 221, 249, 26.3, 34, ABarpaaap, 283, 27068, 50996, 1884, , 27068, 25000, 27953, 27986, 0, 
85, 1, 170, 41, -1, 446, 114, 10.1, 33, ABplpppaa, 325, 27421, 47602, 1736, , 27421, 25000, 28195, 28088, 0, 
86, 1, 172, 81, -1, 183, 330, 10.7, 34, ABaraaapa, 312, 27780, 52337, 1884, , 27780, 25000, 28267, 28325, 0, 
87, 1, 142, 37, -1, 182, 221, 8.5, 31, ABalpapaa, 137, 29184, 35955, 1232, , 29184, 25000, 30592, 30674, 0, 
88, 1, 165, 173, -1, 398, 352, 15.0, 36, MSpppp, 359, 27370, 61637, 2252, , 27370, 25000, 28108, 28116, 0, 
89, 1, 182, 182, -1, 336, 189, 6.4, 35, ABplpappa, 317, 33199, 64140, 1932, , 33199, 25000, 33950, 34004, 0, 
90, 1, 153, 116, -1, 459, 131, 21.3, 35, ABplapapa, 348, 26623, 54311, 2040, , 26623, 25000, 28193, 28229, 0, 
91, 1, 91, 8, -1, 141, 318, 19.3, 33, ABalaaapp, 464, 27340, 47462, 1736, , 27340, 25000, 27710, 27724, 0, 
92, 1, 67, 145, -1, 378, 130, 9.4, 31, ABplppaap, 290, 27153, 36168, 1332, , 27153, 25000, 28726, 28771, 0, 
93, 1, 54, 124, -1, 221, 224, 7.5, 31, ABalpapap, 295, 30024, 36989, 1232, , 30024, 25000, 31907, 31963, 0, 
94, 1, 18, 76, -1, 484, 340, 8.5, 32, ABprppppa, 311, 28485, 40791, 1432, , 28485, 25000, 30100, 30122, 0, 
95, 1, 62, 109, -1, 514, 374, 17.6, 35, ABprappap, 351, 27918, 53937, 1932, , 27918, 25000, 28498, 28594, 0, 
96, 1, 94, 14, -1, 373, 124, 17.4, 36, ABplaappp, 358, 28097, 59341, 2112, , 28097, 25000, 28722, 28725, 0, 
97, 1, 49, 20, -1, 584, 168, 14.2, 34, Caapp, 163, 27168, 51946, 1912, , 27168, 25000, 28381, 28383, 0, 
98, 1, 162, 55, -1, 369, 150, 23.1, 34, ABplapaaa, 211, 27890, 55111, 1976, , 27890, 25000, 28144, 28138, 0, 
99, 1, 35, 187, -1, 420, 153, 7.4, 33, ABplppppa, 294, 29523, 48417, 1640, , 29523, 25000, 32316, 32337, 0, 
100, 1, 120, 149, -1, 296, 238, 6.6, 35, ABalpappp, 354, 31682, 61209, 1932, , 31682, 25000, 33015, 32959, 0, 
101, 1, 118, 142, -1, 607, 214, 14.7, 34, Cpapp, 318, 26665, 50236, 1884, , 26665, 25000, 28114, 28129, 0, 
102, 1, 30, 73, -1, 379, 223, 26.0, 35, ABarppaaa, 338, 27738, 62467, 2252, , 27738, 25000, 27376, 27374, 0, 
103, 1, 147, 51, -1, 328, 286, 19.5, 38, Eara, 389, 27624, 70496, 2552, , 27624, 25000, 28398, 28398, 0, 
104, 1, 72, 58, 75, 466, 198, 13.4, 34, Dap, 324, 27876, 49620, 1780, , 27876, 25000, 28804, 28804, 0, 
105, 1, 133, 70, -1, 169, 168, 15.4, 31, ABalppaaa, -111, 27657, 36839, 1332, , 27657, 25000, 28149, 28234, 0, 
106, 1, 46, 64, -1, 516, 315, 6.6, 32, ABprppppp, 309, 33447, 49635, 1484, , 33447, 25000, 33202, 33469, 0, 
107, 1, 16, 123, -1, 237, 153, 12.8, 32, ABplpaaaa, 123, 28307, 45517, 1608, , 28307, 25000, 28076, 28123, 0, 
108, 1, 19, 181, -1, 435, 330, 5.6, 32, ABprpappp, 318, 34929, 51834, 1484, , 34929, 25000, 33985, 33823, 0, 
109, 1, 64, 23, -1, 385, 374, 24.2, 36, ABprapaaa, 329, 27474, 62640, 2280, , 27474, 25000, 27902, 27907, 0, 
110, 1, 140, 72, -1, 199, 310, 16.0, 33, MSpaaaa, 305, 27539, 49790, 1808, , 27539, 25000, 28509, 28519, 0, 
111, 1, 145, 174, -1, 552, 210, 11.3, 34, Cappp, 320, 27678, 52145, 1884, , 27678, 25000, 28356, 28378, 0, 
112, 1, 100, 157, -1, 328, 150, 8.5, 33, ABplpapap, 286, 28699, 46607, 1624, , 28699, 25000, 30838, 30885, 0, 
113, 1, 70, 132, -1, 289, 314, 6.5, 31, ABarapapa, 280, 33178, 40875, 1232, , 33178, 25000, 31942, 31937, 0, 
114, 1, 134, 68, -1, 278, 291, 10.5, 31, ABaraappp, 401, 27934, 34415, 1232, , 27934, 25000, 28429, 28448, 0, 
115, 1, 53, 175, -1, 441, 171, 23.6, 34, ABarppapa, 327, 28122, 50057, 1780, , 28122, 25000, 27567, 27602, 0, 
116, 1, 60, 139, -1, 180, 172, 18.5, 31, ABalpppaa, -251, 26929, 33177, 1232, , 26929, 25000, 27967, 28004, 0, 
117, 1, 178, 130, -1, 306, 223, 19.8, 40, Eala, 403, 27160, 81481, 3000, , 27160, 25000, 28053, 28057, 0, 
118, 1, 176, 189, -1, 435, 297, 18.5, 39, Epra, 392, 27070, 77961, 2880, , 27070, 25000, 27938, 27934, 0, 
119, 1, 160, 141, -1, 429, 379, 12.0, 30, ABprppaaa, 299, 27253, 36737, 1348, , 27253, 25000, 28161, 28286, 0, 
120, 1, 45, 147, -1, 415, 233, 7.2, 33, MSaappp, 171, 30425, 53062, 1744, , 30425, 25000, 31196, 31249, 0, 
121, 1, 84, 2, -1, 225, 366, 19.7, 32, ABpraaapa, 281, 27535, 43616, 1584, , 27535, 25000, 28172, 28271, 0, 
122, 1, 164, 160, -1, 473, 205, 25.3, 38, Caaaa, 363, 27319, 68187, 2496, , 27319, 25000, 27762, 27746, 0, 
123, 1, 29, 38, -1, 557, 363, 15.4, 32, ABprapppa, 186, 27102, 40219, 1484, , 27102, 25000, 27520, 27541, 0, 
124, 1, 144, 78, -1, 467, 386, 18.4, 34, ABprappaa, 341, 27211, 48435, 1780, , 27211, 25000, 27994, 27969, 0, 
125, 1, 58, 159, -1, 461, 382, 13.5, 32, ABprppapa, 321, 27534, 39429, 1432, , 27534, 25000, 28361, 28442, 0, 
126, 1, 89, 74, -1, 547, 352, 10.8, 31, ABprpppap, 256, 27357, 40051, 1464, , 27357, 25000, 28267, 28267, 0, 
127, 1, 8, 98, -1, 257, 345, 8.1, 31, ABarappaa, 37, 29463, 43605, 1480, , 29463, 25000, 30558, 30805, 0, 
128, 1, 138, 17, -1, 569, 324, 13.4, 32, ABprapppp, 277, 27053, 40147, 1484, , 27053, 25000, 27800, 27802, 0, 
129, 1, 119, 119, -1, 307, 203, 25.5, 34, ABplaaapa, 331, 26911, 45425, 1688, , 26911, 25000, 28369, 28347, 0, 
130, 1, 137, 92, -1, 574, 282, 15.4, 36, Cpppa, 359, 27656, 58409, 2112, , 27656, 25000, 28451, 28484, 0, 
131, 1, 7, 192, -1, 514, 373, 13.5, 32, ABprppapp, 100, 27154, 38884, 1432, , 27154, 25000, 28113, 28109, 0, 
132, 1, 108, 27, -1, 348, 180, 17.5, 35, MSapapp, 345, 27339, 54241, 1984, , 27339, 25000, 27529, 27531, 0, 
133, 1, 103, 115, -1, 433, 377, 21.6, 34, ABprapaap, 214, 27027, 48108, 1780, , 27027, 25000, 27738, 27746, 0, 
134, 1, 34, 1, -1, 160, 277, 22.6, 32, ABalappaa, 274, 26947, 39990, 1484, , 26947, 25000, 28333, 28363, 0, 
135, 1, 157, 12, -1, 217, 180, 25.4, 36, ABplaaaaa, 328, 28310, 59791, 2112, , 28310, 25000, 27980, 27961, 0, 
136, 1, 95, 90, -1, 510, 362, 21.6, 36, ABprapapa, 360, 27071, 57175, 2112, , 27071, 25000, 28191, 28186, 0, 
137, 1, 156, 107, -1, 594, 244, 20.1, 36, Cpapa, 368, 27080, 61633, 2276, , 27080, 25000, 28581, 28581, 0, 
138, 1, 81, 188, -1, 319, 347, 7.7, 32, ABarappap, -342, 28333, 44879, 1584, , 28333, 25000, 31450, 31686, 0, 
139, 1, 73, 144, -1, 215, 372, 15.9, 30, ABpraaaaa, 283, 27833, 37742, 1356, , 27833, 25000, 27395, 27429, 0, 
140, 1, 166, 61, -1, 207, 207, 15.5, 31, MSapaaa, 296, 27981, 34473, 1232, , 27981, 25000, 28592, 28511, 0, 
141, 1, 61, 82, -1, 177, 352, 15.4, 31, ABalaapap, -11, 26997, 35960, 1332, , 26997, 25000, 27606, 27594, 0, 
142, 1, 77, 168, -1, 310, 395, 17.1, 32, ABprpaapa, 328, 27852, 43894, 1576, , 27852, 25000, 27982, 27987, 0, 
143, 1, 55, 69, -1, 288, 231, 10.9, 34, MSaapaa, 253, 30047, 59372, 1976, , 30047, 25000, 28918, 28929, 0, 
144, 1, 167, 26, -1, 569, 152, 19.2, 32, Caapa, 250, 28046, 45098, 1608, , 28046, 25000, 27876, 27846, 0, 
145, 1, 146, 34, -1, 285, 161, 19.0, 34, ABalppppp, 222, 27900, 55576, 1992, , 27900, 25000, 28371, 28357, 0, 
146, 1, 26, 156, -1, 467, 264, 14.3, 35, Z2, 347, 27582, 56268, 2040, , 27582, 25000, 28668, 28668, 0, 
147, 1, 114, 104, -1, 429, 220, 19.5, 40, Epla, 403, 27117, 81784, 3016, , 27117, 25000, 28013, 28013, 0, 
148, 1, 110, 172, -1, 397, 378, 8.4, 33, ABprpapap, 62, 27879, 45722, 1640, , 27879, 25000, 30140, 30216, 0, 
149, 1, 128, 167, -1, 269, 204, 15.2, 32, MSapaap, 300, 27978, 44989, 1608, , 27978, 25000, 27900, 27896, 0, 
150, 1, 52, 89, -1, 276, 311, 25.1, 35, ABarpapap, 349, 27650, 57181, 2068, , 27650, 25000, 27895, 27995, 0, 
151, 1, 57, 101, -1, 402, 119, 12.4, 32, ABplppapa, 112, 27185, 40342, 1484, , 27185, 25000, 28107, 28100, 0, 
152, 1, 78, 155, -1, 313, 343, 16.5, 31, MSppapa, 315, 28071, 34583, 1232, , 28071, 25000, 28140, 28227, 0, 
153, 1, 112, 84, -1, 137, 253, 10.9, 32, ABalpaaaa, 298, 28666, 45177, 1576, , 28666, 25000, 28121, 28144, 0, 
154, 1, 189, 161, -1, 147, 333, 15.2, 32, ABalaapaa, 176, 27695, 44534, 1608, , 27695, 25000, 27591, 27694, 0, 
155, 1, 56, 31, -1, 368, 224, 16.6, 38, Ealp, 380, 28345, 73129, 2580, , 28345, 25000, 28522, 28559, 0, 
156, 1, 32, 57, -1, 159, 231, 21.7, 32, ABalapaaa, 319, 28263, 44768, 1584, , 28263, 25000, 27898, 27967, 0, 
157, 1, 169, 95, -1, 256, 390, 16.3, 32, ABpraaaap, 319, 27013, 42789, 1584, , 27013, 25000, 27759, 27780, 0, 
158, 1, 132, 164, -1, 505, 376, 9.9, 31, ABprpppaa, 58, 27247, 40325, 1480, , 27247, 25000, 28086, 28108, 0, 
159, 1, 124, 88, -1, 194, 212, 20.7, 33, ABalapaap, 131, 27376, 47524, 1736, , 27376, 25000, 28015, 27918, 0, 
160, 1, 152, 86, -1, 377, 197, 10.3, 31, MSappap, 239, 27233, 37255, 1368, , 27233, 25000, 28681, 28690, 0, 
161, 1, 180, 137, -1, 403, 329, 24.4, 34, ABarpppap, 334, 28120, 50054, 1780, , 28120, 25000, 27955, 27920, 0, 
162, 1, 171, 185, -1, 389, 338, 6.4, 33, ABprpappa, 324, 32919, 53987, 1640, , 32919, 25000, 33647, 33589, 0, 
163, 1, 158, 25, -1, 314, 317, 26.1, 33, ABarpappa, 264, 27746, 48167, 1736, , 27746, 25000, 28510, 28500, 0, 
164, 1, 123, 171, -1, 220, 262, 18.6, 33, MSaaaap, -27, 27870, 45706, 1640, , 27870, 25000, 27828, 27837, 0, 
165, 1, 175, 54, -1, 192, 197, 12.3, 32, ABalpaapp, 301, 28679, 45428, 1584, , 28679, 25000, 28589, 28595, 0, 
166, 1, 99, 9, -1, 115, 279, 16.0, 30, ABalaaaar, 139, 27197, 36661, 1348, , 27197, 25000, 27725, 27727, 0, 
167, 1, 44, 105, -1, 259, 204, 25.9, 33, ABplaaaap, 308, 27457, 47665, 1736, , 27457, 25000, 28273, 28316, 0, 
168, 1, 107, 186, -1, 564, 187, 21.7, 38, Caaap, 382, 27694, 69125, 2496, , 27694, 25000, 28179, 28185, 0, 
169, 1, 149, 176, -1, 344, 260, 25.5, 37, ABarpaapp, 352, 28023, 68825, 2456, , 28023, 25000, 28324, 28352, 0, 
170, 1, 184, 146, -1, 411, 302, 6.7, 29, MSpappa, 295, 33599, 35884, 1068, , 33599, 25000, 32433, 32230, 0, 
171, 1, 79, 87, -1, 278, 308, 21.3, 35, ABalapppp, 347, 26832, 54737, 2040, , 26832, 25000, 28052, 28070, 0, 
172, 1, 186, 184, -1, 493, 162, 21.7, 34, ABarppapp, 341, 27950, 52658, 1884, , 27950, 25000, 28237, 28267, 0, 
173, 1, 24, 134, -1, 218, 153, 16.6, 33, ABalpppap, 160, 26829, 44000, 1640, , 26829, 25000, 27995, 28075, 0, 
174, 1, 130, 180, -1, 535, 260, 25.1, 37, Cpaap, 372, 27202, 66590, 2448, , 27202, 25000, 28143, 28143, 0, 
175, 1, 68, 136, -1, 515, 283, 8.8, 35, Cppaa, -62, 27898, 56131, 2012, , 27898, 25000, 29285, 29369, 0, 
176, 1, 47, 114, -1, 411, 393, 18.0, 36, ABpraappp, 358, 26653, 60023, 2252, , 26653, 25000, 28191, 28217, 0, 
177, 1, 141, 80, -1, 498, 308, 24.2, 35, ABarppppp, 346, 28136, 56610, 2012, , 28136, 25000, 28125, 28125, 0, 
178, 1, 71, 97, -1, 250, 152, 23.6, 34, ABplaapaa, 335, 27086, 48213, 1780, , 27086, 25000, 28401, 28428, 0, 
179, 1, 168, 13, -1, 398, 312, 10.5, 32, MSpppap, 256, 28207, 40393, 1432, , 28207, 25000, 28605, 28632, 0, 
180, 1, 159, 151, -1, 344, 332, 12.2, 31, MSpppaa, 310, 27519, 40288, 1464, , 27519, 25000, 28126, 28238, 0, 
181, 1, 5, 67, -1, 234, 303, 26.5, 35, ABarpapaa, 351, 27847, 55248, 1984, , 27847, 25000, 28172, 28165, 0, 
182, 1, 105, 165, -1, 193, 299, 21.1, 32, ABalappap, 290, 26720, 42111, 1576, , 26720, 25000, 27977, 28122, 0, 
183, 1, 48, 28, -1, 225, 297, 22.5, 33, ABalapppa, 122, 28360, 46056, 1624, , 28360, 25000, 27983, 28113, 0, 
184, 1, 42, 113, -1, 270, 255, 25.5, 37, ABarpaapa, 226, 27375, 67233, 2456, , 27375, 25000, 28023, 28021, 0, 
185, 1, 75, 153, -1, 247, 251, 15.7, 34, MSaaapa, 151, 27019, 50904, 1884, , 27019, 25000, 28355, 28385, 0, 
186, 1, 174, 102, -1, 346, 289, 13.4, 30, MSpaapp, 274, 27813, 32152, 1156, , 27813, 25000, 28580, 28578, 0, 
187, 1, 25, 163, -1, 410, 189, 25.4, 35, ABarppaap, 639, 28362, 54795, 1932, , 28362, 25000, 27694, 27704, 0, 
188, 1, 163, 22, -1, 369, 350, 18.7, 33, MSppapp, 287, 27639, 47981, 1736, , 27639, 25000, 27823, 27807, 0, 
189, 1, 92, 59, -1, 556, 332, 19.3, 35, ABprapapp, 311, 28265, 57660, 2040, , 28265, 25000, 28150, 28150, 0, 
190, 1, 66, 3, -1, 371, 300, 26.1, 37, ABarpppaa, 74, 27577, 67509, 2448, , 27577, 25000, 28071, 28096, 0, 
191, 0, 190, -1, -1, 88, 264, 14.8, 28, , 187, 1314, 29451, 1052, , 27995, 25000, 26677, 26681, 0, 
192, 0, 191, -1, -1, 115, 180, 23.4, 34, , 37, -157, 47724, 1780, , 26811, 25000, 26968, 26968, 0, 
