1, 1, 134, 6, -1, 156, 290, 22.5, 32, ABalappaa, 315, 27501, 39382, 1432, , 27501, 25000, 27757, 27798, 0, 
2, 1, 121, 5, -1, 229, 365, 19.1, 32, ABpraaapa, 309, 27904, 43976, 1576, , 27904, 25000, 27878, 27843, 0, 
3, 1, 190, 182, -1, 372, 309, 26.0, 35, ABarpppaa, 319, 27613, 62185, 2252, , 27613, 25000, 28120, 28167, 0, 
4, 1, 33, 33, -1, 402, 245, 12.5, 34, Z3, 133, 27545, 46496, 1688, , 27545, 25000, 28462, 28462, 0, 
5, 1, 22, 36, -1, 200, 151, 13.1, 30, ABalppaap, 164, 27535, 37337, 1356, , 27535, 25000, 27699, 27678, 0, 
6, 1, 46, 151, -1, 495, 121, 13.1, 32, ABplapppa, 180, 26959, 42487, 1576, , 26959, 25000, 27949, 27966, 0, 
7, 1, 28, 84, -1, 313, 338, 13.3, 30, MSppaap, 261, 27905, 36500, 1308, , 27905, 25000, 28352, 28493, 0, 
8, 1, 91, 2, -1, 141, 321, 19.3, 32, ABalaaapp, 290, 28249, 44747, 1584, , 28249, 25000, 27835, 27837, 0, 
9, 1, 166, 123, -1, 116, 286, 15.9, 30, ABalaaaar, 609, 27064, 36699, 1356, , 27064, 25000, 27216, 27226, 0, 
10, 1, 11, 70, 92, 493, 316, 13.5, 38, Dpp, 254, 27931, 71280, 2552, , 27931, 25000, 28848, 28864, 0, 
11, 1, 8, 77, -1, 308, 249, 14.6, 32, MSaaapp, 242, 27087, 40197, 1484, , 27087, 25000, 28412, 28412, 0, 
12, 1, 135, 20, -1, 218, 189, 25.5, 35, ABplaaaaa, 321, 27233, 54030, 1984, , 27233, 25000, 28078, 28061, 0, 
13, 1, 179, 11, -1, 395, 307, 10.5, 30, MSpppap, 281, 27675, 34096, 1232, , 27675, 25000, 28634, 28611, 0, 
14, 1, 96, 106, -1, 376, 127, 17.5, 36, ABplaappp, 357, 27593, 58939, 2136, , 27593, 25000, 28508, 28510, 0, 
15, 1, 84, 167, -1, 217, 254, 26.0, 33, ABarpaaap, 328, 27392, 49525, 1808, , 27392, 25000, 27945, 28012, 0, 
16, 1, 34, 79, -1, 368, 397, 20.3, 34, ABpraappa, 320, 26790, 50472, 1884, , 26790, 25000, 27674, 27701, 0, 
17, 1, 128, 91, -1, 569, 327, 13.5, 32, ABprapppp, -16, 27153, 38883, 1432, , 27153, 25000, 27851, 27872, 0, 
18, 0, 25, -1, -1, 89, 264, 17.3, 31, , 162, 498, 37597, 1368, , 27483, 25000, 27059, 26985, 0, 
19, 1, 45, 94, -1, 455, 268, 8.2, 34, MSpappp, 296, 27632, 52832, 1912, , 27632, 25000, 29769, 29797, 0, 
20, 1, 97, 130, -1, 586, 170, 14.2, 33, Caapp, 337, 27275, 47567, 1744, , 27275, 25000, 27817, 27822, 0, 
21, 1, 80, 103, -1, 168, 278, 17.4, 32, MSaaaaa, 313, 27023, 40102, 1484, , 27023, 25000, 28098, 28100, 0, 
22, 1, 188, 188, -1, 370, 348, 18.6, 32, MSppapp, 278, 28034, 41603, 1484, , 28034, 25000, 28019, 28019, 0, 
23, 1, 109, 134, -1, 391, 378, 23.9, 35, ABprapaaa, 348, 28344, 58616, 2068, , 28344, 25000, 27770, 27786, 0, 
24, 1, 36, 53, -1, 273, 364, 10.3, 32, ABarapppa, 296, 27860, 44130, 1584, , 27860, 25000, 28268, 28240, 0, 
25, 1, 163, 99, -1, 314, 316, 26.6, 33, ABarpappa, 338, 28511, 46758, 1640, , 28511, 25000, 27772, 27787, 0, 
26, 1, 144, 157, -1, 573, 158, 19.2, 32, Caapa, -136, 27473, 44177, 1608, , 27473, 25000, 28253, 28275, 0, 
27, 1, 132, 1, -1, 348, 181, 17.7, 34, MSapapp, 295, 26811, 50512, 1884, , 26811, 25000, 28294, 28275, 0, 
28, 1, 183, 119, -1, 227, 297, 22.5, 33, ABalapppa, 329, 27430, 44546, 1624, , 27430, 25000, 27861, 27885, 0, 
29, 1, 74, 142, -1, 486, 130, 9.2, 32, ABplpppap, 101, 27796, 44696, 1608, , 27796, 25000, 28608, 28620, 0, 
30, 1, 67, 100, -1, 207, 254, 10.0, 31, ABaraapap, 55, 27868, 44031, 1580, , 27868, 25000, 28321, 28415, 0, 
31, 1, 155, 148, -1, 366, 225, 16.3, 37, Ealp, 369, 28234, 67197, 2380, , 28234, 25000, 28451, 28459, 0, 
32, 1, 14, 7, -1, 127, 278, 20.4, 33, ABalaaapa, 279, 27058, 44375, 1640, , 27058, 25000, 27569, 27580, 0, 
33, 1, 3, 26, -1, 257, 178, 8.8, 33, ABalppapp, 206, 27485, 47933, 1744, , 27485, 25000, 29844, 30077, 0, 
34, 1, 145, 97, -1, 286, 160, 19.2, 34, ABalppppp, -155, 27751, 53059, 1912, , 27751, 25000, 28141, 28141, 0, 
35, 1, 49, 146, -1, 534, 222, 7.3, 35, Capap, 350, 30378, 61972, 2040, , 30378, 25000, 33013, 33131, 0, 
36, 1, 16, 150, -1, 219, 349, 22.5, 34, ABalaappp, 322, 27439, 46317, 1688, , 27439, 25000, 27900, 27829, 0, 
37, 1, 87, 113, -1, 180, 215, 8.7, 32, ABalpapaa, 291, 28474, 45103, 1584, , 28474, 25000, 29964, 30154, 0, 
38, 1, 123, 73, -1, 556, 362, 15.4, 30, ABprapppa, 306, 27538, 31834, 1156, , 27538, 25000, 27349, 27356, 0, 
39, 1, 6, 28, -1, 335, 307, 6.3, 33, ABarapapp, 335, 32430, 56299, 1736, , 32430, 25000, 32756, 32839, 0, 
40, 1, 43, 149, -1, 254, 342, 13.6, 31, MSppaaa, 360, 26851, 35766, 1332, , 26851, 25000, 27488, 27488, 0, 
41, 1, 85, 46, -1, 448, 115, 10.0, 35, ABplpppaa, 305, 27843, 62703, 2252, , 27843, 25000, 28271, 28374, 0, 
42, 1, 50, 122, -1, 249, 302, 6.7, 31, ABarapaap, 391, 33094, 45272, 1368, , 33094, 25000, 31923, 32038, 0, 
43, 1, 53, 12, -1, 247, 249, 6.1, 33, ABalpappa, 303, 34496, 59885, 1736, , 34496, 25000, 33378, 33522, 0, 
44, 1, 62, 41, -1, 356, 153, 13.5, 31, MSapppa, 206, 27386, 33739, 1232, , 27386, 25000, 28322, 28367, 0, 
45, 1, 48, 17, -1, 558, 257, 9.5, 35, Cppap, 334, 27144, 53854, 1984, , 27144, 25000, 29053, 29115, 0, 
46, 1, 56, 120, -1, 340, 389, 13.5, 32, ABprpaaap, 271, 27550, 39451, 1432, , 27550, 25000, 28103, 28243, 0, 
47, 1, 39, 190, -1, 358, 182, 25.2, 36, ABplaaapp, 332, 27650, 63042, 2280, , 27650, 25000, 27842, 27902, 0, 
48, 1, 42, 71, -1, 221, 181, 9.1, 32, ABalppapa, -72, 27998, 44125, 1576, , 27998, 25000, 29024, 29039, 0, 
49, 1, 58, 166, -1, 535, 133, 10.7, 30, ABplapppp, 37, 26578, 34764, 1308, , 26578, 25000, 28149, 28122, 0, 
50, 1, 37, 140, -1, 530, 127, 16.4, 34, ABplapapp, 336, 27892, 49647, 1780, , 27892, 25000, 28131, 28133, 0, 
51, 1, 103, 161, -1, 327, 287, 19.3, 38, Eara, 385, 27269, 68063, 2496, , 27269, 25000, 28414, 28420, 0, 
52, 1, 18, 54, -1, 194, 218, 24.4, 33, ABalapapa, 140, 27877, 45719, 1640, , 27877, 25000, 27812, 27743, 0, 
53, 1, 75, 69, -1, 150, 212, 11.1, 32, ABalpaaap, -215, 27374, 43142, 1576, , 27374, 25000, 28667, 28660, 0, 
54, 1, 165, 90, -1, 190, 195, 12.4, 32, ABalpaapp, 319, 28911, 42904, 1484, , 28911, 25000, 28380, 28462, 0, 
55, 1, 98, 129, -1, 371, 149, 23.0, 34, ABplapaaa, 132, 27745, 55268, 1992, , 27745, 25000, 27827, 27870, 0, 
56, 1, 32, 168, -1, 367, 392, 15.6, 31, ABprpaapp, 343, 28160, 37509, 1332, , 28160, 25000, 27879, 27881, 0, 
57, 1, 156, 8, -1, 162, 240, 21.8, 32, ABalapaaa, 85, 27624, 44420, 1608, , 27624, 25000, 28044, 28074, 0, 
58, 1, 104, 29, -1, 447, 198, 15.3, 32, Dapa, 249, 27660, 43814, 1584, , 27660, 25000, 28547, 28531, 0, 
59, 1, 189, 110, -1, 556, 327, 19.4, 34, ABprapapp, 333, 27852, 49576, 1780, , 27852, 25000, 28231, 28231, 0, 
60, 1, 31, 59, -1, 279, 128, 12.6, 32, ABplpaaap, 326, 28020, 41582, 1484, , 28020, 25000, 28175, 28198, 0, 
61, 1, 140, 35, -1, 209, 211, 15.6, 33, MSapaaa, 332, 27560, 45198, 1640, , 27560, 25000, 28346, 28336, 0, 
62, 1, 44, 181, -1, 229, 168, 19.7, 35, ABalppppa, 332, 27254, 55599, 2040, , 27254, 25000, 27876, 27933, 0, 
63, 1, 55, 14, -1, 445, 277, 25.4, 39, Cpaaa, 397, 27974, 78327, 2800, , 27974, 25000, 27849, 27849, 0, 
64, 1, 106, 162, -1, 512, 320, 6.5, 31, ABprppppp, 167, 34561, 42579, 1232, , 34561, 25000, 34127, 34471, 0, 
65, 1, 29, 62, -1, 170, 272, 10.0, 31, ABaraapaa, 310, 28570, 45141, 1580, , 28570, 25000, 28695, 28818, 0, 
66, 1, 76, 15, -1, 464, 164, 6.3, 34, ABplppppp, 101, 33710, 63510, 1884, , 33710, 25000, 34336, 34810, 0, 
67, 1, 181, 75, -1, 237, 307, 26.4, 34, ABarpapaa, 106, 26867, 47823, 1780, , 26867, 25000, 28248, 28292, 0, 
68, 1, 114, 60, -1, 275, 287, 10.4, 32, ABaraappp, 314, 27418, 40688, 1484, , 27418, 25000, 28666, 28679, 0, 
69, 1, 143, 61, -1, 287, 231, 10.6, 34, MSaapaa, 339, 30315, 53961, 1780, , 30315, 25000, 29449, 29566, 0, 
70, 1, 105, 159, -1, 171, 172, 15.4, 32, ABalppaaa, 119, 28153, 41779, 1484, , 28153, 25000, 27722, 27791, 0, 
71, 1, 24, 47, -1, 331, 133, 20.5, 34, ABplaappa, 84, 27083, 45716, 1688, , 27083, 25000, 27996, 27998, 0, 
72, 1, 110, 108, -1, 203, 311, 16.5, 32, MSpaaaa, 322, 27252, 39025, 1432, , 27252, 25000, 28621, 28668, 0, 
73, 1, 102, 13, -1, 379, 224, 26.2, 34, ABarppaaa, 342, 27915, 53374, 1912, , 27915, 25000, 28202, 28217, 0, 
74, 1, 126, 74, -1, 549, 350, 10.8, 32, ABprpppap, 320, 27337, 43958, 1608, , 27337, 25000, 28433, 28475, 0, 
75, 1, 104, 114, -1, 499, 204, 12.5, 32, Dapp, 210, 28548, 40881, 1432, , 28548, 25000, 28655, 28636, 0, 
76, 1, 94, 82, -1, 484, 341, 8.4, 33, ABprppppa, 310, 28818, 47262, 1640, , 28818, 25000, 30264, 30382, 0, 
77, 1, 57, 170, -1, 139, 305, 13.1, 31, ABaraaaaa, 300, 27339, 40461, 1480, , 27339, 25000, 27888, 27887, 0, 
78, 1, 124, 65, -1, 471, 385, 18.2, 35, ABprappaa, 348, 27521, 55372, 2012, , 27521, 25000, 28160, 28212, 0, 
79, 1, 21, 30, -1, 283, 377, 19.5, 34, ABpraaapp, 48, 27395, 46243, 1688, , 27395, 25000, 27955, 27944, 0, 
80, 1, 177, 160, -1, 495, 309, 24.3, 34, ABarppppp, 345, 28672, 54018, 1884, , 28672, 25000, 28010, 28013, 0, 
81, 1, 86, 64, -1, 186, 327, 10.5, 34, ABaraaapa, 395, 26894, 45397, 1688, , 26894, 25000, 28441, 28427, 0, 
82, 1, 141, 66, -1, 184, 348, 15.2, 31, ABalaapap, -93, 27040, 39587, 1464, , 27040, 25000, 27627, 27683, 0, 
83, 1, 78, 105, -1, 448, 332, 23.5, 35, ABarppppa, 348, 27518, 54595, 1984, , 27518, 25000, 27378, 27381, 0, 
84, 1, 153, 40, -1, 138, 252, 11.0, 32, ABalpaaaa, 420, 27752, 47401, 1708, , 27752, 25000, 28812, 28857, 0, 
85, 1, 63, 96, -1, 305, 154, 23.9, 35, ABplaapap, 320, 27848, 57590, 2068, , 27848, 25000, 28252, 28258, 0, 
86, 1, 160, 104, -1, 373, 192, 10.5, 30, MSappap, 267, 28732, 35398, 1232, , 28732, 25000, 28410, 28412, 0, 
87, 1, 171, 189, -1, 280, 305, 21.3, 34, ABalapppp, 338, 27007, 50882, 1884, , 27007, 25000, 27883, 27950, 0, 
88, 1, 159, 145, -1, 192, 212, 20.4, 33, ABalapaap, 314, 27932, 45808, 1640, , 27932, 25000, 28528, 28509, 0, 
89, 1, 150, 179, -1, 277, 311, 25.3, 34, ABarpapap, 324, 27456, 51728, 1884, , 27456, 25000, 27765, 27842, 0, 
90, 1, 136, 186, -1, 513, 360, 21.6, 36, ABprapapa, 323, 27205, 57458, 2112, , 27205, 25000, 27687, 27696, 0, 
91, 1, 83, 139, -1, 414, 140, 21.4, 32, ABplapaap, 113, 27013, 40088, 1484, , 27013, 25000, 27786, 27806, 0, 
92, 1, 130, 176, -1, 568, 282, 15.4, 35, Cpppa, 129, 28206, 54494, 1932, , 28206, 25000, 28273, 28400, 0, 
93, 1, 12, 19, -1, 423, 197, 10.4, 35, Daa, 147, 27326, 52793, 1932, , 27326, 25000, 28736, 28737, 0, 
94, 1, 7, 58, -1, 449, 313, 11.3, 35, Dpa, 163, 27095, 55273, 2040, , 27095, 25000, 28453, 28468, 0, 
95, 1, 157, 38, -1, 261, 391, 16.3, 32, ABpraaaap, 295, 27938, 44254, 1584, , 27938, 25000, 27471, 27462, 0, 
96, 1, 4, 16, -1, 291, 163, 9.6, 31, ABplpapaa, 274, 27833, 37073, 1332, , 27833, 25000, 28791, 28812, 0, 
97, 1, 178, 21, -1, 246, 153, 23.7, 34, ABplaapaa, -5, 28062, 52869, 1884, , 28062, 25000, 28278, 28288, 0, 
98, 1, 127, 153, -1, 266, 343, 7.7, 32, ABarappaa, 325, 28799, 45618, 1584, , 28799, 25000, 31051, 31369, 0, 
99, 1, 81, 112, -1, 293, 381, 13.3, 32, ABprpaaaa, 319, 26919, 42639, 1584, , 26919, 25000, 28263, 28259, 0, 
100, 1, 5, 18, -1, 255, 198, 21.2, 33, ABalapapp, -104, 27618, 48165, 1744, , 27618, 25000, 27663, 27671, 0, 
101, 1, 151, 126, -1, 405, 127, 12.4, 32, ABplppapa, 280, 26821, 39802, 1484, , 26821, 25000, 28610, 28674, 0, 
102, 1, 186, 195, -1, 344, 285, 13.4, 31, MSpaapp, 234, 29247, 38957, 1332, , 29247, 25000, 29264, 29264, 0, 
103, 1, 82, 133, -1, 362, 360, 9.9, 30, ABprpapaa, 302, 26952, 36547, 1356, , 26952, 25000, 28130, 28174, 0, 
104, 1, 147, 85, -1, 430, 217, 19.9, 39, Epla, 385, 27198, 74850, 2752, , 27198, 25000, 28284, 28284, 0, 
105, 1, 167, 83, -1, 261, 209, 25.7, 34, ABplaaaap, 327, 27961, 52678, 1884, , 27961, 25000, 28318, 28278, 0, 
106, 1, 26, 125, -1, 452, 383, 8.5, 32, ABprppaap, 256, 27419, 39264, 1432, , 27419, 25000, 29756, 29776, 0, 
107, 1, 137, 194, -1, 596, 252, 20.2, 37, Cpapa, 371, 27359, 64896, 2372, , 27359, 25000, 28369, 28369, 0, 
108, 1, 1, 109, -1, 387, 299, 15.4, 37, Earp, 256, 28163, 65563, 2328, , 28163, 25000, 28570, 28597, 0, 
109, 1, 95, 144, -1, 517, 375, 17.4, 35, ABprappap, 343, 27465, 53062, 1932, , 27465, 25000, 28865, 28956, 0, 
110, 1, 69, 163, -1, 325, 271, 8.8, 33, MSpapaa, 302, 31479, 54899, 1744, , 31479, 25000, 30374, 30363, 0, 
111, 1, 15, 101, -1, 254, 316, 17.6, 34, MSpaaap, 337, 27503, 48955, 1780, , 27503, 25000, 28249, 28258, 0, 
112, 1, 52, 87, -1, 283, 370, 23.6, 35, ABpraapaa, 347, 27354, 52848, 1932, , 27354, 25000, 28076, 28047, 0, 
113, 1, 184, 31, -1, 272, 258, 25.6, 37, ABarpaapa, 334, 27874, 64891, 2328, , 27874, 25000, 28115, 28086, 0, 
114, 1, 176, 137, -1, 412, 395, 18.2, 37, ABpraappp, 758, 27062, 64191, 2372, , 27062, 25000, 27954, 28003, 0, 
115, 1, 133, 68, -1, 438, 382, 21.6, 35, ABprapaap, 493, 27435, 53004, 1932, , 27435, 25000, 28091, 28082, 0, 
116, 1, 90, 95, -1, 467, 134, 20.9, 35, ABplapapa, 350, 27338, 56535, 2068, , 27338, 25000, 28056, 28096, 0, 
117, 1, 2, 141, -1, 235, 285, 10.6, 31, ABaraappa, 19, 27472, 36593, 1332, , 27472, 25000, 28227, 28311, 0, 
118, 1, 13, 193, -1, 576, 249, 13.5, 35, Cpppp, 274, 26978, 53525, 1984, , 26978, 25000, 28478, 28566, 0, 
119, 1, 129, 155, -1, 307, 203, 25.6, 34, ABplaaapa, 322, 27185, 48390, 1780, , 27185, 25000, 28106, 28148, 0, 
120, 1, 35, 132, -1, 505, 218, 19.3, 39, Eplp, 385, 28056, 77547, 2764, , 28056, 25000, 28507, 28511, 0, 
121, 1, 27, 131, -1, 349, 334, 23.8, 35, ABarpappp, 334, 27889, 56112, 2012, , 27889, 25000, 28173, 28297, 0, 
122, 1, 61, 42, -1, 449, 143, 12.9, 32, ABplppapp, -36, 27511, 43357, 1576, , 27511, 25000, 28276, 28349, 0, 
123, 1, 107, 37, -1, 240, 150, 13.0, 32, ABplpaaaa, 123, 27158, 46386, 1708, , 27158, 25000, 28078, 28138, 0, 
124, 1, 93, 147, -1, 222, 223, 8.0, 31, ABalpapap, 53, 27787, 43904, 1580, , 27787, 25000, 30850, 31047, 0, 
125, 1, 40, 89, -1, 223, 338, 9.4, 30, ABaraaapp, 255, 27862, 32209, 1156, , 27862, 25000, 28476, 28434, 0, 
126, 1, 68, 88, -1, 317, 375, 9.7, 32, ABarapppp, 195, 27435, 43457, 1584, , 27435, 25000, 28262, 28379, 0, 
127, 1, 38, 169, -1, 475, 127, 16.6, 32, ABplappap, 326, 27690, 41092, 1484, , 27690, 25000, 28038, 28050, 0, 
128, 1, 19, 24, -1, 181, 294, 13.1, 30, ABaraaaap, 185, 28498, 38643, 1356, , 28498, 25000, 27905, 27914, 0, 
129, 1, 79, 44, -1, 127, 238, 18.4, 32, ABalaaaal, 289, 26677, 39589, 1484, , 26677, 25000, 28034, 28080, 0, 
130, 1, 117, 187, -1, 306, 224, 19.8, 39, Eala, -80, 27267, 72313, 2652, , 27267, 25000, 27794, 27794, 0, 
131, 1, 10, 27, -1, 337, 374, 22.7, 34, ABpraapap, 337, 28113, 52964, 1884, , 28113, 25000, 28565, 28626, 0, 
132, 1, 113, 164, -1, 291, 311, 6.2, 30, ABarapapa, 332, 33709, 44496, 1320, , 33709, 25000, 32445, 32468, 0, 
133, 1, 54, 172, -1, 512, 272, 19.8, 39, Eprp, -67, 27736, 73555, 2652, , 27736, 25000, 28577, 28591, 0, 
134, 1, 173, 154, -1, 218, 151, 16.5, 33, ABalpppap, -130, 27360, 44432, 1624, , 27360, 25000, 27780, 27847, 0, 
135, 1, 73, 136, -1, 265, 127, 16.7, 32, ABplpaapa, 74, 27621, 43751, 1584, , 27621, 25000, 27681, 27709, 0, 
136, 1, 175, 48, -1, 503, 283, 8.6, 35, Cppaa, 301, 27464, 53061, 1932, , 27464, 25000, 29980, 29958, 0, 
137, 1, 161, 185, -1, 408, 336, 24.7, 34, ABarpppap, 341, 27925, 52611, 1884, , 27925, 25000, 27803, 27805, 0, 
138, 1, 71, 192, -1, 489, 186, 8.3, 36, Capaa, 361, 28364, 62855, 2216, , 28364, 25000, 30465, 30418, 0, 
139, 1, 116, 32, -1, 179, 171, 19.1, 32, ABalpppaa, 7, 26657, 42011, 1576, , 26657, 25000, 28292, 28331, 0, 
140, 1, 70, 111, -1, 341, 123, 11.8, 32, ABplppaaa, 265, 27211, 43756, 1608, , 27211, 25000, 27935, 27901, 0, 
141, 1, 119, 45, -1, 426, 382, 11.6, 30, ABprppaaa, 280, 27577, 31879, 1156, , 27577, 25000, 28164, 28171, 0, 
142, 1, 101, 177, -1, 610, 222, 14.4, 35, Cpapp, 218, 26762, 51705, 1932, , 26762, 25000, 28181, 28207, 0, 
143, 1, 65, 63, -1, 319, 120, 15.7, 33, ABplpaapp, 287, 28384, 49275, 1736, , 28384, 25000, 28317, 28322, 0, 
144, 1, 139, 55, -1, 222, 375, 15.3, 30, ABpraaaaa, 85, 26746, 34984, 1308, , 26746, 25000, 27667, 27629, 0, 
145, 1, 92, 171, -1, 377, 129, 9.5, 31, ABplppaap, 289, 27391, 33746, 1232, , 27391, 25000, 28132, 28134, 0, 
146, 1, 170, 93, -1, 414, 301, 7.2, 30, MSpappa, 260, 29580, 39045, 1320, , 29580, 25000, 31827, 31897, 0, 
147, 1, 120, 9, -1, 414, 228, 7.5, 33, MSaappp, 321, 29651, 48154, 1624, , 29651, 25000, 30812, 30879, 0, 
148, 1, 9, 67, -1, 290, 178, 14.4, 32, MSapapa, 315, 27225, 40402, 1484, , 27225, 25000, 28112, 28238, 0, 
149, 1, 100, 121, -1, 294, 234, 6.9, 35, ABalpappp, 345, 32280, 66755, 2068, , 32280, 25000, 32680, 32808, 0, 
150, 0, 191, -1, -1, 88, 264, 14.8, 28, , 248, 568, 28705, 1052, , 27286, 25000, 26691, 26718, 0, 
151, 1, 180, 76, -1, 343, 330, 12.3, 32, MSpppaa, 318, 27840, 44098, 1584, , 27840, 25000, 28076, 28127, 0, 
152, 1, 64, 116, -1, 537, 167, 13.2, 34, Cappa, 297, 27612, 52794, 1912, , 27612, 25000, 28873, 28898, 0, 
153, 1, 185, 175, -1, 247, 251, 15.8, 35, MSaaapa, 575, 27677, 55687, 2012, , 27677, 25000, 28477, 28492, 0, 
154, 1, 72, 51, -1, 353, 231, 9.1, 32, MSaapap, 321, 30239, 47656, 1576, , 30239, 25000, 29712, 29714, 0, 
155, 1, 152, 143, -1, 314, 340, 16.5, 32, MSppapa, 303, 26506, 37957, 1432, , 26506, 25000, 27692, 27725, 0, 
156, 1, 146, 118, -1, 469, 258, 14.6, 37, Z2, 259, 28016, 65222, 2328, , 28016, 25000, 28389, 28389, 0, 
157, 1, 112, 124, -1, 326, 151, 8.4, 32, ABplpapap, 316, 28854, 42820, 1484, , 28854, 25000, 30856, 31002, 0, 
158, 1, 17, 49, -1, 381, 178, 6.1, 33, ABplpappp, 326, 34331, 59599, 1736, , 34331, 25000, 34642, 34668, 0, 
159, 1, 125, 57, -1, 459, 384, 13.5, 33, ABprppapa, 283, 27688, 44966, 1624, , 27688, 25000, 28401, 28503, 0, 
160, 1, 122, 86, -1, 473, 198, 25.7, 38, Caaaa, 380, 27970, 69814, 2496, , 27970, 25000, 27847, 27822, 0, 
161, 1, 154, 3, -1, 149, 338, 15.4, 32, ABalaapaa, 493, 26927, 39959, 1484, , 26927, 25000, 27510, 27562, 0, 
162, 1, 51, 34, -1, 183, 279, 25.7, 35, ABarpaaaa, 324, 27379, 55853, 2040, , 27379, 25000, 28168, 28170, 0, 
163, 1, 187, 178, -1, 414, 184, 25.9, 36, ABarppaap, 360, 27783, 63233, 2276, , 27783, 25000, 27842, 27855, 0, 
164, 1, 158, 52, -1, 505, 375, 9.7, 33, ABprpppaa, 5, 27811, 48280, 1736, , 27811, 25000, 28041, 28101, 0, 
165, 1, 182, 23, -1, 193, 303, 21.3, 33, ABalappap, 326, 28672, 49774, 1736, , 28672, 25000, 28168, 28155, 0, 
166, 1, 41, 107, -1, 406, 179, 14.8, 31, MSapppp, 119, 28892, 42298, 1464, , 28892, 25000, 28112, 28114, 0, 
167, 1, 149, 80, -1, 267, 204, 14.9, 31, MSapaap, 343, 26611, 39385, 1480, , 26611, 25000, 28549, 28670, 0, 
168, 1, 142, 138, -1, 314, 395, 16.6, 32, ABprpaapa, 292, 26963, 40013, 1484, , 26963, 25000, 28159, 28201, 0, 
169, 1, 59, 128, -1, 144, 228, 14.6, 39, ABalpaapa, 391, 27298, 76433, 2800, , 27298, 25000, 28884, 28928, 0, 
170, 1, 30, 4, -1, 187, 353, 19.5, 33, ABalaappa, 273, 27554, 44748, 1624, , 27554, 25000, 27571, 27605, 0, 
171, 1, 164, 72, -1, 218, 263, 18.6, 34, MSaaaap, 335, 28538, 50797, 1780, , 28538, 25000, 28037, 28052, 0, 
172, 1, 148, 25, -1, 393, 374, 8.1, 33, ABprpapap, 324, 27927, 48481, 1736, , 27927, 25000, 29705, 29862, 0, 
173, 1, 88, 183, 191, 401, 354, 13.8, 35, MSpppp, -79, 27076, 54476, 2012, , 27076, 25000, 28358, 28367, 0, 
174, 1, 111, 10, -1, 558, 211, 11.3, 33, Cappp, 337, 27099, 47043, 1736, , 27099, 25000, 28643, 28660, 0, 
175, 1, 115, 165, -1, 448, 168, 23.4, 34, ABarppapa, 342, 28069, 49963, 1780, , 28069, 25000, 28080, 28077, 0, 
176, 1, 169, 127, -1, 346, 261, 25.8, 37, ABarpaapp, 375, 27798, 65938, 2372, , 27798, 25000, 27835, 27842, 0, 
177, 1, 23, 81, -1, 370, 237, 5.5, 30, MSaappa, 264, 36345, 44777, 1232, , 36345, 25000, 33518, 33587, 0, 
178, 1, 77, 98, -1, 427, 115, 16.5, 32, ABplappaa, 312, 26918, 38546, 1432, , 26918, 25000, 28262, 28253, 0, 
179, 1, 20, 135, -1, 212, 302, 7.1, 29, ABarapaaa, 283, 30356, 34606, 1140, , 30356, 25000, 32669, 32765, 0, 
180, 1, 174, 156, -1, 529, 262, 25.4, 39, Cpaap, 695, 27786, 77800, 2800, , 27786, 25000, 28137, 28137, 0, 
181, 1, 108, 115, -1, 434, 328, 5.5, 32, ABprpappp, 322, 36063, 51642, 1432, , 36063, 25000, 34061, 34046, 0, 
182, 1, 89, 158, -1, 334, 190, 6.2, 34, ABplpappa, 344, 33760, 64549, 1912, , 33760, 25000, 34919, 34991, 0, 
183, 1, 47, 184, -1, 325, 195, 12.6, 32, MSappaa, 480, 28201, 41851, 1484, , 28201, 25000, 28711, 28726, 0, 
184, 1, 172, 43, -1, 500, 163, 21.5, 34, ABarppapp, 166, 27485, 46395, 1688, , 27485, 25000, 28391, 28485, 0, 
185, 1, 162, 78, -1, 387, 334, 6.1, 33, ABprpappa, 280, 31792, 55191, 1736, , 31792, 25000, 32923, 33027, 0, 
186, 1, 168, 180, -1, 568, 194, 21.6, 37, Caaap, 341, 27892, 64932, 2328, , 27892, 25000, 28711, 28718, 0, 
187, 1, 99, 50, -1, 418, 153, 7.5, 32, ABplppppa, 327, 29100, 41671, 1432, , 29100, 25000, 31801, 31793, 0, 
188, 1, 138, 117, -1, 326, 344, 7.4, 33, ABarappap, 297, 29817, 48900, 1640, , 29817, 25000, 31616, 31688, 0, 
189, 1, 118, 174, -1, 429, 296, 18.4, 38, Epra, 388, 28128, 72571, 2580, , 28128, 25000, 28190, 28212, 0, 
190, 1, 66, 173, -1, 290, 298, 15.3, 34, MSpaapa, 335, 27544, 51893, 1884, , 27544, 25000, 28376, 28400, 0, 
191, 1, 60, 102, -1, 396, 266, 7.7, 32, MSpapap, 269, 31432, 49789, 1584, , 31432, 25000, 31863, 31928, 0, 
192, 1, 131, 39, -1, 510, 375, 13.2, 34, ABprppapp, 315, 27308, 52212, 1912, , 27308, 25000, 28347, 28531, 0, 
193, 0, 192, -1, -1, 120, 178, 24.5, 34, , 223, -2, 45958, 1688, , 27226, 25000, 27228, 27228, 0, 
