1, 1, 102, 190, -1, 182, 309, 22.6, 33, ABalappap, 306, 28885, 47372, 1640, , 28885, 25000, 28163, 28335, 0, 
2, 1, 172, 195, -1, 368, 235, 5.6, 30, MSaappa, 284, 34116, 39438, 1156, , 34116, 25000, 33400, 33463, 0, 
3, 1, 30, 111, -1, 175, 165, 14.9, 30, ABalppaaa, 266, 27872, 37794, 1356, , 27872, 25000, 27390, 27387, 0, 
4, 1, 181, 155, -1, 305, 159, 24.1, 35, ABplaapap, 97, 27875, 57645, 2068, , 27875, 25000, 28260, 28256, 0, 
5, 1, 192, 50, -1, 408, 338, 25.2, 35, ABarpppap, 217, 27723, 55779, 2012, , 27723, 25000, 27882, 27948, 0, 
6, 1, 117, 29, -1, 415, 338, 15.4, 30, MSppppp, 252, 27134, 31367, 1156, , 27134, 25000, 28261, 28320, 0, 
7, 1, 72, 191, -1, 331, 292, 19.3, 39, Eara, 391, 28082, 77620, 2764, , 28082, 25000, 28720, 28720, 0, 
8, 1, 164, 109, -1, 206, 209, 15.9, 31, MSapaaa, 307, 27451, 40628, 1480, , 27451, 25000, 28263, 28263, 0, 
9, 1, 78, 66, -1, 290, 131, 12.0, 32, ABplpaaap, 289, 27979, 47788, 1708, , 27979, 25000, 28670, 28665, 0, 
10, 0, 4, -1, -1, 89, 264, 17.1, 30, , 279, 2653, 40005, 1356, , 29502, 25000, 26960, 26849, 0, 
11, 1, 52, 131, -1, 323, 345, 7.2, 33, ABarappap, -4, 29767, 51914, 1744, , 29767, 25000, 32372, 32861, 0, 
12, 1, 113, 92, -1, 477, 123, 16.7, 33, ABplappap, 324, 28078, 48744, 1736, , 28078, 25000, 28237, 28252, 0, 
13, 1, 171, 105, -1, 512, 223, 8.5, 33, Capap, 107, 28780, 46739, 1624, , 28780, 25000, 30789, 30980, 0, 
14, 1, 155, 18, -1, 216, 377, 15.6, 30, ABpraaaaa, 45, 27277, 31532, 1156, , 27277, 25000, 27838, 27812, 0, 
15, 1, 61, 164, -1, 260, 391, 15.5, 32, ABpraaaap, 60, 27582, 39497, 1432, , 27582, 25000, 27822, 27828, 0, 
16, 1, 89, 185, -1, 267, 288, 10.7, 32, ABaraappp, 286, 27391, 43388, 1584, , 27391, 25000, 28910, 28960, 0, 
17, 1, 104, 91, -1, 608, 226, 13.6, 34, Cpapp, 339, 27121, 48275, 1780, , 27121, 25000, 28616, 28639, 0, 
18, 1, 43, 158, -1, 499, 118, 12.7, 31, ABplapppa, 288, 26613, 36406, 1368, , 26613, 25000, 27542, 27547, 0, 
19, 1, 93, 186, -1, 324, 301, 6.5, 33, ABarapapp, 324, 32830, 53316, 1624, , 32830, 25000, 32368, 32378, 0, 
20, 1, 56, 182, -1, 213, 298, 6.6, 31, ABarapaaa, -128, 34413, 45838, 1332, , 34413, 25000, 33494, 33679, 0, 
21, 1, 7, 31, -1, 179, 319, 10.0, 34, ABaraaapa, 96, 27946, 55669, 1992, , 27946, 25000, 28487, 28505, 0, 
22, 1, 127, 184, -1, 276, 306, 21.0, 35, ABalapppp, 311, 27480, 61886, 2252, , 27480, 25000, 27713, 27708, 0, 
23, 1, 138, 95, -1, 444, 195, 16.4, 33, Dapa, 295, 27987, 45899, 1640, , 27987, 25000, 28121, 28132, 0, 
24, 1, 140, 37, -1, 509, 225, 19.4, 38, Eplp, 387, 27602, 71214, 2580, , 27602, 25000, 28633, 28636, 0, 
25, 1, 9, 110, -1, 219, 337, 9.3, 30, ABaraaapp, -253, 27164, 35530, 1308, , 27164, 25000, 28285, 28309, 0, 
26, 1, 84, 126, -1, 266, 344, 6.8, 31, ABarappaa, 253, 32523, 47614, 1464, , 32523, 25000, 33008, 33425, 0, 
27, 1, 34, 27, -1, 220, 139, 17.5, 34, ABalpppap, -10, 28286, 47747, 1688, , 28286, 25000, 27625, 27586, 0, 
28, 1, 92, 25, -1, 538, 128, 16.0, 33, ABplapapp, 263, 27522, 49760, 1808, , 27522, 25000, 28139, 28139, 0, 
29, 1, 116, 89, -1, 154, 288, 22.3, 32, ABalappaa, 31, 26886, 42588, 1584, , 26886, 25000, 27841, 27689, 0, 
30, 1, 135, 2, -1, 347, 265, 25.6, 39, ABarpaapp, 389, 28175, 78891, 2800, , 28175, 25000, 27783, 27766, 0, 
31, 1, 85, 41, -1, 239, 356, 18.1, 33, ABpraaapa, 331, 28025, 48651, 1736, , 28025, 25000, 27821, 27881, 0, 
32, 1, 23, 46, -1, 143, 324, 19.3, 33, ABalaaapp, 347, 27419, 47599, 1736, , 27419, 25000, 28021, 28012, 0, 
33, 1, 71, 159, -1, 156, 338, 14.3, 31, ABalaapaa, 193, 27317, 37370, 1368, , 27317, 25000, 27489, 27492, 0, 
34, 1, 187, 43, -1, 436, 217, 20.6, 39, Epla, 392, 27753, 77707, 2800, , 27753, 25000, 28580, 28579, 0, 
35, 1, 86, 96, -1, 372, 365, 13.9, 32, MSppppa, 228, 27322, 43059, 1576, , 27322, 25000, 27897, 27919, 0, 
36, 1, 190, 14, -1, 393, 262, 8.6, 32, MSpapap, 328, 33168, 49221, 1484, , 33168, 25000, 30521, 30632, 0, 
37, 1, 81, 26, -1, 128, 236, 18.4, 32, ABalaaaal, 156, 26766, 39721, 1484, , 26766, 25000, 27936, 27957, 0, 
38, 1, 194, 138, -1, 288, 298, 15.3, 33, MSpaapa, 327, 27751, 48176, 1736, , 27751, 25000, 28471, 28489, 0, 
39, 1, 41, 9, -1, 207, 149, 14.1, 31, ABalppaap, 212, 28782, 42598, 1480, , 28782, 25000, 27957, 27843, 0, 
40, 1, 174, 147, -1, 332, 322, 11.8, 31, MSpppaa, 277, 27152, 39751, 1464, , 27152, 25000, 28533, 28418, 0, 
41, 1, 99, 87, -1, 332, 286, 13.8, 31, MSpaapp, 241, 28088, 41121, 1464, , 28088, 25000, 28756, 28815, 0, 
42, 1, 157, 149, -1, 403, 175, 17.3, 31, MSapppp, 314, 27991, 38292, 1368, , 27991, 25000, 28128, 28112, 0, 
43, 1, 21, 70, -1, 285, 381, 19.3, 34, ABpraaapp, 343, 26904, 50688, 1884, , 26904, 25000, 28342, 28389, 0, 
44, 1, 123, 154, -1, 467, 350, 7.4, 32, ABprppppa, 319, 29373, 43589, 1484, , 29373, 25000, 31665, 31661, 0, 
45, 1, 79, 108, -1, 576, 251, 11.1, 35, Cpppp, 324, 27788, 57465, 2068, , 27788, 25000, 28479, 28466, 0, 
46, 1, 128, 12, -1, 138, 294, 12.7, 32, ABaraaaaa, 281, 27001, 42769, 1584, , 27001, 25000, 27574, 27604, 0, 
47, 1, 26, 93, -1, 193, 350, 14.4, 31, ABalaapap, 258, 27521, 36658, 1332, , 27521, 25000, 27921, 27924, 0, 
48, 1, 131, 114, -1, 234, 215, 9.8, 32, ABalpapap, 274, 28100, 45185, 1608, , 28100, 25000, 29097, 29211, 0, 
49, 1, 109, 10, -1, 463, 265, 15.2, 35, Z2, 350, 28260, 56860, 2012, , 28260, 25000, 28419, 28419, 0, 
50, 1, 29, 48, -1, 261, 170, 7.6, 34, ABalppapp, 342, 29536, 52574, 1780, , 29536, 25000, 32210, 32444, 0, 
51, 1, 121, 123, -1, 583, 177, 17.9, 31, Caapa, 138, 28280, 41854, 1480, , 28280, 25000, 28371, 28418, 0, 
52, 1, 152, 132, -1, 317, 325, 25.8, 35, ABarpappa, 326, 27999, 56333, 2012, , 27999, 25000, 28249, 28298, 0, 
53, 1, 146, 127, -1, 247, 248, 16.6, 36, MSaaapa, 318, 27503, 58087, 2112, , 27503, 25000, 28347, 28443, 0, 
54, 1, 179, 137, -1, 272, 218, 25.5, 34, ABplaaaap, 324, 28203, 47606, 1688, , 28203, 25000, 27792, 27791, 0, 
55, 1, 133, 90, -1, 584, 166, 13.4, 34, Caapp, -34, 27520, 48986, 1780, , 27520, 25000, 27995, 27995, 0, 
56, 1, 165, 187, -1, 501, 380, 12.5, 34, ABprppapp, 346, 27651, 46675, 1688, , 27651, 25000, 28347, 28408, 0, 
57, 1, 156, 5, -1, 361, 349, 18.0, 33, MSppapp, 282, 27448, 49626, 1808, , 27448, 25000, 28414, 28414, 0, 
58, 1, 11, 125, -1, 364, 353, 9.1, 31, ABprpapaa, 302, 28141, 41649, 1480, , 28141, 25000, 28838, 28873, 0, 
59, 1, 120, 55, -1, 127, 278, 20.4, 33, ABalaaapa, 281, 27794, 45582, 1640, , 27794, 25000, 27298, 27387, 0, 
60, 1, 60, 13, -1, 190, 186, 12.3, 32, ABalpaapp, 535, 28352, 44910, 1584, , 28352, 25000, 28123, 28149, 0, 
61, 1, 90, 152, -1, 327, 131, 20.9, 34, ABplaappa, 82, 27137, 53622, 1976, , 27137, 25000, 28269, 28275, 0, 
62, 1, 38, 143, -1, 387, 174, 6.2, 33, ABplpappp, -14, 33760, 58877, 1744, , 33760, 25000, 34536, 34861, 0, 
63, 1, 159, 58, -1, 170, 270, 17.7, 33, MSaaaaa, 296, 28174, 48910, 1736, , 28174, 25000, 27902, 27922, 0, 
64, 1, 173, 193, -1, 251, 317, 17.8, 34, MSpaaap, 332, 26766, 51176, 1912, , 26766, 25000, 28116, 28128, 0, 
65, 1, 17, 80, -1, 227, 283, 11.5, 32, ABaraappa, 46, 27753, 39743, 1432, , 27753, 25000, 28318, 28417, 0, 
66, 1, 195, 101, -1, 179, 294, 14.0, 29, ABaraaaap, 117, 26811, 32924, 1228, , 26811, 25000, 28000, 28094, 0, 
67, 1, 39, 133, -1, 299, 248, 15.4, 32, MSaaapp, 270, 28477, 42260, 1484, , 28477, 25000, 28585, 28540, 0, 
68, 1, 160, 88, -1, 552, 209, 11.1, 32, Cappp, -113, 27631, 43546, 1576, , 27631, 25000, 28609, 28620, 0, 
69, 1, 151, 39, -1, 316, 393, 15.7, 32, ABprpaapa, 304, 26855, 42539, 1584, , 26855, 25000, 28162, 28175, 0, 
70, 1, 14, 68, -1, 173, 263, 11.8, 31, ABaraapaa, -53, 27626, 40445, 1464, , 27626, 25000, 28195, 28288, 0, 
71, 1, 176, 134, -1, 489, 135, 20.6, 34, ABplapapa, 345, 26947, 47965, 1780, , 26947, 25000, 28124, 28165, 0, 
72, 1, 51, 67, -1, 432, 303, 18.5, 39, Epra, 392, 27481, 79145, 2880, , 27481, 25000, 28136, 28142, 0, 
73, 1, 136, 183, -1, 240, 246, 6.1, 34, ABalpappa, 334, 34427, 68027, 1976, , 34427, 25000, 33269, 33264, 0, 
74, 1, 170, 141, -1, 263, 361, 9.7, 33, ABarapppa, 273, 27574, 47869, 1736, , 27574, 25000, 28344, 28333, 0, 
75, 1, 13, 102, -1, 222, 260, 25.6, 33, ABarpaaap, 266, 27217, 44636, 1640, , 27217, 25000, 27570, 27622, 0, 
76, 1, 16, 40, 97, 275, 150, 19.1, 36, ABalppppp, 245, 27591, 62797, 2276, , 27591, 25000, 27832, 27839, 0, 
77, 1, 53, 119, -1, 374, 214, 26.8, 37, ABarppaaa, 325, 27737, 65791, 2372, , 27737, 25000, 27972, 28026, 0, 
78, 1, 134, 115, -1, 122, 296, 16.3, 31, ABalaaaar, 177, 27431, 37525, 1368, , 27431, 25000, 27681, 27668, 0, 
79, 1, 75, 180, -1, 494, 377, 9.6, 33, ABprpppaa, 300, 27668, 45375, 1640, , 27668, 25000, 28370, 28463, 0, 
80, 1, 177, 84, -1, 469, 308, 10.6, 30, Dpap, 202, 28112, 32498, 1156, , 28112, 25000, 28942, 29055, 0, 
81, 1, 10, 53, -1, 479, 208, 25.5, 40, Caaaa, 399, 27648, 83387, 3016, , 27648, 25000, 28028, 28031, 0, 
82, 1, 114, 1, -1, 192, 212, 8.5, 31, ABalpapaa, 304, 28339, 34914, 1232, , 28339, 25000, 30520, 30581, 0, 
83, 1, 64, 146, -1, 407, 293, 7.1, 30, MSpappa, 305, 30223, 40982, 1356, , 30223, 25000, 32020, 31798, 0, 
84, 1, 58, 121, -1, 444, 315, 5.4, 33, ABprpappp, 309, 34049, 55841, 1640, , 34049, 25000, 33218, 33264, 0, 
85, 1, 158, 73, -1, 485, 131, 8.5, 33, ABplpppap, 281, 28518, 46314, 1624, , 28518, 25000, 29816, 29834, 0, 
86, 1, 150, 117, -1, 572, 197, 21.4, 39, Caaap, 391, 27102, 75886, 2800, , 27102, 25000, 28218, 28220, 0, 
87, 1, 12, 22, -1, 223, 176, 9.4, 31, ABalppapa, 312, 27857, 37106, 1332, , 27857, 25000, 28721, 28705, 0, 
88, 1, 149, 94, -1, 348, 230, 9.5, 32, MSaapap, 323, 31054, 44470, 1432, , 31054, 25000, 29169, 29100, 0, 
89, 1, 177, 157, -1, 426, 326, 12.6, 30, Dpaa, 237, 27701, 32022, 1156, , 27701, 25000, 28982, 29091, 0, 
90, 1, 111, 128, -1, 137, 254, 9.8, 32, ABalpaaaa, 829, 28267, 45453, 1608, , 28267, 25000, 28385, 28425, 0, 
91, 1, 62, 145, -1, 533, 269, 24.0, 39, Cpaap, 397, 27399, 79128, 2888, , 27399, 25000, 27896, 27896, 0, 
92, 1, 125, 179, -1, 447, 270, 8.6, 33, MSpappp, 74, 28473, 46696, 1640, , 28473, 25000, 30056, 30058, 0, 
93, 1, 167, 175, -1, 543, 361, 14.3, 32, ABprapppa, 296, 27502, 43563, 1584, , 27502, 25000, 28015, 28081, 0, 
94, 1, 103, 189, -1, 289, 234, 7.6, 35, ABalpappp, 121, 29282, 56573, 1932, , 29282, 25000, 31896, 31955, 0, 
95, 1, 1, 35, -1, 386, 295, 15.2, 37, Earp, 35, 27908, 66198, 2372, , 27908, 25000, 28691, 28692, 0, 
96, 1, 137, 15, -1, 401, 221, 8.0, 32, MSaappp, 321, 28572, 48801, 1708, , 28572, 25000, 30483, 30386, 0, 
97, 1, 98, 167, -1, 446, 119, 9.4, 34, ABplpppaa, 340, 28663, 51020, 1780, , 28663, 25000, 28689, 28745, 0, 
98, 1, 129, 60, -1, 197, 233, 23.8, 32, ABalapapa, 257, 27991, 45009, 1608, , 27991, 25000, 27888, 27950, 0, 
99, 1, 25, 45, -1, 292, 383, 12.5, 31, ABprpaaaa, 317, 27024, 33293, 1232, , 27024, 25000, 28379, 28386, 0, 
100, 1, 74, 77, -1, 435, 116, 16.3, 35, ABplappaa, 165, 27146, 55377, 2040, , 27146, 25000, 28308, 28333, 0, 
101, 1, 33, 153, -1, 365, 221, 16.9, 38, Ealp, 92, 27791, 73702, 2652, , 27791, 25000, 28619, 28623, 0, 
102, 1, 63, 163, -1, 511, 328, 6.6, 33, ABprppppp, 314, 32913, 53977, 1640, , 32913, 25000, 34510, 34595, 0, 
103, 1, 132, 20, -1, 246, 297, 6.9, 32, ABarapaap, 132, 31623, 49838, 1576, , 31623, 25000, 32572, 32503, 0, 
104, 1, 48, 156, -1, 576, 284, 14.6, 36, Cpppa, 296, 27693, 58487, 2112, , 27693, 25000, 28105, 28107, 0, 
105, 1, 186, 106, -1, 273, 267, 25.6, 35, ABarpaapa, 353, 28008, 54112, 1932, , 28008, 25000, 28089, 28092, 0, 
106, 1, 193, 6, -1, 334, 373, 22.5, 35, ABpraapap, 287, 27961, 55475, 1984, , 27961, 25000, 28437, 28524, 0, 
107, 1, 162, 69, -1, 229, 174, 19.5, 34, ABalppppa, 308, 26792, 45225, 1688, , 26792, 25000, 27965, 28091, 0, 
108, 1, 73, 36, -1, 328, 154, 7.7, 33, ABplpapap, 317, 29037, 50408, 1736, , 29037, 25000, 32641, 32685, 0, 
109, 1, 188, 113, -1, 497, 322, 23.4, 35, ABarppppp, 347, 27633, 53386, 1932, , 27633, 25000, 28379, 28358, 0, 
110, 1, 88, 130, -1, 285, 300, 6.1, 33, ABarapapa, 140, 34215, 59398, 1736, , 34215, 25000, 33063, 33106, 0, 
111, 1, 65, 16, -1, 520, 376, 17.1, 34, ABprappap, 188, 27536, 54411, 1976, , 27536, 25000, 28390, 28470, 0, 
112, 1, 106, 151, -1, 155, 210, 10.3, 31, ABalpaaap, -163, 27991, 38292, 1368, , 27991, 25000, 28841, 28858, 0, 
113, 1, 35, 74, -1, 446, 340, 23.7, 36, ABarppppa, 366, 27371, 60655, 2216, , 27371, 25000, 27954, 28040, 0, 
114, 1, 47, 33, -1, 389, 322, 5.9, 33, ABprpappa, 295, 34162, 59306, 1736, , 34162, 25000, 33453, 33594, 0, 
115, 1, 6, 57, -1, 417, 194, 25.7, 34, ABarppaap, 324, 27347, 51522, 1884, , 27347, 25000, 28101, 28079, 0, 
116, 1, 77, 38, -1, 341, 395, 12.8, 32, ABprpaaap, 91, 27922, 44899, 1608, , 27922, 25000, 27955, 28071, 0, 
117, 1, 139, 165, -1, 290, 167, 10.2, 31, ABplpapaa, 280, 28097, 41134, 1464, , 28097, 25000, 29004, 29022, 0, 
118, 1, 101, 83, -1, 508, 170, 22.2, 35, ABarppapp, 342, 27752, 55838, 2012, , 27752, 25000, 28132, 28163, 0, 
119, 1, 180, 71, -1, 253, 158, 24.6, 35, ABplaapaa, 343, 27502, 53133, 1932, , 27502, 25000, 28149, 28153, 0, 
120, 1, 191, 98, -1, 300, 334, 12.5, 29, MSppaap, 243, 28264, 30525, 1080, , 28264, 25000, 27998, 28008, 0, 
121, 1, 118, 7, -1, 420, 134, 21.4, 33, ABplapaap, 279, 27022, 44316, 1640, , 27022, 25000, 27772, 27798, 0, 
122, 1, 32, 61, -1, 342, 176, 18.6, 33, MSapapp, 304, 28360, 46511, 1640, , 28360, 25000, 27871, 27871, 0, 
123, 0, 168, -1, -1, 89, 264, 14.9, 28, , -125, 2139, 31402, 1088, , 28862, 25000, 26723, 26723, 0, 
124, 1, 22, 24, -1, 208, 351, 21.7, 33, ABalaappp, 339, 28041, 48680, 1736, , 28041, 25000, 27877, 27926, 0, 
125, 1, 115, 160, -1, 204, 253, 10.3, 33, ABaraapap, 288, 27554, 47833, 1736, , 27554, 25000, 28216, 28190, 0, 
126, 1, 122, 85, -1, 154, 233, 21.8, 32, ABalapaaa, 318, 28945, 46543, 1608, , 28945, 25000, 28309, 28326, 0, 
127, 1, 18, 4, -1, 598, 252, 18.7, 37, Cpapa, 149, 27443, 65314, 2380, , 27443, 25000, 28365, 28365, 0, 
128, 1, 46, 28, -1, 542, 358, 10.4, 32, ABprpppap, 278, 27357, 40598, 1484, , 27357, 25000, 28365, 28400, 0, 
129, 1, 124, 166, -1, 339, 124, 11.7, 32, ABplppaaa, 315, 27691, 43863, 1584, , 27691, 25000, 27671, 27695, 0, 
130, 1, 24, 52, -1, 277, 320, 25.5, 34, ABarpapap, 346, 27046, 45654, 1688, , 27046, 25000, 28387, 28554, 0, 
131, 1, 83, 63, -1, 245, 149, 12.9, 32, ABplpaaaa, 318, 28053, 44212, 1576, , 28053, 25000, 28048, 28120, 0, 
132, 1, 119, 103, -1, 469, 384, 17.0, 34, ABprappaa, 341, 27252, 54285, 1992, , 27252, 25000, 28313, 28309, 0, 
133, 1, 3, 148, -1, 578, 340, 14.2, 32, ABprapppp, -190, 26619, 42804, 1608, , 26619, 25000, 27808, 27828, 0, 
134, 1, 144, 8, -1, 496, 288, 8.7, 35, Cppaa, 328, 27752, 56615, 2040, , 27752, 25000, 29577, 29703, 0, 
135, 1, 76, 56, -1, 379, 125, 17.5, 35, ABplaappp, 349, 27378, 54318, 1984, , 27378, 25000, 28151, 28151, 0, 
136, 1, 130, 118, -1, 290, 237, 11.5, 34, MSaapaa, 337, 29991, 50625, 1688, , 29991, 25000, 28896, 28956, 0, 
137, 1, 19, 129, -1, 449, 138, 12.4, 32, ABplppapp, 251, 27351, 40589, 1484, , 27351, 25000, 28813, 28895, 0, 
138, 1, 147, 32, -1, 435, 378, 20.6, 34, ABprapaap, 195, 28063, 49952, 1780, , 28063, 25000, 28229, 28266, 0, 
139, 1, 49, 169, -1, 441, 385, 9.3, 32, ABprppaap, 299, 27601, 43720, 1584, , 27601, 25000, 28778, 28931, 0, 
140, 1, 107, 170, -1, 382, 314, 10.4, 30, MSpppap, 255, 27484, 31772, 1156, , 27484, 25000, 29417, 29427, 0, 
141, 1, 36, 188, -1, 537, 131, 10.7, 31, ABplapppp, -49, 28269, 38672, 1368, , 28269, 25000, 27880, 27880, 0, 
142, 1, 126, 124, -1, 249, 201, 21.3, 34, ABalapapp, 324, 27779, 52336, 1884, , 27779, 25000, 28216, 28251, 0, 
143, 1, 68, 135, -1, 368, 401, 15.6, 32, ABprpaapp, 325, 27651, 41034, 1484, , 27651, 25000, 27886, 27914, 0, 
144, 1, 148, 104, -1, 411, 396, 17.5, 35, ABpraappp, 116, 27414, 54389, 1984, , 27414, 25000, 28186, 28148, 0, 
145, 1, 87, 196, -1, 192, 288, 26.2, 35, ABarpaaaa, 221, 28385, 57110, 2012, , 28385, 25000, 28273, 28348, 0, 
146, 1, 163, 54, -1, 452, 165, 23.3, 34, ABarppapa, 313, 28130, 52996, 1884, , 28130, 25000, 28091, 28081, 0, 
147, 1, 5, 171, -1, 409, 377, 11.3, 32, ABprppaaa, 258, 27701, 43879, 1584, , 27701, 25000, 28341, 28371, 0, 
148, 1, 2, 3, -1, 365, 396, 20.3, 34, ABpraappa, 305, 26632, 50174, 1884, , 26632, 25000, 28004, 27960, 0, 
149, 1, 15, 136, -1, 243, 338, 13.4, 32, MSppaaa, 311, 27141, 40277, 1484, , 27141, 25000, 28049, 28049, 0, 
150, 1, 80, 116, -1, 530, 167, 12.6, 33, Cappa, 296, 28143, 46154, 1640, , 28143, 25000, 29029, 29048, 0, 
151, 1, 67, 72, -1, 459, 175, 5.7, 33, ABplppppp, 290, 34062, 59131, 1736, , 34062, 25000, 34310, 34814, 0, 
152, 1, 42, 21, -1, 231, 203, 25.9, 34, ABplaaaaa, 340, 27493, 54326, 1976, , 27493, 25000, 27979, 27981, 0, 
153, 1, 28, 17, -1, 401, 126, 11.9, 31, ABplppapa, 272, 28875, 42735, 1480, , 28875, 25000, 28108, 28174, 0, 
154, 1, 142, 34, -1, 372, 127, 9.7, 32, ABplppaap, 281, 27860, 44131, 1584, , 27860, 25000, 28367, 28375, 0, 
155, 1, 110, 65, -1, 137, 233, 13.8, 35, ABalpaapa, 24, 26972, 54267, 2012, , 26972, 25000, 28602, 28626, 0, 
156, 1, 20, 107, -1, 405, 240, 13.7, 34, Z3, 319, 27841, 52453, 1884, , 27841, 25000, 28767, 28767, 0, 
157, 1, 55, 173, -1, 309, 340, 16.6, 32, MSppapa, 276, 28233, 41898, 1484, , 28233, 25000, 28403, 28379, 0, 
158, 1, 69, 51, -1, 325, 117, 15.8, 33, ABplpaapp, 43, 27688, 48287, 1744, , 27688, 25000, 28116, 28144, 0, 
159, 1, 8, 49, -1, 176, 173, 18.5, 33, ABalpppaa, 324, 27703, 44990, 1624, , 27703, 25000, 27759, 27753, 0, 
160, 1, 185, 100, -1, 505, 283, 18.6, 39, Eprp, 596, 27689, 77528, 2800, , 27689, 25000, 28679, 28681, 0, 
161, 1, 59, 11, -1, 179, 352, 19.1, 32, ABalaappa, 275, 28145, 44356, 1576, , 28145, 25000, 27552, 27548, 0, 
162, 1, 40, 112, -1, 450, 373, 13.1, 33, ABprppapa, 288, 27362, 47501, 1736, , 27362, 25000, 28373, 28353, 0, 
163, 1, 96, 78, -1, 221, 253, 19.6, 35, MSaaaap, 331, 27314, 52770, 1932, , 27314, 25000, 28104, 28167, 0, 
164, 1, 37, 23, -1, 380, 146, 22.9, 35, ABplapaaa, 328, 27400, 56663, 2068, , 27400, 25000, 27745, 27854, 0, 
165, 1, 82, 139, -1, 363, 162, 13.5, 32, MSapppa, 314, 28389, 40653, 1432, , 28389, 25000, 27977, 27998, 0, 
166, 1, 112, 120, -1, 376, 308, 25.7, 36, ABarpppaa, 359, 28625, 63433, 2216, , 28625, 25000, 28021, 28018, 0, 
167, 1, 97, 192, -1, 239, 320, 26.4, 34, ABarpapaa, 326, 27246, 48497, 1780, , 27246, 25000, 28451, 28553, 0, 
168, 1, 70, 99, -1, 396, 366, 6.9, 32, ABprpapap, 325, 30620, 48257, 1576, , 30620, 25000, 32419, 32509, 0, 
169, 1, 95, 140, -1, 221, 310, 22.5, 34, ABalapppa, 324, 27427, 46297, 1688, , 27427, 25000, 28102, 28098, 0, 
170, 1, 54, 47, -1, 444, 284, 24.9, 39, Cpaaa, 340, 27406, 75420, 2752, , 27406, 25000, 27917, 27922, 0, 
171, 1, 108, 181, -1, 191, 205, 20.9, 32, ABalapaap, 313, 27103, 42714, 1576, , 27103, 25000, 27859, 27883, 0, 
172, 1, 45, 178, -1, 511, 365, 21.4, 36, ABprapapa, 294, 27629, 58352, 2112, , 27629, 25000, 28254, 28232, 0, 
173, 1, 66, 142, -1, 351, 344, 24.6, 36, ABarpappp, 360, 27271, 57597, 2112, , 27271, 25000, 27869, 27897, 0, 
174, 1, 105, 75, 161, 421, 184, 12.6, 33, Daa, -310, 27371, 44888, 1640, , 27371, 25000, 29247, 29267, 0, 
175, 1, 141, 162, -1, 277, 371, 23.5, 35, ABpraapaa, -52, 27944, 55440, 1984, , 27944, 25000, 28110, 28112, 0, 
176, 1, 94, 79, -1, 313, 367, 9.4, 34, ABarapppp, 310, 28500, 50730, 1780, , 28500, 25000, 28608, 28692, 0, 
177, 1, 153, 174, -1, 395, 384, 23.6, 34, ABprapaaa, 339, 27144, 48316, 1780, , 27144, 25000, 27736, 27741, 0, 
178, 1, 161, 122, -1, 485, 178, 8.2, 34, Capaa, 342, 28301, 54111, 1912, , 28301, 25000, 30905, 30684, 0, 
179, 1, 169, 19, -1, 497, 200, 13.0, 35, Dapp, 331, 27228, 61317, 2252, , 27228, 25000, 28561, 28565, 0, 
180, 1, 143, 64, -1, 261, 198, 15.3, 31, MSapaap, 315, 27018, 36961, 1368, , 27018, 25000, 28377, 28349, 0, 
181, 1, 31, 144, -1, 534, 257, 9.5, 34, Cppap, 122, 27920, 47129, 1688, , 27920, 25000, 29624, 29599, 0, 
182, 1, 57, 86, -1, 296, 182, 15.0, 31, MSapapa, 284, 27172, 42932, 1580, , 27172, 25000, 28002, 27968, 0, 
183, 1, 189, 42, -1, 337, 195, 6.5, 35, ABplpappa, 332, 33504, 66471, 1984, , 33504, 25000, 33629, 33809, 0, 
184, 1, 178, 81, -1, 370, 195, 11.2, 32, MSappap, 325, 27373, 44015, 1608, , 27373, 25000, 28877, 28904, 0, 
185, 1, 145, 172, -1, 532, 289, 13.5, 34, Dppp, -109, 27533, 46476, 1688, , 27533, 25000, 28769, 28820, 0, 
186, 1, 184, 30, -1, 265, 125, 15.7, 34, ABplpaapa, 283, 26511, 49946, 1884, , 26511, 25000, 27593, 27594, 0, 
187, 1, 183, 62, -1, 306, 224, 20.2, 39, Eala, 392, 27050, 71737, 2652, , 27050, 25000, 28058, 28058, 0, 
188, 1, 182, 59, -1, 314, 203, 25.4, 34, ABplaaapa, 340, 27313, 48618, 1780, , 27313, 25000, 28089, 28106, 0, 
189, 1, 100, 168, -1, 477, 323, 14.2, 33, Dppa, 330, 28278, 49317, 1744, , 28278, 25000, 29038, 29033, 0, 
190, 1, 44, 82, -1, 563, 334, 19.2, 34, ABprapapp, 347, 27046, 51712, 1912, , 27046, 25000, 28038, 28038, 0, 
191, 1, 175, 177, -1, 322, 194, 13.5, 32, MSappaa, 314, 28103, 40243, 1432, , 28103, 25000, 28387, 28475, 0, 
192, 1, 50, 194, -1, 331, 271, 9.7, 34, MSpapaa, 342, 31779, 59871, 1884, , 31779, 25000, 30062, 30057, 0, 
193, 1, 166, 150, -1, 361, 180, 24.3, 35, ABplaaapp, 357, 27040, 55162, 2040, , 27040, 25000, 27719, 27719, 0, 
194, 1, 91, 176, -1, 198, 304, 17.0, 33, MSpaaaa, 320, 27098, 48993, 1808, , 27098, 25000, 27678, 27678, 0, 
195, 1, 27, 76, -1, 420, 157, 7.8, 35, ABplppppa, 341, 28157, 56651, 2012, , 28157, 25000, 31758, 31806, 0, 
196, 0, 154, -1, -1, 121, 186, 25.3, 32, , 126, -248, 43305, 1584, , 27339, 25000, 27587, 27587, 0, 
