1, 1, 149, 172, -1, 156, 319, 22.4, 33, ABalappap, -164, 27281, 44741, 1640, , 27281, 25000, 28285, 28281, 0, 
2, 1, 55, 87, -1, 192, 223, 8.5, 32, ABalpaaap, 167, 27634, 39572, 1432, , 27634, 25000, 29981, 29927, 0, 
3, 1, 123, 144, -1, 390, 253, 24.6, 32, ABarpaappp, 281, 28305, 42004, 1484, , 28305, 25000, 27655, 27629, 0, 
4, 1, 29, 10, -1, 179, 255, 11.6, 31, ABaraapaa, -101, 27161, 36179, 1332, , 27161, 25000, 28449, 28466, 0, 
5, 1, 183, 117, -1, 447, 131, 8.4, 36, ABplpppaa, -110, 27836, 58789, 2112, , 27836, 25000, 30579, 30832, 0, 
6, 1, 15, 34, -1, 285, 372, 11.4, 32, ABprpaaaa, 5, 27899, 41402, 1484, , 27899, 25000, 28233, 28328, 0, 
7, 1, 134, 199, -1, 264, 222, 25.7, 33, ABplaaaap, 339, 27308, 47407, 1736, , 27308, 25000, 28327, 28302, 0, 
8, 1, 25, 30, -1, 165, 164, 15.3, 31, ABalppaaa, 102, 27338, 37398, 1368, , 27338, 25000, 28217, 28208, 0, 
9, 1, 52, 43, -1, 184, 352, 12.7, 31, ABalaapap, 328, 27368, 37439, 1368, , 27368, 25000, 27542, 27602, 0, 
10, 1, 34, 112, -1, 262, 282, 11.7, 32, ABaraappp, 0, 26862, 42550, 1584, , 26862, 25000, 27853, 27891, 0, 
11, 1, 44, 108, -1, 539, 142, 9.7, 32, ABplapppp, -352, 27527, 43603, 1584, , 27527, 25000, 28087, 28091, 0, 
12, 1, 56, 53, -1, 424, 392, 12.4, 33, ABprppapa, 325, 27767, 45538, 1640, , 27767, 25000, 28035, 28007, 0, 
13, 1, 165, 212, -1, 328, 115, 15.3, 32, ABplpaapp, 284, 28105, 44519, 1584, , 28105, 25000, 28304, 28279, 0, 
14, 1, 88, 170, -1, 359, 207, 18.1, 38, Ealp, 247, 27485, 72891, 2652, , 27485, 25000, 28613, 28622, 0, 
15, 1, 150, 114, -1, 533, 207, 10.3, 33, Cappp, 289, 28101, 48783, 1736, , 28101, 25000, 28889, 28911, 0, 
16, 1, 27, 179, -1, 522, 166, 22.7, 35, ABarppapp, 343, 27349, 55791, 2040, , 27349, 25000, 27989, 27989, 0, 
17, 1, 49, 75, -1, 334, 395, 19.6, 33, ABpraappa, 140, 27040, 44346, 1640, , 27040, 25000, 27831, 27931, 0, 
18, 1, 80, 190, -1, 547, 263, 10.5, 34, Cpppp, 165, 27600, 46589, 1688, , 27600, 25000, 28660, 28755, 0, 
19, 1, 158, 130, -1, 232, 168, 25.3, 34, ABplaapaa, 70, 27803, 52381, 1884, , 27803, 25000, 28425, 28425, 0, 
20, 1, 188, 119, -1, 449, 219, 20.6, 40, Epla, 391, 27019, 82247, 3044, , 27019, 25000, 28039, 28039, 0, 
21, 1, 153, 8, -1, 461, 396, 14.8, 34, ABprappaa, 375, 27824, 53199, 1912, , 27824, 25000, 28253, 28265, 0, 
22, 1, 12, 201, -1, 361, 156, 14.7, 30, MSapppa, 299, 27443, 35896, 1308, , 27443, 25000, 27826, 27794, 0, 
23, 1, 136, 202, -1, 293, 289, 9.3, 28, ABarapappa, 184, 27836, 29617, 1064, , 27836, 25000, 28343, 28429, 0, 
24, 1, 67, 104, -1, 326, 275, 12.5, 33, MSpapaa, 319, 33880, 55021, 1624, , 33880, 25000, 29667, 29671, 0, 
25, 1, 185, 198, -1, 285, 243, 7.5, 29, ABalpappap, 203, 30440, 32875, 1080, , 30440, 25000, 32132, 32090, 0, 
26, 1, 157, 28, -1, 292, 127, 13.0, 32, ABplpaaap, 163, 27049, 46199, 1708, , 27049, 25000, 28009, 28023, 0, 
27, 1, 84, 44, -1, 143, 281, 21.3, 31, ABalappaa, 396, 26302, 35981, 1368, , 26302, 25000, 27832, 27869, 0, 
28, 1, 111, 146, -1, 175, 159, 19.1, 32, ABalpppaa, 209, 28040, 44191, 1576, , 28040, 25000, 28486, 28498, 0, 
29, 1, 170, 11, -1, 582, 215, 12.4, 30, Caapa, 161, 26638, 30794, 1156, , 26638, 25000, 28338, 28505, 0, 
30, 1, 177, 204, -1, 179, 284, 26.2, 35, ABarpaaaa, 164, 27148, 54621, 2012, , 27148, 25000, 28575, 28717, 0, 
31, 1, 33, 118, -1, 220, 281, 5.9, 31, ABarapaaa, 305, 35332, 52292, 1480, , 35332, 25000, 34321, 34451, 0, 
32, 1, 125, 136, 188, 218, 142, 17.4, 32, ABalpppap, -134, 27838, 41311, 1484, , 27838, 25000, 27785, 27769, 0, 
33, 1, 54, 49, -1, 325, 335, 6.1, 32, ABarappap, 174, 32899, 51849, 1576, , 32899, 25000, 34529, 34998, 0, 
34, 1, 135, 139, -1, 273, 330, 12.5, 31, MSppaap, 265, 27599, 34002, 1232, , 27599, 25000, 28162, 28150, 0, 
35, 1, 8, 120, -1, 236, 246, 6.7, 27, ABalpappaa, 212, 33116, 30599, 924, , 33116, 25000, 33398, 33375, 0, 
36, 1, 175, 153, -1, 298, 263, 24.3, 32, ABarpaapap, 318, 27924, 44232, 1584, , 27924, 25000, 28257, 28269, 0, 
37, 1, 94, 57, -1, 440, 339, 7.4, 33, ABprppppa, 325, 28546, 46816, 1640, , 28546, 25000, 30939, 30974, 0, 
38, 1, 38, 48, -1, 279, 225, 13.9, 35, MSaapaa, 272, 32326, 66851, 2068, , 32326, 25000, 28885, 28911, 0, 
39, 1, 20, 200, -1, 126, 224, 15.1, 31, ABalaaaal, 302, 27888, 41274, 1480, , 27888, 25000, 28273, 28273, 0, 
40, 1, 101, 5, -1, 212, 377, 15.5, 32, ABpraaaaa, -233, 27514, 39400, 1432, , 27514, 25000, 27370, 27371, 0, 
41, 1, 87, 61, -1, 436, 284, 5.6, 34, ABprpappp, 329, 33294, 59263, 1780, , 33294, 25000, 32919, 32918, 0, 
42, 1, 83, 22, -1, 211, 303, 12.9, 32, ABaraappa, -9, 27684, 43630, 1576, , 27684, 25000, 28174, 28176, 0, 
43, 1, 40, 6, -1, 507, 378, 14.7, 34, ABprappap, 305, 27693, 52173, 1884, , 27693, 25000, 27975, 28004, 0, 
44, 1, 21, 59, -1, 199, 151, 14.2, 29, ABalppaap, 292, 27129, 30168, 1112, , 27129, 25000, 27614, 27648, 0, 
45, 1, 10, 193, -1, 344, 166, 7.2, 32, ABplpapap, 314, 30387, 48862, 1608, , 30387, 25000, 33657, 33840, 0, 
46, 1, 65, 29, -1, 254, 386, 14.5, 32, ABpraaaap, 130, 27168, 38905, 1432, , 27168, 25000, 27624, 27606, 0, 
47, 1, 192, 77, -1, 271, 312, 26.4, 35, ABarpapap, 343, 27532, 53192, 1932, , 27532, 25000, 28351, 28395, 0, 
48, 1, 89, 157, -1, 223, 332, 7.4, 32, ABaraaapp, 383, 28937, 42942, 1484, , 28937, 25000, 32626, 32966, 0, 
49, 1, 92, 35, -1, 427, 129, 21.2, 33, ABplapaap, 319, 26739, 46632, 1744, , 26739, 25000, 28327, 28327, 0, 
50, 1, 156, 31, -1, 236, 313, 18.6, 33, MSpaaap, 314, 27705, 45436, 1640, , 27705, 25000, 28332, 28354, 0, 
51, 1, 95, 2, -1, 547, 271, 25.4, 35, Cpaapa, 330, 27712, 53539, 1932, , 27712, 25000, 27945, 27958, 0, 
52, 1, 48, 184, -1, 584, 253, 9.4, 36, Cpapp, 351, 27496, 58072, 2112, , 27496, 25000, 28198, 28185, 0, 
53, 1, 143, 33, -1, 222, 362, 18.4, 34, ABpraaapa, 282, 27133, 48297, 1780, , 27133, 25000, 27341, 27353, 0, 
54, 1, 61, 25, -1, 240, 197, 15.0, 31, MSapaap, 268, 27395, 43284, 1580, , 27395, 25000, 27551, 27577, 0, 
55, 1, 96, 175, -1, 169, 211, 11.9, 31, ABalpaapap, 294, 27919, 41320, 1480, , 27919, 25000, 29240, 29451, 0, 
56, 1, 173, 16, -1, 564, 200, 20.5, 33, Caaapa, 292, 27787, 45126, 1624, , 27787, 25000, 28062, 28066, 0, 
57, 1, 172, 74, -1, 172, 199, 20.5, 32, ABalapaap, 299, 27267, 39046, 1432, , 27267, 25000, 28356, 28447, 0, 
58, 1, 127, 70, -1, 310, 166, 9.6, 32, ABplpapaa, 396, 27671, 41064, 1484, , 27671, 25000, 29219, 29277, 0, 
59, 1, 2, 32, -1, 281, 155, 19.5, 33, ABalpppppp, 295, 26720, 43394, 1624, , 26720, 25000, 27971, 28060, 0, 
60, 1, 42, 3, -1, 342, 133, 11.6, 31, ABplppaaa, 358, 28041, 37350, 1332, , 28041, 25000, 28017, 28063, 0, 
61, 1, 1, 12, -1, 376, 306, 6.6, 32, ABprpappa, 283, 31449, 46671, 1484, , 31449, 25000, 32241, 32151, 0, 
62, 1, 17, 81, -1, 169, 281, 14.4, 29, ABaraaaap, 231, 27592, 31896, 1156, , 27592, 25000, 28074, 28062, 0, 
63, 0, 19, -1, -1, 87, 264, 16.7, 29, , -206, -70, 29339, 1068, , 27471, 25000, 27499, 27541, 0, 
64, 1, 63, 107, -1, 304, 356, 8.3, 33, ABarapppp, 169, 27898, 48431, 1736, , 27898, 25000, 29756, 29829, 0, 
65, 1, 124, 17, -1, 279, 158, 24.4, 35, ABplaapap, 290, 27748, 53609, 1932, , 27748, 25000, 28154, 28165, 0, 
66, 1, 59, 160, -1, 428, 252, 10.0, 33, MSpappp, 317, 27407, 49552, 1808, , 27407, 25000, 28820, 28836, 0, 
67, 1, 178, 89, -1, 368, 133, 8.8, 31, ABplppaap, 328, 28414, 41598, 1464, , 28414, 25000, 28914, 28967, 0, 
68, 1, 13, 97, -1, 221, 167, 9.7, 32, ABalppapa, 278, 27480, 43529, 1584, , 27480, 25000, 28583, 28606, 0, 
69, 1, 203, 69, -1, 190, 305, 17.4, 33, MSpaaaa, 332, 27369, 44885, 1640, , 27369, 25000, 28290, 28283, 0, 
70, 1, 142, 98, -1, 290, 278, 5.7, 33, ABarapapa, -6, 35502, 61632, 1736, , 35502, 25000, 33026, 33136, 0, 
71, 1, 113, 76, -1, 349, 126, 18.8, 31, ABplaapppa, 137, 27445, 40180, 1464, , 27445, 25000, 28057, 28058, 0, 
72, 1, 64, 21, -1, 120, 257, 18.5, 32, ABalaaapa, 268, 26791, 38365, 1432, , 26791, 25000, 27719, 27745, 0, 
73, 1, 122, 163, -1, 354, 344, 23.6, 35, ABarpappp, 351, 27920, 53942, 1932, , 27920, 25000, 28256, 28313, 0, 
74, 1, 176, 78, -1, 394, 202, 26.6, 36, ABarppaaa, 359, 28341, 59857, 2112, , 28341, 25000, 27861, 27879, 0, 
75, 1, 30, 41, -1, 446, 110, 14.4, 33, ABplappaa, -213, 26837, 44013, 1640, , 26837, 25000, 27695, 27659, 0, 
76, 1, 204, 110, -1, 550, 293, 13.6, 34, Cpppa, 339, 27916, 49691, 1780, , 27916, 25000, 28555, 28577, 0, 
77, 1, 147, 37, -1, 532, 364, 19.6, 34, ABprapapa, 298, 28756, 51185, 1780, , 28756, 25000, 28045, 28045, 0, 
78, 1, 109, 187, -1, 184, 233, 24.2, 33, ABalapapa, 288, 28052, 48922, 1744, , 28052, 25000, 28034, 28079, 0, 
79, 1, 107, 23, -1, 158, 347, 17.5, 31, ABalaappa, -299, 26029, 32068, 1232, , 26029, 25000, 27799, 27806, 0, 
80, 1, 45, 42, -1, 303, 391, 14.4, 32, ABprpaapa, 189, 27027, 40108, 1484, , 27027, 25000, 28270, 28287, 0, 
81, 1, 39, 164, -1, 319, 326, 12.5, 31, MSpppaa, 271, 27154, 33454, 1232, , 27154, 25000, 28130, 28113, 0, 
82, 1, 115, 93, -1, 255, 353, 8.4, 31, ABarapppa, 296, 27950, 37229, 1332, , 27950, 25000, 29688, 29622, 0, 
83, 1, 16, 101, -1, 251, 199, 7.8, 31, ABalpapap, 22, 28399, 41576, 1464, , 28399, 25000, 31384, 31626, 0, 
84, 1, 23, 54, -1, 355, 348, 8.8, 33, ABprpapaa, 317, 27722, 48348, 1744, , 27722, 25000, 29123, 29130, 0, 
85, 1, 162, -1, -1, 323, 287, 16.6, 30, MSpaapp, 282, 28705, 33183, 1156, , 28705, 25000, 28720, 28765, 0, 
86, 1, 128, 19, -1, 397, 340, 16.0, 33, MSppppp, 311, 27770, 50209, 1808, , 27770, 25000, 28032, 28095, 0, 
87, 1, 138, 66, -1, 371, 144, 22.6, 34, ABplapaaa, 103, 27491, 48934, 1780, , 27491, 25000, 27778, 27779, 0, 
88, 1, 47, 86, -1, 401, 166, 15.3, 32, Daaa, 325, 27383, 43374, 1584, , 27383, 25000, 28295, 28354, 0, 
89, 1, 184, 135, -1, 576, 191, 9.7, 35, Caapp, 349, 27270, 55630, 2040, , 27270, 25000, 28394, 28354, 0, 
90, 1, 9, 192, -1, 396, 163, 19.2, 31, MSapppp, 267, 27389, 40098, 1464, , 27389, 25000, 28269, 28268, 0, 
91, 1, 6, 92, -1, 116, 284, 15.3, 31, ABalaaaar, 169, 27314, 37366, 1368, , 27314, 25000, 27715, 27796, 0, 
92, 1, 22, 134, -1, 479, 383, 10.6, 32, ABprppapp, 316, 28274, 41959, 1484, , 28274, 25000, 28324, 28355, 0, 
93, 1, 102, 129, -1, 299, 232, 19.9, 39, Eala, 385, 27521, 75738, 2752, , 27521, 25000, 28328, 28340, 0, 
94, 1, 58, 149, -1, 438, 171, 17.6, 33, Dapa, 305, 27960, 45855, 1640, , 27960, 25000, 28220, 28245, 0, 
95, 1, 74, 60, -1, 558, 341, 10.7, 31, ABprapppp, 303, 27463, 37569, 1368, , 27463, 25000, 27789, 27837, 0, 
96, 1, 3, 207, -1, 420, 334, 13.4, 31, Dpaa, 309, 27399, 36496, 1332, , 27399, 25000, 28022, 27957, 0, 
97, 1, 140, 176, -1, 222, 249, 12.7, 32, ABaraapap, 181, 27251, 43165, 1584, , 27251, 25000, 28380, 28340, 0, 
98, 1, 60, 123, -1, 486, 119, 16.3, 34, ABplappap, 90, 26739, 50376, 1884, , 26739, 25000, 28071, 28111, 0, 
99, 1, 116, 208, -1, 503, 210, 25.9, 38, Caaaa, 381, 27195, 72122, 2652, , 27195, 25000, 28014, 28014, 0, 
100, 1, 98, 38, -1, 186, 178, 12.1, 33, ABalpaapp, -17, 27357, 47491, 1736, , 27357, 25000, 28128, 28199, 0, 
101, 1, 7, 137, -1, 402, 226, 15.4, 33, Z3, 104, 27526, 45143, 1640, , 27526, 25000, 28591, 28591, 0, 
102, 1, 200, 133, -1, 315, 205, 6.6, 31, ABplpappaa, 239, 32607, 43433, 1332, , 32607, 25000, 33573, 33647, 0, 
103, 1, 78, 52, -1, 239, 133, 20.8, 30, ABalpppppa, 142, 27301, 36037, 1320, , 27301, 25000, 27705, 27713, 0, 
104, 1, 36, 140, -1, 500, 301, 14.5, 35, Dppp, 170, 27272, 54108, 1984, , 27272, 25000, 28923, 28999, 0, 
105, 1, 191, 62, -1, 320, 333, 26.3, 35, ABarpappa, 343, 28685, 58518, 2040, , 28685, 25000, 28757, 28754, 0, 
106, 1, 205, 194, -1, 431, 333, 25.7, 34, ABarpppap, 341, 27338, 51505, 1884, , 27338, 25000, 27920, 28031, 0, 
107, 1, 81, 68, -1, 500, 129, 12.1, 31, ABplapppa, -241, 27467, 40651, 1480, , 27467, 25000, 28140, 28140, 0, 
108, 1, 70, 211, -1, 362, 207, 6.7, 27, ABplpappap, 183, 32710, 30224, 924, , 32710, 25000, 32920, 32805, 0, 
109, 1, 53, 115, -1, 482, 133, 21.3, 31, ABplapapaa, 252, 27408, 37494, 1368, , 27408, 25000, 27734, 27735, 0, 
110, 1, 169, 171, -1, 326, 230, 9.6, 31, ABalpapppp, 264, 27558, 36707, 1332, , 27558, 25000, 28891, 28932, 0, 
111, 1, 161, 80, -1, 351, 181, 24.7, 35, ABplaaapp, 356, 27112, 55309, 2040, , 27112, 25000, 28009, 28033, 0, 
112, 1, 114, 154, -1, 129, 253, 11.4, 29, ABalpaapaa, 279, 27601, 31907, 1156, , 27601, 25000, 28328, 28341, 0, 
113, 1, 201, 18, -1, 422, 391, 17.1, 31, ABpraapppp, 224, 28123, 41622, 1480, , 28123, 25000, 28097, 28116, 0, 
114, 1, 144, 45, -1, 134, 291, 12.4, 29, ABaraaaaa, 168, 28334, 32754, 1156, , 28334, 25000, 27563, 27612, 0, 
115, 1, 155, 63, -1, 133, 311, 18.2, 32, ABalaaapp, 52, 27873, 44819, 1608, , 27873, 25000, 27820, 27827, 0, 
116, 1, 190, 124, -1, 164, 253, 7.6, 32, ABalpaaaa, 325, 29680, 44045, 1484, , 29680, 25000, 32680, 32818, 0, 
117, 1, 104, 147, -1, 290, 342, 16.6, 32, MSppapa, 232, 28001, 41554, 1484, , 28001, 25000, 28090, 28125, 0, 
118, 1, 62, 141, -1, 364, 319, 11.6, 30, MSpppap, 40, 27606, 31912, 1156, , 27606, 25000, 28581, 28607, 0, 
119, 1, 182, 20, -1, 149, 226, 20.8, 33, ABalapaaa, -476, 27267, 47553, 1744, , 27267, 25000, 27837, 27802, 0, 
120, 1, 151, 26, -1, 467, 198, 8.5, 36, Capaa, 365, 27625, 59008, 2136, , 27625, 25000, 30229, 30054, 0, 
121, 1, 37, 27, -1, 263, 124, 16.2, 31, ABplpaapa, 265, 28027, 41031, 1464, , 28027, 25000, 27529, 27560, 0, 
122, 1, 14, 88, -1, 485, 150, 6.9, 32, ABplpppap, 278, 32359, 50997, 1576, , 32359, 25000, 33081, 33200, 0, 
123, 1, 163, 103, -1, 325, 171, 19.4, 32, MSapapp, 56, 29312, 43499, 1484, , 29312, 25000, 28498, 28504, 0, 
124, 1, 108, 128, -1, 310, 179, 14.3, 32, MSappaa, 252, 28776, 45581, 1584, , 28776, 25000, 28716, 28716, 0, 
125, 1, 57, 99, -1, 394, 126, 11.5, 33, ABplppapa, 208, 27139, 44074, 1624, , 27139, 25000, 28030, 28035, 0, 
126, 1, 166, 36, -1, 515, 175, 13.2, 34, Cappa, -179, 26917, 51466, 1912, , 26917, 25000, 28490, 28463, 0, 
127, 1, 141, 50, -1, 452, 310, 11.5, 32, Dpap, 264, 27913, 39972, 1432, , 27913, 25000, 28336, 28332, 0, 
128, 1, 71, 111, -1, 352, 396, 14.1, 33, ABprpaapp, 318, 27059, 46975, 1736, , 27059, 25000, 27662, 27693, 0, 
129, 1, 69, 138, -1, 239, 271, 24.5, 31, ABarpaapaa, 263, 27493, 33871, 1232, , 27493, 25000, 27772, 27749, 0, 
130, 1, 152, 168, -1, 269, 322, 22.3, 34, ABalapppp, 335, 27010, 50886, 1884, , 27010, 25000, 27752, 27732, 0, 
131, 1, 173, 15, -1, 574, 213, 16.4, 30, Caaapp, 297, 27772, 32105, 1156, , 27772, 25000, 28902, 28920, 0, 
132, 1, 26, 121, -1, 283, 322, 6.4, 31, ABarappaa, 254, 34063, 45372, 1332, , 34063, 25000, 34074, 34267, 0, 
133, 1, 159, 189, -1, 385, 327, 26.3, 35, ABarpppaa, 342, 28817, 58787, 2040, , 28817, 25000, 28036, 28058, 0, 
134, 1, 68, 55, -1, 251, 298, 8.3, 34, ABarapaap, 330, 28353, 53417, 1884, , 28353, 25000, 29525, 29560, 0, 
135, 1, 179, 105, -1, 186, 356, 20.8, 34, ABalaappp, 342, 26752, 51149, 1912, , 26752, 25000, 27787, 27744, 0, 
136, 1, 99, 51, -1, 318, 368, 22.5, 34, ABpraapap, 338, 27704, 46764, 1688, , 27704, 25000, 28352, 28417, 0, 
137, 1, 121, 206, -1, 439, 186, 10.9, 33, Daap, 267, 27846, 48340, 1736, , 27846, 25000, 29488, 29661, 0, 
138, 1, 117, 165, -1, 273, 178, 16.5, 31, MSapapa, 304, 27171, 33475, 1232, , 27171, 25000, 27895, 27989, 0, 
139, 1, 28, 177, -1, 265, 237, 9.7, 29, ABalpapppa, 230, 29742, 31764, 1068, , 29742, 25000, 28757, 28751, 0, 
140, 1, 50, 125, -1, 250, 364, 18.0, 30, ABpraaappa, 190, 27656, 37280, 1348, , 27656, 25000, 27489, 27551, 0, 
141, 1, 187, 182, -1, 353, 181, 11.9, 30, MSappap, 278, 27719, 37587, 1356, , 27719, 25000, 28689, 28681, 0, 
142, 1, 133, 181, -1, 494, 225, 9.5, 33, Capap, 334, 28605, 46454, 1624, , 28605, 25000, 29217, 29351, 0, 
143, 1, 126, 155, -1, 383, 266, 11.3, 31, MSpapap, 320, 33107, 45290, 1368, , 33107, 25000, 29117, 29113, 0, 
144, 1, 112, 9, -1, 156, 333, 12.7, 31, ABalaapaa, 77, 27675, 37860, 1368, , 27675, 25000, 27706, 27811, 0, 
145, 1, 196, 126, -1, 450, 266, 15.4, 35, Z2, 481, 27183, 52518, 1932, , 27183, 25000, 28452, 28452, 0, 
146, 1, 51, 178, -1, 266, 163, 8.5, 33, ABalppapp, -152, 28255, 45886, 1624, , 28255, 25000, 30081, 30257, 0, 
147, 1, 145, 58, -1, 278, 258, 16.4, 31, MSaaapp, 269, 26676, 35532, 1332, , 26676, 25000, 29150, 29089, 0, 
148, 1, 105, 159, -1, 384, 293, 16.3, 38, Earp, 382, 28201, 70389, 2496, , 28201, 25000, 28836, 28851, 0, 
149, 1, 193, 156, -1, 210, 272, 26.2, 32, ABarpaaap, 270, 27905, 44871, 1608, , 27905, 25000, 27776, 27928, 0, 
150, 1, 146, 82, -1, 232, 342, 13.7, 30, MSppaaa, 300, 26622, 34822, 1308, , 26622, 25000, 28429, 28435, 0, 
151, 1, 90, 47, -1, 451, 131, 11.3, 32, ABplppapp, 277, 27093, 42915, 1584, , 27093, 25000, 28929, 29194, 0, 
152, 1, 106, 106, -1, 410, 381, 8.8, 31, ABprppaap, 282, 27445, 40180, 1464, , 27445, 25000, 28533, 28607, 0, 
153, 1, 120, 90, -1, 525, 364, 11.5, 31, ABprapppa, 288, 26532, 32688, 1232, , 26532, 25000, 27741, 27768, 0, 
154, 1, 131, 152, -1, 198, 210, 16.3, 31, MSapaaa, 280, 27944, 38228, 1368, , 27944, 25000, 28239, 28237, 0, 
155, 1, 167, 167, -1, 359, 353, 14.5, 30, MSppppa, 259, 26821, 33043, 1232, , 26821, 25000, 27742, 27730, 0, 
156, 1, 35, 169, -1, 217, 213, 6.5, 34, ABalpapaa, 156, 33281, 56179, 1688, , 33281, 25000, 34865, 35902, 0, 
157, 1, 46, 71, -1, 405, 164, 8.0, 33, ABplppppa, 66, 27895, 50434, 1808, , 27895, 25000, 29940, 29944, 0, 
158, 1, 181, 213, -1, 389, 341, 6.1, 34, ABprpapap, -265, 33122, 65449, 1976, , 33122, 25000, 34045, 34072, 0, 
159, 1, 168, 40, -1, 320, 301, 20.3, 39, Eara, 392, 27420, 75790, 2764, , 27420, 25000, 28154, 28196, 0, 
160, 1, 91, 56, -1, 447, 360, 23.9, 35, ABarppppa, 347, 27095, 56032, 2068, , 27095, 25000, 27981, 28028, 0, 
161, 1, 76, 214, -1, 213, 265, 20.8, 33, MSaaaap, 306, 26861, 46846, 1744, , 26861, 25000, 28232, 28264, 0, 
162, 1, 75, 158, -1, 430, 307, 19.4, 39, Epra, 386, 26920, 75377, 2800, , 26920, 25000, 28075, 28073, 0, 
163, 1, 139, 131, -1, 452, 332, 15.0, 31, Dppa, 279, 28235, 44611, 1580, , 28235, 25000, 28673, 28741, 0, 
164, 1, 43, 79, -1, 249, 151, 13.2, 32, ABplpaaaa, 310, 27779, 44668, 1608, , 27779, 25000, 27648, 27638, 0, 
165, 1, 189, 39, -1, 504, 265, 10.7, 34, Cppap, 298, 26645, 50200, 1884, , 26645, 25000, 29078, 29173, 0, 
166, 1, 164, 4, -1, 565, 340, 16.1, 35, ABprapapp, 237, 27502, 56875, 2068, , 27502, 25000, 27922, 27922, 0, 
167, 1, 171, 67, -1, 381, 378, 11.0, 31, ABprppaaa, 275, 27942, 44149, 1580, , 27942, 25000, 28069, 28105, 0, 
168, 1, 85, 73, -1, 163, 259, 18.2, 32, MSaaaaa, -248, 28074, 45143, 1608, , 28074, 25000, 28590, 28605, 0, 
169, 1, 119, 64, -1, 337, 350, 17.5, 31, MSppapp, -169, 27004, 33269, 1232, , 27004, 25000, 28131, 28179, 0, 
170, 1, 194, 122, -1, 234, 334, 25.7, 35, ABarpapaa, 302, 27407, 55910, 2040, , 27407, 25000, 28880, 28866, 0, 
171, 1, 118, 185, -1, 438, 190, 25.5, 35, ABarppaap, 351, 27013, 53593, 1984, , 27013, 25000, 28380, 28303, 0, 
172, 1, 93, 113, -1, 547, 122, 15.3, 29, ABplapappa, 199, 27522, 29394, 1068, , 27522, 25000, 27450, 27459, 0, 
173, 1, 103, 196, -1, 457, 211, 5.5, 37, ABplppppp, 191, 33655, 82656, 2456, , 33655, 25000, 32783, 33166, 0, 
174, 1, 32, 72, 132, 224, 180, 20.6, 33, ABalppppa, 228, 27542, 45169, 1640, , 27542, 25000, 27685, 27731, 0, 
175, 1, 86, 91, -1, 214, 219, 26.4, 36, ABplaaaaa, 230, 28250, 59664, 2112, , 28250, 25000, 28225, 28238, 0, 
176, 1, 174, 150, -1, 256, 210, 21.0, 35, ABalapapp, 65, 27551, 62045, 2252, , 27551, 25000, 28090, 28080, 0, 
177, 1, 132, 109, -1, 230, 248, 17.4, 35, MSaaapa, 171, 27227, 52602, 1932, , 27227, 25000, 28529, 28581, 0, 
178, 1, 24, 186, -1, 434, 262, 25.5, 35, Cpaaaa, 270, 27578, 54715, 1984, , 27578, 25000, 27917, 27921, 0, 
179, 1, 97, 210, -1, 356, 222, 12.6, 30, MSaapap, 273, 32784, 37898, 1156, , 32784, 25000, 28704, 28733, 0, 
180, 1, 79, 13, -1, 457, 390, 20.4, 35, ABprapaap, 17, 27255, 52657, 1932, , 27255, 25000, 28264, 28278, 0, 
181, 1, 198, 7, -1, 506, 338, 23.5, 36, ABarppppp, 289, 27478, 58694, 2136, , 27478, 25000, 28145, 28167, 0, 
182, 1, 11, 116, -1, 601, 267, 14.6, 36, Cpapa, 74, 26822, 56649, 2112, , 26822, 25000, 28534, 28534, 0, 
183, 1, 50, 173, -1, 292, 386, 19.2, 31, ABpraaappp, -191, 26974, 39490, 1464, , 26974, 25000, 28197, 28208, 0, 
184, 1, 5, 14, -1, 307, 132, 21.2, 35, ABplaappa, 325, 26936, 54195, 2012, , 26936, 25000, 28106, 28163, 0, 
185, 1, 53, 143, -1, 532, 138, 18.4, 30, ABplapapap, 138, 29292, 33862, 1156, , 29292, 25000, 28263, 28281, 0, 
186, 1, 82, 95, -1, 411, 116, 16.7, 30, ABplaapppp, 255, 29300, 38325, 1308, , 29300, 25000, 28561, 28550, 0, 
187, 1, 199, 161, -1, 198, 316, 23.6, 34, ABalapppa, 169, 27422, 48811, 1780, , 27422, 25000, 28234, 28286, 0, 
188, 1, 148, 174, -1, 522, 341, 7.6, 33, ABprpppap, 428, 27212, 44628, 1640, , 27212, 25000, 31826, 31835, 0, 
189, 1, 202, 205, -1, 472, 201, 14.8, 35, Dapp, 178, 27014, 54353, 2012, , 27014, 25000, 28469, 28471, 0, 
190, 1, 66, 209, -1, 394, 383, 22.3, 35, ABprapaaa, 446, 27279, 55649, 2040, , 27279, 25000, 27864, 27864, 0, 
191, 1, 18, 96, -1, 512, 235, 19.0, 38, Eplp, 384, 27672, 70729, 2556, , 27672, 25000, 28372, 28372, 0, 
192, 1, 41, 85, -1, 482, 299, 8.6, 36, Cppaa, 318, 27896, 58916, 2112, , 27896, 25000, 29901, 29577, 0, 
193, 1, 180, 145, -1, 273, 306, 16.0, 33, MSpaapa, 333, 27140, 49069, 1808, , 27140, 25000, 28557, 28567, 0, 
194, 1, 130, 142, -1, 394, 204, 10.2, 32, MSaappp, 107, 27739, 44605, 1608, , 27739, 25000, 28363, 28380, 0, 
195, 1, 73, 46, -1, 483, 312, 5.5, 35, ABprppppp, 349, 35305, 70045, 1984, , 35305, 25000, 33911, 34470, 0, 
196, 1, 197, 24, -1, 159, 294, 10.4, 29, ABaraaapaa, 195, 26785, 30964, 1156, , 26785, 25000, 28071, 28014, 0, 
197, 1, 206, 191, -1, 557, 168, 13.4, 28, ABplapappp, 234, 27623, 27292, 988, , 27623, 25000, 28449, 28472, 0, 
198, 1, 197, 83, -1, 200, 303, 8.7, 29, ABaraaapap, 214, 27898, 29795, 1068, , 27898, 25000, 28947, 28964, 0, 
199, 1, 201, 148, -1, 370, 392, 17.9, 30, ABpraapppa, 173, 27876, 37800, 1356, , 27876, 25000, 28191, 28219, 0, 
200, 1, 100, 151, -1, 471, 368, 7.5, 34, ABprpppaa, 308, 28675, 48404, 1688, , 28675, 25000, 31900, 32139, 0, 
201, 1, 77, 65, -1, 371, 228, 9.4, 28, MSaappa, 246, 28115, 27778, 988, , 28115, 25000, 28579, 28652, 0, 
202, 1, 186, 162, -1, 572, 278, 19.3, 35, Cpaapp, -22, 27886, 56888, 2040, , 27886, 25000, 28362, 28362, 0, 
203, 1, 72, 1, -1, 330, 383, 11.8, 32, ABprpaaap, 294, 28078, 45149, 1608, , 28078, 25000, 28257, 28403, 0, 
204, 1, 137, 197, -1, 463, 155, 24.2, 34, ABarppapa, -47, 27704, 52970, 1912, , 27704, 25000, 27995, 27953, 0, 
205, 1, 160, 203, -1, 339, 271, 24.8, 33, ABarpaappa, 157, 28044, 48908, 1744, , 28044, 25000, 28203, 28218, 0, 
206, 1, 31, 102, -1, 255, 369, 22.8, 35, ABpraapaa, 352, 27170, 54666, 2012, , 27170, 25000, 27618, 27631, 0, 
207, 1, 129, 84, -1, 403, 275, 8.5, 30, MSpappa, 278, 28709, 35370, 1232, , 28709, 25000, 29633, 29583, 0, 
208, 1, 154, 180, -1, 492, 295, 18.5, 40, Eprp, 393, 27602, 83248, 3016, , 27602, 25000, 28360, 28450, 0, 
209, 1, 4, 127, -1, 398, 204, 5.7, 33, ABplpappp, 291, 34323, 59584, 1736, , 34323, 25000, 32882, 32861, 0, 
210, 1, 110, 166, -1, 500, 290, 25.0, 35, Cpaaap, 252, 27022, 60854, 2252, , 27022, 25000, 27890, 27892, 0, 
211, 1, 195, 183, -1, 311, 207, 26.3, 34, ABplaaapa, 341, 27017, 50900, 1884, , 27017, 25000, 28436, 28457, 0, 
212, 1, 136, 215, -1, 345, 279, 8.4, 30, ABarapappp, 189, 28956, 33473, 1156, , 28956, 25000, 29979, 29982, 0, 
213, 0, 207, -1, -1, 88, 264, 14.6, 27, , 217, -1167, 25952, 988, , 26267, 25000, 27503, 27434, 0, 
