1, 1, 30, 124, -1, 472, 359, 7.4, 33, ABprpppaa, 301, 28761, 47168, 1640, , 28761, 25000, 31400, 31632, 0, 
2, 1, 93, 10, -1, 449, 272, 15.8, 34, Z2, 337, 27707, 52976, 1912, , 27707, 25000, 28449, 28449, 0, 
3, 1, 26, 229, -1, 465, 222, 6.2, 29, ABplpppppa, 183, 32381, 36008, 1112, , 32381, 25000, 32420, 32344, 0, 
4, 1, 25, 179, -1, 260, 129, 19.9, 29, ABalpppppa, 541, 26789, 32361, 1208, , 26789, 25000, 27838, 27944, 0, 
5, 1, 58, 105, -1, 326, 296, 20.0, 41, Eara, 412, 27593, 88851, 3220, , 27593, 25000, 28360, 28262, 0, 
6, 1, 38, 131, -1, 522, 364, 10.4, 32, ABprapppa, -18, 27486, 40789, 1484, , 27486, 25000, 27849, 27851, 0, 
7, 1, 148, 222, -1, 355, 270, 8.4, 32, ABarapappp, 295, 27787, 41236, 1484, , 27787, 25000, 29822, 29751, 0, 
8, 1, 3, 66, -1, 450, 395, 19.7, 33, ABprapaap, 157, 26570, 46125, 1736, , 26570, 25000, 27864, 27884, 0, 
9, 1, 57, 209, -1, 235, 206, 7.3, 27, ABalpapapa, 186, 28911, 26714, 924, , 28911, 25000, 31839, 32133, 0, 
10, 1, 22, 202, -1, 449, 124, 11.4, 35, ABplppapp, 30, 26778, 51736, 1932, , 26778, 25000, 28118, 28238, 0, 
11, 1, 192, 5, -1, 138, 275, 22.8, 31, ABalappaa, -7, 28315, 41453, 1464, , 28315, 25000, 27947, 27977, 0, 
12, 1, 113, 226, 240, 353, 332, 24.7, 36, ABarpappp, 262, 27804, 61613, 2216, , 27804, 25000, 28482, 28481, 0, 
13, 1, 219, 104, -1, 504, 290, 6.4, 34, ABprppppp, 228, 31014, 55205, 1780, , 31014, 25000, 33627, 33955, 0, 
14, 1, 215, 125, -1, 261, 187, 16.2, 32, MSapapa, 341, 28312, 45526, 1608, , 28312, 25000, 28390, 28379, 0, 
15, 1, 4, 130, -1, 154, 266, 8.1, 32, ABalpaaaa, 290, 29112, 45881, 1576, , 29112, 25000, 30978, 31029, 0, 
16, 1, 70, 176, -1, 393, 326, 6.3, 32, ABprpapap, -229, 33866, 53643, 1584, , 33866, 25000, 32388, 32733, 0, 
17, 1, 153, 41, -1, 355, 346, 8.7, 33, ABprpapaa, 247, 27183, 47190, 1736, , 27183, 25000, 28707, 28787, 0, 
18, 1, 59, 193, -1, 382, 138, 8.4, 32, ABplppaap, 220, 29068, 43137, 1484, , 29068, 25000, 30239, 30503, 0, 
19, 1, 134, 64, -1, 503, 133, 12.1, 30, ABplapppa, 271, 26682, 36181, 1356, , 26682, 25000, 27686, 27686, 0, 
20, 1, 174, 160, -1, 182, 239, 23.7, 32, ABalapapa, 90, 26779, 42418, 1584, , 26779, 25000, 28081, 28108, 0, 
21, 1, 7, 108, -1, 411, 385, 11.5, 31, ABprppapa, 317, 26481, 32624, 1232, , 26481, 25000, 28240, 28296, 0, 
22, 1, 181, 91, -1, 247, 335, 25.6, 35, ABarpapaa, 328, 27788, 53686, 1932, , 27788, 25000, 27981, 28022, 0, 
23, 1, 9, 76, -1, 426, 395, 16.5, 31, ABpraapppp, 309, 28184, 34723, 1232, , 28184, 25000, 28122, 28161, 0, 
24, 0, 228, -1, -1, 88, 263, 14.8, 26, , 225, 329, 21818, 796, , 27410, 25000, 27251, 27081, 0, 
25, 1, 44, 228, -1, 400, 264, 5.8, 30, ABprpappap, 229, 33536, 44268, 1320, , 33536, 25000, 33782, 33989, 0, 
26, 1, 216, 174, -1, 462, 365, 23.5, 36, ABarppppa, 361, 27637, 59033, 2136, , 27637, 25000, 27816, 27849, 0, 
27, 1, 168, 129, -1, 124, 270, 11.3, 30, ABalpaapaa, 274, 27707, 36241, 1308, , 27707, 25000, 28290, 28289, 0, 
28, 1, 169, 107, -1, 355, 214, 16.8, 38, Ealp, 377, 27578, 73137, 2652, , 27578, 25000, 29042, 29011, 0, 
29, 1, 89, 8, 165, 217, 175, 9.7, 30, ABalppapa, 216, 27584, 36080, 1308, , 27584, 25000, 28031, 28120, 0, 
30, 1, 39, 236, -1, 538, 150, 9.3, 31, ABplapppp, 177, 27385, 37463, 1368, , 27385, 25000, 28097, 28097, 0, 
31, 1, 19, 69, -1, 115, 282, 17.2, 31, ABalaaaar, 249, 26738, 39145, 1464, , 26738, 25000, 28010, 27964, 0, 
32, 1, 80, 3, -1, 461, 393, 13.4, 33, ABprappaa, 150, 27446, 45011, 1640, , 27446, 25000, 27869, 27885, 0, 
33, 1, 200, 9, -1, 559, 341, 10.7, 31, ABprapppp, 305, 28032, 38348, 1368, , 28032, 25000, 27695, 27734, 0, 
34, 1, 56, 7, -1, 136, 217, 21.4, 33, ABalapaaa, -114, 26584, 43597, 1640, , 26584, 25000, 27472, 27357, 0, 
35, 1, 177, 184, -1, 321, 177, 20.0, 32, MSapapp, 264, 26958, 46044, 1708, , 26958, 25000, 28322, 28340, 0, 
36, 1, 33, 182, -1, 193, 148, 13.6, 30, ABalppaap, 76, 27142, 31376, 1156, , 27142, 25000, 27637, 27646, 0, 
37, 1, 220, 220, -1, 525, 340, 23.4, 37, ABarppppp, 283, 27585, 64219, 2328, , 27585, 25000, 28157, 28154, 0, 
38, 1, 224, 245, -1, 477, 202, 24.6, 33, Caaaaa, -190, 27184, 44581, 1640, , 27184, 25000, 27824, 27848, 0, 
39, 1, 203, 123, -1, 409, 113, 16.3, 32, ABplaapppp, 287, 27524, 43598, 1584, , 27524, 25000, 28108, 28135, 0, 
40, 1, 15, 136, -1, 160, 168, 14.6, 30, ABalppaaa, 302, 26894, 31090, 1156, , 26894, 25000, 27190, 27171, 0, 
41, 1, 32, 73, 237, 251, 208, 20.7, 34, ABalapapp, 215, 26920, 50718, 1884, , 26920, 25000, 28006, 28010, 0, 
42, 1, 133, 70, -1, 187, 350, 21.8, 33, ABalaappp, 336, 27204, 47444, 1744, , 27204, 25000, 27526, 27497, 0, 
43, 1, 91, 156, -1, 173, 201, 21.2, 33, ABalapaap, -118, 27604, 48141, 1744, , 27604, 25000, 28043, 28068, 0, 
44, 1, 10, 183, -1, 227, 340, 14.0, 30, MSppaaa, 299, 28470, 38378, 1348, , 28470, 25000, 27819, 27780, 0, 
45, 1, 199, 88, -1, 409, 166, 6.6, 29, ABplppppaa, 196, 31721, 36670, 1156, , 31721, 25000, 32873, 32902, 0, 
46, 1, 49, 117, -1, 376, 374, 10.6, 30, ABprppaaa, 279, 27765, 32096, 1156, , 27765, 25000, 28570, 28563, 0, 
47, 1, 191, 126, -1, 297, 122, 20.5, 30, ABplaappaa, 237, 27690, 34114, 1232, , 27690, 25000, 27799, 27814, 0, 
48, 1, 84, 201, -1, 389, 368, 21.3, 36, ABprapaaa, -384, 27175, 60219, 2216, , 27175, 25000, 27831, 27784, 0, 
49, 1, 221, 33, -1, 181, 310, 12.8, 27, ABaraappaa, 194, 28335, 24595, 868, , 28335, 25000, 28713, 28709, 0, 
50, 1, 14, 97, -1, 274, 143, 24.4, 32, ABplaapapa, 116, 27506, 40819, 1484, , 27506, 25000, 27732, 27708, 0, 
51, 1, 2, 27, -1, 195, 361, 12.8, 30, ABalaapap, -72, 28239, 37275, 1320, , 28239, 25000, 27575, 27458, 0, 
52, 1, 54, 24, 145, 281, 371, 10.7, 31, ABprpaaaa, 161, 27620, 37784, 1368, , 27620, 25000, 27924, 27936, 0, 
53, 1, 166, 83, -1, 297, 382, 14.4, 31, ABprpaapa, 273, 26466, 35253, 1332, , 26466, 25000, 28007, 28016, 0, 
54, 1, 116, 195, -1, 168, 351, 18.1, 31, ABalaappa, 321, 27044, 40025, 1480, , 27044, 25000, 27477, 27475, 0, 
55, 1, 182, 113, -1, 539, 316, 14.9, 35, Cpppa, 345, 27252, 56358, 2068, , 27252, 25000, 28251, 28261, 0, 
56, 1, 145, 241, -1, 263, 275, 25.3, 29, ABarpaapaa, 286, 27409, 29273, 1068, , 27409, 25000, 27615, 27582, 0, 
57, 1, 138, 175, -1, 158, 257, 19.7, 33, MSaaaaa, 147, 28393, 49290, 1736, , 28393, 25000, 28252, 28252, 0, 
58, 1, 105, 116, -1, 208, 381, 16.4, 31, ABpraaaaa, 283, 27779, 37002, 1332, , 27779, 25000, 27568, 27606, 0, 
59, 1, 81, 208, -1, 316, 356, 7.6, 30, ABarappppp, 219, 30167, 34873, 1156, , 30167, 25000, 30675, 30631, 0, 
60, 1, 8, 60, -1, 523, 333, 7.7, 32, ABprpppap, 100, 27443, 43469, 1584, , 27443, 25000, 31237, 31320, 0, 
61, 1, 17, 194, -1, 495, 164, 7.1, 33, ABplpppap, 323, 30075, 52210, 1736, , 30075, 25000, 32406, 32412, 0, 
62, 1, 76, 6, 258, 503, 123, 16.6, 35, ABplappap, 288, 26909, 51988, 1932, , 26909, 25000, 27861, 27859, 0, 
63, 1, 106, 29, -1, 274, 250, 17.3, 30, MSaaapp, 246, 28813, 37687, 1308, , 28813, 25000, 28495, 28500, 0, 
64, 1, 142, 138, -1, 249, 383, 15.0, 32, ABpraaaap, 173, 27546, 47048, 1708, , 27546, 25000, 27575, 27540, 0, 
65, 1, 61, 84, 223, 171, 263, 13.1, 33, ABaraapaa, 144, 27153, 47138, 1736, , 27153, 25000, 28236, 28257, 0, 
66, 1, 172, 44, -1, 271, 327, 11.9, 30, MSppaap, 300, 27115, 36768, 1356, , 27115, 25000, 28095, 28155, 0, 
67, 1, 132, 161, -1, 231, 297, 12.7, 28, ABaraappap, 119, 26856, 28575, 1064, , 26856, 25000, 27978, 27978, 0, 
68, 1, 37, 93, -1, 354, 214, 12.5, 31, MSaapap, 318, 33120, 40804, 1232, , 33120, 25000, 29089, 29178, 0, 
69, 1, 35, 112, -1, 281, 275, 6.1, 28, ABarapapaa, 197, 35839, 38993, 1088, , 35839, 25000, 33038, 33202, 0, 
70, 1, 41, 20, -1, 469, 381, 10.4, 34, ABprppapp, 22, 27328, 48643, 1780, , 27328, 25000, 28456, 28516, 0, 
71, 1, 62, 134, -1, 346, 132, 10.6, 32, ABplppaaa, 322, 27104, 40223, 1484, , 27104, 25000, 28294, 28335, 0, 
72, 1, 158, 135, 200, 571, 259, 9.3, 34, Cpapp, 220, 27701, 52188, 1884, , 27701, 25000, 28674, 28677, 0, 
73, 1, 144, 1, 78, 295, 133, 12.6, 35, ABplpaaap, -145, 27909, 53921, 1932, , 27909, 25000, 28026, 28035, 0, 
74, 1, 67, 26, -1, 251, 238, 24.8, 30, ABplaaaapa, 286, 28255, 37296, 1320, , 28255, 25000, 28363, 28382, 0, 
75, 1, 40, 206, -1, 507, 372, 14.6, 32, ABprappap, 326, 27508, 40822, 1484, , 27508, 25000, 28097, 28104, 0, 
76, 1, 23, 188, -1, 300, 230, 19.9, 38, Eala, 387, 27122, 71927, 2652, , 27122, 25000, 28435, 28472, 0, 
77, 1, 109, 227, -1, 245, 163, 8.5, 29, ABalppappa, 181, 26623, 28753, 1080, , 26623, 25000, 28490, 28627, 0, 
78, 1, 207, 153, -1, 153, 319, 23.4, 34, ABalappap, 139, 26853, 47798, 1780, , 26853, 25000, 27952, 28029, 0, 
79, 1, 45, 121, -1, 578, 219, 12.1, 30, Caapa, 53, 27809, 37709, 1356, , 27809, 25000, 28435, 28597, 0, 
80, 1, 183, 221, -1, 406, 253, 26.1, 34, ABarpaappp, 342, 28103, 55531, 1976, , 28103, 25000, 28522, 28589, 0, 
81, 1, 187, 173, -1, 505, 377, 20.7, 32, ABprapapaa, 240, 27772, 43991, 1584, , 27772, 25000, 28393, 28397, 0, 
82, 1, 152, 137, -1, 229, 270, 26.3, 33, ABarpaaap, 167, 28086, 48757, 1736, , 28086, 25000, 28100, 28131, 0, 
83, 1, 141, 167, -1, 360, 134, 22.7, 31, ABplapaaaa, 246, 28155, 38516, 1368, , 28155, 25000, 27611, 27639, 0, 
84, 1, 122, 53, -1, 479, 294, 10.3, 35, Cppaa, 357, 27837, 56788, 2040, , 27837, 25000, 28121, 28202, 0, 
85, 1, 161, 151, -1, 293, 287, 9.2, 27, ABarapappa, 120, 27429, 23808, 868, , 27429, 25000, 28790, 28791, 0, 
86, 0, 6, -1, -1, 89, 264, 17.0, 29, , 258, 1075, 34957, 1228, , 28467, 25000, 27293, 27392, 0, 
87, 1, 98, 15, -1, 287, 224, 13.4, 31, MSaapaa, 88, 28676, 38197, 1332, , 28676, 25000, 29577, 29537, 0, 
88, 1, 212, 249, -1, 210, 179, 19.7, 29, ABalppppaa, 179, 27188, 29037, 1068, , 27188, 25000, 28037, 28017, 0, 
89, 1, 79, 30, -1, 149, 291, 15.1, 30, ABaraaaap, 233, 27488, 37274, 1356, , 27488, 25000, 28048, 28097, 0, 
90, 1, 21, 166, -1, 137, 315, 19.0, 33, ABalaaapp, 295, 27339, 49429, 1808, , 27339, 25000, 27748, 27765, 0, 
91, 1, 137, 143, -1, 321, 248, 24.6, 31, ABarpaapap, 294, 27474, 36595, 1332, , 27474, 25000, 28448, 28455, 0, 
92, 1, 100, 199, 238, 356, 181, 24.5, 35, ABplaaapp, -179, 27271, 54105, 1984, , 27271, 25000, 27974, 27947, 0, 
93, 1, 63, 185, -1, 325, 222, 9.0, 31, ABalpapppp, 316, 27292, 43122, 1580, , 27292, 25000, 29311, 29293, 0, 
94, 1, 94, 28, -1, 260, 128, 15.4, 31, ABplpaapa, -63, 27941, 37217, 1332, , 27941, 25000, 27224, 27239, 0, 
95, 1, 126, 189, -1, 229, 197, 14.2, 31, MSapaap, 55, 27643, 40470, 1464, , 27643, 25000, 27941, 27918, 0, 
96, 1, 211, 233, -1, 542, 265, 13.1, 34, Cpppp, 306, 26933, 53220, 1976, , 26933, 25000, 28242, 28363, 0, 
97, 1, 229, 252, -1, 394, 217, 5.9, 27, ABplpapppa, 219, 33649, 30553, 908, , 33649, 25000, 33794, 34128, 0, 
98, 1, 171, 31, -1, 537, 214, 24.4, 35, Caaaap, 279, 27471, 53074, 1932, , 27471, 25000, 27575, 27601, 0, 
99, 1, 108, 152, 177, 316, 370, 23.2, 36, ABpraapap, 275, 28270, 64455, 2280, , 28270, 25000, 27946, 27964, 0, 
100, 1, 74, 42, -1, 121, 225, 15.2, 32, ABalaaaal, 385, 27886, 44841, 1608, , 27886, 25000, 27728, 27702, 0, 
101, 1, 97, 13, -1, 150, 305, 10.3, 30, ABaraaapaa, 142, 27501, 35971, 1308, , 27501, 25000, 28127, 28177, 0, 
102, 1, 131, 46, -1, 175, 168, 18.4, 31, ABalpppaa, 191, 27167, 36187, 1332, , 27167, 25000, 27741, 27738, 0, 
103, 1, 124, 74, -1, 514, 235, 18.6, 38, Eplp, 384, 26857, 69290, 2580, , 26857, 25000, 28243, 28243, 0, 
104, 1, 206, 204, -1, 507, 273, 12.0, 34, Cppap, 311, 27613, 55005, 1992, , 27613, 25000, 28398, 28692, 0, 
105, 1, 204, 155, 186, 245, 283, 7.5, 30, ABarapaap, 39, 29696, 36586, 1232, , 29696, 25000, 31315, 31294, 0, 
106, 1, 29, 90, -1, 359, 321, 11.6, 31, MSpppap, 144, 26980, 35937, 1332, , 26980, 25000, 28245, 28356, 0, 
107, 1, 85, 224, -1, 434, 189, 11.4, 32, Daap, -141, 28348, 42069, 1484, , 28348, 25000, 28283, 28317, 0, 
108, 1, 46, 217, -1, 214, 221, 25.8, 36, ABplaaaaa, 262, 27947, 63720, 2280, , 27947, 25000, 28246, 28253, 0, 
109, 1, 110, 191, -1, 327, 165, 8.6, 31, ABplpapaa, 265, 28164, 37515, 1332, , 28164, 25000, 29883, 29953, 0, 
110, 1, 11, 147, -1, 521, 174, 14.9, 34, Cappa, 334, 27132, 53612, 1976, , 27132, 25000, 28261, 28311, 0, 
111, 1, 92, 159, -1, 388, 166, 19.2, 31, MSapppp, 267, 27378, 40081, 1464, , 27378, 25000, 27867, 27870, 0, 
112, 1, 189, 55, -1, 259, 158, 21.3, 29, ABalppppap, 158, 26472, 28272, 1068, , 26472, 25000, 28105, 28345, 0, 
113, 1, 140, 36, -1, 290, 393, 18.6, 32, ABpraaappp, 292, 27453, 40740, 1484, , 27453, 25000, 27833, 27855, 0, 
114, 1, 155, 40, -1, 571, 347, 17.2, 28, ABprapappa, 263, 27095, 28504, 1052, , 27095, 25000, 27711, 27768, 0, 
115, 1, 173, 86, 139, 592, 269, 14.7, 36, Cpapa, 365, 27380, 60673, 2216, , 27380, 25000, 28861, 28868, 0, 
116, 1, 1, 154, -1, 296, 159, 18.8, 31, ABalpppppp, 245, 27239, 39878, 1464, , 27239, 25000, 28448, 28550, 0, 
117, 1, 26, 170, -1, 511, 221, 6.5, 29, ABplpppppp, 223, 33935, 36650, 1080, , 33935, 25000, 33300, 33300, 0, 
118, 1, 170, 219, -1, 211, 281, 5.6, 32, ABarapaaa, 154, 36032, 53471, 1484, , 36032, 25000, 35248, 35653, 0, 
119, 1, 24, 45, -1, 378, 229, 9.5, 28, MSaappa, 224, 27154, 29326, 1080, , 27154, 25000, 28826, 28877, 0, 
120, 1, 149, 205, -1, 424, 298, 20.4, 38, Epra, 385, 27406, 70708, 2580, , 27406, 25000, 28148, 28151, 0, 
121, 1, 104, 162, -1, 336, 330, 5.9, 33, ABarappap, -145, 33326, 57854, 1736, , 33326, 25000, 33823, 34445, 0, 
122, 1, 53, 251, -1, 385, 292, 16.5, 37, Earp, 379, 28208, 69280, 2456, , 28208, 25000, 28976, 28974, 0, 
123, 1, 27, 85, 216, 456, 116, 15.1, 34, ABplappaa, 254, 27666, 54668, 1976, , 27666, 25000, 28110, 28157, 0, 
124, 1, 101, 213, -1, 363, 176, 7.1, 32, ABplpapap, 298, 29184, 45994, 1576, , 29184, 25000, 32735, 32856, 0, 
125, 1, 96, 4, -1, 402, 225, 15.3, 33, Z3, 337, 26985, 46846, 1736, , 26985, 25000, 28483, 28500, 0, 
126, 1, 117, 244, -1, 188, 308, 17.5, 33, MSpaaaa, 221, 27073, 43967, 1624, , 27073, 25000, 28186, 28196, 0, 
127, 1, 214, 32, -1, 440, 309, 11.8, 31, Dpap, 266, 27788, 40682, 1464, , 27788, 25000, 28413, 28482, 0, 
128, 1, 118, 12, -1, 274, 308, 16.2, 33, MSpaapa, 299, 27553, 48052, 1744, , 27553, 25000, 28689, 28753, 0, 
129, 1, 115, 218, -1, 342, 124, 20.1, 30, ABplaappap, 238, 27612, 37442, 1356, , 27612, 25000, 28211, 28261, 0, 
130, 1, 194, 232, -1, 390, 343, 16.1, 31, MSppppp, 279, 27888, 41274, 1480, , 27888, 25000, 27955, 27962, 0, 
131, 1, 226, 2, -1, 196, 148, 16.5, 30, ABalpppapa, 201, 27655, 34071, 1232, , 27655, 25000, 27826, 27958, 0, 
132, 1, 185, 122, -1, 441, 232, 6.3, 29, ABplpapppp, 195, 33207, 35465, 1068, , 33207, 25000, 32887, 33043, 0, 
133, 1, 47, 253, -1, 335, 397, 18.9, 33, ABpraappa, 330, 27613, 47937, 1736, , 27613, 25000, 27649, 27673, 0, 
134, 1, 198, 198, -1, 292, 237, 6.5, 29, ABalpappap, -155, 32031, 34594, 1080, , 32031, 25000, 33894, 33862, 0, 
135, 1, 178, 52, -1, 235, 289, 18.2, 34, MSpaaap, 340, 27809, 53171, 1912, , 27809, 25000, 28196, 28190, 0, 
136, 1, 64, 68, -1, 416, 369, 7.6, 32, ABprppaap, -94, 28869, 42841, 1484, , 28869, 25000, 31126, 31298, 0, 
137, 1, 83, 11, -1, 323, 200, 5.3, 33, ABplpappaa, 327, 36168, 62787, 1736, , 36168, 25000, 35384, 35456, 0, 
138, 1, 43, 80, 247, 451, 142, 8.2, 34, ABplpppaa, 224, 27641, 52849, 1912, , 27641, 25000, 29946, 30159, 0, 
139, 1, 20, 203, -1, 292, 158, 8.1, 28, ABalppappp, 570, 30530, 33217, 1088, , 30530, 25000, 30507, 30547, 0, 
140, 1, 195, 22, 239, 272, 272, 11.6, 29, ABaraappp, 177, 27445, 31726, 1156, , 27445, 25000, 28379, 28379, 0, 
141, 1, 119, 54, -1, 308, 342, 26.2, 34, ABarpappa, 349, 27726, 53013, 1912, , 27726, 25000, 28470, 28504, 0, 
142, 1, 86, 192, -1, 116, 236, 18.7, 33, ABalaaapa, 300, 27838, 48327, 1736, , 27838, 25000, 27313, 27360, 0, 
143, 1, 213, 246, -1, 453, 191, 6.6, 29, ABplppppap, 234, 32324, 37366, 1156, , 32324, 25000, 31507, 31537, 0, 
144, 1, 72, 43, -1, 440, 172, 25.0, 35, ABarppaap, -94, 27240, 61344, 2252, , 27240, 25000, 27995, 27877, 0, 
145, 1, 95, 50, -1, 326, 383, 11.7, 32, ABprpaaap, 138, 27239, 43146, 1584, , 27239, 25000, 27915, 27967, 0, 
146, 1, 87, 95, -1, 130, 311, 13.5, 31, ABaraaaaa, 208, 27410, 33769, 1232, , 27410, 25000, 27449, 27445, 0, 
147, 1, 129, 87, -1, 537, 173, 21.5, 36, ABarppapp, 19, 27422, 58573, 2136, , 27422, 25000, 28343, 28406, 0, 
148, 1, 82, 243, -1, 224, 351, 18.5, 32, ABpraaapa, 128, 27034, 38713, 1432, , 27034, 25000, 27514, 27572, 0, 
149, 1, 12, 157, -1, 214, 330, 8.0, 31, ABaraaapp, 289, 28480, 44998, 1580, , 28480, 25000, 29829, 29975, 0, 
150, 1, 55, 82, -1, 549, 274, 25.5, 35, Cpaapa, 356, 28335, 56216, 1984, , 28335, 25000, 28067, 28045, 0, 
151, 1, 176, 119, -1, 443, 335, 15.5, 32, Dppa, 288, 26743, 38296, 1432, , 26743, 25000, 28335, 28405, 0, 
152, 1, 157, 190, -1, 294, 294, 25.3, 34, ABarpapap, 296, 27706, 52199, 1884, , 27706, 25000, 28289, 28291, 0, 
153, 1, 67, 235, -1, 293, 216, 25.4, 31, ABplaaaapp, 307, 27306, 36371, 1332, , 27306, 25000, 28024, 28064, 0, 
154, 1, 88, 197, -1, 322, 153, 24.2, 32, ABplaapapp, 267, 27734, 44596, 1608, , 27734, 25000, 28027, 28102, 0, 
155, 1, 146, 127, -1, 153, 225, 10.5, 31, ABalpaapap, 306, 27586, 33986, 1232, , 27586, 25000, 28909, 29016, 0, 
156, 1, 164, 178, -1, 310, 176, 13.7, 31, MSappaa, 312, 28640, 39180, 1368, , 28640, 25000, 28303, 28323, 0, 
157, 1, 125, 163, -1, 189, 188, 12.4, 26, ABalpaappp, 169, 27504, 22883, 832, , 27504, 25000, 28249, 28064, 0, 
158, 1, 18, 111, -1, 183, 310, 23.2, 30, ABalapppaa, 237, 27569, 36391, 1320, , 27569, 25000, 27929, 28065, 0, 
159, 1, 184, 140, -1, 357, 271, 25.5, 34, ABarpaappa, 343, 27794, 46916, 1688, , 27794, 25000, 28453, 28470, 0, 
160, 1, 150, 142, -1, 449, 225, 20.4, 39, Epla, 391, 27462, 76894, 2800, , 27462, 25000, 28094, 28094, 0, 
161, 1, 36, 92, -1, 505, 220, 11.8, 34, Capap, 336, 27573, 52720, 1912, , 27573, 25000, 28579, 28690, 0, 
162, 1, 50, 72, -1, 399, 352, 25.6, 34, ABarpppaa, 315, 28546, 50812, 1780, , 28546, 25000, 27764, 27736, 0, 
163, 1, 167, 242, -1, 234, 245, 6.4, 28, ABalpappaa, 225, 33376, 32975, 988, , 33376, 25000, 33439, 33567, 0, 
164, 1, 151, 210, -1, 225, 234, 17.3, 35, MSaaapa, 329, 27257, 55604, 2040, , 27257, 25000, 27942, 27929, 0, 
165, 1, 136, 172, 254, 234, 170, 24.5, 35, ABplaapaa, 154, 28074, 55699, 1984, , 28074, 25000, 28026, 28017, 0, 
166, 1, 52, 94, -1, 362, 176, 11.7, 31, MSappap, 248, 28417, 38875, 1368, , 28417, 25000, 28418, 28351, 0, 
167, 1, 48, 14, -1, 256, 237, 9.5, 29, ABalpapppa, 243, 27923, 30157, 1080, , 27923, 25000, 29190, 29236, 0, 
168, 1, 114, 51, -1, 540, 198, 12.1, 33, Cappp, 266, 26858, 46626, 1736, , 26858, 25000, 28283, 28386, 0, 
169, 1, 156, 118, -1, 434, 260, 10.0, 33, MSpappp, 10, 27685, 50054, 1808, , 27685, 25000, 28583, 28686, 0, 
170, 1, 162, 109, -1, 467, 195, 15.2, 34, Dapp, 317, 27615, 52799, 1912, , 27615, 25000, 28195, 28178, 0, 
171, 1, 121, 58, -1, 360, 303, 6.4, 30, ABprpappaa, 184, 31506, 36421, 1156, , 31506, 25000, 32668, 32853, 0, 
172, 1, 190, 81, -1, 198, 296, 8.7, 32, ABaraaapap, 251, 28944, 45848, 1584, , 28944, 25000, 29214, 29302, 0, 
173, 1, 143, 47, -1, 582, 283, 20.1, 34, Cpaapp, 343, 26881, 53117, 1976, , 26881, 25000, 28507, 28507, 0, 
174, 1, 201, 115, -1, 543, 359, 17.5, 31, ABprapapap, 215, 26714, 32912, 1232, , 26714, 25000, 27755, 27786, 0, 
175, 1, 225, 62, -1, 485, 311, 15.4, 33, Dppp, 311, 27485, 45075, 1640, , 27485, 25000, 28227, 28231, 0, 
176, 1, 165, 150, -1, 475, 312, 6.5, 30, ABprppppap, 195, 31265, 38519, 1232, , 31265, 25000, 32934, 33107, 0, 
177, 1, 5, 215, -1, 347, 114, 13.6, 28, ABplpaappp, 273, 27778, 27445, 988, , 27778, 25000, 28222, 28112, 0, 
178, 1, 51, 180, -1, 299, 314, 21.5, 30, ABalappppp, 237, 28900, 35605, 1232, , 28900, 25000, 27632, 27708, 0, 
179, 1, 125, 256, -1, 169, 203, 12.2, 27, ABalpaappa, 179, 28066, 24361, 868, , 28066, 25000, 28375, 28295, 0, 
180, 1, 210, 61, -1, 446, 261, 26.3, 36, Cpaaaa, 366, 27190, 60253, 2216, , 27190, 25000, 27941, 27920, 0, 
181, 1, 107, 49, -1, 427, 332, 7.4, 30, ABprppppaa, 197, 27653, 31967, 1156, , 27653, 25000, 30697, 30695, 0, 
182, 1, 179, 133, -1, 244, 148, 17.7, 30, ABalpppapp, 166, 27637, 36149, 1308, , 27637, 25000, 28146, 28139, 0, 
183, 1, 159, 57, -1, 265, 155, 11.7, 28, ABplpaaaap, 204, 27734, 29509, 1064, , 27734, 25000, 28056, 28180, 0, 
184, 1, 196, 67, -1, 330, 264, 5.7, 27, ABarapapap, 202, 34746, 32105, 924, , 34746, 25000, 34456, 34607, 0, 
185, 1, 69, 96, 103, 206, 220, 7.4, 32, ABalpapaa, 216, 30107, 44679, 1484, , 30107, 25000, 32744, 33321, 0, 
186, 1, 81, 19, -1, 274, 337, 7.1, 31, ABarappppa, 214, 30405, 45000, 1480, , 30405, 25000, 32751, 32994, 0, 
187, 1, 163, 17, -1, 400, 167, 15.0, 32, Daaa, 78, 28639, 48916, 1708, , 28639, 25000, 28338, 28338, 0, 
188, 1, 16, 63, 248, 263, 360, 22.1, 37, ABpraapaa, 248, 27102, 66346, 2448, , 27102, 25000, 27918, 27954, 0, 
189, 1, 202, 234, -1, 591, 212, 17.3, 34, Caaapp, 307, 28393, 53493, 1884, , 28393, 25000, 28498, 28498, 0, 
190, 1, 99, 169, -1, 377, 401, 13.8, 29, ABprpaappp, 203, 27117, 30154, 1112, , 27117, 25000, 27625, 27625, 0, 
191, 1, 188, 38, -1, 220, 260, 21.4, 32, MSaaaap, 322, 27380, 40632, 1484, , 27380, 25000, 28071, 28075, 0, 
192, 1, 112, 71, -1, 353, 159, 15.2, 32, MSapppa, -337, 28659, 46083, 1608, , 28659, 25000, 28321, 28358, 0, 
193, 1, 111, 225, -1, 375, 389, 17.8, 31, ABpraapppa, 269, 27823, 40733, 1464, , 27823, 25000, 28234, 28195, 0, 
194, 1, 218, 56, -1, 261, 352, 17.6, 29, ABpraaappa, 214, 26946, 31149, 1156, , 26946, 25000, 28324, 28346, 0, 
195, 1, 31, 106, -1, 193, 248, 9.3, 31, ABalpaaap, 128, 27919, 38193, 1368, , 27919, 25000, 28505, 28530, 0, 
196, 1, 13, 48, -1, 202, 247, 13.3, 28, ABaraapapa, 196, 28348, 30162, 1064, , 28348, 25000, 28237, 28385, 0, 
197, 1, 13, 99, -1, 249, 235, 12.8, 28, ABaraapapp, 211, 27219, 28634, 1052, , 27219, 25000, 28815, 28735, 0, 
198, 1, 90, 110, -1, 519, 137, 21.4, 31, ABplapapaa, 285, 27796, 37024, 1332, , 27796, 25000, 27870, 27889, 0, 
199, 1, 160, 187, -1, 444, 331, 25.6, 35, ABarpppap, 351, 27262, 52670, 1932, , 27262, 25000, 27800, 27825, 0, 
200, 1, 103, 102, -1, 380, 268, 11.6, 32, MSpapap, 294, 35160, 52177, 1484, , 35160, 25000, 29350, 29488, 0, 
201, 1, 102, 21, -1, 402, 132, 11.2, 33, ABplppapa, 28, 26905, 46923, 1744, , 26905, 25000, 28547, 28569, 0, 
202, 0, -1, -1, -1, 312, 286, 16.8, 27, , 245, -136, 24959, 868, , 28755, 25000, 28708, 28891, 0, 
203, 1, 130, 181, -1, 579, 165, 13.6, 27, ABplapappp, 241, 27956, 27621, 988, , 27956, 25000, 28104, 28112, 0, 
204, 1, 57, 132, -1, 276, 201, 7.7, 27, ABalpapapp, 169, 28291, 26141, 924, , 28291, 25000, 31682, 31691, 0, 
205, 1, 77, 146, -1, 356, 351, 14.5, 30, MSppppa, -129, 27150, 33449, 1232, , 27150, 25000, 27755, 27841, 0, 
206, 1, 139, 39, -1, 333, 349, 17.5, 31, MSppapp, 87, 26760, 32968, 1232, , 26760, 25000, 27876, 27851, 0, 
207, 1, 60, 120, -1, 416, 334, 13.2, 31, Dpaa, 301, 27079, 39643, 1464, , 27079, 25000, 28383, 28551, 0, 
208, 1, 127, 34, -1, 429, 127, 20.3, 33, ABplapaap, 338, 27404, 47574, 1736, , 27404, 25000, 28092, 28066, 0, 
209, 1, 175, 65, -1, 552, 127, 12.7, 29, ABplapappa, -226, 28412, 30344, 1068, , 28412, 25000, 27593, 27593, 0, 
210, 1, 28, 79, -1, 244, 340, 9.1, 33, ABarapppa, 256, 27259, 47322, 1736, , 27259, 25000, 28670, 28649, 0, 
211, 1, 141, 77, -1, 405, 139, 22.2, 30, ABplapaaap, 210, 28202, 37227, 1320, , 28202, 25000, 27863, 27917, 0, 
212, 1, 123, 211, -1, 402, 189, 26.5, 37, ABarppaaa, 373, 28598, 70236, 2456, , 28598, 25000, 28242, 28281, 0, 
213, 1, 186, 128, -1, 314, 320, 11.7, 31, MSpppaa, 289, 27585, 37736, 1368, , 27585, 25000, 28337, 28368, 0, 
214, 1, 209, 148, -1, 402, 277, 9.3, 32, MSpappa, 156, 28657, 45393, 1584, , 28657, 25000, 29403, 29293, 0, 
215, 1, 147, 75, -1, 482, 257, 6.7, 29, ABprpapppp, 241, 32554, 34768, 1068, , 32554, 25000, 31716, 31773, 0, 
216, 1, 73, 158, -1, 181, 216, 16.4, 32, MSapaaa, 316, 27443, 40726, 1484, , 27443, 25000, 28212, 28206, 0, 
217, 1, 65, 16, -1, 496, 289, 20.3, 38, Eprp, 386, 27337, 68234, 2496, , 27337, 25000, 28609, 28609, 0, 
218, 1, 208, 144, -1, 437, 169, 17.6, 32, Dapa, 309, 27367, 40613, 1484, , 27367, 25000, 28078, 28069, 0, 
219, 1, 75, 212, -1, 433, 279, 5.5, 30, ABprpapppa, 205, 34664, 42706, 1232, , 34664, 25000, 33236, 33130, 0, 
220, 1, 34, 214, -1, 292, 305, 6.2, 33, ABarappaa, 136, 33017, 57582, 1744, , 33017, 25000, 32822, 32903, 0, 
221, 1, 68, 149, -1, 406, 209, 10.3, 33, MSaappp, 559, 27886, 48410, 1736, , 27886, 25000, 28238, 28233, 0, 
222, 1, 197, 18, -1, 584, 316, 13.4, 30, ABprapappp, 192, 27131, 31364, 1156, , 27131, 25000, 28165, 28171, 0, 
223, 1, 180, 25, -1, 482, 143, 22.5, 35, ABarppapa, 351, 27414, 54389, 1984, , 27414, 25000, 28144, 28081, 0, 
224, 1, 78, 101, -1, 188, 273, 26.4, 34, ABarpaaaa, 316, 28293, 50362, 1780, , 28293, 25000, 28315, 28335, 0, 
225, 1, 5, 23, -1, 301, 130, 16.4, 29, ABplpaappa, 204, 28325, 32744, 1156, , 28325, 25000, 27992, 28095, 0, 
226, 1, 205, 114, -1, 576, 211, 22.0, 33, Caaapa, 437, 27534, 49781, 1808, , 27534, 25000, 28517, 28488, 0, 
227, 1, 193, 37, -1, 296, 339, 16.0, 31, MSppapa, 254, 27072, 42774, 1580, , 27072, 25000, 28420, 28477, 0, 
228, 1, 154, 171, -1, 224, 160, 14.4, 28, ABplpaaaaa, 199, 26898, 26575, 988, , 26898, 25000, 28476, 28308, 0, 
229, 1, 223, 196, -1, 161, 345, 13.6, 31, ABalaapaa, 265, 27511, 36644, 1332, , 27511, 25000, 27397, 27429, 0, 
230, 1, 71, 100, -1, 512, 286, 25.4, 35, Cpaaap, 312, 28289, 54654, 1932, , 28289, 25000, 28141, 28131, 0, 
231, 1, 42, 255, -1, 362, 120, 16.7, 33, ABplaapppa, 331, 27225, 47263, 1736, , 27225, 25000, 28176, 28224, 0, 
232, 1, 120, 141, -1, 295, 176, 25.8, 34, ABplaaapa, 331, 27769, 53094, 1912, , 27769, 25000, 28180, 28207, 0, 
233, 1, 18, 98, -1, 230, 305, 23.7, 30, ABalapppap, 217, 27860, 36441, 1308, , 27860, 25000, 27755, 27830, 0, 
234, 1, 227, 59, -1, 579, 194, 9.5, 37, Caapp, 251, 27219, 66851, 2456, , 27219, 25000, 28360, 28435, 0, 
235, 1, 51, 250, -1, 247, 310, 22.0, 30, ABalappppa, 240, 26904, 36267, 1348, , 26904, 25000, 27255, 27120, 0, 
236, 1, 217, 168, -1, 472, 200, 10.3, 35, Capaa, 325, 27665, 56437, 2040, , 27665, 25000, 28564, 28721, 0, 
237, 1, 66, 164, -1, 370, 219, 6.4, 27, ABplpappap, 174, 32145, 31759, 988, , 32145, 25000, 32962, 33050, 0, 
238, 1, 99, 35, -1, 331, 395, 14.7, 29, ABprpaappa, -166, 28187, 30104, 1068, , 28187, 25000, 27660, 27814, 0, 
239, 1, 135, 231, -1, 564, 146, 16.6, 31, ABplapapap, -198, 27908, 37174, 1332, , 27908, 25000, 27863, 27879, 0, 
240, 1, 128, 207, 257, 330, 270, 12.4, 35, MSpapaa, 357, 30619, 59155, 1932, , 30619, 25000, 30261, 30269, 0, 
