1, 1, 235, 213, -1, 299, 220, 25.7, 30, ABplaaaapp, 303, 28056, 36697, 1308, , 28056, 25000, 27985, 28002, 0, 
2, 1, 247, 101, -1, 423, 138, 7.8, 28, ABplpppaaa, 195, 28640, 30129, 1052, , 28640, 25000, 30801, 30870, 0, 
3, 1, 201, 72, 243, 397, 373, 20.8, 36, ABprapaaa, 255, 26804, 61112, 2280, , 26804, 25000, 27702, 27702, 0, 
4, 1, 190, 11, -1, 315, 292, 24.5, 30, ABarpapapp, 245, 29127, 35885, 1232, , 29127, 25000, 27770, 27811, 0, 
5, 1, 8, 96, -1, 239, 150, 10.6, 27, ABalppapap, 197, 27260, 26933, 988, , 27260, 25000, 27548, 27595, 0, 
6, 1, 108, 238, -1, 413, 378, 10.5, 32, ABprppapa, -68, 26681, 38207, 1432, , 26681, 25000, 27940, 27939, 0, 
7, 1, 153, 129, -1, 156, 315, 23.5, 34, ABalappap, 210, 27240, 45981, 1688, , 27240, 25000, 27960, 27985, 0, 
8, 1, 117, 169, -1, 377, 378, 9.4, 29, ABprppaaa, 77, 27924, 32280, 1156, , 27924, 25000, 28501, 28546, 0, 
9, 1, 98, 199, -1, 229, 303, 22.9, 31, ABalapppap, 226, 28201, 41737, 1480, , 28201, 25000, 27985, 27959, 0, 
10, 1, 175, 150, -1, 143, 257, 18.9, 28, MSaaaaaa, 183, 27273, 29673, 1088, , 27273, 25000, 27739, 27895, 0, 
11, 1, 158, 17, -1, 182, 213, 16.4, 33, MSapaaa, 25, 26857, 44046, 1640, , 26857, 25000, 28369, 28318, 0, 
12, 1, 66, 48, -1, 445, 391, 18.8, 32, ABprapaap, -158, 26491, 42597, 1608, , 26491, 25000, 27954, 27931, 0, 
13, 1, 48, 128, -1, 205, 236, 12.7, 31, ABaraapapa, 250, 27173, 37173, 1368, , 27173, 25000, 28541, 28572, 0, 
14, 1, 148, 227, -1, 400, 273, 9.3, 30, MSpappa, 242, 27875, 36461, 1308, , 27875, 25000, 29004, 28994, 0, 
15, 1, 143, 121, -1, 327, 244, 24.5, 30, ABarpaapap, 288, 28372, 34954, 1232, , 28372, 25000, 28047, 28018, 0, 
16, 1, 194, 146, 283, 500, 168, 7.5, 31, ABplpppap, 76, 28634, 35277, 1232, , 28634, 25000, 31168, 31277, 0, 
17, 1, 83, 65, -1, 309, 391, 13.9, 27, ABprpaapap, 207, 28182, 25589, 908, , 28182, 25000, 27480, 27515, 0, 
18, 1, 190, 103, -1, 275, 305, 24.7, 30, ABarpapapa, 240, 28261, 36966, 1308, , 28261, 25000, 27840, 27951, 0, 
19, 1, 179, 225, -1, 260, 143, 19.3, 28, ABalpppppa, 242, 27734, 29509, 1064, , 27734, 25000, 27800, 27997, 0, 
20, 1, 86, 130, -1, 589, 245, 12.4, 32, Cpapaa, 304, 28454, 42225, 1484, , 28454, 25000, 29189, 29199, 0, 
21, 1, 127, 15, -1, 165, 230, 11.6, 30, ABalpaapap, 293, 27721, 32046, 1156, , 27721, 25000, 28565, 28533, 0, 
22, 1, 122, 281, -1, 442, 232, 5.5, 30, ABplpapppp, 280, 33467, 41231, 1232, , 33467, 25000, 32954, 33070, 0, 
23, 1, 151, 58, -1, 296, 280, 8.4, 29, ABarapappa, 224, 27776, 32109, 1156, , 27776, 25000, 29920, 29842, 0, 
24, 1, 67, 19, -1, 335, 249, 5.9, 28, ABarapapap, 263, 35315, 38423, 1088, , 35315, 25000, 34539, 34550, 0, 
25, 1, 114, 21, -1, 576, 209, 21.8, 34, Caaapa, 327, 28571, 54628, 1912, , 28571, 25000, 28244, 28221, 0, 
26, 1, 226, 212, -1, 381, 324, 23.0, 32, ABarpapppp, 263, 27440, 46867, 1708, , 27440, 25000, 28268, 28255, 0, 
27, 1, 91, 106, -1, 261, 330, 25.4, 30, ABarpapaap, 213, 27729, 32055, 1156, , 27729, 25000, 28652, 28746, 0, 
28, 1, 36, 52, -1, 296, 385, 18.4, 31, ABpraaappp, 293, 27218, 36255, 1332, , 27218, 25000, 27593, 27634, 0, 
29, 1, 94, 205, -1, 359, 170, 12.5, 30, MSappap, 262, 27342, 33685, 1232, , 27342, 25000, 28115, 28129, 0, 
30, 1, 229, 132, -1, 468, 222, 6.5, 29, ABplpppppa, 101, 32300, 34884, 1080, , 32300, 25000, 31750, 31670, 0, 
31, 1, 21, 42, -1, 404, 128, 11.3, 32, ABplppapa, -200, 26775, 42411, 1584, , 26775, 25000, 28449, 28499, 0, 
32, 1, 55, 81, -1, 247, 161, 21.5, 29, ABalppppap, 257, 27975, 30213, 1080, , 27975, 25000, 28012, 28135, 0, 
33, 1, 231, 5, -1, 563, 143, 16.9, 30, ABplapapap, 289, 28097, 38099, 1356, , 28097, 25000, 27772, 27768, 0, 
34, 1, 10, 60, -1, 449, 270, 15.3, 34, Z2, 301, 28100, 52941, 1884, , 28100, 25000, 28553, 28553, 0, 
35, 1, 136, 83, -1, 169, 166, 13.6, 30, ABalppaaa, 60, 27813, 32152, 1156, , 27813, 25000, 27821, 27798, 0, 
36, 1, 255, 12, -1, 357, 122, 17.5, 33, ABplaapppa, 289, 27158, 44104, 1624, , 27158, 25000, 28155, 28194, 0, 
37, 1, 17, 68, -1, 399, 165, 15.3, 32, Daaa, 320, 27344, 43313, 1584, , 27344, 25000, 28216, 28251, 0, 
38, 1, 162, 271, 277, 334, 321, 6.4, 32, ABarappap, 159, 31292, 46438, 1484, , 31292, 25000, 33414, 33729, 0, 
39, 1, 43, 10, 257, 443, 176, 25.2, 37, ABarppaap, 268, 27390, 64968, 2372, , 27390, 25000, 28387, 28422, 0, 
40, 1, 113, 35, -1, 532, 312, 15.3, 34, Cpppa, -34, 27387, 51597, 1884, , 27387, 25000, 27938, 27936, 0, 
41, 1, 211, 249, -1, 398, 203, 26.3, 37, ABarppaaa, 376, 28850, 68662, 2380, , 28850, 25000, 28380, 28374, 0, 
42, 1, 68, 219, -1, 420, 358, 6.8, 32, ABprppaap, 322, 29676, 47719, 1608, , 29676, 25000, 32833, 33066, 0, 
43, 1, 142, 192, -1, 447, 221, 20.5, 40, Epla, 401, 27597, 83233, 3016, , 27597, 25000, 28106, 28106, 0, 
44, 1, 220, 223, -1, 530, 337, 23.0, 35, ABarppppp, 339, 28016, 63092, 2252, , 28016, 25000, 28274, 28283, 0, 
45, 1, 54, 288, -1, 301, 352, 25.6, 31, ABarpappa, 139, 26183, 34876, 1332, , 26183, 25000, 28321, 28403, 0, 
46, 1, 59, 263, -1, 576, 192, 9.3, 34, Caapp, 331, 26938, 50751, 1884, , 26938, 25000, 28763, 28811, 0, 
47, 1, 163, 120, -1, 200, 192, 13.0, 27, ABalpaappp, 223, 28923, 29849, 1032, , 28923, 25000, 27930, 27959, 0, 
48, 1, 177, 204, -1, 351, 369, 23.5, 32, ABpraapapp, 224, 27796, 39804, 1432, , 27796, 25000, 28178, 28179, 0, 
49, 1, 37, 157, -1, 294, 339, 15.1, 30, MSppapa, 255, 27277, 36988, 1356, , 27277, 25000, 27815, 27893, 0, 
50, 1, 90, 251, -1, 352, 314, 12.2, 32, MSpppap, 323, 26622, 42808, 1608, , 26622, 25000, 28340, 28348, 0, 
51, 1, 115, 91, -1, 559, 352, 17.6, 31, ABprapapap, 212, 27188, 36215, 1332, , 27188, 25000, 27819, 27782, 0, 
52, 1, 124, 151, 268, 474, 349, 7.1, 33, ABprpppaa, 209, 29961, 52013, 1736, , 29961, 25000, 32491, 32626, 0, 
53, 1, 132, 247, -1, 281, 190, 7.4, 28, ABalpapapp, 187, 29684, 29328, 988, , 29684, 25000, 32968, 32866, 0, 
54, 1, 19, 125, -1, 283, 340, 6.4, 28, ABarappppa, 222, 32425, 32036, 988, , 32425, 25000, 34902, 35465, 0, 
55, 1, 193, 114, -1, 380, 135, 8.0, 31, ABplppaap, -306, 28052, 44322, 1580, , 28052, 25000, 31094, 31300, 0, 
56, 1, 15, 92, -1, 284, 231, 11.2, 28, MSaapaaa, 232, 30592, 32183, 1052, , 30592, 25000, 29241, 29358, 0, 
57, 1, 30, 135, -1, 147, 286, 15.8, 29, ABaraaaap, 42, 27165, 30208, 1112, , 27165, 25000, 28460, 28669, 0, 
58, 1, 106, 37, -1, 208, 241, 9.4, 33, ABalpaaap, 278, 27972, 45874, 1640, , 27972, 25000, 28672, 28700, 0, 
59, 1, 145, 240, -1, 296, 362, 10.1, 29, ABprpaaaap, 129, 27772, 33548, 1208, , 27772, 25000, 28159, 28047, 0, 
60, 1, 202, 34, -1, 453, 124, 10.7, 33, ABplppapp, 273, 27680, 48053, 1736, , 27680, 25000, 28035, 28053, 0, 
61, 1, 111, 59, -1, 186, 298, 22.9, 32, ABalapppaa, 227, 27628, 43542, 1576, , 27628, 25000, 27595, 27699, 0, 
62, 1, 245, 211, -1, 483, 202, 24.5, 33, Caaaaa, 282, 26739, 43424, 1624, , 26739, 25000, 28045, 28057, 0, 
63, 1, 25, 145, -1, 482, 142, 22.3, 34, ABarppapa, 346, 26901, 50681, 1884, , 26901, 25000, 27725, 27732, 0, 
64, 1, 65, 46, -1, 561, 135, 12.0, 29, ABplapappa, 256, 26556, 32611, 1228, , 26556, 25000, 27108, 27120, 0, 
65, 1, 42, 50, -1, 122, 211, 14.4, 31, ABalaaaal, 64, 26771, 35659, 1332, , 26771, 25000, 27949, 27955, 0, 
66, 1, 56, 228, -1, 263, 350, 17.7, 28, ABpraaappa, 253, 28326, 30139, 1064, , 28326, 25000, 27696, 27719, 0, 
67, 1, 135, 248, -1, 571, 284, 9.5, 30, Cpappd, -278, 27838, 34297, 1232, , 27838, 25000, 28931, 28931, 0, 
68, 1, 241, 69, -1, 260, 277, 25.0, 29, ABarpaapaa, -57, 26479, 32516, 1228, , 26479, 25000, 27660, 27731, 0, 
69, 1, 101, 168, -1, 187, 267, 26.1, 35, ABarpaaaa, 311, 27583, 57041, 2068, , 27583, 25000, 28406, 28465, 0, 
70, 1, 157, 53, -1, 203, 321, 7.4, 31, ABaraaapp, 235, 30410, 40506, 1332, , 30410, 25000, 31523, 32025, 0, 
71, 1, 200, 287, -1, 548, 239, 7.9, 29, Cpappv, -122, 28528, 32522, 1140, , 28528, 25000, 30980, 31010, 0, 
72, 0, 89, -1, -1, 89, 263, 16.7, 29, , 0, 1956, 31406, 1068, , 29406, 25000, 27354, 27450, 0, 
73, 1, 209, 66, -1, 228, 190, 8.3, 28, ABalpapapa, 218, 28110, 29909, 1064, , 28110, 25000, 29784, 29823, 0, 
74, 1, 250, 275, -1, 254, 320, 21.4, 30, ABalappppa, 275, 27647, 31960, 1156, , 27647, 25000, 27886, 27916, 0, 
75, 1, 96, 201, -1, 177, 212, 8.6, 27, ABalpapaaa, 225, 28856, 28510, 988, , 28856, 25000, 29722, 29720, 0, 
76, 1, 196, 195, -1, 159, 338, 12.6, 30, ABalaapaa, 304, 27394, 31667, 1156, , 27394, 25000, 27529, 27552, 0, 
77, 1, 215, 57, -1, 351, 115, 13.6, 29, ABplpaappp, 258, 26885, 31079, 1156, , 26885, 25000, 27833, 27819, 0, 
78, 1, 72, 154, -1, 401, 346, 26.0, 35, ABarpppaa, 345, 27338, 61566, 2252, , 27338, 25000, 27935, 27959, 0, 
79, 1, 12, 176, -1, 271, 309, 15.7, 33, MSpaapa, 297, 27699, 48086, 1736, , 27699, 25000, 28283, 28362, 0, 
80, 1, 249, 143, -1, 201, 169, 19.9, 29, ABalppppaa, 273, 27806, 33590, 1208, , 27806, 25000, 28041, 28143, 0, 
81, 1, 154, 181, -1, 292, 157, 19.1, 32, ABalpppppp, 277, 27921, 44003, 1576, , 27921, 25000, 28024, 28005, 0, 
82, 1, 84, 8, -1, 192, 264, 14.6, 28, ABaraapaap, 210, 28680, 28336, 988, , 28680, 25000, 28561, 28644, 0, 
83, 1, 121, 64, -1, 567, 217, 11.4, 30, Caapa, 151, 28095, 32478, 1156, , 28095, 25000, 28705, 28795, 0, 
84, 1, 219, 255, -1, 218, 281, 5.8, 32, ABarapaaa, 124, 34322, 55190, 1608, , 34322, 25000, 35178, 35584, 0, 
85, 1, 99, 189, -1, 252, 225, 12.8, 29, ABaraapapp, 250, 27502, 30582, 1112, , 27502, 25000, 28118, 28182, 0, 
86, 1, 4, 27, -1, 402, 222, 15.2, 33, Z3, -183, 27543, 48035, 1744, , 27543, 25000, 28805, 28822, 0, 
87, 1, 44, 167, -1, 268, 323, 11.6, 30, MSppaap, 227, 26622, 30775, 1156, , 26622, 25000, 28163, 28123, 0, 
88, 1, 31, 259, -1, 548, 212, 24.8, 35, Caaaap, 318, 28377, 57095, 2012, , 28377, 25000, 28374, 28450, 0, 
89, 1, 254, 115, -1, 201, 172, 23.9, 32, ABplaapaaa, 241, 27757, 43745, 1576, , 27757, 25000, 28001, 28002, 0, 
90, 1, 95, 18, -1, 125, 305, 13.5, 31, ABaraaaaa, -99, 27087, 33371, 1232, , 27087, 25000, 27852, 27857, 0, 
91, 1, 5, 194, -1, 138, 278, 22.4, 31, ABalappaa, 313, 28208, 37573, 1332, , 28208, 25000, 27525, 27543, 0, 
92, 1, 210, 226, 253, 240, 231, 17.4, 35, MSaaapa, 249, 27542, 53211, 1932, , 27542, 25000, 28585, 28567, 0, 
93, 1, 70, 97, -1, 179, 339, 20.7, 33, ABalaappp, 148, 27125, 47089, 1736, , 27125, 25000, 27489, 27508, 0, 
94, 1, 232, 84, -1, 382, 344, 15.3, 31, MSppppp, 276, 27171, 37170, 1368, , 27171, 25000, 28159, 28194, 0, 
95, 1, 203, 29, -1, 299, 150, 8.2, 27, ABalppappp, 235, 28540, 24773, 868, , 28540, 25000, 29868, 29914, 0, 
96, 1, 242, 185, -1, 235, 246, 7.2, 27, ABalpappaa, 88, 29410, 25528, 868, , 29410, 25000, 31278, 31241, 0, 
97, 1, 116, 149, -1, 196, 375, 16.6, 32, ABpraaaaa, 286, 27488, 40792, 1484, , 27488, 25000, 27357, 27353, 0, 
98, 1, 100, 276, -1, 508, 282, 25.6, 37, Cpaaap, 361, 27960, 65091, 2328, , 27960, 25000, 27871, 27859, 0, 
99, 1, 104, 24, -1, 499, 293, 6.2, 30, ABprpppppa, 212, 32807, 43305, 1320, , 32807, 25000, 33458, 33955, 0, 
100, 1, 118, 144, -1, 432, 256, 9.8, 32, MSpappp, 318, 27928, 44908, 1608, , 27928, 25000, 28629, 28686, 0, 
101, 1, 130, 6, -1, 160, 256, 8.1, 31, ABalpaaaa, -24, 28108, 41600, 1480, , 28108, 25000, 31208, 31233, 0, 
102, 1, 109, 166, -1, 463, 191, 15.4, 34, Dapp, -157, 28484, 50701, 1780, , 28484, 25000, 28200, 28243, 0, 
103, 1, 182, 98, -1, 199, 144, 13.4, 30, ABalppaap, 24, 27360, 31628, 1156, , 27360, 25000, 27462, 27435, 0, 
104, 1, 63, 174, -1, 227, 356, 22.4, 31, ABpraapaaa, 259, 28922, 38524, 1332, , 28922, 25000, 27433, 27451, 0, 
105, 1, 159, 272, -1, 391, 164, 19.3, 32, MSapppp, 279, 28157, 44601, 1584, , 28157, 25000, 28309, 28303, 0, 
106, 1, 176, 267, -1, 375, 328, 7.3, 28, ABprpapapa, 207, 29038, 30896, 1064, , 29038, 25000, 31135, 31457, 0, 
107, 1, 169, 264, -1, 383, 401, 12.2, 29, ABprpaappp, 213, 28465, 31653, 1112, , 28465, 25000, 28176, 28143, 0, 
108, 1, 180, 207, -1, 301, 329, 20.9, 29, ABalappppp, 284, 26606, 32140, 1208, , 26606, 25000, 28050, 28114, 0, 
109, 1, 236, 105, -1, 539, 151, 8.9, 31, ABplapppp, 306, 28280, 41854, 1480, , 28280, 25000, 28571, 28620, 0, 
110, 1, 156, 179, 250, 164, 193, 20.6, 36, ABalapaap, 207, 28175, 59505, 2112, , 28175, 25000, 27864, 27884, 0, 
111, 1, 214, 62, -1, 285, 302, 5.7, 32, ABarappaa, 316, 35848, 56784, 1584, , 35848, 25000, 33349, 33526, 0, 
112, 1, 110, 4, -1, 521, 132, 20.4, 29, ABplapapaa, 261, 26993, 31204, 1156, , 26993, 25000, 28058, 27974, 0, 
113, 1, 224, 210, -1, 436, 183, 11.4, 31, Daap, 423, 26956, 35906, 1332, , 26956, 25000, 28441, 28493, 0, 
114, 1, 172, 49, -1, 250, 171, 24.6, 31, ABplaapaap, 134, 27890, 37150, 1332, , 27890, 25000, 28264, 28303, 0, 
115, 1, 218, 73, -1, 335, 124, 20.9, 31, ABplaappap, 273, 28057, 41524, 1480, , 28057, 25000, 28377, 28394, 0, 
116, 1, 134, 7, -1, 349, 128, 10.6, 31, ABplppaaa, 13, 28482, 37938, 1332, , 28482, 25000, 27710, 27706, 0, 
117, 1, 257, 279, -1, 313, 265, 10.4, 29, MSpapaaa, 224, 32774, 37887, 1156, , 32774, 25000, 30282, 30424, 0, 
118, 1, 74, 229, -1, 508, 230, 18.7, 38, Eplp, 385, 28361, 70790, 2496, , 28361, 25000, 28569, 28560, 0, 
119, 1, 238, 51, -1, 335, 184, 24.7, 31, ABplaaappa, 242, 27893, 38158, 1368, , 27893, 25000, 27898, 27939, 0, 
120, 1, 107, 122, -1, 359, 212, 16.4, 36, Ealp, 338, 27714, 58531, 2112, , 27714, 25000, 28876, 28896, 0, 
121, 1, 62, 36, -1, 481, 318, 15.4, 34, Dppp, 293, 27172, 48366, 1780, , 27172, 25000, 28383, 28400, 0, 
122, 1, 166, 2, -1, 130, 307, 19.4, 32, ABalaaapp, 98, 27228, 40407, 1484, , 27228, 25000, 27652, 27655, 0, 
123, 1, 75, 133, -1, 497, 248, 6.3, 29, ABprpapppp, 215, 33404, 35675, 1068, , 33404, 25000, 33325, 33414, 0, 
124, 1, 9, 76, -1, 556, 342, 11.4, 32, ABprapppp, 184, 27354, 40594, 1484, , 27354, 25000, 27919, 27935, 0, 
125, 1, 225, 99, -1, 371, 388, 16.4, 31, ABpraapppa, 253, 27030, 36004, 1332, , 27030, 25000, 28216, 28220, 0, 
126, 1, 176, 260, -1, 413, 305, 5.8, 29, ABprpapapp, 207, 33705, 37480, 1112, , 33705, 25000, 33101, 33471, 0, 
127, 1, 173, 262, -1, 514, 373, 20.5, 32, ABprapapaa, 218, 27462, 39325, 1432, , 27462, 25000, 27954, 27942, 0, 
128, 1, 46, 231, -1, 151, 182, 16.6, 28, ABalpppaaa, 232, 27922, 27587, 988, , 27922, 25000, 28021, 28024, 0, 
129, 1, 71, 109, -1, 348, 156, 16.2, 32, MSapppa, 252, 27256, 43828, 1608, , 27256, 25000, 28266, 28377, 0, 
130, 1, 204, 124, -1, 505, 276, 12.3, 34, Cppap, 295, 27499, 51808, 1884, , 27499, 25000, 28665, 28702, 0, 
131, 1, 243, 187, 193, 227, 348, 18.4, 32, ABpraaapa, 209, 27528, 40852, 1484, , 27528, 25000, 27932, 27955, 0, 
132, 1, 155, 178, -1, 221, 292, 9.1, 28, ABarapaapa, 198, 27957, 30417, 1088, , 27957, 25000, 28522, 28544, 0, 
133, 1, 167, 171, -1, 359, 138, 23.1, 32, ABplapaaaa, 257, 27966, 44075, 1576, , 27966, 25000, 28153, 28084, 0, 
134, 1, 6, 153, -1, 488, 118, 18.2, 30, ABplappapa, 303, 28853, 38086, 1320, , 28853, 25000, 27737, 27745, 0, 
135, 1, 213, 44, 269, 369, 177, 7.2, 33, ABplpapap, 150, 31306, 54598, 1744, , 31306, 25000, 32268, 32397, 0, 
136, 1, 52, 117, -1, 243, 285, 18.3, 33, MSpaaap, 161, 26821, 46561, 1736, , 26821, 25000, 27876, 27876, 0, 
137, 1, 239, 221, -1, 242, 265, 12.0, 30, ABaraapppa, 200, 27692, 37329, 1348, , 27692, 25000, 28144, 28123, 0, 
138, 1, 34, 177, 278, 433, 121, 19.6, 33, ABplapaap, 333, 26621, 43658, 1640, , 26621, 25000, 27740, 27789, 0, 
139, 1, 93, 77, -1, 349, 219, 11.8, 31, MSaapap, 304, 33473, 49004, 1464, , 33473, 25000, 29092, 29146, 0, 
140, 1, 195, 175, -1, 162, 353, 17.4, 31, ABalaappa, -16, 27365, 36450, 1332, , 27365, 25000, 27175, 27129, 0, 
141, 1, 38, 165, -1, 228, 246, 21.6, 33, MSaaaap, 291, 28333, 46466, 1640, , 28333, 25000, 27904, 27925, 0, 
142, 1, 152, 148, -1, 302, 383, 21.8, 29, ABpraapapa, 198, 27325, 30385, 1112, , 27325, 25000, 27635, 27647, 0, 
143, 1, 2, 30, -1, 198, 141, 16.3, 30, ABalpppapa, 288, 28035, 36670, 1308, , 28035, 25000, 27603, 27588, 0, 
144, 1, 78, 107, -1, 313, 125, 13.2, 27, ABplpaaapp, 175, 28128, 24415, 868, , 28128, 25000, 28043, 28018, 0, 
145, 1, 251, 100, -1, 390, 294, 16.7, 37, Earp, 369, 27358, 65112, 2380, , 27358, 25000, 29123, 29145, 0, 
146, 1, 28, 123, -1, 261, 129, 15.2, 31, ABplpaapa, 184, 27208, 39832, 1464, , 27208, 25000, 27534, 27459, 0, 
147, 1, 24, 131, -1, 254, 361, 10.8, 29, ABprpaaaaa, 177, 26836, 29842, 1112, , 26836, 25000, 27654, 27663, 0, 
148, 1, 141, 284, -1, 291, 182, 26.1, 33, ABplaaapa, 303, 27759, 48190, 1736, , 27759, 25000, 28068, 28130, 0, 
149, 1, 47, 127, -1, 577, 276, 20.4, 35, Cpaapp, 332, 27693, 53503, 1932, , 27693, 25000, 28692, 28696, 0, 
150, 1, 58, 206, -1, 363, 283, 5.5, 30, ABprpappaa, 222, 35667, 43942, 1232, , 35667, 25000, 33625, 33805, 0, 
151, 1, 186, 61, -1, 267, 275, 7.6, 28, ABarapaapp, 165, 28143, 27805, 988, , 28143, 25000, 31122, 30567, 0, 
152, 1, 147, 161, -1, 518, 181, 15.6, 34, Cappa, 333, 27292, 48579, 1780, , 27292, 25000, 28470, 28467, 0, 
153, 1, 29, 90, -1, 282, 253, 17.0, 31, MSaaapp, 237, 28684, 45320, 1580, , 28684, 25000, 28635, 28636, 0, 
154, 1, 20, 252, -1, 468, 378, 9.7, 34, ABprppapp, 344, 27012, 50891, 1884, , 27012, 25000, 27967, 28042, 0, 
155, 1, 223, 136, -1, 147, 263, 13.0, 27, ABaraapaaa, 233, 27014, 27878, 1032, , 27014, 25000, 28740, 28800, 0, 
156, 1, 92, 116, -1, 502, 221, 11.9, 34, Capap, 43, 26845, 53045, 1976, , 26845, 25000, 28463, 28610, 0, 
157, 1, 1, 22, -1, 273, 134, 11.1, 26, ABplpaaapa, 209, 28609, 22887, 800, , 28609, 25000, 27443, 27391, 0, 
158, 1, 81, 180, -1, 188, 289, 9.2, 30, ABaraaapap, 224, 26783, 35354, 1320, , 26783, 25000, 28276, 28295, 0, 
159, 1, 64, 43, -1, 508, 129, 10.9, 31, ABplapppa, 294, 26964, 39907, 1480, , 26964, 25000, 27921, 27918, 0, 
160, 1, 120, 163, -1, 408, 332, 12.8, 31, Dpaa, 264, 27635, 40458, 1464, , 27635, 25000, 28617, 28629, 0, 
161, 1, 184, 214, -1, 314, 174, 20.5, 33, MSapapp, 61, 28070, 45586, 1624, , 28070, 25000, 28234, 28319, 0, 
162, 1, 126, 203, -1, 286, 118, 20.6, 28, ABplaappaa, 4, 27674, 27342, 988, , 27674, 25000, 27963, 27974, 0, 
163, 1, 207, 218, -1, 342, 273, 15.1, 30, MSpapaap, 280, 31683, 42962, 1356, , 31683, 25000, 29607, 29607, 0, 
164, 1, 137, 234, -1, 227, 271, 26.5, 33, ABarpaaap, 267, 27620, 44855, 1624, , 27620, 25000, 28186, 28237, 0, 
165, 1, 171, 85, -1, 232, 156, 14.5, 29, ABplpaaaaa, 258, 29233, 31572, 1080, , 29233, 25000, 27999, 28032, 0, 
166, 1, 7, 89, -1, 136, 221, 21.5, 33, ABalapaaa, 277, 27130, 44059, 1624, , 27130, 25000, 27675, 27617, 0, 
167, 1, 240, 75, -1, 324, 331, 24.5, 31, ABarpapppa, 208, 29052, 35792, 1232, , 29052, 25000, 28144, 28271, 0, 
168, 1, 221, 217, -1, 410, 260, 25.5, 35, ABarpaappp, 324, 27361, 54285, 1984, , 27361, 25000, 28226, 28332, 0, 
169, 1, 13, 182, -1, 146, 299, 10.1, 28, ABaraaapaa, 168, 26896, 29263, 1088, , 26896, 25000, 27850, 27865, 0, 
170, 1, 87, 137, -1, 541, 163, 21.7, 34, ABarppapp, 340, 27499, 51808, 1884, , 27499, 25000, 27919, 27914, 0, 
171, 1, 103, 25, -1, 219, 221, 5.8, 27, ABalpapaap, 188, 37267, 32348, 868, , 37267, 25000, 36263, 36453, 0, 
172, 1, 18, 3, -1, 587, 313, 13.4, 30, ABprapappp, 302, 27320, 31582, 1156, , 27320, 25000, 27900, 27901, 0, 
173, 1, 160, 16, -1, 173, 234, 23.8, 31, ABalapapa, 272, 27266, 39918, 1464, , 27266, 25000, 28207, 28255, 0, 
174, 1, 41, 265, 266, 354, 345, 9.1, 32, ABprpapaa, 201, 27090, 42694, 1576, , 27090, 25000, 28681, 28722, 0, 
175, 1, 77, 220, -1, 413, 136, 22.4, 30, ABplapaaap, 271, 26825, 31010, 1156, , 26825, 25000, 27911, 27963, 0, 
176, 1, 22, 110, -1, 288, 272, 12.5, 28, ABaraapppp, 189, 27264, 29445, 1080, , 27264, 25000, 29137, 29070, 0, 
177, 1, 11, 230, -1, 318, 197, 5.4, 32, ABplpappaa, 306, 35135, 52141, 1484, , 35135, 25000, 35317, 35514, 0, 
178, 1, 3, 118, 186, 461, 391, 13.7, 33, ABprappaa, 215, 27181, 47186, 1736, , 27181, 25000, 27720, 27732, 0, 
179, 1, 212, 172, -1, 436, 277, 5.4, 29, ABprpapppa, 212, 32931, 38068, 1156, , 32931, 25000, 33736, 33697, 0, 
180, 1, 199, 241, -1, 387, 171, 24.4, 32, ABplaaappp, 260, 28470, 42250, 1484, , 28470, 25000, 28846, 28844, 0, 
181, 1, 165, 93, -1, 200, 174, 10.4, 28, ABalppapaa, 195, 27521, 27191, 988, , 27521, 25000, 27512, 27491, 0, 
182, 1, 248, 270, -1, 276, 372, 22.4, 32, ABpraapaap, 261, 26960, 40009, 1484, , 26960, 25000, 27714, 27866, 0, 
183, 1, 39, 216, -1, 328, 347, 18.0, 31, MSppapp, 264, 27830, 43971, 1580, , 27830, 25000, 28074, 28094, 0, 
184, 1, 79, 41, -1, 222, 330, 9.7, 27, ABarapppaa, 189, 27264, 25192, 924, , 27264, 25000, 28191, 28184, 0, 
185, 1, 244, 134, -1, 157, 319, 17.2, 28, MSpaaaaa, 179, 27602, 29037, 1052, , 27602, 25000, 28103, 28225, 0, 
186, 1, 112, 170, -1, 278, 263, 5.3, 29, ABarapapaa, 243, 36355, 38827, 1068, , 36355, 25000, 33651, 33987, 0, 
187, 1, 258, 108, -1, 526, 131, 14.9, 28, ABplappapp, 201, 27560, 29985, 1088, , 27560, 25000, 27959, 27967, 0, 
188, 1, 51, 32, -1, 535, 196, 12.6, 34, Cappp, 307, 27744, 49385, 1780, , 27744, 25000, 28369, 28496, 0, 
189, 1, 164, 20, -1, 369, 223, 6.3, 27, ABplpappap, 194, 35435, 32742, 924, , 35435, 25000, 32784, 32407, 0, 
190, 1, 181, 94, -1, 582, 169, 14.2, 27, ABplapappp, -62, 27038, 23469, 868, , 27038, 25000, 28573, 28571, 0, 
191, 1, 187, 158, 274, 452, 327, 25.1, 37, ABarpppap, 361, 27891, 68278, 2448, , 27891, 25000, 28483, 28482, 0, 
192, 1, 50, 138, -1, 314, 376, 9.7, 28, ABprpaaapa, 203, 27711, 29485, 1064, , 27711, 25000, 27511, 27482, 0, 
193, 1, 222, 45, -1, 354, 268, 8.7, 32, ABarapappp, 323, 27813, 44055, 1584, , 27813, 25000, 29979, 29741, 0, 
194, 1, 49, 67, -1, 433, 322, 7.1, 30, ABprppppaa, 226, 28700, 38917, 1356, , 28700, 25000, 31360, 31321, 0, 
195, 1, 133, 164, -1, 233, 135, 18.6, 30, ABalpppapp, 271, 27350, 31617, 1156, , 27350, 25000, 27220, 27198, 0, 
196, 1, 253, 70, 224, 341, 392, 19.2, 34, ABpraappa, 223, 27551, 52677, 1912, , 27551, 25000, 27532, 27539, 0, 
197, 1, 23, 79, -1, 299, 126, 16.7, 30, ABplpaappa, 196, 27637, 36149, 1308, , 27637, 25000, 27869, 27780, 0, 
198, 0, 230, -1, -1, 304, 282, 17.2, 28, , 268, -2132, 27812, 1052, , 26437, 25000, 28645, 28569, 0, 
199, 1, 14, 74, -1, 255, 217, 9.7, 28, ABalpapppa, 109, 27824, 29605, 1064, , 27824, 25000, 28427, 28435, 0, 
200, 1, 192, 112, -1, 116, 231, 18.4, 32, ABalaaapa, 176, 27370, 40617, 1484, , 27370, 25000, 27208, 27209, 0, 
201, 1, 27, 285, -1, 195, 356, 12.5, 31, ABalaapap, 238, 27674, 34094, 1232, , 27674, 25000, 27668, 27672, 0, 
202, 1, 216, 47, -1, 486, 121, 13.7, 30, ABplappaap, 747, 27980, 36598, 1308, , 27980, 25000, 27812, 27877, 0, 
203, 1, 188, 196, -1, 315, 228, 20.5, 39, Eala, 395, 27073, 77970, 2880, , 27073, 25000, 28548, 28525, 0, 
204, 1, 32, 33, -1, 434, 308, 11.6, 30, Dpap, 305, 27843, 32186, 1156, , 27843, 25000, 28498, 28527, 0, 
205, 1, 40, 232, -1, 582, 331, 18.1, 29, ABprapappa, 260, 28296, 34182, 1208, , 28296, 25000, 27856, 27982, 0, 
206, 1, 206, 88, -1, 496, 384, 16.2, 29, ABprappapa, 215, 27442, 30516, 1112, , 27442, 25000, 28097, 28154, 0, 
207, 1, 46, 119, -1, 181, 152, 18.9, 26, ABalpppaap, 201, 27028, 21622, 800, , 27028, 25000, 27633, 27702, 0, 
208, 1, 174, 254, -1, 470, 369, 22.5, 37, ABarppppa, 360, 27967, 68688, 2456, , 27967, 25000, 27725, 27745, 0, 
209, 1, 131, 142, -1, 516, 366, 10.6, 31, ABprapppa, 53, 27401, 36498, 1332, , 27401, 25000, 27677, 27655, 0, 
210, 1, 244, 215, -1, 204, 296, 17.5, 29, MSpaaaap, 248, 27310, 29495, 1080, , 27310, 25000, 27881, 27900, 0, 
211, 1, 140, 113, -1, 357, 279, 25.6, 34, ABarpaappa, 60, 27866, 49601, 1780, , 27866, 25000, 28278, 28281, 0, 
212, 1, 189, 208, -1, 221, 192, 15.5, 31, MSapaap, 281, 27196, 33505, 1232, , 27196, 25000, 28295, 28292, 0, 
213, 1, 197, 102, -1, 316, 151, 24.3, 32, ABplaapapp, 459, 27511, 43577, 1584, , 27511, 25000, 28173, 28154, 0, 
214, 1, 237, 126, -1, 269, 209, 21.8, 31, ABalapappp, 233, 27467, 40212, 1464, , 27467, 25000, 28311, 28320, 0, 
215, 1, 73, 261, -1, 220, 197, 21.1, 31, ABalapappa, 89, 27430, 40596, 1480, , 27430, 25000, 28148, 28101, 0, 
216, 1, 168, 235, -1, 469, 207, 10.3, 35, Capaa, 345, 27419, 55934, 2040, , 27419, 25000, 28520, 28652, 0, 
217, 1, 61, 200, -1, 447, 261, 25.7, 33, Cpaaaa, 313, 27361, 47499, 1736, , 27361, 25000, 27916, 27970, 0, 
218, 1, 227, 173, -1, 258, 160, 8.3, 29, ABalppappa, 399, 27888, 29784, 1068, , 27888, 25000, 30311, 30462, 0, 
219, 1, 97, 13, -1, 269, 136, 23.6, 32, ABplaapapa, 272, 28335, 42049, 1484, , 28335, 25000, 27940, 27955, 0, 
220, 1, 129, 38, -1, 124, 266, 10.9, 30, ABalpaapaa, 232, 28276, 38342, 1356, , 28276, 25000, 28332, 28383, 0, 
221, 1, 150, 280, -1, 475, 300, 6.3, 31, ABprppppap, 228, 32493, 44451, 1368, , 32493, 25000, 32151, 32139, 0, 
222, 1, 191, 1, -1, 330, 166, 9.4, 30, ABplpapaa, 281, 27565, 31865, 1156, , 27565, 25000, 28810, 28826, 0, 
223, 1, 125, 258, -1, 264, 190, 16.1, 31, MSapapa, 447, 26683, 39491, 1480, , 26683, 25000, 28572, 28593, 0, 
224, 1, 233, 160, -1, 545, 266, 13.2, 33, Cpppp, 134, 27028, 47137, 1744, , 27028, 25000, 28560, 28581, 0, 
225, 1, 217, 28, -1, 196, 218, 26.1, 31, ABplaaaaaa, 275, 27653, 40927, 1480, , 27653, 25000, 28302, 28393, 0, 
226, 1, 26, 14, -1, 255, 233, 25.7, 29, ABplaaaapa, 223, 27786, 29675, 1068, , 27786, 25000, 28086, 28079, 0, 
227, 1, 60, 78, -1, 530, 327, 8.5, 32, ABprpppap, 90, 28102, 40242, 1432, , 28102, 25000, 29731, 29769, 0, 
228, 1, 139, 26, -1, 605, 274, 16.6, 32, Cpapap, 267, 27803, 41260, 1484, , 27803, 25000, 28351, 28343, 0, 
229, 1, 91, 282, -1, 226, 334, 25.6, 30, ABarpapaaa, 192, 27742, 32070, 1156, , 27742, 25000, 28656, 28698, 0, 
230, 1, 252, 95, -1, 395, 219, 5.6, 29, ABplpapppa, 179, 34928, 40377, 1156, , 34928, 25000, 34142, 34039, 0, 
231, 1, 146, 273, -1, 343, 351, 14.3, 31, MSppppa, 299, 26683, 36502, 1368, , 26683, 25000, 27983, 28019, 0, 
232, 1, 170, 162, -1, 516, 217, 6.5, 28, ABplpppppp, -146, 35078, 37884, 1080, , 35078, 25000, 33683, 33654, 0, 
233, 1, 57, 156, -1, 274, 163, 11.4, 28, ABplpaaaap, 273, 28110, 27773, 988, , 28110, 25000, 28019, 27963, 0, 
234, 1, 183, 286, -1, 224, 333, 13.8, 30, MSppaaa, 284, 26573, 35076, 1320, , 26573, 25000, 28156, 28121, 0, 
235, 1, 161, 236, -1, 227, 295, 12.8, 30, ABaraappap, 242, 28083, 37070, 1320, , 28083, 25000, 28384, 28441, 0, 
236, 1, 144, 147, -1, 438, 167, 17.4, 32, Dapa, 300, 27960, 41492, 1484, , 27960, 25000, 28692, 28722, 0, 
237, 1, 178, 202, -1, 310, 174, 14.1, 31, MSappaa, -176, 27953, 41370, 1480, , 27953, 25000, 28661, 28662, 0, 
238, 1, 205, 111, -1, 425, 288, 20.4, 38, Epra, 119, 27603, 71217, 2580, , 27603, 25000, 28263, 28283, 0, 
239, 1, 85, 55, -1, 435, 108, 14.7, 30, ABplappaaa, 205, 28086, 36736, 1308, , 28086, 25000, 28513, 28543, 0, 
240, 1, 185, 87, -1, 319, 217, 8.6, 31, ABalpapppp, 333, 27975, 37263, 1332, , 27975, 25000, 29747, 29733, 0, 
241, 1, 45, 40, -1, 379, 222, 9.5, 28, MSaappa, 251, 28561, 30846, 1080, , 28561, 25000, 28350, 28243, 0, 
242, 1, 82, 183, -1, 552, 278, 25.3, 37, Cpaapa, 363, 28015, 66676, 2380, , 28015, 25000, 28537, 28596, 0, 
243, 1, 83, 198, -1, 275, 377, 13.3, 27, ABprpaapaa, 200, 28285, 26135, 924, , 28285, 25000, 27555, 27472, 0, 
244, 1, 16, 54, -1, 497, 284, 19.7, 38, Eprp, 326, 27770, 69313, 2496, , 27770, 25000, 28133, 28143, 0, 
245, 1, 80, 39, -1, 469, 146, 7.3, 29, ABplpppaap, 430, 28919, 30886, 1068, , 28919, 25000, 32000, 32199, 0, 
246, 1, 53, 9, -1, 475, 283, 10.0, 36, Cppaa, 235, 27789, 62580, 2252, , 27789, 25000, 28381, 28389, 0, 
247, 1, 123, 86, -1, 403, 111, 16.5, 31, ABplaapppp, 262, 27337, 33679, 1232, , 27337, 25000, 28529, 28555, 0, 
248, 1, 149, 184, -1, 400, 196, 10.3, 32, MSaappp, 302, 27795, 44027, 1584, , 27795, 25000, 28276, 28352, 0, 
249, 1, 138, 159, -1, 263, 384, 16.4, 29, ABpraaaapp, 226, 27249, 31500, 1156, , 27249, 25000, 27750, 27692, 0, 
250, 1, 128, 140, -1, 312, 312, 12.4, 29, MSpppaa, 294, 27467, 31752, 1156, , 27467, 25000, 28468, 28522, 0, 
251, 1, 217, 31, -1, 239, 213, 25.5, 32, ABplaaaaap, 234, 27601, 39524, 1432, , 27601, 25000, 28150, 28226, 0, 
252, 1, 246, 71, -1, 455, 189, 6.1, 31, ABplppppap, 82, 32005, 47367, 1480, , 32005, 25000, 32156, 32144, 0, 
253, 1, 228, 222, -1, 405, 254, 6.0, 29, ABprpappap, 290, 32996, 40519, 1228, , 32996, 25000, 33096, 33243, 0, 
254, 1, 208, 246, -1, 320, 355, 7.4, 30, ABarappppp, 212, 29487, 34087, 1156, , 29487, 25000, 32295, 32708, 0, 
255, 1, 175, 233, -1, 186, 246, 19.5, 29, MSaaaaap, 171, 28453, 30729, 1080, , 28453, 25000, 28307, 28302, 0, 
256, 1, 234, 104, -1, 587, 217, 17.2, 33, Caaapp, 183, 27790, 48465, 1744, , 27790, 25000, 28554, 28553, 0, 
257, 1, 76, 63, -1, 415, 400, 15.8, 31, ABpraapppp, 314, 26494, 38787, 1464, , 26494, 25000, 28668, 28658, 0, 
258, 1, 105, 244, -1, 324, 295, 19.9, 40, Eara, 406, 28325, 84634, 2988, , 28325, 25000, 28377, 28454, 0, 
259, 1, 33, 209, -1, 168, 307, 13.1, 27, ABaraappaa, 203, 27578, 25041, 908, , 27578, 25000, 28436, 28450, 0, 
260, 1, 35, 245, -1, 332, 398, 14.6, 31, ABprpaappa, 234, 28326, 37730, 1332, , 28326, 25000, 27130, 27195, 0, 
261, 1, 104, 82, -1, 528, 278, 7.2, 30, ABprpppppp, 193, 29336, 38723, 1320, , 29336, 25000, 31940, 31895, 0, 
262, 1, 256, 237, -1, 147, 197, 11.7, 27, ABalpaappa, 219, 29298, 27071, 924, , 29298, 25000, 28578, 28645, 0, 
263, 1, 119, 152, -1, 434, 334, 15.5, 32, Dppa, 273, 27515, 39401, 1432, , 27515, 25000, 28611, 28702, 0, 
264, 1, 15, 188, -1, 312, 220, 16.0, 28, MSaapaap, 284, 29472, 33244, 1128, , 29472, 25000, 29554, 29559, 0, 
265, 1, 102, 190, -1, 374, 259, 11.5, 32, MSpapap, 326, 35427, 50732, 1432, , 35427, 25000, 29364, 29420, 0, 
266, 1, 198, 197, -1, 278, 232, 6.5, 30, ABalpappap, 250, 32951, 40596, 1232, , 32951, 25000, 33100, 32939, 0, 
267, 1, 79, 139, -1, 266, 329, 7.9, 26, ABarapppap, 151, 29398, 23518, 800, , 29398, 25000, 29587, 29439, 0, 
268, 1, 50, 56, -1, 343, 393, 12.2, 29, ABprpaaapp, 126, 27440, 30513, 1112, , 27440, 25000, 28108, 28023, 0, 
269, 1, 206, 155, -1, 523, 368, 14.7, 29, ABprappapp, 233, 27566, 29441, 1068, , 27566, 25000, 28353, 28346, 0, 
270, 1, 88, 80, -1, 410, 176, 6.5, 29, ABplppppaa, 207, 33955, 36671, 1080, , 33955, 25000, 32382, 32388, 0, 
271, 1, 138, 242, -1, 227, 373, 13.4, 30, ABpraaaapa, 123, 27843, 32186, 1156, , 27843, 25000, 27456, 27432, 0, 
272, 1, 69, 256, -1, 114, 269, 16.8, 33, ABalaaaar, 761, 27534, 48019, 1744, , 27534, 25000, 27933, 28063, 0, 
273, 0, 259, -1, -1, 88, 262, 14.6, 26, , 155, 805, 23049, 832, , 27703, 25000, 27015, 26898, 0, 
