1, 1, 236, 179, -1, 219, 289, 13.2, 29, ABaraappap, 255, 27287, 30343, 1112, , 27287, 25000, 28285, 28363, 0, 
2, 1, 175, 89, -1, 158, 349, 17.4, 31, ABalaappa, -2, 27352, 36433, 1332, , 27352, 25000, 27527, 27509, 0, 
3, 1, 16, 192, -1, 170, 233, 24.4, 32, ABalapapa, 282, 27464, 40757, 1484, , 27464, 25000, 28346, 28302, 0, 
4, 1, 34, 155, -1, 453, 129, 10.7, 33, ABplppapp, 269, 27939, 48502, 1736, , 27939, 25000, 27910, 27930, 0, 
5, 1, 249, 46, -1, 384, 209, 26.5, 35, ABarppaaa, 353, 27424, 54410, 1984, , 27424, 25000, 28064, 28061, 0, 
6, 0, 23, -1, -1, 87, 263, 16.7, 28, , 80, 2135, 31204, 1064, , 29327, 25000, 27270, 27192, 0, 
7, 1, 7, 101, -1, 349, 133, 10.8, 30, ABplppaaa, -129, 27883, 36805, 1320, , 27883, 25000, 27741, 27762, 0, 
8, 1, 196, 249, -1, 325, 235, 20.4, 36, Eala, 159, 27861, 58843, 2112, , 27861, 25000, 28700, 28700, 0, 
9, 1, 25, 128, -1, 221, 227, 5.4, 28, ABalpapaap, 225, 34936, 34517, 988, , 34936, 25000, 36219, 36454, 0, 
10, 1, 120, 238, -1, 204, 191, 13.1, 27, ABalpaappp, 252, 27642, 25099, 908, , 27642, 25000, 27946, 28046, 0, 
11, 1, 31, 290, -1, 248, 206, 25.8, 30, ABplaaaaap, 307, 28017, 36983, 1320, , 28017, 25000, 28229, 28286, 0, 
12, 1, 53, 139, -1, 203, 318, 8.0, 29, ABaraaapp, 246, 29724, 36501, 1228, , 29724, 25000, 29902, 30057, 0, 
13, 1, 29, 34, -1, 303, 141, 8.3, 29, ABalppappp, -16, 28774, 30731, 1068, , 28774, 25000, 30197, 30313, 0, 
14, 1, 246, 282, -1, 315, 371, 8.0, 28, ABarappppp, 217, 28553, 32208, 1128, , 28553, 25000, 30872, 30978, 0, 
15, 1, 106, 188, -1, 257, 334, 24.8, 30, ABarpapaap, 260, 28216, 37245, 1320, , 28216, 25000, 27576, 27610, 0, 
16, 1, 284, 216, -1, 302, 180, 25.9, 34, ABplaaapa, 261, 28914, 57135, 1976, , 28914, 25000, 28300, 28214, 0, 
17, 1, 173, 97, -1, 266, 157, 8.4, 28, ABalppappa, 381, 27688, 27356, 988, , 27688, 25000, 29105, 29219, 0, 
18, 1, 226, 229, -1, 221, 245, 17.6, 31, MSaaapaa, 269, 27137, 36146, 1332, , 27137, 25000, 28383, 28394, 0, 
19, 1, 116, 211, -1, 500, 215, 11.5, 33, Capap, 327, 28942, 47002, 1624, , 28942, 25000, 28326, 28324, 0, 
20, 1, 140, 103, -1, 305, 315, 12.3, 30, MSpppaa, 302, 26822, 35083, 1308, , 26822, 25000, 28358, 28382, 0, 
21, 1, 186, 225, -1, 441, 396, 13.7, 29, ABprappaaa, 200, 27679, 29561, 1068, , 27679, 25000, 27737, 27681, 0, 
22, 1, 224, 146, -1, 318, 402, 19.4, 27, ABpraappaa, 191, 27540, 27210, 988, , 27540, 25000, 27134, 27061, 0, 
23, 1, 124, 8, -1, 505, 282, 11.6, 34, Cppap, 300, 26666, 47466, 1780, , 26666, 25000, 28146, 28228, 0, 
24, 1, 137, 127, -1, 535, 166, 21.7, 35, ABarppapp, 327, 27592, 56288, 2040, , 27592, 25000, 28266, 28286, 0, 
25, 1, 117, 25, -1, 222, 291, 18.9, 29, MSpaaapa, 225, 28477, 34400, 1208, , 28477, 25000, 27914, 27949, 0, 
26, 1, 110, 129, -1, 291, 266, 13.2, 27, ABaraapppp, 232, 27305, 23701, 868, , 27305, 25000, 29295, 29163, 0, 
27, 1, 278, 166, -1, 451, 114, 18.3, 28, ABplapaapp, 159, 26497, 28193, 1064, , 26497, 25000, 27787, 27795, 0, 
28, 1, 20, 76, -1, 379, 223, 6.2, 26, ABplpappap, 136, 33524, 26685, 796, , 33524, 25000, 32674, 32884, 0, 
29, 1, 153, 142, -1, 492, 120, 19.3, 29, ABplappapa, 325, 29054, 31030, 1068, , 29054, 25000, 27668, 27644, 0, 
30, 1, 73, 287, -1, 329, 128, 20.7, 30, ABplaappap, 303, 27215, 35597, 1308, , 27215, 25000, 28264, 28276, 0, 
31, 1, 62, 147, -1, 274, 306, 6.4, 31, ABarappaa, 229, 32494, 43282, 1332, , 32494, 25000, 32800, 33110, 0, 
32, 1, 222, 220, -1, 399, 255, 5.7, 28, ABprpappap, 275, 34292, 36487, 1064, , 34292, 25000, 33226, 33315, 0, 
33, 1, 276, 231, -1, 509, 280, 25.4, 34, Cpaaap, 315, 27828, 49534, 1780, , 27828, 25000, 28014, 27965, 0, 
34, 1, 94, 224, -1, 583, 170, 14.6, 27, ABplapappp, 237, 27022, 26698, 988, , 27022, 25000, 28464, 28487, 0, 
35, 1, 39, 144, -1, 465, 139, 6.3, 31, ABplpppaap, 181, 35382, 48402, 1368, , 35382, 25000, 35699, 36126, 0, 
36, 1, 41, 19, -1, 210, 347, 9.4, 29, ABarapppaa, 210, 27086, 31311, 1156, , 27086, 25000, 27944, 27853, 0, 
37, 1, 172, 218, -1, 440, 271, 5.4, 29, ABprpapppa, 259, 35776, 41357, 1156, , 35776, 25000, 33227, 33071, 0, 
38, 1, 169, 253, -1, 365, 375, 9.7, 32, ABprppaaa, 60, 27412, 43420, 1584, , 27412, 25000, 28041, 28195, 0, 
39, 1, 285, 193, -1, 193, 361, 13.1, 30, ABalaapap, 262, 26009, 35268, 1356, , 26009, 25000, 27330, 27384, 0, 
40, 1, 221, 261, -1, 245, 268, 12.5, 30, ABaraapppa, 258, 28278, 34839, 1232, , 28278, 25000, 28154, 28183, 0, 
41, 1, 202, 214, -1, 309, 179, 14.4, 32, MSappaa, 312, 28089, 41684, 1484, , 28089, 25000, 28784, 28809, 0, 
42, 1, 283, 277, -1, 510, 187, 6.9, 27, ABplpppapp, 208, 32802, 29784, 908, , 32802, 25000, 33536, 33736, 0, 
43, 1, 248, 150, -1, 578, 292, 9.8, 30, Cpappd, 288, 27760, 36643, 1320, , 27760, 25000, 28361, 28361, 0, 
44, 1, 104, 209, -1, 583, 218, 17.0, 34, Caaapp, 313, 28010, 55796, 1992, , 28010, 25000, 28728, 28728, 0, 
45, 1, 111, 217, -1, 431, 292, 20.3, 37, Epra, 367, 27207, 64752, 2380, , 27207, 25000, 28179, 28182, 0, 
46, 1, 14, 164, -1, 262, 236, 26.3, 31, ABplaaaapa, 304, 28010, 38318, 1368, , 28010, 25000, 27947, 27880, 0, 
47, 1, 109, 264, -1, 345, 156, 16.5, 31, MSapppa, 116, 27058, 33335, 1232, , 27058, 25000, 28762, 28761, 0, 
48, 1, 252, 88, -1, 463, 373, 9.9, 32, ABprppapp, 323, 26791, 42223, 1576, , 26791, 25000, 28517, 28586, 0, 
49, 1, 4, 114, -1, 526, 132, 20.5, 29, ABplapapaa, 122, 28687, 30982, 1080, , 28687, 25000, 28324, 28345, 0, 
50, 1, 286, 163, -1, 212, 331, 14.4, 30, MSppaaa, 330, 27658, 31973, 1156, , 27658, 25000, 28129, 28179, 0, 
51, 1, 64, 125, -1, 567, 226, 10.8, 29, Caapa, 147, 26256, 29197, 1112, , 26256, 25000, 28230, 28353, 0, 
52, 1, 86, 177, -1, 404, 112, 16.7, 31, ABplaapppp, 125, 27582, 37732, 1368, , 27582, 25000, 28499, 28496, 0, 
53, 1, 66, 9, -1, 229, 179, 7.4, 28, ABalpapapa, 263, 28796, 28450, 988, , 28796, 25000, 32289, 32359, 0, 
54, 1, 139, 121, -1, 255, 331, 8.2, 26, ABarapppap, 230, 28018, 22302, 796, , 28018, 25000, 28791, 28793, 0, 
55, 1, 201, 15, -1, 186, 204, 8.3, 27, ABalpapaaa, 220, 28570, 26399, 924, , 28570, 25000, 30434, 30458, 0, 
56, 1, 42, 169, -1, 383, 127, 11.3, 27, ABplppapaa, 192, 26975, 24925, 924, , 26975, 25000, 27920, 27927, 0, 
57, 1, 263, 82, -1, 576, 189, 9.9, 32, Caapp, 316, 28096, 44280, 1576, , 28096, 25000, 28453, 28473, 0, 
58, 1, 231, 11, -1, 142, 187, 16.6, 28, ABalpppaaa, -10, 28569, 28226, 988, , 28569, 25000, 28257, 28313, 0, 
59, 1, 147, 6, -1, 435, 166, 17.5, 33, Dapa, 327, 27865, 45253, 1624, , 27865, 25000, 28255, 28314, 0, 
60, 1, 8, 69, -1, 190, 255, 14.8, 28, ABaraapaap, 247, 26680, 28067, 1052, , 26680, 25000, 28494, 28447, 0, 
61, 1, 57, 2, -1, 354, 113, 13.8, 29, ABplpaappp, 280, 26749, 29745, 1112, , 26749, 25000, 27478, 27437, 0, 
62, 1, 267, 201, -1, 379, 330, 6.5, 28, ABprpapapa, 196, 31374, 33884, 1080, , 31374, 25000, 32694, 33190, 0, 
63, 1, 195, 48, -1, 158, 338, 12.8, 30, ABalaapaa, -89, 27408, 36179, 1320, , 27408, 25000, 27713, 27762, 0, 
64, 1, 77, 213, -1, 338, 228, 10.6, 32, MSaapap, 317, 33007, 48983, 1484, , 33007, 25000, 29867, 30042, 0, 
65, 1, 159, 284, -1, 266, 390, 16.8, 28, ABpraaaapp, 250, 27056, 28463, 1052, , 27056, 25000, 27586, 27589, 0, 
66, 1, 18, 58, -1, 127, 304, 12.8, 31, ABaraaaaa, 208, 27802, 40702, 1464, , 27802, 25000, 27550, 27453, 0, 
67, 1, 89, 23, -1, 137, 227, 21.3, 34, ABalapaaa, 311, 26730, 50360, 1884, , 26730, 25000, 27945, 28066, 0, 
68, 1, 215, 250, -1, 196, 295, 17.4, 30, MSpaaaap, 259, 27824, 32165, 1156, , 27824, 25000, 28624, 28710, 0, 
69, 1, 72, 259, -1, 379, 374, 21.6, 30, ABprapaaaa, 238, 27587, 31890, 1156, , 27587, 25000, 27883, 27972, 0, 
70, 1, 272, 242, -1, 383, 166, 19.4, 32, MSapppp, 319, 28571, 42400, 1484, , 28571, 25000, 28679, 28679, 0, 
71, 1, 280, 267, -1, 474, 297, 6.2, 31, ABprppppap, 222, 32074, 46957, 1464, , 32074, 25000, 32759, 33033, 0, 
72, 1, 3, 63, -1, 590, 318, 13.7, 27, ABprapappp, 222, 26801, 24764, 924, , 26801, 25000, 28083, 28083, 0, 
73, 1, 118, 62, -1, 489, 383, 12.7, 28, ABprappaap, 131, 26651, 28357, 1064, , 26651, 25000, 28039, 28092, 0, 
74, 1, 171, 73, -1, 356, 134, 23.3, 32, ABplapaaaa, 259, 27775, 43996, 1584, , 27775, 25000, 28055, 28008, 0, 
75, 1, 90, 51, -1, 283, 257, 16.1, 30, MSaaapp, 291, 28395, 38503, 1356, , 28395, 25000, 28770, 28874, 0, 
76, 1, 125, 3, -1, 267, 352, 6.8, 29, ABarappppa, 253, 32004, 35589, 1112, , 32004, 25000, 32912, 33360, 0, 
77, 1, 85, 80, -1, 233, 164, 14.3, 28, ABplpaaaaa, 233, 26764, 28477, 1064, , 26764, 25000, 27589, 27624, 0, 
78, 1, 108, 45, -1, 526, 127, 15.4, 29, ABplappapp, 447, 26713, 30880, 1156, , 26713, 25000, 28305, 28352, 0, 
79, 1, 54, 83, -1, 495, 276, 19.1, 38, Eprp, 374, 27447, 72790, 2652, , 27447, 25000, 28548, 28551, 0, 
80, 1, 238, 161, 248, 410, 381, 10.1, 33, ABprppapa, 185, 27622, 47951, 1736, , 27622, 25000, 28301, 28334, 0, 
81, 1, 149, 57, -1, 199, 373, 17.8, 32, ABpraaaaa, -3, 27251, 43819, 1608, , 27251, 25000, 27395, 27291, 0, 
82, 1, 162, 226, -1, 520, 220, 6.8, 29, ABplpppppp, 271, 31280, 34783, 1112, , 31280, 25000, 32934, 32887, 0, 
83, 1, 5, 65, -1, 559, 144, 16.6, 30, ABplapapap, 140, 27627, 31937, 1156, , 27627, 25000, 28685, 28714, 0, 
84, 1, 63, 191, -1, 411, 400, 15.8, 32, ABpraapppp, 291, 27705, 44549, 1608, , 27705, 25000, 28125, 28152, 0, 
85, 1, 135, 74, -1, 151, 280, 14.7, 29, ABaraaaap, 113, 28638, 30585, 1068, , 28638, 25000, 27638, 27620, 0, 
86, 1, 123, 171, -1, 281, 125, 15.9, 26, ABplpaapap, 195, 26420, 21136, 800, , 26420, 25000, 28048, 27971, 0, 
87, 1, 37, 254, -1, 218, 235, 9.5, 32, ABalpaaap, 261, 27885, 39932, 1432, , 27885, 25000, 28690, 28868, 0, 
88, 1, 127, 227, -1, 578, 281, 20.5, 35, Cpaapp, 346, 27525, 54610, 1984, , 27525, 25000, 28535, 28560, 0, 
89, 1, 234, 154, -1, 231, 277, 26.5, 33, ABarpaaap, 299, 27780, 45114, 1624, , 27780, 25000, 28284, 28407, 0, 
90, 1, 197, 167, -1, 278, 229, 6.4, 30, ABalpappap, 111, 33309, 38505, 1156, , 33309, 25000, 33720, 33542, 0, 
91, 1, 268, 113, -1, 500, 340, 7.3, 30, ABprpppaap, 238, 29608, 38727, 1308, , 29608, 25000, 31394, 31436, 0, 
92, 1, 119, 124, -1, 182, 159, 18.6, 28, ABalpppaap, -117, 27194, 26868, 988, , 27194, 25000, 27587, 27682, 0, 
93, 1, 99, 119, -1, 367, 391, 15.5, 31, ABpraapppa, 40, 28059, 34569, 1232, , 28059, 25000, 28204, 28259, 0, 
94, 1, 48, 64, -1, 451, 389, 18.2, 34, ABprapaap, 160, 27962, 53463, 1912, , 27962, 25000, 27705, 27724, 0, 
95, 1, 132, 105, -1, 474, 223, 6.2, 30, ABplpppppa, 246, 32306, 42644, 1320, , 32306, 25000, 31460, 31456, 0, 
96, 1, 243, 276, -1, 429, 378, 20.4, 30, ABprapaaap, 229, 28061, 32438, 1156, , 28061, 25000, 27947, 27920, 0, 
97, 1, 204, 255, -1, 349, 375, 23.5, 32, ABpraapapp, 312, 27503, 39384, 1432, , 27503, 25000, 27898, 27895, 0, 
98, 1, 205, 258, -1, 363, 172, 12.6, 28, MSappap, 283, 27364, 27036, 988, , 27364, 25000, 28365, 28375, 0, 
99, 1, 194, 27, -1, 140, 270, 22.2, 30, ABalappaa, 97, 27753, 36634, 1320, , 27753, 25000, 27727, 27623, 0, 
100, 1, 93, 237, -1, 203, 172, 10.1, 28, ABalppapaa, 281, 28081, 30552, 1088, , 28081, 25000, 27946, 27937, 0, 
101, 1, 182, 178, -1, 149, 292, 9.2, 29, ABaraaapaa, 238, 26951, 29970, 1112, , 26951, 25000, 28508, 28573, 0, 
102, 1, 101, 159, -1, 430, 139, 7.2, 28, ABplpppaaa, -172, 30081, 31645, 1052, , 30081, 25000, 31913, 32077, 0, 
103, 1, 255, 130, -1, 230, 280, 6.2, 33, ABarapaaa, 151, 33524, 58466, 1744, , 33524, 25000, 33380, 33568, 0, 
104, 1, 247, 241, -1, 289, 185, 6.5, 27, ABalpapapp, 242, 34608, 31009, 896, , 34608, 25000, 36208, 36210, 0, 
105, 1, 70, 7, -1, 361, 389, 19.4, 31, ABpraappap, 291, 27044, 36022, 1332, , 27044, 25000, 27833, 27872, 0, 
106, 1, 199, 117, -1, 226, 300, 23.4, 30, ABalapppap, 252, 27248, 31499, 1156, , 27248, 25000, 28346, 28402, 0, 
107, 1, 180, 85, -1, 191, 284, 9.0, 29, ABaraaapap, 365, 29270, 35943, 1228, , 29270, 25000, 28562, 28659, 0, 
108, 1, 279, 295, -1, 307, 271, 9.7, 26, MSpapaaa, 240, 35225, 30153, 856, , 35225, 25000, 30720, 31019, 0, 
109, 0, 141, -1, -1, 87, 263, 14.6, 26, , 228, 279, 22338, 832, , 26849, 25000, 26910, 26570, 0, 
110, 1, 114, 190, -1, 383, 146, 7.5, 30, ABplppaap, 206, 29235, 36017, 1232, , 29235, 25000, 31756, 31763, 0, 
111, 1, 251, 55, -1, 353, 327, 12.3, 30, MSpppap, 272, 27804, 36368, 1308, , 27804, 25000, 28044, 28073, 0, 
112, 1, 67, 208, -1, 436, 321, 6.9, 27, ABprppppaa, 238, 31094, 28233, 908, , 31094, 25000, 31921, 32167, 0, 
113, 1, 142, 95, -1, 519, 360, 10.9, 30, ABprapppa, -15, 27392, 37143, 1356, , 27392, 25000, 27570, 27580, 0, 
114, 1, 219, 4, -1, 417, 349, 7.2, 31, ABprppaap, 142, 29032, 42503, 1464, , 29032, 25000, 31118, 31424, 0, 
115, 1, 275, 288, -1, 243, 323, 20.9, 29, ABalappppa, 229, 27150, 32797, 1208, , 27150, 25000, 27766, 27839, 0, 
116, 1, 229, 223, -1, 506, 230, 17.7, 39, Eplp, 382, 27572, 76210, 2764, , 27572, 25000, 28429, 28504, 0, 
117, 1, 58, 22, -1, 295, 281, 7.5, 28, ABarapappa, 227, 28515, 30796, 1080, , 28515, 25000, 30549, 30377, 0, 
118, 1, 271, 126, -1, 352, 325, 6.2, 27, ABarappapp, 170, 32823, 28490, 868, , 32823, 25000, 32743, 33024, 0, 
119, 1, 179, 156, -1, 185, 191, 20.9, 29, ABalapaapp, 222, 27062, 32691, 1208, , 27062, 25000, 28022, 28029, 0, 
120, 1, 60, 133, -1, 458, 274, 14.3, 32, Z2, 329, 27476, 43522, 1584, , 27476, 25000, 28827, 28827, 0, 
121, 1, 52, 78, -1, 302, 376, 17.9, 31, ABpraaappp, 177, 28103, 41593, 1480, , 28103, 25000, 27438, 27458, 0, 
122, 1, 258, 141, -1, 266, 190, 16.2, 31, MSapapa, 352, 27734, 40602, 1464, , 27734, 25000, 28570, 28567, 0, 
123, 1, 28, 205, -1, 204, 217, 26.5, 30, ABplaaaaaa, 228, 28089, 34606, 1232, , 28089, 25000, 28351, 28392, 0, 
124, 1, 177, 203, -1, 424, 125, 21.5, 30, ABplapaapa, 238, 28411, 35002, 1232, , 28411, 25000, 27792, 27670, 0, 
125, 1, 163, 108, -1, 403, 332, 12.5, 31, Dpaa, 43, 27674, 34094, 1232, , 27674, 25000, 28284, 28337, 0, 
126, 1, 131, 232, -1, 238, 360, 10.6, 29, ABprpaaaaa, 268, 28042, 32416, 1156, , 28042, 25000, 28254, 28253, 0, 
127, 1, 30, 283, -1, 201, 141, 16.7, 30, ABalpppapa, 404, 27093, 35437, 1308, , 27093, 25000, 27754, 27715, 0, 
128, 1, 35, 17, -1, 519, 318, 15.8, 33, Cpppa, 332, 27080, 47228, 1744, , 27080, 25000, 28439, 28460, 0, 
129, 1, 212, 246, -1, 378, 328, 22.5, 31, ABarpapppp, 317, 28744, 35413, 1232, , 28744, 25000, 28153, 28156, 0, 
130, 1, 282, 219, -1, 202, 327, 25.4, 30, ABarpapaaa, 270, 28759, 33245, 1156, , 28759, 25000, 28124, 28144, 0, 
131, 1, 43, 40, -1, 508, 138, 11.4, 32, ABplapppa, 284, 27518, 40837, 1484, , 27518, 25000, 27994, 28019, 0, 
132, 1, 15, 87, -1, 174, 228, 11.8, 29, ABalpaapap, 29, 27719, 30823, 1112, , 27719, 25000, 28176, 28251, 0, 
133, 1, 11, 52, -1, 318, 299, 25.1, 32, ABarpapapp, 316, 28258, 44534, 1576, , 28258, 25000, 28282, 28301, 0, 
134, 1, 193, 18, -1, 207, 336, 17.8, 29, ABpraaapaa, 222, 27583, 30672, 1112, , 27583, 25000, 27740, 27731, 0, 
135, 1, 144, 137, -1, 430, 262, 9.5, 32, MSpappp, -73, 27851, 39882, 1432, , 27851, 25000, 28828, 28883, 0, 
136, 1, 50, 41, -1, 126, 212, 13.5, 31, ABalaaaal, 252, 27841, 34300, 1232, , 27841, 25000, 27672, 27672, 0, 
137, 1, 227, 172, -1, 397, 269, 8.8, 30, MSpappa, 269, 28151, 37159, 1320, , 28151, 25000, 29051, 29107, 0, 
138, 1, 19, 221, -1, 333, 256, 5.5, 29, ABarapapap, -18, 35539, 38382, 1080, , 35539, 25000, 34389, 34436, 0, 
139, 1, 107, 60, -1, 311, 124, 13.5, 30, ABplpaaapp, 201, 27651, 34066, 1232, , 27651, 25000, 27822, 27732, 0, 
140, 1, 157, 109, -1, 282, 342, 14.6, 31, MSppapa, 295, 29593, 39418, 1332, , 29593, 25000, 27976, 28021, 0, 
141, 1, 84, 158, -1, 377, 345, 15.8, 31, MSppppp, 310, 26885, 39359, 1464, , 26885, 25000, 28439, 28428, 0, 
142, 1, 32, 206, -1, 541, 188, 12.4, 33, Cappp, 324, 28224, 46288, 1640, , 28224, 25000, 28676, 28711, 0, 
143, 1, 266, 280, -1, 325, 342, 9.5, 28, ABprpapaaa, 180, 27307, 29492, 1080, , 27307, 25000, 28361, 28349, 0, 
144, 1, 40, 135, -1, 378, 229, 9.3, 28, MSaappa, 175, 28158, 29960, 1064, , 28158, 25000, 28889, 28744, 0, 
145, 1, 265, 263, -1, 373, 352, 8.3, 29, ABprpapaap, 159, 27703, 29587, 1068, , 27703, 25000, 29329, 29460, 0, 
146, 1, 96, 152, -1, 240, 153, 10.1, 27, ABalppapap, -164, 27389, 24869, 908, , 27389, 25000, 27697, 27721, 0, 
147, 1, 2, 162, -1, 128, 299, 19.1, 32, ABalaaapp, 348, 27024, 42590, 1576, , 27024, 25000, 27793, 27736, 0, 
148, 1, 105, 79, -1, 542, 152, 9.1, 31, ABplapppp, 137, 27684, 40972, 1480, , 27684, 25000, 28312, 28375, 0, 
149, 1, 81, 110, -1, 250, 171, 21.4, 30, ABalppppap, 304, 27084, 31309, 1156, , 27084, 25000, 27938, 27934, 0, 
150, 1, 242, 215, -1, 219, 372, 14.7, 27, ABpraaaapa, 260, 27868, 25750, 924, , 27868, 25000, 27385, 27396, 0, 
151, 1, 6, 75, -1, 170, 242, 7.4, 32, ABalpaaaa, -108, 29929, 44415, 1484, , 29929, 25000, 33421, 33466, 0, 
152, 1, 277, 138, -1, 303, 336, 6.7, 27, ABarappapa, -117, 32870, 30372, 924, , 32870, 25000, 32679, 32777, 0, 
153, 1, 134, 1, -1, 150, 310, 16.6, 28, MSpaaaaa, 182, 26953, 26630, 988, , 26953, 25000, 27859, 27908, 0, 
154, 1, 115, 86, -1, 196, 181, 24.7, 29, ABplaapaaa, 271, 27225, 29076, 1068, , 27225, 25000, 28218, 28213, 0, 
155, 1, 92, 92, -1, 278, 227, 10.6, 28, MSaapaaa, 91, 30794, 30424, 988, , 30794, 25000, 29685, 29727, 0, 
156, 1, 87, 100, -1, 317, 215, 8.5, 31, ABalpapppp, 307, 27150, 33449, 1232, , 27150, 25000, 30714, 30431, 0, 
157, 1, 200, 175, -1, 444, 264, 25.6, 33, Cpaaaa, 322, 28055, 46011, 1640, , 28055, 25000, 27739, 27733, 0, 
158, 1, 209, 90, -1, 176, 310, 12.8, 26, ABaraappaa, 220, 28612, 22775, 796, , 28612, 25000, 28192, 28138, 0, 
159, 1, 237, 189, -1, 155, 190, 10.5, 27, ABalpaappa, 251, 28962, 25950, 896, , 28962, 25000, 27745, 27747, 0, 
160, 1, 46, 174, -1, 561, 136, 11.9, 28, ABplapappa, 262, 27680, 30116, 1088, , 27680, 25000, 28195, 28250, 0, 
161, 1, 151, 186, -1, 450, 356, 6.7, 28, ABprpppaaa, 188, 31303, 33306, 1064, , 31303, 25000, 32607, 33017, 0, 
162, 1, 188, 120, -1, 319, 221, 15.3, 30, MSaapaap, 266, 32568, 42599, 1308, , 32568, 25000, 29297, 29315, 0, 
163, 1, 138, 66, -1, 295, 386, 11.5, 30, ABprpaaapa, 248, 27134, 33429, 1232, , 27134, 25000, 27940, 28054, 0, 
164, 1, 56, 24, -1, 338, 389, 11.6, 27, ABprpaaapp, 198, 27481, 27151, 988, , 27481, 25000, 28232, 28349, 0, 
165, 1, 148, 59, -1, 301, 386, 22.4, 29, ABpraapapa, -157, 27807, 32145, 1156, , 27807, 25000, 27876, 27864, 0, 
166, 1, 206, 187, -1, 362, 284, 5.5, 29, ABprpappaa, 243, 33381, 36051, 1080, , 33381, 25000, 33704, 33721, 0, 
167, 1, 91, 131, -1, 558, 348, 18.9, 31, ABprapapap, 256, 26689, 39499, 1480, , 26689, 25000, 28279, 28277, 0, 
168, 1, 260, 50, -1, 420, 296, 5.7, 30, ABprpapapp, 221, 35828, 46863, 1308, , 35828, 25000, 33482, 33386, 0, 
169, 1, 10, 294, -1, 470, 173, 24.6, 30, ABarppaapp, 236, 28407, 32838, 1156, , 28407, 25000, 27816, 27824, 0, 
170, 1, 254, 285, -1, 470, 361, 22.3, 34, ABarppppa, 289, 26980, 50830, 1884, , 26980, 25000, 28022, 28016, 0, 
171, 1, 47, 39, -1, 487, 122, 14.3, 28, ABplappaap, 113, 27910, 29696, 1064, , 27910, 25000, 28200, 28229, 0, 
172, 1, 51, 185, -1, 339, 180, 24.3, 31, ABplaaappa, 210, 28378, 38821, 1368, , 28378, 25000, 28509, 28506, 0, 
173, 1, 24, 230, -1, 503, 299, 5.9, 30, ABprpppppa, 226, 34492, 46771, 1356, , 34492, 25000, 34578, 34977, 0, 
174, 1, 217, 168, -1, 406, 261, 25.6, 33, ABarpaappp, 313, 27507, 45112, 1640, , 27507, 25000, 28095, 28148, 0, 
175, 1, 165, 279, -1, 256, 239, 21.8, 30, MSaaaapp, 216, 26517, 35003, 1320, , 26517, 25000, 28114, 28184, 0, 
176, 1, 192, 122, -1, 443, 221, 20.1, 40, Epla, 400, 27457, 82041, 2988, , 27457, 25000, 28343, 28343, 0, 
177, 1, 269, 140, -1, 352, 176, 7.5, 30, ABplpapapa, 182, 28295, 34859, 1232, , 28295, 25000, 31506, 31583, 0, 
178, 1, 262, 257, -1, 524, 372, 21.1, 32, ABprapapaa, 309, 27645, 43569, 1576, , 27645, 25000, 27890, 27898, 0, 
179, 1, 80, 157, -1, 425, 171, 6.4, 28, ABplppppaa, -43, 33107, 32710, 988, , 33107, 25000, 32388, 32393, 0, 
180, 1, 44, 106, -1, 400, 188, 6.5, 29, ABplpapapp, 186, 32044, 34607, 1080, , 32044, 25000, 32074, 32033, 0, 
181, 1, 42, 104, -1, 416, 129, 9.9, 27, ABplppapap, 192, 28251, 25652, 908, , 28251, 25000, 28065, 28142, 0, 
182, 1, 83, 16, -1, 168, 168, 14.5, 30, ABalppaaa, 292, 28300, 34866, 1232, , 28300, 25000, 27618, 27586, 0, 
183, 1, 33, 239, -1, 429, 307, 11.7, 29, Dpap, 268, 28032, 29938, 1068, , 28032, 25000, 28635, 28642, 0, 
184, 1, 112, 49, 151, 121, 243, 18.4, 33, ABalaaapa, 299, 27341, 44840, 1640, , 27341, 25000, 27957, 28040, 0, 
185, 1, 150, 107, -1, 151, 264, 18.1, 29, MSaaaaaa, 466, 28230, 34102, 1208, , 28230, 25000, 27840, 27862, 0, 
186, 1, 38, 180, -1, 131, 260, 10.0, 29, ABalpaapaa, 479, 27454, 33714, 1228, , 27454, 25000, 28418, 28471, 0, 
187, 1, 270, 293, -1, 274, 371, 22.4, 31, ABpraapaap, 238, 27338, 36414, 1332, , 27338, 25000, 27300, 27349, 0, 
188, 1, 136, 26, -1, 156, 260, 11.7, 28, ABaraapaaa, 239, 27925, 29712, 1064, , 27925, 25000, 27829, 27890, 0, 
189, 1, 235, 165, -1, 464, 211, 9.5, 36, Capaa, 367, 28308, 60465, 2136, , 28308, 25000, 29335, 29400, 0, 
190, 1, 189, 173, -1, 254, 221, 13.9, 29, ABaraapapp, -18, 28364, 34264, 1208, , 28364, 25000, 28529, 28556, 0, 
191, 1, 45, 70, -1, 337, 292, 8.3, 32, ABarapappp, 136, 28165, 44613, 1584, , 28165, 25000, 30900, 30784, 0, 
192, 1, 244, 134, -1, 330, 297, 19.6, 38, Eara, 367, 27734, 71554, 2580, , 27734, 25000, 28669, 28666, 0, 
193, 1, 213, 207, -1, 303, 219, 25.8, 30, ABplaaaapp, 252, 27797, 36692, 1320, , 27797, 25000, 27726, 27774, 0, 
194, 1, 245, 81, -1, 327, 400, 15.4, 29, ABprpaappa, 160, 26950, 31154, 1156, , 26950, 25000, 27331, 27475, 0, 
195, 1, 288, 273, -1, 300, 346, 25.6, 33, ABarpappa, 338, 27359, 44868, 1640, , 27359, 25000, 27748, 27822, 0, 
196, 1, 71, 71, -1, 460, 191, 5.6, 32, ABplppppap, 281, 35032, 51987, 1484, , 35032, 25000, 32257, 32279, 0, 
197, 1, 216, 111, -1, 322, 345, 18.4, 32, MSppapp, 278, 26925, 39957, 1484, , 26925, 25000, 28062, 28040, 0, 
198, 1, 264, 228, -1, 372, 400, 11.7, 29, ABprpaappp, 232, 27432, 29297, 1068, , 27432, 25000, 27647, 27759, 0, 
199, 1, 208, 30, -1, 220, 190, 16.1, 29, MSapaap, 287, 26358, 31840, 1208, , 26358, 25000, 27544, 27647, 0, 
200, 1, 1, 181, 183, 325, 165, 9.6, 31, ABplpapaa, 190, 27917, 37185, 1332, , 27917, 25000, 29155, 29226, 0, 
201, 1, 183, 31, -1, 552, 275, 25.4, 36, Cpaapa, 350, 28333, 59840, 2112, , 28333, 25000, 28448, 28494, 0, 
202, 1, 174, 243, -1, 222, 346, 22.4, 30, ABpraapaaa, 209, 27840, 32183, 1156, , 27840, 25000, 27926, 28101, 0, 
203, 1, 122, 202, -1, 369, 217, 16.0, 37, Ealp, 55, 27399, 70033, 2556, , 27399, 25000, 28703, 28724, 0, 
204, 1, 103, 252, -1, 266, 304, 24.9, 30, ABarpapapa, 230, 26949, 36543, 1356, , 26949, 25000, 28413, 28436, 0, 
205, 1, 185, 198, -1, 240, 239, 7.5, 28, ABalpappaa, 236, 29212, 31549, 1080, , 29212, 25000, 31797, 32072, 0, 
206, 1, 129, 42, -1, 161, 304, 23.5, 32, ABalappap, 222, 28049, 40166, 1432, , 28049, 25000, 27720, 27793, 0, 
207, 1, 102, 268, -1, 307, 143, 23.8, 30, ABplaapapp, 292, 27430, 36208, 1320, , 27430, 25000, 27951, 27939, 0, 
208, 1, 184, 136, -1, 395, 190, 10.5, 32, MSaappp, 322, 27281, 39066, 1432, , 27281, 25000, 28447, 28432, 0, 
209, 1, 161, 115, -1, 520, 190, 15.8, 35, Cappa, 473, 27067, 54458, 2012, , 27067, 25000, 28458, 28508, 0, 
210, 1, 187, 93, -1, 247, 365, 19.1, 30, ABpraaapap, 218, 26737, 36255, 1356, , 26737, 25000, 27324, 27416, 0, 
211, 1, 167, 96, -1, 261, 324, 11.6, 31, MSppaap, 305, 27794, 37022, 1332, , 27794, 25000, 28410, 28511, 0, 
212, 1, 128, 99, -1, 212, 236, 12.6, 31, ABaraapapa, 121, 26761, 35646, 1332, , 26761, 25000, 28375, 28404, 0, 
213, 1, 170, 170, -1, 275, 262, 5.5, 28, ABarapapaa, 115, 36002, 38882, 1080, , 36002, 25000, 33471, 33520, 0, 
214, 1, 210, 91, -1, 433, 179, 11.8, 30, Daap, 300, 26692, 35233, 1320, , 26692, 25000, 29066, 29116, 0, 
215, 1, 203, 77, -1, 278, 116, 19.7, 28, ABplaappaa, 231, 26648, 28354, 1064, , 26648, 25000, 27425, 27457, 0, 
216, 1, 273, 274, -1, 336, 353, 14.4, 30, MSppppa, 294, 26975, 31183, 1156, , 26975, 25000, 27844, 27821, 0, 
217, 1, 154, 112, -1, 399, 357, 25.5, 34, ABarpppaa, 301, 28240, 47669, 1688, , 28240, 25000, 27782, 27764, 0, 
218, 1, 156, 235, -1, 275, 159, 12.0, 28, ABplpaaaap, 51, 26533, 29929, 1128, , 26533, 25000, 28098, 28110, 0, 
219, 1, 117, 182, -1, 270, 283, 19.5, 30, MSpaaapp, 206, 28036, 34540, 1232, , 28036, 25000, 28153, 28153, 0, 
220, 1, 145, 236, -1, 476, 140, 22.6, 34, ABarppapa, 405, 27106, 48249, 1780, , 27106, 25000, 28433, 28416, 0, 
221, 1, 68, 53, -1, 396, 160, 15.3, 31, Daaa, -74, 27516, 37642, 1368, , 27516, 25000, 28266, 28286, 0, 
222, 1, 55, 98, -1, 432, 108, 13.9, 29, ABplappaaa, 41, 27771, 33547, 1208, , 27771, 25000, 28140, 28161, 0, 
223, 1, 100, 195, -1, 394, 289, 16.3, 37, Earp, 373, 27045, 64366, 2380, , 27045, 25000, 28732, 28735, 0, 
224, 1, 79, 118, -1, 305, 121, 17.1, 29, ABplpaappa, 241, 27812, 33597, 1208, , 27812, 25000, 27909, 28022, 0, 
225, 1, 113, 35, -1, 359, 281, 25.5, 33, ABarpaappa, 324, 27506, 44669, 1624, , 27506, 25000, 28206, 28151, 0, 
226, 1, 257, 251, -1, 426, 193, 24.9, 34, ABarppaapa, 225, 26926, 53205, 1976, , 26926, 25000, 28109, 28036, 0, 
227, 1, 95, 143, -1, 405, 225, 5.6, 29, ABplpapppa, -148, 33156, 38328, 1156, , 33156, 25000, 32921, 32897, 0, 
228, 1, 59, 266, -1, 182, 279, 22.1, 29, ABalapppaa, 287, 27656, 33409, 1208, , 27656, 25000, 28125, 28208, 0, 
229, 1, 160, 196, -1, 542, 274, 12.6, 35, Cpppp, 319, 28412, 54892, 1932, , 28412, 25000, 28117, 28187, 0, 
230, 1, 230, 245, -1, 330, 205, 5.4, 32, ABplpappaa, 321, 36836, 54665, 1484, , 36836, 25000, 33699, 34077, 0, 
231, 1, 61, 56, -1, 268, 263, 8.7, 29, ABarapaapp, 270, 28509, 30448, 1068, , 28509, 25000, 28567, 28497, 0, 
232, 1, 164, 38, -1, 231, 134, 19.1, 30, ABalpppapp, 299, 27413, 37172, 1356, , 27413, 25000, 27578, 27546, 0, 
233, 1, 76, 43, -1, 561, 343, 11.4, 31, ABprapppp, 309, 27163, 36181, 1332, , 27163, 25000, 27656, 27647, 0, 
234, 1, 259, 68, -1, 540, 215, 25.3, 34, Caaaap, 333, 26975, 50821, 1884, , 26975, 25000, 28132, 28159, 0, 
235, 1, 233, 260, -1, 194, 237, 20.0, 29, MSaaaaap, 281, 27235, 33444, 1228, , 27235, 25000, 28157, 28246, 0, 
236, 1, 198, 116, -1, 257, 373, 12.9, 28, ABprpaapaa, 192, 27460, 29877, 1088, , 27460, 25000, 27974, 27908, 0, 
237, 1, 82, 265, -1, 543, 270, 7.5, 29, ABprpppppp, 225, 30839, 33306, 1080, , 30839, 25000, 31793, 31763, 0, 
238, 1, 232, 33, -1, 582, 335, 17.5, 30, ABprapappa, -22, 28377, 34961, 1232, , 28377, 25000, 27703, 27801, 0, 
239, 1, 130, 275, -1, 592, 242, 12.4, 30, Cpapaa, 270, 27266, 31520, 1156, , 27266, 25000, 28574, 28676, 0, 
240, 1, 22, 262, -1, 277, 133, 11.7, 26, ABplpaaapa, 251, 28189, 24130, 856, , 28189, 25000, 27649, 27784, 0, 
241, 1, 143, 54, -1, 205, 163, 20.5, 29, ABalppppaa, 215, 27388, 29579, 1080, , 27388, 25000, 27634, 27785, 0, 
242, 1, 240, 14, -1, 281, 367, 10.3, 29, ABprpaaaap, 220, 26957, 28790, 1068, , 26957, 25000, 27778, 27942, 0, 
243, 1, 146, 72, -1, 496, 152, 7.3, 31, ABplpppapa, 234, 30301, 41452, 1368, , 30301, 25000, 32681, 32569, 0, 
244, 1, 133, 271, -1, 508, 254, 5.9, 29, ABprpapppp, -33, 34146, 38927, 1140, , 34146, 25000, 35164, 35217, 0, 
245, 0, 191, -1, -1, 308, 289, 16.8, 29, , 244, 421, 32380, 1112, , 29119, 25000, 28594, 28698, 0, 
246, 1, 97, 278, -1, 197, 334, 21.2, 28, ABalaapppp, 207, 27270, 28688, 1052, , 27270, 25000, 27539, 27494, 0, 
247, 1, 78, 269, 291, 536, 321, 8.5, 32, ABprpppap, 207, 29479, 42214, 1432, , 29479, 25000, 29126, 29133, 0, 
248, 1, 17, 233, -1, 179, 212, 16.4, 30, MSapaaa, 63, 27001, 31213, 1156, , 27001, 25000, 28039, 28040, 0, 
249, 1, 214, 153, -1, 314, 176, 20.2, 33, MSapapp, 44, 27467, 47902, 1744, , 27467, 25000, 28492, 28539, 0, 
250, 1, 176, 199, -1, 256, 308, 15.5, 32, MSpaapa, 324, 27670, 39624, 1432, , 27670, 25000, 28154, 28164, 0, 
251, 1, 13, 132, -1, 262, 134, 23.3, 30, ABplaapapa, 307, 28452, 37215, 1308, , 28452, 25000, 27850, 27834, 0, 
252, 1, 12, 67, -1, 358, 121, 18.1, 32, ABplaapppa, 325, 27234, 42920, 1576, , 27234, 25000, 27875, 27951, 0, 
253, 1, 166, 36, -1, 463, 182, 15.6, 34, Dapp, -157, 27852, 49577, 1780, , 27852, 25000, 28253, 28312, 0, 
254, 1, 9, 94, -1, 477, 285, 9.4, 37, Cppaa, 295, 27205, 63334, 2328, , 27205, 25000, 28794, 28865, 0, 
255, 1, 97, 289, -1, 156, 331, 20.7, 28, ABalaapppa, 231, 27331, 29080, 1064, , 27331, 25000, 27235, 27235, 0, 
256, 1, 36, 21, -1, 472, 327, 15.7, 33, Dppp, 314, 26922, 46736, 1736, , 26922, 25000, 28968, 28944, 0, 
257, 1, 178, 281, -1, 222, 288, 9.1, 25, ABarapaapa, 165, 28936, 19908, 688, , 28936, 25000, 28330, 28533, 0, 
258, 1, 241, 37, -1, 389, 165, 24.5, 32, ABplaaappp, 74, 28485, 40790, 1432, , 28485, 25000, 27985, 28054, 0, 
259, 1, 190, 176, -1, 361, 274, 11.1, 32, MSpapap, 156, 34933, 55054, 1576, , 34933, 25000, 30056, 30126, 0, 
260, 1, 287, 234, -1, 557, 233, 7.8, 28, Cpappv, 320, 29028, 30537, 1052, , 29028, 25000, 30829, 31091, 0, 
261, 1, 88, 148, -1, 493, 387, 17.1, 29, ABprappapa, 263, 27967, 33784, 1208, , 27967, 25000, 28406, 28386, 0, 
262, 1, 223, 29, -1, 535, 330, 22.5, 35, ABarppppp, 348, 27934, 55421, 1984, , 27934, 25000, 28046, 28043, 0, 
263, 1, 49, 194, -1, 249, 166, 24.7, 32, ABplaapaap, 320, 27124, 42965, 1584, , 27124, 25000, 28432, 28528, 0, 
264, 1, 261, 44, -1, 221, 195, 21.8, 30, ABalapappa, 223, 27053, 35710, 1320, , 27053, 25000, 27991, 27949, 0, 
265, 1, 158, 270, -1, 434, 335, 25.5, 33, ABarpppapa, 271, 27365, 44440, 1624, , 27365, 25000, 28170, 28256, 0, 
266, 1, 274, 240, -1, 478, 321, 24.3, 32, ABarpppapp, 174, 26861, 42548, 1584, , 26861, 25000, 27992, 28023, 0, 
267, 1, 211, 212, -1, 483, 212, 24.6, 33, Caaaaa, 333, 27389, 44918, 1640, , 27389, 25000, 28109, 28064, 0, 
268, 1, 75, 47, -1, 322, 338, 23.3, 29, ABarpapppa, 97, 27625, 29503, 1068, , 27625, 25000, 27851, 27988, 0, 
269, 1, 228, 32, -1, 267, 349, 17.5, 28, ABpraaappa, 158, 26600, 28728, 1080, , 26600, 25000, 27573, 27665, 0, 
270, 1, 220, 10, -1, 417, 152, 22.5, 29, ABplapaaap, 226, 28206, 30462, 1080, , 28206, 25000, 27989, 27733, 0, 
271, 1, 218, 12, -1, 339, 271, 14.8, 29, MSpapaap, 277, 34092, 37910, 1112, , 34092, 25000, 29957, 29957, 0, 
272, 1, 152, 102, -1, 431, 337, 15.3, 31, Dppa, 253, 28025, 38338, 1368, , 28025, 25000, 28228, 28293, 0, 
273, 1, 250, 210, -1, 135, 195, 20.0, 28, ABalapaapa, 193, 28207, 31817, 1128, , 28207, 25000, 28261, 28407, 0, 
274, 1, 165, 84, -1, 217, 249, 22.5, 31, MSaaaapa, 192, 26881, 33118, 1232, , 26881, 25000, 27922, 28001, 0, 
275, 1, 155, 160, -1, 538, 372, 14.9, 29, ABprappapp, 103, 27500, 33220, 1208, , 27500, 25000, 28198, 28198, 0, 
276, 1, 69, 145, -1, 261, 271, 24.9, 30, ABarpaapaa, -24, 27764, 37648, 1356, , 27764, 25000, 27988, 28213, 0, 
277, 1, 21, 204, -1, 570, 209, 22.6, 34, Caaapa, 339, 27076, 48196, 1780, , 27076, 25000, 28113, 28186, 0, 
278, 1, 168, 286, -1, 193, 265, 26.3, 34, ABarpaaaa, 149, 28665, 54004, 1884, , 28665, 25000, 28155, 28179, 0, 
279, 1, 181, 5, -1, 290, 155, 19.2, 31, ABalpppppp, 252, 27329, 40009, 1464, , 27329, 25000, 27582, 27663, 0, 
280, 1, 207, 200, -1, 290, 328, 21.1, 29, ABalappppp, -4, 27940, 33751, 1208, , 27940, 25000, 27820, 27841, 0, 
281, 1, 27, 20, -1, 408, 223, 14.0, 32, Z3, 317, 27491, 46954, 1708, , 27491, 25000, 28549, 28538, 0, 
282, 1, 281, 292, -1, 448, 238, 5.6, 29, ABplpapppp, 244, 33899, 39187, 1156, , 33899, 25000, 33308, 33075, 0, 
283, 1, 253, 244, -1, 273, 226, 18.5, 30, MSaaapap, 226, 28931, 35643, 1232, , 28931, 25000, 28702, 28718, 0, 
284, 1, 126, 222, -1, 272, 206, 22.5, 30, ABalapappp, 217, 26938, 33187, 1232, , 26938, 25000, 27656, 27672, 0, 
285, 1, 74, 123, -1, 260, 200, 9.6, 29, ABalpapppa, 226, 27858, 32204, 1156, , 27858, 25000, 29804, 29802, 0, 
286, 1, 65, 184, -1, 299, 398, 14.8, 27, ABprpaapap, 224, 27406, 23788, 868, , 27406, 25000, 27467, 27475, 0, 
287, 1, 225, 13, -1, 256, 148, 19.2, 28, ABalpppppa, 238, 27773, 29217, 1052, , 27773, 25000, 27721, 27717, 0, 
288, 1, 26, 256, -1, 602, 278, 17.1, 33, Cpapap, 35, 27064, 46983, 1736, , 27064, 25000, 28431, 28403, 0, 
289, 1, 121, 149, -1, 331, 245, 26.3, 33, ABarpaapap, 650, 28260, 49059, 1736, , 28260, 25000, 28076, 28148, 0, 
290, 1, 123, 247, -1, 240, 140, 14.3, 26, ABplpaapaa, -124, 27310, 23377, 856, , 27310, 25000, 27154, 27214, 0, 
291, 1, 256, 197, -1, 113, 265, 15.3, 32, ABalaaaar, 137, 27355, 43330, 1584, , 27355, 25000, 27617, 27581, 0, 
292, 1, 98, 28, -1, 198, 146, 13.4, 30, ABalppaap, 30, 26962, 31168, 1156, , 26962, 25000, 27597, 27661, 0, 
