1, 1, 153, 248, -1, 154, 306, 15.8, 27, MSpaaaaa, 226, 27214, 23622, 868, , 27214, 25000, 27738, 27701, 0, 
2, 1, 61, 182, -1, 350, 111, 14.4, 30, ABplpaappp, 301, 27112, 31341, 1156, , 27112, 25000, 28236, 28293, 0, 
3, 1, 76, 130, -1, 269, 352, 6.8, 28, ABarappppa, 262, 33474, 35215, 1052, , 33474, 25000, 32682, 32944, 0, 
4, 1, 114, 298, 307, 416, 339, 6.9, 32, ABprppaap, 192, 28949, 45623, 1576, , 28949, 25000, 31839, 32079, 0, 
5, 1, 279, 102, -1, 291, 159, 19.1, 31, ABalpppppp, 32, 27480, 40671, 1480, , 27480, 25000, 28071, 28223, 0, 
6, 1, 59, 215, -1, 430, 162, 17.4, 34, Dapa, 294, 27635, 49190, 1780, , 27635, 25000, 28303, 28448, 0, 
7, 1, 105, 17, -1, 360, 393, 19.5, 31, ABpraappap, 307, 28470, 35075, 1232, , 28470, 25000, 27542, 27583, 0, 
8, 1, 23, 78, -1, 506, 280, 11.3, 35, Cppap, 291, 27256, 55602, 2040, , 27256, 25000, 28213, 28290, 0, 
9, 1, 53, 76, -1, 232, 177, 7.6, 28, ABalpapapa, 234, 29657, 29301, 988, , 29657, 25000, 32157, 32223, 0, 
10, 1, 270, 66, -1, 413, 151, 22.1, 30, ABplapaaap, 294, 27187, 36866, 1356, , 27187, 25000, 28084, 28065, 0, 
11, 1, 58, 107, -1, 140, 184, 17.0, 28, ABalpppaaa, 125, 27196, 30677, 1128, , 27196, 25000, 27556, 27609, 0, 
12, 1, 271, 52, -1, 347, 272, 14.8, 30, MSpapaap, 275, 33616, 44373, 1320, , 33616, 25000, 30255, 30255, 0, 
13, 1, 287, 114, -1, 259, 153, 19.1, 28, ABalpppppa, 241, 27701, 30139, 1088, , 27701, 25000, 27818, 27732, 0, 
14, 1, 242, 153, -1, 277, 366, 10.6, 28, ABprpaaaap, 223, 27144, 26818, 988, , 27144, 25000, 27960, 28082, 0, 
15, 1, 55, 171, -1, 195, 199, 8.5, 28, ABalpapaaa, 227, 28994, 31313, 1080, , 28994, 25000, 29878, 29898, 0, 
16, 1, 182, 148, -1, 166, 169, 15.2, 32, ABalppaaa, 205, 27401, 44061, 1608, , 27401, 25000, 27375, 27369, 0, 
17, 1, 128, 63, -1, 519, 320, 16.0, 33, Cpppa, 272, 27976, 50580, 1808, , 27976, 25000, 28176, 28178, 0, 
18, 1, 134, 88, -1, 210, 335, 18.1, 27, ABpraaapaa, 216, 27637, 25094, 908, , 27637, 25000, 27430, 27508, 0, 
19, 1, 36, 37, -1, 212, 350, 9.6, 28, ABarapppaa, 405, 27330, 27002, 988, , 27330, 25000, 27960, 27951, 0, 
20, 1, 281, 160, -1, 409, 223, 13.5, 32, Z3, 327, 27067, 38760, 1432, , 27067, 25000, 28181, 28230, 0, 
21, 1, 256, 59, -1, 469, 327, 15.6, 33, Dppp, 306, 26901, 44118, 1640, , 26901, 25000, 28801, 28806, 0, 
22, 1, 117, 29, -1, 298, 275, 7.6, 27, ABarapappa, 225, 28756, 28411, 988, , 28756, 25000, 31910, 32027, 0, 
23, 1, 67, 77, -1, 143, 220, 20.6, 33, ABalapaaa, -59, 27607, 45276, 1640, , 27607, 25000, 27954, 28123, 0, 
24, 1, 164, 199, -1, 331, 383, 11.2, 28, ABprpaaapp, 225, 26875, 28273, 1052, , 26875, 25000, 27376, 27410, 0, 
25, 1, 25, 87, -1, 222, 292, 19.3, 30, MSpaaapa, 225, 27112, 35463, 1308, , 27112, 25000, 27661, 27684, 0, 
26, 1, 188, 165, -1, 163, 258, 11.2, 28, ABaraapaaa, 264, 26659, 28045, 1052, , 26659, 25000, 28100, 28227, 0, 
27, 1, 99, 54, -1, 137, 264, 21.8, 30, ABalappaa, 96, 27708, 36574, 1320, , 27708, 25000, 27653, 27672, 0, 
28, 1, 292, 49, -1, 196, 149, 14.0, 31, ABalppaap, 58, 27818, 43952, 1580, , 27818, 25000, 27626, 27625, 0, 
29, 1, 262, 203, -1, 537, 332, 22.2, 34, ABarppppp, 330, 27904, 53352, 1912, , 27904, 25000, 28109, 28123, 0, 
30, 1, 199, 9, -1, 220, 188, 16.1, 29, MSapaap, 273, 27429, 33134, 1208, , 27429, 25000, 28346, 28399, 0, 
31, 1, 201, 58, -1, 552, 275, 25.6, 35, Cpaapa, 346, 27745, 53604, 1932, , 27745, 25000, 28433, 28464, 0, 
32, 1, 269, 284, -1, 265, 350, 17.3, 29, ABpraaappa, -73, 27234, 29086, 1068, , 27234, 25000, 27529, 27604, 0, 
33, 1, 238, 275, -1, 587, 334, 17.1, 28, ABprapappa, 268, 27857, 30308, 1088, , 27857, 25000, 27627, 27746, 0, 
34, 1, 13, 184, -1, 304, 136, 8.7, 29, ABalppappp, 291, 28509, 30448, 1068, , 28509, 25000, 28614, 28659, 0, 
35, 1, 225, 163, -1, 362, 285, 25.6, 33, ABarpaappa, 301, 26948, 44195, 1640, , 26948, 25000, 28422, 28483, 0, 
36, 1, 253, 61, -1, 460, 181, 15.7, 35, Dapp, 295, 26779, 54630, 2040, , 26779, 25000, 28702, 28745, 0, 
37, 1, 258, 269, -1, 391, 162, 24.7, 32, ABplaaappp, 301, 27302, 43247, 1584, , 27302, 25000, 27529, 27523, 0, 
38, 1, 232, 149, -1, 234, 135, 19.2, 28, ABalpppapp, -163, 26997, 28401, 1052, , 26997, 25000, 27802, 27769, 0, 
39, 1, 171, 56, -1, 485, 112, 14.5, 28, ABplappaap, 313, 27081, 29247, 1080, , 27081, 25000, 28076, 28090, 0, 
40, 1, 131, 33, -1, 507, 132, 11.8, 31, ABplapppa, 385, 26837, 39289, 1464, , 26837, 25000, 27983, 28003, 0, 
41, 1, 136, 15, -1, 134, 209, 13.4, 31, ABalaaaal, 60, 27645, 36823, 1332, , 27645, 25000, 27767, 27767, 0, 
42, 1, 206, 195, 301, 158, 298, 23.4, 33, ABalappap, 266, 27496, 45094, 1640, , 27496, 25000, 27752, 27702, 0, 
43, 1, 233, 290, -1, 564, 336, 11.1, 32, ABprapppp, 537, 26791, 42223, 1576, , 26791, 25000, 27796, 27806, 0, 
44, 1, 264, 260, -1, 223, 200, 22.0, 29, ABalapappa, 257, 28195, 34623, 1228, , 28195, 25000, 27694, 27724, 0, 
45, 1, 78, 206, -1, 527, 123, 15.6, 28, ABplappapp, 232, 27007, 26683, 988, , 27007, 25000, 27679, 27694, 0, 
46, 1, 5, 22, -1, 385, 206, 26.2, 35, ABarppaaa, 311, 27169, 54664, 2012, , 27169, 25000, 27821, 27837, 0, 
47, 1, 268, 11, -1, 332, 342, 23.7, 31, ABarpapppa, 231, 27242, 37267, 1368, , 27242, 25000, 28132, 28280, 0, 
48, 1, 63, 129, -1, 162, 339, 12.5, 30, ABalaapaa, 255, 28139, 34667, 1232, , 28139, 25000, 27145, 27148, 0, 
49, 1, 184, 227, -1, 125, 222, 17.6, 29, ABalaaapal, 186, 27106, 31335, 1156, , 27106, 25000, 27345, 27284, 0, 
50, 1, 168, 250, -1, 418, 293, 5.6, 30, ABprpapapp, 224, 33721, 38981, 1156, , 33721, 25000, 33634, 33615, 0, 
51, 1, 75, 270, -1, 287, 260, 16.3, 30, MSaaapp, 301, 27063, 35398, 1308, , 27063, 25000, 28060, 28115, 0, 
52, 1, 133, 277, -1, 318, 303, 24.9, 32, ABarpapapp, 255, 29013, 45725, 1576, , 29013, 25000, 28611, 28676, 0, 
53, 1, 221, 287, -1, 392, 160, 15.4, 31, Daaa, 233, 26917, 35854, 1332, , 26917, 25000, 28387, 28418, 0, 
54, 1, 241, 112, -1, 209, 165, 20.8, 30, ABalppppaa, -95, 27070, 35733, 1320, , 27070, 25000, 27777, 27997, 0, 
55, 1, 111, 273, -1, 351, 324, 12.1, 30, MSpppap, 303, 27230, 36924, 1356, , 27230, 25000, 28346, 28360, 0, 
56, 1, 231, 4, -1, 269, 261, 9.2, 29, ABarapaapp, 288, 27376, 30442, 1112, , 27376, 25000, 29049, 28934, 0, 
57, 1, 81, 39, -1, 197, 370, 18.1, 31, ABpraaaaa, 262, 26983, 39935, 1480, , 26983, 25000, 27444, 27394, 0, 
58, 1, 66, 28, -1, 132, 305, 12.5, 31, ABaraaaaa, 195, 27248, 33569, 1232, , 27248, 25000, 27417, 27435, 0, 
59, 1, 165, 123, -1, 300, 385, 22.3, 29, ABpraapapa, 228, 26378, 28172, 1068, , 26378, 25000, 27403, 27402, 0, 
60, 1, 139, 18, -1, 307, 126, 13.8, 29, ABplpaaapp, 287, 27317, 30376, 1112, , 27317, 25000, 27838, 27829, 0, 
61, 0, 109, -1, -1, 88, 262, 15.0, 28, , 167, 1362, 31264, 1128, , 27716, 25000, 26772, 26354, 0, 
62, 1, 73, 42, -1, 498, 379, 12.8, 29, ABprappaap, 275, 28115, 31264, 1112, , 28115, 25000, 27878, 27823, 0, 
63, 1, 72, 134, -1, 590, 316, 13.5, 27, ABprapappp, 172, 26654, 23882, 896, , 26654, 25000, 28398, 28423, 0, 
64, 1, 94, 135, 173, 456, 391, 17.7, 33, ABprapaap, 175, 27342, 47466, 1736, , 27342, 25000, 27958, 28026, 0, 
65, 1, 83, 62, -1, 559, 145, 16.8, 30, ABplapapap, 284, 28880, 38121, 1320, , 28880, 25000, 28400, 28412, 0, 
66, 1, 163, 201, -1, 287, 392, 12.2, 28, ABprpaaapa, 275, 26736, 28126, 1052, , 26736, 25000, 27784, 27730, 0, 
67, 1, 252, 208, -1, 358, 125, 18.4, 32, ABplaapppa, 327, 27791, 41242, 1484, , 27791, 25000, 28295, 28314, 0, 
68, 1, 234, 236, -1, 536, 218, 25.3, 35, Caaaap, 349, 27697, 56501, 2040, , 27697, 25000, 28166, 28199, 0, 
69, 1, 60, 119, -1, 199, 252, 14.7, 28, ABaraapaap, 255, 26879, 28599, 1064, , 26879, 25000, 28587, 28714, 0, 
70, 1, 191, 249, -1, 336, 285, 7.7, 31, ABarapappp, 236, 27943, 38226, 1368, , 27943, 25000, 31556, 31336, 0, 
71, 1, 196, 147, -1, 461, 185, 5.6, 30, ABplppppap, 270, 33946, 39241, 1156, , 33946, 25000, 33202, 33178, 0, 
72, 1, 243, 16, -1, 503, 147, 7.5, 31, ABplpppapa, 247, 28556, 35181, 1232, , 28556, 25000, 32613, 32507, 0, 
73, 1, 74, 187, -1, 357, 136, 23.2, 32, ABplapaaaa, 325, 27424, 44097, 1608, , 27424, 25000, 27924, 27905, 0, 
74, 1, 85, 82, -1, 153, 275, 14.3, 29, ABaraaaap, 34, 27924, 29823, 1068, , 27924, 25000, 27791, 27923, 0, 
75, 1, 151, 72, -1, 178, 235, 7.6, 32, ABalpaaaa, 285, 29325, 43519, 1484, , 29325, 25000, 32587, 32677, 0, 
76, 1, 28, 220, -1, 381, 218, 5.8, 26, ABplpappap, 130, 35131, 27964, 796, , 35131, 25000, 34352, 34296, 0, 
77, 1, 215, 14, -1, 282, 118, 20.3, 28, ABplaappaa, 241, 27429, 29184, 1064, , 27429, 25000, 27387, 27385, 0, 
78, 1, 121, 247, -1, 299, 375, 18.3, 31, ABpraaappp, 255, 28101, 38442, 1368, , 28101, 25000, 27654, 27597, 0, 
79, 1, 148, 111, -1, 541, 149, 9.3, 30, ABplapppp, 69, 27345, 35767, 1308, , 27345, 25000, 28264, 28245, 0, 
80, 1, 77, 278, -1, 235, 163, 14.1, 27, ABplpaaaaa, 239, 28167, 25576, 908, , 28167, 25000, 27764, 27772, 0, 
81, 1, 194, 242, -1, 329, 401, 15.1, 28, ABprpaappa, 264, 29414, 32002, 1088, , 29414, 25000, 27170, 27117, 0, 
82, 1, 57, 126, -1, 579, 184, 10.4, 33, Caapp, 259, 27149, 44524, 1640, , 27149, 25000, 27727, 27807, 0, 
83, 1, 79, 257, -1, 500, 276, 18.5, 38, Eprp, 384, 27019, 68953, 2552, , 27019, 25000, 28124, 28177, 0, 
84, 1, 274, 244, -1, 217, 254, 22.5, 32, MSaaaapa, 227, 27274, 39057, 1432, , 27274, 25000, 27894, 27865, 0, 
85, 1, 107, 281, -1, 198, 283, 9.4, 29, ABaraaapap, 406, 27884, 32234, 1156, , 27884, 25000, 28737, 28765, 0, 
86, 1, 154, 132, -1, 200, 183, 25.3, 30, ABplaapaaa, 449, 28388, 37132, 1308, , 28388, 25000, 28055, 28048, 0, 
87, 1, 132, 133, -1, 181, 228, 11.6, 30, ABalpaapap, 299, 27618, 31926, 1156, , 27618, 25000, 28757, 28880, 0, 
88, 1, 48, 240, -1, 468, 366, 9.8, 33, ABprppapp, 181, 26964, 47026, 1744, , 26964, 25000, 28324, 28350, 0, 
89, 1, 2, 84, -1, 160, 345, 17.3, 31, ABalaappa, 124, 25856, 35371, 1368, , 25856, 25000, 27639, 27639, 0, 
90, 1, 158, 83, -1, 180, 302, 12.9, 25, ABaraappaa, -129, 28400, 19539, 688, , 28400, 25000, 28163, 28166, 0, 
91, 1, 214, 41, -1, 434, 172, 12.1, 30, Daap, 301, 27651, 37495, 1356, , 27651, 25000, 29047, 29068, 0, 
92, 1, 155, 40, -1, 274, 229, 10.8, 29, MSaapaaa, 288, 31876, 35446, 1112, , 31876, 25000, 29553, 29643, 0, 
93, 1, 210, 79, -1, 248, 369, 19.2, 30, ABpraaapap, 219, 27616, 36453, 1320, , 27616, 25000, 27911, 27907, 0, 
94, 1, 254, 263, -1, 475, 282, 9.4, 37, Cppaa, 334, 27812, 64746, 2328, , 27812, 25000, 29120, 29281, 0, 
95, 1, 113, 51, -1, 517, 355, 11.1, 32, ABprapppa, 309, 27300, 43025, 1576, , 27300, 25000, 27652, 27650, 0, 
96, 1, 211, 44, -1, 261, 324, 11.6, 31, MSppaap, 263, 27132, 36140, 1332, , 27132, 25000, 27770, 27684, 0, 
97, 1, 17, 10, -1, 266, 153, 8.8, 28, ABalppappa, 309, 29011, 30520, 1052, , 29011, 25000, 28848, 29031, 0, 
98, 1, 222, 192, -1, 431, 105, 14.2, 28, ABplappaaa, 184, 28539, 30023, 1052, , 28539, 25000, 27591, 27598, 0, 
99, 1, 212, 243, -1, 221, 229, 13.4, 32, ABaraapapa, 249, 27683, 41081, 1484, , 27683, 25000, 27930, 28028, 0, 
100, 1, 156, 140, -1, 314, 212, 8.4, 32, ABalpapppp, 268, 27799, 41253, 1484, , 27799, 25000, 30458, 30371, 0, 
101, 1, 7, 34, -1, 344, 128, 11.5, 32, ABplppaaa, -116, 27284, 39071, 1432, , 27284, 25000, 27810, 27783, 0, 
102, 1, 272, 69, -1, 431, 344, 14.7, 31, Dppa, 305, 27708, 37905, 1368, , 27708, 25000, 28588, 28575, 0, 
103, 1, 20, 85, -1, 307, 313, 12.3, 30, MSpppaa, 301, 27472, 35934, 1308, , 27472, 25000, 28097, 28102, 0, 
104, 1, 181, 265, -1, 422, 124, 9.8, 28, ABplppapap, 210, 27201, 28615, 1052, , 27201, 25000, 27594, 27668, 0, 
105, 1, 95, 170, -1, 480, 219, 5.7, 30, ABplpppppa, 393, 35577, 46535, 1308, , 35577, 25000, 32784, 32629, 0, 
106, 1, 180, 53, -1, 401, 183, 6.6, 29, ABplpapapp, 222, 30931, 35756, 1156, , 30931, 25000, 32081, 32269, 0, 
107, 1, 185, 159, -1, 155, 263, 17.5, 28, MSaaaaaa, 222, 27190, 29365, 1080, , 27190, 25000, 27276, 27365, 0, 
108, 1, 125, 93, -1, 401, 336, 12.4, 30, Dpaa, -88, 28875, 33380, 1156, , 28875, 25000, 28636, 28677, 0, 
109, 1, 140, 168, -1, 286, 342, 14.6, 31, MSppapa, 299, 27552, 36699, 1332, , 27552, 25000, 27849, 27853, 0, 
110, 1, 149, 57, -1, 251, 176, 21.5, 30, ABalppppap, -155, 26646, 32828, 1232, , 26646, 25000, 27958, 27966, 0, 
111, 1, 197, 174, -1, 322, 348, 18.3, 32, MSppapp, 292, 28648, 45379, 1584, , 28648, 25000, 27888, 27893, 0, 
112, 1, 217, 177, 234, 408, 358, 25.2, 34, ABarpppaa, 331, 28343, 54191, 1912, , 28343, 25000, 27965, 28020, 0, 
113, 1, 91, 207, -1, 502, 338, 7.0, 31, ABprpppaap, 237, 30276, 47836, 1580, , 30276, 25000, 33358, 33663, 0, 
114, 1, 49, 23, -1, 523, 132, 20.4, 31, ABplapapaa, 275, 28173, 37526, 1332, , 28173, 25000, 27917, 27944, 0, 
115, 1, 209, 258, -1, 514, 184, 15.8, 35, Cappa, 351, 26809, 53939, 2012, , 26809, 25000, 28629, 28656, 0, 
116, 1, 236, 189, -1, 255, 372, 13.3, 28, ABprpaapaa, 221, 27338, 29088, 1064, , 27338, 25000, 28121, 28205, 0, 
117, 1, 106, 46, -1, 226, 305, 23.3, 29, ABalapppap, 289, 28355, 30283, 1068, , 28355, 25000, 28353, 28545, 0, 
118, 1, 224, 295, -1, 311, 122, 17.3, 29, ABplpaappa, -130, 26866, 28693, 1068, , 26866, 25000, 28144, 28322, 0, 
119, 1, 93, 300, -1, 370, 391, 15.5, 31, ABpraapppa, -155, 27221, 33536, 1232, , 27221, 25000, 28445, 28478, 0, 
120, 1, 162, 166, -1, 325, 215, 15.4, 31, MSaapaap, 278, 31462, 41907, 1332, , 31462, 25000, 29534, 29591, 0, 
121, 1, 54, 210, -1, 256, 328, 8.6, 27, ABarapppap, 215, 27972, 27636, 988, , 27972, 25000, 28993, 29042, 0, 
122, 1, 176, 164, -1, 445, 219, 19.8, 39, Epla, 372, 26992, 71582, 2652, , 26992, 25000, 28071, 28071, 0, 
123, 1, 285, 219, -1, 263, 198, 9.4, 28, ABalpapppa, -65, 28748, 28403, 988, , 28748, 25000, 29407, 29239, 0, 
124, 1, 92, 161, -1, 180, 151, 19.1, 29, ABalpppaap, 260, 26764, 32331, 1208, , 26764, 25000, 27371, 27373, 0, 
125, 1, 51, 8, -1, 571, 223, 11.1, 29, Caapa, 344, 26748, 32311, 1208, , 26748, 25000, 28283, 28383, 0, 
126, 1, 118, 196, -1, 348, 324, 6.6, 26, ABarappapp, 158, 33583, 27941, 832, , 33583, 25000, 32659, 32751, 0, 
127, 1, 24, 1, 308, 534, 169, 22.2, 35, ABarppapp, 347, 27765, 55863, 2012, , 27765, 25000, 27924, 27962, 0, 
128, 1, 9, 96, -1, 220, 222, 5.5, 28, ABalpapaap, 216, 36145, 39037, 1080, , 36145, 25000, 37849, 38084, 0, 
129, 1, 26, 302, -1, 293, 269, 13.4, 28, ABaraapppp, 235, 27341, 27013, 988, , 27341, 25000, 29193, 29353, 0, 
130, 1, 103, 145, -1, 230, 272, 6.5, 33, ABarapaaa, 330, 32946, 53505, 1624, , 32946, 25000, 33145, 33309, 0, 
131, 1, 167, 104, -1, 565, 346, 18.6, 29, ABprapapap, 260, 26314, 30419, 1156, , 26314, 25000, 27673, 27779, 0, 
132, 1, 251, 92, -1, 262, 137, 23.5, 31, ABplaapapa, 397, 26998, 33261, 1232, , 26998, 25000, 27639, 27588, 0, 
133, 1, 120, 75, -1, 458, 271, 13.8, 32, Z2, 98, 27224, 43776, 1608, , 27224, 25000, 28479, 28479, 0, 
134, 1, 192, 74, -1, 341, 302, 19.6, 37, Eara, 372, 27270, 63484, 2328, , 27270, 25000, 28313, 28318, 0, 
135, 1, 144, 7, -1, 377, 229, 9.2, 28, MSaappa, 345, 29217, 30736, 1052, , 29217, 25000, 28899, 28861, 0, 
136, 1, 208, 131, -1, 395, 187, 10.4, 32, MSaappp, 327, 26994, 40059, 1484, , 26994, 25000, 28416, 28416, 0, 
137, 1, 135, 238, -1, 429, 264, 9.3, 34, MSpappp, 328, 26904, 50687, 1884, , 26904, 25000, 28682, 28790, 0, 
138, 1, 152, 139, -1, 300, 337, 7.0, 26, ABarappapa, 159, 30669, 26130, 852, , 30669, 25000, 32030, 32038, 0, 
139, 1, 12, 218, -1, 212, 317, 7.9, 31, ABaraaapp, 171, 28972, 42879, 1480, , 28972, 25000, 30133, 30361, 0, 
140, 1, 177, 136, -1, 350, 178, 7.4, 30, ABplpapapa, 239, 28801, 33294, 1156, , 28801, 25000, 31971, 32191, 0, 
141, 1, 122, 24, -1, 265, 190, 16.4, 31, MSapapa, 294, 28245, 37622, 1332, , 28245, 25000, 28082, 28092, 0, 
142, 1, 29, 12, -1, 493, 118, 19.6, 29, ABplappapa, 322, 27157, 31393, 1156, , 27157, 25000, 27942, 28019, 0, 
143, 1, 227, 144, -1, 411, 220, 5.4, 29, ABplpapppa, 283, 34088, 39406, 1156, , 34088, 25000, 33331, 33144, 0, 
144, 1, 35, 251, -1, 470, 140, 6.5, 30, ABplpppaap, 254, 33953, 41830, 1232, , 33953, 25000, 34947, 35214, 0, 
145, 1, 276, 146, -1, 268, 272, 24.6, 30, ABarpaapaa, 236, 27494, 31783, 1156, , 27494, 25000, 27995, 28186, 0, 
146, 1, 22, 71, -1, 312, 404, 18.9, 27, ABpraappaa, 247, 29133, 26453, 908, , 29133, 25000, 27170, 27098, 0, 
147, 1, 31, 282, 292, 278, 302, 6.9, 31, ABarappaa, 165, 30790, 45569, 1480, , 30790, 25000, 32630, 32925, 0, 
148, 1, 261, 48, -1, 500, 386, 17.1, 29, ABprappapa, 285, 27379, 33074, 1208, , 27379, 25000, 27892, 27902, 0, 
149, 1, 289, 151, -1, 329, 252, 25.5, 34, ABarpaapap, 344, 27694, 46748, 1688, , 27694, 25000, 28432, 28489, 0, 
150, 1, 43, 198, -1, 584, 282, 10.3, 31, Cpappd, 266, 27507, 37630, 1368, , 27507, 25000, 28204, 28196, 0, 
151, 1, 184, 19, -1, 123, 255, 18.3, 27, ABalaaapar, -17, 26865, 24823, 924, , 26865, 25000, 27290, 27295, 0, 
152, 1, 146, 31, -1, 239, 148, 10.1, 27, ABalppapap, 214, 26705, 24248, 908, , 26705, 25000, 27830, 27842, 0, 
153, 1, 249, 45, -1, 313, 180, 20.6, 32, MSapapp, 277, 27263, 40459, 1484, , 27263, 25000, 28094, 28142, 0, 
154, 1, 89, 217, -1, 234, 277, 26.2, 33, ABarpaaap, 324, 27524, 48002, 1744, , 27524, 25000, 28445, 28570, 0, 
155, 1, 4, 103, 225, 455, 125, 10.8, 34, ABplppapp, 135, 27104, 51823, 1912, , 27104, 25000, 28067, 28099, 0, 
156, 1, 119, 176, -1, 190, 190, 21.2, 29, ABalapaapp, 179, 27980, 31114, 1112, , 27980, 25000, 28044, 27924, 0, 
157, 1, 179, 128, -1, 428, 169, 6.4, 27, ABplppppaa, 203, 31886, 31503, 988, , 31886, 25000, 32912, 33195, 0, 
158, 1, 141, 175, -1, 374, 348, 15.6, 31, MSppppp, 273, 28066, 37384, 1332, , 28066, 25000, 28241, 28268, 0, 
159, 1, 102, 91, -1, 430, 136, 6.7, 27, ABplpppaaa, 275, 32949, 30445, 924, , 32949, 25000, 33341, 33563, 0, 
160, 1, 275, 188, -1, 545, 366, 14.6, 29, ABprappapp, 231, 26465, 30594, 1156, , 26465, 25000, 27940, 27940, 0, 
161, 1, 80, 226, -1, 434, 372, 8.9, 28, ABprppapap, 175, 28617, 31135, 1088, , 28617, 25000, 28431, 28428, 0, 
162, 1, 147, 266, 309, 128, 297, 18.6, 32, ABalaaapp, 308, 26997, 40064, 1484, , 26997, 25000, 27762, 27807, 0, 
163, 1, 50, 73, -1, 214, 328, 14.4, 30, MSppaaa, 273, 28121, 32508, 1156, , 28121, 25000, 27753, 27790, 0, 
164, 1, 46, 113, -1, 264, 237, 26.5, 31, ABplaaaapa, 268, 27571, 33967, 1232, , 27571, 25000, 27887, 28000, 0, 
165, 1, 189, 32, -1, 463, 208, 9.4, 35, Capaa, 354, 27825, 53757, 1932, , 27825, 25000, 29282, 29332, 0, 
166, 1, 27, 262, -1, 456, 113, 18.2, 29, ABplapaapp, 178, 28661, 31871, 1112, , 28661, 25000, 27996, 27995, 0, 
167, 1, 90, 121, -1, 282, 227, 6.2, 30, ABalpappap, 246, 35114, 46350, 1320, , 35114, 25000, 34127, 34052, 0, 
168, 1, 174, 305, -1, 404, 261, 25.6, 33, ABarpaappp, 329, 27609, 45279, 1640, , 27609, 25000, 27999, 28079, 0, 
169, 1, 56, 296, -1, 376, 119, 11.6, 28, ABplppapaa, 201, 26651, 26331, 988, , 26651, 25000, 27869, 27910, 0, 
170, 1, 213, 223, -1, 276, 260, 5.3, 27, ABarapapaa, 231, 36193, 33442, 924, , 36193, 25000, 35253, 35310, 0, 
171, 1, 86, 20, -1, 281, 123, 16.5, 27, ABplpaapap, 274, 27826, 24932, 896, , 27826, 25000, 27818, 27998, 0, 
172, 1, 137, 283, -1, 396, 261, 8.5, 29, MSpappa, 277, 28264, 30525, 1080, , 28264, 25000, 29563, 29472, 0, 
173, 1, 190, 124, -1, 264, 223, 14.4, 29, ABaraapapp, 232, 27891, 32242, 1156, , 27891, 25000, 28506, 28437, 0, 
174, 1, 160, 200, -1, 563, 134, 12.5, 28, ABplapappa, -63, 27146, 29318, 1080, , 27146, 25000, 27878, 27878, 0, 
175, 1, 157, 106, -1, 441, 272, 25.6, 33, Cpaaaa, 259, 27485, 45076, 1640, , 27485, 25000, 27540, 27532, 0, 
176, 1, 259, 252, -1, 361, 271, 10.6, 32, MSpapap, 247, 32675, 48490, 1484, , 32675, 25000, 30488, 30618, 0, 
177, 1, 52, 293, -1, 403, 111, 16.6, 30, ABplaapppp, 17, 27657, 31972, 1156, , 27657, 25000, 28597, 28638, 0, 
178, 1, 101, 216, -1, 157, 290, 8.7, 28, ABaraaapaa, 85, 28575, 30404, 1064, , 28575, 25000, 28933, 28923, 0, 
179, 1, 1, 246, -1, 223, 284, 13.4, 28, ABaraappap, 409, 26134, 25820, 988, , 26134, 25000, 27977, 28179, 0, 
180, 1, 186, 99, -1, 139, 256, 9.5, 29, ABalpaapaa, 232, 27396, 29588, 1080, , 27396, 25000, 28689, 28874, 0, 
181, 1, 200, 109, -1, 301, 171, 9.9, 27, ABplpapaaa, 180, 28081, 25498, 908, , 28081, 25000, 29520, 29521, 0, 
182, 1, 219, 116, -1, 278, 286, 19.7, 31, MSpaaapp, 245, 29471, 40317, 1368, , 29471, 25000, 27904, 27904, 0, 
183, 1, 200, 186, -1, 347, 157, 9.5, 27, ABplpapaap, 188, 29227, 26187, 896, , 29227, 25000, 28304, 28317, 0, 
184, 1, 286, 288, -1, 301, 396, 14.9, 25, ABprpaapap, 125, 28757, 19785, 688, , 28757, 25000, 28024, 28198, 0, 
185, 1, 172, 86, -1, 344, 182, 24.4, 31, ABplaaappa, 257, 27954, 37235, 1332, , 27954, 25000, 28066, 28047, 0, 
186, 1, 161, 13, -1, 451, 351, 6.3, 28, ABprpppaaa, 224, 33946, 36119, 1064, , 33946, 25000, 34219, 34521, 0, 
187, 1, 166, 25, -1, 358, 284, 5.4, 30, ABprpappaa, 281, 34104, 39424, 1156, , 34104, 25000, 34107, 34529, 0, 
188, 1, 15, 190, -1, 258, 335, 24.8, 30, ABarpapaap, 258, 26917, 35530, 1320, , 26917, 25000, 27996, 28021, 0, 
189, 1, 159, 26, -1, 160, 190, 10.2, 27, ABalpaappa, -508, 27863, 24185, 868, , 27863, 25000, 28823, 28835, 0, 
190, 1, 110, 222, -1, 386, 143, 8.1, 31, ABplppaap, 164, 28374, 41993, 1480, , 28374, 25000, 29959, 29972, 0, 
191, 1, 84, 64, -1, 409, 399, 15.6, 31, ABpraapppp, 316, 27327, 36399, 1332, , 27327, 25000, 28339, 28410, 0, 
192, 1, 3, 291, 299, 171, 226, 24.2, 33, ABalapapa, -78, 27660, 48239, 1744, , 27660, 25000, 28445, 28421, 0, 
193, 1, 39, 35, -1, 191, 361, 13.4, 29, ABalaapap, 262, 26732, 30902, 1156, , 26732, 25000, 27171, 27121, 0, 
194, 1, 263, 267, -1, 252, 166, 25.1, 32, ABplaapaap, 274, 28303, 44606, 1576, , 28303, 25000, 27911, 27996, 0, 
195, 1, 223, 65, -1, 397, 292, 15.9, 37, Earp, 371, 27566, 67482, 2448, , 27566, 25000, 28740, 28740, 0, 
196, 1, 229, 237, -1, 545, 274, 12.5, 35, Cpppp, 333, 27425, 54411, 1984, , 27425, 25000, 28311, 28320, 0, 
197, 1, 291, 30, -1, 116, 261, 14.4, 32, ABalaaaar, 247, 28134, 41751, 1484, , 28134, 25000, 27440, 27469, 0, 
198, 1, 205, 178, -1, 240, 236, 7.2, 27, ABalpappaa, 11, 31741, 27551, 868, , 31741, 25000, 32099, 32356, 0, 
199, 1, 250, 306, -1, 257, 307, 15.6, 32, MSpaapa, 311, 27915, 41426, 1484, , 27915, 25000, 27867, 27878, 0, 
200, 1, 280, 230, -1, 289, 329, 21.2, 29, ABalappppp, 216, 26796, 29797, 1112, , 26796, 25000, 27891, 27891, 0, 
201, 1, 62, 211, -1, 377, 325, 6.2, 28, ABprpapapa, -132, 31797, 33450, 1052, , 31797, 25000, 33151, 33640, 0, 
202, 1, 203, 70, -1, 376, 220, 16.2, 36, Ealp, 155, 27335, 62324, 2280, , 27335, 25000, 28881, 28923, 0, 
203, 1, 124, 3, -1, 423, 118, 21.5, 29, ABplapaapa, 206, 27207, 29384, 1080, , 27207, 25000, 28083, 28180, 0, 
204, 1, 277, 204, -1, 567, 213, 22.6, 34, Caaapa, 315, 28311, 50393, 1780, , 28311, 25000, 28332, 28322, 0, 
205, 1, 123, 183, -1, 207, 225, 26.7, 30, ABplaaaaaa, 273, 27989, 36609, 1308, , 27989, 25000, 27792, 27809, 0, 
206, 1, 142, 143, -1, 539, 190, 12.2, 33, Cappp, 332, 27182, 47405, 1744, , 27182, 25000, 27974, 27998, 0, 
207, 1, 193, 202, -1, 301, 223, 25.6, 29, ABplaaaapp, 292, 27236, 31485, 1156, , 27236, 25000, 28444, 28448, 0, 
208, 1, 112, 239, -1, 438, 313, 6.5, 28, ABprppppaa, 250, 32143, 34714, 1080, , 32143, 25000, 32103, 32215, 0, 
209, 1, 44, 97, -1, 583, 221, 17.5, 33, Caaapp, 334, 27273, 44291, 1624, , 27273, 25000, 28412, 28412, 0, 
210, 1, 273, 122, -1, 144, 183, 20.6, 29, ABalapaapa, 180, 26277, 30376, 1156, , 26277, 25000, 27784, 27824, 0, 
211, 1, 19, 259, -1, 504, 212, 11.2, 34, Capap, 333, 27390, 52369, 1912, , 27390, 25000, 28807, 28832, 0, 
212, 1, 267, 50, -1, 478, 212, 24.6, 33, Caaaaa, 271, 27307, 44783, 1640, , 27307, 25000, 27840, 27864, 0, 
213, 1, 64, 185, -1, 339, 223, 10.7, 32, MSaapap, 321, 33835, 53595, 1584, , 33835, 25000, 29344, 29391, 0, 
214, 1, 41, 158, -1, 312, 177, 14.1, 32, MSappaa, 278, 27341, 43089, 1576, , 27341, 25000, 28591, 28617, 0, 
215, 1, 150, 2, -1, 223, 377, 14.9, 28, ABpraaaapa, 240, 28028, 30494, 1088, , 28028, 25000, 27106, 27078, 0, 
216, 1, 16, 81, 127, 308, 183, 25.6, 32, ABplaaapa, 279, 27600, 40958, 1484, , 27600, 25000, 28397, 28424, 0, 
217, 1, 45, 268, -1, 434, 289, 20.2, 38, Epra, 383, 27123, 71929, 2652, , 27123, 25000, 28132, 28132, 0, 
218, 1, 37, 115, -1, 438, 264, 5.4, 30, ABprpapppa, 292, 34569, 39962, 1156, , 34569, 25000, 33203, 33027, 0, 
219, 1, 130, 89, -1, 203, 323, 25.7, 30, ABarpapaaa, -6, 27398, 35837, 1308, , 27398, 25000, 29014, 29023, 0, 
220, 1, 32, 142, -1, 394, 249, 5.6, 29, ABprpappap, 475, 36324, 41991, 1156, , 36324, 25000, 34181, 34452, 0, 
221, 1, 138, 167, -1, 329, 252, 5.4, 29, ABarapapap, 194, 35173, 40660, 1156, , 35173, 25000, 35390, 35448, 0, 
222, 1, 284, 303, -1, 275, 204, 22.7, 28, ABalapappp, 260, 27368, 29120, 1064, , 27368, 25000, 28354, 28280, 0, 
223, 1, 116, 21, -1, 504, 227, 17.6, 38, Eplp, 382, 28285, 72976, 2580, , 28285, 25000, 28330, 28379, 0, 
224, 1, 34, 120, -1, 579, 170, 15.0, 28, ABplapappp, 281, 28544, 32198, 1128, , 28544, 25000, 28329, 28378, 0, 
225, 1, 21, 137, -1, 441, 394, 13.3, 29, ABprappaaa, 172, 27704, 29588, 1068, , 27704, 25000, 28038, 28043, 0, 
226, 1, 82, 235, -1, 524, 219, 6.9, 28, ABplpppppp, 283, 31678, 34466, 1088, , 31678, 25000, 32331, 32359, 0, 
227, 1, 88, 209, -1, 581, 281, 20.5, 34, Cpaapp, 336, 27457, 46347, 1688, , 27457, 25000, 28294, 28303, 0, 
228, 1, 198, 261, -1, 364, 399, 11.7, 27, ABprpaappp, 220, 26598, 24577, 924, , 26598, 25000, 28018, 28004, 0, 
229, 1, 18, 154, -1, 223, 245, 17.5, 31, MSaaapaa, 266, 26994, 33256, 1232, , 26994, 25000, 27883, 28010, 0, 
230, 1, 173, 264, -1, 504, 298, 5.8, 30, ABprpppppa, 555, 37014, 48859, 1320, , 37014, 25000, 35124, 35405, 0, 
231, 1, 33, 155, -1, 511, 283, 25.4, 34, Cpaaap, 174, 27599, 49127, 1780, , 27599, 25000, 27878, 27922, 0, 
232, 1, 126, 36, -1, 236, 361, 10.7, 28, ABprpaaaaa, 159, 27754, 29530, 1064, , 27754, 25000, 27393, 27325, 0, 
233, 1, 248, 68, -1, 183, 211, 16.6, 30, MSapaaa, 98, 27898, 32250, 1156, , 27898, 25000, 28446, 28450, 0, 
234, 1, 260, 232, -1, 564, 226, 7.9, 28, Cpappv, 284, 27672, 30107, 1088, , 27672, 25000, 30600, 30836, 0, 
235, 1, 218, 271, -1, 267, 153, 12.3, 28, ABplpaaaap, 257, 27232, 28975, 1064, , 27232, 25000, 27775, 27921, 0, 
236, 1, 220, 125, -1, 471, 145, 22.7, 35, ABarppapa, 333, 28031, 57183, 2040, , 28031, 25000, 28074, 28151, 0, 
237, 1, 100, 162, -1, 208, 167, 10.2, 28, ABalppapaa, -31, 27828, 29275, 1052, , 27828, 25000, 28344, 28391, 0, 
238, 1, 10, 94, -1, 202, 188, 12.8, 27, ABalpaappp, -122, 28035, 24334, 868, , 28035, 25000, 28255, 28276, 0, 
239, 1, 183, 117, -1, 426, 309, 11.5, 29, Dpap, 281, 28124, 30374, 1080, , 28124, 25000, 28763, 28781, 0, 
240, 1, 266, 90, -1, 484, 320, 24.3, 33, ABarpppapp, 227, 27020, 46906, 1736, , 27020, 25000, 28262, 28251, 0, 
241, 1, 104, 181, -1, 290, 178, 6.3, 26, ABalpapapp, -81, 38667, 33099, 856, , 38667, 25000, 36532, 36532, 0, 
242, 1, 70, 254, -1, 381, 166, 19.4, 32, MSapppp, -3, 27945, 41470, 1484, , 27945, 25000, 28140, 28172, 0, 
243, 1, 202, 67, -1, 217, 350, 22.4, 29, ABpraapaaa, -165, 27261, 31514, 1156, , 27261, 25000, 27984, 28125, 0, 
244, 1, 283, 213, -1, 285, 223, 18.5, 30, MSaaapap, 245, 27921, 34399, 1232, , 27921, 25000, 28358, 28369, 0, 
245, 1, 230, 193, -1, 334, 202, 5.4, 32, ABplpappaa, 320, 33842, 50221, 1484, , 33842, 25000, 34565, 34950, 0, 
246, 1, 129, 95, -1, 379, 333, 22.5, 32, ABarpapppp, 100, 28395, 40661, 1432, , 28395, 25000, 27943, 27953, 0, 
247, 1, 290, 179, -1, 239, 138, 14.7, 26, ABplpaapaa, 198, 27078, 23179, 856, , 27078, 25000, 27351, 27400, 0, 
248, 1, 80, 6, -1, 390, 388, 10.2, 29, ABprppapaa, 185, 27101, 30136, 1112, , 27101, 25000, 28095, 28144, 0, 
249, 1, 8, 255, 256, 337, 237, 20.2, 35, Eala, 280, 28326, 56992, 2012, , 28326, 25000, 28435, 28435, 0, 
250, 1, 68, 157, -1, 198, 296, 17.4, 30, MSpaaaap, 259, 27977, 32341, 1156, , 27977, 25000, 27892, 27981, 0, 
251, 1, 226, 205, -1, 428, 195, 25.1, 34, ABarppaapa, 243, 27272, 53890, 1976, , 27272, 25000, 27538, 27534, 0, 
252, 1, 204, 297, -1, 265, 304, 25.4, 30, ABarpapapa, 131, 27955, 32316, 1156, , 27955, 25000, 27731, 27753, 0, 
253, 1, 38, 272, -1, 359, 371, 9.7, 31, ABprppaaa, 78, 26869, 36757, 1368, , 26869, 25000, 27829, 27927, 0, 
254, 1, 87, 280, 289, 224, 229, 9.8, 32, ABalpaaap, 205, 28077, 45148, 1608, , 28077, 25000, 28397, 28242, 0, 
255, 1, 97, 194, -1, 345, 381, 23.4, 33, ABpraapapp, 166, 28474, 46698, 1640, , 28474, 25000, 27982, 28029, 0, 
256, 1, 288, 245, -1, 606, 279, 17.3, 32, Cpapap, 296, 27335, 43299, 1584, , 27335, 25000, 28570, 28567, 0, 
257, 1, 178, 110, -1, 528, 372, 20.6, 31, ABprapapaa, 272, 26630, 35471, 1332, , 26630, 25000, 27853, 27865, 0, 
258, 1, 98, 241, -1, 357, 171, 12.9, 29, MSappap, -17, 27445, 33153, 1208, , 27445, 25000, 28589, 28605, 0, 
259, 1, 69, 180, -1, 382, 377, 21.5, 31, ABprapaaaa, -145, 27627, 34037, 1232, , 27627, 25000, 27851, 27850, 0, 
260, 1, 235, 150, -1, 198, 240, 20.3, 31, MSaaaaap, -17, 27988, 38287, 1368, , 27988, 25000, 27843, 27843, 0, 
261, 1, 40, 118, -1, 250, 267, 12.8, 30, ABaraapppa, 162, 27343, 36093, 1320, , 27343, 25000, 28252, 28408, 0, 
262, 1, 240, 156, -1, 279, 127, 11.8, 25, ABplpaaapa, 217, 27943, 19672, 704, , 27943, 25000, 27726, 27726, 0, 
263, 1, 145, 101, -1, 376, 348, 8.4, 29, ABprpapaap, 216, 27945, 32304, 1156, , 27945, 25000, 29284, 29362, 0, 
264, 1, 47, 212, -1, 341, 160, 16.4, 30, MSapppa, 307, 27687, 32006, 1156, , 27687, 25000, 28172, 28162, 0, 
265, 1, 237, 138, -1, 547, 263, 7.5, 29, ABprpppppp, 195, 28925, 31239, 1080, , 28925, 25000, 32366, 32378, 0, 
266, 1, 228, 197, -1, 181, 274, 21.8, 30, ABalapppaa, 216, 28588, 37736, 1320, , 28588, 25000, 28004, 28010, 0, 
267, 1, 71, 169, -1, 475, 296, 5.8, 31, ABprppppap, 236, 34494, 50499, 1464, , 34494, 25000, 33099, 33467, 0, 
268, 1, 207, 224, -1, 304, 146, 23.4, 31, ABplaapapp, 550, 27658, 36840, 1332, , 27658, 25000, 28242, 28307, 0, 
269, 1, 247, 286, -1, 531, 335, 8.1, 27, ABprpppapa, 284, 28893, 26235, 908, , 28893, 25000, 29263, 29483, 0, 
270, 1, 265, 229, -1, 439, 336, 25.6, 32, ABarpppapa, 202, 27310, 40528, 1484, , 27310, 25000, 28074, 28014, 0, 
271, 1, 244, 231, -1, 509, 252, 5.8, 29, ABprpapppp, 32, 33969, 37774, 1112, , 33969, 25000, 35191, 35252, 0, 
272, 0, 245, -1, -1, 317, 293, 16.5, 29, , 252, -198, 30452, 1080, , 28196, 25000, 28394, 28394, 0, 
273, 1, 195, 100, -1, 301, 343, 25.3, 35, ABarpappa, 278, 27056, 55194, 2040, , 27056, 25000, 28228, 28403, 0, 
274, 1, 216, 214, -1, 332, 354, 14.4, 31, MSppppa, 279, 26516, 35319, 1332, , 26516, 25000, 27598, 27567, 0, 
275, 1, 239, 285, -1, 598, 234, 13.3, 31, Cpapaa, 257, 28387, 38833, 1368, , 28387, 25000, 28678, 28697, 0, 
276, 1, 96, 228, -1, 431, 376, 20.4, 31, ABprapaaap, 74, 28631, 38137, 1332, , 28631, 25000, 27988, 28039, 0, 
277, 1, 42, 47, -1, 507, 182, 6.8, 27, ABplpppapp, 199, 30550, 26517, 868, , 30550, 25000, 33834, 34054, 0, 
278, 1, 246, 98, -1, 195, 332, 21.6, 29, ABalaapppp, 231, 27651, 31964, 1156, , 27651, 25000, 28049, 28121, 0, 
279, 1, 175, 294, -1, 275, 241, 21.7, 30, MSaaaapp, 266, 27868, 36451, 1308, , 27868, 25000, 27928, 27942, 0, 
280, 1, 143, 108, -1, 324, 341, 9.5, 28, ABprpapaaa, 179, 27807, 30032, 1080, , 27807, 25000, 28700, 28695, 0, 
281, 1, 257, 27, -1, 232, 291, 9.8, 28, ABarapaapa, 163, 27468, 28896, 1052, , 27468, 25000, 28139, 28227, 0, 
282, 1, 14, 233, -1, 313, 374, 8.3, 28, ABarappppp, 208, 28422, 30241, 1064, , 28422, 25000, 28806, 28879, 0, 
283, 1, 127, 274, -1, 204, 139, 17.5, 29, ABalpppapa, 261, 28556, 30841, 1080, , 28556, 25000, 27306, 27449, 0, 
284, 1, 65, 105, -1, 263, 394, 17.0, 29, ABpraaaapp, 277, 27735, 34059, 1228, , 27735, 25000, 27846, 27870, 0, 
285, 1, 170, 172, 253, 472, 356, 21.6, 34, ABarppppa, 215, 27953, 49757, 1780, , 27953, 25000, 27870, 27860, 0, 
286, 1, 278, 5, -1, 194, 270, 26.5, 33, ABarpaaaa, 331, 27783, 45119, 1624, , 27783, 25000, 28132, 28190, 0, 
287, 1, 30, 221, -1, 331, 131, 21.0, 30, ABplaappap, 463, 27277, 36769, 1348, , 27277, 25000, 27922, 27939, 0, 
288, 1, 115, 80, -1, 239, 326, 21.0, 29, ABalappppa, 262, 26900, 33033, 1228, , 26900, 25000, 27685, 27691, 0, 
289, 1, 255, 152, -1, 148, 329, 20.4, 30, ABalaapppa, 201, 27776, 32109, 1156, , 27776, 25000, 26708, 26710, 0, 
290, 1, 11, 276, -1, 251, 206, 26.0, 30, ABplaaaaap, 283, 27764, 37426, 1348, , 27764, 25000, 28259, 28326, 0, 
291, 1, 247, 304, -1, 543, 303, 8.4, 28, ABprpppapp, 164, 27305, 26977, 988, , 27305, 25000, 29245, 29253, 0, 
292, 1, 282, 55, -1, 452, 232, 5.4, 29, ABplpapppp, 241, 34800, 40229, 1156, , 34800, 25000, 33379, 32890, 0, 
293, 1, 187, 43, -1, 270, 376, 22.6, 31, ABpraapaap, 401, 27281, 36338, 1332, , 27281, 25000, 28123, 28187, 0, 
294, 1, 169, 38, -1, 474, 173, 24.9, 31, ABarppaapp, 468, 26996, 39954, 1480, , 26996, 25000, 28103, 28073, 0, 
295, 1, 108, 279, -1, 309, 260, 10.0, 22, MSpapaaa, 383, 34393, 13207, 384, , 34393, 25000, 30765, 30823, 0, 
296, 0, 6, -1, -1, 89, 263, 17.0, 29, , 110, 3098, 36779, 1228, , 29950, 25000, 26821, 26852, 0, 
