1, 1, 169, 119, -1, 478, 301, 5.6, 30, ABprppppap, 263, 33137, 38306, 1156, , 33137, 25000, 33665, 34123, 0, 
2, 1, 129, 62, -1, 168, 336, 12.3, 29, ABalaapaa, 168, 26576, 28383, 1068, , 26576, 25000, 27318, 27319, 0, 
3, 1, 184, 232, -1, 301, 141, 9.1, 28, ABalppappp, -14, 28728, 31256, 1088, , 28728, 25000, 28782, 28711, 0, 
4, 1, 307, 76, -1, 431, 357, 7.0, 28, ABprppaapp, 142, 29557, 33340, 1128, , 29557, 25000, 31474, 31638, 0, 
5, 1, 280, 128, -1, 207, 217, 10.6, 27, ABalpaaapa, 175, 28616, 28273, 988, , 28616, 25000, 27667, 27705, 0, 
6, 1, 201, 215, -1, 289, 390, 11.6, 28, ABprpaaapa, 227, 27233, 26906, 988, , 27233, 25000, 27501, 27401, 0, 
7, 1, 79, 30, -1, 247, 376, 19.4, 30, ABpraaapap, 240, 27574, 31875, 1156, , 27574, 25000, 27525, 27594, 0, 
8, 1, 283, 49, -1, 393, 261, 8.2, 30, MSpappa, 252, 28038, 37010, 1320, , 28038, 25000, 29751, 29671, 0, 
9, 1, 282, 216, -1, 302, 298, 6.5, 26, ABarappaap, 175, 33018, 29584, 896, , 33018, 25000, 32848, 32879, 0, 
10, 1, 185, 309, -1, 331, 223, 11.2, 29, MSaapapa, 224, 30704, 34143, 1112, , 30704, 25000, 29210, 29218, 0, 
11, 1, 100, 136, -1, 318, 339, 24.8, 29, ABarpappap, 239, 27663, 30761, 1112, , 27663, 25000, 28839, 28922, 0, 
12, 1, 4, 118, -1, 262, 276, 8.8, 30, ABarapaapp, 270, 27672, 36527, 1320, , 27672, 25000, 28857, 28825, 0, 
13, 1, 57, 217, -1, 242, 179, 21.4, 30, ABalppppap, 159, 27752, 32081, 1156, , 27752, 25000, 27790, 27875, 0, 
14, 1, 35, 254, -1, 198, 363, 13.8, 30, ABalaapap, -202, 27527, 36335, 1320, , 27527, 25000, 27000, 26982, 0, 
15, 1, 39, 88, 287, 208, 368, 18.4, 33, ABpraaaaa, -212, 27640, 45330, 1640, , 27640, 25000, 27602, 27522, 0, 
16, 1, 37, 332, -1, 207, 355, 10.3, 27, ABarapppaa, -8, 27942, 25818, 924, , 27942, 25000, 27429, 27432, 0, 
17, 1, 58, 31, -1, 554, 282, 25.4, 35, Cpaapa, 329, 27816, 53741, 1932, , 27816, 25000, 28417, 28439, 0, 
18, 1, 289, 152, -1, 249, 229, 10.3, 28, ABalpaaapp, 184, 28421, 30240, 1064, , 28421, 25000, 28677, 28571, 0, 
19, 1, 36, 33, -1, 239, 369, 11.0, 27, ABprpaaaaa, -101, 26307, 27149, 1032, , 26307, 25000, 27501, 27406, 0, 
20, 1, 261, 253, -1, 351, 397, 11.7, 26, ABprpaappp, 264, 27127, 23221, 856, , 27127, 25000, 27495, 27501, 0, 
21, 1, 228, 294, -1, 428, 382, 19.4, 33, ABprapaaap, 329, 27766, 45537, 1640, , 27766, 25000, 27912, 27914, 0, 
22, 1, 143, 331, -1, 535, 184, 13.2, 33, Cappp, 336, 27534, 48019, 1744, , 27534, 25000, 28115, 28148, 0, 
23, 1, 140, 80, -1, 316, 215, 8.4, 33, ABalpapppp, 294, 28252, 46333, 1640, , 28252, 25000, 30626, 30048, 0, 
24, 1, 74, 74, 326, 346, 297, 19.8, 36, Eara, 251, 26870, 61264, 2280, , 26870, 25000, 28905, 28907, 0, 
25, 1, 218, 81, -1, 221, 331, 8.4, 26, ABaraaappp, 191, 29538, 24576, 832, , 29538, 25000, 28704, 28852, 0, 
26, 1, 192, 116, -1, 428, 105, 14.1, 29, ABplappaaa, 268, 27175, 32828, 1208, , 27175, 25000, 28287, 28293, 0, 
27, 1, 132, 299, -1, 188, 179, 24.7, 28, ABplaapaaa, 282, 27019, 28748, 1064, , 27019, 25000, 28535, 28551, 0, 
28, 1, 28, 143, -1, 138, 301, 11.8, 30, ABaraaaaa, -241, 26766, 35331, 1320, , 26766, 25000, 27653, 27653, 0, 
29, 1, 274, 292, -1, 195, 145, 18.4, 27, ABalpppapa, 8, 27233, 26906, 988, , 27233, 25000, 27401, 27442, 0, 
30, 1, 180, 45, -1, 377, 380, 20.5, 30, ABprapaaaa, -142, 26876, 33111, 1232, , 26876, 25000, 27723, 27908, 0, 
31, 1, 148, 125, -1, 150, 179, 15.8, 31, ABalppaaa, -102, 27059, 39615, 1464, , 27059, 25000, 27559, 27516, 0, 
32, 1, 84, 244, -1, 169, 352, 17.5, 32, ABalaappa, -194, 27126, 38845, 1432, , 27126, 25000, 27296, 27369, 0, 
33, 1, 80, 16, -1, 237, 327, 21.4, 29, ABalappppa, 281, 26926, 31127, 1156, , 26926, 25000, 27374, 27379, 0, 
34, 1, 171, 177, -1, 200, 194, 8.1, 28, ABalpapaaa, 223, 30018, 32660, 1088, , 30018, 25000, 30711, 30801, 0, 
35, 1, 121, 220, -1, 276, 226, 6.8, 29, ABalpappap, 231, 32907, 36593, 1112, , 32907, 25000, 33048, 33002, 0, 
36, 1, 145, 9, -1, 212, 288, 7.6, 27, ABarapaaaa, 199, 30227, 29864, 988, , 30227, 25000, 30929, 31314, 0, 
37, 1, 164, 145, -1, 447, 225, 19.7, 37, Epla, 360, 26751, 63668, 2380, , 26751, 25000, 28039, 28039, 0, 
38, 1, 144, 327, -1, 414, 224, 5.3, 30, ABplpapppa, 233, 35523, 46464, 1308, , 35523, 25000, 33782, 33798, 0, 
39, 1, 210, 92, -1, 250, 341, 8.5, 26, ABarapppap, 208, 27944, 25038, 896, , 27944, 25000, 28966, 29107, 0, 
40, 1, 123, 207, -1, 296, 378, 22.3, 29, ABpraapapa, 248, 27371, 29232, 1068, , 27371, 25000, 27570, 27599, 0, 
41, 1, 292, 149, -1, 255, 314, 6.4, 27, ABarappaaa, 183, 32590, 32199, 988, , 32590, 25000, 33449, 33571, 0, 
42, 1, 82, 267, -1, 159, 275, 14.5, 29, ABaraaaap, -20, 27843, 30070, 1080, , 27843, 25000, 28379, 28380, 0, 
43, 1, 162, 10, -1, 200, 167, 10.4, 28, ABalppapaa, 234, 26772, 26451, 988, , 26772, 25000, 28008, 27827, 0, 
44, 1, 193, 321, -1, 323, 205, 5.4, 33, ABplpappaa, 339, 34666, 56852, 1640, , 34666, 25000, 34392, 34898, 0, 
45, 1, 203, 117, 231, 536, 336, 21.5, 34, ABarppppp, 247, 27772, 46879, 1688, , 27772, 25000, 27740, 27680, 0, 
46, 1, 2, 54, -1, 230, 381, 15.1, 27, ABpraaaapa, -180, 27830, 25270, 908, , 27830, 25000, 27306, 27308, 0, 
47, 1, 205, 218, -1, 434, 211, 25.2, 31, ABarppaapa, 313, 27769, 40654, 1464, , 27769, 25000, 27698, 27628, 0, 
48, 1, 131, 293, -1, 387, 183, 10.2, 33, MSaappp, 318, 27639, 48203, 1744, , 27639, 25000, 28802, 28824, 0, 
49, 1, 176, 268, -1, 188, 202, 20.9, 29, ABalapaapp, 296, 27428, 33133, 1208, , 27428, 25000, 27963, 27969, 0, 
50, 1, 174, 235, -1, 314, 338, 18.4, 32, MSppapp, 252, 27976, 41517, 1484, , 27976, 25000, 27580, 27589, 0, 
51, 1, 209, 77, -1, 584, 282, 21.2, 34, Cpaapp, 330, 27816, 53184, 1912, , 27816, 25000, 28129, 28205, 0, 
52, 1, 246, 248, -1, 223, 278, 14.3, 29, ABaraappap, 81, 27319, 29177, 1068, , 27319, 25000, 28426, 28558, 0, 
53, 1, 270, 233, -1, 285, 255, 16.3, 29, MSaaapp, 281, 28662, 30611, 1068, , 28662, 25000, 28599, 28630, 0, 
54, 1, 255, 198, -1, 303, 231, 20.3, 30, Ealaa, 301, 28104, 36760, 1308, , 28104, 25000, 28576, 28632, 0, 
55, 1, 76, 138, -1, 240, 176, 7.5, 29, ABalpapapa, 121, 30678, 33132, 1080, , 30678, 25000, 32908, 33029, 0, 
56, 1, 212, 167, -1, 329, 162, 17.2, 31, MSapppa, 244, 27980, 40963, 1464, , 27980, 25000, 28114, 28158, 0, 
57, 1, 304, 190, -1, 546, 283, 8.1, 25, ABprpppapp, 184, 27497, 18918, 688, , 27497, 25000, 29315, 29383, 0, 
58, 1, 61, 317, -1, 454, 177, 15.5, 34, Dapp, 320, 28142, 47503, 1688, , 28142, 25000, 28417, 28457, 0, 
59, 1, 45, 302, -1, 309, 181, 21.3, 31, MSapapp, 264, 27245, 37271, 1368, , 27245, 25000, 28060, 28154, 0, 
60, 1, 18, 6, -1, 302, 126, 14.1, 28, ABplpaaapp, 258, 28249, 30735, 1088, , 28249, 25000, 27751, 27827, 0, 
61, 1, 111, 183, -1, 535, 142, 8.8, 27, ABplappppa, 270, 27566, 23927, 868, , 27566, 25000, 28026, 28049, 0, 
62, 1, 124, 194, -1, 264, 222, 15.0, 29, ABaraapapp, 220, 27384, 33628, 1228, , 27384, 25000, 28584, 28562, 0, 
63, 1, 256, 94, -1, 377, 233, 19.8, 32, Ealap, 266, 28276, 45468, 1608, , 28276, 25000, 28710, 28710, 0, 
64, 1, 202, 211, -1, 296, 216, 25.8, 29, ABplaaaapp, 277, 28238, 31401, 1112, , 28238, 25000, 28214, 28225, 0, 
65, 1, 153, 47, -1, 276, 356, 10.9, 28, ABprpaaaap, 282, 27289, 29690, 1088, , 27289, 25000, 27941, 28049, 0, 
66, 1, 302, 237, -1, 286, 271, 13.4, 28, ABaraapppp, 234, 27911, 27576, 988, , 27911, 25000, 29040, 28798, 0, 
67, 1, 238, 306, -1, 425, 278, 9.0, 34, MSpappp, 340, 28266, 56305, 1992, , 28266, 25000, 28823, 28927, 0, 
68, 1, 62, 159, -1, 551, 140, 16.9, 29, ABplapapap, 61, 26968, 32577, 1208, , 26968, 25000, 28773, 28837, 0, 
69, 1, 260, 251, -1, 217, 200, 22.4, 29, ABalapappa, 131, 27415, 31692, 1156, , 27415, 25000, 27467, 27455, 0, 
70, 1, 44, 155, -1, 260, 323, 12.3, 30, MSppaap, 22, 27670, 36192, 1308, , 27670, 25000, 28095, 28193, 0, 
71, 1, 172, 255, -1, 451, 377, 22.5, 31, ABarppppaa, 242, 27274, 33601, 1232, , 27274, 25000, 27460, 27542, 0, 
72, 1, 206, 170, -1, 522, 119, 16.5, 28, ABplappapp, 165, 28618, 30907, 1080, , 28618, 25000, 27636, 27614, 0, 
73, 1, 258, 162, -1, 503, 184, 16.4, 33, Cappa, 333, 27755, 45519, 1640, , 27755, 25000, 28037, 28091, 0, 
74, 1, 216, 258, -1, 158, 286, 8.1, 28, ABaraaapaa, -7, 30215, 32874, 1088, , 30215, 25000, 30117, 30165, 0, 
75, 1, 252, 182, -1, 345, 280, 10.4, 29, MSpapapa, 179, 32663, 37759, 1156, , 32663, 25000, 30519, 30565, 0, 
76, 1, 297, 123, -1, 263, 304, 25.6, 30, ABarpapapa, 258, 27347, 31613, 1156, , 27347, 25000, 28099, 28169, 0, 
77, 1, 275, 61, -1, 585, 330, 16.1, 28, ABprapappa, 251, 27574, 30001, 1088, , 27574, 25000, 27444, 27558, 0, 
78, 1, 139, 52, -1, 293, 334, 6.4, 29, ABarappapa, 224, 33955, 39252, 1156, , 33955, 25000, 33369, 33909, 0, 
79, 1, 242, 266, -1, 325, 404, 15.3, 29, ABprpaappa, 243, 26862, 28689, 1068, , 26862, 25000, 27437, 27474, 0, 
80, 1, 177, 228, -1, 422, 369, 23.6, 31, ABarpppaap, 244, 27197, 36227, 1332, , 27197, 25000, 27895, 27928, 0, 
81, 1, 296, 70, -1, 367, 120, 11.5, 29, ABplppapaa, 239, 27308, 29493, 1080, , 27308, 25000, 27718, 27760, 0, 
82, 1, 299, 89, -1, 152, 253, 23.7, 27, ABalapapaa, 194, 27716, 25610, 924, , 27716, 25000, 27516, 27486, 0, 
83, 1, 32, 126, -1, 461, 201, 9.5, 35, Capaa, 357, 27259, 54082, 1984, , 27259, 25000, 28773, 28770, 0, 
84, 1, 89, 29, -1, 204, 317, 26.5, 30, ABarpapaaa, 356, 29071, 35816, 1232, , 29071, 25000, 28681, 28709, 0, 
85, 1, 67, 65, -1, 222, 355, 23.1, 30, ABpraapaaa, 146, 27380, 37127, 1356, , 27380, 25000, 27696, 27927, 0, 
86, 1, 95, 168, -1, 379, 349, 22.5, 31, ABarpapppp, 236, 27307, 33642, 1232, , 27307, 25000, 28253, 28275, 0, 
87, 1, 83, 290, -1, 187, 301, 13.6, 26, ABaraappaa, -6, 27639, 22996, 832, , 27639, 25000, 27668, 27710, 0, 
88, 1, 254, 315, -1, 378, 173, 18.7, 32, MSapppp, 295, 27739, 43939, 1584, , 27739, 25000, 27847, 27933, 0, 
89, 1, 126, 59, -1, 585, 185, 11.3, 33, Caapp, 301, 27202, 47222, 1736, , 27202, 25000, 27594, 27583, 0, 
90, 1, 142, 328, -1, 387, 255, 5.4, 30, ABprpappap, 264, 33184, 38361, 1156, , 33184, 25000, 34016, 34409, 0, 
91, 1, 287, 3, -1, 383, 163, 15.6, 31, Daaa, 306, 27140, 36150, 1332, , 27140, 25000, 28663, 28735, 0, 
92, 1, 165, 96, -1, 169, 263, 11.2, 28, ABaraapaaa, 246, 28683, 30174, 1052, , 28683, 25000, 28202, 28272, 0, 
93, 1, 70, 305, -1, 341, 211, 16.6, 30, Ealpa, 213, 28013, 32383, 1156, , 28013, 25000, 29157, 29105, 0, 
94, 1, 30, 22, -1, 120, 263, 14.8, 30, ABalaaaar, 235, 27814, 36714, 1320, , 27814, 25000, 27544, 27540, 0, 
95, 1, 251, 236, -1, 472, 141, 7.3, 27, ABplpppaap, 218, 27699, 25594, 924, , 27699, 25000, 31740, 32105, 0, 
96, 1, 63, 175, -1, 534, 313, 15.1, 28, Cpppap, 205, 27006, 29383, 1088, , 27006, 25000, 27624, 27652, 0, 
97, 1, 9, 24, -1, 213, 182, 15.9, 29, MSapaap, 290, 27919, 33726, 1208, , 27919, 25000, 28228, 28224, 0, 
98, 1, 166, 27, -1, 307, 206, 15.7, 30, MSaapaap, 248, 34057, 44547, 1308, , 34057, 25000, 29287, 29406, 0, 
99, 1, 308, 223, -1, 511, 176, 24.2, 31, ABarppappa, 314, 28814, 42183, 1464, , 28814, 25000, 28036, 28055, 0, 
100, 1, 241, 147, -1, 353, 174, 13.4, 30, MSappap, 266, 28127, 32515, 1156, , 28127, 25000, 28760, 28800, 0, 
101, 1, 194, 286, -1, 333, 381, 22.6, 32, ABpraapapp, 298, 27968, 41504, 1484, , 27968, 25000, 27816, 27918, 0, 
102, 1, 7, 264, -1, 376, 230, 8.6, 29, MSaappa, 288, 28073, 32452, 1156, , 28073, 25000, 28914, 28952, 0, 
103, 1, 232, 280, -1, 568, 223, 8.2, 28, Cpappv, 263, 27251, 28668, 1052, , 27251, 25000, 29956, 30188, 0, 
104, 1, 114, 295, -1, 253, 153, 19.4, 29, ABalpppppa, 223, 27295, 31553, 1156, , 27295, 25000, 27803, 27822, 0, 
105, 1, 85, 257, -1, 310, 315, 12.4, 29, MSpppaa, -171, 27626, 31936, 1156, , 27626, 25000, 28376, 28354, 0, 
106, 1, 73, 41, -1, 214, 326, 14.4, 30, MSppaaa, -369, 26407, 30526, 1156, , 26407, 25000, 27623, 27616, 0, 
107, 1, 130, 185, -1, 270, 352, 7.2, 29, ABarappppa, 97, 29347, 32634, 1112, , 29347, 25000, 32291, 32647, 0, 
108, 1, 46, 17, -1, 221, 311, 22.8, 26, ABalapppap, 228, 27796, 22126, 796, , 27796, 25000, 27775, 27894, 0, 
109, 1, 138, 322, -1, 544, 249, 7.3, 29, ABprpppppp, 264, 28233, 30153, 1068, , 28233, 25000, 31506, 31775, 0, 
110, 1, 11, 225, -1, 340, 348, 24.7, 32, ABarpapppa, 263, 27699, 43875, 1584, , 27699, 25000, 28234, 28380, 0, 
111, 1, 189, 250, -1, 258, 373, 13.5, 28, ABprpaapaa, 87, 28456, 30733, 1080, , 28456, 25000, 27573, 27696, 0, 
112, 1, 107, 95, -1, 138, 186, 18.5, 29, ABalpppaaa, 253, 26196, 28292, 1080, , 26196, 25000, 27572, 27576, 0, 
113, 1, 188, 42, -1, 546, 364, 14.3, 29, ABprappapp, 127, 28857, 30819, 1068, , 28857, 25000, 28048, 28065, 0, 
114, 1, 187, 158, -1, 356, 143, 23.3, 31, ABplapaaaa, 211, 27461, 37567, 1368, , 27461, 25000, 28064, 28110, 0, 
115, 1, 56, 127, -1, 478, 110, 15.2, 28, ABplappaap, -68, 27188, 28602, 1052, , 27188, 25000, 27779, 27779, 0, 
116, 1, 65, 200, 281, 396, 290, 15.9, 35, Earp, 217, 28248, 58416, 2068, , 28248, 25000, 28869, 28869, 0, 
117, 1, 291, 303, -1, 182, 219, 25.0, 30, ABalapapap, 222, 27583, 37182, 1348, , 27583, 25000, 28649, 28753, 0, 
118, 1, 29, 110, -1, 296, 271, 8.3, 26, ABarapappa, 125, 28880, 24721, 856, , 28880, 25000, 29700, 29389, 0, 
119, 1, 178, 141, -1, 229, 247, 7.5, 27, ABalpappaa, 266, 30580, 27400, 896, , 30580, 25000, 31392, 31206, 0, 
120, 1, 99, 226, -1, 139, 257, 9.6, 28, ABalpaapaa, 223, 27240, 26913, 988, , 27240, 25000, 28527, 28502, 0, 
121, 1, 15, 111, 330, 139, 211, 13.1, 30, ABalaaaal, -80, 27103, 36752, 1356, , 27103, 25000, 27593, 27596, 0, 
122, 1, 43, 202, -1, 269, 370, 22.6, 30, ABpraapaap, 70, 27501, 31791, 1156, , 27501, 25000, 27834, 27896, 0, 
123, 1, 20, 75, -1, 278, 122, 17.5, 27, ABplpaapap, -63, 28060, 25142, 896, , 28060, 25000, 28190, 28242, 0, 
124, 1, 199, 85, -1, 320, 378, 11.6, 27, ABprpaaapp, 59, 28029, 27693, 988, , 28029, 25000, 27816, 27819, 0, 
125, 1, 301, 122, -1, 135, 303, 21.5, 28, ABalappapa, 255, 27308, 29493, 1080, , 27308, 25000, 27125, 27176, 0, 
126, 1, 262, 14, -1, 449, 109, 18.3, 28, ABplapaapp, 276, 28348, 30162, 1064, , 28348, 25000, 27838, 27838, 0, 
127, 1, 160, 269, -1, 406, 229, 11.5, 33, Z3, 336, 27304, 44341, 1624, , 27304, 25000, 28680, 28700, 0, 
128, 1, 217, 312, -1, 234, 275, 26.1, 32, ABarpaaap, 249, 27297, 43020, 1576, , 27297, 25000, 27862, 27941, 0, 
129, 1, 98, 289, -1, 197, 343, 21.8, 30, ABalaapppp, 163, 26922, 35537, 1320, , 26922, 25000, 27727, 27731, 0, 
130, 1, 135, 64, -1, 434, 408, 17.1, 27, ABprapaapa, -131, 26976, 24494, 908, , 26976, 25000, 27085, 27130, 0, 
131, 0, 141, -1, -1, 87, 264, 16.8, 29, , 763, 2590, 32531, 1112, , 29254, 25000, 26666, 26664, 0, 
132, 1, 158, 259, -1, 306, 175, 14.2, 31, MSappaa, 285, 26859, 39322, 1464, , 26859, 25000, 29163, 28908, 0, 
133, 1, 250, 144, -1, 412, 306, 5.5, 29, ABprpapapp, 172, 33597, 36285, 1080, , 33597, 25000, 33769, 33674, 0, 
134, 1, 100, 245, -1, 282, 342, 25.5, 30, ABarpappaa, 247, 28037, 34542, 1232, , 28037, 25000, 28251, 28222, 0, 
135, 1, 229, 2, -1, 428, 335, 25.4, 34, ABarpppapa, 315, 27230, 48470, 1780, , 27230, 25000, 28028, 28091, 0, 
136, 1, 92, 135, -1, 257, 140, 23.8, 30, ABplaapapa, -44, 27806, 36704, 1320, , 27806, 25000, 27877, 27886, 0, 
137, 1, 257, 271, -1, 504, 277, 18.0, 37, Eprp, 373, 27764, 70964, 2556, , 27764, 25000, 28126, 28116, 0, 
138, 1, 236, 21, -1, 529, 230, 24.6, 34, Caaaap, 339, 27236, 48480, 1780, , 27236, 25000, 28810, 28754, 0, 
139, 1, 285, 5, -1, 605, 226, 14.3, 31, Cpapaa, 307, 27064, 37023, 1368, , 27064, 25000, 28439, 28456, 0, 
140, 1, 34, 109, 320, 334, 133, 12.0, 31, ABplppaaa, 192, 27596, 43602, 1580, , 27596, 25000, 27656, 27748, 0, 
141, 1, 248, 275, -1, 160, 304, 16.5, 28, MSpaaaaa, -55, 26915, 29068, 1080, , 26915, 25000, 27890, 27894, 0, 
142, 1, 309, 99, -1, 142, 332, 16.9, 29, ABalaaappr, -218, 27205, 32864, 1208, , 27205, 25000, 27505, 27661, 0, 
143, 1, 40, 114, -1, 280, 236, 11.3, 29, MSaapaaa, 253, 34051, 36366, 1068, , 34051, 25000, 29306, 29474, 0, 
144, 1, 267, 279, -1, 239, 170, 25.4, 32, ABplaapaap, 232, 27721, 41138, 1484, , 27721, 25000, 28391, 28539, 0, 
145, 1, 235, 48, -1, 524, 219, 7.7, 30, ABplpppppp, 243, 29033, 37975, 1308, , 29033, 25000, 30986, 31187, 0, 
146, 1, 51, 222, -1, 517, 349, 11.2, 31, ABprapppa, 322, 26690, 39074, 1464, , 26690, 25000, 27648, 27647, 0, 
147, 1, 13, 35, -1, 458, 352, 6.1, 28, ABprpppaaa, 189, 33765, 36736, 1088, , 33765, 25000, 35615, 36075, 0, 
148, 1, 211, 179, -1, 377, 323, 5.8, 28, ABprpapapa, -183, 34298, 36082, 1052, , 34298, 25000, 32982, 33210, 0, 
149, 1, 5, 11, 296, 190, 275, 25.6, 33, ABarpaaaa, 230, 28321, 46447, 1640, , 28321, 25000, 27867, 27866, 0, 
150, 1, 38, 318, -1, 473, 175, 26.5, 32, ABarppaapp, 313, 28025, 40132, 1432, , 28025, 25000, 28447, 28440, 0, 
151, 1, 111, 180, -1, 545, 178, 9.7, 27, ABplappppp, 205, 28194, 26051, 924, , 28194, 25000, 28537, 28519, 0, 
152, 1, 19, 40, -1, 112, 263, 19.2, 24, ABalaaapar, 215, 27572, 18087, 656, , 27572, 25000, 27320, 27456, 0, 
153, 1, 220, 239, -1, 379, 222, 5.9, 25, ABplpappap, 236, 35008, 22265, 636, , 35008, 25000, 34351, 34504, 0, 
154, 1, 230, 187, -1, 287, 331, 21.7, 29, ABalappppp, 274, 27136, 28981, 1068, , 27136, 25000, 28042, 28035, 0, 
155, 1, 276, 291, -1, 241, 207, 25.9, 31, ABplaaaaap, 269, 27581, 40820, 1480, , 27581, 25000, 27802, 27834, 0, 
156, 1, 271, 329, -1, 257, 147, 12.7, 28, ABplpaaaap, 252, 28778, 30620, 1064, , 28778, 25000, 27525, 27631, 0, 
157, 1, 208, 206, -1, 356, 126, 18.5, 32, ABplaapppa, 320, 27752, 39741, 1432, , 27752, 25000, 28092, 28107, 0, 
158, 1, 108, 165, -1, 322, 336, 9.3, 29, ABprpapaaa, 240, 29527, 31535, 1068, , 29527, 25000, 29032, 28980, 0, 
159, 1, 91, 163, -1, 434, 137, 7.2, 27, ABplpppaaa, 254, 29476, 25585, 868, , 29476, 25000, 32350, 32704, 0, 
160, 1, 284, 205, -1, 265, 353, 17.4, 29, ABpraaappa, 242, 27908, 32262, 1156, , 27908, 25000, 27478, 27565, 0, 
161, 1, 239, 25, -1, 436, 323, 6.0, 27, ABprppppaa, 255, 34774, 35887, 1032, , 34774, 25000, 33543, 33486, 0, 
162, 1, 119, 234, -1, 199, 247, 14.3, 29, ABaraapaap, 252, 27531, 29403, 1068, , 27531, 25000, 28910, 29028, 0, 
163, 1, 12, 20, -1, 488, 125, 20.3, 29, ABplappapa, 285, 26909, 28739, 1068, , 26909, 25000, 27625, 27694, 0, 
164, 1, 10, 78, -1, 260, 150, 9.6, 27, ABalppappa, 272, 27321, 26993, 988, , 27321, 25000, 27784, 27667, 0, 
165, 1, 106, 57, -1, 441, 284, 26.4, 35, Cpaaaa, 347, 27517, 53163, 1932, , 27517, 25000, 28310, 28352, 0, 
166, 1, 75, 113, -1, 462, 273, 13.4, 32, Z2, -206, 27544, 40876, 1484, , 27544, 25000, 28911, 28911, 0, 
167, 1, 269, 265, -1, 388, 164, 25.1, 31, ABplaaappp, 314, 27343, 40468, 1480, , 27343, 25000, 27793, 27786, 0, 
168, 1, 94, 142, -1, 192, 187, 12.3, 28, ABalpaappp, -92, 28748, 30588, 1064, , 28748, 25000, 27820, 27869, 0, 
169, 1, 109, 137, -1, 294, 175, 10.3, 28, ABplpapaaa, 434, 29276, 31150, 1064, , 29276, 25000, 28722, 28806, 0, 
170, 1, 225, 90, -1, 477, 127, 11.2, 27, ABplppappp, 185, 27082, 23507, 868, , 27082, 25000, 27842, 27763, 0, 
171, 1, 281, 108, -1, 205, 279, 10.2, 29, ABaraaapap, 292, 27101, 30136, 1112, , 27101, 25000, 28634, 28525, 0, 
172, 1, 118, 13, -1, 251, 266, 12.5, 29, ABaraapppa, 288, 27192, 29367, 1080, , 27192, 25000, 28632, 28582, 0, 
173, 1, 183, 193, -1, 206, 228, 27.1, 31, ABplaaaaaa, 107, 27794, 41135, 1480, , 27794, 25000, 28284, 28267, 0, 
174, 1, 170, 26, -1, 484, 215, 5.6, 29, ABplpppppa, 254, 32996, 38143, 1156, , 32996, 25000, 33134, 32987, 0, 
175, 1, 49, 102, -1, 187, 152, 14.5, 31, ABalppaap, 179, 28222, 34769, 1232, , 28222, 25000, 27486, 27509, 0, 
176, 1, 167, 107, -1, 318, 255, 5.4, 28, ABarapapap, 209, 34603, 34188, 988, , 34603, 25000, 34744, 35133, 0, 
177, 1, 47, 38, -1, 520, 181, 7.1, 26, ABplpppapp, 186, 30748, 24598, 800, , 30748, 25000, 32459, 32585, 0, 
178, 1, 305, 100, -1, 403, 275, 25.9, 34, ABarpaappp, 342, 27743, 54821, 1976, , 27743, 25000, 27934, 27990, 0, 
179, 1, 288, 55, -1, 292, 399, 14.9, 27, ABprpaapap, -239, 27307, 24795, 908, , 27307, 25000, 27434, 27325, 0, 
180, 1, 42, 44, -1, 493, 381, 12.4, 28, ABprappaap, 159, 27768, 27435, 988, , 27768, 25000, 27768, 27764, 0, 
181, 1, 259, 283, -1, 502, 205, 10.2, 34, Capap, 326, 27938, 53417, 1912, , 27938, 25000, 28649, 28684, 0, 
182, 1, 197, 334, -1, 167, 288, 22.3, 27, ABalapppaa, 229, 26807, 24770, 924, , 26807, 25000, 27942, 27991, 0, 
183, 1, 266, 133, -1, 119, 291, 18.3, 28, ABalaaappl, 180, 27708, 29481, 1064, , 27708, 25000, 27063, 27087, 0, 
184, 1, 22, 84, 333, 398, 212, 25.5, 35, ABarppaaa, 284, 28581, 56705, 1984, , 28581, 25000, 27797, 27769, 0, 
185, 1, 8, 50, -1, 582, 226, 11.3, 29, Caapa, 307, 26877, 28705, 1068, , 26877, 25000, 28216, 28305, 0, 
186, 1, 23, 66, -1, 519, 136, 20.9, 30, ABplapapaa, 282, 26679, 36177, 1356, , 26679, 25000, 27914, 27948, 0, 
187, 1, 86, 91, -1, 355, 189, 24.6, 30, ABplaaappa, 245, 27361, 31629, 1156, , 27361, 25000, 27550, 27633, 0, 
188, 1, 145, 272, -1, 252, 276, 5.3, 27, ABarapaaap, 185, 37002, 34190, 924, , 37002, 25000, 34332, 34213, 0, 
189, 1, 27, 18, -1, 236, 307, 10.3, 26, ABarapaapa, 247, 28621, 24500, 856, , 28621, 25000, 28505, 28533, 0, 
190, 1, 278, 300, -1, 234, 162, 13.4, 27, ABplpaaaaa, 152, 27384, 27055, 988, , 27384, 25000, 27716, 27713, 0, 
191, 1, 1, 124, -1, 547, 172, 20.4, 30, ABarppappp, 235, 28460, 32900, 1156, , 28460, 25000, 28028, 28030, 0, 
192, 1, 150, 278, -1, 188, 248, 20.0, 30, MSaaaaap, 307, 27649, 37271, 1348, , 27649, 25000, 27898, 28027, 0, 
193, 1, 96, 164, -1, 229, 218, 5.8, 28, ABalpapaap, 157, 36587, 38490, 1052, , 36587, 25000, 36061, 36082, 0, 
194, 1, 136, 103, -1, 348, 180, 7.3, 29, ABplpapapa, 280, 29117, 31097, 1068, , 29117, 25000, 33085, 33181, 0, 
195, 1, 265, 188, -1, 407, 118, 9.3, 27, ABplppapap, 225, 28215, 26071, 924, , 28215, 25000, 27685, 27710, 0, 
196, 1, 159, 307, -1, 148, 261, 17.6, 27, MSaaaaaa, 270, 27626, 27294, 988, , 27626, 25000, 27878, 27921, 0, 
197, 1, 237, 284, -1, 549, 253, 11.6, 30, Cppppp, 203, 27946, 32305, 1156, , 27946, 25000, 28004, 28021, 0, 
198, 1, 182, 129, -1, 346, 111, 14.6, 29, ABplpaappp, 289, 26844, 31032, 1156, , 26844, 25000, 27504, 27482, 0, 
199, 1, 63, 4, -1, 489, 335, 16.3, 29, Cpppaa, 184, 27593, 29469, 1068, , 27593, 25000, 27625, 27728, 0, 
200, 1, 298, 93, -1, 393, 343, 6.9, 29, ABprppaapa, 144, 30416, 34674, 1140, , 30416, 25000, 31174, 31368, 0, 
201, 1, 156, 8, -1, 278, 124, 12.4, 25, ABplpaaapa, 591, 26358, 21930, 832, , 26358, 25000, 28136, 28161, 0, 
202, 1, 293, 37, -1, 399, 110, 16.5, 32, ABplaapppp, 93, 28449, 40739, 1432, , 28449, 25000, 28685, 28712, 0, 
203, 1, 120, 160, -1, 575, 166, 15.6, 28, ABplapappp, 122, 27578, 27247, 988, , 27578, 25000, 27979, 28006, 0, 
204, 1, 146, 97, -1, 270, 274, 25.5, 29, ABarpaapaa, 282, 27526, 29728, 1080, , 27526, 25000, 27985, 28091, 0, 
205, 1, 112, 132, -1, 205, 173, 20.2, 28, ABalppppaa, -301, 28566, 30051, 1052, , 28566, 25000, 27540, 27447, 0, 
206, 0, 60, -1, -1, 324, 282, 17.8, 28, , 219, 1120, 31870, 1052, , 30295, 25000, 29105, 29175, 0, 
207, 1, 277, 106, -1, 314, 297, 25.9, 32, ABarpapapp, 278, 29225, 46059, 1576, , 29225, 25000, 29409, 29398, 0, 
208, 1, 179, 140, -1, 235, 137, 15.4, 29, ABplpaapaa, -506, 27938, 32296, 1156, , 27938, 25000, 27521, 27510, 0, 
209, 1, 247, 238, -1, 298, 376, 18.0, 30, ABpraaappp, 303, 27122, 36561, 1348, , 27122, 25000, 27955, 27961, 0, 
210, 1, 14, 83, -1, 278, 123, 20.8, 28, ABplaappaa, -15, 26995, 28399, 1052, , 26995, 25000, 27300, 27251, 0, 
211, 1, 151, 86, -1, 331, 252, 25.4, 33, ABarpaapap, 325, 27247, 44685, 1640, , 27247, 25000, 28182, 28196, 0, 
212, 1, 66, 301, -1, 408, 157, 21.6, 30, ABplapaaap, 265, 26298, 30400, 1156, , 26298, 25000, 28359, 28399, 0, 
213, 1, 3, 101, -1, 418, 118, 21.9, 28, ABplapaapa, 237, 27745, 30187, 1088, , 27745, 25000, 27649, 27656, 0, 
214, 1, 102, 247, -1, 290, 156, 19.6, 32, ABalpppppp, 273, 28170, 41805, 1484, , 28170, 25000, 27813, 27789, 0, 
215, 1, 64, 277, -1, 401, 398, 15.2, 30, ABpraapppp, 264, 27504, 36305, 1320, , 27504, 25000, 27777, 27824, 0, 
216, 1, 157, 105, -1, 200, 295, 18.1, 30, MSpaaaap, 256, 27651, 37495, 1356, , 27651, 25000, 28225, 28359, 0, 
217, 1, 168, 214, -1, 279, 341, 14.9, 31, MSppapa, 306, 27564, 40794, 1480, , 27564, 25000, 27849, 27992, 0, 
218, 1, 163, 72, -1, 363, 286, 25.6, 34, ABarpaappa, 329, 28108, 50032, 1780, , 28108, 25000, 27894, 27888, 0, 
219, 1, 249, 154, -1, 338, 270, 7.3, 32, ABarapappp, 266, 29110, 46111, 1584, , 29110, 25000, 31678, 31521, 0, 
220, 1, 204, 249, -1, 562, 211, 22.7, 34, Caaapa, 339, 27727, 52237, 1884, , 27727, 25000, 28010, 28038, 0, 
221, 1, 214, 242, -1, 326, 348, 14.7, 30, MSppppa, 294, 26988, 35300, 1308, , 26988, 25000, 27610, 27669, 0, 
222, 1, 295, 319, -1, 311, 119, 17.4, 28, ABplpaappa, 220, 27593, 27262, 988, , 27593, 25000, 28089, 28111, 0, 
223, 1, 264, 39, -1, 510, 290, 5.6, 30, ABprpppppa, 245, 36427, 42110, 1156, , 36427, 25000, 36618, 36627, 0, 
224, 1, 240, 224, -1, 447, 376, 9.4, 27, ABprppappa, 187, 29484, 29130, 988, , 29484, 25000, 28300, 28190, 0, 
225, 1, 263, 252, -1, 473, 282, 8.5, 37, Cppaa, 370, 28561, 70145, 2456, , 28561, 25000, 29681, 29813, 0, 
226, 1, 303, 191, -1, 265, 201, 23.3, 29, ABalapappp, 216, 28074, 29983, 1068, , 28074, 25000, 28157, 28208, 0, 
227, 1, 149, 71, -1, 227, 136, 19.1, 29, ABalpppapp, 87, 27524, 33249, 1208, , 27524, 25000, 27602, 27557, 0, 
228, 1, 53, 153, -1, 394, 182, 5.8, 29, ABplpapapp, 237, 33996, 37804, 1112, , 33996, 25000, 34227, 34474, 0, 
229, 1, 116, 262, -1, 279, 286, 21.0, 33, MSpaaapp, 331, 28217, 51017, 1808, , 28217, 25000, 27792, 27801, 0, 
230, 1, 6, 104, -1, 383, 386, 10.4, 29, ABprppapaa, 222, 27490, 31779, 1156, , 27490, 25000, 27572, 27587, 0, 
231, 1, 155, 313, -1, 509, 298, 24.8, 33, Cpaaap, 328, 28212, 49202, 1744, , 28212, 25000, 28413, 28430, 0, 
232, 1, 26, 273, -1, 158, 200, 9.5, 29, ABalpaappa, 221, 29083, 31410, 1080, , 29083, 25000, 29084, 29113, 0, 
233, 1, 33, 201, 246, 509, 133, 12.4, 34, ABplapppa, 94, 27014, 48085, 1780, , 27014, 25000, 27458, 27473, 0, 
234, 1, 81, 298, -1, 280, 182, 26.2, 30, ABplaaapaa, 244, 28255, 37297, 1320, , 28255, 25000, 28530, 28500, 0, 
235, 1, 105, 195, -1, 263, 398, 17.5, 28, ABpraaaapp, -24, 27266, 29447, 1080, , 27266, 25000, 27447, 27453, 0, 
236, 1, 273, 34, -1, 353, 321, 12.4, 30, MSpppap, 296, 27119, 31350, 1156, , 27119, 25000, 28353, 28381, 0, 
237, 1, 128, 157, -1, 424, 174, 6.5, 28, ABplppppaa, 236, 31635, 34166, 1080, , 31635, 25000, 32724, 32621, 0, 
238, 1, 52, 67, -1, 334, 272, 14.5, 30, MSpapaap, 283, 35202, 43369, 1232, , 35202, 25000, 30548, 30548, 0, 
239, 1, 200, 199, -1, 560, 136, 12.4, 28, ABplapappa, 172, 27873, 27539, 988, , 27873, 25000, 27381, 27381, 0, 
240, 1, 16, 148, -1, 499, 149, 7.1, 31, ABplpppapa, 235, 31091, 46015, 1480, , 31091, 25000, 32609, 32828, 0, 
241, 1, 244, 131, -1, 210, 256, 22.4, 30, MSaaaapa, 264, 26685, 30848, 1156, , 26685, 25000, 27655, 27712, 0, 
242, 1, 195, 176, -1, 176, 324, 23.8, 29, ABalappapp, 214, 28897, 32133, 1112, , 28897, 25000, 27552, 27630, 0, 
243, 1, 219, 156, -1, 270, 198, 9.8, 28, ABalpapppa, 236, 29221, 30741, 1052, , 29221, 25000, 28679, 28761, 0, 
244, 1, 93, 256, -1, 391, 339, 12.6, 31, Dpaa, 281, 26418, 35189, 1332, , 26418, 25000, 28495, 28557, 0, 
245, 1, 218, 212, -1, 181, 314, 8.4, 27, ABaraaappa, 183, 28010, 27674, 988, , 28010, 25000, 29150, 29163, 0, 
246, 1, 243, 43, -1, 220, 222, 14.5, 29, ABaraapapa, 271, 26861, 29010, 1080, , 26861, 25000, 28311, 28480, 0, 
247, 1, 272, 115, -1, 352, 368, 10.1, 30, ABprppaaa, 296, 26957, 36554, 1356, , 26957, 25000, 27574, 27636, 0, 
248, 1, 117, 139, -1, 423, 317, 11.5, 31, Dpap, 316, 27335, 33677, 1232, , 27335, 25000, 28741, 28764, 0, 
249, 1, 90, 173, -1, 483, 336, 23.4, 33, ABarpppapp, 328, 28238, 46311, 1640, , 28238, 25000, 28023, 28067, 0, 
250, 1, 68, 219, -1, 178, 215, 16.7, 31, MSapaaa, 76, 27734, 37940, 1368, , 27734, 25000, 28015, 27989, 0, 
251, 1, 70, 324, -1, 400, 218, 15.4, 29, Ealpp, 187, 28145, 32536, 1156, , 28145, 25000, 28279, 28305, 0, 
252, 1, 161, 174, -1, 172, 161, 20.1, 27, ABalpppaap, 298, 28083, 25499, 908, , 28083, 25000, 28307, 28263, 0, 
253, 1, 300, 51, -1, 364, 387, 15.6, 31, ABpraapppa, 187, 26381, 35140, 1332, , 26381, 25000, 27990, 28059, 0, 
254, 1, 173, 87, -1, 474, 390, 17.4, 31, ABprapaapp, 211, 27725, 36930, 1332, , 27725, 25000, 27548, 27506, 0, 
255, 1, 48, 15, -1, 504, 390, 16.2, 29, ABprappapa, 287, 27816, 30931, 1112, , 27816, 25000, 28063, 28157, 0, 
256, 1, 286, 285, -1, 529, 328, 8.0, 28, ABprpppapa, 271, 29238, 32981, 1128, , 29238, 25000, 30466, 30363, 0, 
257, 1, 294, 79, -1, 271, 240, 22.3, 31, MSaaaapp, 256, 27892, 38156, 1368, , 27892, 25000, 28037, 27988, 0, 
258, 1, 224, 221, -1, 299, 156, 24.3, 31, ABplaapapp, 366, 27662, 37842, 1368, , 27662, 25000, 27981, 27938, 0, 
259, 1, 21, 150, -1, 501, 231, 16.9, 39, Eplp, 386, 27502, 75685, 2752, , 27502, 25000, 28130, 28175, 0, 
260, 1, 152, 274, -1, 148, 339, 20.3, 29, ABalaapppa, 248, 27425, 29290, 1068, , 27425, 25000, 27019, 27011, 0, 
261, 1, 213, 270, -1, 272, 222, 18.2, 28, MSaaapap, -82, 28047, 29505, 1052, , 28047, 25000, 28089, 28124, 0, 
262, 1, 237, 171, -1, 540, 280, 13.5, 30, Cppppa, 211, 26768, 32978, 1232, , 26768, 25000, 27651, 27620, 0, 
263, 1, 88, 60, -1, 221, 330, 18.5, 28, ABpraaapaa, 73, 27747, 29967, 1080, , 27747, 25000, 27693, 27585, 0, 
264, 1, 133, 161, -1, 181, 224, 11.4, 29, ABalpaapap, 197, 26822, 31006, 1156, , 26822, 25000, 28819, 28772, 0, 
265, 1, 72, 204, -1, 162, 244, 8.3, 28, ABalpaaaaa, 232, 28541, 30368, 1064, , 28541, 25000, 29423, 29703, 0, 
266, 1, 198, 241, -1, 589, 275, 10.5, 29, Cpappd, 292, 25864, 27933, 1080, , 25864, 25000, 28238, 28238, 0, 
267, 1, 306, 172, 288, 264, 299, 16.8, 35, MSpaapa, 242, 27465, 55260, 2012, , 27465, 25000, 28284, 28293, 0, 
268, 1, 31, 73, -1, 232, 153, 10.2, 26, ABalppapap, -128, 27437, 21840, 796, , 27437, 25000, 27300, 27353, 0, 
269, 1, 253, 12, -1, 500, 361, 20.8, 30, ABarppppap, 248, 27755, 36636, 1320, , 27755, 25000, 27919, 27995, 0, 
270, 1, 59, 325, -1, 455, 337, 16.0, 33, Dppp, 327, 27515, 49747, 1808, , 27515, 25000, 28192, 28326, 0, 
271, 1, 207, 260, -1, 505, 337, 6.5, 32, ABprpppaap, 199, 34872, 49936, 1432, , 34872, 25000, 33835, 34219, 0, 
272, 1, 252, 130, -1, 379, 275, 11.4, 29, MSpapapp, 206, 29586, 34201, 1156, , 29586, 25000, 30376, 30293, 0, 
273, 1, 137, 36, -1, 441, 400, 13.4, 29, ABprappaaa, 280, 26774, 30951, 1156, , 26774, 25000, 27561, 27568, 0, 
274, 1, 113, 304, -1, 260, 234, 26.5, 31, ABplaaaapa, 289, 27512, 33895, 1232, , 27512, 25000, 28061, 28111, 0, 
275, 1, 72, 69, -1, 205, 233, 6.3, 28, ABalpaaaap, 490, 34274, 36468, 1064, , 34274, 25000, 34905, 34929, 0, 
276, 1, 215, 240, -1, 423, 160, 16.6, 33, Dapa, 320, 27844, 45664, 1640, , 27844, 25000, 28668, 28691, 0, 
277, 1, 227, 181, -1, 123, 221, 16.9, 28, ABalaaapal, 259, 26367, 28687, 1088, , 26367, 25000, 27711, 27739, 0, 
278, 1, 41, 314, -1, 423, 164, 11.8, 31, Daap, 318, 27469, 40215, 1464, , 27469, 25000, 28713, 28707, 0, 
279, 1, 103, 282, -1, 437, 112, 10.1, 26, ABplppappa, 206, 27330, 21864, 800, , 27330, 25000, 28136, 28142, 0, 
280, 1, 268, 23, 146, 445, 292, 19.5, 36, Epra, 256, 27203, 58105, 2136, , 27203, 25000, 28078, 28078, 0, 
281, 1, 290, 197, -1, 564, 318, 10.4, 32, ABprapppp, 302, 27448, 40733, 1484, , 27448, 25000, 27799, 27804, 0, 
282, 1, 231, 178, -1, 505, 246, 6.0, 29, ABprpapppp, 216, 32979, 40498, 1228, , 32979, 25000, 34113, 34314, 0, 
283, 1, 87, 186, -1, 224, 290, 20.1, 29, MSpaaapa, 261, 27986, 33807, 1208, , 27986, 25000, 28027, 28024, 0, 
284, 1, 175, 297, -1, 366, 345, 16.2, 32, MSppppp, 275, 26880, 43223, 1608, , 26880, 25000, 28079, 28155, 0, 
285, 1, 78, 227, -1, 505, 284, 10.7, 35, Cppap, 350, 27555, 56212, 2040, , 27555, 25000, 28547, 28636, 0, 
286, 1, 122, 134, -1, 153, 190, 22.4, 30, ABalapaapa, 308, 27337, 31602, 1156, , 27337, 25000, 28019, 27998, 0, 
287, 1, 50, 310, -1, 478, 222, 24.9, 33, Caaaaa, 292, 27137, 47110, 1736, , 27137, 25000, 28594, 28623, 0, 
288, 1, 279, 311, -1, 306, 277, 11.1, 27, MSpapaaa, 273, 37535, 34082, 908, , 37535, 25000, 29938, 30075, 0, 
289, 1, 127, 169, -1, 330, 193, 24.9, 30, ABplaaapap, 240, 27392, 37143, 1356, , 27392, 25000, 27919, 27985, 0, 
290, 1, 101, 213, -1, 368, 346, 7.8, 27, ABprpapaap, -198, 27891, 24209, 868, , 27891, 25000, 30273, 30364, 0, 
291, 1, 147, 189, -1, 462, 179, 5.8, 30, ABplppppap, 284, 33514, 44238, 1320, , 33514, 25000, 33737, 33717, 0, 
292, 1, 223, 63, -1, 273, 264, 5.6, 27, ABarapapaa, -97, 35668, 35240, 988, , 35668, 25000, 34501, 34116, 0, 
293, 1, 55, 166, -1, 457, 233, 5.2, 30, ABplpapppp, 197, 34106, 45020, 1320, , 34106, 25000, 33243, 33120, 0, 
294, 1, 240, 32, -1, 484, 356, 9.5, 29, ABprppappp, 184, 27625, 29835, 1080, , 27625, 25000, 27912, 27907, 0, 
295, 1, 25, 263, -1, 357, 288, 5.5, 30, ABprpappaa, 273, 34183, 42114, 1232, , 34183, 25000, 33417, 33558, 0, 
296, 1, 233, 230, -1, 306, 367, 8.2, 28, ABarappppp, -63, 29342, 30868, 1052, , 29342, 25000, 29314, 29309, 0, 
297, 1, 154, 276, -1, 223, 242, 17.9, 31, MSaaapaa, 302, 27797, 41139, 1480, , 27797, 25000, 28047, 28036, 0, 
298, 1, 196, 192, -1, 347, 323, 5.7, 28, ABarappapp, 152, 36428, 38759, 1064, , 36428, 25000, 33423, 33465, 0, 
299, 1, 97, 56, -1, 585, 218, 18.3, 33, Caaapp, 293, 28210, 48973, 1736, , 28210, 25000, 28649, 28649, 0, 
300, 1, 181, 53, -1, 283, 177, 6.2, 28, ABalpapapp, 273, 36384, 38276, 1052, , 36384, 25000, 36540, 36540, 0, 
301, 1, 71, 151, -1, 310, 405, 18.9, 29, ABpraappaa, 247, 27748, 33520, 1208, , 27748, 25000, 27053, 26981, 0, 
302, 1, 77, 58, -1, 126, 226, 19.3, 28, ABalapaaaa, 235, 26747, 28459, 1064, , 26747, 25000, 28094, 28102, 0, 
303, 1, 226, 82, -1, 423, 388, 8.7, 29, ABprppapap, 219, 28074, 29983, 1068, , 28074, 25000, 28311, 28305, 0, 
304, 1, 77, 208, -1, 146, 224, 21.7, 27, ABalapaaap, 215, 29647, 27394, 924, , 29647, 25000, 27981, 28025, 0, 
305, 1, 110, 46, -1, 537, 376, 19.3, 30, ABprapapaa, 181, 27862, 36443, 1308, , 27862, 25000, 27663, 27650, 0, 
306, 1, 134, 19, -1, 589, 309, 13.3, 27, ABprapappp, 386, 27058, 25002, 924, , 27058, 25000, 28093, 28139, 0, 
307, 1, 54, 68, -1, 137, 273, 20.8, 29, ABalappaa, 290, 26867, 29876, 1112, , 26867, 25000, 27657, 27761, 0, 
308, 1, 115, 209, -1, 435, 268, 5.3, 31, ABprpapppa, 297, 33908, 46386, 1368, , 33908, 25000, 33284, 33364, 0, 
309, 1, 234, 308, -1, 385, 382, 24.4, 31, ABarpppaaa, -170, 28201, 37564, 1332, , 28201, 25000, 27485, 27457, 0, 
310, 1, 245, 243, -1, 601, 280, 17.8, 32, Cpapap, -204, 27781, 44672, 1608, , 27781, 25000, 28923, 28960, 0, 
311, 1, 104, 98, -1, 565, 349, 17.3, 29, ABprapapap, 230, 27512, 29383, 1068, , 27512, 25000, 28078, 28182, 0, 
312, 1, 222, 261, -1, 363, 148, 8.5, 27, ABplppaapa, 182, 28416, 25461, 896, , 28416, 25000, 28341, 28415, 0, 
313, 1, 221, 203, -1, 329, 132, 21.9, 31, ABplaappap, 236, 26984, 39936, 1480, , 26984, 25000, 27938, 27980, 0, 
314, 1, 125, 1, 323, 458, 160, 22.6, 36, ABarppapa, 238, 28050, 59242, 2112, , 28050, 25000, 28283, 28262, 0, 
315, 1, 69, 210, -1, 429, 352, 13.7, 32, Dppa, 324, 27186, 43062, 1584, , 27186, 25000, 28836, 28833, 0, 
316, 1, 185, 112, -1, 354, 226, 11.8, 28, MSaapapp, 190, 30742, 32341, 1052, , 30742, 25000, 29587, 29452, 0, 
317, 1, 17, 120, -1, 353, 398, 19.4, 33, ABpraappap, 291, 27202, 44612, 1640, , 27202, 25000, 27770, 27880, 0, 
318, 1, 186, 28, -1, 339, 151, 9.4, 24, ABplpapaap, 385, 27501, 19251, 700, , 27501, 25000, 28873, 29055, 0, 
319, 1, 24, 121, -1, 254, 183, 16.8, 31, MSapapa, 29, 27133, 39723, 1464, , 27133, 25000, 28280, 28283, 0, 
320, 1, 190, 184, -1, 253, 339, 25.4, 30, ABarpapaap, -428, 26928, 31129, 1156, , 26928, 25000, 27884, 27903, 0, 
321, 1, 222, 229, -1, 407, 144, 7.3, 26, ABplppaapp, 180, 30324, 25957, 856, , 30324, 25000, 31116, 31317, 0, 
322, 0, 191, -1, -1, 87, 264, 14.7, 27, , -767, 80, 24647, 924, , 26674, 25000, 26782, 26594, 0, 
