1, 1, 314, 308, -1, 482, 156, 22.5, 30, ABarppapap, 255, 27786, 34232, 1232, , 27786, 25000, 27837, 27843, 0, 
2, 1, 135, 132, -1, 424, 335, 25.6, 34, ABarpppapa, 341, 29002, 51624, 1780, , 29002, 25000, 28305, 28318, 0, 
3, 1, 91, 194, -1, 377, 166, 15.8, 31, Daaa, 293, 27501, 40262, 1464, , 27501, 25000, 28399, 28466, 0, 
4, 1, 199, 135, -1, 486, 340, 16.1, 30, Cpppaa, 249, 27765, 37649, 1356, , 27765, 25000, 28743, 28727, 0, 
5, 1, 139, 312, -1, 605, 222, 14.5, 30, Cpapaa, 303, 27074, 33355, 1232, , 27074, 25000, 28224, 28244, 0, 
6, 1, 60, 206, -1, 303, 128, 14.8, 28, ABplpaaapp, 274, 27024, 28429, 1052, , 27024, 25000, 28073, 28325, 0, 
7, 0, 131, -1, -1, 86, 265, 16.8, 28, , 122, 1869, 30004, 1052, , 28521, 25000, 26704, 26652, 0, 
8, 1, 201, 255, -1, 281, 121, 13.1, 26, ABplpaaapa, 255, 26248, 20998, 800, , 26248, 25000, 27531, 27437, 0, 
9, 1, 36, 56, -1, 211, 283, 7.5, 28, ABarapaaaa, 214, 29336, 31683, 1080, , 29336, 25000, 30803, 31007, 0, 
10, 1, 43, 86, -1, 204, 165, 10.2, 27, ABalppapaa, 259, 26848, 23304, 868, , 26848, 25000, 27955, 27917, 0, 
11, 1, 149, 216, -1, 203, 262, 26.0, 29, ABarpaaaap, 214, 28182, 34607, 1228, , 28182, 25000, 28187, 28234, 0, 
12, 1, 269, 11, -1, 492, 369, 20.3, 31, ABarppppap, 297, 28116, 38463, 1368, , 28116, 25000, 28025, 27903, 0, 
13, 1, 172, 180, -1, 249, 265, 12.7, 29, ABaraapppa, 237, 27386, 29248, 1068, , 27386, 25000, 28660, 28784, 0, 
14, 1, 126, 94, -1, 440, 114, 19.0, 28, ABplapaapp, 279, 27438, 30950, 1128, , 27438, 25000, 27863, 27872, 0, 
15, 1, 255, 20, -1, 499, 392, 16.0, 29, ABprappapa, 257, 27800, 34139, 1228, , 27800, 25000, 27694, 27750, 0, 
16, 1, 33, 331, -1, 232, 328, 21.5, 29, ABalappppa, 235, 28073, 30319, 1080, , 28073, 25000, 28049, 28087, 0, 
17, 1, 108, 335, -1, 209, 312, 23.5, 27, ABalapppap, 254, 27699, 24818, 896, , 27699, 25000, 28280, 28249, 0, 
18, 1, 189, 24, -1, 232, 307, 10.1, 26, ABarapaapa, 264, 27928, 22342, 800, , 27928, 25000, 28559, 28683, 0, 
19, 1, 306, 18, -1, 594, 307, 12.8, 27, ABprapappp, -263, 29294, 25427, 868, , 29294, 25000, 28022, 28027, 0, 
20, 1, 163, 53, -1, 485, 121, 20.4, 29, ABplappapa, 142, 28214, 32615, 1156, , 28214, 25000, 27709, 27725, 0, 
21, 1, 138, 258, -1, 532, 232, 24.6, 34, Caaaap, 313, 26810, 47721, 1780, , 26810, 25000, 27968, 27954, 0, 
22, 1, 94, 57, 264, 122, 271, 14.8, 30, ABalaaaar, 196, 27474, 36266, 1320, , 27474, 25000, 27637, 27631, 0, 
23, 1, 280, 272, -1, 427, 305, 20.5, 32, Epraa, 216, 28580, 40927, 1432, , 28580, 25000, 28165, 28176, 0, 
24, 1, 97, 114, -1, 214, 184, 15.6, 29, MSapaap, 262, 27359, 31627, 1156, , 27359, 25000, 27842, 27943, 0, 
25, 1, 161, 265, -1, 437, 322, 6.2, 29, ABprppppaa, 256, 34394, 38246, 1112, , 34394, 25000, 32453, 32572, 0, 
26, 1, 174, 241, -1, 482, 209, 5.8, 29, ABplpppppa, 288, 35095, 39026, 1112, , 35095, 25000, 33275, 33113, 0, 
27, 1, 98, 153, -1, 303, 209, 15.9, 30, MSaapaap, 283, 34945, 47386, 1356, , 34945, 25000, 29690, 29858, 0, 
28, 1, 318, 125, -1, 342, 159, 9.5, 26, ABplpapaap, 234, 27433, 24580, 896, , 27433, 25000, 28545, 28734, 0, 
29, 1, 84, 239, -1, 202, 316, 26.5, 30, ABarpapaaa, 289, 27843, 34302, 1232, , 27843, 25000, 28175, 28189, 0, 
30, 1, 7, 313, -1, 246, 371, 19.5, 28, ABpraaapap, 242, 27803, 30027, 1080, , 27803, 25000, 27200, 27060, 0, 
31, 1, 17, 288, -1, 554, 290, 25.0, 34, Cpaapa, 313, 28064, 55904, 1992, , 28064, 25000, 28199, 28199, 0, 
32, 1, 294, 27, -1, 488, 356, 9.0, 28, ABprppappp, 201, 27701, 31247, 1128, , 27701, 25000, 28208, 28177, 0, 
33, 1, 19, 80, -1, 239, 364, 10.6, 27, ABprpaaaaa, 244, 26268, 25953, 988, , 26268, 25000, 28077, 28162, 0, 
34, 1, 236, 200, -1, 353, 322, 12.2, 30, MSpppap, 284, 27401, 36169, 1320, , 27401, 25000, 27996, 27995, 0, 
35, 1, 147, 58, -1, 458, 352, 6.3, 29, ABprpppaaa, 228, 32709, 34933, 1068, , 32709, 25000, 34681, 35218, 0, 
36, 1, 273, 205, -1, 440, 398, 13.3, 29, ABprappaaa, 272, 26316, 28105, 1068, , 26316, 25000, 27884, 27856, 0, 
37, 1, 202, 233, -1, 393, 112, 17.2, 32, ABplaapppp, 93, 27231, 43788, 1608, , 27231, 25000, 28326, 28326, 0, 
38, 1, 177, 129, -1, 520, 178, 7.2, 24, ABplpppapp, 201, 28280, 18552, 656, , 28280, 25000, 33125, 33166, 0, 
39, 1, 223, 165, -1, 511, 290, 5.8, 29, ABprpppppa, 235, 36871, 41000, 1112, , 36871, 25000, 35594, 35631, 0, 
40, 1, 152, 62, -1, 112, 267, 19.1, 25, ABalaaapar, 224, 27849, 19160, 688, , 27849, 25000, 26917, 26836, 0, 
41, 1, 106, 67, -1, 213, 322, 14.2, 30, MSppaaa, 260, 27400, 36168, 1320, , 27400, 25000, 27852, 27888, 0, 
42, 1, 113, 257, -1, 542, 368, 13.8, 29, ABprappapp, 292, 28520, 31714, 1112, , 28520, 25000, 27517, 27514, 0, 
43, 1, 246, 243, -1, 223, 217, 14.4, 28, ABaraapapa, 15, 27727, 27394, 988, , 27727, 25000, 28017, 28037, 0, 
44, 1, 180, 106, -1, 489, 384, 12.3, 29, ABprappaap, 509, 26759, 28579, 1068, , 26759, 25000, 27707, 27707, 0, 
45, 1, 30, 154, -1, 377, 381, 19.9, 31, ABprapaaaa, 246, 27091, 40094, 1480, , 27091, 25000, 27509, 27565, 0, 
46, 1, 305, 197, -1, 533, 377, 18.6, 32, ABprapapaa, 473, 27321, 40545, 1484, , 27321, 25000, 27245, 27233, 0, 
47, 1, 65, 123, -1, 272, 352, 10.6, 28, ABprpaaaap, 270, 28073, 27736, 988, , 28073, 25000, 27789, 27823, 0, 
48, 1, 145, 289, -1, 522, 218, 7.4, 29, ABplpppppp, 260, 28491, 32936, 1156, , 28491, 25000, 32630, 32943, 0, 
49, 1, 8, 10, -1, 394, 255, 7.5, 31, MSpappa, 310, 28511, 35125, 1232, , 28511, 25000, 30735, 30048, 0, 
50, 1, 185, 21, -1, 586, 226, 11.3, 28, Caapa, 299, 28127, 29927, 1064, , 28127, 25000, 28216, 28295, 0, 
51, 1, 253, 220, -1, 360, 387, 15.7, 30, ABpraapppa, 262, 26946, 35245, 1308, , 26946, 25000, 27931, 27944, 0, 
52, 1, 78, 182, -1, 292, 331, 6.1, 29, ABarappapa, 212, 33704, 38422, 1140, , 33704, 25000, 34290, 34704, 0, 
53, 1, 300, 144, -1, 285, 169, 6.6, 28, ABalpapapp, 70, 35075, 34654, 988, , 35075, 25000, 35623, 35624, 0, 
54, 1, 46, 192, -1, 228, 382, 14.9, 28, ABpraaaapa, -181, 27035, 29414, 1088, , 27035, 25000, 26982, 26987, 0, 
55, 1, 179, 181, -1, 286, 398, 14.4, 27, ABprpaapap, 237, 27716, 27383, 988, , 27716, 25000, 27403, 27466, 0, 
56, 1, 299, 311, -1, 590, 218, 18.6, 32, Caaapp, 315, 27995, 41544, 1484, , 27995, 25000, 28358, 28366, 0, 
57, 1, 165, 252, -1, 442, 287, 26.4, 35, Cpaaaa, 283, 27407, 52950, 1932, , 27407, 25000, 27999, 28125, 0, 
58, 1, 302, 332, -1, 117, 231, 19.3, 27, ABalapaaaa, 272, 30432, 28119, 924, , 30432, 25000, 27505, 27483, 0, 
59, 1, 89, 196, -1, 583, 184, 11.7, 33, Caapp, 335, 26475, 45961, 1736, , 26475, 25000, 28113, 28171, 0, 
60, 1, 263, 280, -1, 217, 333, 18.5, 28, ABpraaapaa, 211, 26846, 28994, 1080, , 26846, 25000, 27924, 27829, 0, 
61, 1, 77, 108, -1, 587, 333, 15.5, 28, ABprapappa, 249, 27376, 29566, 1080, , 27376, 25000, 27574, 27631, 0, 
62, 1, 2, 13, -1, 169, 333, 12.3, 30, ABalaapaa, 247, 26890, 35172, 1308, , 26890, 25000, 27925, 27983, 0, 
63, 1, 292, 140, -1, 275, 264, 5.5, 35, ABarapapaa, 205, 35868, 71163, 1984, , 35868, 25000, 33375, 32990, 0, 
64, 1, 130, 303, -1, 426, 413, 16.8, 26, ABprapaapa, 235, 27314, 21742, 796, , 27314, 25000, 27372, 27354, 0, 
65, 1, 85, 31, -1, 215, 356, 23.2, 28, ABpraapaaa, 284, 27023, 28428, 1052, , 27023, 25000, 27779, 27687, 0, 
66, 1, 186, 1, -1, 521, 144, 20.8, 30, ABplapapaa, 114, 28014, 36978, 1320, , 28014, 25000, 27755, 27734, 0, 
67, 1, 238, 185, -1, 328, 276, 14.3, 29, MSpapaap, 271, 34226, 36553, 1068, , 34226, 25000, 30682, 30730, 0, 
68, 1, 307, 102, -1, 139, 275, 20.3, 31, ABalappaa, 293, 27201, 37211, 1368, , 27201, 25000, 28052, 28102, 0, 
69, 1, 275, 290, -1, 209, 237, 6.0, 28, ABalpaaaap, 192, 35229, 39738, 1128, , 35229, 25000, 34990, 35466, 0, 
70, 1, 81, 210, -1, 367, 120, 11.5, 30, ABplppapaa, 112, 26831, 33056, 1232, , 26831, 25000, 27519, 27589, 0, 
71, 1, 227, 167, -1, 228, 133, 19.3, 28, ABalpppapp, 249, 28558, 30386, 1064, , 28558, 25000, 27818, 27879, 0, 
72, 1, 218, 89, -1, 364, 288, 25.6, 34, ABarpaappa, 263, 28608, 50923, 1780, , 28608, 25000, 27940, 27984, 0, 
73, 1, 268, 121, -1, 232, 153, 10.5, 28, ABalppapap, 166, 27754, 29974, 1080, , 27754, 25000, 27722, 27794, 0, 
74, 1, 24, 322, -1, 316, 297, 20.8, 31, Earaa, 261, 28281, 41404, 1464, , 28281, 25000, 28166, 28148, 0, 
75, 1, 123, 188, -1, 276, 124, 18.1, 27, ABplpaapap, 276, 27102, 24609, 908, , 27102, 25000, 27543, 27570, 0, 
76, 1, 4, 195, -1, 434, 356, 7.4, 28, ABprppaapp, 215, 29116, 28767, 988, , 29116, 25000, 30853, 30869, 0, 
77, 1, 51, 179, -1, 585, 282, 20.5, 33, Cpaapp, 329, 26816, 43549, 1624, , 26816, 25000, 28282, 28356, 0, 
78, 1, 164, 130, -1, 258, 147, 9.8, 28, ABalppappa, 131, 26541, 27921, 1052, , 26541, 25000, 27458, 27470, 0, 
79, 1, 257, 83, -1, 271, 244, 22.7, 30, MSaaaapp, 290, 27712, 36247, 1308, , 27712, 25000, 27844, 27861, 0, 
80, 1, 23, 279, -1, 315, 209, 8.5, 32, ABalpapppp, 326, 27999, 40095, 1432, , 27999, 25000, 30653, 30174, 0, 
81, 1, 25, 166, -1, 222, 325, 7.8, 26, ABaraaappp, -220, 28440, 22638, 796, , 28440, 25000, 31105, 31327, 0, 
82, 1, 303, 250, -1, 419, 391, 8.6, 28, ABprppapap, 159, 27835, 27501, 988, , 27835, 25000, 28187, 28190, 0, 
83, 1, 210, 148, -1, 280, 124, 21.8, 27, ABplaappaa, 237, 26416, 22929, 868, , 26416, 25000, 28056, 28045, 0, 
84, 1, 184, 137, -1, 413, 199, 25.6, 32, ABarppaaap, 233, 27943, 41468, 1484, , 27943, 25000, 27517, 27594, 0, 
85, 1, 124, 238, -1, 318, 372, 11.8, 27, ABprpaaapp, 270, 27565, 23926, 868, , 27565, 25000, 28205, 28363, 0, 
86, 1, 211, 139, -1, 330, 254, 25.4, 33, ABarpaapap, 322, 27334, 44828, 1640, , 27334, 25000, 27906, 27905, 0, 
87, 1, 254, 150, -1, 467, 393, 17.3, 29, ABprapaapp, 186, 27827, 29719, 1068, , 27827, 25000, 28080, 28158, 0, 
88, 1, 15, 117, -1, 191, 365, 17.2, 27, ABpraaaaaa, 203, 26889, 23340, 868, , 26889, 25000, 27961, 28122, 0, 
89, 1, 82, 55, -1, 151, 260, 23.5, 27, ABalapapaa, 187, 27863, 24965, 896, , 27863, 25000, 27615, 27728, 0, 
90, 1, 170, 28, -1, 471, 124, 11.6, 27, ABplppappp, 225, 27985, 27649, 988, , 27985, 25000, 27946, 27947, 0, 
91, 1, 187, 159, -1, 355, 208, 26.0, 31, ABplaaappa, 271, 27875, 44042, 1580, , 27875, 25000, 27876, 28010, 0, 
92, 1, 39, 273, -1, 247, 341, 7.9, 26, ABarapppap, 200, 29794, 23835, 800, , 29794, 25000, 30366, 30436, 0, 
93, 1, 200, 82, -1, 393, 346, 6.5, 28, ABprppaapa, 217, 32857, 35486, 1080, , 32857, 25000, 32925, 33188, 0, 
94, 1, 63, 32, -1, 379, 237, 19.5, 33, Ealap, 337, 27744, 45056, 1624, , 27744, 25000, 28595, 28595, 0, 
95, 1, 112, 19, -1, 135, 192, 19.0, 28, ABalpppaaa, 247, 27510, 31031, 1128, , 27510, 25000, 27597, 27647, 0, 
96, 1, 92, 161, -1, 173, 256, 11.5, 28, ABaraapaaa, 251, 26124, 28214, 1080, , 26124, 25000, 28074, 28080, 0, 
97, 1, 204, 323, -1, 267, 274, 25.9, 29, ABarpaapaa, 282, 27366, 33058, 1208, , 27366, 25000, 27472, 27437, 0, 
98, 1, 311, 315, -1, 567, 352, 16.8, 28, ABprapapap, 267, 27301, 28721, 1052, , 27301, 25000, 27657, 27706, 0, 
99, 1, 142, 266, -1, 140, 330, 16.2, 28, ABalaaappr, 211, 27089, 28498, 1052, , 27089, 25000, 27486, 27586, 0, 
100, 1, 178, 304, -1, 405, 273, 26.2, 33, ABarpaappp, 268, 27235, 47498, 1744, , 27235, 25000, 28312, 28371, 0, 
101, 1, 213, 128, -1, 414, 127, 22.3, 28, ABplapaapa, 256, 28161, 29963, 1064, , 28161, 25000, 27847, 27764, 0, 
102, 1, 175, 178, -1, 186, 154, 15.1, 32, ABalppaap, 171, 26635, 41977, 1576, , 26635, 25000, 27309, 27325, 0, 
103, 1, 194, 268, -1, 354, 174, 6.5, 30, ABplpapapa, 269, 33952, 41829, 1232, , 33952, 25000, 34814, 34967, 0, 
104, 1, 230, 230, -1, 379, 380, 9.1, 28, ABprppapaa, 231, 27602, 30031, 1088, , 27602, 25000, 27841, 27844, 0, 
105, 1, 216, 235, -1, 201, 293, 18.0, 30, MSpaaaap, 276, 27167, 36621, 1348, , 27167, 25000, 28385, 28557, 0, 
106, 1, 207, 70, -1, 311, 301, 26.1, 32, ABarpapapp, 318, 28516, 44942, 1576, , 28516, 25000, 28383, 28384, 0, 
107, 1, 176, 96, -1, 312, 247, 5.4, 29, ABarapapap, 297, 37295, 43113, 1156, , 37295, 25000, 35012, 35084, 0, 
108, 1, 171, 267, -1, 204, 279, 10.2, 29, ABaraaapap, 293, 27124, 30162, 1112, , 27124, 25000, 28549, 28590, 0, 
109, 1, 140, 276, -1, 344, 134, 12.7, 26, ABplppaaap, 205, 26099, 22341, 856, , 26099, 25000, 27118, 27128, 0, 
110, 1, 118, 259, -1, 292, 270, 8.5, 26, ABarapappa, 268, 27329, 24487, 896, , 27329, 25000, 29526, 29287, 0, 
111, 1, 121, 294, -1, 146, 194, 12.9, 26, ABalaaaalp, 231, 27729, 22183, 800, , 27729, 25000, 27438, 27480, 0, 
112, 1, 316, 124, -1, 368, 227, 12.2, 29, MSaapapp, 207, 30718, 34158, 1112, , 30718, 25000, 29397, 29423, 0, 
113, 1, 166, 282, -1, 464, 271, 13.1, 32, Z2, 307, 27398, 43179, 1576, , 27398, 25000, 28375, 28375, 0, 
114, 1, 143, 245, -1, 281, 235, 11.3, 29, MSaapaaa, 188, 35020, 37401, 1068, , 35020, 25000, 29237, 29311, 0, 
115, 1, 247, 223, -1, 348, 367, 10.1, 31, ABprppaaa, 259, 26706, 39525, 1480, , 26706, 25000, 27869, 27972, 0, 
116, 1, 26, 97, -1, 422, 105, 14.5, 28, ABplappaaa, 172, 27781, 30004, 1080, , 27781, 25000, 28125, 28149, 0, 
117, 1, 45, 104, -1, 559, 330, 20.3, 30, ABarpppppp, 288, 27757, 36306, 1308, , 27757, 25000, 28229, 28235, 0, 
118, 1, 12, 115, -1, 260, 272, 8.9, 31, ABarapaapp, 151, 27624, 40883, 1480, , 27624, 25000, 28899, 29108, 0, 
119, 1, 1, 52, -1, 477, 303, 5.7, 30, ABprppppap, 250, 34443, 45052, 1308, , 34443, 25000, 33260, 33319, 0, 
120, 1, 317, 16, -1, 346, 393, 19.3, 31, ABpraappap, 186, 27265, 37298, 1368, , 27265, 25000, 27594, 27504, 0, 
121, 1, 319, 240, -1, 253, 180, 16.9, 30, MSapapa, 289, 26701, 36207, 1356, , 26701, 25000, 28117, 28165, 0, 
122, 1, 125, 295, -1, 132, 307, 21.4, 28, ABalappapa, 275, 26956, 26633, 988, , 26956, 25000, 27196, 27290, 0, 
123, 1, 76, 152, -1, 262, 305, 25.8, 30, ABarpapapa, 306, 27380, 36142, 1320, , 27380, 25000, 27871, 27930, 0, 
124, 1, 191, 199, -1, 554, 175, 20.0, 30, ABarppappp, 303, 26962, 36345, 1348, , 26962, 25000, 27766, 27762, 0, 
125, 1, 31, 88, -1, 155, 182, 16.3, 32, ABalppaaa, 206, 27152, 43008, 1584, , 27152, 25000, 27607, 27656, 0, 
126, 1, 83, 113, -1, 458, 200, 9.6, 35, Capaa, 351, 27290, 52724, 1932, , 27290, 25000, 28936, 28933, 0, 
127, 1, 115, 142, -1, 467, 112, 16.0, 28, ABplappaap, 282, 27797, 31355, 1128, , 27797, 25000, 27989, 28088, 0, 
128, 1, 5, 146, -1, 211, 210, 10.4, 27, ABalpaaapa, 152, 28185, 27847, 988, , 28185, 25000, 28269, 28361, 0, 
129, 1, 198, 213, -1, 344, 113, 15.2, 29, ABplpaappp, 262, 26117, 29042, 1112, , 26117, 25000, 27889, 27915, 0, 
130, 1, 272, 224, -1, 390, 271, 11.0, 29, MSpapapp, 221, 33509, 41149, 1228, , 33509, 25000, 29844, 29904, 0, 
131, 1, 241, 169, -1, 209, 257, 22.4, 31, MSaaaapa, 251, 27191, 36219, 1332, , 27191, 25000, 27920, 27968, 0, 
132, 1, 205, 93, -1, 203, 173, 20.5, 29, ABalppppaa, -26, 27373, 29563, 1080, , 27373, 25000, 28018, 27935, 0, 
133, 1, 183, 334, -1, 117, 300, 18.5, 28, ABalaaappl, 216, 27801, 30025, 1080, , 27801, 25000, 27358, 27322, 0, 
134, 1, 286, 151, -1, 147, 194, 22.6, 29, ABalapaapa, 282, 27687, 32006, 1156, , 27687, 25000, 27822, 27808, 0, 
135, 1, 136, 208, -1, 257, 148, 24.3, 30, ABplaapapa, 281, 28273, 36981, 1308, , 28273, 25000, 28117, 28215, 0, 
136, 1, 11, 271, -1, 323, 343, 25.5, 33, ABarpappap, 102, 27555, 44750, 1624, , 27555, 25000, 28542, 28647, 0, 
137, 1, 169, 270, -1, 292, 173, 10.8, 28, ABplpapaaa, 211, 28101, 29562, 1052, , 28101, 25000, 28563, 28573, 0, 
138, 1, 55, 254, -1, 242, 174, 7.6, 29, ABalpapapa, 119, 28085, 32466, 1156, , 28085, 25000, 32680, 32773, 0, 
139, 1, 248, 101, -1, 420, 317, 11.1, 30, Dpap, 302, 27524, 37322, 1356, , 27524, 25000, 28373, 28392, 0, 
140, 1, 208, 203, -1, 235, 135, 15.7, 27, ABplpaapaa, 225, 28236, 26090, 924, , 28236, 25000, 27365, 27331, 0, 
141, 1, 119, 168, -1, 230, 242, 7.4, 27, ABalpappaa, 217, 28263, 27924, 988, , 28263, 25000, 31500, 30966, 0, 
142, 1, 168, 300, -1, 194, 184, 12.1, 27, ABalpaappp, -96, 28412, 25798, 908, , 28412, 25000, 28017, 28106, 0, 
143, 1, 28, 133, -1, 142, 296, 11.9, 32, ABaraaaaa, 66, 27089, 42692, 1576, , 27089, 25000, 27335, 27347, 0, 
144, 1, 133, 284, -1, 410, 307, 5.5, 29, ABprpapapp, 226, 34112, 36841, 1080, , 34112, 25000, 34208, 33924, 0, 
145, 1, 37, 249, 261, 451, 226, 20.4, 35, Epla, 277, 27317, 52777, 1932, , 27317, 25000, 27953, 27953, 0, 
146, 1, 280, 105, -1, 470, 292, 19.6, 31, Eprap, 217, 27291, 36352, 1332, , 27291, 25000, 28165, 28200, 0, 
147, 1, 100, 286, -1, 352, 181, 13.7, 30, MSappap, 195, 28486, 37260, 1308, , 28486, 25000, 28199, 28198, 0, 
148, 1, 240, 118, -1, 495, 152, 7.7, 30, ABplpppapa, 237, 29784, 38957, 1308, , 29784, 25000, 30699, 30905, 0, 
149, 1, 41, 5, -1, 255, 310, 6.2, 26, ABarappaaa, 185, 32937, 26218, 796, , 32937, 25000, 32946, 32962, 0, 
150, 1, 259, 160, -1, 503, 234, 16.4, 38, Eplp, 379, 27638, 71307, 2580, , 27638, 25000, 28500, 28514, 0, 
151, 1, 301, 15, -1, 306, 404, 19.4, 29, ABpraappaa, 328, 27888, 32239, 1156, , 27888, 25000, 27316, 27266, 0, 
152, 1, 18, 29, -1, 252, 229, 10.5, 28, ABalpaaapp, 147, 28757, 31058, 1080, , 28757, 25000, 28829, 28376, 0, 
153, 1, 228, 61, -1, 391, 178, 6.1, 30, ABplpapapp, 270, 33691, 45685, 1356, , 33691, 25000, 34396, 34448, 0, 
154, 1, 219, 162, -1, 336, 260, 7.0, 30, ABarapappp, 292, 29973, 40403, 1348, , 29973, 25000, 32488, 32108, 0, 
155, 1, 70, 17, -1, 258, 319, 12.1, 29, MSppaap, 235, 27582, 33319, 1208, , 27582, 25000, 28447, 28435, 0, 
156, 1, 243, 42, -1, 269, 198, 10.2, 28, ABalpapppa, 8, 28305, 29777, 1052, , 28305, 25000, 28694, 28790, 0, 
157, 1, 237, 71, -1, 421, 174, 7.0, 28, ABplppppaa, 237, 30660, 34585, 1128, , 30660, 25000, 31791, 31684, 0, 
158, 1, 114, 171, -1, 355, 154, 23.6, 31, ABplapaaaa, 298, 27714, 36915, 1332, , 27714, 25000, 27739, 27759, 0, 
159, 1, 68, 14, -1, 548, 139, 17.2, 29, ABplapapap, 237, 27542, 30627, 1112, , 27542, 25000, 27954, 28012, 0, 
160, 1, 203, 191, -1, 574, 166, 15.6, 28, ABplapappp, 231, 27415, 27086, 988, , 27415, 25000, 28696, 28689, 0, 
161, 1, 264, 253, -1, 181, 222, 10.8, 29, ABalpaapap, 283, 28653, 31862, 1112, , 28653, 25000, 28177, 28264, 0, 
162, 1, 73, 222, 319, 498, 183, 16.3, 33, Cappa, 249, 27386, 47542, 1736, , 27386, 25000, 27909, 27923, 0, 
163, 1, 159, 40, -1, 433, 134, 7.5, 27, ABplpppaaa, 185, 28358, 25409, 896, , 28358, 25000, 31819, 32172, 0, 
164, 1, 193, 247, -1, 231, 214, 5.9, 27, ABalpapaap, 159, 35031, 31808, 908, , 35031, 25000, 36875, 37379, 0, 
165, 1, 158, 190, -1, 323, 330, 9.5, 29, ABprpapaaa, 215, 27441, 29636, 1080, , 27441, 25000, 27776, 27812, 0, 
166, 1, 293, 218, -1, 455, 226, 5.4, 30, ABplpapppp, 200, 36109, 41742, 1156, , 36109, 25000, 33547, 33356, 0, 
167, 1, 56, 292, -1, 328, 164, 17.4, 31, MSapppa, 268, 28276, 37663, 1332, , 28276, 25000, 28301, 28368, 0, 
168, 1, 86, 91, -1, 373, 360, 22.4, 30, ABarpapppp, 250, 27502, 31792, 1156, , 27502, 25000, 27397, 27472, 0, 
169, 1, 289, 157, -1, 328, 198, 25.3, 30, ABplaaapap, 192, 27041, 35369, 1308, , 27041, 25000, 28050, 27952, 0, 
170, 1, 72, 100, -1, 518, 120, 16.8, 28, ABplappapp, 274, 27052, 28459, 1052, , 27052, 25000, 27258, 27222, 0, 
171, 1, 262, 64, -1, 541, 288, 13.6, 30, Cppppa, 256, 27970, 32333, 1156, , 27970, 25000, 28135, 28251, 0, 
172, 1, 267, 116, -1, 279, 309, 16.4, 30, MSpaapap, 199, 28454, 32893, 1156, , 28454, 25000, 28071, 28156, 0, 
173, 1, 249, 8, -1, 478, 339, 23.2, 33, ABarpppapp, 308, 27818, 48515, 1744, , 27818, 25000, 28258, 28217, 0, 
174, 1, 252, 81, -1, 169, 163, 20.3, 26, ABalpppaap, 346, 28078, 24035, 856, , 28078, 25000, 27808, 27803, 0, 
175, 1, 96, 333, -1, 537, 316, 15.0, 29, Cpppap, 293, 26950, 33095, 1228, , 26950, 25000, 28309, 28325, 0, 
176, 1, 242, 35, -1, 173, 331, 23.6, 28, ABalappapp, 263, 27246, 26919, 988, , 27246, 25000, 28644, 28750, 0, 
177, 1, 34, 145, -1, 201, 194, 7.6, 28, ABalpapaaa, 257, 30246, 29883, 988, , 30246, 25000, 32427, 32551, 0, 
178, 1, 282, 246, -1, 502, 244, 5.8, 29, ABprpapppp, 348, 34942, 38855, 1112, , 34942, 25000, 34692, 34909, 0, 
179, 1, 148, 186, -1, 375, 323, 5.6, 28, ABprpapapa, 201, 35670, 35242, 988, , 35670, 25000, 33834, 33818, 0, 
180, 1, 151, 226, -1, 550, 179, 9.9, 26, ABplappppp, 233, 27478, 21982, 800, , 27478, 25000, 28397, 28418, 0, 
181, 1, 277, 211, -1, 127, 221, 16.7, 29, ABalaaapal, 277, 26919, 28749, 1068, , 26919, 25000, 27961, 27893, 0, 
182, 1, 75, 296, -1, 339, 279, 10.1, 28, MSpapapa, 213, 31983, 34798, 1088, , 31983, 25000, 29982, 29649, 0, 
183, 1, 61, 172, -1, 533, 140, 8.6, 27, ABplappppa, 11, 28883, 28536, 988, , 28883, 25000, 28493, 28495, 0, 
184, 1, 320, 187, -1, 245, 336, 25.5, 30, ABarpapaap, 281, 27938, 34419, 1232, , 27938, 25000, 28751, 28888, 0, 
185, 1, 107, 302, -1, 269, 347, 7.0, 26, ABarappppa, 249, 30014, 25572, 852, , 30014, 25000, 32252, 32500, 0, 
186, 1, 283, 44, -1, 224, 289, 19.8, 29, MSpaaapa, 292, 26670, 29657, 1112, , 26670, 25000, 28104, 28141, 0, 
187, 1, 154, 26, -1, 283, 336, 22.2, 29, ABalappppp, 212, 26853, 29860, 1112, , 26853, 25000, 28104, 28113, 0, 
188, 1, 195, 234, -1, 407, 116, 9.5, 27, ABplppapap, 234, 26280, 23547, 896, , 26280, 25000, 28030, 27931, 0, 
189, 1, 291, 92, -1, 458, 172, 6.1, 30, ABplppppap, 246, 32528, 44108, 1356, , 32528, 25000, 33863, 33986, 0, 
190, 1, 57, 330, -1, 546, 278, 8.3, 25, ABprpppapp, 207, 28990, 22148, 764, , 28990, 25000, 29472, 29403, 0, 
191, 1, 226, 54, -1, 259, 205, 23.3, 29, ABalapappp, 267, 27724, 29609, 1068, , 27724, 25000, 28149, 28097, 0, 
192, 1, 298, 78, -1, 342, 328, 5.6, 27, ABarappapp, 222, 36335, 35899, 988, , 36335, 25000, 34571, 34805, 0, 
193, 1, 173, 189, -1, 200, 225, 27.0, 31, ABplaaaaaa, 263, 28072, 44353, 1580, , 28072, 25000, 28241, 28316, 0, 
194, 1, 62, 173, -1, 263, 224, 15.3, 29, ABaraapapp, 219, 27833, 29726, 1068, , 27833, 25000, 28722, 28694, 0, 
195, 1, 235, 25, -1, 255, 397, 17.6, 29, ABpraaaapp, 221, 28099, 32482, 1156, , 28099, 25000, 27256, 27311, 0, 
196, 0, 322, -1, -1, 87, 264, 14.8, 26, , -461, 458, 21752, 796, , 27327, 25000, 26998, 26869, 0, 
197, 1, 281, 316, -1, 561, 311, 10.3, 31, ABprapppp, -81, 27849, 38097, 1368, , 27849, 25000, 27886, 27883, 0, 
198, 1, 54, 75, -1, 306, 235, 20.4, 32, Ealaa, 202, 27243, 40429, 1484, , 27243, 25000, 28281, 28278, 0, 
199, 1, 239, 147, -1, 557, 135, 12.6, 29, ABplapappa, 486, 26985, 31195, 1156, , 26985, 25000, 27659, 27678, 0, 
200, 1, 116, 41, -1, 424, 292, 15.2, 30, Earpp, 206, 28477, 37589, 1320, , 28477, 25000, 28376, 28376, 0, 
201, 1, 233, 99, -1, 488, 117, 14.1, 28, ABplapppaa, 178, 26781, 29138, 1088, , 26781, 25000, 27096, 27181, 0, 
202, 1, 122, 33, -1, 265, 372, 22.9, 30, ABpraapaap, 357, 26218, 35552, 1356, , 26218, 25000, 27565, 27628, 0, 
203, 1, 313, 119, -1, 328, 138, 22.6, 31, ABplaappap, 264, 27119, 36123, 1332, , 27119, 25000, 28236, 28324, 0, 
204, 1, 265, 9, -1, 162, 237, 8.3, 28, ABalpaaaaa, 286, 29257, 31129, 1064, , 29257, 25000, 29877, 30253, 0, 
205, 1, 160, 22, -1, 263, 355, 17.6, 29, ABpraaappa, 174, 27782, 32116, 1156, , 27782, 25000, 27470, 27545, 0, 
206, 1, 157, 138, -1, 353, 131, 19.4, 32, ABplaapppa, 293, 27489, 40793, 1484, , 27489, 25000, 28413, 28392, 0, 
207, 1, 40, 212, -1, 295, 376, 22.6, 29, ABpraapapa, 249, 27336, 31600, 1156, , 27336, 25000, 27723, 27837, 0, 
208, 1, 304, 60, -1, 147, 231, 22.5, 28, ABalapaaap, 218, 26942, 29097, 1080, , 26942, 25000, 27665, 27712, 0, 
209, 1, 308, 134, -1, 437, 264, 5.5, 31, ABprpapppa, 283, 34642, 42679, 1232, , 34642, 25000, 33138, 33286, 0, 
210, 1, 315, 164, -1, 426, 352, 13.5, 32, Dppa, 304, 27497, 39375, 1432, , 27497, 25000, 28551, 28543, 0, 
211, 1, 64, 214, -1, 294, 217, 26.1, 29, ABplaaaapp, 123, 28488, 34414, 1208, , 28488, 25000, 28421, 28418, 0, 
212, 1, 245, 175, -1, 178, 311, 8.3, 27, ABaraaappa, 204, 27617, 25518, 924, , 27617, 25000, 29908, 29975, 0, 
213, 1, 290, 278, -1, 364, 342, 7.6, 28, ABprpapaap, 215, 28890, 28543, 988, , 28890, 25000, 30057, 29526, 0, 
214, 1, 217, 202, -1, 273, 343, 14.6, 32, MSppapa, 272, 26660, 39564, 1484, , 26660, 25000, 27526, 27637, 0, 
215, 1, 6, 298, -1, 283, 387, 11.1, 28, ABprpaaapa, 271, 27672, 30107, 1088, , 27672, 25000, 27570, 27565, 0, 
216, 1, 9, 263, -1, 305, 298, 6.2, 26, ABarappaap, 194, 31382, 24980, 796, , 31382, 25000, 33197, 33140, 0, 
217, 1, 13, 23, -1, 243, 178, 21.5, 30, ABalppppap, 241, 27520, 33905, 1232, , 27520, 25000, 27710, 27630, 0, 
218, 1, 47, 274, -1, 443, 218, 25.4, 32, ABarppaapa, 301, 28152, 41778, 1484, , 28152, 25000, 28023, 28020, 0, 
219, 1, 250, 84, -1, 177, 216, 16.6, 30, MSapaaa, 289, 28592, 33052, 1156, , 28592, 25000, 28291, 28330, 0, 
220, 1, 35, 66, -1, 276, 224, 6.7, 28, ABalpappap, 172, 33549, 35696, 1064, , 33549, 25000, 32894, 32848, 0, 
221, 1, 258, 320, -1, 297, 163, 24.3, 31, ABplaapapp, 304, 27393, 37474, 1368, , 27393, 25000, 27786, 27783, 0, 
222, 1, 146, 43, -1, 519, 346, 11.2, 30, ABprapppa, 307, 27033, 35684, 1320, , 27033, 25000, 27992, 27999, 0, 
223, 1, 99, 275, -1, 508, 182, 24.3, 31, ABarppappa, 292, 26947, 36864, 1368, , 26947, 25000, 27672, 27701, 0, 
224, 1, 224, 7, -1, 445, 382, 9.3, 26, ABprppappa, -111, 28179, 24121, 856, , 28179, 25000, 28319, 28339, 0, 
225, 1, 110, 277, -1, 347, 343, 23.9, 30, ABarpapppa, 270, 28232, 38282, 1356, , 28232, 25000, 28241, 28430, 0, 
226, 1, 120, 215, -1, 143, 255, 9.5, 28, ABalpaapaa, 288, 27471, 29669, 1080, , 27471, 25000, 28503, 28442, 0, 
227, 1, 285, 90, -1, 507, 286, 10.5, 36, Cppap, -191, 27882, 59555, 2136, , 27882, 25000, 28191, 28259, 0, 
228, 1, 80, 76, -1, 418, 380, 24.3, 31, ABarpppaap, 279, 27201, 37211, 1368, , 27201, 25000, 27746, 27794, 0, 
229, 1, 321, 155, -1, 404, 141, 7.5, 27, ABplppaapp, 203, 29280, 26235, 896, , 29280, 25000, 31636, 31966, 0, 
230, 1, 296, 38, -1, 307, 363, 8.2, 28, ABarappppp, 240, 27976, 29431, 1052, , 27976, 25000, 29912, 29962, 0, 
231, 1, 45, 299, -1, 517, 352, 22.4, 30, ABarpppppa, -100, 27598, 31903, 1156, , 27598, 25000, 27902, 27877, 0, 
232, 1, 3, 269, -1, 298, 140, 9.4, 29, ABalppappp, 597, 28195, 32593, 1156, , 28195, 25000, 28152, 28116, 0, 
233, 1, 53, 177, -1, 283, 262, 16.5, 29, MSaaapp, 257, 27497, 29697, 1080, , 27497, 25000, 28263, 28267, 0, 
234, 1, 162, 251, -1, 200, 240, 13.9, 28, ABaraapaap, 281, 28040, 30507, 1088, , 28040, 25000, 28227, 28361, 0, 
235, 1, 50, 285, -1, 315, 341, 18.3, 32, MSppapp, 171, 27543, 43628, 1584, , 27543, 25000, 27613, 27691, 0, 
236, 1, 95, 79, -1, 471, 134, 7.8, 27, ABplpppaap, -304, 29044, 25210, 868, , 29044, 25000, 30689, 30899, 0, 
237, 1, 66, 95, -1, 284, 273, 13.1, 28, ABaraapppp, 276, 28703, 31229, 1088, , 28703, 25000, 29270, 29190, 0, 
238, 1, 209, 158, -1, 295, 380, 18.0, 30, ABpraaappp, 269, 26699, 35990, 1348, , 26699, 25000, 27189, 27206, 0, 
239, 1, 153, 87, -1, 381, 219, 5.7, 26, ABplpappap, 228, 34016, 29118, 856, , 34016, 25000, 34895, 34634, 0, 
240, 1, 276, 305, -1, 416, 162, 17.0, 34, Dapa, 293, 27260, 54301, 1992, , 27260, 25000, 28630, 28749, 0, 
241, 1, 266, 281, -1, 588, 272, 10.8, 29, Cpappd, 285, 28322, 31494, 1112, , 28322, 25000, 28511, 28490, 0, 
242, 1, 221, 122, -1, 323, 347, 14.6, 31, MSppppa, -221, 27233, 36274, 1332, , 27233, 25000, 27580, 27608, 0, 
243, 1, 310, 219, -1, 603, 285, 17.4, 32, Cpapap, 263, 27757, 41191, 1484, , 27757, 25000, 28181, 28279, 0, 
244, 1, 32, 209, -1, 168, 349, 16.6, 34, ABalaappa, 215, 26812, 47726, 1780, , 26812, 25000, 27436, 27534, 0, 
245, 1, 134, 309, -1, 276, 346, 25.8, 29, ABarpappaa, 232, 28498, 31690, 1112, , 28498, 25000, 28158, 28284, 0, 
246, 1, 233, 136, -1, 521, 143, 11.5, 28, ABplapppap, 93, 27182, 29357, 1080, , 27182, 25000, 27695, 27671, 0, 
247, 1, 214, 36, -1, 292, 161, 20.3, 31, ABalpppppp, 286, 27666, 37847, 1368, , 27666, 25000, 27528, 27578, 0, 
248, 1, 52, 297, -1, 224, 272, 14.5, 30, ABaraappap, 411, 27866, 34331, 1232, , 27866, 25000, 28173, 28196, 0, 
249, 1, 220, 325, -1, 559, 221, 22.6, 35, Caaapa, 353, 28144, 54374, 1932, , 28144, 25000, 28131, 28145, 0, 
250, 1, 111, 307, -1, 257, 375, 13.2, 28, ABprpaapaa, 225, 26704, 28093, 1052, , 26704, 25000, 27753, 27640, 0, 
251, 1, 69, 301, -1, 212, 201, 22.4, 28, ABalapappa, 264, 27697, 27365, 988, , 27697, 25000, 27768, 27772, 0, 
252, 1, 225, 46, -1, 474, 275, 8.4, 34, Cppaa, 339, 27308, 48609, 1780, , 27308, 25000, 29495, 29464, 0, 
253, 1, 20, 51, -1, 346, 396, 11.8, 27, ABprpaappp, 227, 26490, 22993, 868, , 26490, 25000, 26978, 27008, 0, 
254, 1, 14, 283, 329, 196, 360, 13.6, 31, ABalaapap, 203, 26654, 35503, 1332, , 26654, 25000, 27341, 27400, 0, 
255, 1, 71, 109, -1, 446, 384, 22.3, 31, ABarppppaa, 297, 27129, 37112, 1368, , 27129, 25000, 28299, 28407, 0, 
256, 1, 244, 227, -1, 388, 337, 12.8, 30, Dpaa, 256, 28517, 37643, 1320, , 28517, 25000, 28351, 28423, 0, 
257, 1, 105, 326, -1, 308, 315, 12.6, 30, MSpppaa, 246, 27710, 32033, 1156, , 27710, 25000, 27977, 27979, 0, 
258, 1, 74, 231, -1, 160, 282, 8.3, 28, ABaraaapaa, 237, 28443, 30263, 1064, , 28443, 25000, 29500, 29661, 0, 
259, 1, 132, 204, -1, 311, 176, 14.5, 31, MSappaa, 308, 28179, 34716, 1232, , 28179, 25000, 28766, 28593, 0, 
260, 1, 271, 198, -1, 502, 339, 6.3, 30, ABprpppaap, 241, 33070, 43256, 1308, , 33070, 25000, 35336, 35896, 0, 
261, 1, 312, 126, -1, 361, 142, 8.5, 26, ABplppaapa, 197, 27358, 24513, 896, , 27358, 25000, 28514, 28626, 0, 
262, 1, 229, 232, -1, 271, 290, 20.9, 34, MSpaaapp, 274, 27635, 54607, 1976, , 27635, 25000, 27723, 27706, 0, 
263, 1, 295, 225, -1, 354, 291, 5.6, 30, ABprpappaa, 254, 35472, 41006, 1156, , 35472, 25000, 33467, 33473, 0, 
264, 1, 102, 242, -1, 369, 229, 8.5, 29, MSaappa, 272, 28845, 31153, 1080, , 28845, 25000, 29688, 29726, 0, 
265, 1, 167, 120, -1, 382, 177, 25.1, 30, ABplaaappp, 289, 29265, 39684, 1356, , 29265, 25000, 28041, 28111, 0, 
266, 1, 79, 30, -1, 318, 403, 15.3, 29, ABprpaappa, -209, 26890, 28719, 1068, , 26890, 25000, 26598, 26639, 0, 
267, 1, 42, 4, -1, 161, 268, 14.8, 29, ABaraaaap, 111, 28373, 31551, 1112, , 28373, 25000, 27785, 27918, 0, 
268, 1, 49, 110, -1, 184, 205, 21.0, 29, ABalapaapp, 36, 27094, 33272, 1228, , 27094, 25000, 28004, 28083, 0, 
269, 1, 127, 45, -1, 408, 224, 11.4, 32, Z3, -84, 27146, 40285, 1484, , 27146, 25000, 28934, 28935, 0, 
270, 1, 261, 287, -1, 271, 220, 18.5, 29, MSaaapap, 186, 27085, 29252, 1080, , 27085, 25000, 28491, 28547, 0, 
271, 1, 137, 141, -1, 512, 280, 17.8, 37, Eprp, 367, 27102, 64285, 2372, , 27102, 25000, 28156, 28232, 0, 
272, 1, 188, 183, -1, 254, 270, 5.4, 29, ABarapaaap, 219, 36939, 42701, 1156, , 36939, 25000, 34535, 34706, 0, 
273, 1, 232, 217, -1, 157, 195, 9.5, 28, ABalpaappa, 233, 27815, 30040, 1080, , 27815, 25000, 28324, 28337, 0, 
274, 1, 260, 143, -1, 144, 340, 19.4, 29, ABalaapppa, 228, 28018, 32389, 1156, , 28018, 25000, 27316, 27314, 0, 
275, 1, 141, 174, -1, 159, 299, 16.4, 27, MSpaaaaa, -57, 27060, 26735, 988, , 27060, 25000, 27772, 27801, 0, 
276, 1, 297, 306, -1, 225, 243, 18.0, 29, MSaaapaa, 243, 27767, 34098, 1228, , 27767, 25000, 27617, 27622, 0, 
277, 1, 215, 68, -1, 397, 397, 14.3, 31, ABpraapppp, 313, 27289, 37331, 1368, , 27289, 25000, 28193, 28244, 0, 
278, 1, 192, 293, -1, 190, 249, 19.7, 31, MSaaaaap, 258, 27664, 37844, 1368, , 27664, 25000, 27841, 27912, 0, 
279, 1, 144, 156, -1, 228, 169, 25.3, 31, ABplaapaap, 677, 27535, 37668, 1368, , 27535, 25000, 28044, 28031, 0, 
280, 1, 103, 184, -1, 564, 219, 8.1, 28, Cpappv, 280, 28470, 30975, 1088, , 28470, 25000, 30378, 30447, 0, 
281, 1, 116, 237, -1, 366, 285, 15.2, 28, Earpa, 188, 27815, 29261, 1052, , 27815, 25000, 29195, 29197, 0, 
282, 1, 279, 72, -1, 435, 110, 11.0, 27, ABplppappa, 261, 27051, 27917, 1032, , 27051, 25000, 27784, 27830, 0, 
283, 1, 181, 163, -1, 499, 204, 9.8, 35, Capap, 315, 27443, 55215, 2012, , 27443, 25000, 28729, 28848, 0, 
284, 1, 197, 310, -1, 555, 244, 11.2, 30, Cppppp, -23, 27202, 35906, 1320, , 27202, 25000, 28435, 28393, 0, 
285, 1, 256, 103, -1, 527, 326, 7.2, 29, ABprpppapa, 257, 30644, 34076, 1112, , 30644, 25000, 32928, 32885, 0, 
286, 1, 101, 236, -1, 331, 381, 22.5, 32, ABpraapapp, 135, 27607, 39533, 1432, , 27607, 25000, 27863, 27808, 0, 
287, 1, 15, 176, -1, 219, 374, 18.4, 27, ABpraaaaap, 183, 26661, 26341, 988, , 26661, 25000, 28009, 27941, 0, 
288, 1, 267, 111, -1, 243, 294, 16.7, 31, MSpaapaa, 216, 27012, 36953, 1368, , 27012, 25000, 28348, 28380, 0, 
289, 1, 129, 328, -1, 191, 348, 20.8, 31, ABalaapppp, 270, 27004, 39534, 1464, , 27004, 25000, 28088, 28151, 0, 
290, 1, 87, 47, -1, 187, 293, 13.6, 25, ABaraappaa, 439, 26650, 22173, 832, , 26650, 25000, 28120, 28087, 0, 
291, 1, 155, 77, -1, 237, 211, 26.0, 30, ABplaaaaap, 278, 27959, 37689, 1348, , 27959, 25000, 28059, 28021, 0, 
292, 1, 29, 262, -1, 192, 146, 18.8, 28, ABalpppapa, 224, 27144, 28556, 1052, , 27144, 25000, 27486, 27449, 0, 
293, 1, 48, 291, -1, 382, 183, 10.6, 32, MSaappp, 221, 28038, 41608, 1484, , 28038, 25000, 28270, 28268, 0, 
294, 1, 21, 127, -1, 416, 377, 18.5, 31, ABprapaaap, -137, 26924, 33170, 1232, , 26924, 25000, 28386, 28385, 0, 
295, 1, 104, 39, -1, 252, 155, 19.7, 29, ABalpppppa, 238, 28394, 30325, 1068, , 28394, 25000, 27614, 27803, 0, 
296, 1, 149, 34, -1, 167, 282, 24.4, 30, ABarpaaaaa, 251, 26498, 30632, 1156, , 26498, 25000, 27511, 27519, 0, 
297, 1, 284, 318, -1, 364, 341, 16.5, 32, MSppppp, 298, 28277, 40492, 1432, , 28277, 25000, 28033, 28045, 0, 
298, 1, 234, 12, -1, 272, 185, 26.5, 30, ABplaaapaa, 418, 29031, 35766, 1232, , 29031, 25000, 28319, 28357, 0, 
299, 1, 27, 63, -1, 184, 178, 24.7, 29, ABplaapaaa, 290, 27467, 29335, 1068, , 27467, 25000, 28184, 28185, 0, 
300, 1, 190, 85, -1, 231, 159, 13.7, 26, ABplpaaaaa, 233, 27083, 23183, 856, , 27083, 25000, 27617, 27649, 0, 
301, 1, 212, 6, -1, 401, 162, 21.6, 31, ABplapaaap, 313, 28158, 37506, 1332, , 28158, 25000, 28182, 28215, 0, 
302, 1, 59, 229, -1, 307, 190, 21.4, 32, MSapapp, 272, 27651, 41034, 1484, , 27651, 25000, 27816, 27802, 0, 
303, 1, 117, 193, -1, 175, 223, 25.5, 31, ABalapapap, 224, 27668, 34087, 1232, , 27668, 25000, 28437, 28376, 0, 
304, 1, 274, 201, -1, 258, 237, 26.5, 30, ABplaaaapa, 232, 29724, 36620, 1232, , 29724, 25000, 27594, 27556, 0, 
305, 1, 93, 49, -1, 337, 219, 16.7, 31, Ealpa, -504, 27555, 37695, 1368, , 27555, 25000, 29444, 29154, 0, 
306, 1, 67, 2, -1, 424, 283, 8.6, 34, MSpappp, 119, 27731, 49361, 1780, , 27731, 25000, 29729, 29638, 0, 
307, 1, 196, 321, -1, 144, 260, 17.4, 27, MSaaaaaa, 219, 26382, 26065, 988, , 26382, 25000, 27756, 27612, 0, 
308, 1, 309, 149, -1, 382, 393, 23.5, 30, ABarpppaaa, 237, 26429, 32560, 1232, , 26429, 25000, 27271, 27291, 0, 
309, 1, 10, 317, -1, 316, 224, 11.2, 29, MSaapapa, 216, 31280, 34783, 1112, , 31280, 25000, 29264, 29281, 0, 
310, 1, 287, 65, -1, 482, 227, 24.8, 33, Caaaaa, 307, 27631, 48188, 1744, , 27631, 25000, 27797, 27851, 0, 
311, 1, 288, 337, -1, 310, 270, 11.0, 24, MSpapaaa, 180, 40618, 24696, 608, , 40618, 25000, 30913, 30996, 0, 
312, 1, 128, 131, -1, 231, 280, 25.8, 31, ABarpaaap, 291, 26962, 39472, 1464, , 26962, 25000, 27961, 27950, 0, 
313, 1, 231, 112, -1, 506, 305, 24.7, 33, Cpaaap, 294, 26741, 46423, 1736, , 26741, 25000, 28017, 28015, 0, 
314, 1, 278, 314, -1, 421, 159, 12.3, 31, Daap, 276, 27080, 37046, 1368, , 27080, 25000, 28394, 28394, 0, 
315, 1, 88, 48, -1, 373, 184, 19.4, 32, MSapppp, 326, 27923, 41438, 1484, , 27923, 25000, 28121, 28173, 0, 
316, 0, 206, -1, -1, 322, 285, 18.4, 29, , 289, -140, 33765, 1156, , 29208, 25000, 29207, 29348, 0, 
317, 1, 58, 260, -1, 447, 177, 15.9, 34, Dapp, 268, 27255, 53855, 1976, , 27255, 25000, 28584, 28721, 0, 
318, 1, 150, 207, -1, 474, 173, 26.5, 32, ABarppaapp, 260, 27416, 39260, 1432, , 27416, 25000, 28333, 28334, 0, 
319, 1, 222, 69, -1, 313, 123, 18.2, 29, ABplpaappa, 275, 27794, 30907, 1112, , 27794, 25000, 28379, 28428, 0, 
320, 1, 140, 324, -1, 322, 140, 12.3, 27, ABplppaaaa, 199, 26896, 24852, 924, , 26896, 25000, 27599, 27799, 0, 
321, 1, 44, 170, -1, 328, 201, 5.6, 33, ABplpappaa, 306, 34564, 56685, 1640, , 34564, 25000, 34912, 35441, 0, 
322, 1, 109, 256, -1, 540, 250, 7.1, 29, ABprpppppp, 242, 31181, 35546, 1140, , 31181, 25000, 32734, 32997, 0, 
323, 1, 314, 37, -1, 442, 166, 24.0, 31, ABarppapaa, 473, 27220, 43008, 1580, , 27220, 25000, 28099, 28088, 0, 
324, 1, 251, 98, -1, 406, 224, 15.6, 30, Ealpp, 276, 28952, 33468, 1156, , 28952, 25000, 28609, 28647, 0, 
325, 1, 270, 248, -1, 454, 342, 16.2, 31, Dppp, 304, 29012, 42474, 1464, , 29012, 25000, 28347, 28511, 0, 
326, 1, 24, 73, -1, 377, 302, 19.6, 31, Earap, 133, 27589, 36749, 1332, , 27589, 25000, 28400, 28400, 0, 
327, 1, 38, 107, -1, 415, 218, 5.3, 29, ABplpapppa, 123, 34507, 36854, 1068, , 34507, 25000, 33777, 33763, 0, 
328, 1, 90, 327, -1, 385, 251, 5.3, 30, ABprpappap, 146, 34976, 45748, 1308, , 34976, 25000, 33488, 34081, 0, 
329, 1, 156, 74, -1, 255, 141, 13.2, 28, ABplpaaaap, 187, 27622, 29058, 1052, , 27622, 25000, 27402, 27463, 0, 
330, 1, 121, 59, -1, 120, 231, 13.5, 27, ABalaaaala, 320, 28021, 25107, 896, , 28021, 25000, 27950, 27948, 0, 
331, 1, 22, 228, -1, 533, 184, 13.5, 35, Cappp, -82, 26818, 53207, 1984, , 26818, 25000, 28038, 28051, 0, 
332, 1, 16, 3, -1, 200, 350, 9.6, 28, ABarapppaa, 297, 28019, 27683, 988, , 28019, 25000, 28085, 28085, 0, 
333, 1, 184, 221, -1, 379, 231, 25.4, 31, ABarppaaaa, 250, 28661, 38176, 1332, , 28661, 25000, 27994, 28065, 0, 
334, 1, 182, 336, -1, 162, 302, 22.1, 26, ABalapppaa, -44, 26886, 21509, 800, , 26886, 25000, 27271, 27360, 0, 
