1, 1, 35, 35, -1, 413, 220, 5.5, 28, ABplpapppa, 271, 35040, 37843, 1080, , 35040, 25000, 33603, 33428, 0, 
2, 1, 249, 54, -1, 221, 202, 11.0, 27, ABalpaaapa, -193, 29403, 30344, 1032, , 29403, 25000, 28463, 28420, 0, 
3, 1, 177, 104, -1, 292, 373, 23.0, 29, ABpraapapa, 187, 27958, 34333, 1228, , 27958, 25000, 28018, 28121, 0, 
4, 1, 23, 2, 345, 534, 191, 12.6, 33, Cappp, 320, 27848, 45670, 1640, , 27848, 25000, 28512, 28636, 0, 
5, 1, 62, 154, -1, 381, 377, 20.2, 28, ABprapaaaa, 278, 28490, 29971, 1052, , 28490, 25000, 27305, 27270, 0, 
6, 1, 25, 285, -1, 300, 142, 9.4, 28, ABalppappp, 234, 28212, 27873, 988, , 28212, 25000, 28248, 28124, 0, 
7, 1, 273, 152, -1, 322, 167, 17.4, 31, MSapppa, 303, 27207, 36240, 1332, , 27207, 25000, 27917, 27954, 0, 
8, 1, 115, 185, -1, 466, 397, 17.6, 29, ABprapaapp, 247, 27207, 31451, 1156, , 27207, 25000, 28294, 28356, 0, 
9, 1, 331, 213, -1, 165, 302, 16.0, 27, MSpaaaaa, 266, 29015, 29943, 1032, , 29015, 25000, 28010, 27933, 0, 
10, 1, 69, 141, -1, 141, 265, 10.6, 26, ABaraaaaaa, 200, 27094, 22542, 832, , 27094, 25000, 28861, 28988, 0, 
11, 1, 246, 273, -1, 471, 132, 11.5, 28, ABplppappp, 210, 27026, 29188, 1080, , 27026, 25000, 28030, 28042, 0, 
12, 1, 15, 127, -1, 141, 184, 18.3, 29, ABalpppaaa, 447, 27673, 29555, 1068, , 27673, 25000, 27112, 27129, 0, 
13, 1, 141, 286, -1, 204, 311, 26.4, 30, ABarpapaaa, 302, 27954, 32315, 1156, , 27954, 25000, 28706, 28693, 0, 
14, 1, 156, 274, -1, 203, 249, 21.8, 30, MSaaaapa, 279, 27985, 36940, 1320, , 27985, 25000, 28563, 28559, 0, 
15, 1, 291, 70, -1, 359, 138, 13.2, 24, ABplppaaap, 165, 26857, 17618, 656, , 26857, 25000, 27934, 28076, 0, 
16, 1, 155, 109, -1, 466, 120, 15.7, 28, ABplappaap, 9, 28124, 29924, 1064, , 28124, 25000, 27339, 27349, 0, 
17, 1, 110, 29, -1, 410, 213, 12.6, 33, Z3, 434, 27532, 45152, 1640, , 27532, 25000, 28265, 28105, 0, 
18, 1, 153, 215, -1, 203, 197, 7.6, 27, ABalpapaaa, -35, 30346, 29982, 988, , 30346, 25000, 32192, 32267, 0, 
19, 1, 216, 287, -1, 311, 339, 18.4, 31, MSppapp, 275, 26741, 35619, 1332, , 26741, 25000, 27838, 27842, 0, 
20, 1, 119, 24, -1, 345, 335, 5.5, 28, ABarappapp, 182, 35319, 38145, 1080, , 35319, 25000, 35916, 36054, 0, 
21, 1, 278, 129, 241, 350, 367, 9.5, 29, ABprppaaa, 103, 27433, 29628, 1080, , 27433, 25000, 27916, 27839, 0, 
22, 1, 66, 226, -1, 405, 263, 26.1, 32, ABarpaappp, 320, 27035, 42607, 1576, , 27035, 25000, 28150, 28204, 0, 
23, 1, 80, 340, -1, 175, 313, 8.6, 26, ABaraaappa, 205, 28326, 23567, 832, , 28326, 25000, 28051, 27972, 0, 
24, 1, 230, 223, -1, 419, 301, 20.4, 31, Epraa, 313, 27822, 37059, 1332, , 27822, 25000, 28139, 28136, 0, 
25, 1, 121, 67, -1, 331, 135, 22.6, 31, ABplaappap, 299, 28416, 37850, 1332, , 28416, 25000, 27994, 28029, 0, 
26, 1, 83, 292, -1, 603, 286, 16.5, 31, Cpapap, -66, 27754, 34193, 1232, , 27754, 25000, 28422, 28439, 0, 
27, 1, 21, 80, -1, 201, 241, 13.4, 28, ABaraapaap, 248, 27407, 27078, 988, , 27407, 25000, 28239, 28290, 0, 
28, 1, 47, 8, -1, 259, 275, 8.7, 29, ABarapaapp, 138, 29401, 31400, 1068, , 29401, 25000, 28819, 28812, 0, 
29, 1, 280, 333, -1, 371, 182, 26.1, 31, ABplaaappp, 311, 28778, 42591, 1480, , 28778, 25000, 27974, 27881, 0, 
30, 1, 90, 144, -1, 384, 377, 8.6, 29, ABprppapaa, 252, 28171, 32566, 1156, , 28171, 25000, 28274, 28227, 0, 
31, 1, 308, 312, -1, 385, 249, 5.4, 28, ABprpappap, 262, 33757, 33352, 988, , 33757, 25000, 33798, 34082, 0, 
32, 1, 143, 222, -1, 538, 337, 10.0, 26, ABprapppap, 180, 27856, 23733, 852, , 27856, 25000, 28162, 28274, 0, 
33, 1, 60, 27, -1, 231, 132, 19.9, 29, ABalpppapp, 60, 27053, 32680, 1208, , 27053, 25000, 27727, 27697, 0, 
34, 1, 117, 254, -1, 562, 211, 7.8, 28, Cpappv, 30, 27593, 29028, 1052, , 27593, 25000, 31068, 31231, 0, 
35, 1, 314, 1, -1, 309, 270, 10.5, 28, MSpapaaa, 216, 40708, 43965, 1080, , 40708, 25000, 30579, 30676, 0, 
36, 1, 292, 198, -1, 475, 312, 5.9, 31, ABprppppap, 244, 32777, 48510, 1480, , 32777, 25000, 34475, 34376, 0, 
37, 1, 256, 255, -1, 243, 331, 6.8, 27, ABarapppap, 173, 31010, 26917, 868, , 31010, 25000, 32828, 33250, 0, 
38, 1, 68, 108, -1, 567, 158, 15.6, 27, ABplapappp, 339, 27070, 26745, 988, , 27070, 25000, 28328, 28452, 0, 
39, 1, 165, 184, -1, 225, 220, 14.4, 29, ABaraapapa, 46, 27253, 31504, 1156, , 27253, 25000, 28275, 28441, 0, 
40, 1, 51, 77, -1, 422, 355, 14.3, 30, Dppa, 302, 29103, 38067, 1308, , 29103, 25000, 28600, 28620, 0, 
41, 1, 285, 111, -1, 422, 174, 6.9, 27, ABplppppaa, 254, 31685, 28770, 908, , 31685, 25000, 32056, 32278, 0, 
42, 1, 118, 214, -1, 433, 140, 8.0, 27, ABplpppaaa, 233, 29601, 30548, 1032, , 29601, 25000, 30221, 30486, 0, 
43, 1, 159, 62, 343, 259, 182, 17.3, 32, MSapapa, 225, 28439, 45047, 1584, , 28439, 25000, 28040, 28039, 0, 
44, 1, 268, 269, -1, 191, 220, 26.7, 30, ABplaaaaaa, 261, 28415, 37167, 1308, , 28415, 25000, 28468, 28620, 0, 
45, 1, 209, 328, -1, 172, 222, 7.4, 28, ABalpaaaaa, 243, 29579, 29224, 988, , 29579, 25000, 33256, 33442, 0, 
46, 1, 40, 124, -1, 511, 187, 6.1, 24, ABplpppapp, 219, 37166, 22448, 604, , 37166, 25000, 34871, 35101, 0, 
47, 1, 206, 23, -1, 527, 320, 7.2, 30, ABprpppapa, 288, 31195, 41178, 1320, , 31195, 25000, 32782, 32930, 0, 
48, 1, 342, 317, -1, 230, 373, 12.1, 28, ABalaapapp, 217, 26474, 28804, 1088, , 26474, 25000, 27444, 27512, 0, 
49, 1, 300, 160, -1, 502, 292, 10.2, 34, Cppap, 217, 28237, 53990, 1912, , 28237, 25000, 28623, 28667, 0, 
50, 1, 107, 5, -1, 430, 412, 16.9, 25, ABprapaapa, 211, 27411, 18859, 688, , 27411, 25000, 27583, 27600, 0, 
51, 1, 175, 87, -1, 389, 162, 22.3, 31, ABplapaaap, 46, 27635, 37804, 1368, , 27635, 25000, 28028, 28073, 0, 
52, 1, 204, 6, -1, 423, 380, 18.7, 29, ABprapaaap, 266, 27965, 29867, 1068, , 27965, 25000, 28010, 27983, 0, 
53, 1, 176, 26, -1, 186, 180, 24.6, 30, ABplaapaaa, 271, 28452, 32890, 1156, , 28452, 25000, 27773, 27806, 0, 
54, 1, 305, 118, -1, 526, 352, 22.6, 32, ABarpppppa, 309, 27662, 41050, 1484, , 27662, 25000, 27737, 27752, 0, 
55, 1, 43, 248, -1, 239, 336, 25.3, 30, ABarpapaap, 298, 29245, 38252, 1308, , 29245, 25000, 28017, 28103, 0, 
56, 1, 290, 172, -1, 319, 352, 14.5, 31, MSppppa, 276, 28577, 35207, 1232, , 28577, 25000, 28152, 28167, 0, 
57, 1, 17, 246, -1, 488, 336, 16.0, 30, Cpppaa, 290, 26941, 36316, 1348, , 26941, 25000, 28309, 28346, 0, 
58, 1, 282, 61, -1, 397, 246, 8.2, 30, MSpappa, 95, 27707, 36573, 1320, , 27707, 25000, 30352, 29995, 0, 
59, 1, 130, 219, 268, 227, 273, 26.0, 33, ABarpaaap, 229, 27539, 49790, 1808, , 27539, 25000, 28021, 28058, 0, 
60, 1, 286, 3, -1, 415, 390, 9.3, 27, ABprppapap, 250, 28521, 26353, 924, , 28521, 25000, 27983, 28077, 0, 
61, 1, 52, 216, -1, 211, 325, 8.5, 26, ABaraaappp, 66, 28542, 25574, 896, , 28542, 25000, 29058, 29251, 0, 
62, 1, 236, 122, -1, 411, 126, 21.9, 27, ABplapaapa, 87, 27648, 25104, 908, , 27648, 25000, 28001, 28002, 0, 
63, 1, 22, 321, -1, 528, 240, 15.2, 37, Eplp, 229, 27536, 65316, 2372, , 27536, 25000, 28720, 28754, 0, 
64, 1, 205, 282, -1, 208, 167, 9.3, 26, ABalppapaa, 282, 27350, 23412, 856, , 27350, 25000, 28127, 28030, 0, 
65, 1, 232, 139, -1, 456, 179, 6.5, 30, ABplppppap, 281, 31853, 39243, 1232, , 31853, 25000, 32539, 32469, 0, 
66, 1, 10, 316, -1, 309, 135, 14.4, 28, ABplpaaapp, 273, 27080, 26755, 988, , 27080, 25000, 28249, 28364, 0, 
67, 1, 99, 101, -1, 405, 114, 10.0, 27, ABplppapap, 91, 27484, 28363, 1032, , 27484, 25000, 27753, 27797, 0, 
68, 1, 233, 12, -1, 447, 191, 10.7, 33, Capaa, 329, 27323, 47433, 1736, , 27323, 25000, 27900, 27961, 0, 
69, 1, 315, 218, -1, 167, 340, 22.6, 31, ABalappapp, 417, 27258, 36307, 1332, , 27258, 25000, 27724, 27780, 0, 
70, 1, 267, 207, -1, 529, 135, 8.6, 28, ABplappppa, 200, 27224, 26897, 988, , 27224, 25000, 28137, 28231, 0, 
71, 1, 302, 74, -1, 488, 250, 5.7, 28, ABprpapppp, 210, 35040, 37283, 1064, , 35040, 25000, 33022, 33193, 0, 
72, 1, 200, 323, -1, 589, 267, 11.2, 29, Cpappd, 290, 27297, 30354, 1112, , 27297, 25000, 28407, 28499, 0, 
73, 1, 89, 277, -1, 283, 352, 9.8, 26, ABprpaaaap, 248, 28268, 22501, 796, , 28268, 25000, 27943, 27910, 0, 
74, 1, 19, 57, -1, 240, 176, 21.8, 29, ABalppppap, 127, 29478, 32779, 1112, , 29478, 25000, 28359, 28524, 0, 
75, 1, 245, 174, -1, 296, 158, 20.9, 31, ABalpppppp, 280, 26901, 39813, 1480, , 26901, 25000, 28137, 28212, 0, 
76, 1, 128, 341, -1, 148, 340, 18.5, 29, ABalaapppa, 287, 26881, 29031, 1080, , 26881, 25000, 28075, 28134, 0, 
77, 1, 126, 240, -1, 281, 123, 21.7, 27, ABplaappaa, -19, 27216, 25148, 924, , 27216, 25000, 28098, 28025, 0, 
78, 1, 276, 135, -1, 525, 237, 24.7, 33, Caaaap, 323, 28055, 48704, 1736, , 28055, 25000, 28151, 28149, 0, 
79, 1, 253, 336, -1, 238, 207, 5.4, 27, ABalpapaap, 256, 37924, 37469, 988, , 37924, 25000, 37289, 37383, 0, 
80, 1, 54, 138, -1, 488, 386, 12.9, 29, ABprappaap, 278, 26581, 32110, 1208, , 26581, 25000, 27498, 27502, 0, 
81, 1, 324, 320, -1, 187, 346, 20.0, 31, ABalaapppp, 248, 27391, 43278, 1580, , 27391, 25000, 27665, 27702, 0, 
82, 1, 88, 36, -1, 437, 113, 10.7, 31, ABplppappa, 48, 27933, 38212, 1368, , 27933, 25000, 27778, 27777, 0, 
83, 1, 16, 294, -1, 318, 216, 11.6, 28, MSaapapa, 239, 30011, 29651, 988, , 30011, 25000, 29221, 29439, 0, 
84, 1, 50, 179, -1, 585, 334, 13.7, 28, ABprapappa, 239, 26745, 28457, 1064, , 26745, 25000, 27308, 27295, 0, 
85, 1, 167, 136, -1, 230, 295, 16.7, 29, MSpaapaa, 271, 29179, 31163, 1068, , 29179, 25000, 28351, 28409, 0, 
86, 1, 223, 150, -1, 462, 264, 12.9, 33, Z2, 335, 28195, 48946, 1736, , 28195, 25000, 28377, 28381, 0, 
87, 1, 132, 99, -1, 209, 292, 7.2, 28, ABarapaaaa, 270, 29643, 31184, 1052, , 29643, 25000, 32515, 32803, 0, 
88, 1, 178, 88, -1, 199, 144, 18.6, 28, ABalpppapa, 108, 28058, 27721, 988, , 28058, 25000, 27500, 27512, 0, 
89, 1, 49, 82, -1, 400, 396, 14.3, 30, ABpraapppp, 299, 27456, 35912, 1308, , 27456, 25000, 28337, 28308, 0, 
90, 1, 197, 196, -1, 160, 189, 10.1, 27, ABalpaappa, -252, 27324, 24810, 908, , 27324, 25000, 28648, 28665, 0, 
91, 1, 122, 327, -1, 114, 303, 18.2, 28, ABalaaappl, 246, 27356, 28779, 1052, , 27356, 25000, 27189, 27218, 0, 
92, 1, 56, 168, -1, 406, 235, 17.3, 32, Ealpp, 322, 28031, 44401, 1584, , 28031, 25000, 28826, 28817, 0, 
93, 1, 1, 56, -1, 366, 323, 8.4, 29, ABprpapaap, 255, 27441, 31722, 1156, , 27441, 25000, 29219, 29100, 0, 
94, 1, 78, 220, -1, 220, 182, 14.7, 30, MSapaap, -39, 26900, 35185, 1308, , 26900, 25000, 28127, 28180, 0, 
95, 1, 77, 270, -1, 261, 147, 9.7, 28, ABalppappa, -7, 27697, 29470, 1064, , 27697, 25000, 27897, 27950, 0, 
96, 1, 164, 237, -1, 374, 233, 26.0, 31, ABarppaaaa, 277, 28237, 44615, 1580, , 28237, 25000, 28153, 28235, 0, 
97, 1, 183, 202, -1, 182, 217, 10.5, 28, ABalpaapap, 29, 27960, 30197, 1080, , 27960, 25000, 28184, 28198, 0, 
98, 1, 296, 272, -1, 568, 351, 15.7, 28, ABprapapap, 249, 27400, 29154, 1064, , 27400, 25000, 27303, 27413, 0, 
99, 1, 258, 33, -1, 185, 361, 13.4, 25, ABalaapapa, 183, 27498, 22878, 832, , 27498, 25000, 26896, 26938, 0, 
100, 1, 213, 115, -1, 232, 154, 10.5, 28, ABalppapap, 239, 27561, 29766, 1080, , 27561, 25000, 27566, 27478, 0, 
101, 1, 341, 21, -1, 204, 370, 15.3, 27, ABpraaaaaa, 385, 27505, 25415, 924, , 27505, 25000, 27405, 27329, 0, 
102, 1, 32, 151, -1, 283, 126, 17.4, 28, ABplpaapap, 271, 27693, 27361, 988, , 27693, 25000, 27715, 27770, 0, 
103, 1, 208, 210, -1, 398, 273, 11.1, 28, MSpapapp, 260, 36948, 40199, 1088, , 36948, 25000, 29857, 30028, 0, 
104, 1, 2, 191, -1, 290, 119, 13.1, 26, ABplpaaapa, 215, 27299, 21839, 800, , 27299, 25000, 27629, 27690, 0, 
105, 1, 86, 81, -1, 542, 141, 16.9, 29, ABplapapap, 138, 27151, 32799, 1208, , 27151, 25000, 27571, 27566, 0, 
106, 1, 151, 167, -1, 137, 205, 20.6, 28, ABalapaapa, 61, 27594, 27263, 988, , 27594, 25000, 27215, 27160, 0, 
107, 1, 339, 32, -1, 150, 324, 12.6, 26, ABalaapaaa, 188, 28788, 23952, 832, , 28788, 25000, 28044, 28041, 0, 
108, 1, 222, 157, -1, 249, 174, 7.5, 28, ABalpapapa, 2, 28133, 30384, 1080, , 28133, 25000, 33027, 33075, 0, 
109, 1, 42, 40, -1, 262, 232, 15.4, 28, ABaraapapp, 115, 28151, 27813, 988, , 28151, 25000, 29239, 29222, 0, 
110, 1, 149, 243, -1, 358, 292, 5.4, 30, ABprpappaa, 303, 35822, 41410, 1156, , 35822, 25000, 33835, 33807, 0, 
111, 1, 150, 158, -1, 271, 200, 9.3, 27, ABalpapppa, 271, 27666, 25563, 924, , 27666, 25000, 29486, 29535, 0, 
112, 1, 59, 310, -1, 347, 332, 24.7, 32, ABarpapppa, 262, 26991, 42754, 1584, , 26991, 25000, 28807, 28918, 0, 
113, 1, 148, 289, -1, 148, 189, 14.2, 29, ABalaaaalp, 282, 27212, 30260, 1112, , 27212, 25000, 27514, 27602, 0, 
114, 1, 140, 350, -1, 565, 324, 10.4, 27, ABprappppa, 200, 26629, 26309, 988, , 26629, 25000, 27474, 27427, 0, 
115, 1, 28, 95, -1, 416, 322, 12.1, 31, Dpap, 311, 27839, 41201, 1480, , 27839, 25000, 28353, 28411, 0, 
116, 1, 337, 252, -1, 182, 347, 11.4, 27, ABalaapaap, 177, 27259, 26932, 988, , 27259, 25000, 27440, 27489, 0, 
117, 1, 102, 229, 348, 138, 280, 19.5, 32, ABalappaa, 240, 27082, 38782, 1432, , 27082, 25000, 27698, 27707, 0, 
118, 1, 125, 337, -1, 469, 175, 16.9, 31, Cappaa, 236, 27342, 40466, 1480, , 27342, 25000, 28540, 28503, 0, 
119, 1, 72, 169, -1, 547, 178, 7.6, 28, ABplappppp, 264, 29213, 28862, 988, , 29213, 25000, 31654, 31739, 0, 
120, 1, 124, 249, -1, 222, 243, 17.9, 31, MSaaapaa, 293, 27999, 41438, 1480, , 27999, 25000, 28141, 28151, 0, 
121, 1, 328, 204, -1, 258, 341, 14.9, 33, MSppapa, 284, 26331, 45710, 1736, , 26331, 25000, 27919, 27989, 0, 
122, 1, 284, 288, -1, 467, 139, 8.2, 32, ABplpppaap, 237, 29288, 47095, 1608, , 29288, 25000, 29977, 30225, 0, 
123, 1, 201, 283, -1, 311, 317, 12.1, 31, MSpppaa, 274, 27379, 40521, 1480, , 27379, 25000, 28425, 28468, 0, 
124, 1, 163, 48, -1, 380, 218, 6.3, 24, ABplpappap, 142, 34501, 24289, 704, , 34501, 25000, 33177, 33005, 0, 
125, 1, 172, 121, -1, 146, 242, 9.0, 28, ABalpaapaa, 271, 28052, 31643, 1128, , 28052, 25000, 28592, 28859, 0, 
126, 1, 271, 208, -1, 404, 140, 7.0, 26, ABplppaapp, 384, 33033, 28144, 852, , 33033, 25000, 33118, 33369, 0, 
127, 1, 312, 324, -1, 140, 328, 16.3, 27, ABalaaappr, 227, 27275, 25202, 924, , 27275, 25000, 27861, 27874, 0, 
128, 1, 7, 331, -1, 449, 379, 9.6, 28, ABprppappa, -137, 27585, 27254, 988, , 27585, 25000, 27970, 28007, 0, 
129, 1, 144, 59, -1, 442, 396, 13.6, 29, ABprappaaa, 367, 27784, 32118, 1156, , 27784, 25000, 27617, 27625, 0, 
130, 1, 241, 300, -1, 274, 330, 21.8, 29, ABalappppp, 215, 27804, 30918, 1112, , 27804, 25000, 27708, 27726, 0, 
131, 1, 332, 15, -1, 375, 392, 23.5, 30, ABarpppaaa, 271, 27404, 33762, 1232, , 27404, 25000, 27433, 27431, 0, 
132, 1, 251, 259, -1, 322, 342, 26.5, 33, ABarpappap, 323, 28944, 47005, 1624, , 28944, 25000, 28202, 28352, 0, 
133, 1, 210, 231, -1, 594, 221, 18.5, 33, Caaapp, 323, 28177, 45759, 1624, , 28177, 25000, 28712, 28704, 0, 
134, 1, 334, 53, -1, 327, 323, 9.4, 29, ABprpapaaa, 256, 27843, 32187, 1156, , 27843, 25000, 29065, 29207, 0, 
135, 1, 152, 78, -1, 441, 358, 7.1, 29, ABprppaapp, 232, 30654, 34945, 1140, , 30654, 25000, 31973, 32215, 0, 
136, 1, 264, 58, -1, 353, 330, 12.4, 29, MSpppap, 291, 28018, 32389, 1156, , 28018, 25000, 28106, 28136, 0, 
137, 1, 247, 181, -1, 481, 224, 24.5, 33, Caaaaa, 296, 27845, 45220, 1624, , 27845, 25000, 27883, 27884, 0, 
138, 1, 185, 140, -1, 303, 377, 18.0, 29, ABpraaappp, 69, 26568, 32626, 1228, , 26568, 25000, 27604, 27665, 0, 
139, 1, 214, 221, -1, 503, 348, 6.6, 28, ABprpppaap, 243, 32788, 32395, 988, , 32788, 25000, 34009, 34317, 0, 
140, 1, 101, 76, -1, 276, 265, 5.7, 26, ABarapapaa, 207, 36833, 31529, 856, , 36833, 25000, 34277, 34390, 0, 
141, 1, 74, 60, -1, 228, 171, 25.5, 31, ABplaapaap, -177, 27497, 33876, 1232, , 27497, 25000, 28282, 28257, 0, 
142, 1, 75, 112, -1, 251, 132, 16.3, 26, ABplpaapaa, 223, 26199, 22426, 856, , 26199, 25000, 27411, 27655, 0, 
143, 1, 229, 16, -1, 305, 295, 19.9, 32, Earaa, 320, 28246, 44516, 1576, , 28246, 25000, 28322, 28349, 0, 
144, 1, 104, 256, -1, 514, 147, 11.0, 30, ABplapppap, -47, 27684, 37318, 1348, , 27684, 25000, 28072, 28100, 0, 
145, 0, 44, -1, -1, 87, 264, 16.6, 29, , 135, 3646, 35145, 1156, , 30402, 25000, 26827, 26756, 0, 
146, 1, 182, 322, -1, 415, 159, 13.2, 31, Daap, 310, 27161, 39764, 1464, , 27161, 25000, 29005, 29006, 0, 
147, 1, 320, 123, -1, 346, 396, 19.5, 31, ABpraappap, 358, 27666, 34084, 1232, , 27666, 25000, 27804, 27838, 0, 
148, 1, 317, 84, -1, 363, 139, 8.6, 27, ABplppaapa, 101, 27415, 27086, 988, , 27415, 25000, 28906, 29074, 0, 
149, 1, 137, 65, -1, 551, 137, 12.4, 29, ABplapappa, 212, 27540, 31836, 1156, , 27540, 25000, 27629, 27604, 0, 
150, 1, 91, 314, -1, 538, 364, 18.8, 29, ABprapapaa, 269, 27569, 30657, 1112, , 27569, 25000, 27692, 27684, 0, 
151, 1, 250, 306, -1, 297, 216, 16.2, 29, MSaapaap, 289, 34207, 38038, 1112, , 34207, 25000, 29895, 30026, 0, 
152, 1, 265, 209, -1, 363, 390, 16.4, 31, ABpraapppa, 312, 27227, 36266, 1332, , 27227, 25000, 27879, 27868, 0, 
153, 1, 272, 227, -1, 219, 341, 18.5, 28, ABpraaapaa, 223, 27552, 29756, 1080, , 27552, 25000, 27681, 27713, 0, 
154, 1, 92, 19, -1, 173, 163, 21.0, 28, ABalpppaap, 114, 27613, 31148, 1128, , 27613, 25000, 27591, 27507, 0, 
155, 1, 294, 83, -1, 269, 363, 18.3, 27, ABpraaappa, 249, 28479, 26315, 924, , 28479, 25000, 27397, 27378, 0, 
156, 1, 13, 38, -1, 206, 169, 20.5, 28, ABalppppaa, 363, 27411, 29604, 1080, , 27411, 25000, 27370, 27295, 0, 
157, 1, 135, 97, -1, 260, 152, 24.3, 29, ABplaapapa, -141, 27608, 29485, 1068, , 27608, 25000, 27852, 27883, 0, 
158, 1, 336, 332, -1, 228, 218, 25.5, 30, ABplaaaaap, 253, 27787, 34234, 1232, , 27787, 25000, 27535, 27504, 0, 
159, 1, 160, 30, -1, 252, 270, 12.7, 30, ABaraapppa, 251, 27502, 35972, 1308, , 27502, 25000, 28529, 28606, 0, 
160, 1, 73, 271, -1, 497, 286, 5.7, 28, ABprpppppa, 224, 34743, 36967, 1064, , 34743, 25000, 35119, 35159, 0, 
161, 1, 105, 171, -1, 558, 277, 8.5, 28, ABprappppp, 196, 28112, 30361, 1080, , 28112, 25000, 28819, 28750, 0, 
162, 1, 30, 44, -1, 418, 287, 8.8, 33, MSpappp, 325, 28498, 49700, 1744, , 28498, 25000, 29807, 29384, 0, 
163, 1, 41, 190, -1, 313, 244, 5.7, 26, ABarapapap, 174, 35864, 30700, 856, , 35864, 25000, 34658, 34864, 0, 
164, 1, 171, 235, -1, 298, 161, 24.5, 29, ABplaapapp, 315, 28005, 30245, 1080, , 28005, 25000, 28432, 28431, 0, 
165, 1, 71, 177, -1, 431, 337, 25.5, 33, ABarpppapa, 333, 28541, 46351, 1624, , 28541, 25000, 28074, 28101, 0, 
166, 1, 188, 51, -1, 544, 241, 10.1, 30, Cppppp, 267, 27923, 37864, 1356, , 27923, 25000, 28432, 28411, 0, 
167, 1, 330, 86, -1, 354, 128, 19.3, 31, ABplaapppa, 312, 27687, 37876, 1368, , 27687, 25000, 27875, 27831, 0, 
168, 1, 244, 234, -1, 314, 180, 14.5, 30, MSappaa, 294, 27880, 34348, 1232, , 27880, 25000, 28530, 28591, 0, 
169, 1, 243, 309, -1, 151, 258, 23.4, 28, ABalapapaa, 215, 27179, 26853, 988, , 27179, 25000, 28328, 28512, 0, 
170, 1, 106, 173, -1, 349, 167, 10.2, 29, ABplpapaap, 178, 28019, 31157, 1112, , 28019, 25000, 28959, 29086, 0, 
171, 1, 142, 9, -1, 393, 179, 6.4, 28, ABplpapapp, 275, 32357, 31969, 988, , 32357, 25000, 33381, 33629, 0, 
172, 1, 14, 264, -1, 265, 225, 19.0, 30, MSaaapap, 242, 28186, 37995, 1348, , 28186, 25000, 27921, 27870, 0, 
173, 1, 263, 39, -1, 330, 374, 22.6, 31, ABpraapapp, 160, 26995, 35958, 1332, , 26995, 25000, 27998, 27962, 0, 
174, 1, 186, 43, -1, 493, 163, 7.6, 29, ABplpppapa, 232, 28144, 32535, 1156, , 28144, 25000, 31352, 31613, 0, 
175, 1, 218, 153, -1, 252, 345, 10.1, 27, ABprpaaaaa, 268, 26478, 24042, 908, , 26478, 25000, 27711, 27782, 0, 
176, 1, 29, 120, -1, 297, 170, 6.4, 27, ABalpapapp, 236, 36305, 35869, 988, , 36305, 25000, 36790, 36790, 0, 
177, 1, 129, 178, -1, 165, 271, 7.8, 28, ABaraaapaa, 73, 28930, 30434, 1052, , 28930, 25000, 32134, 32106, 0, 
178, 1, 192, 307, -1, 603, 220, 14.4, 31, Cpapaa, 306, 26964, 35916, 1332, , 26964, 25000, 28640, 28693, 0, 
179, 1, 162, 42, -1, 445, 383, 22.4, 31, ABarppppaa, 391, 27433, 36541, 1332, , 27433, 25000, 27827, 27817, 0, 
180, 1, 96, 145, -1, 269, 147, 12.7, 29, ABplpaaaap, 241, 27373, 29234, 1068, , 27373, 25000, 27896, 28108, 0, 
181, 1, 321, 228, -1, 121, 251, 14.4, 27, ABalaaaarl, 180, 27428, 27099, 988, , 27428, 25000, 27373, 27324, 0, 
182, 1, 157, 131, -1, 428, 107, 15.3, 28, ABplappaaa, 96, 27620, 29388, 1064, , 27620, 25000, 27472, 27536, 0, 
183, 1, 67, 161, -1, 186, 207, 16.4, 30, MSapaaa, 182, 26572, 30717, 1156, , 26572, 25000, 28107, 28110, 0, 
184, 1, 12, 203, -1, 429, 153, 24.6, 31, ABarppapaa, 263, 27594, 36755, 1332, , 27594, 25000, 27756, 27797, 0, 
185, 1, 70, 90, -1, 431, 296, 16.3, 30, Earpp, 304, 28365, 37102, 1308, , 28365, 25000, 28670, 28675, 0, 
186, 1, 217, 155, -1, 216, 240, 5.9, 28, ABalpaaaap, 143, 36569, 39787, 1088, , 36569, 25000, 34606, 34568, 0, 
187, 1, 311, 197, -1, 372, 119, 11.5, 28, ABplppapaa, 247, 26573, 28699, 1080, , 26573, 25000, 28267, 28373, 0, 
188, 1, 58, 149, -1, 164, 225, 24.9, 29, ABalapapap, 295, 26959, 32567, 1208, , 26959, 25000, 28342, 28338, 0, 
189, 1, 215, 251, -1, 129, 219, 16.1, 30, ABalaaapal, 264, 27858, 37775, 1356, , 27858, 25000, 27996, 27948, 0, 
190, 1, 174, 326, -1, 358, 287, 14.5, 32, Earpa, 114, 28101, 40240, 1432, , 28101, 25000, 29864, 29784, 0, 
191, 1, 95, 166, -1, 400, 351, 6.3, 27, ABprppaapa, 241, 33650, 31093, 924, , 33650, 25000, 34014, 34126, 0, 
192, 1, 283, 132, -1, 575, 325, 19.1, 30, ABarpppppp, 31, 28847, 39116, 1356, , 28847, 25000, 28279, 28281, 0, 
193, 1, 61, 225, -1, 470, 171, 25.5, 32, ABarppaapp, 306, 28565, 40905, 1432, , 28565, 25000, 28033, 28023, 0, 
194, 1, 158, 119, -1, 161, 265, 14.3, 30, ABaraaaap, 280, 26323, 34431, 1308, , 26323, 25000, 28656, 28579, 0, 
195, 1, 3, 17, -1, 269, 338, 7.2, 27, ABarappppa, 235, 28563, 24793, 868, , 28563, 25000, 31101, 31353, 0, 
196, 1, 275, 28, -1, 237, 387, 15.6, 28, ABpraaaapa, 505, 26894, 26571, 988, , 26894, 25000, 27536, 27480, 0, 
197, 1, 143, 125, -1, 513, 370, 11.6, 27, ABprapppaa, 182, 28032, 27696, 988, , 28032, 25000, 27581, 27680, 0, 
198, 1, 240, 230, -1, 424, 233, 21.4, 33, Eplaa, 332, 28292, 46399, 1640, , 28292, 25000, 27854, 27858, 0, 
199, 1, 196, 46, -1, 185, 292, 13.9, 25, ABaraappaa, 240, 27900, 19195, 688, , 27900, 25000, 28546, 28778, 0, 
200, 1, 133, 137, -1, 486, 228, 18.6, 32, Eplap, -132, 27691, 41093, 1484, , 27691, 25000, 28018, 28018, 0, 
201, 1, 55, 303, -1, 502, 384, 16.7, 29, ABprappapa, 252, 27384, 29246, 1068, , 27384, 25000, 27969, 27974, 0, 
202, 1, 325, 164, -1, 302, 309, 25.8, 31, ABarpapapp, 318, 28232, 41331, 1464, , 28232, 25000, 28054, 28059, 0, 
203, 1, 198, 7, -1, 444, 118, 19.4, 29, ABplapaapp, 293, 27749, 32078, 1156, , 27749, 25000, 28049, 28056, 0, 
204, 1, 81, 130, -1, 303, 401, 20.2, 28, ABpraappaa, 277, 26971, 28374, 1052, , 26971, 25000, 27260, 27349, 0, 
205, 1, 211, 334, -1, 534, 321, 14.5, 31, Cpppap, 277, 27137, 33433, 1232, , 27137, 25000, 27930, 27909, 0, 
206, 1, 69, 325, -1, 158, 304, 11.3, 27, ABaraaaaap, 180, 26893, 24849, 924, , 26893, 25000, 27893, 27907, 0, 
207, 1, 27, 308, -1, 247, 208, 23.0, 29, ABalapappp, 238, 28345, 34808, 1228, , 28345, 25000, 28016, 28069, 0, 
208, 1, 248, 13, -1, 224, 138, 15.4, 27, ABalppaapp, 176, 27190, 26864, 988, , 27190, 25000, 27766, 27907, 0, 
209, 1, 34, 224, -1, 301, 236, 20.4, 33, Ealaa, 297, 27540, 45165, 1640, , 27540, 25000, 28106, 28125, 0, 
210, 1, 170, 50, -1, 286, 311, 16.0, 29, MSpaapap, 287, 27657, 33963, 1228, , 27657, 25000, 28221, 28234, 0, 
211, 1, 281, 34, -1, 256, 303, 6.0, 25, ABarappaaa, -6, 36347, 27769, 764, , 36347, 25000, 34440, 34483, 0, 
212, 1, 307, 25, -1, 461, 303, 10.1, 33, Cppaa, 313, 27493, 47728, 1736, , 27493, 25000, 28185, 28221, 0, 
213, 1, 82, 205, -1, 292, 282, 7.8, 27, ABarapappa, 431, 29135, 25289, 868, , 29135, 25000, 31218, 30855, 0, 
214, 1, 277, 91, -1, 260, 378, 12.8, 27, ABprpaapaa, 199, 27416, 23797, 868, , 27416, 25000, 28376, 28465, 0, 
215, 1, 316, 175, -1, 249, 238, 10.1, 26, ABalpaaapp, 249, 27805, 22244, 800, , 27805, 25000, 28332, 28211, 0, 
216, 1, 297, 311, -1, 324, 399, 14.9, 27, ABprpaappa, 267, 27075, 24584, 908, , 27075, 25000, 27667, 27553, 0, 
217, 1, 134, 163, -1, 291, 386, 10.7, 26, ABprpaaapa, 211, 26706, 22860, 856, , 26706, 25000, 27539, 27358, 0, 
218, 1, 329, 295, -1, 358, 168, 7.1, 28, ABplpapapa, 223, 30312, 32979, 1088, , 30312, 25000, 33451, 34015, 0, 
219, 1, 116, 275, -1, 580, 228, 10.8, 29, Caapa, 270, 27690, 30791, 1112, , 27690, 25000, 28654, 28684, 0, 
220, 1, 65, 147, -1, 257, 152, 20.3, 29, ABalpppppa, -166, 27236, 29088, 1068, , 27236, 25000, 28161, 28204, 0, 
221, 1, 24, 143, -1, 316, 121, 17.5, 29, ABplpaappa, 207, 28223, 30481, 1080, , 28223, 25000, 28637, 28681, 0, 
222, 1, 202, 189, -1, 290, 226, 25.8, 30, ABplaaaapp, 243, 27811, 36711, 1320, , 27811, 25000, 28053, 28075, 0, 
223, 1, 5, 18, -1, 260, 371, 23.2, 30, ABpraapaap, -191, 27279, 36008, 1320, , 27279, 25000, 28115, 28193, 0, 
224, 1, 100, 279, -1, 170, 249, 11.3, 27, ABaraapaaa, 242, 27472, 25384, 924, , 27472, 25000, 28092, 28221, 0, 
225, 1, 203, 85, -1, 449, 286, 25.5, 34, Cpaaaa, 344, 27270, 46031, 1688, , 27270, 25000, 28224, 28202, 0, 
226, 1, 48, 37, -1, 540, 290, 12.7, 29, Cppppa, -136, 27611, 29489, 1068, , 27611, 25000, 28440, 28497, 0, 
227, 1, 333, 68, -1, 444, 210, 25.4, 31, ABarppaapa, 310, 27773, 36993, 1332, , 27773, 25000, 27792, 27846, 0, 
228, 1, 261, 195, -1, 381, 299, 19.6, 33, Earap, 330, 27265, 44714, 1640, , 27265, 25000, 28348, 28382, 0, 
229, 1, 46, 186, -1, 342, 259, 6.6, 30, ABarapappp, 257, 32442, 37503, 1156, , 32442, 25000, 32985, 32763, 0, 
230, 1, 18, 193, -1, 436, 268, 5.5, 29, ABprpapppa, 280, 34593, 37360, 1080, , 34593, 25000, 34479, 34447, 0, 
231, 1, 306, 293, -1, 528, 147, 20.4, 29, ABplapapaa, -254, 26984, 31194, 1156, , 26984, 25000, 28172, 28190, 0, 
232, 1, 303, 103, -1, 491, 158, 22.9, 30, ABarppapap, 264, 27228, 36921, 1356, , 27228, 25000, 27953, 27944, 0, 
233, 1, 166, 75, -1, 184, 142, 14.8, 26, ABalppaapa, 187, 27088, 21562, 796, , 27088, 25000, 27773, 27481, 0, 
234, 1, 169, 31, -1, 241, 152, 13.3, 26, ABplpaaaaa, 283, 26265, 22483, 856, , 26265, 25000, 28016, 28414, 0, 
235, 1, 138, 199, -1, 291, 400, 14.3, 27, ABprpaapap, 214, 28475, 26311, 924, , 28475, 25000, 27638, 27682, 0, 
236, 1, 187, 250, -1, 115, 232, 19.0, 27, ABalapaaaa, 216, 27560, 28442, 1032, , 27560, 25000, 27391, 27434, 0, 
237, 1, 76, 64, -1, 323, 129, 11.5, 29, ABplppaaaa, 249, 28262, 30523, 1080, , 28262, 25000, 27772, 27659, 0, 
238, 1, 11, 107, -1, 230, 304, 9.9, 26, ABarapaapa, 207, 28163, 22530, 800, , 28163, 25000, 28550, 28707, 0, 
239, 1, 266, 128, -1, 311, 210, 8.9, 32, ABalpapppp, 291, 27473, 43298, 1576, , 27473, 25000, 29612, 29670, 0, 
240, 1, 112, 47, -1, 371, 361, 23.0, 28, ABarpapppp, 262, 27053, 30516, 1128, , 27053, 25000, 27941, 27987, 0, 
241, 1, 269, 148, -1, 263, 397, 18.2, 29, ABpraaaapp, 2, 28993, 32240, 1112, , 28993, 25000, 27245, 27178, 0, 
242, 1, 270, 156, -1, 193, 179, 12.0, 28, ABalpaappp, 254, 28054, 31645, 1128, , 28054, 25000, 28411, 28395, 0, 
243, 1, 57, 278, -1, 312, 358, 8.1, 27, ABarappppp, 432, 27302, 24790, 908, , 27302, 25000, 29799, 29853, 0, 
244, 1, 274, 66, -1, 254, 238, 26.4, 30, ABplaaaapa, 544, 27804, 32142, 1156, , 27804, 25000, 27530, 27516, 0, 
245, 1, 123, 10, -1, 358, 346, 17.2, 31, MSppppp, 310, 27408, 40125, 1464, , 27408, 25000, 27618, 27613, 0, 
246, 1, 219, 113, -1, 300, 170, 10.6, 27, ABplpapaaa, -218, 29344, 28992, 988, , 29344, 25000, 28599, 28620, 0, 
247, 1, 111, 100, -1, 248, 270, 5.3, 27, ABarapaaap, 174, 35249, 32570, 924, , 35249, 25000, 34301, 34200, 0, 
248, 1, 38, 45, -1, 525, 244, 6.7, 28, ABprpppppp, 420, 31545, 33564, 1064, , 31545, 25000, 32776, 33198, 0, 
249, 1, 298, 206, -1, 490, 128, 20.3, 31, ABplappapa, -361, 27239, 37263, 1368, , 27239, 25000, 27835, 27872, 0, 
250, 1, 231, 297, -1, 180, 247, 19.5, 30, MSaaaaap, -22, 27408, 33767, 1232, , 27408, 25000, 28523, 28634, 0, 
251, 1, 147, 22, -1, 336, 222, 16.5, 32, Ealpa, 47, 28428, 40709, 1432, , 28428, 25000, 29503, 29361, 0, 
252, 1, 212, 69, -1, 506, 221, 7.7, 29, ABplpppppp, 251, 27272, 29127, 1068, , 27272, 25000, 30192, 30333, 0, 
253, 1, 6, 79, -1, 284, 278, 12.7, 29, ABaraapppp, 224, 27919, 29818, 1068, , 27919, 25000, 29271, 29208, 0, 
254, 1, 103, 96, -1, 200, 311, 23.3, 29, ABalapppap, 255, 27810, 29701, 1068, , 27810, 25000, 28352, 28312, 0, 
255, 1, 220, 280, -1, 437, 187, 18.2, 34, Dapp, 340, 28090, 53709, 1912, , 28090, 25000, 28715, 28865, 0, 
256, 1, 127, 299, -1, 264, 288, 20.2, 30, MSpaaapp, 294, 27771, 36658, 1320, , 27771, 25000, 28059, 28066, 0, 
257, 1, 287, 276, -1, 315, 195, 25.6, 30, ABplaaapap, 297, 26792, 30972, 1156, , 26792, 25000, 28113, 28157, 0, 
258, 1, 262, 211, -1, 495, 369, 8.8, 28, ABprppappp, 208, 28421, 29899, 1052, , 28421, 25000, 28654, 28639, 0, 
259, 1, 131, 253, -1, 590, 302, 11.4, 26, ABprapappp, 566, 27155, 22593, 832, , 27155, 25000, 27567, 27586, 0, 
260, 1, 94, 134, -1, 319, 381, 11.5, 28, ABprpaaapp, 105, 27647, 29859, 1080, , 27647, 25000, 27702, 27702, 0, 
261, 1, 168, 89, -1, 195, 289, 18.2, 30, MSpaaaap, 292, 28108, 37102, 1320, , 28108, 25000, 28064, 28129, 0, 
262, 1, 259, 188, -1, 472, 222, 7.1, 29, ABplpppppa, 248, 30134, 34353, 1140, , 30134, 25000, 30174, 30000, 0, 
263, 1, 114, 52, -1, 219, 272, 13.9, 28, ABaraappap, 288, 28658, 31180, 1088, , 28658, 25000, 28097, 28089, 0, 
264, 1, 184, 301, -1, 273, 351, 26.6, 30, ABarpappaa, 262, 28109, 32494, 1156, , 28109, 25000, 28618, 28647, 0, 
265, 1, 226, 296, -1, 513, 135, 16.2, 29, ABplappapp, 103, 28807, 32033, 1112, , 28807, 25000, 27575, 27576, 0, 
266, 1, 237, 342, -1, 264, 194, 26.8, 28, ABplaaapaa, 257, 29125, 30639, 1052, , 29125, 25000, 28342, 28331, 0, 
267, 1, 288, 114, -1, 447, 230, 5.3, 28, ABplpapppp, 287, 32574, 34659, 1064, , 32574, 25000, 33371, 33580, 0, 
268, 1, 9, 335, 346, 210, 323, 14.1, 32, MSppaaa, 211, 27523, 43377, 1576, , 27523, 25000, 28065, 28066, 0, 
269, 1, 120, 267, -1, 257, 318, 11.8, 28, MSppaap, 271, 26746, 28137, 1052, , 26746, 25000, 28047, 28179, 0, 
270, 1, 20, 281, -1, 491, 367, 20.6, 29, ABarppppap, 284, 27620, 31929, 1156, , 27620, 25000, 27983, 28010, 0, 
271, 1, 31, 212, -1, 230, 383, 19.2, 26, ABpraaaaap, 41, 27432, 21836, 796, , 27432, 25000, 27642, 27682, 0, 
272, 1, 136, 93, -1, 220, 286, 20.6, 28, MSpaaapa, 278, 28202, 27864, 988, , 28202, 25000, 28158, 28162, 0, 
273, 1, 335, 305, -1, 464, 354, 7.0, 27, ABprpppaaa, -107, 30818, 31804, 1032, , 30818, 25000, 33008, 33564, 0, 
274, 1, 238, 290, -1, 167, 285, 24.6, 29, ABarpaaaaa, 374, 27311, 31572, 1156, , 27311, 25000, 28220, 28187, 0, 
275, 1, 179, 298, -1, 174, 161, 16.3, 28, ABalppaaap, 249, 29258, 31130, 1064, , 29258, 25000, 28221, 28193, 0, 
276, 1, 293, 55, -1, 371, 221, 12.4, 29, MSaapapp, 238, 34839, 40274, 1156, , 34839, 25000, 28976, 28956, 0, 
277, 1, 301, 217, -1, 565, 168, 19.4, 32, ABarppappp, 315, 26902, 39922, 1484, , 26902, 25000, 28046, 28027, 0, 
278, 1, 145, 192, -1, 390, 185, 10.4, 32, MSaappp, 150, 27392, 40649, 1484, , 27392, 25000, 29003, 29047, 0, 
279, 1, 93, 133, -1, 591, 279, 20.6, 33, Cpaapp, 335, 27799, 45591, 1640, , 27799, 25000, 28673, 28684, 0, 
280, 1, 8, 176, -1, 137, 297, 14.6, 26, ABalaaaarr, -1, 28200, 23462, 832, , 28200, 25000, 28050, 27773, 0, 
281, 1, 113, 263, -1, 452, 337, 17.1, 33, Dppp, 302, 28424, 49344, 1736, , 28424, 25000, 28188, 28269, 0, 
282, 1, 227, 14, -1, 415, 375, 24.4, 32, ABarpppaap, 322, 27328, 40555, 1484, , 27328, 25000, 27953, 27977, 0, 
283, 1, 84, 49, -1, 407, 305, 5.5, 28, ABprpapapp, 240, 33317, 35982, 1080, , 33317, 25000, 33688, 33593, 0, 
284, 1, 190, 159, -1, 371, 166, 16.5, 30, Daaa, 286, 27131, 33425, 1232, , 27131, 25000, 28516, 28583, 0, 
285, 1, 37, 105, -1, 141, 260, 16.6, 26, MSaaaaaa, 212, 28181, 23447, 832, , 28181, 25000, 27131, 27316, 0, 
286, 1, 239, 182, -1, 175, 197, 20.7, 27, ABalapaapp, 271, 27421, 25337, 924, , 27421, 25000, 27692, 27703, 0, 
287, 1, 193, 162, -1, 279, 236, 11.9, 28, MSaapaaa, 232, 34418, 37447, 1088, , 34418, 25000, 29812, 29895, 0, 
288, 1, 154, 73, -1, 292, 325, 5.7, 29, ABarappapa, 202, 35916, 38358, 1068, , 35916, 25000, 35186, 35512, 0, 
289, 1, 109, 20, -1, 206, 352, 23.4, 31, ABpraapaaa, -368, 28159, 37508, 1332, , 28159, 25000, 28011, 27910, 0, 
290, 1, 53, 318, -1, 186, 353, 16.8, 28, ABalaappap, 205, 27252, 28669, 1052, , 27252, 25000, 27149, 26871, 0, 
291, 1, 242, 92, -1, 344, 116, 15.0, 27, ABplpaappp, 226, 27613, 28497, 1032, , 27613, 25000, 27598, 27644, 0, 
292, 1, 299, 257, -1, 204, 276, 9.9, 30, ABaraaapap, 301, 28073, 38067, 1356, , 28073, 25000, 29016, 29039, 0, 
293, 1, 221, 239, -1, 362, 234, 9.1, 29, MSaappa, 277, 28243, 34117, 1208, , 28243, 25000, 29429, 29461, 0, 
294, 1, 33, 116, -1, 321, 264, 25.4, 33, ABarpaapap, 335, 27875, 45715, 1640, , 27875, 25000, 27906, 27905, 0, 
295, 1, 304, 304, -1, 165, 301, 21.8, 27, ABalapppaa, 239, 28040, 24339, 868, , 28040, 25000, 27697, 27805, 0, 
296, 1, 146, 232, -1, 281, 228, 6.8, 28, ABalpappap, 278, 31377, 33009, 1052, , 31377, 25000, 33368, 33280, 0, 
297, 1, 225, 63, -1, 435, 323, 6.3, 26, ABprppppaa, 198, 31293, 26787, 856, , 31293, 25000, 33320, 33298, 0, 
298, 1, 189, 72, -1, 488, 198, 11.1, 35, Capap, 287, 27037, 55912, 2068, , 27037, 25000, 28207, 28298, 0, 
299, 1, 64, 187, -1, 350, 176, 14.1, 29, MSappap, 265, 27668, 33423, 1208, , 27668, 25000, 28967, 29116, 0, 
300, 1, 327, 302, -1, 205, 202, 22.0, 29, ABalapappa, -47, 28467, 34957, 1228, , 28467, 25000, 27880, 27870, 0, 
301, 1, 279, 242, -1, 354, 161, 23.4, 28, ABplapaaaa, -100, 28030, 27694, 988, , 28030, 25000, 27515, 27430, 0, 
302, 1, 173, 266, -1, 363, 186, 19.9, 31, MSapppp, 311, 28162, 41680, 1480, , 28162, 25000, 28178, 28204, 0, 
303, 1, 194, 245, -1, 210, 353, 10.1, 27, ABarapppaa, 217, 27305, 24793, 908, , 27305, 25000, 27495, 27551, 0, 
304, 1, 39, 170, -1, 536, 369, 14.5, 29, ABprappapp, 41, 26884, 29035, 1080, , 26884, 25000, 28011, 27919, 0, 
305, 1, 108, 329, -1, 355, 402, 12.3, 28, ABprpaappp, 279, 27044, 28775, 1064, , 27044, 25000, 27320, 27329, 0, 
306, 1, 260, 319, -1, 492, 120, 13.6, 27, ABplapppaa, 101, 27795, 27461, 988, , 27795, 25000, 27754, 27695, 0, 
307, 1, 295, 180, -1, 518, 185, 24.6, 33, ABarppappa, 204, 29046, 47635, 1640, , 29046, 25000, 27784, 27745, 0, 
308, 1, 26, 339, -1, 557, 218, 22.9, 33, Caaapa, 330, 27859, 48364, 1736, , 27859, 25000, 28528, 28594, 0, 
309, 1, 79, 262, -1, 300, 193, 21.5, 33, MSapapp, -117, 27365, 44440, 1624, , 27365, 25000, 28044, 28136, 0, 
310, 1, 181, 315, -1, 260, 248, 22.4, 29, MSaaaapp, 289, 27423, 31701, 1156, , 27423, 25000, 27667, 27675, 0, 
311, 1, 257, 165, -1, 342, 214, 26.1, 30, ABplaaappa, 298, 28496, 38640, 1356, , 28496, 25000, 28163, 28139, 0, 
312, 1, 310, 4, -1, 517, 288, 17.4, 38, Eprp, 379, 28078, 72442, 2580, , 28078, 25000, 28330, 28320, 0, 
313, 1, 235, 291, -1, 370, 238, 19.7, 34, Ealap, 302, 28559, 53806, 1884, , 28559, 25000, 28767, 28760, 0, 
314, 1, 313, 284, -1, 266, 309, 25.0, 29, ABarpapapa, 282, 27000, 33156, 1228, , 27000, 25000, 27884, 27869, 0, 
315, 1, 87, 102, -1, 243, 233, 6.8, 27, ABalpappaa, 230, 31555, 27390, 868, , 31555, 25000, 33136, 32874, 0, 
316, 1, 199, 200, -1, 122, 220, 13.0, 26, ABalaaaala, 257, 28006, 23861, 852, , 28006, 25000, 27463, 27462, 0, 
317, 1, 207, 94, -1, 531, 279, 7.0, 24, ABprpppapp, 206, 31053, 18880, 608, , 31053, 25000, 32474, 32529, 0, 
318, 1, 195, 146, -1, 279, 267, 16.5, 28, MSaaapp, 669, 27926, 30160, 1080, , 27926, 25000, 28524, 28524, 0, 
319, 1, 319, 142, -1, 411, 189, 25.5, 31, ABarppaaap, -71, 27139, 33435, 1232, , 27139, 25000, 28199, 28208, 0, 
320, 1, 322, 194, -1, 344, 278, 10.1, 28, MSpapapa, 240, 33174, 36093, 1088, , 33174, 25000, 30015, 29859, 0, 
321, 1, 309, 201, -1, 311, 296, 6.1, 28, ABarappaap, 240, 35540, 38668, 1088, , 35540, 25000, 32715, 32913, 0, 
322, 1, 289, 11, -1, 552, 293, 24.8, 35, Cpaapa, 355, 28627, 57598, 2012, , 28627, 25000, 28099, 28108, 0, 
323, 0, 224, -1, -1, 334, 289, 18.2, 28, , -112, -58, 30684, 1052, , 29167, 25000, 29213, 29225, 0, 
324, 1, 180, 126, 260, 582, 182, 11.5, 30, Caapp, 309, 26383, 32504, 1232, , 26383, 25000, 27977, 27977, 0, 
325, 1, 161, 183, -1, 473, 287, 19.4, 31, Eprap, 44, 28059, 37375, 1332, , 28059, 25000, 27840, 27866, 0, 
326, 1, 252, 117, -1, 336, 198, 5.6, 33, ABplpappaa, 233, 34491, 56565, 1640, , 34491, 25000, 35250, 35306, 0, 
327, 1, 85, 106, -1, 158, 347, 14.4, 25, ABalaappaa, 216, 29299, 24377, 832, , 29299, 25000, 27488, 27360, 0, 
328, 1, 255, 110, -1, 515, 199, 15.3, 29, Cappap, 286, 28573, 30516, 1068, , 28573, 25000, 28065, 28154, 0, 
329, 1, 338, 313, -1, 378, 329, 5.9, 27, ABprpapapa, 235, 34196, 31050, 908, , 34196, 25000, 33501, 34054, 0, 
330, 1, 191, 349, -1, 507, 302, 24.9, 34, Cpaaap, 336, 27563, 54464, 1976, , 27563, 25000, 28470, 28461, 0, 
331, 1, 45, 352, -1, 138, 185, 16.2, 28, ABalppaaaa, 212, 27361, 28784, 1052, , 27361, 25000, 27371, 27303, 0, 
332, 1, 326, 351, -1, 263, 276, 25.6, 28, ABarpaapaa, 271, 28009, 27673, 988, , 28009, 25000, 28158, 28220, 0, 
333, 1, 63, 244, -1, 409, 166, 17.3, 31, Dapa, 282, 27612, 37773, 1368, , 27612, 25000, 28713, 28870, 0, 
334, 1, 234, 261, -1, 477, 338, 23.2, 31, ABarpppapp, 127, 27729, 40595, 1464, , 27729, 25000, 28339, 28326, 0, 
335, 1, 254, 238, -1, 139, 231, 22.4, 29, ABalapaaap, 271, 27073, 31296, 1156, , 27073, 25000, 27759, 27982, 0, 
336, 1, 97, 338, -1, 322, 267, 13.8, 30, MSpapaap, 308, 37620, 49659, 1320, , 37620, 25000, 30964, 30927, 0, 
337, 1, 228, 41, -1, 384, 346, 13.5, 31, Dpaa, 250, 27369, 33719, 1232, , 27369, 25000, 28403, 28488, 0, 
338, 1, 318, 330, -1, 193, 249, 25.9, 29, ABarpaaaap, 260, 29970, 36204, 1208, , 29970, 25000, 28330, 28410, 0, 
339, 1, 4, 258, -1, 364, 281, 25.5, 32, ABarpaappa, 76, 26910, 38535, 1432, , 26910, 25000, 28606, 28638, 0, 
340, 1, 323, 236, -1, 225, 331, 21.9, 26, ABalappppa, 235, 27849, 22279, 800, , 27849, 25000, 28039, 28161, 0, 
341, 1, 139, 98, -1, 248, 366, 20.3, 28, ABpraaapap, -47, 27897, 29682, 1064, , 27897, 25000, 28031, 28029, 0, 
342, 1, 98, 233, -1, 397, 110, 17.3, 32, ABplaapppp, 267, 27567, 43666, 1584, , 27567, 25000, 28277, 28328, 0, 
343, 1, 36, 344, -1, 133, 313, 22.1, 29, ABalappapa, 188, 27382, 33078, 1208, , 27382, 25000, 27470, 27374, 0, 
344, 1, 340, 347, -1, 116, 265, 17.7, 23, ABalaaapar, 205, 26704, 15809, 592, , 26704, 25000, 26869, 26787, 0, 
345, 0, 343, -1, -1, 88, 264, 14.5, 26, , -441, 784, 24193, 896, , 27001, 25000, 26794, 26217, 0, 
