1, 1, 188, 155, -1, 227, 219, 14.6, 29, ABaraapapa, 263, 28059, 32436, 1156, , 28059, 25000, 28657, 28631, 0, 
2, 1, 47, 143, -1, 430, 109, 14.7, 28, ABplappaaa, 358, 27170, 28909, 1064, , 27170, 25000, 27966, 28029, 0, 
3, 1, 113, 4, -1, 252, 151, 19.5, 29, ABalpppppa, 204, 27776, 29998, 1080, , 27776, 25000, 27966, 28083, 0, 
4, 1, 223, 224, -1, 206, 353, 23.5, 32, ABpraapaaa, 248, 26568, 38045, 1432, , 26568, 25000, 27693, 27722, 0, 
5, 1, 288, 176, -1, 514, 154, 11.0, 27, ABplapppap, -59, 26821, 27679, 1032, , 26821, 25000, 27774, 27789, 0, 
6, 1, 74, 293, -1, 300, 143, 9.2, 28, ABalppappp, 74, 26791, 28184, 1052, , 26791, 25000, 28764, 28858, 0, 
7, 1, 125, 109, -1, 227, 130, 19.3, 30, ABalpppapp, 90, 26905, 35192, 1308, , 26905, 25000, 27874, 27786, 0, 
8, 1, 24, 9, -1, 469, 138, 11.3, 27, ABplppappp, 236, 27189, 25123, 924, , 27189, 25000, 28129, 28249, 0, 
9, 1, 198, 285, -1, 231, 323, 13.8, 26, MSppaaap, 207, 27157, 21617, 796, , 27157, 25000, 27204, 27171, 0, 
10, 1, 231, 56, -1, 537, 281, 15.3, 30, Eprpp, 281, 28257, 36960, 1308, , 28257, 25000, 28746, 28741, 0, 
11, 1, 81, 205, -1, 187, 261, 11.1, 27, ABaraapaaa, 31, 29046, 26374, 908, , 29046, 25000, 28055, 28080, 0, 
12, 1, 97, 147, -1, 310, 125, 17.2, 29, ABplpaappa, 134, 27107, 30143, 1112, , 27107, 25000, 28419, 28446, 0, 
13, 1, 163, 307, -1, 557, 225, 6.9, 28, Cpappv, 252, 31266, 34017, 1088, , 31266, 25000, 33523, 33629, 0, 
14, 1, 315, 261, -1, 475, 155, 8.5, 28, ABplpppaap, 257, 27449, 29645, 1080, , 27449, 25000, 27877, 27846, 0, 
15, 1, 213, 82, -1, 232, 304, 9.5, 25, ABarapaapa, 1, 26783, 20569, 768, , 26783, 25000, 28365, 28450, 0, 
16, 1, 235, 62, -1, 419, 380, 18.6, 29, ABprapaaap, 264, 28052, 32428, 1156, , 28052, 25000, 28051, 28171, 0, 
17, 1, 117, 319, -1, 289, 194, 21.9, 34, MSapapp, 340, 27550, 54439, 1976, , 27550, 25000, 28179, 28113, 0, 
18, 1, 82, 31, -1, 262, 226, 19.1, 29, MSaaapap, 289, 27487, 33204, 1208, , 27487, 25000, 28537, 28563, 0, 
19, 1, 191, 256, -1, 208, 169, 8.9, 25, ABalppapaa, 266, 26701, 18370, 688, , 26701, 25000, 27655, 27721, 0, 
20, 1, 167, 24, -1, 130, 299, 14.4, 27, ABalaaaarr, 208, 27953, 27618, 988, , 27953, 25000, 27178, 27219, 0, 
21, 1, 185, 58, -1, 293, 399, 14.2, 26, ABprpaapap, 231, 27871, 22185, 796, , 27871, 25000, 27696, 27693, 0, 
22, 1, 197, 35, -1, 462, 392, 17.0, 29, ABprapaapp, 261, 28185, 34611, 1228, , 28185, 25000, 27815, 27865, 0, 
23, 1, 250, 5, -1, 245, 136, 15.7, 26, ABplpaapaa, 223, 27382, 23439, 856, , 27382, 25000, 27981, 27846, 0, 
24, 1, 38, 196, -1, 355, 396, 19.5, 30, ABpraappap, 294, 26670, 32857, 1232, , 26670, 25000, 27820, 27842, 0, 
25, 1, 87, 237, -1, 498, 176, 7.1, 30, ABplpppapa, 81, 29675, 40239, 1356, , 29675, 25000, 32019, 32429, 0, 
26, 1, 142, 216, -1, 244, 144, 12.5, 27, ABplpaaaaa, 228, 26725, 23946, 896, , 26725, 25000, 28007, 28082, 0, 
27, 1, 202, 151, -1, 339, 266, 6.8, 32, ABarapappp, 307, 30241, 48627, 1608, , 30241, 25000, 32708, 32551, 0, 
28, 1, 190, 184, -1, 314, 245, 5.7, 27, ABarapapap, 246, 34593, 31964, 924, , 34593, 25000, 34442, 34658, 0, 
29, 1, 171, 258, -1, 188, 239, 26.1, 29, ABarpaaaap, 231, 28054, 33889, 1208, , 28054, 25000, 27762, 27741, 0, 
30, 1, 266, 99, -1, 327, 123, 10.8, 29, ABplppaaaa, -400, 28597, 31800, 1112, , 28597, 25000, 27294, 27257, 0, 
31, 1, 84, 276, -1, 278, 226, 7.1, 27, ABalpappap, 272, 31256, 28380, 908, , 31256, 25000, 32040, 31998, 0, 
32, 1, 107, 183, -1, 228, 154, 10.0, 29, ABalppapap, 233, 28057, 34454, 1228, , 28057, 25000, 27245, 27315, 0, 
33, 1, 61, 59, -1, 335, 221, 16.4, 32, Ealpa, 317, 28881, 42859, 1484, , 28881, 25000, 29738, 29510, 0, 
34, 1, 146, 198, -1, 303, 171, 6.5, 27, ABalpapapp, 268, 34994, 31355, 896, , 34994, 25000, 36637, 36671, 0, 
35, 1, 240, 292, -1, 212, 244, 6.1, 27, ABalpaaaap, 264, 36393, 33045, 908, , 36393, 25000, 34991, 35090, 0, 
36, 1, 49, 14, -1, 295, 336, 18.5, 31, MSppapp, -66, 27546, 33937, 1232, , 27546, 25000, 28143, 28178, 0, 
37, 1, 65, 181, -1, 251, 143, 23.5, 30, ABplaapapa, 304, 27722, 34154, 1232, , 27722, 25000, 27981, 28005, 0, 
38, 1, 42, 192, -1, 590, 335, 14.2, 27, ABprapappa, 43, 27826, 24153, 868, , 27826, 25000, 27808, 27820, 0, 
39, 1, 48, 266, -1, 260, 305, 5.9, 25, ABarappaaa, 153, 35539, 22603, 636, , 35539, 25000, 34483, 34638, 0, 
40, 1, 180, 144, -1, 252, 272, 12.5, 29, ABaraapppa, 258, 27408, 29601, 1080, , 27408, 25000, 28835, 28953, 0, 
41, 1, 58, 250, -1, 283, 119, 13.8, 25, ABplpaaapa, 96, 27064, 19053, 704, , 27064, 25000, 27352, 27456, 0, 
42, 1, 172, 270, -1, 276, 129, 17.2, 28, ABplpaapap, 287, 27058, 28465, 1052, , 27058, 25000, 27861, 27817, 0, 
43, 1, 326, 238, -1, 213, 244, 21.4, 30, MSaaaapa, 288, 28140, 32530, 1156, , 28140, 25000, 28153, 28153, 0, 
44, 1, 106, 194, -1, 154, 200, 10.4, 27, ABalpaappa, 173, 27153, 26827, 988, , 27153, 25000, 28044, 28142, 0, 
45, 1, 270, 130, -1, 489, 334, 16.4, 31, Cpppaa, 311, 26502, 35300, 1332, , 26502, 25000, 28147, 28183, 0, 
46, 1, 325, 342, -1, 441, 317, 6.2, 27, ABprppppaa, 267, 31726, 27538, 868, , 31726, 25000, 33181, 33022, 0, 
47, 1, 2, 279, -1, 307, 184, 25.5, 30, ABplaaapap, 217, 27373, 33723, 1232, , 27373, 25000, 27894, 28038, 0, 
48, 1, 37, 278, -1, 261, 145, 9.2, 26, ABalppappa, -99, 27167, 21625, 796, , 27167, 25000, 28249, 28245, 0, 
49, 1, 297, 133, -1, 273, 367, 18.4, 27, ABpraaappa, 252, 27178, 26852, 988, , 27178, 25000, 27999, 27904, 0, 
50, 1, 8, 71, -1, 441, 148, 7.7, 27, ABplpppaaa, -111, 29384, 27151, 924, , 29384, 25000, 30244, 30482, 0, 
51, 1, 257, 197, 304, 462, 299, 10.8, 30, Cppaa, 254, 27339, 36088, 1320, , 27339, 25000, 28611, 28619, 0, 
52, 1, 118, 68, -1, 538, 367, 14.4, 28, ABprappapp, -346, 27805, 27471, 988, , 27805, 25000, 28110, 28116, 0, 
53, 1, 12, 6, -1, 173, 154, 19.6, 27, ABalpppaap, 58, 27187, 26861, 988, , 27187, 25000, 27521, 27595, 0, 
54, 1, 244, 126, -1, 219, 199, 10.9, 25, ABalpaaapa, 258, 27609, 18995, 688, , 27609, 25000, 28073, 28131, 0, 
55, 1, 78, 221, -1, 404, 159, 13.7, 31, Daap, 287, 27899, 38166, 1368, , 27899, 25000, 28866, 28958, 0, 
56, 1, 93, 88, -1, 261, 368, 23.3, 30, ABpraapaap, 260, 28047, 36686, 1308, , 28047, 25000, 27747, 27678, 0, 
57, 1, 114, 121, -1, 147, 188, 13.2, 27, ABalaaaalp, -504, 27418, 23799, 868, , 27418, 25000, 27324, 27311, 0, 
58, 1, 1, 55, -1, 595, 301, 11.5, 26, ABprapappp, 374, 26901, 24103, 896, , 26901, 25000, 27554, 27511, 0, 
59, 1, 218, 111, -1, 549, 183, 7.4, 27, ABplappppp, 302, 27573, 27242, 988, , 27573, 25000, 31810, 31910, 0, 
60, 1, 16, 78, -1, 441, 117, 19.0, 29, ABplapaapp, 291, 27235, 33444, 1228, , 27235, 25000, 28086, 28087, 0, 
61, 1, 333, 262, -1, 241, 329, 6.8, 26, ABarapppap, 125, 31005, 24680, 796, , 31005, 25000, 33583, 33756, 0, 
62, 1, 59, 16, -1, 175, 215, 7.4, 28, ABalpaaaaa, -567, 31234, 30859, 988, , 31234, 25000, 32533, 32747, 0, 
63, 1, 155, 156, -1, 477, 174, 17.4, 31, Cappaa, 311, 28143, 37486, 1332, , 28143, 25000, 28553, 28577, 0, 
64, 1, 246, 137, -1, 222, 371, 12.8, 28, ABalaapapp, 265, 26914, 28314, 1052, , 26914, 25000, 27362, 27391, 0, 
65, 1, 161, 217, -1, 205, 288, 10.0, 29, ABaraaapap, 252, 27674, 33984, 1228, , 27674, 25000, 28477, 28510, 0, 
66, 1, 158, 253, -1, 243, 238, 6.9, 27, ABalpappaa, 220, 29358, 26657, 908, , 29358, 25000, 31904, 31831, 0, 
67, 1, 140, 32, -1, 318, 215, 11.5, 27, MSaapapa, 226, 35010, 31369, 896, , 35010, 25000, 29329, 29410, 0, 
68, 1, 40, 242, -1, 455, 371, 9.2, 27, ABprppappa, 107, 26910, 23358, 868, , 26910, 25000, 28507, 28666, 0, 
69, 1, 187, 91, -1, 295, 325, 5.4, 29, ABarappapa, 8, 37753, 43643, 1156, , 37753, 25000, 35058, 35253, 0, 
70, 1, 121, 228, -1, 185, 330, 13.2, 26, MSppaaaa, 201, 27553, 21932, 796, , 27553, 25000, 28457, 28596, 0, 
71, 1, 54, 188, -1, 207, 268, 24.9, 29, ABarpaaapa, 230, 27688, 33447, 1208, , 27688, 25000, 28037, 27999, 0, 
72, 1, 21, 116, -1, 482, 379, 13.5, 29, ABprappaap, 55, 27588, 29795, 1080, , 27588, 25000, 28081, 28077, 0, 
73, 1, 329, 11, -1, 361, 290, 5.3, 29, ABprpappaa, 247, 34863, 37234, 1068, , 34863, 25000, 33957, 33959, 0, 
74, 1, 88, 356, -1, 166, 206, 16.2, 26, MSapaaaa, 179, 26827, 21354, 796, , 26827, 25000, 27913, 27994, 0, 
75, 1, 99, 129, -1, 194, 209, 26.4, 29, ABplaaaaaa, 249, 28472, 32914, 1156, , 28472, 25000, 28065, 28259, 0, 
76, 1, 225, 69, -1, 217, 348, 18.4, 29, ABpraaapaa, 228, 28738, 33221, 1156, , 28738, 25000, 27765, 27940, 0, 
77, 1, 162, 336, -1, 169, 338, 22.7, 28, ABalappapp, 276, 27869, 29653, 1064, , 27869, 25000, 28204, 28222, 0, 
78, 1, 285, 17, -1, 188, 141, 13.6, 26, ABalppaapa, -225, 26816, 22311, 832, , 26816, 25000, 27048, 26917, 0, 
79, 1, 7, 180, -1, 442, 350, 6.3, 26, ABprppaapp, 219, 34050, 29147, 856, , 34050, 25000, 33701, 33955, 0, 
80, 1, 282, 274, -1, 314, 317, 12.2, 30, MSpppaa, -11, 28413, 37505, 1320, , 28413, 25000, 28370, 28428, 0, 
81, 1, 178, 132, -1, 321, 383, 11.2, 27, ABprpaaapp, 141, 27297, 23694, 868, , 27297, 25000, 27759, 27970, 0, 
82, 1, 224, 115, -1, 373, 146, 7.4, 27, ABplppaapa, 54, 29313, 28961, 988, , 29313, 25000, 32774, 32845, 0, 
83, 1, 108, 178, -1, 284, 345, 14.9, 28, MSppapap, 182, 28129, 30604, 1088, , 28129, 25000, 28042, 28116, 0, 
84, 1, 298, 332, -1, 466, 353, 6.7, 27, ABprpppaaa, 248, 32644, 30163, 924, , 32644, 25000, 33346, 33588, 0, 
85, 1, 290, 306, -1, 119, 277, 18.6, 25, ABalappaaa, 181, 25946, 21587, 832, , 25946, 25000, 27252, 27209, 0, 
86, 1, 67, 264, -1, 427, 185, 7.5, 28, ABplppppaa, 234, 29790, 32173, 1080, , 29790, 25000, 30636, 30497, 0, 
87, 1, 68, 87, -1, 161, 268, 14.6, 30, ABaraaaap, 64, 27945, 32304, 1156, , 27945, 25000, 27888, 27960, 0, 
88, 1, 313, 280, -1, 118, 303, 17.6, 26, ABalaaappl, 223, 27663, 23016, 832, , 27663, 25000, 27289, 27352, 0, 
89, 1, 228, 318, -1, 572, 343, 16.4, 29, ABprapapap, 289, 27527, 31821, 1156, , 27527, 25000, 28346, 28236, 0, 
90, 1, 110, 64, -1, 386, 377, 20.1, 27, ABprapaaaa, 221, 26448, 24015, 908, , 26448, 25000, 27697, 27763, 0, 
91, 1, 206, 45, -1, 318, 264, 25.9, 33, ABarpaapap, 249, 28570, 49598, 1736, , 28570, 25000, 28917, 28926, 0, 
92, 1, 300, 299, -1, 363, 283, 26.2, 32, ABarpaappa, 108, 27572, 44335, 1608, , 27572, 25000, 28286, 28291, 0, 
93, 1, 196, 213, -1, 406, 321, 12.4, 29, Dpap, 292, 27781, 32115, 1156, , 27781, 25000, 28541, 28563, 0, 
94, 1, 331, 272, -1, 495, 284, 7.2, 28, ABprpppppa, 278, 27874, 29323, 1052, , 27874, 25000, 31377, 31405, 0, 
95, 1, 96, 225, -1, 505, 300, 11.5, 32, Cppap, 11, 26281, 37634, 1432, , 26281, 25000, 28115, 28114, 0, 
96, 1, 153, 175, -1, 363, 242, 20.5, 34, Ealap, 323, 26959, 45506, 1688, , 26959, 25000, 28860, 28891, 0, 
97, 1, 318, 18, -1, 238, 209, 5.5, 26, ABalpapaap, 82, 37079, 33223, 896, , 37079, 25000, 37757, 37994, 0, 
98, 1, 176, 202, -1, 489, 120, 20.0, 30, ABplappapa, 303, 28105, 37886, 1348, , 28105, 25000, 27506, 27485, 0, 
99, 1, 164, 67, -1, 139, 183, 17.6, 29, ABalpppaaa, 120, 27121, 31352, 1156, , 27121, 25000, 27267, 27073, 0, 
100, 1, 154, 218, -1, 574, 151, 15.1, 29, ABplapappp, 251, 27610, 33353, 1208, , 27610, 25000, 27885, 27839, 0, 
101, 1, 339, 124, -1, 408, 344, 6.1, 26, ABprppaapa, 248, 33639, 26911, 800, , 33639, 25000, 33966, 34204, 0, 
102, 1, 30, 321, -1, 515, 178, 23.7, 32, ABarppappa, 325, 28081, 44481, 1584, , 28081, 25000, 27554, 27554, 0, 
103, 1, 52, 135, -1, 596, 266, 11.3, 30, Cpappd, 303, 28178, 36857, 1308, , 28178, 25000, 28498, 28601, 0, 
104, 1, 179, 105, -1, 215, 292, 6.6, 28, ABarapaaaa, 239, 33863, 33457, 988, , 33863, 25000, 33855, 34016, 0, 
105, 1, 312, -1, -1, 512, 202, 7.0, 23, ABplpppapp, 300, 29633, 15172, 512, , 29633, 25000, 31982, 32243, 0, 
106, 1, 299, 57, -1, 275, 143, 12.1, 28, ABplpaaaap, 164, 27191, 29584, 1088, , 27191, 25000, 27807, 27957, 0, 
107, 1, 279, 296, -1, 483, 223, 19.3, 34, Eplap, 342, 27861, 52491, 1884, , 27861, 25000, 28295, 28295, 0, 
108, 1, 239, 38, -1, 245, 366, 20.2, 28, ABpraaapap, 262, 28366, 29841, 1052, , 28366, 25000, 27795, 27749, 0, 
109, 1, 32, 83, -1, 513, 246, 24.5, 32, Caaaap, 318, 26860, 38464, 1432, , 26860, 25000, 27910, 27877, 0, 
110, 1, 334, 159, -1, 535, 283, 6.2, 23, ABprpppapp, 181, 34470, 18614, 540, , 34470, 25000, 35810, 36137, 0, 
111, 1, 95, 314, -1, 314, 177, 14.3, 31, MSappaa, 309, 27324, 37379, 1368, , 27324, 25000, 28434, 28526, 0, 
112, 1, 344, 191, -1, 525, 255, 7.2, 27, ABprpppppp, 267, 30211, 26223, 868, , 30211, 25000, 31529, 31957, 0, 
113, 1, 91, 208, -1, 385, 324, 6.8, 27, ABprpapapa, 242, 31552, 27387, 868, , 31552, 25000, 31982, 31736, 0, 
114, 1, 302, 37, -1, 538, 203, 10.4, 28, Capppp, 282, 27368, 27040, 988, , 27368, 25000, 28498, 28493, 0, 
115, 1, 321, 90, -1, 437, 186, 18.3, 34, Dapp, 337, 27826, 52425, 1884, , 27826, 25000, 28421, 28531, 0, 
116, 1, 286, 347, -1, 347, 331, 26.1, 28, ABarpapppa, 168, 28938, 31485, 1088, , 28938, 25000, 28552, 28511, 0, 
117, 1, 342, 85, -1, 351, 397, 11.4, 27, ABprpaappp, -369, 28118, 27781, 988, , 28118, 25000, 27462, 27464, 0, 
118, 1, 129, 247, -1, 168, 187, 20.4, 29, ABalapaapp, -173, 27232, 31480, 1156, , 27232, 25000, 28170, 28316, 0, 
119, 0, -1, -1, -1, 384, 221, 6.0, 24, , 176, 2878, 22926, 608, , 37707, 25000, 34778, 34829, 0, 
120, 1, 90, 268, -1, 410, 110, 10.5, 26, ABplppapap, 245, 27270, 24434, 896, , 27270, 25000, 27947, 27976, 0, 
121, 1, 33, 149, -1, 359, 132, 12.7, 25, ABplppaaap, 167, 27428, 20955, 764, , 27428, 25000, 28207, 28231, 0, 
122, 1, 351, 219, -1, 460, 189, 6.4, 28, ABplppppap, 283, 32466, 32076, 988, , 32466, 25000, 32094, 32214, 0, 
123, 1, 124, 92, -1, 117, 247, 14.2, 25, ABalaaaarl, 222, 28847, 20308, 704, , 28847, 25000, 27371, 27360, 0, 
124, 1, 207, 354, -1, 534, 318, 7.2, 30, ABprpppapa, 125, 29736, 39252, 1320, , 29736, 25000, 31742, 31864, 0, 
125, 1, 66, 113, -1, 161, 281, 8.8, 27, ABaraaapaa, 256, 28270, 24538, 868, , 28270, 25000, 29158, 29226, 0, 
126, 1, 283, 46, -1, 271, 338, 7.1, 26, ABarappppa, 91, 28338, 22670, 800, , 28338, 25000, 31874, 31991, 0, 
127, 1, 44, 234, -1, 209, 315, 26.1, 30, ABarpapaaa, 298, 27569, 37383, 1356, , 27569, 25000, 28678, 28776, 0, 
128, 1, 128, 340, -1, 371, 121, 10.4, 29, ABplppapaa, 256, 27689, 32008, 1156, , 27689, 25000, 27704, 27750, 0, 
129, 1, 272, 140, -1, 128, 219, 13.1, 25, ABalaaaala, 214, 28381, 19526, 688, , 28381, 25000, 27485, 27533, 0, 
130, 1, 209, 60, -1, 310, 382, 17.7, 32, ABpraaappp, 263, 27311, 43260, 1584, , 27311, 25000, 27688, 27721, 0, 
131, 1, 15, 25, -1, 186, 175, 23.8, 28, ABplaapaaa, 281, 27413, 28839, 1052, , 27413, 25000, 28057, 28032, 0, 
132, 1, 64, 173, -1, 167, 160, 15.2, 28, ABalppaaap, 319, 27534, 28966, 1052, , 27534, 25000, 27383, 27440, 0, 
133, 1, 9, 308, -1, 150, 339, 19.2, 30, ABalaapppa, 253, 27167, 35861, 1320, , 27167, 25000, 27648, 27660, 0, 
134, 1, 345, 142, -1, 234, 303, 16.6, 29, MSpaapaa, 231, 27708, 32031, 1156, , 27708, 25000, 27710, 27755, 0, 
135, 1, 211, 343, -1, 521, 355, 21.9, 31, ABarpppppa, 277, 26874, 39774, 1480, , 26874, 25000, 27830, 27747, 0, 
136, 1, 277, 106, -1, 402, 177, 6.6, 28, ABplpapapp, 238, 32283, 31896, 988, , 32283, 25000, 33041, 33625, 0, 
137, 1, 157, 255, -1, 265, 188, 27.0, 28, ABplaaapaa, 131, 28384, 32017, 1128, , 28384, 25000, 28469, 28457, 0, 
138, 0, 352, -1, -1, 88, 263, 16.7, 28, , 138, 1695, 30868, 1064, , 29011, 25000, 27357, 27316, 0, 
139, 1, 5, 335, -1, 133, 262, 10.4, 27, ABaraaaaaa, -195, 27123, 26798, 988, , 27123, 25000, 27752, 27722, 0, 
140, 1, 141, 260, -1, 404, 215, 12.1, 32, Z3, 354, 28163, 44385, 1576, , 28163, 25000, 28014, 27964, 0, 
141, 1, 100, 61, -1, 220, 382, 19.2, 27, ABpraaaaap, 225, 26295, 22824, 868, , 26295, 25000, 28037, 27913, 0, 
142, 1, 317, 193, -1, 265, 311, 25.0, 28, ABarpapapa, 285, 26201, 29555, 1128, , 26201, 25000, 28072, 28062, 0, 
143, 1, 108, 215, -1, 246, 343, 15.4, 28, MSppapaa, 195, 27174, 26848, 988, , 27174, 25000, 27793, 27804, 0, 
144, 1, 295, 36, -1, 201, 311, 22.7, 29, ABalapppap, 255, 29336, 31331, 1068, , 29336, 25000, 27963, 28106, 0, 
145, 1, 201, 206, -1, 334, 203, 25.8, 30, ABplaaappa, 298, 26898, 35505, 1320, , 26898, 25000, 27890, 27946, 0, 
146, 1, 252, 65, -1, 411, 303, 5.6, 29, ABprpapapp, 290, 36616, 42328, 1156, , 36616, 25000, 33666, 33583, 0, 
147, 1, 73, 241, -1, 509, 341, 7.5, 28, ABprpppaap, 133, 29017, 31338, 1080, , 29017, 25000, 31337, 31655, 0, 
148, 1, 216, 295, -1, 565, 161, 19.3, 29, ABarppappp, 269, 27959, 29860, 1068, , 27959, 25000, 28135, 28154, 0, 
149, 1, 137, 2, -1, 224, 170, 25.2, 30, ABplaapaap, 266, 27595, 36426, 1320, , 27595, 25000, 27854, 27835, 0, 
150, 1, 310, 158, -1, 274, 232, 12.1, 27, MSaapaaa, 274, 36281, 32943, 908, , 36281, 25000, 29879, 29825, 0, 
151, 1, 248, 244, -1, 508, 234, 8.2, 27, ABplpppppp, 239, 28713, 24923, 868, , 28713, 25000, 30347, 30483, 0, 
152, 1, 219, 51, -1, 406, 241, 8.6, 28, MSpappa, 229, 27299, 26971, 988, , 27299, 25000, 29227, 29254, 0, 
153, 1, 229, 177, -1, 255, 271, 9.0, 30, ABarapaapp, 121, 27928, 37647, 1348, , 27928, 25000, 28573, 28629, 0, 
154, 1, 112, 350, -1, 574, 225, 10.3, 29, Caapa, 142, 27916, 29814, 1068, , 27916, 25000, 28594, 28563, 0, 
155, 1, 102, 13, -1, 162, 248, 10.2, 27, ABalpaapaa, 250, 27846, 24170, 868, , 27846, 25000, 28238, 28296, 0, 
156, 1, 293, 315, -1, 304, 311, 25.4, 29, ABarpapapp, 276, 28767, 33255, 1156, , 28767, 25000, 28472, 28405, 0, 
157, 1, 193, 34, -1, 342, 164, 13.8, 29, MSappap, 220, 26747, 29743, 1112, , 26747, 25000, 28558, 28722, 0, 
158, 1, 165, 236, -1, 171, 220, 24.2, 30, ABalapapap, 248, 27285, 36016, 1320, , 27285, 25000, 28258, 28315, 0, 
159, 1, 269, 232, -1, 238, 233, 10.3, 28, ABalpaaapp, 160, 27086, 28820, 1064, , 27086, 25000, 28413, 28434, 0, 
160, 1, 336, 330, -1, 456, 292, 20.3, 34, Eprap, 316, 28717, 54103, 1884, , 28717, 25000, 28699, 28695, 0, 
161, 1, 88, 75, -1, 194, 206, 16.2, 26, MSapaaap, 173, 26698, 21252, 796, , 26698, 25000, 28189, 28312, 0, 
162, 1, 169, 227, -1, 448, 276, 25.8, 34, Cpaaaa, 332, 27526, 52630, 1912, , 27526, 25000, 28188, 28188, 0, 
163, 1, 28, 154, -1, 272, 203, 10.0, 26, ABalpapppa, 248, 27408, 23352, 852, , 27408, 25000, 28909, 28820, 0, 
164, 1, 350, 117, -1, 144, 330, 13.3, 27, ABalaapaaa, -130, 26093, 24110, 924, , 26093, 25000, 27869, 27933, 0, 
165, 1, 25, 128, -1, 123, 240, 19.2, 27, ABalapaaaa, -79, 27121, 23541, 868, , 27121, 25000, 27698, 27806, 0, 
166, 1, 94, 289, -1, 284, 159, 24.4, 30, ABplaapapp, 287, 27744, 32072, 1156, , 27744, 25000, 27877, 27976, 0, 
167, 1, 92, 86, -1, 484, 375, 20.7, 30, ABarppppap, 309, 26973, 35281, 1308, , 26973, 25000, 27908, 27907, 0, 
168, 1, 221, 48, -1, 319, 164, 17.3, 31, MSapppa, 300, 27406, 37492, 1368, , 27406, 25000, 27794, 27863, 0, 
169, 1, 238, 300, -1, 402, 191, 25.4, 30, ABarppaaap, 266, 27347, 31613, 1156, , 27347, 25000, 27631, 27544, 0, 
170, 1, 151, 160, -1, 407, 141, 7.1, 27, ABplppaapp, 215, 30806, 27972, 908, , 30806, 25000, 33703, 34103, 0, 
171, 1, 214, 79, -1, 255, 357, 10.0, 27, ABprpaaaaa, 201, 27319, 28193, 1032, , 27319, 25000, 28036, 28029, 0, 
172, 1, 227, 243, -1, 323, 272, 13.7, 30, MSpapaap, 302, 36998, 48393, 1308, , 36998, 25000, 30929, 31062, 0, 
173, 1, 205, 257, -1, 306, 290, 19.5, 34, Earaa, 305, 27678, 46721, 1688, , 27678, 25000, 28608, 28679, 0, 
174, 1, 236, 310, -1, 464, 174, 25.5, 31, ABarppaapp, 263, 28988, 35713, 1232, , 28988, 25000, 27782, 27833, 0, 
175, 1, 260, 108, -1, 487, 279, 18.5, 31, Eprpa, 241, 27547, 33938, 1232, , 27547, 25000, 28438, 28423, 0, 
176, 1, 226, 210, -1, 291, 379, 22.5, 28, ABpraapapa, 243, 27482, 29681, 1080, , 27482, 25000, 28175, 28098, 0, 
177, 1, 166, 259, -1, 576, 200, 8.4, 26, Caappv, 227, 28996, 24125, 832, , 28996, 25000, 28544, 28294, 0, 
178, 1, 133, 345, -1, 248, 274, 5.7, 26, ABarapaaap, -145, 35777, 30625, 856, , 35777, 25000, 34906, 34895, 0, 
179, 1, 13, 311, -1, 534, 145, 8.3, 27, ABplappppa, 230, 28395, 26237, 924, , 28395, 25000, 28839, 28908, 0, 
180, 1, 17, 96, -1, 212, 324, 8.6, 25, ABaraaappp, -8, 27548, 22920, 832, , 27548, 25000, 27992, 28116, 0, 
181, 1, 234, 273, -1, 323, 320, 8.9, 28, ABprpapaaa, -3, 27310, 29713, 1088, , 27310, 25000, 28706, 28722, 0, 
182, 1, 265, 346, -1, 474, 241, 7.8, 30, ABplpppppa, 57, 28894, 38140, 1320, , 28894, 25000, 30022, 29828, 0, 
183, 1, 195, 320, -1, 375, 350, 14.3, 29, Dpaa, 293, 27961, 29862, 1068, , 27961, 25000, 27919, 27954, 0, 
184, 1, 76, 33, -1, 210, 200, 6.8, 28, ABalpapaaa, 254, 34525, 36320, 1052, , 34525, 25000, 34281, 34029, 0, 
185, 1, 349, 186, -1, 577, 315, 19.6, 30, ABarpppppp, 302, 28353, 32776, 1156, , 28353, 25000, 27782, 27782, 0, 
186, 1, 173, 309, -1, 216, 353, 10.2, 27, ABarapppaa, 101, 26249, 22784, 868, , 26249, 25000, 27460, 27478, 0, 
187, 1, 83, 120, -1, 328, 132, 22.3, 31, ABplaappap, 316, 27240, 37264, 1368, , 27240, 25000, 28295, 28406, 0, 
188, 1, 194, 42, -1, 263, 397, 18.0, 29, ABpraaaapp, 242, 28458, 34947, 1228, , 28458, 25000, 27233, 27266, 0, 
189, 1, 98, 141, -1, 382, 254, 5.7, 28, ABprpappap, -38, 35298, 37557, 1064, , 35298, 25000, 34381, 34381, 0, 
190, 1, 189, 239, -1, 332, 399, 14.7, 27, ABprpaappa, 61, 27018, 24965, 924, , 27018, 25000, 27401, 27337, 0, 
191, 1, 353, 281, -1, 133, 186, 15.6, 27, ABalppaaaa, 221, 27672, 27340, 988, , 27672, 25000, 26832, 26891, 0, 
192, 1, 192, 95, -1, 374, 305, 19.7, 33, Earap, 312, 27782, 48230, 1736, , 27782, 25000, 28480, 28581, 0, 
193, 1, 263, 12, -1, 422, 378, 8.9, 26, ABprppapap, 168, 27224, 21779, 800, , 27224, 25000, 28535, 28336, 0, 
194, 1, 289, 341, -1, 314, 210, 9.0, 32, ABalpapppp, 312, 28505, 48687, 1708, , 28505, 25000, 29518, 29486, 0, 
195, 1, 148, 161, -1, 412, 295, 20.2, 32, Epraa, -34, 27317, 43925, 1608, , 27317, 25000, 27937, 27976, 0, 
196, 1, 144, 230, -1, 282, 121, 21.0, 26, ABplaappaa, 258, 26597, 22661, 852, , 26597, 25000, 28263, 28266, 0, 
197, 1, 184, 185, -1, 442, 388, 12.6, 28, ABprappaaa, 138, 28382, 28041, 988, , 28382, 25000, 28108, 28124, 0, 
198, 1, 70, 20, -1, 466, 124, 15.5, 26, ABplappaap, 142, 27153, 24329, 896, , 27153, 25000, 28088, 28089, 0, 
199, 1, 262, 245, -1, 605, 221, 14.6, 32, Cpapaa, 226, 26341, 39090, 1484, , 26341, 25000, 28648, 28652, 0, 
200, 1, 275, 277, -1, 533, 325, 15.7, 32, Cpppap, 271, 27270, 43196, 1584, , 27270, 25000, 28098, 28108, 0, 
201, 1, 29, 174, -1, 229, 181, 13.7, 30, MSapaap, 285, 27188, 35562, 1308, , 27188, 25000, 28209, 28161, 0, 
202, 1, 53, 220, -1, 156, 252, 23.9, 27, ABalapapaa, 202, 27503, 24973, 908, , 27503, 25000, 27805, 27805, 0, 
203, 1, 241, 324, -1, 312, 169, 10.0, 27, ABplpapaaa, 96, 27871, 28763, 1032, , 27871, 25000, 28371, 28556, 0, 
204, 1, 332, 73, -1, 493, 370, 8.5, 28, ABprppappp, 226, 27419, 29613, 1080, , 27419, 25000, 28381, 28477, 0, 
205, 1, 150, 118, -1, 398, 231, 17.4, 32, Ealpp, 310, 27060, 40157, 1484, , 27060, 25000, 28784, 28861, 0, 
206, 1, 261, 269, -1, 351, 157, 22.6, 30, ABplapaaaa, 154, 27759, 32089, 1156, , 27759, 25000, 27872, 28042, 0, 
207, 1, 215, 89, -1, 257, 376, 12.9, 26, ABprpaapaa, 257, 26928, 21542, 800, , 26928, 25000, 28039, 28101, 0, 
208, 1, 41, 23, -1, 289, 279, 12.8, 25, ABaraapppp, 227, 28149, 19817, 704, , 28149, 25000, 29773, 29378, 0, 
209, 1, 222, 190, -1, 217, 242, 18.0, 30, MSaaapaa, 251, 26772, 36089, 1348, , 26772, 25000, 28274, 28311, 0, 
210, 1, 39, 150, -1, 157, 305, 11.4, 26, ABaraaaaap, 294, 27671, 23022, 832, , 27671, 25000, 27682, 27704, 0, 
211, 1, 109, 114, -1, 259, 246, 22.6, 29, MSaaaapp, 249, 27460, 31744, 1156, , 27460, 25000, 28271, 28286, 0, 
212, 1, 79, 252, -1, 276, 258, 5.9, 25, ABarapapaa, 254, 35442, 22541, 636, , 35442, 25000, 33543, 33585, 0, 
213, 1, 101, 103, -1, 389, 181, 10.3, 32, MSaappp, 311, 27086, 42904, 1584, , 27086, 25000, 27984, 27997, 0, 
214, 1, 340, 40, -1, 266, 285, 20.6, 31, MSpaaapp, 306, 27496, 36625, 1332, , 27496, 25000, 27923, 27920, 0, 
215, 1, 348, 352, -1, 187, 349, 16.9, 29, ABalaappap, 238, 27023, 32644, 1208, , 27023, 25000, 27713, 27688, 0, 
216, 1, 138, 39, -1, 406, 123, 22.1, 28, ABplapaapa, 384, 27101, 29486, 1088, , 27101, 25000, 27594, 27570, 0, 
217, 1, 330, 22, -1, 550, 303, 12.4, 28, Cppppa, 283, 28764, 28419, 988, , 28764, 25000, 28573, 28592, 0, 
218, 1, 245, 3, -1, 575, 328, 10.5, 24, ABprappppa, -92, 26764, 20555, 768, , 26764, 25000, 27287, 27248, 0, 
219, 1, 85, 63, -1, 207, 165, 20.3, 30, ABalppppaa, 340, 26882, 35162, 1308, , 26882, 25000, 27705, 27887, 0, 
220, 1, 131, 21, -1, 478, 347, 23.3, 32, ABarpppapp, 320, 28008, 44364, 1584, , 28008, 25000, 27930, 27907, 0, 
221, 1, 63, 157, -1, 190, 182, 11.2, 26, ABalpaappp, 339, 27136, 21600, 796, , 27136, 25000, 28251, 28312, 0, 
222, 1, 267, 74, -1, 559, 281, 8.4, 28, ABprappppp, 8, 29076, 28727, 988, , 29076, 25000, 29375, 29374, 0, 
223, 1, 55, 355, -1, 350, 164, 10.0, 27, ABplpapaap, 194, 28363, 29271, 1032, , 28363, 25000, 29195, 29233, 0, 
224, 1, 217, 30, -1, 203, 249, 13.6, 30, ABaraapaap, -64, 29036, 33566, 1156, , 29036, 25000, 28373, 28349, 0, 
225, 1, 281, 171, -1, 191, 221, 10.5, 31, ABalpaapap, 253, 27975, 34465, 1232, , 27975, 25000, 28752, 28749, 0, 
226, 1, 177, 123, -1, 199, 293, 18.5, 31, MSpaaaap, 309, 26942, 33193, 1232, , 26942, 25000, 27871, 27843, 0, 
227, 1, 324, 168, -1, 410, 157, 17.6, 32, Dapa, 285, 27194, 40356, 1484, , 27194, 25000, 28564, 28684, 0, 
228, 1, 130, 251, -1, 452, 236, 5.2, 28, ABplpapppp, 226, 34959, 36777, 1052, , 34959, 25000, 33627, 33679, 0, 
229, 1, 149, 222, -1, 179, 315, 8.2, 26, ABaraaappa, 225, 27079, 21555, 796, , 27079, 25000, 29664, 29660, 0, 
230, 1, 212, 353, -1, 139, 332, 16.5, 28, ABalaaappr, 237, 29097, 31425, 1080, , 29097, 25000, 28101, 28274, 0, 
231, 1, 253, 331, -1, 365, 177, 24.7, 24, ABplaaappp, 169, 27352, 19256, 704, , 27352, 25000, 27246, 27331, 0, 
232, 1, 168, 199, -1, 236, 385, 16.0, 27, ABpraaaapa, 265, 27214, 28085, 1032, , 27214, 25000, 27430, 27490, 0, 
233, 1, 156, 138, -1, 313, 361, 7.4, 28, ABarappppp, 234, 29339, 28987, 988, , 29339, 25000, 31074, 31616, 0, 
234, 1, 20, 249, -1, 263, 324, 11.2, 27, MSppaap, 208, 27384, 23769, 868, , 27384, 25000, 28006, 28013, 0, 
235, 1, 305, 301, -1, 348, 276, 10.0, 26, MSpapapa, 236, 35183, 29976, 852, , 35183, 25000, 29813, 29859, 0, 
236, 1, 56, 97, -1, 502, 382, 17.0, 29, ABprappapa, -150, 27751, 34078, 1228, , 27751, 25000, 28432, 28423, 0, 
237, 1, 77, 112, -1, 287, 282, 7.8, 27, ABarapappa, 399, 28892, 25078, 868, , 28892, 25000, 30696, 30288, 0, 
238, 1, 50, 223, -1, 547, 219, 23.4, 34, Caaapa, 313, 27346, 48676, 1780, , 27346, 25000, 28995, 29005, 0, 
239, 1, 284, 231, -1, 138, 203, 20.6, 27, ABalapaapa, 217, 28214, 27875, 988, , 28214, 25000, 27670, 27736, 0, 
240, 1, 291, 246, -1, 310, 403, 19.6, 27, ABpraappaa, 237, 26616, 26297, 988, , 26616, 25000, 27118, 27054, 0, 
241, 1, 134, 265, -1, 273, 330, 21.7, 28, ABalappppp, 281, 27203, 28944, 1064, , 27203, 25000, 27650, 27648, 0, 
242, 1, 75, 339, -1, 497, 189, 12.3, 33, Capap, 329, 28180, 48921, 1736, , 28180, 25000, 27994, 28027, 0, 
243, 1, 306, 41, -1, 359, 194, 20.5, 30, MSapppp, 290, 27722, 34154, 1232, , 27722, 25000, 28142, 28120, 0, 
244, 1, 341, 119, -1, 131, 309, 21.5, 29, ABalappapa, 242, 26738, 28877, 1080, , 26738, 25000, 27420, 27468, 0, 
245, 1, 147, 328, -1, 363, 317, 8.6, 28, ABprpapaap, 221, 26857, 26535, 988, , 26857, 25000, 28386, 28476, 0, 
246, 1, 335, 27, -1, 461, 215, 10.4, 29, Capaap, 199, 27528, 31822, 1156, , 27528, 25000, 28656, 28629, 0, 
247, 1, 335, 167, -1, 434, 171, 13.3, 29, Capaaa, 382, 26787, 28609, 1068, , 26787, 25000, 28261, 28402, 0, 
248, 0, 10, -1, -1, 331, 298, 17.5, 26, , 200, 1368, 27550, 896, , 30748, 25000, 29346, 29380, 0, 
249, 1, 254, 53, -1, 318, 349, 25.9, 32, ABarpappap, 400, 28247, 44517, 1576, , 28247, 25000, 28347, 28313, 0, 
250, 1, 152, 94, -1, 225, 286, 20.5, 29, MSpaaapa, 218, 28299, 30563, 1080, , 28299, 25000, 28078, 28152, 0, 
251, 1, 308, 240, -1, 493, 253, 5.4, 28, ABprpapppp, 270, 30839, 30469, 988, , 30839, 25000, 33951, 34248, 0, 
252, 1, 89, 28, -1, 198, 145, 17.7, 26, ABalpppapa, 293, 27496, 23537, 856, , 27496, 25000, 28092, 28198, 0, 
253, 1, 115, 189, -1, 540, 136, 16.7, 28, ABplapapap, 143, 27047, 28778, 1064, , 27047, 25000, 28462, 28541, 0, 
254, 1, 136, 52, -1, 320, 356, 14.5, 30, MSppppa, 286, 27735, 34170, 1232, , 27735, 25000, 28090, 28083, 0, 
255, 1, 323, 207, -1, 535, 176, 15.4, 29, Capppa, 234, 27702, 32024, 1156, , 27702, 25000, 28717, 28872, 0, 
256, 1, 181, 271, -1, 415, 284, 9.4, 32, MSpappp, 55, 27136, 40270, 1484, , 27136, 25000, 29367, 29122, 0, 
257, 1, 57, 182, -1, 307, 291, 5.6, 27, ABarappaap, 228, 35556, 35129, 988, , 35556, 25000, 34287, 34528, 0, 
258, 1, 51, 8, -1, 429, 405, 17.0, 24, ABprapaapa, 16, 25771, 15669, 608, , 25771, 25000, 27536, 27558, 0, 
259, 1, 26, 164, -1, 308, 267, 10.1, 28, MSpapaaa, 231, 40461, 44022, 1088, , 40461, 25000, 31115, 31106, 0, 
260, 1, 80, 214, -1, 368, 358, 23.3, 29, ABarpapppp, 284, 27334, 29193, 1068, , 27334, 25000, 28330, 28296, 0, 
261, 1, 34, 100, -1, 280, 264, 17.1, 28, MSaaapp, -40, 27813, 30260, 1088, , 27813, 25000, 27916, 27851, 0, 
262, 1, 230, 84, -1, 605, 279, 17.2, 31, Cpapap, 309, 28221, 41315, 1464, , 28221, 25000, 28265, 28265, 0, 
263, 1, 204, 101, -1, 400, 106, 17.1, 31, ABplaapppp, 106, 27601, 40849, 1480, , 27601, 25000, 28062, 28071, 0, 
264, 1, 3, 326, -1, 479, 311, 6.0, 30, ABprppppap, 237, 32408, 43686, 1348, , 32408, 25000, 33942, 34188, 0, 
265, 1, 280, 98, -1, 356, 335, 5.4, 28, ABarappapp, 221, 34828, 34410, 988, , 34828, 25000, 35791, 35961, 0, 
266, 1, 19, 170, -1, 506, 131, 15.8, 27, ABplappapp, 405, 26515, 23015, 868, , 26515, 25000, 27841, 27890, 0, 
267, 1, 11, 139, -1, 264, 229, 15.7, 29, ABaraapapp, 415, 28978, 30949, 1068, , 28978, 25000, 29102, 29023, 0, 
268, 1, 116, 29, -1, 182, 293, 14.2, 26, ABaraappaa, 303, 26315, 20947, 796, , 26315, 25000, 27861, 27973, 0, 
269, 1, 139, 7, -1, 237, 173, 21.6, 29, ABalppppap, 487, 27253, 31505, 1156, , 27253, 25000, 28021, 28151, 0, 
270, 1, 311, 93, -1, 205, 198, 21.0, 27, ABalapappa, 250, 26730, 27585, 1032, , 26730, 25000, 27638, 27673, 0, 
271, 1, 170, 282, -1, 382, 391, 23.6, 28, ABarpppaaa, 90, 27209, 26882, 988, , 27209, 25000, 27980, 28031, 0, 
272, 1, 27, 209, -1, 437, 200, 25.5, 32, ABarppaapa, 296, 28131, 40283, 1432, , 28131, 25000, 28341, 28384, 0, 
273, 1, 174, 162, -1, 411, 230, 20.7, 34, Eplaa, 327, 27436, 51690, 1884, , 27436, 25000, 28090, 28202, 0, 
274, 1, 46, 286, -1, 521, 229, 15.5, 36, Eplp, -18, 28532, 60945, 2136, , 28532, 25000, 28493, 28511, 0, 
275, 1, 220, 226, -1, 276, 351, 26.3, 29, ABarpappaa, 254, 28452, 30387, 1068, , 28452, 25000, 28378, 28425, 0, 
276, 1, 4, 148, -1, 419, 223, 5.6, 27, ABplpapppa, 218, 33670, 33266, 988, , 33670, 25000, 33908, 33873, 0, 
277, 1, 247, 110, -1, 227, 219, 25.8, 30, ABplaaaaap, 230, 27652, 36500, 1320, , 27652, 25000, 27768, 27823, 0, 
278, 1, 127, 172, -1, 343, 116, 14.9, 27, ABplpaappp, 264, 27965, 25392, 908, , 27965, 25000, 27835, 27840, 0, 
279, 1, 175, 338, -1, 340, 209, 5.6, 30, ABplpappaa, 304, 38010, 43940, 1156, , 38010, 25000, 34226, 34288, 0, 
280, 1, 62, 211, -1, 215, 136, 14.6, 27, ABalppaapp, -163, 27461, 27131, 988, , 27461, 25000, 27538, 27575, 0, 
281, 1, 232, 72, -1, 358, 227, 27.3, 31, ABarppaaaa, 314, 28158, 38520, 1368, , 28158, 25000, 27948, 27983, 0, 
282, 1, 199, 203, -1, 584, 268, 20.8, 33, Cpaapp, 247, 28062, 48940, 1744, , 28062, 25000, 28281, 28289, 0, 
283, 1, 319, 131, -1, 148, 274, 21.3, 27, ABalappaap, 321, 27102, 25042, 924, , 27102, 25000, 27107, 27127, 0, 
284, 1, 35, 146, -1, 310, 128, 13.4, 28, ABplpaaapp, 236, 28319, 27979, 988, , 28319, 25000, 27970, 28084, 0, 
285, 1, 122, 323, -1, 484, 217, 25.4, 33, Caaaaa, 323, 28311, 46430, 1640, , 28311, 25000, 28117, 28150, 0, 
286, 1, 123, 179, -1, 530, 140, 20.4, 29, ABplapapaa, -17, 27431, 31710, 1156, , 27431, 25000, 27899, 27923, 0, 
287, 1, 322, 288, -1, 422, 350, 14.6, 30, Dppa, 301, 27612, 31920, 1156, , 27612, 25000, 28802, 28844, 0, 
288, 1, 186, 305, -1, 301, 232, 20.3, 34, Ealaa, 347, 28436, 53574, 1884, , 28436, 25000, 28650, 28712, 0, 
289, 1, 86, 70, -1, 492, 132, 12.6, 26, ABplapppaa, 219, 26924, 22401, 832, , 26924, 25000, 27466, 27388, 0, 
290, 1, 14, 50, -1, 159, 297, 16.5, 28, MSpaaaaa, 261, 27371, 29561, 1080, , 27371, 25000, 27830, 27905, 0, 
291, 1, 208, 287, -1, 287, 356, 9.3, 27, ABprpaaaap, 153, 28576, 26404, 924, , 28576, 25000, 28322, 28379, 0, 
292, 1, 132, 19, -1, 378, 381, 10.6, 26, ABprppaaap, 179, 26923, 22400, 832, , 26923, 25000, 28046, 28196, 0, 
293, 1, 343, 267, -1, 228, 189, 16.9, 27, MSapapaa, 505, 28011, 25434, 908, , 28011, 25000, 28319, 28336, 0, 
294, 1, 259, 316, -1, 423, 149, 25.0, 32, ABarppapaa, 326, 28691, 49004, 1708, , 28691, 25000, 27880, 27899, 0, 
295, 1, 258, 145, -1, 228, 330, 21.2, 29, ABalappppa, 219, 27659, 30757, 1112, , 27659, 25000, 27599, 27608, 0, 
296, 1, 301, 254, -1, 354, 120, 19.1, 33, ABplaapppa, 249, 27488, 47720, 1736, , 27488, 25000, 27814, 27843, 0, 
297, 1, 233, 195, -1, 542, 357, 19.0, 29, ABprapapaa, 82, 27953, 34326, 1228, , 27953, 25000, 27628, 27691, 0, 
298, 1, 143, 66, -1, 326, 374, 22.1, 29, ABpraapapp, 232, 28584, 34530, 1208, , 28584, 25000, 28463, 28466, 0, 
299, 1, 182, 348, -1, 156, 355, 15.1, 25, ABalaappaa, 177, 27488, 18912, 688, , 27488, 25000, 27993, 27820, 0, 
300, 1, 23, 1, -1, 339, 359, 9.0, 29, ABprppaaaa, 249, 28138, 34554, 1228, , 28138, 25000, 28480, 28446, 0, 
301, 1, 337, 290, -1, 554, 146, 11.6, 29, ABplapappa, -102, 27756, 32086, 1156, , 27756, 25000, 28170, 28180, 0, 
302, 1, 60, 294, -1, 386, 159, 22.3, 31, ABplapaaap, 619, 28102, 38443, 1368, , 28102, 25000, 27943, 27923, 0, 
303, 1, 268, 229, -1, 542, 339, 10.6, 29, ABprapppap, 207, 27740, 32068, 1156, , 27740, 25000, 27790, 27797, 0, 
304, 1, 327, 312, -1, 302, 219, 15.4, 31, MSaapaap, 220, 34185, 45534, 1332, , 34185, 25000, 29832, 29973, 0, 
305, 1, 320, 43, -1, 137, 234, 21.7, 29, ABalapaaap, 257, 27064, 28904, 1068, , 27064, 25000, 27766, 27864, 0, 
306, 1, 31, 104, -1, 508, 370, 11.4, 27, ABprapppaa, 289, 27301, 26973, 988, , 27301, 25000, 27282, 27255, 0, 
307, 1, 159, 153, -1, 359, 213, 11.9, 29, MSaapapp, 252, 37685, 45524, 1208, , 37685, 25000, 29401, 29433, 0, 
308, 1, 309, 233, -1, 266, 281, 25.9, 27, ABarpaapaa, 269, 28811, 26160, 908, , 28811, 25000, 28047, 28205, 0, 
309, 1, 237, 248, -1, 350, 335, 12.4, 30, MSpppap, -15, 26971, 31178, 1156, , 26971, 25000, 28316, 28415, 0, 
310, 1, 43, 263, -1, 170, 287, 25.4, 29, ABarpaaaaa, 237, 28600, 33062, 1156, , 28600, 25000, 28265, 28151, 0, 
311, 1, 287, 200, -1, 237, 283, 26.0, 27, ABarpaaapp, 212, 28234, 29138, 1032, , 28234, 25000, 27945, 28046, 0, 
312, 1, 103, 102, -1, 386, 264, 10.7, 29, MSpapapp, 229, 39652, 42348, 1068, , 39652, 25000, 29925, 30064, 0, 
313, 1, 45, 349, -1, 133, 219, 16.3, 28, ABalaaapal, 209, 27226, 28968, 1064, , 27226, 25000, 27656, 27554, 0, 
314, 1, 314, 47, -1, 373, 230, 9.2, 28, MSaappa, 260, 27409, 28834, 1052, , 27409, 25000, 29841, 29604, 0, 
315, 1, 200, 298, -1, 259, 176, 7.2, 28, ABalpapapa, 244, 29442, 30973, 1052, , 29442, 25000, 33032, 33048, 0, 
316, 1, 69, 122, -1, 177, 251, 19.7, 30, MSaaaaap, 281, 28808, 37681, 1308, , 28808, 25000, 28201, 28235, 0, 
317, 1, 255, 76, -1, 401, 397, 13.7, 30, ABpraapppp, 280, 27839, 36413, 1308, , 27839, 25000, 27910, 27889, 0, 
318, 1, 104, 44, -1, 294, 158, 20.8, 30, ABalpppppp, 289, 27961, 36908, 1320, , 27961, 25000, 27960, 28035, 0, 
319, 1, 296, 163, -1, 441, 377, 22.3, 30, ABarppppaa, 114, 28046, 36684, 1308, , 28046, 25000, 27924, 27967, 0, 
320, 1, 105, 81, -1, 142, 257, 17.1, 25, MSaaaaaa, 175, 27734, 19081, 688, , 27734, 25000, 28131, 28251, 0, 
321, 1, 120, 351, -1, 181, 360, 13.3, 26, ABalaapapa, 219, 27806, 23802, 856, , 27806, 25000, 26981, 27061, 0, 
322, 1, 210, 275, -1, 595, 215, 19.2, 33, Caaapp, 339, 27739, 48377, 1744, , 27739, 25000, 28604, 28604, 0, 
323, 1, 278, 297, -1, 366, 397, 16.2, 31, ABpraapppa, 316, 26958, 39467, 1464, , 26958, 25000, 28086, 28172, 0, 
324, 1, 119, 136, -1, 219, 273, 15.2, 28, ABaraappap, 263, 27849, 29297, 1052, , 27849, 25000, 28054, 28025, 0, 
325, 1, 22, 49, -1, 290, 381, 11.1, 26, ABprpaaapa, 237, 27763, 22210, 800, , 27763, 25000, 27468, 27418, 0, 
326, 1, 251, 26, -1, 201, 370, 15.4, 26, ABpraaaaaa, 258, 26845, 22335, 832, , 26845, 25000, 27627, 27751, 0, 
327, 1, 18, 169, -1, 429, 333, 25.8, 33, ABarpppapa, 329, 27118, 47294, 1744, , 27118, 25000, 27721, 27768, 0, 
328, 1, 36, 291, -1, 442, 123, 9.7, 25, ABplppappa, 159, 27493, 21005, 764, , 27493, 25000, 27703, 27710, 0, 
329, 1, 183, 333, -1, 252, 248, 26.4, 29, ABplaaaapa, 264, 28625, 33091, 1156, , 28625, 25000, 28026, 28067, 0, 
330, 1, 276, 166, -1, 511, 186, 16.8, 30, Cappap, 364, 27130, 35811, 1320, , 27130, 25000, 28166, 28147, 0, 
331, 1, 203, 125, -1, 183, 346, 10.6, 27, ABalaapaap, 267, 27028, 26704, 988, , 27028, 25000, 27570, 27617, 0, 
332, 1, 338, 15, -1, 416, 286, 16.3, 31, Earpp, 288, 27974, 38268, 1368, , 27974, 25000, 28785, 28819, 0, 
333, 1, 274, 313, -1, 281, 306, 15.4, 28, MSpaapap, 275, 27596, 27265, 988, , 27596, 25000, 28167, 28123, 0, 
334, 1, 249, 152, -1, 355, 347, 17.9, 31, MSppppp, 262, 28472, 42138, 1480, , 28472, 25000, 27951, 27951, 0, 
335, 1, 347, 317, -1, 401, 248, 26.4, 32, ABarpaappp, 292, 28314, 42018, 1484, , 28314, 25000, 28034, 28035, 0, 
336, 1, 256, 204, -1, 460, 260, 13.5, 34, Z2, 344, 27025, 45619, 1688, , 27025, 25000, 28348, 28353, 0, 
337, 1, 135, 302, -1, 437, 270, 5.5, 29, ABprpapppa, 272, 36491, 39410, 1080, , 36491, 25000, 34328, 34229, 0, 
338, 1, 126, 187, -1, 447, 326, 16.6, 33, Dppp, 322, 27004, 44286, 1640, , 27004, 25000, 28796, 28769, 0, 
339, 1, 294, 322, -1, 478, 145, 23.3, 32, ABarppapap, 325, 27400, 43401, 1584, , 27400, 25000, 27617, 27620, 0, 
340, 1, 145, 283, -1, 545, 296, 23.9, 35, Cpaapa, 353, 28378, 58685, 2068, , 28378, 25000, 27969, 27998, 0, 
341, 1, 242, 344, -1, 284, 223, 25.9, 31, ABplaaaapp, 308, 28174, 41697, 1480, , 28174, 25000, 27955, 27956, 0, 
342, 1, 160, 54, -1, 367, 164, 17.1, 30, Daaa, 306, 28181, 38213, 1356, , 28181, 25000, 28731, 28745, 0, 
343, 1, 346, 127, -1, 187, 342, 19.6, 29, ABalaapppp, 286, 27702, 32024, 1156, , 27702, 25000, 28443, 28617, 0, 
344, 1, 316, 107, -1, 411, 367, 24.5, 32, ABarpppaap, 317, 26994, 38656, 1432, , 26994, 25000, 27975, 27998, 0, 
345, 1, 243, 212, -1, 357, 292, 14.7, 32, Earpa, 296, 27694, 43868, 1584, , 27694, 25000, 29731, 29673, 0, 
346, 1, 111, 303, -1, 277, 183, 17.7, 29, MSapapap, 160, 26773, 28594, 1068, , 26773, 25000, 28532, 28532, 0, 
347, 1, 71, 329, -1, 239, 337, 25.2, 30, ABarpapaap, 308, 27339, 36087, 1320, , 27339, 25000, 28321, 28411, 0, 
348, 1, 292, 10, -1, 391, 367, 8.4, 28, ABprppapaa, 269, 27578, 27247, 988, , 27578, 25000, 28647, 28710, 0, 
349, 1, 304, 77, -1, 586, 183, 13.3, 29, Caappd, 274, 26904, 28734, 1068, , 26904, 25000, 28571, 28609, 0, 
350, 1, 273, 327, -1, 364, 177, 6.6, 27, ABplpapapa, 240, 32026, 31642, 988, , 32026, 25000, 33562, 33718, 0, 
351, 1, 264, 235, -1, 508, 309, 24.9, 33, Cpaaap, 270, 28039, 48675, 1736, , 28039, 25000, 27637, 27726, 0, 
352, 1, 271, 337, -1, 161, 297, 22.5, 27, ABalapppaa, -58, 28148, 25221, 896, , 28148, 25000, 27821, 27984, 0, 
353, 1, 307, 201, -1, 542, 251, 10.2, 29, Cppppp, -64, 27833, 30950, 1112, , 27833, 25000, 28144, 28142, 0, 
354, 1, 303, 284, -1, 244, 206, 23.8, 28, ABalapappp, 146, 26808, 28202, 1052, , 26808, 25000, 28074, 28123, 0, 
355, 1, 328, 325, -1, 116, 261, 16.9, 21, ABalaaapar, 161, 27549, 9587, 348, , 27549, 25000, 27242, 27180, 0, 
356, 0, 6, -1, -1, 89, 262, 14.6, 26, , 498, 898, 23274, 832, , 27974, 25000, 27241, 27076, 0, 
