1, 1, 275, 169, -1, 341, 255, 6.4, 31, ABarapappp, 312, 34042, 45344, 1332, , 34042, 25000, 33510, 33227, 0, 
2, 1, 64, 143, -1, 320, 321, 8.5, 28, ABprpapaaa, 244, 28061, 30306, 1080, , 28061, 25000, 28771, 28757, 0, 
3, 1, 301, 40, -1, 416, 134, 7.5, 25, ABplppaapp, 235, 29582, 22719, 768, , 29582, 25000, 32019, 32090, 0, 
4, 1, 177, 103, -1, 266, 226, 15.4, 27, ABaraapapp, 144, 28309, 27969, 988, , 28309, 25000, 28653, 28463, 0, 
5, 1, 120, 305, -1, 394, 106, 16.8, 31, ABplaapppp, 282, 26999, 39527, 1464, , 26999, 25000, 28240, 28267, 0, 
6, 1, 115, 226, -1, 176, 242, 26.0, 29, ABarpaaaap, 267, 27533, 33811, 1228, , 27533, 25000, 28691, 28773, 0, 
7, 1, 62, 197, -1, 462, 393, 16.5, 28, ABprapaapp, 15, 27489, 29688, 1080, , 27489, 25000, 28280, 28271, 0, 
8, 1, 308, 41, -1, 424, 338, 25.5, 33, ABarpppapa, 311, 27599, 44820, 1624, , 27599, 25000, 28544, 28633, 0, 
9, 0, 201, -1, -1, 377, 222, 5.9, 23, , 204, -637, 16736, 496, , 33742, 25000, 34149, 34379, 0, 
10, 1, 335, 10, -1, 434, 113, 19.0, 29, ABplapaapp, 273, 28037, 34429, 1228, , 28037, 25000, 27890, 27892, 0, 
11, 1, 93, 288, -1, 222, 164, 25.1, 30, ABplaapaap, 108, 27494, 37282, 1356, , 27494, 25000, 28539, 28430, 0, 
12, 1, 337, 308, -1, 283, 363, 8.5, 27, ABprpaaaap, 271, 27960, 25052, 896, , 27960, 25000, 28654, 28689, 0, 
13, 1, 245, 85, -1, 300, 232, 20.2, 33, Ealaa, 323, 28072, 48958, 1744, , 28072, 25000, 28591, 28635, 0, 
14, 1, 345, 318, -1, 504, 252, 4.7, 28, ABprpapppp, 288, 33401, 35539, 1064, , 33401, 25000, 36296, 36278, 0, 
15, 1, 14, 245, -1, 233, 326, 25.1, 29, ABarpapaap, 292, 26986, 32599, 1208, , 26986, 25000, 28292, 28295, 0, 
16, 1, 310, 47, -1, 201, 166, 19.8, 27, ABalppppaa, -180, 26301, 22829, 868, , 26301, 25000, 27536, 27640, 0, 
17, 1, 219, 33, -1, 473, 185, 15.5, 31, Capapa, 248, 27653, 34069, 1232, , 27653, 25000, 28439, 28539, 0, 
18, 1, 274, 224, -1, 243, 200, 24.4, 27, ABalapappp, 214, 27669, 27337, 988, , 27669, 25000, 28372, 28307, 0, 
19, 1, 253, 157, -1, 480, 214, 25.6, 34, Caaaaa, 324, 27278, 48554, 1780, , 27278, 25000, 28316, 28331, 0, 
20, 1, 352, 349, -1, 465, 339, 7.3, 27, ABprpppaaa, 228, 27014, 24961, 924, , 27014, 25000, 30288, 30627, 0, 
21, 1, 66, 63, -1, 211, 165, 9.2, 26, ABalppapaa, 207, 27442, 21844, 796, , 27442, 25000, 28614, 28441, 0, 
22, 1, 323, 57, -1, 241, 139, 15.1, 27, ABplpaapaa, 262, 27391, 24871, 908, , 27391, 25000, 27653, 27538, 0, 
23, 1, 57, 184, -1, 197, 197, 21.5, 28, ABalapappa, 251, 28188, 30443, 1080, , 28188, 25000, 27725, 27728, 0, 
24, 1, 29, 333, -1, 351, 194, 20.9, 32, MSapppp, 262, 28421, 44792, 1576, , 28421, 25000, 28675, 28662, 0, 
25, 1, 148, 27, -1, 190, 181, 10.9, 26, ABalpaappp, -15, 26790, 21432, 800, , 26790, 25000, 28598, 28548, 0, 
26, 1, 11, 216, -1, 427, 406, 17.0, 26, ABprapaapa, 223, 27386, 23333, 852, , 27386, 25000, 28046, 28029, 0, 
27, 1, 44, 237, -1, 229, 181, 13.5, 29, MSapaap, 259, 27235, 29414, 1080, , 27235, 25000, 28284, 28250, 0, 
28, 1, 91, 275, -1, 523, 355, 21.5, 30, ABarpppppa, 290, 28241, 34793, 1232, , 28241, 25000, 27896, 27899, 0, 
29, 1, 67, 151, -1, 126, 212, 13.1, 26, ABalaaaala, 259, 27419, 21935, 800, , 27419, 25000, 27749, 27712, 0, 
30, 1, 191, 127, -1, 566, 338, 15.7, 28, ABprapapap, -169, 27388, 29141, 1064, , 27388, 25000, 27896, 28065, 0, 
31, 1, 146, 92, -1, 278, 221, 7.4, 28, ABalpappap, 279, 30456, 30091, 988, , 30456, 25000, 31376, 31521, 0, 
32, 1, 89, 217, -1, 249, 140, 22.6, 28, ABplaapapa, 265, 27578, 27247, 988, , 27578, 25000, 27985, 27980, 0, 
33, 1, 228, 43, -1, 305, 143, 9.2, 29, ABalppappp, 216, 28787, 32011, 1112, , 28787, 25000, 28719, 28880, 0, 
34, 1, 269, 111, -1, 476, 273, 9.0, 29, Cppaap, 250, 28240, 34679, 1228, , 28240, 25000, 28531, 28611, 0, 
35, 1, 273, 330, -1, 178, 314, 8.3, 27, ABaraaappa, 106, 28159, 26019, 924, , 28159, 25000, 28555, 28583, 0, 
36, 1, 291, 120, -1, 169, 280, 25.4, 29, ABarpaaaaa, 291, 28952, 33468, 1156, , 28952, 25000, 28640, 28718, 0, 
37, 1, 137, 52, -1, 452, 361, 9.3, 28, ABprppappa, 258, 28080, 29877, 1064, , 28080, 25000, 28292, 28393, 0, 
38, 1, 251, 117, -1, 336, 112, 14.9, 27, ABplpaappp, 260, 26543, 24101, 908, , 26543, 25000, 27694, 27677, 0, 
39, 1, 235, 254, -1, 188, 328, 13.1, 25, MSppaaaa, 217, 28427, 19558, 688, , 28427, 25000, 28097, 28134, 0, 
40, 1, 205, 51, -1, 174, 250, 20.0, 30, MSaaaaap, 302, 27917, 37632, 1348, , 27917, 25000, 28154, 28160, 0, 
41, 1, 119, 13, -1, 166, 276, 9.8, 26, ABaraaapaa, 261, 28521, 22703, 796, , 28521, 25000, 28667, 28827, 0, 
42, 1, 331, 104, -1, 463, 125, 16.2, 27, ABplappaap, 130, 27121, 23541, 868, , 27121, 25000, 27811, 27841, 0, 
43, 1, 222, 238, -1, 596, 257, 12.2, 30, Cpappd, 278, 27782, 36672, 1320, , 27782, 25000, 28308, 28361, 0, 
44, 1, 83, 273, -1, 395, 228, 16.5, 32, Ealpp, 319, 28832, 41287, 1432, , 28832, 25000, 29086, 29086, 0, 
45, 1, 330, 293, -1, 275, 331, 7.3, 28, ABarappppa, 53, 29037, 30895, 1064, , 29037, 25000, 31230, 31194, 0, 
46, 1, 271, 295, -1, 348, 118, 18.9, 31, ABplaapppa, 294, 27825, 41181, 1480, , 27825, 25000, 28271, 28294, 0, 
47, 1, 86, 58, -1, 277, 118, 20.7, 25, ABplaappaa, 222, 28360, 21667, 764, , 28360, 25000, 27957, 27984, 0, 
48, 1, 28, 49, -1, 223, 130, 19.2, 28, ABalpppapp, 78, 27575, 29009, 1052, , 27575, 25000, 27851, 27834, 0, 
49, 1, 1, 42, -1, 347, 151, 22.1, 29, ABplapaaaa, 102, 27227, 32890, 1208, , 27227, 25000, 28075, 28085, 0, 
50, 1, 157, 208, -1, 373, 121, 10.2, 27, ABplppapaa, 271, 28103, 24393, 868, , 28103, 25000, 28087, 28148, 0, 
51, 0, 43, -1, -1, 87, 262, 16.3, 28, , 217, 2349, 31428, 1064, , 29538, 25000, 27217, 27189, 0, 
52, 1, 241, 244, -1, 255, 272, 9.4, 30, ABarapaapp, 56, 27600, 31906, 1156, , 27600, 25000, 28869, 28921, 0, 
53, 1, 131, 132, -1, 506, 333, 7.5, 27, ABprpppaap, 237, 28956, 25945, 896, , 28956, 25000, 30050, 30125, 0, 
54, 1, 125, 337, -1, 316, 381, 10.8, 26, ABprpaaapp, 90, 27727, 22071, 796, , 27727, 25000, 27571, 27603, 0, 
55, 1, 257, 150, -1, 397, 321, 12.2, 30, Dpap, 290, 27518, 36324, 1320, , 27518, 25000, 28674, 28675, 0, 
56, 1, 65, 252, -1, 486, 362, 8.0, 26, ABprppappp, -12, 27688, 23590, 852, , 27688, 25000, 28862, 29061, 0, 
57, 1, 96, 194, -1, 288, 281, 12.9, 27, ABaraapppp, 206, 27626, 25084, 908, , 27626, 25000, 29858, 29218, 0, 
58, 1, 141, 121, -1, 236, 160, 9.2, 28, ABalppapap, 200, 27498, 28928, 1052, , 27498, 25000, 28415, 28529, 0, 
59, 1, 71, 223, -1, 194, 312, 22.8, 28, ABalapppap, 215, 28107, 29569, 1052, , 28107, 25000, 28657, 28562, 0, 
60, 1, 174, 147, -1, 349, 266, 10.1, 26, MSpapapa, 214, 36254, 29003, 800, , 36254, 25000, 30551, 30232, 0, 
61, 1, 210, 177, -1, 122, 222, 16.6, 28, ABalaaapal, 266, 26692, 26372, 988, , 26692, 25000, 27831, 27861, 0, 
62, 1, 108, 25, -1, 237, 380, 15.3, 27, ABpraaaapa, 263, 26415, 24407, 924, , 26415, 25000, 27508, 27559, 0, 
63, 1, 156, 181, -1, 229, 323, 13.1, 27, MSppaaap, 264, 26836, 24367, 908, , 26836, 25000, 27929, 27798, 0, 
64, 1, 18, 300, -1, 118, 244, 13.9, 27, ABalaaaarl, 113, 28771, 26124, 908, , 28771, 25000, 27804, 27859, 0, 
65, 1, 129, 218, -1, 274, 156, 24.2, 29, ABplaapapp, -40, 28424, 31608, 1112, , 28424, 25000, 28070, 28128, 0, 
66, 1, 60, 193, -1, 281, 331, 18.8, 31, MSppapp, 235, 27684, 40529, 1464, , 27684, 25000, 27895, 27909, 0, 
67, 1, 104, 174, -1, 518, 222, 13.4, 30, Eplpp, 262, 28016, 32386, 1156, , 28016, 25000, 28737, 28750, 0, 
68, 1, 243, 112, -1, 346, 396, 19.6, 30, ABpraappap, 285, 27449, 31731, 1156, , 27449, 25000, 28183, 28238, 0, 
69, 1, 5, 88, -1, 288, 283, 7.8, 26, ABarapappa, 106, 27734, 22076, 796, , 27734, 25000, 30045, 29566, 0, 
70, 1, 41, 106, -1, 216, 202, 10.3, 26, ABalpaaapa, 137, 27489, 23531, 856, , 27489, 25000, 28307, 28414, 0, 
71, 1, 158, 334, -1, 276, 304, 15.5, 29, MSpaapap, 250, 28371, 30641, 1080, , 28371, 25000, 28429, 28382, 0, 
72, 1, 204, 188, -1, 373, 305, 19.6, 33, Earap, 287, 28966, 47504, 1640, , 28966, 25000, 28595, 28581, 0, 
73, 1, 130, 140, -1, 247, 232, 6.8, 26, ABalpappaa, -175, 29351, 23363, 796, , 29351, 25000, 32257, 31936, 0, 
74, 1, 124, 220, -1, 473, 354, 23.6, 32, ABarpppapp, 304, 27034, 40119, 1484, , 27034, 25000, 28158, 28167, 0, 
75, 1, 136, 21, -1, 485, 125, 20.4, 30, ABplappapa, 281, 26896, 31092, 1156, , 26896, 25000, 27618, 27585, 0, 
76, 1, 336, 66, -1, 316, 347, 25.4, 31, ABarpappap, 270, 27638, 36814, 1332, , 27638, 25000, 28554, 28500, 0, 
77, 1, 344, 258, -1, 282, 223, 26.2, 29, ABplaaaapp, 292, 27105, 30141, 1112, , 27105, 25000, 27813, 27840, 0, 
78, 1, 246, 5, -1, 199, 350, 23.6, 28, ABpraapaaa, -38, 27285, 26958, 988, , 27285, 25000, 27768, 27773, 0, 
79, 1, 13, 115, -1, 247, 150, 19.1, 28, ABalpppppa, 146, 27755, 30197, 1088, , 27755, 25000, 27781, 27824, 0, 
80, 1, 47, 29, -1, 206, 247, 14.5, 28, ABaraapaap, 300, 27661, 29874, 1080, , 27661, 25000, 28064, 28070, 0, 
81, 1, 48, 302, -1, 316, 316, 12.4, 30, MSpppaa, 241, 27331, 31595, 1156, , 27331, 25000, 28508, 28531, 0, 
82, 1, 100, 122, -1, 325, 354, 14.2, 29, MSppppa, 185, 26781, 29781, 1112, , 26781, 25000, 27785, 27718, 0, 
83, 1, 128, 171, -1, 504, 378, 16.7, 29, ABprappapa, 251, 28597, 30542, 1068, , 28597, 25000, 28280, 28280, 0, 
84, 1, 85, 294, -1, 254, 352, 9.8, 27, ABprpaaaaa, 227, 26709, 23183, 868, , 26709, 25000, 27622, 27665, 0, 
85, 1, 27, 306, -1, 456, 227, 5.1, 28, ABplpapppp, 244, 35866, 39022, 1088, , 35866, 25000, 34226, 34220, 0, 
86, 1, 81, 99, -1, 360, 132, 12.7, 25, ABplppaaap, 200, 27851, 21278, 764, , 27851, 25000, 28137, 28080, 0, 
87, 1, 325, 178, -1, 300, 178, 25.7, 29, ABplaaapap, 241, 27699, 29582, 1068, , 27699, 25000, 28161, 28118, 0, 
88, 1, 186, 309, -1, 174, 340, 10.5, 26, ABalaapaap, 226, 27371, 24524, 896, , 27371, 25000, 27260, 27191, 0, 
89, 1, 170, 46, -1, 282, 263, 16.8, 28, MSaaapp, 282, 27006, 28410, 1052, , 27006, 25000, 28420, 28387, 0, 
90, 1, 329, 124, -1, 358, 291, 14.5, 32, Earpa, 312, 28571, 40913, 1432, , 28571, 25000, 29773, 29716, 0, 
91, 1, 164, 313, -1, 534, 252, 7.4, 28, ABprpppppp, 281, 29036, 28688, 988, , 29036, 25000, 31536, 32246, 0, 
92, 1, 149, 6, -1, 390, 181, 10.6, 32, MSaappp, 301, 27139, 40274, 1484, , 27139, 25000, 28239, 28257, 0, 
93, 1, 197, 215, -1, 148, 246, 23.7, 26, ABalapapaa, 229, 27529, 23565, 856, , 27529, 25000, 29019, 29108, 0, 
94, 1, 296, 30, -1, 152, 348, 14.6, 24, ABalaappaa, 195, 26954, 18868, 700, , 26954, 25000, 27143, 27179, 0, 
95, 1, 314, 331, -1, 132, 180, 15.4, 27, ABalppaaaa, 230, 27349, 27021, 988, , 27349, 25000, 27106, 27192, 0, 
96, 1, 163, 212, -1, 516, 175, 23.6, 31, ABarppappa, 296, 27477, 36600, 1332, , 27477, 25000, 28066, 28081, 0, 
97, 1, 54, 146, -1, 288, 396, 14.3, 25, ABprpaapap, 51, 28777, 21986, 764, , 28777, 25000, 28276, 28278, 0, 
98, 1, 112, 123, -1, 484, 282, 18.0, 32, Eprpa, 302, 28312, 48357, 1708, , 28312, 25000, 28227, 28247, 0, 
99, 1, 84, 299, -1, 306, 375, 17.7, 28, ABpraaappp, 256, 28263, 30072, 1064, , 28263, 25000, 28174, 28309, 0, 
100, 1, 56, 135, -1, 276, 119, 14.4, 28, ABplpaaapa, 230, 26657, 26337, 988, , 26657, 25000, 27958, 27894, 0, 
101, 1, 282, 163, -1, 305, 128, 13.4, 27, ABplpaaapp, 390, 27306, 26978, 988, , 27306, 25000, 27665, 27651, 0, 
102, 1, 272, 328, -1, 593, 182, 14.1, 30, Caappd, 297, 26972, 36574, 1356, , 26972, 25000, 28615, 28591, 0, 
103, 1, 267, 31, -1, 138, 202, 20.3, 27, ABalapaapa, 54, 27532, 25440, 924, , 27532, 25000, 27613, 27673, 0, 
104, 1, 33, 267, -1, 382, 377, 20.2, 27, ABprapaaaa, 278, 27576, 23936, 868, , 27576, 25000, 27753, 27703, 0, 
105, 1, 36, 249, -1, 248, 243, 26.4, 28, ABplaaaapa, 289, 28753, 28408, 988, , 28753, 25000, 27784, 27704, 0, 
106, 1, 193, 353, -1, 421, 289, 9.8, 33, MSpappp, 327, 27227, 47484, 1744, , 27227, 25000, 28802, 28785, 0, 
107, 1, 117, 228, -1, 350, 161, 9.3, 26, ABplpapaap, 261, 29161, 24962, 856, , 29161, 25000, 28700, 28700, 0, 
108, 1, 142, 53, -1, 535, 138, 17.1, 28, ABplapapap, -61, 27907, 30363, 1088, , 27907, 25000, 28699, 28733, 0, 
109, 1, 152, 187, -1, 307, 405, 18.6, 27, ABpraappaa, 240, 27203, 26877, 988, , 27203, 25000, 27502, 27460, 0, 
110, 1, 127, 354, -1, 461, 170, 26.3, 32, ABarppaapp, 327, 28669, 45411, 1584, , 28669, 25000, 28571, 28594, 0, 
111, 1, 77, 291, -1, 188, 169, 23.4, 30, ABplaapaaa, 474, 28021, 32392, 1156, , 28021, 25000, 27730, 27770, 0, 
112, 1, 265, 98, -1, 271, 367, 17.9, 25, ABpraaappa, 242, 27188, 18705, 688, , 27188, 25000, 28088, 28179, 0, 
113, 1, 21, 86, -1, 180, 290, 14.2, 27, ABaraappaa, 208, 27588, 23946, 868, , 27588, 25000, 28507, 28574, 0, 
114, 1, 17, 292, -1, 233, 171, 21.4, 29, ABalppppap, -163, 27856, 32201, 1156, , 27856, 25000, 27388, 27503, 0, 
115, 1, 52, 211, -1, 201, 203, 16.0, 27, MSapaaap, 138, 27877, 28769, 1032, , 27877, 25000, 27823, 27850, 0, 
116, 1, 165, 247, -1, 217, 221, 26.1, 30, ABplaaaaap, 259, 27573, 37389, 1356, , 27573, 25000, 28361, 28328, 0, 
117, 1, 357, 221, -1, 113, 270, 16.7, 24, ABalaaapar, -154, 27544, 19391, 704, , 27544, 25000, 27834, 27882, 0, 
118, 1, 12, 287, -1, 408, 340, 6.0, 25, ABprppaapa, 239, 32571, 24884, 764, , 32571, 25000, 34299, 34667, 0, 
119, 1, 225, 79, -1, 217, 280, 15.1, 28, ABaraappap, 43, 28571, 31085, 1088, , 28571, 25000, 28088, 28071, 0, 
120, 1, 109, 319, -1, 302, 322, 5.5, 28, ABarappapa, -7, 38341, 41408, 1080, , 38341, 25000, 35250, 35372, 0, 
121, 1, 42, 355, -1, 491, 317, 13.3, 29, Cppapa, 257, 27360, 29221, 1068, , 27360, 25000, 29029, 29053, 0, 
122, 1, 183, 232, -1, 280, 372, 22.2, 29, ABpraapapa, -160, 26634, 29617, 1112, , 26634, 25000, 28121, 27972, 0, 
123, 1, 209, 81, -1, 399, 125, 22.2, 27, ABplapaapa, 71, 27869, 24190, 868, , 27869, 25000, 27752, 27785, 0, 
124, 1, 26, 23, -1, 171, 155, 19.1, 27, ABalpppaap, 251, 27439, 24915, 908, , 27439, 25000, 27540, 27646, 0, 
125, 1, 111, 134, -1, 275, 187, 17.6, 28, MSapapap, 267, 28107, 27770, 988, , 28107, 25000, 28322, 28301, 0, 
126, 1, 50, 65, -1, 278, 138, 11.5, 28, ABplpaaaap, 220, 27566, 29771, 1080, , 27566, 25000, 27796, 27757, 0, 
127, 1, 138, 227, -1, 263, 301, 5.9, 25, ABarappaaa, 204, 36863, 23445, 636, , 36863, 25000, 35689, 36093, 0, 
128, 1, 341, 279, -1, 414, 237, 20.8, 34, Eplaa, 307, 27491, 52562, 1912, , 27491, 25000, 28307, 28313, 0, 
129, 1, 55, 110, -1, 381, 227, 8.6, 28, MSaappa, 259, 29653, 29297, 988, , 29653, 25000, 28797, 28820, 0, 
130, 1, 185, 119, -1, 357, 326, 5.3, 28, ABarappapp, 279, 35345, 37607, 1064, , 35345, 25000, 34935, 35126, 0, 
131, 1, 135, 101, -1, 540, 196, 10.9, 28, Capppp, 249, 26286, 28599, 1088, , 26286, 25000, 28806, 28808, 0, 
132, 1, 259, 100, -1, 565, 273, 8.6, 28, ABprappppp, 322, 28227, 27888, 988, , 28227, 25000, 28465, 28527, 0, 
133, 1, 6, 186, -1, 480, 383, 20.3, 30, ABarppppap, 288, 27406, 35847, 1308, , 27406, 25000, 27980, 27976, 0, 
134, 1, 70, 102, -1, 155, 204, 10.2, 27, ABalpaappa, 233, 27583, 23942, 868, , 27583, 25000, 28566, 28545, 0, 
135, 1, 239, 144, -1, 343, 361, 8.5, 28, ABprppaaaa, 216, 27391, 29582, 1080, , 27391, 25000, 28476, 28479, 0, 
136, 1, 7, 154, -1, 199, 141, 17.2, 27, ABalpppapa, 176, 26638, 23122, 868, , 26638, 25000, 27939, 27991, 0, 
137, 1, 188, 176, -1, 262, 176, 6.9, 27, ABalpapapa, 271, 32289, 29318, 908, , 32289, 25000, 35210, 35261, 0, 
138, 1, 189, 340, -1, 362, 396, 16.2, 30, ABpraapppa, 303, 27339, 36088, 1320, , 27339, 25000, 28455, 28446, 0, 
139, 1, 122, 210, -1, 240, 365, 19.9, 27, ABpraaapap, 263, 27648, 25104, 908, , 27648, 25000, 27794, 27805, 0, 
140, 1, 312, 200, -1, 474, 140, 23.6, 31, ABarppapap, 301, 27122, 36126, 1332, , 27122, 25000, 27622, 27602, 0, 
141, 1, 328, 83, -1, 206, 320, 7.2, 26, ABaraaappp, 153, 29518, 23496, 796, , 29518, 25000, 31545, 31730, 0, 
142, 1, 59, 161, -1, 328, 394, 14.3, 27, ABprpaappa, 238, 28768, 26582, 924, , 28768, 25000, 27386, 27428, 0, 
143, 1, 353, 198, -1, 363, 223, 26.9, 32, ABarppaaaa, 239, 28552, 44998, 1576, , 28552, 25000, 28767, 28753, 0, 
144, 1, 349, 84, -1, 207, 283, 10.4, 28, ABaraaapap, 287, 26345, 26029, 988, , 26345, 25000, 28563, 28658, 0, 
145, 1, 34, 301, -1, 347, 392, 11.4, 27, ABprpaappp, -135, 26908, 26585, 988, , 26908, 25000, 27920, 27928, 0, 
146, 1, 255, 182, -1, 141, 263, 17.2, 26, MSaaaaaa, 212, 29134, 23191, 796, , 29134, 25000, 28308, 28242, 0, 
147, 1, 190, 54, -1, 170, 190, 19.3, 27, ABalapaapp, -72, 27133, 25071, 924, , 27133, 25000, 27698, 27624, 0, 
148, 1, 196, 3, -1, 408, 171, 6.2, 27, ABplpapapp, 235, 34637, 30065, 868, , 34637, 25000, 34592, 34918, 0, 
149, 1, 350, 71, -1, 440, 310, 6.6, 28, ABprppppaa, 210, 31930, 31547, 988, , 31930, 25000, 32844, 32749, 0, 
150, 1, 61, 312, -1, 332, 123, 11.0, 28, ABplppaaaa, 269, 27176, 30654, 1128, , 27176, 25000, 27363, 27367, 0, 
151, 1, 346, 22, -1, 370, 351, 14.8, 28, Dpaa, 271, 27755, 29198, 1052, , 27755, 25000, 28130, 28067, 0, 
152, 1, 105, 48, -1, 430, 108, 14.9, 27, ABplappaaa, 272, 26834, 24365, 908, , 26834, 25000, 27708, 27728, 0, 
153, 1, 151, 87, -1, 568, 212, 7.8, 27, Cpappv, 262, 29035, 25202, 868, , 29035, 25000, 31176, 31266, 0, 
154, 1, 32, 155, -1, 273, 204, 10.4, 27, ABalpapppa, 93, 27481, 27151, 988, , 27481, 25000, 28659, 28586, 0, 
155, 1, 175, 107, -1, 270, 325, 11.3, 27, MSppaap, 46, 26027, 24049, 924, , 26027, 25000, 27961, 27959, 0, 
156, 1, 203, 133, -1, 247, 271, 12.4, 29, ABaraapppa, 188, 26730, 30900, 1156, , 26730, 25000, 27996, 28053, 0, 
157, 1, 354, 179, -1, 498, 317, 24.7, 32, Cpaaap, 326, 28319, 44857, 1584, , 28319, 25000, 28804, 28767, 0, 
158, 1, 171, 269, -1, 346, 345, 18.4, 31, MSppppp, 250, 27258, 36308, 1332, , 27258, 25000, 28284, 28286, 0, 
159, 1, 302, 158, -1, 208, 194, 7.1, 29, ABalpapaaa, 232, 31663, 36096, 1140, , 31663, 25000, 33716, 33879, 0, 
160, 1, 159, 234, -1, 510, 239, 19.2, 31, Eplpa, 232, 28098, 41135, 1464, , 28098, 25000, 28481, 28494, 0, 
161, 1, 295, 82, -1, 459, 185, 6.5, 29, ABplppppap, 258, 32107, 34676, 1080, , 32107, 25000, 32099, 32343, 0, 
162, 0, 98, -1, -1, 331, 296, 17.5, 27, , 209, -627, 25935, 896, , 28945, 25000, 29324, 29572, 0, 
163, 1, 247, 235, -1, 253, 244, 22.7, 28, MSaaaapp, 249, 28016, 29809, 1064, , 28016, 25000, 27765, 27762, 0, 
164, 1, 342, 361, -1, 415, 354, 14.7, 30, Dppa, 290, 27661, 36180, 1308, , 27661, 25000, 28658, 28642, 0, 
165, 1, 82, 253, -1, 130, 255, 10.3, 28, ABaraaaaaa, 229, 27710, 29483, 1064, , 27710, 25000, 28051, 28067, 0, 
166, 1, 114, 342, -1, 577, 216, 11.1, 29, Caapa, 464, 28439, 34354, 1208, , 28439, 25000, 28260, 28358, 0, 
167, 1, 107, 352, -1, 543, 300, 24.3, 33, Cpaapa, -307, 27971, 48558, 1736, , 27971, 25000, 28408, 28401, 0, 
168, 1, 198, 296, -1, 412, 148, 25.5, 32, ABarppapaa, 317, 27429, 39278, 1432, , 27429, 25000, 28050, 28048, 0, 
169, 1, 230, 277, -1, 250, 365, 23.7, 30, ABpraapaap, 284, 28037, 36673, 1308, , 28037, 25000, 27947, 27965, 0, 
170, 1, 237, 36, -1, 316, 208, 8.9, 33, ABalpapppp, 321, 28116, 48809, 1736, , 28116, 25000, 29531, 29392, 0, 
171, 1, 154, 173, -1, 114, 245, 19.2, 27, ABalapaaaa, 69, 27161, 23576, 868, , 27161, 25000, 27896, 27959, 0, 
172, 1, 208, 166, -1, 501, 130, 16.6, 27, ABplappapp, 92, 27183, 26857, 988, , 27183, 25000, 28242, 28287, 0, 
173, 1, 80, 196, -1, 311, 356, 7.5, 26, ABarappppp, 213, 29195, 26159, 896, , 29195, 25000, 31688, 32054, 0, 
174, 1, 249, 222, -1, 265, 313, 24.9, 29, ABarpapapa, 289, 27733, 33502, 1208, , 27733, 25000, 27870, 27834, 0, 
175, 1, 69, 20, -1, 533, 141, 8.8, 26, ABplappppa, -377, 27796, 22126, 796, , 27796, 25000, 27710, 27731, 0, 
176, 1, 3, 343, -1, 507, 153, 10.8, 28, ABplapppap, 282, 28240, 29709, 1052, , 28240, 25000, 27614, 27580, 0, 
177, 1, 51, 206, -1, 379, 385, 10.5, 24, ABprppaaap, 90, 26758, 20550, 768, , 26758, 25000, 27779, 27839, 0, 
178, 1, 145, 195, -1, 507, 362, 10.7, 26, ABprapppaa, -56, 26831, 22967, 856, , 26831, 25000, 27476, 27468, 0, 
179, 1, 220, 70, -1, 531, 272, 15.2, 33, Eprpp, 319, 27374, 47741, 1744, , 27374, 25000, 29105, 29118, 0, 
180, 1, 126, 113, -1, 397, 251, 26.5, 34, ABarpaappp, 277, 27950, 47180, 1688, , 27950, 25000, 27915, 27905, 0, 
181, 1, 334, 345, -1, 266, 279, 25.6, 30, ABarpaapaa, -37, 26934, 31136, 1156, , 26934, 25000, 28095, 28141, 0, 
182, 1, 300, 67, -1, 537, 359, 14.0, 28, ABprappapp, -10, 27449, 30963, 1128, , 27449, 25000, 27676, 27694, 0, 
183, 1, 16, 185, -1, 179, 149, 12.9, 24, ABalppaapa, 398, 28149, 17002, 604, , 28149, 25000, 27389, 27498, 0, 
184, 1, 72, 1, -1, 177, 262, 16.7, 26, ABaraaaapp, -159, 26775, 22919, 856, , 26775, 25000, 27771, 27768, 0, 
185, 1, 76, 327, -1, 285, 375, 11.2, 26, ABprpaaapa, 245, 28602, 22767, 796, , 28602, 25000, 27919, 27799, 0, 
186, 1, 232, 272, -1, 473, 159, 9.3, 26, ABplpppaap, 202, 28100, 24054, 856, , 28100, 25000, 28437, 28486, 0, 
187, 1, 333, 189, -1, 224, 279, 20.4, 29, MSpaaapa, 292, 27895, 32247, 1156, , 27895, 25000, 27962, 28084, 0, 
188, 1, 206, 131, -1, 154, 299, 11.1, 27, ABaraaaaap, 248, 26541, 24099, 908, , 26541, 25000, 28316, 28409, 0, 
189, 1, 215, 162, -1, 533, 312, 6.9, 28, ABprpppapa, 276, 31478, 34248, 1088, , 31478, 25000, 32915, 33314, 0, 
190, 1, 72, 97, -1, 144, 264, 13.6, 26, ABaraaaapa, 134, 27047, 22503, 832, , 27047, 25000, 28324, 28377, 0, 
191, 1, 289, 44, -1, 379, 157, 22.4, 30, ABplapaaap, -138, 26887, 31081, 1156, , 26887, 25000, 28421, 28544, 0, 
192, 1, 68, 180, -1, 547, 252, 10.3, 30, Cppppp, 273, 26588, 34777, 1308, , 26588, 25000, 28724, 28694, 0, 
193, 1, 58, 145, -1, 547, 355, 18.7, 30, ABprapapaa, 265, 27839, 36413, 1308, , 27839, 25000, 28579, 28583, 0, 
194, 1, 311, 339, -1, 410, 112, 11.2, 26, ABplppapap, -312, 25732, 20483, 796, , 25732, 25000, 27520, 27545, 0, 
195, 1, 133, 303, -1, 356, 166, 17.6, 30, Daaa, 282, 27697, 32018, 1156, , 27697, 25000, 28395, 28428, 0, 
196, 1, 101, 91, -1, 263, 395, 17.3, 28, ABpraaaapp, 313, 27014, 28743, 1064, , 27014, 25000, 27652, 27725, 0, 
197, 1, 23, 64, -1, 468, 135, 11.4, 26, ABplppappp, 117, 27266, 22685, 832, , 27266, 25000, 27635, 27819, 0, 
198, 1, 287, 160, -1, 477, 310, 5.7, 29, ABprppppap, 270, 34598, 36951, 1068, , 34598, 25000, 34634, 34783, 0, 
199, 1, 234, 128, -1, 220, 384, 18.2, 26, ABpraaaaap, 264, 27070, 21548, 796, , 27070, 25000, 27423, 27382, 0, 
200, 1, 254, 336, -1, 417, 237, 8.3, 29, MSpappa, 235, 28404, 30335, 1068, , 28404, 25000, 29565, 29553, 0, 
201, 1, 97, 332, -1, 419, 378, 8.5, 27, ABprppapap, 246, 27787, 24897, 896, , 27787, 25000, 28323, 28352, 0, 
202, 1, 167, 225, -1, 548, 138, 12.6, 30, ABplapappa, 849, 27611, 31918, 1156, , 27611, 25000, 27532, 27524, 0, 
203, 1, 261, 231, -1, 585, 271, 21.5, 33, Cpaapp, 339, 28243, 45867, 1624, , 28243, 25000, 28135, 28131, 0, 
204, 1, 106, 7, -1, 506, 252, 25.2, 33, Caaaap, 317, 28239, 49249, 1744, , 28239, 25000, 28421, 28405, 0, 
205, 1, 227, 108, -1, 307, 243, 5.8, 26, ABarapapap, 95, 37779, 30072, 796, , 37779, 25000, 35383, 35277, 0, 
206, 1, 277, 230, -1, 324, 200, 25.4, 29, ABplaaappa, 296, 28076, 32456, 1156, , 28076, 25000, 28648, 28620, 0, 
207, 1, 123, 156, -1, 553, 176, 8.1, 26, ABplappppp, 321, 28636, 22909, 800, , 28636, 25000, 29760, 29813, 0, 
208, 1, 19, 139, -1, 595, 293, 11.4, 27, ABprapappp, 233, 26857, 26535, 988, , 26857, 25000, 27875, 27897, 0, 
209, 1, 264, 37, -1, 399, 394, 13.4, 29, ABpraapppp, 285, 26971, 31179, 1156, , 26971, 25000, 28249, 28248, 0, 
210, 1, 143, 290, -1, 203, 364, 15.5, 26, ABpraaaaaa, 81, 27117, 24297, 896, , 27117, 25000, 27372, 27414, 0, 
211, 1, 2, 16, -1, 138, 181, 17.5, 30, ABalpppaaa, 278, 26972, 33230, 1232, , 26972, 25000, 27395, 27432, 0, 
212, 1, 199, 190, -1, 183, 211, 26.1, 30, ABplaaaaaa, -73, 28000, 37968, 1356, , 28000, 25000, 28255, 28465, 0, 
213, 1, 31, 236, -1, 309, 268, 10.3, 29, MSpapaaa, 245, 41024, 43814, 1068, , 41024, 25000, 30614, 30651, 0, 
214, 1, 176, 172, -1, 132, 231, 21.4, 28, ABalapaaap, 268, 27243, 26916, 988, , 27243, 25000, 27886, 28031, 0, 
215, 1, 179, 34, -1, 438, 344, 6.2, 28, ABprppaapp, 163, 31274, 32900, 1052, , 31274, 25000, 32976, 33564, 0, 
216, 1, 326, 241, -1, 205, 311, 26.1, 29, ABarpapaaa, -146, 29677, 35850, 1208, , 29677, 25000, 28913, 28982, 0, 
217, 1, 46, 270, -1, 411, 284, 15.7, 32, Earpp, 77, 27789, 44017, 1584, , 27789, 25000, 28804, 28804, 0, 
218, 0, 359, -1, -1, 87, 260, 14.3, 25, , 183, 1562, 21591, 764, , 28260, 25000, 27360, 26698, 0, 
219, 1, 297, 18, -1, 122, 306, 17.7, 27, ABalaaappl, 222, 27244, 25173, 924, , 27244, 25000, 27418, 27493, 0, 
220, 1, 285, 214, -1, 307, 172, 9.6, 26, ABplpapaaa, 224, 28109, 23387, 832, , 28109, 25000, 28901, 28985, 0, 
221, 1, 229, 165, -1, 184, 219, 7.4, 27, ABalpaaaaa, 217, 29284, 28933, 988, , 29284, 25000, 32329, 32410, 0, 
222, 1, 182, 80, -1, 447, 147, 8.1, 25, ABplpppaaa, 234, 27346, 18814, 688, , 27346, 25000, 29136, 29195, 0, 
223, 1, 263, 136, -1, 242, 324, 6.6, 27, ABarapppap, 448, 30745, 30376, 988, , 30745, 25000, 33174, 33467, 0, 
224, 1, 315, 69, -1, 163, 298, 16.3, 26, MSpaaaaa, 235, 28289, 24215, 856, , 28289, 25000, 28204, 28301, 0, 
225, 1, 73, 233, -1, 229, 186, 17.0, 26, MSapapaa, 242, 27016, 23018, 852, , 27016, 25000, 27747, 27743, 0, 
226, 1, 94, 72, -1, 271, 259, 5.6, 25, ABarapapaa, 221, 36873, 30678, 832, , 36873, 25000, 33987, 33760, 0, 
227, 1, 39, 26, -1, 409, 291, 20.3, 32, Epraa, 300, 27494, 43550, 1584, , 27494, 25000, 28084, 28127, 0, 
228, 1, 276, 183, -1, 444, 322, 13.5, 30, Cppaaa, 309, 28054, 34562, 1232, , 28054, 25000, 28764, 28798, 0, 
229, 1, 30, 307, -1, 482, 377, 13.1, 28, ABprappaap, 232, 27367, 29775, 1088, , 27367, 25000, 28141, 28142, 0, 
230, 1, 192, 126, -1, 437, 264, 5.6, 30, ABprpapppa, 294, 34990, 40449, 1156, , 34990, 25000, 33472, 33472, 0, 
231, 1, 278, 55, -1, 143, 332, 16.5, 29, ABalaaappr, 261, 28826, 31132, 1080, , 28826, 25000, 27771, 27910, 0, 
232, 1, 140, 125, -1, 305, 163, 6.1, 28, ABalpapapp, 264, 38522, 41912, 1088, , 38522, 25000, 37507, 37667, 0, 
233, 1, 169, 191, -1, 461, 266, 12.9, 35, Z2, 338, 27484, 56837, 2068, , 27484, 25000, 28666, 28669, 0, 
234, 0, -1, -1, -1, 521, 191, 6.8, 23, , 314, -2308, 16836, 540, , 31178, 25000, 33052, 33486, 0, 
235, 1, 356, 75, -1, 266, 186, 27.0, 28, ABplaaapaa, 240, 29358, 33116, 1128, , 29358, 25000, 28892, 28882, 0, 
236, 1, 63, 118, -1, 213, 241, 21.9, 30, MSaaaapa, 250, 28066, 38058, 1356, , 28066, 25000, 28567, 28555, 0, 
237, 1, 313, 12, -1, 467, 225, 19.5, 32, Eplap, 123, 28527, 40850, 1432, , 28527, 25000, 28194, 28204, 0, 
238, 1, 20, 282, -1, 584, 334, 13.4, 29, ABprapappa, 384, 25759, 29777, 1156, , 25759, 25000, 27573, 27606, 0, 
239, 1, 270, 358, -1, 218, 365, 12.3, 28, ABalaapapp, 220, 27788, 29566, 1064, , 27788, 25000, 27686, 27731, 0, 
240, 1, 233, 335, -1, 489, 335, 16.9, 30, Cpppaa, 263, 28174, 38204, 1356, , 28174, 25000, 28412, 28462, 0, 
241, 1, 358, 116, -1, 162, 291, 22.1, 27, ABalapppaa, 258, 26976, 24494, 908, , 26976, 25000, 27273, 27294, 0, 
242, 1, 99, 276, -1, 227, 306, 9.4, 27, ABarapaapa, 196, 27822, 27488, 988, , 27822, 25000, 28191, 28281, 0, 
243, 1, 294, 73, -1, 358, 318, 8.4, 28, ABprpapaap, 233, 27904, 27569, 988, , 27904, 25000, 28943, 28932, 0, 
244, 1, 319, 304, -1, 527, 318, 16.5, 31, Cpppap, 41, 29454, 36287, 1232, , 29454, 25000, 28268, 28310, 0, 
245, 1, 268, 240, -1, 442, 386, 12.4, 28, ABprappaaa, -228, 27626, 27294, 988, , 27626, 25000, 27784, 27787, 0, 
246, 1, 248, 175, -1, 573, 322, 10.0, 25, ABprappppa, 257, 27620, 21102, 764, , 27620, 25000, 27196, 27223, 0, 
247, 1, 303, 262, -1, 530, 174, 15.1, 29, Capppa, -110, 29080, 35129, 1208, , 29080, 25000, 29075, 29271, 0, 
248, 1, 250, 153, -1, 186, 258, 12.2, 26, ABaraapaaa, 225, 27523, 21908, 796, , 27523, 25000, 28711, 28706, 0, 
249, 1, 284, 9, -1, 415, 216, 11.5, 32, Z3, 329, 27198, 38947, 1432, , 27198, 25000, 28302, 28305, 0, 
250, 1, 288, 14, -1, 270, 126, 16.9, 28, ABplpaapap, 264, 27313, 29717, 1088, , 27313, 25000, 27862, 27971, 0, 
251, 1, 53, 297, -1, 385, 315, 7.2, 27, ABprpapapa, 256, 28689, 24902, 868, , 28689, 25000, 30864, 30997, 0, 
252, 1, 332, 109, -1, 302, 219, 14.7, 29, MSaapaap, 261, 35500, 37914, 1068, , 35500, 25000, 30106, 30310, 0, 
253, 1, 347, 207, -1, 489, 145, 13.3, 27, ABplapppaa, 232, 27760, 25650, 924, , 27760, 25000, 28107, 28135, 0, 
254, 1, 110, 137, -1, 286, 152, 20.6, 30, ABalpppppp, 400, 26235, 30328, 1156, , 26235, 25000, 27965, 27988, 0, 
255, 1, 258, 286, -1, 215, 345, 18.2, 26, ABpraaapaa, 240, 27123, 21590, 796, , 27123, 25000, 27678, 27671, 0, 
256, 1, 318, 360, -1, 262, 330, 22.4, 25, ABalappppp, 227, 29430, 24486, 832, , 29430, 25000, 27314, 27308, 0, 
257, 1, 231, 317, -1, 363, 283, 5.4, 29, ABprpappaa, 226, 35356, 40871, 1156, , 35356, 25000, 34547, 34570, 0, 
258, 1, 116, 344, -1, 412, 301, 6.0, 27, ABprpapapp, 227, 35805, 36951, 1032, , 35805, 25000, 33456, 33477, 0, 
259, 1, 327, 321, -1, 386, 363, 8.2, 28, ABprppapaa, 230, 27920, 29372, 1052, , 27920, 25000, 29611, 29660, 0, 
260, 1, 92, 205, -1, 442, 122, 10.0, 27, ABplppappa, 244, 27470, 28349, 1032, , 27470, 25000, 28092, 28237, 0, 
261, 1, 348, 201, -1, 226, 322, 21.7, 23, ABalappppa, 172, 29370, 17387, 592, , 29370, 25000, 28119, 28125, 0, 
262, 1, 293, 199, -1, 305, 290, 18.7, 31, Earaa, 263, 28622, 39155, 1368, , 28622, 25000, 28959, 28989, 0, 
263, 1, 214, 90, -1, 586, 187, 9.6, 26, Caappv, 216, 26608, 22138, 832, , 26608, 25000, 27844, 27761, 0, 
264, 1, 155, 2, -1, 241, 268, 6.0, 25, ABarapaaap, 229, 37628, 28748, 764, , 37628, 25000, 35119, 35283, 0, 
265, 1, 213, 283, -1, 163, 329, 21.7, 28, ABalappapp, 271, 26738, 28449, 1064, , 26738, 25000, 27733, 27813, 0, 
266, 1, 338, 325, -1, 238, 286, 27.0, 27, ABarpaaapp, 365, 27840, 28731, 1032, , 27840, 25000, 28940, 29046, 0, 
267, 1, 42, 242, -1, 508, 293, 10.8, 28, Cppapp, 268, 27567, 29000, 1052, , 27567, 25000, 28892, 28922, 0, 
268, 1, 132, 329, -1, 215, 347, 9.5, 27, ABarapppaa, 235, 27785, 24895, 896, , 27785, 25000, 28118, 28139, 0, 
269, 1, 144, 62, -1, 303, 289, 5.3, 28, ABarappaap, 212, 36711, 39061, 1064, , 36711, 25000, 34567, 34665, 0, 
270, 1, 260, 323, -1, 187, 360, 12.6, 24, ABalaapapa, 208, 27877, 19514, 700, , 27877, 25000, 26911, 26969, 0, 
271, 1, 223, 15, -1, 129, 298, 14.2, 27, ABalaaaarr, 250, 27169, 23583, 868, , 27169, 25000, 27635, 27644, 0, 
272, 1, 221, 4, -1, 321, 131, 21.9, 32, ABplaappap, 284, 26727, 42122, 1576, , 26727, 25000, 28119, 28174, 0, 
273, 1, 79, 257, -1, 519, 226, 7.2, 28, ABplpppppp, 258, 28503, 29985, 1052, , 28503, 25000, 31819, 31995, 0, 
274, 1, 218, 148, -1, 541, 336, 10.0, 28, ABprapppap, 220, 27537, 31062, 1128, , 27537, 25000, 27779, 27772, 0, 
275, 1, 25, 246, -1, 237, 303, 16.6, 28, MSpaapaa, 283, 27731, 27398, 988, , 27731, 25000, 28059, 28114, 0, 
276, 1, 173, 96, -1, 573, 154, 15.2, 28, ABplapappp, -69, 28721, 30215, 1052, , 28721, 25000, 27458, 27517, 0, 
277, 1, 45, 350, -1, 470, 220, 9.9, 30, Capaap, 261, 28170, 38199, 1356, , 28170, 25000, 28405, 28423, 0, 
278, 1, 10, 261, -1, 155, 351, 19.3, 30, ABalaapppa, 264, 26914, 35204, 1308, , 26914, 25000, 27347, 27348, 0, 
279, 1, 103, 61, -1, 348, 335, 12.2, 30, MSpppap, 256, 27469, 36259, 1320, , 27469, 25000, 27858, 27936, 0, 
280, 1, 317, 17, -1, 188, 350, 19.5, 30, ABalaapppp, 243, 27265, 33591, 1232, , 27265, 25000, 27516, 27633, 0, 
281, 1, 8, 203, -1, 269, 283, 20.8, 31, MSpaaapp, 285, 27611, 40422, 1464, , 27611, 25000, 28050, 28031, 0, 
282, 1, 299, 259, -1, 209, 242, 6.2, 27, ABalpaaaap, 89, 34547, 29987, 868, , 34547, 25000, 35220, 35358, 0, 
283, 1, 305, 32, -1, 481, 236, 7.1, 28, ABplpppppa, -256, 28358, 30853, 1088, , 28358, 25000, 31389, 31340, 0, 
284, 1, 161, 324, -1, 215, 287, 6.4, 28, ABarapaaaa, 260, 33006, 32610, 988, , 33006, 25000, 34662, 34624, 0, 
285, 1, 172, 316, -1, 429, 198, 25.5, 31, ABarppaapa, 311, 27419, 33780, 1232, , 27419, 25000, 28521, 28479, 0, 
286, 1, 216, 310, -1, 288, 343, 14.7, 27, MSppapap, 264, 28172, 26031, 924, , 28172, 25000, 27785, 27804, 0, 
287, 1, 252, 56, -1, 276, 195, 21.4, 32, MSapapp, 278, 28001, 41553, 1484, , 28001, 25000, 27647, 27676, 0, 
288, 1, 309, 250, -1, 314, 180, 14.0, 30, MSappaa, 275, 28108, 37889, 1348, , 28108, 25000, 28634, 28575, 0, 
289, 1, 207, 239, -1, 240, 207, 5.4, 27, ABalpapaap, 255, 35825, 35395, 988, , 35825, 25000, 37358, 37550, 0, 
290, 1, 160, 346, -1, 386, 250, 5.3, 27, ABprpappap, 204, 35321, 32637, 924, , 35321, 25000, 35682, 35721, 0, 
291, 1, 266, 320, -1, 501, 280, 6.8, 28, ABprpppppa, 277, 30237, 31809, 1052, , 30237, 25000, 31714, 31924, 0, 
292, 1, 290, 152, -1, 450, 291, 19.4, 33, Eprap, 304, 27536, 45159, 1640, , 27536, 25000, 28131, 28167, 0, 
293, 1, 304, 167, -1, 401, 162, 17.4, 31, Dapa, -188, 29175, 38861, 1332, , 29175, 25000, 28852, 29034, 0, 
294, 1, 95, 266, -1, 214, 271, 25.3, 29, ABarpaaapa, 219, 29138, 31119, 1068, , 29138, 25000, 28813, 28744, 0, 
295, 1, 74, 229, -1, 241, 338, 15.1, 27, MSppapaa, 210, 28318, 25713, 908, , 28318, 25000, 28066, 28135, 0, 
296, 1, 150, 8, -1, 394, 188, 25.4, 30, ABarppaaap, 306, 28387, 32815, 1156, , 28387, 25000, 28715, 28734, 0, 
297, 1, 90, 263, -1, 312, 372, 21.9, 29, ABpraapapp, 251, 29535, 35678, 1208, , 29535, 25000, 28387, 28491, 0, 
298, 1, 286, 59, -1, 380, 266, 10.1, 27, MSpapapp, 277, 41247, 37452, 908, , 41247, 25000, 30953, 30826, 0, 
299, 1, 118, 281, -1, 152, 178, 12.1, 27, ABalaaaalp, -22, 28267, 25666, 908, , 28267, 25000, 27800, 27897, 0, 
300, 1, 283, 347, -1, 343, 197, 5.6, 32, ABplpappaa, 324, 35263, 52330, 1484, , 35263, 25000, 34510, 34549, 0, 
301, 1, 184, 359, -1, 265, 227, 19.1, 29, MSaaapap, 171, 29149, 35212, 1208, , 29149, 25000, 27921, 28020, 0, 
302, 1, 166, 94, -1, 438, 279, 26.1, 34, Cpaaaa, 344, 27304, 53953, 1976, , 27304, 25000, 28447, 28461, 0, 
303, 1, 351, 213, -1, 145, 323, 12.6, 26, ABalaapaaa, 260, 27915, 23225, 832, , 27915, 25000, 28020, 28076, 0, 
304, 1, 316, 28, -1, 475, 180, 18.2, 31, Cappaa, 302, 27766, 40650, 1464, , 27766, 25000, 28281, 28392, 0, 
305, 1, 180, 60, -1, 433, 180, 8.0, 27, ABplppppaa, 246, 29165, 30098, 1032, , 29165, 25000, 29497, 29547, 0, 
306, 1, 340, 168, -1, 365, 239, 20.4, 33, Ealap, 324, 29033, 47614, 1640, , 29033, 25000, 28531, 28545, 0, 
307, 1, 147, 11, -1, 263, 146, 9.4, 27, ABalppappa, 255, 27889, 27554, 988, , 27889, 25000, 27795, 27853, 0, 
308, 1, 24, 265, -1, 307, 125, 16.6, 28, ABplpaappa, 277, 27808, 27474, 988, , 27808, 25000, 28089, 28114, 0, 
309, 1, 238, 311, -1, 362, 361, 22.8, 28, ABarpapppp, 260, 27241, 28658, 1052, , 27241, 25000, 27846, 27873, 0, 
310, 1, 37, 149, -1, 135, 318, 20.7, 30, ABalappapa, 257, 27271, 35670, 1308, , 27271, 25000, 27414, 27352, 0, 
311, 1, 240, 78, -1, 357, 173, 25.4, 31, ABplaaappp, 295, 27767, 36985, 1332, , 27767, 25000, 28252, 28285, 0, 
312, 1, 153, 219, -1, 207, 139, 13.7, 27, ABalppaapp, 216, 28299, 26148, 924, , 28299, 25000, 27613, 27599, 0, 
313, 1, 102, 268, -1, 243, 141, 12.4, 28, ABplpaaaaa, 242, 28168, 27830, 988, , 28168, 25000, 27412, 27463, 0, 
314, 1, 211, 314, -1, 552, 303, 12.9, 29, Cppppa, 290, 27337, 33023, 1208, , 27337, 25000, 28393, 28410, 0, 
315, 1, 49, 202, -1, 137, 273, 21.3, 28, ABalappaap, 277, 26646, 28351, 1064, , 26646, 25000, 27932, 27974, 0, 
316, 1, 343, 289, -1, 605, 268, 17.5, 33, Cpapap, 331, 27687, 44963, 1624, , 27687, 25000, 28267, 28280, 0, 
317, 1, 22, 192, -1, 322, 257, 25.9, 33, ABarpaapap, 332, 28446, 49383, 1736, , 28446, 25000, 28669, 28669, 0, 
318, 1, 244, 24, -1, 162, 166, 15.1, 27, ABalppaaap, 263, 28570, 25942, 908, , 28570, 25000, 27635, 27658, 0, 
319, 1, 15, 95, -1, 360, 215, 11.4, 28, MSaapapp, 267, 36668, 36228, 988, , 36668, 25000, 29353, 29394, 0, 
320, 1, 298, 341, -1, 153, 211, 15.3, 25, MSapaaaa, 258, 28079, 21452, 764, , 28079, 25000, 28808, 28883, 0, 
321, 1, 181, 315, -1, 543, 222, 23.5, 33, Caaapa, 326, 27591, 44807, 1624, , 27591, 25000, 28461, 28462, 0, 
322, 1, 202, 170, -1, 361, 289, 25.6, 30, ABarpaappa, 305, 26878, 31071, 1156, , 26878, 25000, 28602, 28602, 0, 
323, 1, 139, 280, -1, 414, 382, 18.5, 28, ABprapaaap, 273, 27707, 29924, 1080, , 27707, 25000, 28025, 28127, 0, 
324, 1, 256, 284, -1, 603, 218, 15.7, 31, Cpapaa, 311, 27273, 37309, 1368, , 27273, 25000, 28877, 28925, 0, 
325, 1, 262, 243, -1, 378, 173, 6.5, 27, ABplpapapa, 145, 32102, 28763, 896, , 32102, 25000, 34400, 34606, 0, 
326, 1, 242, 76, -1, 158, 242, 11.6, 26, ABalpaapaa, 220, 27719, 23062, 832, , 27719, 25000, 27868, 27864, 0, 
327, 1, 4, 251, -1, 315, 167, 17.4, 30, MSapppa, 302, 27357, 31625, 1156, , 27357, 25000, 27711, 27686, 0, 
328, 1, 292, 209, -1, 538, 284, 7.4, 24, ABprpppapp, 228, 28604, 20023, 700, , 28604, 25000, 31625, 32181, 0, 
329, 1, 320, 357, -1, 194, 223, 11.0, 30, ABalpaapap, 4, 27011, 36411, 1348, , 27011, 25000, 28992, 29042, 0, 
330, 1, 178, 89, -1, 529, 146, 20.8, 30, ABplapapaa, 285, 26623, 35142, 1320, , 26623, 25000, 28331, 28337, 0, 
331, 1, 306, 50, -1, 336, 223, 15.9, 33, Ealpa, 297, 28290, 49111, 1736, , 28290, 25000, 30009, 29880, 0, 
332, 1, 236, 159, -1, 301, 308, 25.3, 29, ABarpapapp, 266, 27669, 29550, 1068, , 27669, 25000, 28405, 28417, 0, 
333, 1, 195, 326, -1, 511, 190, 17.1, 29, Cappap, 295, 26796, 32370, 1208, , 26796, 25000, 28297, 28309, 0, 
334, 1, 87, 39, -1, 428, 167, 14.4, 30, Capaaa, 284, 26842, 31029, 1156, , 26842, 25000, 28683, 28825, 0, 
335, 1, 168, 45, -1, 379, 390, 23.6, 29, ABarpppaaa, 270, 27038, 31256, 1156, , 27038, 25000, 27568, 27532, 0, 
336, 1, 9, 204, -1, 579, 315, 19.1, 30, ABarpppppp, 271, 26943, 36535, 1356, , 26943, 25000, 28215, 28217, 0, 
337, 1, 226, 285, -1, 340, 158, 13.3, 28, MSappap, 286, 28222, 30028, 1064, , 28222, 25000, 27982, 28074, 0, 
338, 1, 322, 322, -1, 274, 235, 11.8, 27, MSaapaaa, 277, 37209, 32297, 868, , 37209, 25000, 30031, 29984, 0, 
339, 1, 280, 68, -1, 419, 218, 5.4, 29, ABplpapppa, 255, 34927, 40376, 1156, , 34927, 25000, 34126, 34320, 0, 
340, 1, 35, 114, -1, 321, 273, 13.4, 28, MSpapaap, 207, 40674, 40186, 988, , 40674, 25000, 32307, 32375, 0, 
341, 1, 307, 271, -1, 281, 346, 26.5, 27, ABarpappaa, -57, 29950, 26835, 896, , 29950, 25000, 27924, 27974, 0, 
342, 1, 78, 38, -1, 219, 236, 18.2, 30, MSaaapaa, 19, 27625, 36465, 1320, , 27625, 25000, 28014, 28009, 0, 
343, 1, 212, 255, -1, 428, 184, 19.3, 33, Dapp, -24, 27678, 48049, 1736, , 27678, 25000, 28283, 28298, 0, 
344, 1, 355, 129, -1, 563, 167, 18.8, 29, ABarppappp, 283, 26703, 29694, 1112, , 26703, 25000, 28126, 28132, 0, 
345, 1, 339, 278, -1, 235, 228, 10.1, 26, ABalpaaapp, 416, 27328, 21862, 800, , 27328, 25000, 28725, 28817, 0, 
346, 1, 217, 77, -1, 507, 196, 9.8, 28, Capapp, 170, 28067, 29527, 1052, , 28067, 25000, 28825, 28906, 0, 
347, 1, 224, 130, -1, 382, 139, 7.7, 26, ABplppaapa, 243, 29304, 25084, 856, , 29304, 25000, 31838, 32148, 0, 
348, 1, 324, 351, -1, 499, 178, 6.3, 30, ABplpppapa, 246, 32476, 42478, 1308, , 32476, 25000, 33823, 33900, 0, 
349, 1, 121, 141, -1, 256, 373, 12.8, 26, ABprpaapaa, 300, 27540, 21922, 796, , 27540, 25000, 27656, 27771, 0, 
350, 1, 321, 348, -1, 395, 157, 13.9, 30, Daap, 298, 27405, 37161, 1356, , 27405, 25000, 28703, 28890, 0, 
351, 1, 134, 164, -1, 234, 222, 14.4, 28, ABaraapapa, 250, 28322, 27982, 988, , 28322, 25000, 28119, 28130, 0, 
352, 1, 113, 19, -1, 582, 215, 19.7, 33, Caaapp, 299, 27000, 46872, 1736, , 27000, 25000, 28713, 28714, 0, 
353, 1, 75, 274, -1, 170, 217, 23.4, 29, ABalapapap, 191, 27098, 31325, 1156, , 27098, 25000, 28255, 28255, 0, 
354, 1, 162, 264, -1, 436, 382, 22.3, 30, ABarppppaa, 302, 28066, 36710, 1308, , 28066, 25000, 28073, 28156, 0, 
355, 1, 281, 338, -1, 446, 333, 17.5, 32, Dppp, 326, 26788, 38360, 1432, , 26788, 25000, 28499, 28537, 0, 
356, 1, 279, 256, -1, 318, 218, 11.2, 28, MSaapapa, 31, 33168, 34893, 1052, , 33168, 25000, 29375, 29618, 0, 
357, 1, 194, 260, -1, 404, 368, 23.9, 31, ABarpppaap, 271, 27530, 40744, 1480, , 27530, 25000, 27653, 27724, 0, 
358, 1, 38, 93, -1, 116, 284, 19.0, 24, ABalappaaa, 79, 28671, 17432, 608, , 28671, 25000, 27149, 27040, 0, 
359, 1, 40, 356, -1, 177, 353, 16.2, 26, ABalaappap, 102, 26969, 21467, 796, , 26969, 25000, 27345, 27454, 0, 
360, 1, 187, 298, -1, 198, 290, 18.9, 32, MSpaaaap, -20, 27048, 42627, 1576, , 27048, 25000, 28086, 28134, 0, 
361, 1, 88, 248, -1, 339, 330, 24.7, 28, ABarpapppa, 257, 27763, 29540, 1064, , 27763, 25000, 27950, 27904, 0, 
