1, 1, 2, 99, -1, 244, 274, 5.8, 25, ABarapaaap, 236, 37060, 26090, 704, , 37060, 25000, 36020, 35966, 0, 
2, 1, 329, 119, -1, 213, 351, 9.4, 28, ABarapppaa, -15, 26371, 26055, 988, , 26371, 25000, 28100, 28082, 0, 
3, 1, 86, 275, -1, 180, 287, 14.4, 26, ABaraappaa, 98, 27624, 22983, 832, , 27624, 25000, 27695, 27798, 0, 
4, 1, 97, 74, -1, 140, 266, 13.8, 25, ABaraaaapa, 244, 27297, 19217, 704, , 27297, 25000, 27772, 27935, 0, 
5, 0, 138, -1, -1, 517, 187, 6.6, 23, , 20, 3634, 23599, 640, , 36873, 25000, 33029, 33239, 0, 
6, 1, 265, 165, -1, 301, 129, 16.6, 29, ABplpaappa, -90, 27347, 31613, 1156, , 27347, 25000, 27957, 28142, 0, 
7, 1, 276, 225, -1, 229, 302, 8.9, 26, ABarapaapa, 155, 27766, 22213, 800, , 27766, 25000, 29301, 29354, 0, 
8, 1, 164, 66, -1, 231, 223, 14.5, 28, ABaraapapa, 597, 27091, 29258, 1080, , 27091, 25000, 28153, 28051, 0, 
9, 1, 84, 48, -1, 208, 284, 10.5, 28, ABaraaapap, -21, 27532, 29735, 1080, , 27532, 25000, 28673, 28837, 0, 
10, 1, 336, 279, -1, 422, 237, 8.5, 30, MSpappa, 306, 27178, 33483, 1232, , 27178, 25000, 29394, 29325, 0, 
11, 1, 71, 41, -1, 446, 304, 6.2, 27, ABprppppaa, 203, 34415, 29872, 868, , 34415, 25000, 33206, 33333, 0, 
12, 1, 205, 135, -1, 437, 121, 10.0, 26, ABplppappa, 163, 28137, 23973, 852, , 28137, 25000, 27552, 27634, 0, 
13, 1, 56, 116, 277, 279, 199, 20.8, 32, MSapapp, 217, 27351, 43981, 1608, , 27351, 25000, 27867, 27857, 0, 
14, 1, 290, 155, -1, 201, 362, 15.2, 26, ABpraaaaaa, 406, 27574, 21949, 796, , 27574, 25000, 27944, 27984, 0, 
15, 1, 8, 323, -1, 391, 191, 25.6, 30, ABarppaaap, 273, 27956, 32317, 1156, , 27956, 25000, 28560, 28647, 0, 
16, 1, 94, 212, -1, 440, 271, 26.1, 35, Cpaaaa, 357, 27460, 56787, 2068, , 27460, 25000, 28267, 28267, 0, 
17, 1, 217, 325, -1, 243, 148, 22.5, 28, ABplaapapa, 248, 27168, 29341, 1080, , 27168, 25000, 27885, 27913, 0, 
18, 1, 73, 112, -1, 359, 322, 8.3, 27, ABprpapaap, 271, 26646, 24621, 924, , 26646, 25000, 28526, 28282, 0, 
19, 1, 324, 17, -1, 212, 289, 6.3, 27, ABarapaaaa, 351, 34810, 32164, 924, , 34810, 25000, 35046, 35249, 0, 
20, 1, 41, 263, -1, 423, 333, 26.0, 34, ABarpppapa, 297, 28061, 55897, 1992, , 28061, 25000, 28492, 28439, 0, 
21, 1, 104, 72, -1, 461, 127, 16.3, 27, ABplappaap, 269, 27502, 25412, 924, , 27502, 25000, 27936, 27910, 0, 
22, 1, 57, 198, -1, 241, 139, 14.6, 27, ABplpaapaa, 219, 27715, 27382, 988, , 27715, 25000, 27612, 27598, 0, 
23, 1, 187, 203, -1, 309, 405, 18.6, 26, ABpraappaa, 210, 26239, 21831, 832, , 26239, 25000, 27205, 27188, 0, 
24, 1, 278, 108, -1, 235, 222, 10.4, 27, ABalpaaapp, 254, 28246, 27907, 988, , 28246, 25000, 29014, 29132, 0, 
25, 1, 19, 147, -1, 581, 215, 20.3, 34, Caaapp, 307, 28048, 52843, 1884, , 28048, 25000, 28300, 28300, 0, 
26, 1, 118, 217, -1, 211, 246, 22.0, 30, MSaaaapa, 264, 27875, 37575, 1348, , 27875, 25000, 28445, 28434, 0, 
27, 1, 230, 268, -1, 320, 198, 25.4, 30, ABplaaappa, 301, 28648, 33117, 1156, , 28648, 25000, 28119, 28100, 0, 
28, 1, 244, 221, -1, 257, 272, 9.4, 29, ABarapaapp, 126, 26872, 31064, 1156, , 26872, 25000, 28634, 28673, 0, 
29, 1, 45, 188, -1, 383, 387, 23.7, 28, ABarpppaaa, 262, 28180, 29984, 1064, , 28180, 25000, 27919, 27981, 0, 
30, 1, 232, 126, -1, 275, 375, 21.9, 28, ABpraapapa, 141, 27387, 29797, 1088, , 27387, 25000, 27877, 27889, 0, 
31, 1, 67, 115, -1, 529, 364, 14.3, 28, ABprappapp, 247, 27064, 28796, 1064, , 27064, 25000, 27849, 27849, 0, 
32, 1, 144, 137, -1, 346, 373, 8.4, 27, ABprppaaaa, 226, 28319, 27979, 988, , 28319, 25000, 28674, 28691, 0, 
33, 1, 277, 14, -1, 246, 369, 23.6, 30, ABpraapaap, 193, 27592, 31896, 1156, , 27592, 25000, 27687, 27749, 0, 
34, 1, 250, 200, -1, 321, 185, 13.9, 30, MSappaa, 298, 28724, 38950, 1356, , 28724, 25000, 28520, 28557, 0, 
35, 1, 347, 50, -1, 342, 197, 5.4, 31, ABplpappaa, 303, 36102, 48088, 1332, , 36102, 25000, 34290, 34292, 0, 
36, 1, 145, 30, -1, 550, 356, 18.4, 30, ABprapapaa, 498, 27601, 31907, 1156, , 27601, 25000, 27768, 27747, 0, 
37, 1, 93, 357, -1, 116, 281, 19.2, 25, ABalappaaa, 204, 27952, 19678, 704, , 27952, 25000, 27747, 27813, 0, 
38, 1, 127, 209, -1, 569, 341, 15.6, 28, ABprapapap, 62, 26498, 26180, 988, , 26498, 25000, 27812, 27828, 0, 
39, 1, 123, 95, -1, 487, 281, 17.8, 32, Eprpa, 316, 27675, 44502, 1608, , 27675, 25000, 28257, 28291, 0, 
40, 1, 32, 27, -1, 480, 229, 7.5, 29, ABplpppppa, 252, 27690, 29905, 1080, , 27690, 25000, 31112, 30609, 0, 
41, 1, 237, 175, -1, 232, 187, 13.2, 29, MSapaap, 227, 26718, 29710, 1112, , 26718, 25000, 28591, 28627, 0, 
42, 1, 159, 295, -1, 303, 307, 24.8, 30, ABarpapapp, 258, 27570, 36392, 1320, , 27570, 25000, 28796, 28826, 0, 
43, 1, 13, 127, -1, 171, 276, 10.7, 27, ABaraaapaa, 221, 27663, 25561, 924, , 27663, 25000, 28391, 28444, 0, 
44, 1, 171, 79, -1, 503, 384, 17.2, 28, ABprappapa, 59, 27558, 28991, 1052, , 27558, 25000, 28309, 28311, 0, 
45, 1, 185, 287, -1, 185, 150, 12.4, 24, ABalppaapa, 427, 28103, 19672, 700, , 28103, 25000, 27671, 27592, 0, 
46, 1, 283, 341, -1, 170, 332, 21.1, 29, ABalappapp, 260, 27898, 33701, 1208, , 27898, 25000, 27749, 27847, 0, 
47, 1, 226, 316, -1, 179, 250, 25.8, 29, ABarpaaaap, 246, 27488, 30567, 1112, , 27488, 25000, 28559, 28680, 0, 
48, 1, 173, 211, -1, 116, 241, 19.6, 27, ABalapaaaa, 476, 27893, 27558, 988, , 27893, 25000, 28365, 28348, 0, 
49, 1, 59, 11, -1, 377, 265, 9.8, 28, MSpapapp, 239, 38808, 40826, 1052, , 38808, 25000, 31001, 30644, 0, 
50, 1, 343, 278, -1, 510, 149, 11.0, 27, ABplapppap, 270, 28502, 29414, 1032, , 28502, 25000, 27812, 27969, 0, 
51, 1, 184, 308, -1, 198, 201, 21.2, 26, ABalapappa, 260, 27487, 21880, 796, , 27487, 25000, 28131, 28160, 0, 
52, 1, 307, 131, -1, 483, 379, 13.5, 29, ABprappaap, 29, 26888, 29039, 1080, , 26888, 25000, 28464, 28490, 0, 
53, 1, 197, 168, -1, 462, 396, 16.6, 27, ABprapaapp, 208, 26281, 25966, 988, , 26281, 25000, 28239, 28239, 0, 
54, 1, 5, 22, -1, 198, 353, 23.5, 29, ABpraapaaa, -71, 26878, 29028, 1080, , 26878, 25000, 27561, 27476, 0, 
55, 1, 306, 8, -1, 459, 227, 5.3, 28, ABplpapppp, 275, 35568, 37844, 1064, , 35568, 25000, 33225, 33317, 0, 
56, 1, 146, 149, -1, 290, 398, 14.1, 26, ABprpaapap, 266, 27579, 22063, 800, , 27579, 25000, 28330, 28397, 0, 
57, 1, 154, 235, -1, 204, 146, 16.7, 27, ABalpppapa, 167, 27177, 25112, 924, , 27177, 25000, 28042, 28043, 0, 
58, 1, 133, 161, -1, 248, 279, 12.5, 29, ABaraapppa, 253, 26737, 28876, 1080, , 26737, 25000, 28068, 28075, 0, 
59, 1, 179, 121, -1, 494, 320, 24.9, 32, Cpaaap, 313, 27845, 43883, 1576, , 27845, 25000, 28403, 28426, 0, 
60, 1, 299, 141, -1, 307, 376, 17.8, 30, ABpraaappp, 279, 26877, 35477, 1320, , 26877, 25000, 27907, 27997, 0, 
61, 1, 229, 266, -1, 246, 341, 14.9, 25, MSppapaa, 206, 26817, 18450, 688, , 26817, 25000, 28107, 28209, 0, 
62, 1, 298, 91, -1, 199, 291, 18.8, 30, MSpaaaap, 283, 27564, 36385, 1320, , 27564, 25000, 28478, 28495, 0, 
63, 1, 153, 327, -1, 179, 250, 12.6, 27, ABaraapaaa, 227, 27426, 27097, 988, , 27426, 25000, 27921, 28052, 0, 
64, 1, 65, 90, -1, 278, 141, 11.3, 29, ABplpaaaap, 254, 26832, 28657, 1068, , 26832, 25000, 28192, 28402, 0, 
65, 1, 191, 179, -1, 458, 265, 12.5, 34, Z2, 335, 27530, 46471, 1688, , 27530, 25000, 28665, 28732, 0, 
66, 1, 49, 118, -1, 223, 128, 18.7, 29, ABalpppapp, 242, 26891, 28720, 1068, , 26891, 25000, 27237, 27178, 0, 
67, 1, 24, 329, -1, 167, 168, 14.6, 28, ABalppaaap, 434, 27240, 26913, 988, , 27240, 25000, 27998, 28054, 0, 
68, 1, 183, 236, -1, 446, 325, 13.7, 31, Cppaaa, 317, 27545, 37681, 1368, , 27545, 25000, 28311, 28252, 0, 
69, 1, 12, 71, -1, 471, 223, 19.5, 33, Eplap, 334, 27811, 45165, 1624, , 27811, 25000, 28103, 28154, 0, 
70, 1, 233, 77, -1, 228, 188, 17.0, 26, MSapapaa, 217, 28175, 24005, 852, , 28175, 25000, 28655, 28676, 0, 
71, 1, 100, 222, -1, 566, 274, 8.6, 28, ABprappppp, 234, 28059, 27722, 988, , 28059, 25000, 28318, 28389, 0, 
72, 1, 245, 39, -1, 235, 325, 25.3, 29, ABarpapaap, 279, 28168, 30083, 1068, , 28168, 25000, 28116, 28241, 0, 
73, 1, 193, 348, -1, 263, 332, 18.6, 27, MSppappa, 229, 28250, 27911, 988, , 28250, 25000, 27687, 27712, 0, 
74, 1, 333, 15, -1, 350, 194, 20.6, 30, MSapppp, 303, 26996, 31207, 1156, , 26996, 25000, 28556, 28543, 0, 
75, 1, 231, 349, -1, 581, 267, 21.6, 35, Cpaapp, 322, 26761, 51702, 1932, , 26761, 25000, 28070, 28069, 0, 
76, 1, 282, 139, -1, 583, 329, 13.1, 28, ABprapappa, 332, 26673, 29020, 1088, , 26673, 25000, 27112, 27160, 0, 
77, 1, 114, 315, -1, 323, 281, 13.4, 30, MSpapaap, 295, 37974, 43898, 1156, , 37974, 25000, 32010, 32072, 0, 
78, 1, 83, 230, -1, 211, 323, 7.7, 24, ABaraaappp, 246, 29464, 20743, 704, , 29464, 25000, 30480, 30630, 0, 
79, 1, 61, 58, -1, 351, 338, 12.1, 29, MSpppap, 294, 27271, 32943, 1208, , 27271, 25000, 27982, 28023, 0, 
80, 1, 54, 186, -1, 167, 187, 19.6, 27, ABalapaapp, 267, 27030, 26706, 988, , 27030, 25000, 28346, 28341, 0, 
81, 1, 207, 260, -1, 492, 142, 13.4, 27, ABplapppaa, 133, 26849, 26527, 988, , 26849, 25000, 28056, 27988, 0, 
82, 1, 316, 207, -1, 426, 201, 25.6, 31, ABarppaapa, 259, 28179, 37534, 1332, , 28179, 25000, 28206, 28167, 0, 
83, 1, 22, 97, -1, 369, 354, 15.4, 29, Dpaa, 294, 27381, 31653, 1156, , 27381, 25000, 28308, 28338, 0, 
84, 1, 151, 75, -1, 125, 209, 12.9, 25, ABalaaaala, 252, 27170, 18693, 688, , 27170, 25000, 27768, 27764, 0, 
85, 1, 92, 180, -1, 277, 225, 7.5, 28, ABalpappap, 219, 28466, 30743, 1080, , 28466, 25000, 31855, 31898, 0, 
86, 1, 15, 202, -1, 131, 299, 13.8, 27, ABalaaaarr, 211, 26838, 23295, 868, , 26838, 25000, 27871, 27772, 0, 
87, 1, 63, 195, -1, 211, 166, 9.0, 25, ABalppapaa, 196, 27322, 20874, 764, , 27322, 25000, 28803, 28928, 0, 
88, 1, 130, 117, -1, 385, 142, 7.5, 26, ABplppaapa, 110, 28661, 25680, 896, , 28661, 25000, 32838, 33146, 0, 
89, 1, 348, 340, -1, 392, 164, 13.8, 30, Daap, 307, 27448, 36231, 1320, , 27448, 25000, 29468, 29548, 0, 
90, 1, 96, 273, -1, 573, 154, 14.6, 28, ABplapappp, -168, 28707, 28363, 988, , 28707, 25000, 27915, 27826, 0, 
91, 1, 181, 289, -1, 232, 326, 12.6, 27, MSppaaap, -129, 27868, 27534, 988, , 27868, 25000, 28222, 28232, 0, 
92, 1, 190, 205, -1, 184, 217, 25.9, 29, ABplaaaaaa, 268, 27873, 33670, 1208, , 27873, 25000, 28950, 29030, 0, 
93, 1, 328, 351, -1, 591, 187, 13.9, 30, Caappd, 276, 28053, 38040, 1356, , 28053, 25000, 28575, 28630, 0, 
94, 1, 27, 38, -1, 185, 181, 10.1, 26, ABalpaappp, 250, 29380, 23504, 800, , 29380, 25000, 28174, 28169, 0, 
95, 1, 119, 170, -1, 356, 323, 5.6, 28, ABarappapp, 235, 34703, 34287, 988, , 34703, 25000, 34336, 34741, 0, 
96, 1, 182, 178, -1, 143, 261, 17.0, 25, MSaaaaaa, 224, 26531, 20270, 764, , 26531, 25000, 27941, 28084, 0, 
97, 1, 254, 330, -1, 188, 325, 12.9, 26, MSppaaaa, 234, 27395, 21916, 800, , 27395, 25000, 28391, 28326, 0, 
98, 1, 309, 18, -1, 176, 341, 10.2, 26, ABalaapaap, 199, 27616, 21982, 796, , 27616, 25000, 27802, 27697, 0, 
99, 1, 23, 19, -1, 179, 155, 17.9, 27, ABalpppaap, 196, 28069, 25487, 908, , 28069, 25000, 27710, 27666, 0, 
100, 1, 203, 23, -1, 271, 282, 20.7, 31, MSpaaapp, 299, 26857, 36741, 1368, , 26857, 25000, 28112, 28122, 0, 
101, 1, 266, 148, -1, 217, 273, 25.2, 29, ABarpaaapa, 288, 27877, 30999, 1112, , 27877, 25000, 28905, 28799, 0, 
102, 1, 98, 107, -1, 264, 371, 18.3, 26, ABpraaappa, 77, 27589, 23616, 856, , 27589, 25000, 27679, 27554, 0, 
103, 1, 140, 301, -1, 243, 237, 7.1, 27, ABalpappaa, 219, 29518, 26802, 908, , 29518, 25000, 33820, 33434, 0, 
104, 1, 102, 20, -1, 156, 207, 10.1, 26, ABalpaappa, 65, 28454, 22763, 800, , 28454, 25000, 28768, 28730, 0, 
105, 1, 155, 128, -1, 273, 203, 10.2, 28, ABalpapppa, 162, 27594, 29029, 1052, , 27594, 25000, 28775, 28710, 0, 
106, 1, 332, 347, -1, 419, 377, 8.6, 26, ABprppapap, -256, 28356, 23592, 832, , 28356, 25000, 28328, 28349, 0, 
107, 1, 79, 248, -1, 216, 276, 15.5, 29, ABaraappap, 235, 28516, 30797, 1080, , 28516, 25000, 27934, 27954, 0, 
108, 1, 156, 246, -1, 556, 174, 8.0, 26, ABplappppp, 252, 28887, 24612, 852, , 28887, 25000, 30680, 30740, 0, 
109, 1, 106, 339, -1, 209, 203, 10.5, 25, ABalpaaapa, 236, 27458, 21088, 768, , 27458, 25000, 28186, 28262, 0, 
110, 1, 139, 192, -1, 592, 291, 11.4, 27, ABprapappp, 60, 27545, 27214, 988, , 27545, 25000, 27602, 27644, 0, 
111, 1, 192, 80, -1, 323, 256, 25.8, 34, ABarpaapap, 332, 28904, 55264, 1912, , 28904, 25000, 28792, 28815, 0, 
112, 1, 152, 228, -1, 452, 286, 18.7, 33, Eprap, 327, 28676, 49781, 1736, , 28676, 25000, 28317, 28368, 0, 
113, 1, 269, 125, -1, 345, 341, 18.4, 30, MSppppp, 259, 26969, 31176, 1156, , 26969, 25000, 27673, 27675, 0, 
114, 1, 219, 67, -1, 205, 141, 13.7, 28, ABalppaapp, 156, 27559, 29323, 1064, , 27559, 25000, 27183, 27227, 0, 
115, 1, 39, 129, -1, 435, 166, 14.4, 31, Capaaa, 238, 27165, 36184, 1332, , 27165, 25000, 29008, 28975, 0, 
116, 1, 216, 189, -1, 427, 410, 17.8, 26, ABprapaapa, -80, 27495, 21886, 796, , 27495, 25000, 28128, 28124, 0, 
117, 1, 143, 262, -1, 324, 325, 8.7, 29, ABprpapaaa, 275, 28785, 30742, 1068, , 28785, 25000, 28331, 28394, 0, 
118, 1, 264, 283, -1, 434, 382, 22.6, 29, ABarppppaa, 282, 27640, 31952, 1156, , 27640, 25000, 27847, 27839, 0, 
119, 1, 81, 81, -1, 394, 127, 22.3, 27, ABplapaapa, 358, 27213, 25145, 924, , 27213, 25000, 28036, 28067, 0, 
120, 1, 78, 1, -1, 353, 179, 25.4, 31, ABplaaappp, 316, 27807, 37039, 1332, , 27807, 25000, 28189, 28213, 0, 
121, 1, 196, 303, -1, 316, 356, 7.8, 28, ABarappppp, 226, 29068, 30580, 1052, , 29068, 25000, 30870, 31202, 0, 
122, 1, 125, 227, -1, 307, 164, 6.1, 27, ABalpapapp, 99, 41854, 38003, 908, , 41854, 25000, 36858, 37131, 0, 
123, 1, 91, 47, -1, 262, 398, 17.0, 29, ABpraaaapp, 228, 28123, 34535, 1228, , 28123, 25000, 27539, 27521, 0, 
124, 1, 235, 272, -1, 253, 245, 22.8, 30, MSaaaapp, 293, 28566, 37707, 1320, , 28566, 25000, 28367, 28384, 0, 
125, 1, 252, 3, -1, 485, 360, 8.5, 27, ABprppappp, 243, 27557, 24691, 896, , 27557, 25000, 28725, 28804, 0, 
126, 1, 296, 361, -1, 412, 149, 25.2, 30, ABarppapaa, 290, 27791, 36684, 1320, , 27791, 25000, 28086, 28078, 0, 
127, 1, 314, 146, -1, 552, 303, 13.2, 29, Cppppa, 297, 27808, 30923, 1112, , 27808, 25000, 28190, 28201, 0, 
128, 1, 195, 83, -1, 506, 353, 11.3, 26, ABprapppaa, -43, 27436, 23485, 856, , 27436, 25000, 27808, 27798, 0, 
129, 1, 194, 199, -1, 285, 283, 13.1, 27, ABaraapppp, 267, 28552, 25925, 908, , 28552, 25000, 29043, 28921, 0, 
130, 1, 280, 190, -1, 413, 382, 19.0, 30, ABprapaaap, 242, 27623, 37236, 1348, , 27623, 25000, 27933, 28044, 0, 
131, 1, 69, 216, -1, 163, 299, 16.3, 27, MSpaaaaa, 193, 27604, 25506, 924, , 27604, 25000, 28577, 28598, 0, 
132, 1, 107, 25, -1, 275, 330, 11.5, 29, MSppaap, 253, 27290, 29473, 1080, , 27290, 25000, 28330, 28384, 0, 
133, 1, 77, 172, -1, 511, 194, 9.8, 29, Capapp, 257, 28277, 31444, 1112, , 28277, 25000, 28462, 28497, 0, 
134, 1, 246, 338, -1, 237, 310, 16.5, 28, MSpaapaa, 123, 27759, 29980, 1080, , 27759, 25000, 28143, 28132, 0, 
135, 1, 281, 256, -1, 154, 178, 11.5, 26, ABalaaaalp, 245, 28884, 25880, 896, , 28884, 25000, 27546, 27391, 0, 
136, 1, 268, 306, -1, 244, 146, 12.1, 27, ABplpaaaaa, 135, 27041, 24553, 908, , 27041, 25000, 27662, 27696, 0, 
137, 1, 131, 234, -1, 153, 299, 10.5, 26, ABaraaaaap, 234, 28523, 25557, 896, , 28523, 25000, 28000, 28042, 0, 
138, 1, 271, 274, -1, 281, 347, 25.9, 29, ABarpappaa, 244, 28669, 34632, 1208, , 28669, 25000, 28698, 28843, 0, 
139, 1, 225, 244, -1, 550, 135, 13.0, 28, ABplapappa, -5, 26976, 30429, 1128, , 26976, 25000, 27660, 27675, 0, 
140, 1, 82, 350, -1, 459, 188, 6.5, 28, ABplppppap, 230, 31387, 33898, 1080, , 31387, 25000, 32171, 32319, 0, 
141, 1, 101, 296, -1, 538, 193, 10.9, 29, Capppp, 261, 27959, 33775, 1208, , 27959, 25000, 28165, 28383, 0, 
142, 1, 302, 331, -1, 316, 321, 12.9, 30, MSpppaa, 239, 28176, 38206, 1356, , 28176, 25000, 28584, 28585, 0, 
143, 1, 240, 44, -1, 443, 386, 12.3, 29, ABprappaaa, 252, 26231, 28015, 1068, , 26231, 25000, 27922, 27940, 0, 
144, 1, 361, 101, -1, 411, 356, 15.3, 30, Dppa, 1320, 27185, 35558, 1308, , 27185, 25000, 28258, 28310, 0, 
145, 1, 322, 257, -1, 273, 233, 12.3, 28, MSaapaaa, 202, 36983, 39350, 1064, , 36983, 25000, 30347, 30343, 0, 
146, 1, 220, 264, -1, 471, 355, 23.6, 31, ABarpppapp, 254, 27942, 37219, 1332, , 27942, 25000, 27994, 27975, 0, 
147, 1, 199, 28, -1, 312, 285, 18.5, 31, Earaa, 283, 28242, 34794, 1232, , 28242, 25000, 29087, 29122, 0, 
148, 1, 297, 281, -1, 386, 312, 6.7, 28, ABprpapapa, 248, 30914, 32892, 1064, , 30914, 25000, 32643, 32430, 0, 
149, 1, 9, 193, -1, 419, 212, 11.4, 32, Z3, 113, 26648, 39545, 1484, , 26648, 25000, 28399, 28419, 0, 
150, 1, 163, 100, -1, 304, 131, 13.5, 27, ABplpaaapp, 273, 27891, 24990, 896, , 27891, 25000, 28001, 28129, 0, 
151, 1, 95, 208, -1, 359, 216, 11.3, 29, MSaapapp, 270, 37332, 39871, 1068, , 37332, 25000, 29845, 29832, 0, 
152, 1, 166, 138, -1, 502, 129, 16.8, 28, ABplappapp, 136, 27913, 29364, 1052, , 27913, 25000, 27824, 27853, 0, 
153, 1, 167, 231, -1, 399, 164, 17.5, 30, Dapa, 303, 28360, 34940, 1232, , 28360, 25000, 28152, 28193, 0, 
154, 1, 259, 218, -1, 209, 244, 6.1, 26, ABalpaaaap, 90, 33944, 27155, 800, , 33944, 25000, 35757, 35807, 0, 
155, 1, 204, 85, -1, 580, 309, 18.5, 30, ABarpppppp, 285, 27998, 34493, 1232, , 27998, 25000, 28677, 28677, 0, 
156, 0, 35, -1, -1, 86, 263, 16.8, 28, , 145, 2149, 30747, 1052, , 29227, 25000, 27423, 27078, 0, 
157, 1, 300, 46, -1, 117, 248, 13.5, 27, ABalaaaarl, 269, 27733, 24849, 896, , 27733, 25000, 27646, 27688, 0, 
158, 1, 292, 298, -1, 230, 175, 21.2, 29, ABalppppap, 239, 27870, 30991, 1112, , 27870, 25000, 27999, 28081, 0, 
159, 1, 53, 163, -1, 535, 138, 16.7, 29, ABplapapap, 243, 27934, 29834, 1068, , 27934, 25000, 28268, 28239, 0, 
160, 1, 188, 110, -1, 376, 302, 19.0, 33, Earap, 309, 28986, 52406, 1808, , 28986, 25000, 28889, 28948, 0, 
161, 1, 174, 69, -1, 514, 226, 12.7, 31, Eplpp, 301, 27493, 37610, 1368, , 27493, 25000, 28432, 28434, 0, 
162, 1, 325, 143, -1, 239, 288, 27.3, 28, ABarpaaapp, 227, 28451, 30272, 1064, , 28451, 25000, 28498, 28660, 0, 
163, 1, 286, 201, -1, 210, 346, 17.8, 26, ABpraaapaa, 552, 28915, 23016, 796, , 28915, 25000, 27959, 27939, 0, 
164, 1, 304, 102, -1, 528, 319, 16.4, 31, Cpppap, 224, 28959, 38573, 1332, , 28959, 25000, 28673, 28706, 0, 
165, 1, 338, 204, -1, 438, 336, 18.1, 33, Dppp, 327, 26679, 46315, 1736, , 26679, 25000, 28284, 28303, 0, 
166, 1, 256, 52, -1, 319, 228, 11.2, 28, MSaapapa, 221, 34379, 36167, 1052, , 34379, 25000, 29394, 29482, 0, 
167, 1, 25, 87, -1, 236, 380, 15.2, 27, ABpraaaapa, 104, 27662, 24011, 868, , 27662, 25000, 27423, 27371, 0, 
168, 1, 312, 233, -1, 334, 123, 10.6, 28, ABplppaaaa, 358, 27345, 27017, 988, , 27345, 25000, 27867, 27891, 0, 
169, 1, 115, 197, -1, 245, 150, 18.7, 27, ABalpppppa, 144, 27433, 25348, 924, , 27433, 25000, 27741, 27879, 0, 
170, 1, 198, 321, -1, 358, 221, 27.0, 31, ABarppaaaa, 262, 28856, 45592, 1580, , 28856, 25000, 28741, 28761, 0, 
171, 1, 37, 320, -1, 400, 398, 13.2, 30, ABpraapppp, 299, 26780, 35349, 1320, , 26780, 25000, 28283, 28298, 0, 
172, 1, 110, 223, -1, 384, 223, 8.3, 28, MSaappa, 129, 30544, 32499, 1064, , 30544, 25000, 29505, 29483, 0, 
173, 1, 251, 252, -1, 312, 170, 17.5, 30, MSapppa, 294, 26862, 33094, 1232, , 26862, 25000, 27860, 27887, 0, 
174, 1, 21, 159, -1, 484, 131, 21.0, 30, ABplappapa, 279, 26678, 35962, 1348, , 26678, 25000, 28237, 28294, 0, 
175, 1, 172, 31, -1, 137, 230, 21.3, 28, ABalapaaap, 93, 28741, 30580, 1064, , 28741, 25000, 27632, 27700, 0, 
176, 1, 72, 324, -1, 272, 264, 5.6, 26, ABarapapaa, 174, 37382, 31102, 832, , 37382, 25000, 34858, 34690, 0, 
177, 1, 20, 196, -1, 533, 144, 9.0, 26, ABplappppa, 257, 27800, 23686, 852, , 27800, 25000, 28403, 28290, 0, 
178, 1, 274, 162, -1, 168, 224, 23.4, 27, ABalapapap, 273, 28298, 27958, 988, , 28298, 25000, 28712, 28718, 0, 
179, 1, 103, 64, -1, 265, 224, 15.5, 29, ABaraapapp, -143, 29190, 31525, 1080, , 29190, 25000, 29160, 29004, 0, 
180, 1, 313, 60, -1, 530, 250, 6.7, 27, ABprpppppp, 257, 34188, 31590, 924, , 34188, 25000, 33607, 33772, 0, 
181, 1, 26, 318, -1, 407, 286, 19.9, 32, Epraa, 298, 27887, 43950, 1576, , 27887, 25000, 28050, 28047, 0, 
182, 1, 169, 124, -1, 344, 256, 6.4, 32, ABarapappp, 322, 33220, 49298, 1484, , 33220, 25000, 34077, 33841, 0, 
183, 1, 126, 282, -1, 437, 263, 6.3, 29, ABprpapppa, 241, 32083, 34265, 1068, , 32083, 25000, 34008, 34099, 0, 
184, 1, 241, 181, -1, 209, 312, 26.5, 29, ABarpapaaa, 244, 27392, 29583, 1080, , 27392, 25000, 29060, 28966, 0, 
185, 1, 186, 187, -1, 475, 381, 20.4, 30, ABarppppap, 428, 27222, 31469, 1156, , 27222, 25000, 28481, 28485, 0, 
186, 1, 89, 63, -1, 528, 147, 21.2, 29, ABplapapaa, 339, 27172, 30215, 1112, , 27172, 25000, 28036, 28044, 0, 
187, 1, 1, 239, -1, 179, 260, 16.6, 25, ABaraaaapp, 205, 26904, 22384, 832, , 26904, 25000, 28480, 28470, 0, 
188, 1, 358, 343, -1, 217, 369, 12.4, 26, ABalaapapp, 208, 27638, 22995, 832, , 27638, 25000, 27666, 27628, 0, 
189, 1, 162, 229, -1, 532, 311, 6.5, 29, ABprpppapa, 251, 33623, 36313, 1080, , 33623, 25000, 34663, 35314, 0, 
190, 1, 157, 259, -1, 482, 211, 25.5, 33, Caaaaa, 335, 28277, 45922, 1624, , 28277, 25000, 28043, 28015, 0, 
191, 1, 211, 140, -1, 198, 203, 15.6, 26, MSapaaap, 237, 27209, 22638, 832, , 27209, 25000, 28290, 28325, 0, 
192, 1, 58, 337, -1, 273, 120, 20.7, 26, ABplaappaa, 241, 28155, 24101, 856, , 28155, 25000, 27199, 27252, 0, 
193, 1, 331, 250, -1, 131, 180, 14.6, 25, ABalppaaaa, 215, 27953, 23257, 832, , 27953, 25000, 27112, 27205, 0, 
194, 0, 215, -1, -1, 148, 252, 23.7, 26, , 196, -756, 23357, 856, , 27286, 25000, 28098, 28042, 0, 
195, 1, 128, 150, -1, 216, 381, 17.8, 26, ABpraaaaap, 16, 27955, 22252, 796, , 27955, 25000, 27321, 27181, 0, 
196, 1, 308, 88, -1, 285, 367, 8.3, 27, ABprpaaaap, 77, 28069, 25936, 924, , 28069, 25000, 28596, 28764, 0, 
197, 1, 158, 54, -1, 211, 202, 6.7, 28, ABalpapaaa, 269, 33386, 35523, 1064, , 33386, 25000, 35609, 35546, 0, 
198, 1, 236, 206, -1, 307, 269, 10.4, 28, MSpapaaa, -57, 39113, 38644, 988, , 39113, 25000, 31899, 31858, 0, 
199, 1, 120, 32, -1, 167, 279, 25.1, 28, ABarpaaaaa, 101, 28083, 30554, 1088, , 28083, 25000, 28411, 28460, 0, 
200, 1, 88, 35, -1, 288, 288, 8.2, 25, ABarapappa, 60, 27158, 19119, 704, , 27158, 25000, 29775, 29624, 0, 
201, 1, 109, 326, -1, 301, 222, 15.3, 28, MSaapaap, 272, 36909, 39271, 1064, , 36909, 25000, 29871, 29978, 0, 
202, 1, 141, 182, -1, 256, 376, 12.8, 27, ABprpaapaa, 245, 27599, 23956, 868, , 27599, 25000, 27463, 27540, 0, 
203, 1, 291, 42, -1, 181, 174, 23.3, 29, ABplaapaaa, 185, 27771, 29659, 1068, , 27771, 25000, 27947, 27946, 0, 
204, 1, 273, 13, -1, 395, 228, 16.4, 33, Ealpp, 231, 28612, 46923, 1640, , 28612, 25000, 29202, 29214, 0, 
205, 1, 305, 109, -1, 391, 111, 16.6, 30, ABplaapppp, 282, 27501, 31791, 1156, , 27501, 25000, 28632, 28589, 0, 
206, 1, 175, 307, -1, 570, 319, 9.8, 26, ABprappppa, 80, 27692, 22043, 796, , 27692, 25000, 27473, 27502, 0, 
207, 1, 200, 93, -1, 463, 136, 24.1, 30, ABarppapap, 293, 27264, 36970, 1356, , 27264, 25000, 27515, 27484, 0, 
208, 1, 272, 286, -1, 479, 148, 8.8, 28, ABplpppaap, 213, 27994, 29450, 1052, , 27994, 25000, 28875, 28922, 0, 
209, 1, 60, 160, -1, 434, 179, 8.0, 27, ABplppppaa, 218, 28593, 29508, 1032, , 28593, 25000, 29324, 29286, 0, 
210, 1, 14, 153, -1, 269, 127, 16.6, 28, ABplpaapap, 280, 26756, 26435, 988, , 26756, 25000, 27529, 27659, 0, 
211, 1, 178, 302, -1, 297, 179, 26.1, 30, ABplaaapap, 249, 28833, 39098, 1356, , 28833, 25000, 28523, 28685, 0, 
212, 1, 261, 297, -1, 154, 351, 18.6, 28, ABalaapppa, 210, 27198, 26872, 988, , 27198, 25000, 27201, 26962, 0, 
213, 1, 168, 96, -1, 367, 236, 20.3, 33, Ealap, 327, 28310, 49147, 1736, , 28310, 25000, 29114, 29142, 0, 
214, 1, 176, 94, -1, 261, 183, 6.8, 29, ABalpapapa, 273, 34192, 38022, 1112, , 34192, 25000, 34909, 35091, 0, 
215, 1, 293, 82, -1, 278, 330, 7.8, 27, ABarappppa, 226, 28694, 24906, 868, , 28694, 25000, 30444, 30528, 0, 
216, 1, 345, 166, -1, 267, 283, 25.4, 30, ABarpaapaa, 125, 27514, 31806, 1156, , 27514, 25000, 27876, 27904, 0, 
217, 1, 148, 254, -1, 536, 333, 10.6, 27, ABprapppap, 269, 27686, 27354, 988, , 27686, 25000, 28098, 28113, 0, 
218, 1, 340, 176, -1, 364, 399, 16.5, 31, ABpraapppa, 253, 28503, 35116, 1232, , 28503, 25000, 27997, 27992, 0, 
219, 1, 319, 345, -1, 304, 327, 5.4, 28, ABarappapa, 103, 38557, 38094, 988, , 38557, 25000, 35856, 36054, 0, 
220, 1, 160, 292, -1, 482, 310, 6.0, 27, ABprppppap, 263, 31351, 32354, 1032, , 31351, 25000, 33348, 33457, 0, 
221, 1, 201, 359, -1, 217, 331, 21.6, 28, ABalappppa, 228, 28249, 27910, 988, , 28249, 25000, 27514, 27534, 0, 
222, 1, 80, 249, -1, 450, 144, 8.3, 26, ABplpppaaa, 210, 27866, 23853, 856, , 27866, 25000, 28214, 28377, 0, 
223, 0, 74, -1, -1, 376, 217, 5.7, 23, , 479, 1467, 21649, 592, , 36569, 25000, 34726, 35102, 0, 
224, 1, 206, 299, -1, 378, 388, 10.2, 24, ABprppaaap, 217, 27127, 17795, 656, , 27127, 25000, 27842, 27845, 0, 
225, 1, 249, 333, -1, 248, 243, 26.3, 30, ABplaaaapa, 298, 27094, 35439, 1308, , 27094, 25000, 28139, 28078, 0, 
226, 1, 288, 267, -1, 215, 165, 25.1, 32, ABplaapaap, 323, 27272, 42980, 1576, , 27272, 25000, 28472, 28494, 0, 
227, 1, 47, 334, -1, 200, 162, 20.1, 28, ABalppppaa, 164, 27400, 29811, 1088, , 27400, 25000, 27460, 27558, 0, 
228, 1, 18, 304, -1, 123, 308, 18.4, 28, ABalaaappl, 236, 26851, 26529, 988, , 26851, 25000, 27658, 27756, 0, 
229, 1, 327, 106, -1, 280, 381, 11.0, 27, ABprpaaapa, 239, 26777, 27634, 1032, , 26777, 25000, 28169, 28291, 0, 
230, 1, 295, 191, -1, 347, 116, 18.4, 31, ABplaapppa, 300, 26354, 35104, 1332, , 26354, 25000, 28201, 28214, 0, 
231, 1, 212, 173, -1, 513, 176, 23.6, 31, ABarppappa, 287, 26815, 35717, 1332, , 26815, 25000, 27907, 27893, 0, 
232, 1, 279, 92, -1, 416, 237, 20.3, 33, Eplaa, 332, 26923, 46739, 1736, , 26923, 25000, 28545, 28565, 0, 
233, 1, 99, 238, -1, 356, 131, 12.7, 24, ABplppaaap, 199, 27788, 19563, 704, , 27788, 25000, 27629, 27840, 0, 
234, 1, 40, 113, -1, 416, 136, 7.8, 26, ABplppaapp, 233, 28389, 22598, 796, , 28389, 25000, 30438, 30639, 0, 
235, 1, 90, 352, -1, 586, 191, 9.5, 27, Caappv, 217, 27722, 24839, 896, , 27722, 25000, 28002, 28055, 0, 
236, 1, 108, 73, -1, 307, 244, 6.2, 26, ABarapapap, 198, 35286, 28088, 796, , 35286, 25000, 34577, 34755, 0, 
237, 1, 341, 57, -1, 153, 210, 15.0, 25, MSapaaaa, 236, 27170, 20758, 764, , 27170, 25000, 27926, 27951, 0, 
238, 1, 44, 177, -1, 372, 154, 22.4, 31, ABplapaaap, 282, 27468, 36588, 1332, , 27468, 25000, 28022, 28056, 0, 
239, 1, 360, 356, -1, 261, 337, 22.4, 26, ABalappppp, 218, 28091, 23372, 832, , 28091, 25000, 27848, 27852, 0, 
240, 1, 116, 29, -1, 160, 296, 22.5, 28, ABalapppaa, 243, 26719, 28857, 1080, , 26719, 25000, 27605, 27668, 0, 
241, 1, 352, 145, -1, 544, 299, 24.5, 34, Cpaapa, 342, 28161, 47536, 1688, , 28161, 25000, 27997, 27997, 0, 
242, 0, -1, -1, -1, 335, 304, 18.2, 26, , 222, -986, 22733, 796, , 28559, 25000, 29300, 29545, 0, 
243, 1, 270, 142, -1, 417, 282, 15.5, 31, Earpp, 315, 28249, 34803, 1232, , 28249, 25000, 29015, 29015, 0, 
244, 1, 134, 241, -1, 272, 186, 17.2, 27, MSapapap, 277, 28226, 24500, 868, , 28226, 25000, 28533, 28534, 0, 
245, 1, 346, 56, -1, 388, 248, 5.2, 26, ABprpappap, 254, 36210, 28823, 796, , 36210, 25000, 34655, 34656, 0, 
246, 1, 3, 12, -1, 409, 169, 6.1, 27, ABplpapapp, 243, 32716, 29706, 908, , 32716, 25000, 33869, 34202, 0, 
247, 1, 303, 37, -1, 351, 170, 17.4, 31, Daaa, 295, 28472, 37925, 1332, , 28472, 25000, 28364, 28408, 0, 
248, 1, 76, 51, -1, 153, 239, 12.2, 27, ABalpaapaa, 315, 28089, 24381, 868, , 28089, 25000, 28424, 28624, 0, 
249, 1, 177, 7, -1, 120, 226, 16.6, 27, ABalaaapal, 258, 26598, 26279, 988, , 26598, 25000, 27596, 27604, 0, 
250, 1, 117, 133, -1, 329, 117, 14.9, 26, ABplpaappp, 257, 27420, 21936, 800, , 27420, 25000, 27776, 27864, 0, 
251, 1, 50, 210, -1, 339, 236, 15.6, 32, Ealpa, 687, 28173, 41808, 1484, , 28173, 25000, 29541, 29429, 0, 
252, 1, 320, 305, -1, 495, 277, 6.5, 28, ABprpppppa, 241, 33811, 36516, 1080, , 33811, 25000, 32547, 32588, 0, 
253, 1, 165, 253, -1, 178, 225, 7.5, 28, ABalpaaaaa, 282, 28906, 31218, 1080, , 28906, 25000, 32219, 32582, 0, 
254, 1, 349, 313, -1, 466, 336, 7.3, 27, ABprpppaaa, -36, 29250, 27027, 924, , 29250, 25000, 31510, 31972, 0, 
255, 1, 294, 123, -1, 256, 350, 9.2, 26, ABprpaaaaa, 265, 28410, 22614, 796, , 28410, 25000, 28789, 28885, 0, 
256, 1, 137, 156, -1, 286, 153, 20.5, 30, ABalpppppp, 306, 26950, 33203, 1232, , 26950, 25000, 27751, 27697, 0, 
257, 1, 64, 68, -1, 470, 132, 11.7, 26, ABplppappp, 243, 27216, 23297, 856, , 27216, 25000, 27705, 27765, 0, 
258, 1, 284, 226, -1, 603, 216, 16.2, 31, Cpapaa, 298, 27275, 39931, 1464, , 27275, 25000, 29006, 29070, 0, 
259, 1, 111, 45, -1, 472, 280, 9.5, 29, Cppaap, 273, 26464, 28581, 1080, , 26464, 25000, 28539, 28665, 0, 
260, 1, 202, 59, -1, 143, 270, 20.3, 27, ABalappaap, 223, 28426, 26266, 924, , 28426, 25000, 27936, 28004, 0, 
261, 1, 257, 294, -1, 514, 225, 6.8, 27, ABplpppppp, 218, 31639, 27463, 868, , 31639, 25000, 33552, 33761, 0, 
262, 1, 323, 171, -1, 190, 361, 12.2, 24, ABalaapapa, 113, 26869, 17626, 656, , 26869, 25000, 26987, 26964, 0, 
263, 1, 38, 76, -1, 218, 243, 18.3, 30, MSaaapaa, 299, 27041, 35370, 1308, , 27041, 25000, 28332, 28350, 0, 
264, 1, 62, 237, -1, 305, 290, 5.4, 29, ABarappaap, 65, 37095, 42882, 1156, , 37095, 25000, 34590, 34437, 0, 
265, 1, 218, 291, -1, 269, 159, 24.2, 30, ABplaapapp, 260, 27581, 36407, 1320, , 27581, 25000, 28206, 28256, 0, 
266, 1, 4, 132, -1, 317, 127, 22.3, 31, ABplaappap, 292, 28473, 38951, 1368, , 28473, 25000, 27834, 27840, 0, 
267, 1, 321, 288, -1, 388, 365, 7.7, 27, ABprppapaa, 237, 27184, 25118, 924, , 27184, 25000, 30570, 30593, 0, 
268, 1, 28, 2, -1, 481, 180, 18.5, 31, Cappaa, 314, 27278, 33607, 1232, , 27278, 25000, 28176, 28277, 0, 
269, 1, 262, 346, -1, 531, 177, 15.1, 30, Capppa, 216, 28374, 38475, 1356, , 28374, 25000, 28707, 28741, 0, 
270, 1, 301, 78, -1, 344, 400, 12.0, 26, ABprpaappp, 260, 26643, 22700, 852, , 26643, 25000, 27913, 27880, 0, 
271, 1, 29, 62, -1, 207, 250, 13.4, 27, ABaraapaap, 260, 27908, 27573, 988, , 27908, 25000, 28212, 28305, 0, 
272, 1, 121, 154, -1, 239, 162, 8.7, 28, ABalppapap, 164, 27922, 29709, 1064, , 27922, 25000, 28694, 28790, 0, 
273, 1, 239, 310, -1, 240, 210, 5.3, 27, ABalpapaap, 86, 40835, 37732, 924, , 40835, 25000, 37779, 37967, 0, 
274, 1, 310, 270, -1, 286, 348, 15.0, 28, MSppapap, 219, 27736, 31286, 1128, , 27736, 25000, 28261, 28276, 0, 
275, 1, 42, 24, -1, 341, 151, 21.8, 30, ABplapaaaa, 140, 27839, 36747, 1320, , 27839, 25000, 28225, 28301, 0, 
276, 1, 10, 26, -1, 430, 115, 18.8, 29, ABplapaapp, 8, 27050, 30080, 1112, , 27050, 25000, 27857, 27855, 0, 
277, 1, 161, 10, -1, 321, 394, 14.5, 27, ABprpaappa, 256, 27798, 24907, 896, , 27798, 25000, 28226, 28223, 0, 
278, 1, 227, 36, -1, 265, 304, 5.8, 25, ABarappaaa, 243, 38665, 27220, 704, , 38665, 25000, 35640, 35706, 0, 
279, 1, 16, 34, -1, 141, 177, 16.8, 28, ABalpppaaa, 274, 25792, 27133, 1052, , 25792, 25000, 27767, 27797, 0, 
280, 1, 34, 314, -1, 442, 338, 6.3, 28, ABprppaapp, 221, 30416, 32363, 1064, , 30416, 25000, 33838, 34269, 0, 
281, 1, 136, 136, -1, 244, 328, 5.9, 27, ABarapppap, -169, 35531, 32262, 908, , 35531, 25000, 36870, 36953, 0, 
282, 1, 238, 40, -1, 599, 258, 12.5, 30, Cpappd, 296, 27533, 33921, 1232, , 27533, 25000, 27866, 27900, 0, 
283, 1, 180, 105, -1, 546, 248, 10.0, 29, Cppppp, 295, 28682, 35222, 1228, , 28682, 25000, 28739, 28780, 0, 
284, 1, 66, 151, -1, 313, 350, 25.5, 31, ABarpappap, 250, 27873, 34340, 1232, , 27873, 25000, 28787, 28741, 0, 
285, 1, 275, 111, -1, 526, 354, 21.7, 30, ABarpppppa, 306, 27083, 35424, 1308, , 27083, 25000, 28380, 28383, 0, 
286, 1, 75, 243, -1, 260, 188, 26.7, 28, ABplaaapaa, 85, 27068, 28800, 1064, , 27068, 25000, 28465, 28479, 0, 
287, 1, 317, 130, -1, 366, 283, 5.2, 29, ABprpappaa, 275, 36144, 40192, 1112, , 36144, 25000, 34593, 34378, 0, 
288, 1, 31, 33, -1, 135, 200, 20.0, 27, ABalapaapa, 253, 27304, 28178, 1032, , 27304, 25000, 27770, 27779, 0, 
289, 1, 350, 232, -1, 469, 214, 10.4, 29, Capaap, 282, 28539, 32991, 1156, , 28539, 25000, 28748, 28777, 0, 
290, 1, 68, 280, -1, 423, 221, 5.6, 27, ABplpapppa, 207, 35655, 35227, 988, , 35655, 25000, 34168, 34415, 0, 
291, 1, 248, 300, -1, 342, 337, 24.7, 28, ABarpapppa, 247, 28680, 30515, 1064, , 28680, 25000, 27602, 27623, 0, 
292, 1, 113, 169, -1, 397, 250, 26.4, 32, ABarpaappp, 323, 28134, 41751, 1484, , 28134, 25000, 27861, 27876, 0, 
293, 1, 353, 55, -1, 418, 295, 10.2, 33, MSpappp, 339, 26862, 46848, 1744, , 26862, 25000, 28683, 28683, 0, 
294, 1, 311, 312, -1, 360, 362, 22.5, 29, ABarpapppp, 217, 27422, 29616, 1080, , 27422, 25000, 27967, 27908, 0, 
295, 1, 210, 213, -1, 235, 367, 19.6, 28, ABpraaapap, 234, 27924, 27589, 988, , 27924, 25000, 27793, 27832, 0, 
296, 1, 289, 157, -1, 602, 267, 17.3, 31, Cpapap, 304, 28424, 38884, 1368, , 28424, 25000, 28608, 28608, 0, 
297, 1, 285, 134, -1, 341, 160, 12.8, 28, MSappap, 270, 26782, 28175, 1052, , 26782, 25000, 28228, 28303, 0, 
298, 1, 46, 164, -1, 285, 263, 17.4, 28, MSaaapp, 259, 27641, 27309, 988, , 27641, 25000, 28659, 28706, 0, 
299, 1, 255, 335, -1, 430, 183, 19.5, 32, Dapp, 327, 26894, 38512, 1432, , 26894, 25000, 28419, 28422, 0, 
300, 1, 43, 311, -1, 308, 141, 9.0, 27, ABalppappp, 82, 27359, 28235, 1032, , 27359, 25000, 29368, 29373, 0, 
301, 1, 189, 240, -1, 225, 280, 20.6, 28, MSpaaapa, 282, 27509, 27179, 988, , 27509, 25000, 27870, 27883, 0, 
302, 1, 315, 309, -1, 543, 218, 23.6, 34, Caaapa, 338, 27954, 49758, 1780, , 27954, 25000, 28210, 28210, 0, 
303, 1, 36, 269, -1, 318, 211, 8.7, 31, ABalpapppp, -8, 27290, 37333, 1368, , 27290, 25000, 29818, 29631, 0, 
304, 1, 85, 152, -1, 307, 235, 20.2, 33, Ealaa, 336, 28221, 49217, 1744, , 28221, 25000, 28147, 28164, 0, 
305, 1, 132, 184, -1, 508, 330, 7.8, 27, ABprpppaap, -128, 29705, 25784, 868, , 29705, 25000, 30404, 30487, 0, 
306, 1, 52, 224, -1, 453, 363, 8.9, 26, ABprppappa, -240, 27661, 22129, 800, , 27661, 25000, 28347, 28507, 0, 
307, 1, 124, 183, -1, 367, 295, 13.9, 31, Earpa, 223, 27961, 41383, 1480, , 27961, 25000, 30247, 30234, 0, 
308, 1, 7, 265, -1, 508, 254, 25.5, 33, Caaaap, 324, 28685, 46584, 1624, , 28685, 25000, 28600, 28598, 0, 
309, 1, 150, 167, -1, 398, 332, 11.9, 29, Dpap, 323, 27539, 33267, 1208, , 27539, 25000, 28656, 28661, 0, 
310, 1, 234, 214, -1, 506, 242, 18.9, 32, Eplpa, -89, 27516, 43366, 1576, , 27516, 25000, 28042, 28037, 0, 
311, 1, 342, 355, -1, 575, 217, 10.8, 27, Caapa, 260, 26854, 23309, 868, , 26854, 25000, 28125, 28245, 0, 
312, 1, 30, 21, -1, 144, 343, 14.5, 24, ABalaappaa, 198, 29581, 22718, 768, , 29581, 25000, 27266, 27456, 0, 
313, 1, 263, 284, -1, 309, 366, 21.5, 29, ABpraapapp, 269, 27185, 29360, 1080, , 27185, 25000, 28019, 27970, 0, 
314, 1, 51, 4, -1, 174, 249, 20.0, 29, MSaaaaap, 296, 27674, 33984, 1228, , 27674, 25000, 28305, 28284, 0, 
315, 1, 326, 251, -1, 509, 188, 16.8, 29, Cappap, 243, 27475, 30552, 1112, , 27475, 25000, 28250, 28347, 0, 
316, 1, 135, 114, -1, 272, 124, 13.9, 26, ABplpaaapa, 253, 27348, 21878, 800, , 27348, 25000, 27553, 27783, 0, 
317, 1, 253, 89, -1, 135, 259, 10.2, 28, ABaraaaaaa, 229, 27385, 28809, 1052, , 27385, 25000, 28415, 28461, 0, 
318, 1, 122, 245, -1, 325, 355, 14.4, 30, MSppppa, 289, 27936, 32294, 1156, , 27936, 25000, 27762, 27828, 0, 
319, 1, 17, 317, -1, 182, 354, 19.0, 29, ABalaapppp, 235, 27210, 33414, 1228, , 27210, 25000, 27528, 27525, 0, 
320, 1, 70, 194, -1, 527, 269, 15.3, 32, Eprpp, 316, 27983, 44325, 1584, , 27983, 25000, 28968, 28972, 0, 
321, 1, 344, 215, -1, 413, 297, 6.3, 26, ABprpapapp, 260, 33814, 28945, 856, , 33814, 25000, 32808, 32797, 0, 
322, 1, 260, 158, -1, 400, 361, 24.4, 30, ABarpppaap, 286, 28302, 32717, 1156, , 28302, 25000, 28217, 28243, 0, 
323, 1, 223, 261, -1, 195, 304, 22.4, 24, ABalapppap, 241, 27466, 19226, 700, , 27466, 25000, 28004, 27858, 0, 
324, 1, 355, 360, -1, 488, 324, 14.5, 30, Cppapa, 266, 28588, 35220, 1232, , 28588, 25000, 28358, 28385, 0, 
325, 1, 33, 322, -1, 478, 184, 15.3, 31, Capapa, -149, 27928, 38205, 1368, , 27928, 25000, 28540, 28715, 0, 
326, 1, 334, 319, -1, 277, 306, 15.5, 27, MSpaapap, 262, 27637, 24763, 896, , 27637, 25000, 28051, 28039, 0, 
327, 1, 55, 174, -1, 142, 328, 16.9, 29, ABalaaappr, 237, 27677, 33434, 1208, , 27677, 25000, 27973, 28010, 0, 
328, 1, 221, 103, -1, 116, 272, 16.6, 27, ABalaaapar, 215, 26789, 26468, 988, , 26789, 25000, 28180, 28298, 0, 
329, 1, 287, 219, -1, 410, 333, 6.0, 26, ABprppaapa, 228, 35407, 30167, 852, , 35407, 25000, 33167, 33312, 0, 
330, 1, 87, 285, -1, 567, 218, 7.6, 28, Cpappv, 560, 30371, 30007, 988, , 30371, 25000, 31480, 31575, 0, 
331, 1, 242, 293, -1, 512, 285, 10.3, 29, Cppapp, 242, 27845, 29738, 1068, , 27845, 25000, 28934, 28896, 0, 
332, 1, 209, 84, -1, 538, 285, 7.3, 23, ABprpppapp, -110, 28088, 16628, 592, , 28088, 25000, 31431, 31431, 0, 
333, 1, 208, 53, -1, 372, 124, 10.1, 28, ABplppapaa, 254, 28555, 31068, 1088, , 28555, 25000, 28503, 28675, 0, 
334, 1, 335, 9, -1, 493, 338, 18.0, 30, Cpppaa, 211, 27295, 36793, 1348, , 27295, 25000, 28551, 28584, 0, 
335, 1, 147, 255, -1, 346, 269, 10.2, 27, MSpapapa, 157, 37202, 32291, 868, , 37202, 25000, 31692, 30937, 0, 
336, 1, 149, 290, -1, 140, 324, 21.3, 30, ABalappapa, 261, 27274, 35674, 1308, , 27274, 25000, 27900, 27869, 0, 
337, 1, 129, 185, -1, 564, 163, 18.7, 29, ABarppappp, 280, 26522, 28325, 1068, , 26522, 25000, 28082, 28083, 0, 
338, 1, 318, 336, -1, 493, 249, 5.1, 28, ABprpapppp, 261, 33171, 36090, 1088, , 33171, 25000, 34824, 34834, 0, 
339, 1, 330, 98, -1, 179, 317, 8.4, 26, ABaraaappa, 215, 28236, 23492, 832, , 28236, 25000, 29046, 28936, 0, 
340, 1, 267, 6, -1, 379, 378, 20.4, 28, ABprapaaaa, -150, 28856, 28510, 988, , 28856, 25000, 28008, 28091, 0, 
341, 1, 170, 49, -1, 362, 285, 25.8, 32, ABarpaappa, 322, 28391, 45652, 1608, , 28391, 25000, 28331, 28336, 0, 
342, 1, 222, 328, -1, 264, 316, 24.9, 29, ABarpapapa, 273, 27896, 33698, 1208, , 27896, 25000, 27937, 28039, 0, 
343, 1, 11, 271, -1, 263, 153, 9.2, 28, ABalppappa, 204, 28070, 29530, 1052, , 28070, 25000, 28405, 28495, 0, 
344, 1, 337, 61, -1, 316, 378, 10.6, 27, ABprpaaapp, 220, 27132, 26806, 988, , 27132, 25000, 27942, 28003, 0, 
345, 1, 112, 354, -1, 341, 395, 20.0, 29, ABpraappap, -4, 27178, 33375, 1228, , 27178, 25000, 27365, 27383, 0, 
346, 1, 6, 16, -1, 393, 182, 10.5, 32, MSaappp, 158, 28013, 40115, 1432, , 28013, 25000, 28198, 28266, 0, 
347, 1, 258, 332, -1, 284, 229, 26.2, 30, ABplaaaapp, 290, 27344, 36094, 1320, , 27344, 25000, 28232, 28261, 0, 
348, 1, 247, 122, -1, 222, 221, 26.1, 30, ABplaaaaap, 153, 28030, 38009, 1356, , 28030, 25000, 28135, 28104, 0, 
349, 1, 214, 220, -1, 307, 173, 9.4, 28, ABplpapaaa, 358, 29245, 28894, 988, , 29245, 25000, 28523, 28590, 0, 
350, 1, 339, 86, -1, 406, 112, 11.5, 26, ABplppapap, 238, 26654, 23882, 896, , 26654, 25000, 27649, 27681, 0, 
351, 1, 48, 70, -1, 429, 113, 15.2, 28, ABplappaaa, 257, 26735, 28125, 1052, , 26735, 25000, 28217, 28149, 0, 
352, 1, 354, 242, -1, 459, 172, 26.2, 32, ABarppaapp, 319, 28387, 45646, 1608, , 28387, 25000, 28145, 28167, 0, 
353, 1, 224, 358, -1, 240, 203, 23.9, 27, ABalapappp, 274, 28000, 25424, 908, , 28000, 25000, 28248, 28180, 0, 
354, 1, 243, 120, -1, 380, 176, 6.8, 28, ABplpapapa, 221, 32675, 34374, 1052, , 32675, 25000, 33380, 33640, 0, 
355, 1, 228, 258, -1, 344, 168, 9.0, 27, ABplpapaap, 230, 28182, 29084, 1032, , 28182, 25000, 29070, 29075, 0, 
356, 1, 359, 276, -1, 258, 233, 18.8, 28, MSaaapap, 276, 27721, 29162, 1052, , 27721, 25000, 28329, 28332, 0, 
357, 1, 357, 342, -1, 193, 231, 10.1, 29, ABalpaapap, 137, 27050, 32676, 1208, , 27050, 25000, 28192, 28209, 0, 
358, 1, 351, 362, -1, 496, 173, 6.6, 31, ABplpppapa, 100, 32274, 42989, 1332, , 32274, 25000, 33833, 34048, 0, 
359, 1, 213, 43, -1, 147, 325, 12.4, 27, ABalaapaaa, 88, 27545, 27214, 988, , 27545, 25000, 27931, 27865, 0, 
360, 1, 356, 144, -1, 169, 351, 14.7, 25, ABalaappap, 86, 26902, 20553, 764, , 26902, 25000, 27421, 27322, 0, 
361, 1, 193, 65, -1, 299, 328, 19.6, 28, MSppappp, 163, 27714, 27381, 988, , 27714, 25000, 28196, 28232, 0, 
362, 0, 105, -1, -1, 86, 263, 14.8, 26, , 177, 3413, 23847, 796, , 29959, 25000, 26885, 26546, 0, 
