1, 1, 120, 190, -1, 354, 180, 25.5, 30, ABplaaappp, 288, 28010, 34508, 1232, , 28010, 25000, 28242, 28264, 0, 
2, 1, 268, 224, -1, 485, 176, 18.5, 30, Cappaa, 246, 28313, 34882, 1232, , 28313, 25000, 28384, 28382, 0, 
3, 1, 125, 111, -1, 489, 356, 9.0, 25, ABprppappp, 242, 28427, 21718, 764, , 28427, 25000, 28358, 28357, 0, 
4, 1, 314, 181, -1, 177, 251, 20.2, 29, MSaaaaap, 295, 27558, 30645, 1112, , 27558, 25000, 28226, 28180, 0, 
5, 0, 156, -1, -1, 88, 263, 17.0, 28, , 126, 3148, 34011, 1128, , 30152, 25000, 27219, 27004, 0, 
6, 1, 340, 167, -1, 381, 378, 20.4, 29, ABprapaaaa, 263, 27499, 31789, 1156, , 27499, 25000, 28530, 28623, 0, 
7, 1, 249, 267, -1, 126, 223, 16.5, 29, ABalaaapal, -129, 27627, 29837, 1080, , 27627, 25000, 27788, 27786, 0, 
8, 1, 55, 165, -1, 458, 230, 5.6, 27, ABplpapppp, 225, 36151, 35717, 988, , 36151, 25000, 33530, 33814, 0, 
9, 1, 334, 254, -1, 494, 337, 18.0, 31, Cpppaa, 299, 27194, 42967, 1580, , 27194, 25000, 28032, 28115, 0, 
10, 1, 277, 129, -1, 318, 390, 14.5, 26, ABprpaappa, 307, 27441, 24587, 896, , 27441, 25000, 27760, 27778, 0, 
11, 1, 49, 208, -1, 378, 265, 9.6, 28, MSpapapp, 228, 40595, 40108, 988, , 40595, 25000, 31143, 31012, 0, 
12, 1, 246, 138, -1, 407, 175, 6.3, 27, ABplpapapp, 214, 31681, 29273, 924, , 31681, 25000, 34311, 34863, 0, 
13, 1, 204, 196, -1, 397, 233, 16.4, 32, Ealpp, 310, 28167, 41800, 1484, , 28167, 25000, 29107, 29117, 0, 
14, 1, 33, 153, -1, 245, 367, 23.6, 30, ABpraapaap, 165, 27548, 31845, 1156, , 27548, 25000, 28078, 28063, 0, 
15, 1, 74, 25, -1, 356, 194, 20.5, 32, MSapppp, 229, 27888, 39935, 1432, , 27888, 25000, 28443, 28458, 0, 
16, 1, 346, 349, -1, 393, 181, 10.5, 32, MSaappp, 215, 27413, 39255, 1432, , 27413, 25000, 28500, 28594, 0, 
17, 1, 19, 131, -1, 215, 287, 6.5, 27, ABarapaaaa, 165, 35859, 32130, 896, , 35859, 25000, 33662, 33848, 0, 
18, 1, 98, 325, -1, 182, 340, 10.2, 25, ABalaapaap, 256, 26141, 18403, 704, , 26141, 25000, 27646, 27625, 0, 
19, 1, 99, 142, -1, 177, 153, 18.3, 27, ABalpppaap, 226, 27148, 25085, 924, , 27148, 25000, 27330, 27374, 0, 
20, 1, 104, 66, -1, 158, 206, 10.1, 26, ABalpaappa, 263, 28060, 22448, 800, , 28060, 25000, 28665, 28630, 0, 
21, 1, 312, 23, -1, 142, 343, 14.5, 24, ABalaappaa, 200, 27948, 21464, 768, , 27948, 25000, 27310, 27256, 0, 
22, 1, 54, 51, -1, 200, 352, 23.8, 29, ABpraapaaa, -66, 27208, 30255, 1112, , 27208, 25000, 27472, 27495, 0, 
23, 1, 100, 2, -1, 274, 281, 20.7, 31, MSpaaapp, 285, 27909, 38179, 1368, , 27909, 25000, 28455, 28457, 0, 
24, 1, 275, 68, -1, 343, 149, 22.2, 29, ABplapaaaa, 262, 27863, 30984, 1112, , 27863, 25000, 28224, 28224, 0, 
25, 1, 132, 103, -1, 275, 329, 11.7, 29, MSppaap, 56, 27814, 29705, 1068, , 27814, 25000, 28045, 28116, 0, 
26, 1, 276, 114, -1, 432, 115, 18.9, 29, ABplapaapp, 340, 27623, 33368, 1208, , 27623, 25000, 27977, 27968, 0, 
27, 1, 40, 90, -1, 483, 232, 7.5, 28, ABplpppppa, 63, 28087, 30334, 1080, , 28087, 25000, 30541, 30208, 0, 
28, 1, 147, 192, -1, 316, 286, 18.2, 31, Earaa, 304, 27843, 40762, 1464, , 27843, 25000, 28816, 28820, 0, 
29, 1, 240, 3, -1, 159, 296, 22.5, 28, ABalapppaa, 277, 28204, 30460, 1080, , 28204, 25000, 27913, 27908, 0, 
30, 1, 36, 238, -1, 553, 355, 18.5, 30, ABprapapaa, 291, 26913, 33157, 1232, , 26913, 25000, 27644, 27639, 0, 
31, 1, 175, 308, -1, 140, 230, 21.2, 27, ABalapaaap, 233, 27888, 24207, 868, , 27888, 25000, 27900, 27736, 0, 
32, 1, 199, 346, -1, 166, 275, 25.2, 28, ABarpaaaaa, 172, 27861, 29310, 1052, , 27861, 25000, 27847, 27816, 0, 
33, 1, 288, 249, -1, 140, 199, 19.5, 27, ABalapaapa, 231, 27069, 24254, 896, , 27069, 25000, 27974, 28146, 0, 
34, 1, 279, 141, -1, 139, 179, 16.7, 29, ABalpppaaa, 377, 27741, 29627, 1068, , 27741, 25000, 27293, 27299, 0, 
35, 1, 200, 74, -1, 290, 288, 7.8, 25, ABarapappa, 71, 29452, 20734, 704, , 29452, 25000, 30628, 30387, 0, 
36, 1, 278, 72, -1, 262, 302, 5.7, 25, ABarappaaa, -47, 36890, 28184, 764, , 36890, 25000, 36362, 36372, 0, 
37, 1, 247, 11, -1, 352, 170, 17.5, 30, Daaa, -154, 27385, 33738, 1232, , 27385, 25000, 28856, 28910, 0, 
38, 1, 94, 297, -1, 187, 181, 9.9, 25, ABalpaappp, 13, 28785, 19804, 688, , 28785, 25000, 28578, 28813, 0, 
39, 1, 72, 344, -1, 237, 322, 25.4, 28, ABarpapaap, 285, 28547, 28204, 988, , 28547, 25000, 28396, 28428, 0, 
40, 1, 282, 178, -1, 600, 257, 12.5, 30, Cpappd, 264, 27474, 33848, 1232, , 27474, 25000, 28453, 28469, 0, 
41, 1, 11, 39, -1, 448, 304, 6.0, 27, ABprppppaa, 266, 34197, 35291, 1032, , 34197, 25000, 33676, 33550, 0, 
42, 1, 203, 4, -1, 180, 173, 23.6, 29, ABplaapaaa, 255, 27508, 31799, 1156, , 27508, 25000, 28098, 28112, 0, 
43, 1, 359, 361, -1, 149, 325, 12.3, 26, ABalaapaaa, 90, 26501, 22685, 856, , 26501, 25000, 27716, 27664, 0, 
44, 1, 143, 24, -1, 446, 387, 12.4, 29, ABprappaaa, 262, 27004, 31217, 1156, , 27004, 25000, 27846, 27835, 0, 
45, 1, 259, 316, -1, 472, 281, 9.5, 30, Cppaap, 257, 28074, 34587, 1232, , 28074, 25000, 28994, 29051, 0, 
46, 1, 157, 300, -1, 119, 248, 13.6, 26, ABalaaaarl, 221, 26145, 21753, 832, , 26145, 25000, 27300, 27347, 0, 
47, 1, 123, 87, -1, 265, 398, 17.2, 27, ABpraaaapp, 216, 27374, 23761, 868, , 27374, 25000, 27430, 27465, 0, 
48, 1, 9, 304, -1, 208, 283, 10.8, 30, ABaraaapap, 292, 27863, 36779, 1320, , 27863, 25000, 28729, 28830, 0, 
49, 1, 341, 18, -1, 363, 289, 25.7, 32, ABarpaappa, 321, 27816, 44061, 1584, , 27816, 25000, 28379, 28380, 0, 
50, 1, 35, 350, -1, 340, 195, 5.4, 31, ABplpappaa, 313, 36968, 49242, 1332, , 36968, 25000, 35069, 35073, 0, 
51, 1, 248, 239, -1, 154, 241, 12.3, 26, ABalpaapaa, 241, 28782, 24637, 856, , 28782, 25000, 28460, 28646, 0, 
52, 1, 166, 348, -1, 319, 230, 11.5, 27, MSaapapa, 234, 34709, 31099, 896, , 34709, 25000, 29411, 29540, 0, 
53, 1, 333, 132, -1, 376, 125, 10.2, 29, ABplppapaa, 263, 27736, 30842, 1112, , 27736, 25000, 27817, 27882, 0, 
54, 1, 197, 230, -1, 213, 203, 6.5, 27, ABalpapaaa, -72, 35000, 31360, 896, , 35000, 25000, 36093, 35942, 0, 
55, 1, 293, 247, -1, 418, 303, 10.2, 33, MSpappp, 321, 27455, 47882, 1744, , 27455, 25000, 28596, 28598, 0, 
56, 1, 245, 277, -1, 387, 250, 5.2, 27, ABprpappap, 262, 33861, 29391, 868, , 33861, 25000, 34507, 34533, 0, 
57, 1, 237, 91, -1, 156, 210, 15.0, 25, MSapaaaa, 250, 27266, 20831, 764, , 27266, 25000, 28704, 28753, 0, 
58, 1, 79, 302, -1, 349, 335, 11.8, 29, MSpppap, 281, 27265, 30319, 1112, , 27265, 25000, 28509, 28556, 0, 
59, 1, 260, 185, -1, 143, 269, 20.1, 27, ABalappaap, 255, 29030, 26359, 908, , 29030, 25000, 27706, 27903, 0, 
60, 1, 180, 287, -1, 531, 255, 6.4, 27, ABprpppppp, 223, 34493, 34079, 988, , 34493, 25000, 34143, 34481, 0, 
61, 1, 344, 200, -1, 317, 378, 10.7, 27, ABprpaaapp, 254, 27660, 25558, 924, , 27660, 25000, 28243, 28281, 0, 
62, 1, 271, 231, -1, 206, 252, 13.3, 27, ABaraapaap, 195, 26920, 24874, 924, , 26920, 25000, 28245, 28389, 0, 
63, 1, 186, 79, -1, 533, 147, 20.8, 30, ABplapapaa, 266, 27985, 36940, 1320, , 27985, 25000, 27844, 27850, 0, 
64, 1, 179, 45, -1, 265, 224, 15.5, 29, ABaraapapp, 472, 27706, 29923, 1080, , 27706, 25000, 29576, 29337, 0, 
65, 1, 361, 180, -1, 302, 324, 19.8, 27, MSppappp, 235, 28342, 24601, 868, , 28342, 25000, 28510, 28510, 0, 
66, 1, 8, 109, -1, 231, 224, 14.3, 29, ABaraapapa, 265, 28408, 30340, 1068, , 28408, 25000, 28527, 28542, 0, 
67, 1, 114, 41, -1, 205, 145, 13.7, 27, ABalppaapp, 154, 26735, 24703, 924, , 26735, 25000, 28198, 28329, 0, 
68, 1, 257, 220, -1, 471, 130, 11.6, 26, ABplppappp, 235, 27964, 23266, 832, , 27964, 25000, 27117, 27181, 0, 
69, 1, 161, 82, -1, 515, 228, 12.8, 32, Eplpp, 321, 26764, 43037, 1608, , 26764, 25000, 29008, 29003, 0, 
70, 1, 351, 176, -1, 430, 112, 15.1, 28, ABplappaaa, 99, 27657, 30091, 1088, , 27657, 25000, 28171, 28173, 0, 
71, 1, 69, 323, -1, 475, 223, 19.4, 32, Eplap, 312, 27681, 41078, 1484, , 27681, 25000, 28222, 28224, 0, 
72, 1, 21, 38, -1, 462, 125, 16.7, 26, ABplappaap, 254, 27968, 23941, 856, , 27968, 25000, 27996, 27932, 0, 
73, 1, 236, 262, -1, 309, 248, 6.3, 26, ABarapapap, 219, 32937, 28194, 856, , 32937, 25000, 33700, 33788, 0, 
74, 1, 4, 69, -1, 142, 268, 13.9, 24, ABaraaaapa, 223, 27510, 16616, 604, , 27510, 25000, 27368, 27294, 0, 
75, 1, 84, 14, -1, 130, 210, 12.6, 25, ABalaaaala, 225, 27103, 22550, 832, , 27103, 25000, 27840, 27848, 0, 
76, 1, 263, 188, -1, 217, 240, 18.2, 30, MSaaapaa, 410, 27058, 35717, 1320, , 27058, 25000, 28564, 28541, 0, 
77, 1, 70, 310, -1, 231, 189, 17.0, 26, MSapapaa, 202, 26924, 22939, 852, , 26924, 25000, 28595, 28626, 0, 
78, 1, 270, 237, -1, 343, 401, 12.1, 27, ABprpaappp, 21, 27194, 24692, 908, , 27194, 25000, 27899, 27927, 0, 
79, 1, 44, 143, -1, 505, 383, 17.5, 29, ABprappapa, 245, 27201, 29377, 1080, , 27201, 25000, 28103, 28103, 0, 
80, 1, 111, 279, -1, 323, 257, 25.6, 34, ABarpaapap, 302, 28185, 50169, 1780, , 28185, 25000, 28516, 28517, 0, 
81, 1, 119, 15, -1, 397, 126, 22.4, 27, ABplapaapa, -270, 28418, 28077, 988, , 28418, 25000, 28355, 28379, 0, 
82, 1, 215, 53, -1, 278, 331, 7.8, 27, ABarappppa, 248, 29328, 25457, 868, , 29328, 25000, 30059, 30102, 0, 
83, 1, 128, 70, -1, 510, 354, 11.6, 26, ABprapppaa, 229, 28073, 23357, 832, , 28073, 25000, 27763, 27828, 0, 
84, 1, 332, 20, -1, 540, 287, 7.4, 24, ABprpppapp, 380, 29121, 20385, 700, , 29121, 25000, 31956, 32343, 0, 
85, 1, 155, 100, -1, 580, 309, 18.4, 30, ABarpppppp, 109, 27645, 31958, 1156, , 27645, 25000, 28647, 28647, 0, 
86, 1, 350, 212, -1, 410, 116, 11.2, 27, ABplppapap, -136, 27700, 24044, 868, , 27700, 25000, 27909, 27939, 0, 
87, 1, 167, 210, -1, 237, 381, 15.3, 26, ABpraaaapa, -341, 26300, 22513, 856, , 26300, 25000, 27400, 27441, 0, 
88, 1, 196, 164, -1, 285, 371, 8.6, 27, ABprpaaaap, -179, 28496, 28154, 988, , 28496, 25000, 28547, 28687, 0, 
89, 1, 317, 318, -1, 138, 260, 10.2, 27, ABaraaaaaa, -110, 27050, 23479, 868, , 27050, 25000, 27818, 27832, 0, 
90, 1, 64, 248, -1, 280, 141, 11.5, 28, ABplpaaaap, 268, 27989, 30228, 1080, , 27989, 25000, 27840, 27926, 0, 
91, 1, 62, 241, -1, 202, 291, 19.1, 30, MSpaaaap, 301, 27184, 36861, 1356, , 27184, 25000, 28170, 28191, 0, 
92, 1, 232, 246, -1, 418, 241, 20.0, 32, Eplaa, 325, 27279, 46593, 1708, , 27279, 25000, 28753, 28781, 0, 
93, 1, 207, 269, -1, 467, 134, 23.6, 31, ABarppapap, 273, 27334, 36409, 1332, , 27334, 25000, 27818, 27843, 0, 
94, 1, 214, 286, -1, 261, 182, 6.7, 28, ABalpapapa, 251, 33805, 35968, 1064, , 33805, 25000, 35185, 35219, 0, 
95, 1, 39, 219, -1, 489, 282, 17.7, 31, Eprpa, 305, 27764, 37981, 1368, , 27764, 25000, 28428, 28547, 0, 
96, 1, 213, 312, -1, 371, 237, 20.4, 33, Ealap, 367, 27502, 45104, 1640, , 27502, 25000, 28854, 28839, 0, 
97, 1, 83, 268, -1, 370, 359, 15.5, 29, Dpaa, 293, 27798, 30022, 1080, , 27798, 25000, 28546, 28463, 0, 
98, 1, 339, 321, -1, 178, 315, 8.6, 26, ABaraaappa, 61, 28173, 23440, 832, , 28173, 25000, 28347, 28355, 0, 
99, 1, 1, 334, -1, 246, 273, 5.8, 26, ABarapaaap, 197, 37852, 30130, 796, , 37852, 25000, 34401, 34299, 0, 
100, 1, 150, 46, -1, 306, 132, 13.6, 27, ABplpaaapp, 384, 26946, 26623, 988, , 26946, 25000, 27819, 27662, 0, 
101, 1, 144, 226, -1, 415, 360, 15.4, 29, Dppa, 278, 27413, 31690, 1156, , 27413, 25000, 28282, 28282, 0, 
102, 1, 164, 311, -1, 529, 321, 16.4, 30, Cpppap, 255, 27176, 31415, 1156, , 27176, 25000, 28118, 28144, 0, 
103, 1, 328, 225, -1, 116, 272, 17.0, 27, ABalaaapar, 202, 27483, 28362, 1032, , 27483, 25000, 27355, 27443, 0, 
104, 0, 223, -1, -1, 376, 217, 5.7, 23, , 152, 4058, 23590, 592, , 39848, 25000, 35190, 35790, 0, 
105, 1, 283, 256, -1, 544, 251, 9.8, 30, Cppppp, 256, 28012, 36976, 1320, , 28012, 25000, 28961, 29069, 0, 
106, 1, 229, 339, -1, 278, 376, 11.3, 27, ABprpaaapa, 235, 27818, 25704, 924, , 27818, 25000, 27422, 27555, 0, 
107, 1, 102, 113, -1, 269, 367, 18.3, 28, ABpraaappa, 220, 26888, 28609, 1064, , 26888, 25000, 27512, 27539, 0, 
108, 1, 24, 252, -1, 237, 224, 10.5, 27, ABalpaaapp, 180, 26741, 23960, 896, , 26741, 25000, 28650, 28690, 0, 
109, 1, 205, 242, -1, 394, 113, 16.5, 30, ABplaapppp, 249, 27148, 33446, 1232, , 27148, 25000, 28497, 28524, 0, 
110, 1, 160, 136, -1, 379, 304, 19.2, 32, Earap, 326, 27569, 44331, 1608, , 27569, 25000, 29238, 29218, 0, 
111, 1, 285, 170, -1, 527, 352, 21.6, 30, ABarpppppa, 254, 28798, 33290, 1156, , 28798, 25000, 28093, 28101, 0, 
112, 1, 18, 198, -1, 362, 320, 8.5, 27, ABprpapaap, 260, 27423, 24571, 896, , 27423, 25000, 28697, 28727, 0, 
113, 1, 234, 166, -1, 417, 143, 7.4, 25, ABplppaapp, -39, 29260, 24344, 832, , 29260, 25000, 31193, 31499, 0, 
114, 1, 316, 36, -1, 275, 125, 13.8, 26, ABplpaaapa, 166, 27176, 21632, 796, , 27176, 25000, 27403, 27503, 0, 
115, 1, 31, 135, -1, 529, 363, 14.4, 28, ABprappapp, 261, 27469, 27139, 988, , 27469, 25000, 27790, 27798, 0, 
116, 1, 13, 235, -1, 255, 194, 21.4, 28, MSapappa, 197, 27802, 27468, 988, , 27802, 25000, 27792, 27857, 0, 
117, 1, 88, 1, -1, 385, 140, 7.4, 26, ABplppaapa, 227, 28780, 23945, 832, , 28780, 25000, 31954, 32190, 0, 
118, 1, 66, 145, -1, 226, 128, 18.5, 28, ABalpppapp, 104, 27507, 29708, 1080, , 27507, 25000, 27652, 27655, 0, 
119, 1, 2, 96, -1, 214, 351, 9.4, 25, ABarapppaa, 244, 27745, 23084, 832, , 27745, 25000, 27852, 27759, 0, 
120, 1, 354, 347, -1, 379, 175, 6.7, 28, ABplpapapa, 215, 32335, 34404, 1064, , 32335, 25000, 33612, 34123, 0, 
121, 1, 59, 314, -1, 497, 321, 25.2, 34, Cpaaap, 343, 27550, 52676, 1912, , 27550, 25000, 28472, 28444, 0, 
122, 1, 348, 289, -1, 221, 222, 25.9, 30, ABplaaaaap, 258, 27060, 36694, 1356, , 27060, 25000, 28023, 28079, 0, 
123, 1, 255, 260, -1, 258, 350, 9.5, 26, ABprpaaaaa, -109, 27042, 24230, 896, , 27042, 25000, 27964, 28008, 0, 
124, 1, 182, 77, -1, 342, 262, 6.6, 30, ABarapappp, 76, 32417, 37474, 1156, , 32417, 25000, 32863, 32697, 0, 
125, 1, 113, 37, -1, 347, 344, 18.5, 30, MSppppp, 251, 28145, 34675, 1232, , 28145, 25000, 28454, 28457, 0, 
126, 1, 30, 116, -1, 273, 378, 22.2, 27, ABpraapapa, -144, 27408, 23790, 868, , 27408, 25000, 27757, 27639, 0, 
127, 1, 43, 207, -1, 173, 277, 11.3, 27, ABaraaapaa, 214, 28244, 26097, 924, , 28244, 25000, 28059, 28169, 0, 
128, 1, 105, 155, -1, 277, 206, 10.4, 29, ABalpapppa, 246, 28493, 32938, 1156, , 28493, 25000, 28801, 28471, 0, 
129, 1, 115, 265, -1, 437, 167, 14.6, 30, Capaaa, 286, 27207, 31451, 1156, , 27207, 25000, 28957, 28953, 0, 
130, 1, 287, 35, -1, 368, 284, 5.3, 28, ABprpappaa, 237, 36153, 38467, 1064, , 36153, 25000, 34551, 34588, 0, 
131, 1, 52, 243, -1, 485, 382, 13.5, 29, ABprappaap, 25, 27981, 30219, 1080, , 27981, 25000, 27189, 27162, 0, 
132, 1, 266, 206, -1, 320, 126, 22.0, 30, ABplaappap, 112, 27776, 37442, 1348, , 27776, 25000, 28193, 28225, 0, 
133, 1, 250, 222, -1, 332, 117, 14.7, 27, ABplpaappp, -201, 27190, 25124, 924, , 27190, 25000, 27692, 27650, 0, 
134, 1, 297, 175, -1, 344, 159, 12.6, 28, MSappap, 95, 27074, 26749, 988, , 27074, 25000, 28136, 28217, 0, 
135, 1, 12, 65, -1, 437, 125, 10.0, 23, ABplppappa, -264, 28197, 14437, 512, , 28197, 25000, 27993, 27922, 0, 
136, 1, 281, 134, -1, 245, 332, 6.2, 27, ABarapppap, 275, 33252, 28863, 868, , 33252, 25000, 35412, 35574, 0, 
137, 1, 32, 108, -1, 345, 372, 8.4, 27, ABprppaaaa, 250, 27413, 27084, 988, , 27413, 25000, 28960, 29050, 0, 
138, 1, 152, 307, -1, 501, 131, 16.6, 28, ABplappapp, 212, 28982, 28634, 988, , 28982, 25000, 27512, 27525, 0, 
139, 1, 76, 104, -1, 584, 332, 12.9, 28, ABprapappa, 117, 27892, 30347, 1088, , 27892, 25000, 27778, 27838, 0, 
140, 1, 191, 295, -1, 198, 200, 15.5, 27, MSapaaap, 241, 26759, 23976, 896, , 26759, 25000, 28971, 28946, 0, 
141, 1, 60, 44, -1, 307, 376, 18.1, 30, ABpraaappp, 41, 26973, 36576, 1356, , 26973, 25000, 27840, 27937, 0, 
142, 1, 243, 309, -1, 423, 283, 15.5, 32, Earpp, 294, 27420, 39266, 1432, , 27420, 25000, 29218, 29222, 0, 
143, 1, 162, 353, -1, 238, 283, 27.3, 27, ABarpaaapp, 93, 28584, 26412, 924, , 28584, 25000, 28191, 28095, 0, 
144, 1, 360, 363, -1, 170, 352, 14.7, 26, ABalaappap, 228, 27151, 23241, 856, , 27151, 25000, 27307, 27326, 0, 
145, 1, 241, 285, -1, 546, 293, 24.5, 33, Cpaapa, 326, 27336, 44394, 1624, , 27336, 25000, 28027, 28027, 0, 
146, 1, 127, 253, -1, 551, 303, 13.2, 29, Cppppa, 294, 27048, 30077, 1112, , 27048, 25000, 28664, 28688, 0, 
147, 1, 25, 157, -1, 587, 215, 19.8, 34, Caaapp, 339, 28498, 54489, 1912, , 28498, 25000, 28042, 28043, 0, 
148, 1, 101, 8, -1, 223, 271, 24.6, 28, ABarpaaapa, 287, 27584, 27253, 988, , 27584, 25000, 28137, 28204, 0, 
149, 1, 56, 204, -1, 290, 396, 13.7, 27, ABprpaapap, 161, 26824, 24785, 924, , 26824, 25000, 27774, 27875, 0, 
150, 1, 195, 60, -1, 211, 383, 17.7, 26, ABpraaaaap, 279, 27360, 23420, 856, , 27360, 25000, 27654, 27514, 0, 
151, 1, 284, 354, -1, 314, 352, 25.4, 31, ABarpappap, 422, 29108, 38772, 1332, , 29108, 25000, 28798, 28839, 0, 
152, 1, 304, 214, -1, 310, 239, 20.4, 33, Ealaa, 335, 28052, 46005, 1640, , 28052, 25000, 29183, 29170, 0, 
153, 1, 210, 341, -1, 270, 128, 16.6, 28, ABplpaapap, 150, 26877, 26554, 988, , 26877, 25000, 27943, 27993, 0, 
154, 1, 272, 177, -1, 236, 164, 9.0, 28, ABalppapap, 217, 27376, 30880, 1128, , 27376, 25000, 28490, 28535, 0, 
155, 1, 14, 125, -1, 199, 360, 15.1, 26, ABpraaaaaa, 107, 28451, 22761, 800, , 28451, 25000, 27601, 27637, 0, 
156, 1, 256, 151, -1, 288, 155, 20.8, 30, ABalpppppp, 265, 27692, 36554, 1320, , 27692, 25000, 28030, 28055, 0, 
157, 1, 296, 26, -1, 604, 268, 17.2, 31, Cpapap, 317, 27355, 40048, 1464, , 27355, 25000, 28621, 28621, 0, 
158, 1, 322, 327, -1, 402, 361, 24.6, 29, ABarpppaap, 259, 27634, 31945, 1156, , 27634, 25000, 28173, 28161, 0, 
159, 1, 174, 301, -1, 487, 128, 20.7, 29, ABplappapa, 22, 27366, 29227, 1068, , 27366, 25000, 27603, 27624, 0, 
160, 1, 209, 31, -1, 433, 183, 7.9, 26, ABplppppaa, 238, 29089, 23271, 800, , 29089, 25000, 29953, 29837, 0, 
161, 1, 58, 146, -1, 248, 282, 13.0, 29, ABaraapppa, 171, 27708, 34025, 1228, , 27708, 25000, 28256, 28353, 0, 
162, 1, 178, 144, -1, 168, 225, 23.6, 28, ABalapapap, 230, 27945, 27610, 988, , 27945, 25000, 28496, 28607, 0, 
163, 1, 159, 128, -1, 536, 136, 16.6, 28, ABplapapap, -117, 27452, 27123, 988, , 27452, 25000, 28874, 28871, 0, 
164, 1, 298, 179, -1, 288, 260, 17.3, 28, MSaaapp, 252, 28017, 29810, 1064, , 28017, 25000, 28901, 28915, 0, 
165, 1, 6, 232, -1, 305, 131, 16.7, 28, ABplpaappa, 283, 27910, 29696, 1064, , 27910, 25000, 27788, 27801, 0, 
166, 1, 216, 328, -1, 273, 278, 25.9, 29, ABarpaapaa, 270, 28878, 34885, 1208, , 28878, 25000, 28195, 28236, 0, 
167, 1, 309, 255, -1, 395, 336, 12.5, 29, Dpap, 287, 26968, 29125, 1080, , 26968, 25000, 28795, 28797, 0, 
168, 1, 53, 187, -1, 460, 395, 16.6, 28, ABprapaapp, 278, 27166, 26840, 988, , 27166, 25000, 27737, 27717, 0, 
169, 1, 292, 148, -1, 395, 249, 26.5, 33, ABarpaappp, 332, 27632, 44874, 1624, , 27632, 25000, 28224, 28234, 0, 
170, 1, 95, 218, -1, 357, 330, 5.5, 28, ABarappapp, 236, 35564, 38409, 1080, , 35564, 25000, 35753, 35831, 0, 
171, 1, 262, 362, -1, 191, 362, 12.1, 24, ABalaapapa, 193, 27480, 16598, 604, , 27480, 25000, 27311, 27417, 0, 
172, 1, 133, 173, -1, 506, 198, 10.0, 28, Capapp, -140, 27682, 31225, 1128, , 27682, 25000, 28805, 28827, 0, 
173, 1, 231, 182, -1, 519, 176, 23.5, 32, ABarppappa, 304, 27393, 39227, 1432, , 27393, 25000, 27722, 27701, 0, 
174, 1, 327, 115, -1, 142, 327, 16.8, 26, ABalaaappr, 231, 28192, 22441, 796, , 28192, 25000, 27717, 27885, 0, 
175, 1, 41, 197, -1, 235, 186, 13.3, 30, MSapaap, 275, 27520, 35996, 1308, , 27520, 25000, 28273, 28259, 0, 
176, 1, 218, 291, -1, 363, 400, 16.3, 30, ABpraapppa, -45, 27758, 36307, 1308, , 27758, 25000, 28114, 28122, 0, 
177, 1, 238, 58, -1, 373, 151, 22.3, 30, ABplapaaap, 245, 28310, 37030, 1308, , 28310, 25000, 28339, 28441, 0, 
178, 1, 96, 194, -1, 142, 265, 17.1, 25, MSaaaaaa, -156, 27449, 18885, 688, , 27449, 25000, 27548, 27484, 0, 
179, 1, 65, 30, -1, 458, 272, 12.5, 34, Z2, 342, 28229, 47650, 1688, , 28229, 25000, 28811, 28898, 0, 
180, 1, 85, 282, -1, 280, 224, 7.2, 28, ABalpappap, 269, 29444, 30975, 1052, , 29444, 25000, 32674, 32839, 0, 
181, 1, 184, 163, -1, 209, 306, 26.6, 29, ABarpapaaa, 249, 29059, 33592, 1156, , 29059, 25000, 28921, 28974, 0, 
182, 1, 202, 102, -1, 255, 374, 13.1, 27, ABprpaapaa, 267, 27123, 24628, 908, , 27123, 25000, 27683, 27744, 0, 
183, 1, 307, 271, -1, 367, 297, 13.7, 31, Earpa, -148, 27385, 37463, 1368, , 27385, 25000, 29511, 29508, 0, 
184, 1, 305, 216, -1, 509, 331, 8.0, 26, ABprpppaap, -127, 28722, 24471, 852, , 28722, 25000, 29665, 29657, 0, 
185, 1, 337, 276, -1, 565, 159, 18.4, 28, ABarppappp, 255, 28005, 27669, 988, , 28005, 25000, 28026, 28045, 0, 
186, 1, 80, 296, -1, 165, 184, 19.7, 27, ABalapaapp, 256, 26368, 24364, 924, , 26368, 25000, 28467, 28577, 0, 
187, 1, 185, 124, -1, 478, 383, 20.6, 29, ABarppppap, 289, 27355, 31622, 1156, , 27355, 25000, 28006, 28007, 0, 
188, 1, 29, 335, -1, 386, 385, 23.7, 28, ABarpppaaa, 249, 28410, 30228, 1064, , 28410, 25000, 27542, 27683, 0, 
189, 1, 116, 266, -1, 425, 409, 17.9, 26, ABprapaapa, 310, 29261, 23409, 800, , 29261, 25000, 27610, 27550, 0, 
190, 1, 130, 357, -1, 411, 387, 19.3, 30, ABprapaaap, 266, 28498, 37275, 1308, , 28498, 25000, 28406, 28303, 0, 
191, 1, 230, 28, -1, 351, 117, 18.3, 31, ABplaapppa, 372, 28096, 38436, 1368, , 28096, 25000, 28036, 28050, 0, 
192, 1, 110, 154, -1, 589, 290, 11.3, 26, ABprapappp, 423, 28248, 24180, 856, , 28248, 25000, 28453, 28500, 0, 
193, 1, 149, 106, -1, 418, 216, 11.2, 34, Z3, 288, 27531, 52640, 1912, , 27531, 25000, 28599, 28655, 0, 
194, 1, 320, 34, -1, 528, 271, 15.3, 32, Eprpp, 327, 28030, 44400, 1584, , 28030, 25000, 28676, 28695, 0, 
195, 1, 87, 283, -1, 213, 166, 9.0, 26, ABalppapaa, 230, 27027, 23027, 852, , 27027, 25000, 28303, 28520, 0, 
196, 1, 177, 280, -1, 537, 148, 9.2, 26, ABplappppa, 12, 27207, 21657, 796, , 27207, 25000, 28484, 28412, 0, 
197, 1, 169, 12, -1, 247, 154, 18.6, 28, ABalpppppa, 236, 28283, 27944, 988, , 28283, 25000, 28558, 28594, 0, 
198, 1, 22, 169, -1, 241, 143, 14.7, 28, ABplpaapaa, -451, 26621, 28325, 1064, , 26621, 25000, 27838, 27933, 0, 
199, 1, 129, 333, -1, 283, 281, 13.1, 26, ABaraapppp, 213, 29240, 23392, 800, , 29240, 25000, 29162, 29290, 0, 
200, 1, 34, 240, -1, 327, 185, 13.7, 30, MSappaa, 295, 26920, 35211, 1308, , 26920, 25000, 28368, 28423, 0, 
201, 1, 163, 183, -1, 212, 347, 18.1, 27, ABpraaapaa, 218, 27449, 24924, 908, , 27449, 25000, 28086, 28031, 0, 
202, 1, 86, 93, -1, 131, 300, 13.8, 27, ABalaaaarr, 228, 28404, 24655, 868, , 28404, 25000, 27388, 27317, 0, 
203, 1, 23, 278, -1, 310, 406, 18.5, 26, ABpraappaa, 205, 26837, 24046, 896, , 26837, 25000, 27542, 27579, 0, 
204, 1, 165, 63, -1, 438, 335, 18.5, 32, Dppp, 328, 27122, 38839, 1432, , 27122, 25000, 27699, 27699, 0, 
205, 1, 92, 213, -1, 186, 218, 26.0, 29, ABplaaaaaa, -17, 28979, 35586, 1228, , 28979, 25000, 28508, 28759, 0, 
206, 1, 198, 228, -1, 308, 271, 10.5, 28, MSpapaaa, 271, 40369, 43598, 1080, , 40369, 25000, 31356, 31320, 0, 
207, 1, 82, 330, -1, 426, 198, 25.8, 32, ABarppaapa, 320, 28075, 45145, 1608, , 28075, 25000, 28142, 28201, 0, 
208, 1, 151, 209, -1, 357, 217, 11.3, 28, MSaapapp, 271, 36547, 38886, 1064, , 36547, 25000, 29951, 30015, 0, 
209, 1, 38, 261, -1, 569, 341, 15.5, 28, ABprapapap, 176, 27179, 29353, 1080, , 27179, 25000, 28112, 28105, 0, 
210, 1, 251, 121, -1, 345, 237, 15.6, 32, Ealpa, 322, 29487, 43758, 1484, , 29487, 25000, 30278, 30300, 0, 
211, 1, 48, 7, -1, 117, 238, 20.0, 26, ABalapaaaa, 148, 27052, 23048, 852, , 27052, 25000, 27957, 27964, 0, 
212, 1, 16, 19, -1, 440, 267, 26.1, 36, Cpaaaa, 351, 27387, 62332, 2276, , 27387, 25000, 28292, 28287, 0, 
213, 1, 295, 33, -1, 234, 373, 19.6, 28, ABpraaapap, 276, 28904, 28557, 988, , 28904, 25000, 27242, 27272, 0, 
214, 1, 310, 342, -1, 509, 239, 18.6, 32, Eplpa, 202, 26689, 39606, 1484, , 26689, 25000, 28599, 28611, 0, 
215, 1, 321, 340, -1, 415, 294, 6.2, 25, ABprpapapp, 219, 33054, 23270, 704, , 33054, 25000, 33655, 33653, 0, 
216, 1, 131, 94, -1, 160, 298, 16.5, 26, MSpaaaaa, 258, 27979, 25069, 896, , 27979, 25000, 27649, 27611, 0, 
217, 1, 26, 98, -1, 212, 249, 22.1, 29, MSaaaapa, 76, 27671, 33426, 1208, , 27671, 25000, 28295, 28321, 0, 
218, 1, 154, 95, -1, 211, 241, 6.1, 25, ABalpaaaap, 517, 34369, 21859, 636, , 34369, 25000, 34653, 34666, 0, 
219, 1, 329, 345, -1, 415, 329, 6.0, 26, ABprppaapa, 251, 35045, 29858, 852, , 35045, 25000, 33222, 33188, 0, 
220, 1, 349, 274, -1, 304, 174, 9.5, 27, ABplpapaaa, 238, 27290, 24452, 896, , 27290, 25000, 29377, 29338, 0, 
221, 1, 28, 250, -1, 261, 276, 9.5, 29, ABarapaapp, 125, 28691, 30986, 1080, , 28691, 25000, 28878, 28866, 0, 
222, 1, 71, 119, -1, 566, 276, 8.4, 27, ABprappppp, 6, 28411, 28070, 988, , 28411, 25000, 28561, 28517, 0, 
223, 1, 172, 27, -1, 381, 224, 8.2, 29, MSaappa, 137, 28908, 32146, 1112, , 28908, 25000, 30448, 30411, 0, 
224, 1, 306, 147, -1, 454, 362, 9.0, 26, ABprppappa, 246, 26969, 22978, 852, , 26969, 25000, 28484, 28423, 0, 
225, 1, 7, 61, -1, 223, 303, 9.2, 28, ABarapaapa, 82, 28528, 30011, 1052, , 28528, 25000, 29171, 29234, 0, 
226, 1, 258, 101, -1, 603, 215, 16.0, 31, Cpapaa, 290, 26950, 42581, 1580, , 26950, 25000, 29128, 29211, 0, 
227, 1, 122, 85, -1, 305, 167, 6.2, 28, ABalpapapp, 10, 36081, 37957, 1052, , 36081, 25000, 36930, 37102, 0, 
228, 1, 112, 57, -1, 456, 281, 18.7, 32, Eprap, 322, 27249, 43163, 1584, , 27249, 25000, 28065, 28164, 0, 
229, 1, 189, 88, -1, 535, 314, 6.6, 28, ABprpppapa, 257, 33766, 33361, 988, , 33766, 25000, 34545, 35097, 0, 
230, 1, 78, 199, -1, 209, 323, 7.5, 25, ABaraaappp, 235, 29087, 22339, 768, , 29087, 25000, 31326, 31560, 0, 
231, 1, 153, 47, -1, 403, 165, 17.5, 31, Dapa, 312, 28011, 34509, 1232, , 28011, 25000, 28543, 28617, 0, 
232, 1, 289, 263, -1, 468, 215, 10.6, 29, Capaap, 272, 26818, 31002, 1156, , 26818, 25000, 28989, 28998, 0, 
233, 1, 168, 140, -1, 336, 123, 10.5, 27, ABplppaaaa, 38, 27133, 24311, 896, , 27133, 25000, 27521, 27565, 0, 
234, 1, 137, 299, -1, 154, 296, 10.6, 26, ABaraaaaap, 247, 27453, 22841, 832, , 27453, 25000, 27409, 27306, 0, 
235, 1, 57, 6, -1, 204, 147, 17.1, 27, ABalpppapa, 118, 26760, 24298, 908, , 26760, 25000, 28005, 28006, 0, 
236, 1, 68, 139, -1, 444, 331, 13.6, 31, Cppaaa, 298, 28204, 37568, 1332, , 28204, 25000, 28432, 28436, 0, 
237, 1, 264, 332, -1, 305, 291, 5.3, 28, ABarappaap, 63, 35414, 37680, 1064, , 35414, 25000, 34377, 34587, 0, 
238, 1, 233, -1, -1, 359, 127, 12.8, 24, ABplppaaap, -79, 28154, 18469, 656, , 28154, 25000, 27386, 27399, 0, 
239, 1, 187, 62, -1, 179, 259, 16.7, 26, ABaraaaapp, 214, 27516, 23554, 856, , 27516, 25000, 28151, 28072, 0, 
240, 1, 301, 351, -1, 229, 278, 20.6, 27, MSpaaapa, 268, 26744, 26423, 988, , 26744, 25000, 28408, 28494, 0, 
241, 1, 244, 54, -1, 274, 185, 17.4, 28, MSapapap, 211, 28100, 27763, 988, , 28100, 25000, 28390, 28405, 0, 
242, 1, 352, 329, -1, 462, 169, 26.0, 31, ABarppaapp, 251, 28045, 44311, 1580, , 28045, 25000, 28734, 28745, 0, 
243, 1, 286, 227, -1, 259, 192, 27.0, 28, ABplaaapaa, 232, 29027, 32742, 1128, , 29027, 25000, 28902, 28926, 0, 
244, 1, 139, 205, -1, 549, 134, 12.6, 27, ABplapappa, 409, 26991, 26667, 988, , 26991, 25000, 28373, 28424, 0, 
245, 1, 318, 78, -1, 322, 354, 14.7, 30, MSppppa, 258, 27873, 36458, 1308, , 27873, 25000, 27593, 27579, 0, 
246, 1, 108, 203, -1, 552, 181, 7.7, 26, ABplappppp, 251, 28835, 24683, 856, , 28835, 25000, 30919, 30948, 0, 
247, 0, 194, -1, -1, 150, 248, 23.7, 26, , 241, 1356, 24678, 856, , 28829, 25000, 27704, 27473, 0, 
248, 1, 107, 17, -1, 219, 274, 15.8, 28, ABaraappap, 116, 28573, 30059, 1052, , 28573, 25000, 28400, 28475, 0, 
249, 1, 222, 13, -1, 450, 148, 7.9, 25, ABplpppaaa, -392, 27458, 17463, 636, , 27458, 25000, 29682, 29862, 0, 
250, 1, 193, 259, -1, 133, 181, 14.2, 24, ABalppaaaa, 201, 26907, 17651, 656, , 26907, 25000, 27289, 27255, 0, 
251, 1, 315, 292, -1, 510, 186, 16.7, 31, Cappap, 284, 28328, 38753, 1368, , 28328, 25000, 28654, 28632, 0, 
252, 1, 173, 105, -1, 315, 172, 17.6, 31, MSapppa, 407, 27752, 36966, 1332, , 27752, 25000, 28464, 28503, 0, 
253, 1, 253, 21, -1, 178, 225, 7.6, 28, ABalpaaaaa, 150, 30535, 30169, 988, , 30535, 25000, 32957, 33241, 0, 
254, 1, 217, 156, -1, 535, 335, 10.6, 27, ABprapppap, 217, 26652, 26332, 988, , 26652, 25000, 28830, 28820, 0, 
255, 1, 335, 211, -1, 348, 269, 10.2, 27, MSpapapa, 212, 38740, 33626, 868, , 38740, 25000, 30150, 29887, 0, 
256, 1, 135, 133, -1, 163, 176, 11.6, 26, ABalaaaalp, 236, 28191, 23455, 832, , 28191, 25000, 27838, 27846, 0, 
257, 1, 145, 319, -1, 275, 233, 12.4, 28, MSaapaaa, 238, 35587, 35160, 988, , 35587, 25000, 30541, 30585, 0, 
258, 1, 355, 89, -1, 342, 168, 9.1, 26, ABplpapaap, 74, 29311, 23449, 800, , 29311, 25000, 28797, 28816, 0, 
259, 1, 190, 293, -1, 483, 209, 25.5, 33, Caaaaa, 273, 27653, 44909, 1624, , 27653, 25000, 28515, 28504, 0, 
260, 1, 81, 217, -1, 492, 138, 13.3, 27, ABplapppaa, 223, 26867, 24825, 924, , 26867, 25000, 27778, 27650, 0, 
261, 1, 323, 298, -1, 190, 310, 23.3, 27, ABalapppap, 229, 28303, 26152, 924, , 28303, 25000, 28207, 28235, 0, 
262, 1, 117, 195, -1, 322, 326, 8.6, 27, ABprpapaaa, 207, 27782, 27449, 988, , 27782, 25000, 28949, 29010, 0, 
263, 1, 20, 99, -1, 426, 332, 26.2, 34, ABarpppapa, 320, 28253, 54020, 1912, , 28253, 25000, 28242, 28248, 0, 
264, 1, 146, 356, -1, 470, 353, 23.7, 31, ABarpppapp, 313, 27233, 37255, 1368, , 27233, 25000, 28415, 28419, 0, 
265, 1, 308, 127, -1, 512, 249, 25.5, 32, Caaaap, 308, 28166, 40333, 1432, , 28166, 25000, 28160, 28163, 0, 
266, 1, 61, 75, -1, 244, 341, 14.9, 25, MSppapaa, 256, 28172, 19382, 688, , 28172, 25000, 28035, 28048, 0, 
267, 1, 226, 48, -1, 220, 166, 25.2, 32, ABplaapaap, 274, 26994, 43406, 1608, , 26994, 25000, 28815, 28802, 0, 
268, 1, 27, 320, -1, 320, 194, 25.4, 29, ABplaaappa, 249, 27734, 32060, 1156, , 27734, 25000, 27879, 27818, 0, 
269, 1, 303, 317, -1, 323, 210, 9.1, 31, ABalpapppp, 279, 27628, 40890, 1480, , 27628, 25000, 28993, 28948, 0, 
270, 1, 274, 360, -1, 281, 345, 15.1, 26, MSppapap, 265, 27070, 21656, 800, , 27070, 25000, 27567, 27560, 0, 
271, 1, 343, 55, -1, 263, 151, 9.2, 28, ABalppappa, 246, 27506, 28936, 1052, , 27506, 25000, 28149, 28271, 0, 
272, 1, 124, 130, -1, 255, 244, 22.7, 29, MSaaaapp, 179, 27055, 28895, 1068, , 27055, 25000, 28234, 28327, 0, 
273, 1, 90, 290, -1, 571, 154, 14.4, 28, ABplapappp, -154, 27654, 27322, 988, , 27654, 25000, 28098, 28130, 0, 
274, 1, 138, 273, -1, 283, 347, 26.2, 28, ABarpappaa, 117, 28542, 30026, 1052, , 28542, 25000, 28661, 28753, 0, 
275, 1, 3, 29, -1, 184, 292, 14.9, 26, ABaraappaa, 102, 28808, 23046, 800, , 28808, 25000, 27602, 27575, 0, 
276, 1, 356, 52, -1, 258, 235, 19.0, 29, MSaaapap, 276, 29090, 35722, 1228, , 29090, 25000, 28465, 28495, 0, 
277, 1, 13, 10, -1, 302, 206, 21.4, 29, MSapappp, 187, 28093, 32475, 1156, , 28093, 25000, 27955, 27999, 0, 
278, 1, 50, 152, -1, 511, 149, 11.0, 27, ABplapppap, 242, 27648, 28533, 1032, , 27648, 25000, 28321, 28431, 0, 
279, 1, 10, 215, -1, 425, 240, 8.6, 30, MSpappa, 269, 28316, 32733, 1156, , 28316, 25000, 29026, 29173, 0, 
280, 1, 290, 150, -1, 421, 223, 6.0, 27, ABplpapppa, 276, 32743, 33791, 1032, , 32743, 25000, 33692, 33949, 0, 
281, 1, 148, 158, -1, 386, 312, 6.7, 27, ABprpapapa, 144, 32805, 30312, 924, , 32805, 25000, 32611, 32568, 0, 
282, 1, 183, 168, -1, 436, 264, 6.5, 28, ABprpapppa, 283, 33252, 35912, 1080, , 33252, 25000, 33861, 33985, 0, 
283, 1, 118, 284, -1, 434, 383, 22.7, 30, ABarppppaa, 267, 27067, 35403, 1308, , 27067, 25000, 27702, 27683, 0, 
284, 1, 313, 294, -1, 306, 366, 21.6, 30, ABpraapapp, 295, 27838, 32181, 1156, , 27838, 25000, 28492, 28572, 0, 
285, 1, 330, 306, -1, 564, 221, 7.4, 29, Cpappv, 279, 28707, 33185, 1156, , 28707, 25000, 32543, 32619, 0, 
286, 1, 208, 161, -1, 480, 153, 8.6, 28, ABplpppaap, 145, 28810, 28464, 988, , 28810, 25000, 28238, 28298, 0, 
287, 1, 45, 76, -1, 183, 150, 12.4, 24, ABalppaapa, 73, 27186, 19030, 700, , 27186, 25000, 27642, 27634, 0, 
288, 1, 267, 149, -1, 385, 363, 7.9, 28, ABprppapaa, 238, 27330, 29735, 1088, , 27330, 25000, 30077, 30068, 0, 
289, 1, 91, 221, -1, 233, 325, 12.4, 27, MSppaaap, 243, 26091, 25778, 988, , 26091, 25000, 27963, 27962, 0, 
290, 1, 336, 110, -1, 142, 329, 21.4, 29, ABalappapa, 188, 27334, 31598, 1156, , 27334, 25000, 27741, 27770, 0, 
291, 1, 265, 97, -1, 271, 157, 24.4, 31, ABplaapapp, 313, 28616, 38117, 1332, , 28616, 25000, 28332, 28346, 0, 
292, 1, 220, 315, -1, 484, 310, 6.3, 28, ABprppppap, 244, 31118, 33110, 1064, , 31118, 25000, 33494, 33781, 0, 
293, 1, 331, 64, -1, 513, 285, 10.3, 30, Cppapp, 242, 27824, 36394, 1308, , 27824, 25000, 28921, 28925, 0, 
294, 1, 261, 162, -1, 515, 228, 6.8, 28, ABplpppppp, 217, 31910, 33569, 1052, , 31910, 25000, 32748, 32718, 0, 
295, 1, 42, 191, -1, 303, 308, 25.0, 30, ABarpapapp, 305, 28666, 38642, 1348, , 28666, 25000, 28159, 28163, 0, 
296, 1, 141, 83, -1, 537, 194, 11.2, 29, Capppp, 144, 27369, 30434, 1112, , 27369, 25000, 29288, 29297, 0, 
297, 1, 212, 159, -1, 156, 351, 18.5, 28, ABalaapppa, 199, 26576, 28702, 1080, , 26576, 25000, 27341, 27364, 0, 
298, 1, 158, 122, -1, 228, 171, 21.2, 28, ABalppppap, -143, 26851, 28247, 1052, , 26851, 25000, 28726, 28940, 0, 
299, 1, 224, 59, -1, 376, 387, 10.2, 24, ABprppaaap, 192, 28739, 18853, 656, , 28739, 25000, 27991, 28026, 0, 
300, 1, 291, 32, -1, 340, 337, 24.7, 29, ABarpapppa, 275, 28650, 30598, 1068, , 28650, 25000, 28638, 28688, 0, 
301, 1, 103, 50, -1, 247, 237, 7.4, 26, ABalpappaa, 200, 27912, 23223, 832, , 27912, 25000, 32038, 32012, 0, 
302, 1, 211, 331, -1, 294, 180, 25.8, 27, ABplaaapap, 266, 29409, 25527, 868, , 29409, 25000, 28150, 28151, 0, 
303, 1, 121, 184, -1, 315, 356, 7.7, 27, ABarappppp, 253, 29399, 27165, 924, , 29399, 25000, 30760, 31111, 0, 
304, 1, 228, 189, -1, 127, 308, 19.0, 26, ABalaaappl, -26, 26775, 22812, 852, , 26775, 25000, 27817, 27794, 0, 
305, 1, 252, 355, -1, 497, 277, 6.6, 28, ABprpppppa, 423, 31788, 31407, 988, , 31788, 25000, 31540, 31600, 0, 
306, 1, 136, 201, -1, 243, 145, 12.2, 27, ABplpaaaaa, 254, 27023, 23456, 868, , 27023, 25000, 27484, 27618, 0, 
307, 1, 206, 288, -1, 571, 320, 9.8, 32, ABprappppa, -251, 28029, 45071, 1608, , 28029, 25000, 28285, 28300, 0, 
308, 1, 51, 186, -1, 198, 198, 21.3, 27, ABalapappa, 261, 28246, 26099, 924, , 28246, 25000, 28149, 28125, 0, 
309, 1, 302, 313, -1, 548, 217, 23.4, 34, Caaapa, 294, 27220, 48452, 1780, , 27220, 25000, 28825, 28828, 0, 
310, 1, 273, 174, -1, 243, 211, 5.3, 27, ABalpapaap, 86, 37113, 34292, 924, , 37113, 25000, 37388, 37749, 0, 
311, 1, 300, 73, -1, 309, 143, 8.9, 27, ABalppappp, 59, 28161, 25570, 908, , 28161, 25000, 29896, 30030, 0, 
312, 1, 294, 171, -1, 362, 366, 22.9, 29, ABarpapppp, 235, 27127, 32770, 1208, , 27127, 25000, 27853, 27830, 0, 
313, 1, 254, 272, -1, 469, 338, 7.1, 28, ABprpppaaa, 218, 29314, 31894, 1088, , 29314, 25000, 31780, 32165, 0, 
314, 1, 280, 43, -1, 443, 339, 6.4, 27, ABprppaapp, 222, 31903, 31520, 988, , 31903, 25000, 31830, 32073, 0, 
315, 1, 77, 67, -1, 325, 279, 13.4, 30, MSpapaap, 260, 39331, 45467, 1156, , 39331, 25000, 31733, 31468, 0, 
316, 1, 47, 257, -1, 181, 250, 25.8, 28, ABarpaaaap, 200, 27570, 29004, 1052, , 27570, 25000, 28759, 28758, 0, 
317, 1, 319, 81, -1, 185, 351, 18.7, 28, ABalaapppp, 237, 28058, 29854, 1064, , 28058, 25000, 27998, 28020, 0, 
318, 1, 181, 40, -1, 410, 287, 19.9, 32, Epraa, 317, 28345, 44671, 1576, , 28345, 25000, 28361, 28390, 0, 
319, 1, 326, 337, -1, 277, 306, 15.8, 27, MSpaapap, 273, 27911, 24227, 868, , 27911, 25000, 27968, 27968, 0, 
320, 1, 171, 5, -1, 403, 398, 12.9, 31, ABpraapppp, 309, 29126, 43106, 1480, , 29126, 25000, 28448, 28420, 0, 
321, 1, 170, 352, -1, 360, 220, 27.0, 30, ABarppaaaa, 273, 28484, 38397, 1348, , 28484, 25000, 28415, 28409, 0, 
322, 1, 325, 234, -1, 476, 182, 14.6, 30, Capapa, 272, 28564, 33020, 1156, , 28564, 25000, 29164, 29218, 0, 
323, 1, 15, 56, -1, 390, 185, 25.7, 30, ABarppaaap, 300, 27339, 35760, 1308, , 27339, 25000, 28459, 28438, 0, 
324, 1, 176, 112, -1, 272, 263, 6.1, 26, ABarapapaa, 242, 33569, 26855, 800, , 33569, 25000, 33755, 33358, 0, 
325, 1, 17, 22, -1, 248, 146, 22.3, 28, ABplaapapa, 263, 26571, 28272, 1064, , 26571, 25000, 28526, 28704, 0, 
326, 1, 201, 223, -1, 303, 224, 15.5, 29, MSaapaap, 283, 37241, 40220, 1080, , 37241, 25000, 29728, 29740, 0, 
327, 1, 63, 137, -1, 176, 252, 13.6, 27, ABaraapaaa, 226, 27437, 27108, 988, , 27437, 25000, 28280, 28608, 0, 
328, 1, 342, 120, -1, 266, 313, 24.8, 29, ABarpapapa, 233, 26827, 29832, 1112, , 26827, 25000, 27839, 27905, 0, 
329, 1, 67, 123, -1, 166, 166, 14.6, 27, ABalppaaap, 271, 27590, 27259, 988, , 27590, 25000, 27730, 27642, 0, 
330, 1, 97, 160, -1, 191, 325, 13.2, 26, MSppaaaa, 218, 28084, 22355, 796, , 28084, 25000, 27752, 27774, 0, 
331, 1, 142, 303, -1, 315, 320, 13.1, 29, MSpppaa, 242, 27208, 32867, 1208, , 27208, 25000, 27848, 27891, 0, 
332, 1, 347, 80, -1, 287, 227, 26.2, 30, ABplaaaapp, 302, 28339, 37408, 1320, , 28339, 25000, 28178, 28202, 0, 
333, 1, 225, 49, -1, 253, 238, 26.0, 29, ABplaaaapa, 272, 26735, 32830, 1228, , 26735, 25000, 28310, 28393, 0, 
334, 1, 227, 202, -1, 199, 158, 20.5, 28, ABalppppaa, 342, 27143, 29314, 1080, , 27143, 25000, 27744, 27898, 0, 
335, 1, 299, 275, -1, 435, 182, 19.5, 33, Dapp, 338, 26964, 43789, 1624, , 26964, 25000, 28629, 28615, 0, 
336, 1, 338, 359, -1, 490, 252, 5.1, 27, ABprpapppp, 257, 32954, 29922, 908, , 32954, 25000, 33383, 33399, 0, 
337, 1, 192, 324, -1, 279, 118, 20.5, 27, ABplaappaa, 199, 26787, 24001, 896, , 26787, 25000, 27953, 27976, 0, 
338, 1, 134, 258, -1, 238, 310, 16.8, 27, MSpaapaa, 239, 27861, 24183, 868, , 27861, 25000, 27743, 27712, 0, 
339, 1, 109, 244, -1, 212, 201, 10.2, 25, ABalpaaapa, 226, 26001, 18305, 704, , 26001, 25000, 28676, 28705, 0, 
340, 1, 89, 245, -1, 391, 167, 14.1, 30, Daap, 287, 26679, 36177, 1356, , 26679, 25000, 28856, 28981, 0, 
341, 1, 46, 233, -1, 173, 332, 21.1, 26, ABalappapp, 230, 27146, 21717, 800, , 27146, 25000, 28197, 28165, 0, 
342, 1, 357, 86, -1, 196, 230, 10.3, 29, ABalpaapap, -155, 27907, 29805, 1068, , 27907, 25000, 28151, 28210, 0, 
343, 1, 188, 343, -1, 218, 367, 12.5, 26, ABalaapapp, 227, 27202, 24373, 896, , 27202, 25000, 27512, 27637, 0, 
344, 0, 5, -1, -1, 520, 190, 6.5, 23, , 198, 394, 21705, 632, , 34343, 25000, 34005, 33949, 0, 
345, 1, 219, 281, -1, 304, 327, 5.3, 28, ABarappapa, 268, 35321, 37582, 1064, , 35321, 25000, 36042, 36192, 0, 
346, 1, 269, 338, -1, 528, 178, 15.1, 30, Capppa, 279, 28556, 38722, 1356, , 28556, 25000, 28671, 28699, 0, 
347, 1, 106, 251, -1, 418, 377, 8.6, 27, ABprppapap, 243, 27254, 26927, 988, , 27254, 25000, 28418, 28382, 0, 
348, 1, 73, 229, -1, 257, 335, 18.9, 28, MSppappa, 191, 27301, 29704, 1088, , 27301, 25000, 27816, 27796, 0, 
349, 1, 75, 322, -1, 581, 267, 21.5, 35, Cpaapp, 344, 28090, 55731, 1984, , 28090, 25000, 28307, 28307, 0, 
350, 1, 140, 71, -1, 461, 191, 6.4, 29, ABplppppap, 295, 31737, 36688, 1156, , 31737, 25000, 32413, 32329, 0, 
351, 1, 93, 358, -1, 590, 189, 13.5, 30, Caappd, 293, 26667, 32854, 1232, , 26667, 25000, 28784, 28856, 0, 
352, 1, 235, 16, -1, 584, 192, 9.3, 26, Caappv, 840, 26682, 22840, 856, , 26682, 25000, 27448, 27481, 0, 
353, 0, 242, -1, -1, 339, 308, 18.9, 27, , 228, 3207, 29057, 908, , 32001, 25000, 28683, 28794, 0, 
354, 1, 345, 84, -1, 340, 396, 20.2, 30, ABpraappap, 267, 26880, 35482, 1320, , 26880, 25000, 27803, 27825, 0, 
355, 1, 311, 9, -1, 574, 220, 10.5, 28, Caapa, 280, 27197, 29373, 1080, , 27197, 25000, 28989, 29095, 0, 
356, 1, 239, 236, -1, 264, 335, 22.4, 27, ABalappppp, 135, 26868, 26546, 988, , 26868, 25000, 27781, 27854, 0, 
357, 1, 37, 126, -1, 117, 281, 19.5, 24, ABalappaaa, 41, 26859, 20628, 768, , 26859, 25000, 27313, 27254, 0, 
358, 1, 353, 92, -1, 238, 200, 23.8, 27, ABalapappp, 196, 27770, 24104, 868, , 27770, 25000, 27891, 27841, 0, 
359, 1, 221, 118, -1, 214, 330, 21.8, 27, ABalappppa, 127, 27243, 23647, 868, , 27243, 25000, 27528, 27474, 0, 
360, 1, 324, 172, -1, 485, 323, 14.7, 30, Cppapa, -104, 28164, 36839, 1308, , 28164, 25000, 28715, 28726, 0, 
361, 1, 126, 193, -1, 416, 147, 24.8, 29, ABarppapaa, 91, 27986, 31120, 1112, , 27986, 25000, 28858, 28831, 0, 
362, 1, 358, 117, -1, 500, 177, 6.4, 31, ABplpppapa, 88, 31477, 41928, 1332, , 31477, 25000, 34683, 34777, 0, 
363, 0, 362, -1, -1, 88, 263, 14.7, 26, , 167, 1328, 23916, 856, , 27939, 25000, 26737, 26611, 0, 
