1, 1, 117, 152, -1, 387, 142, 7.5, 26, ABplppaapa, 434, 28436, 25479, 896, , 28436, 25000, 31638, 32093, 0, 
2, 1, 23, 190, -1, 275, 279, 20.5, 31, MSpaaapp, 299, 27860, 34323, 1232, , 27860, 25000, 28228, 28243, 0, 
3, 1, 29, 238, -1, 159, 294, 22.3, 29, ABalapppaa, 247, 28037, 29943, 1068, , 28037, 25000, 28549, 28542, 0, 
4, 1, 42, 70, -1, 181, 172, 23.9, 29, ABplaapaaa, 494, 28111, 33958, 1208, , 28111, 25000, 27847, 27745, 0, 
5, 1, 320, 335, -1, 403, 398, 13.1, 30, ABpraapppp, 280, 26631, 36112, 1356, , 26631, 25000, 27948, 27952, 0, 
6, 1, 235, 206, -1, 201, 147, 16.7, 27, ABalpppapa, 169, 26247, 24252, 924, , 26247, 25000, 28230, 28316, 0, 
7, 1, 211, 55, -1, 116, 237, 19.7, 26, ABalapaaaa, 244, 26780, 22924, 856, , 26780, 25000, 27345, 27441, 0, 
8, 1, 148, 34, -1, 227, 267, 24.5, 29, ABarpaaapa, 280, 28665, 30958, 1080, , 28665, 25000, 27926, 27933, 0, 
9, 1, 355, 75, -1, 571, 221, 10.2, 29, Caapa, 283, 27313, 30372, 1112, , 27313, 25000, 28628, 28860, 0, 
10, 1, 277, 337, -1, 303, 199, 20.8, 30, MSapappp, 207, 28384, 37467, 1320, , 28384, 25000, 27623, 27602, 0, 
11, 1, 37, 319, -1, 352, 171, 17.8, 30, Daaa, 275, 27061, 35720, 1320, , 27061, 25000, 28477, 28417, 0, 
12, 1, 197, 297, -1, 247, 155, 18.6, 28, ABalpppppa, 241, 27722, 27389, 988, , 27722, 25000, 28066, 28138, 0, 
13, 1, 249, 61, -1, 450, 147, 7.6, 26, ABplpppaaa, 79, 27828, 23153, 832, , 27828, 25000, 31022, 31299, 0, 
14, 1, 75, 138, -1, 131, 211, 12.5, 26, ABalaaaala, 242, 26411, 23664, 896, , 26411, 25000, 27582, 27596, 0, 
15, 1, 81, 1, -1, 394, 122, 22.2, 27, ABplapaapa, 240, 28685, 24899, 868, , 28685, 25000, 27636, 27601, 0, 
16, 1, 352, 325, -1, 583, 195, 9.2, 26, Caappv, 217, 27087, 21561, 796, , 27087, 25000, 27722, 27648, 0, 
17, 1, 248, 33, -1, 222, 279, 15.6, 28, ABaraappap, -26, 26715, 26394, 988, , 26715, 25000, 28052, 28081, 0, 
18, 1, 49, 350, -1, 365, 288, 25.7, 32, ABarpaappa, 309, 28498, 45141, 1584, , 28498, 25000, 28726, 28726, 0, 
19, 1, 212, 3, -1, 444, 265, 25.8, 35, Cpaaaa, 352, 27784, 55901, 2012, , 27784, 25000, 27812, 27823, 0, 
20, 1, 84, 221, -1, 539, 291, 7.2, 23, ABprpppapp, 67, 28822, 15564, 540, , 28822, 25000, 32256, 32704, 0, 
21, 1, 253, 301, -1, 180, 224, 7.7, 27, ABalpaaaaa, 224, 30321, 28017, 924, , 30321, 25000, 31803, 31995, 0, 
22, 1, 325, 157, -1, 247, 146, 22.4, 28, ABplaapapa, 109, 27454, 27125, 988, , 27454, 25000, 27796, 27961, 0, 
23, 1, 21, 270, -1, 146, 343, 13.9, 24, ABalaappaa, 209, 26189, 15818, 604, , 26189, 25000, 27512, 27529, 0, 
24, 1, 44, 283, -1, 444, 386, 12.6, 27, ABprappaaa, -86, 27408, 27079, 988, , 27408, 25000, 27575, 27577, 0, 
25, 1, 15, 49, -1, 355, 196, 21.3, 31, MSapppp, 246, 27241, 37266, 1368, , 27241, 25000, 28021, 27999, 0, 
26, 1, 157, 92, -1, 604, 269, 17.3, 31, Cpapap, 313, 27270, 37306, 1368, , 27270, 25000, 27985, 27989, 0, 
27, 1, 223, 96, -1, 381, 224, 8.2, 29, MSaappa, 291, 28591, 31793, 1112, , 28591, 25000, 30925, 30860, 0, 
28, 1, 191, 95, -1, 352, 117, 18.4, 31, ABplaapppa, 269, 27505, 36637, 1332, , 27505, 25000, 28194, 28142, 0, 
29, 1, 275, 101, -1, 187, 294, 15.1, 26, ABaraappaa, 363, 27730, 22184, 800, , 27730, 25000, 28759, 28604, 0, 
30, 1, 179, 354, -1, 453, 274, 12.4, 33, Z2, 331, 27241, 44675, 1640, , 27241, 25000, 28360, 28397, 0, 
31, 1, 160, 172, -1, 435, 183, 7.7, 27, ABplppppaa, 230, 27768, 25658, 924, , 27768, 25000, 29188, 29086, 0, 
32, 1, 300, 349, -1, 344, 337, 25.4, 30, ABarpapppa, 254, 28523, 32973, 1156, , 28523, 25000, 28267, 28289, 0, 
33, 1, 213, 2, -1, 231, 371, 19.6, 27, ABpraaapap, 228, 26691, 26371, 988, , 26691, 25000, 27357, 27377, 0, 
34, 1, 194, 125, -1, 531, 269, 15.2, 33, Eprpp, 318, 27246, 47517, 1744, , 27246, 25000, 28677, 28704, 0, 
35, 1, 130, 86, -1, 367, 284, 5.3, 29, ABprpappaa, 286, 35518, 37933, 1068, , 35518, 25000, 33618, 33580, 0, 
36, 1, 114, 82, -1, 275, 125, 14.5, 27, ABplpaaapa, 151, 26890, 24093, 896, , 26890, 25000, 27870, 27996, 0, 
37, 1, 125, 53, -1, 348, 340, 18.4, 30, MSppppp, 267, 27069, 31292, 1156, , 27069, 25000, 27975, 27999, 0, 
38, 1, 72, 18, -1, 461, 124, 16.8, 27, ABplappaap, 252, 27949, 24260, 868, , 27949, 25000, 27910, 27920, 0, 
39, 1, 41, 279, -1, 449, 307, 5.7, 28, ABprppppaa, 218, 36148, 38462, 1064, , 36148, 25000, 33712, 33346, 0, 
40, 1, 318, 154, -1, 406, 286, 20.1, 34, Epraa, 320, 28058, 55443, 1976, , 28058, 25000, 28192, 28164, 0, 
41, 1, 67, 268, -1, 208, 141, 13.7, 27, ABalppaapp, 145, 26897, 24853, 924, , 26897, 25000, 27785, 27844, 0, 
42, 0, 5, -1, -1, 88, 262, 16.7, 29, , -162, 2759, 31448, 1068, , 29446, 25000, 26837, 26687, 0, 
43, 1, 314, 111, -1, 442, 344, 6.4, 27, ABprppaapp, 232, 31150, 30776, 988, , 31150, 25000, 33107, 33705, 0, 
44, 1, 141, 20, -1, 306, 373, 18.4, 30, ABpraaappp, 272, 27869, 32216, 1156, , 27869, 25000, 27911, 27967, 0, 
45, 1, 64, 22, -1, 265, 228, 15.4, 29, ABaraapapp, 195, 28279, 32691, 1156, , 28279, 25000, 29564, 29520, 0, 
46, 1, 100, 274, -1, 307, 132, 13.7, 27, ABplpaaapp, 254, 26601, 24579, 924, , 26601, 25000, 27852, 27931, 0, 
47, 1, 231, 320, -1, 405, 167, 17.5, 30, Dapa, 81, 27131, 33426, 1232, , 27131, 25000, 28033, 28066, 0, 
48, 1, 267, 39, -1, 218, 164, 25.3, 32, ABplaapaap, 275, 27886, 44172, 1584, , 27886, 25000, 28497, 28511, 0, 
49, 1, 333, 155, -1, 257, 235, 25.8, 29, ABplaaaapa, 259, 27440, 30513, 1112, , 27440, 25000, 28296, 28243, 0, 
50, 1, 301, 281, -1, 247, 232, 7.5, 26, ABalpappaa, 266, 28560, 25590, 896, , 28560, 25000, 31110, 30937, 0, 
51, 1, 22, 38, -1, 200, 350, 24.1, 29, ABpraapaaa, 271, 26736, 32297, 1208, , 26736, 25000, 27899, 27924, 0, 
52, 1, 276, 363, -1, 263, 228, 18.5, 30, MSaaapap, 274, 27843, 34302, 1232, , 27843, 25000, 28762, 28800, 0, 
53, 1, 82, 47, -1, 279, 331, 8.0, 26, ABarappppa, 213, 26808, 22840, 852, , 26808, 25000, 30013, 30137, 0, 
54, 1, 241, 185, -1, 273, 185, 17.5, 27, MSapapap, 277, 26953, 24150, 896, , 26953, 25000, 27824, 27798, 0, 
55, 1, 271, 202, -1, 268, 146, 9.5, 28, ABalppappa, 230, 27319, 29505, 1080, , 27319, 25000, 28375, 28526, 0, 
56, 1, 323, 78, -1, 393, 180, 26.0, 31, ABarppaaap, 259, 27584, 43582, 1580, , 27584, 25000, 28709, 28680, 0, 
57, 1, 228, 306, -1, 457, 283, 18.5, 32, Eprap, 307, 28300, 40525, 1432, , 28300, 25000, 28053, 28107, 0, 
58, 1, 177, 168, -1, 375, 150, 22.3, 31, ABplapaaap, 269, 27594, 37748, 1368, , 27594, 25000, 28118, 27964, 0, 
59, 1, 299, 156, -1, 367, 390, 10.3, 24, ABprppaaap, 228, 27824, 19588, 704, , 27824, 25000, 27597, 27564, 0, 
60, 1, 150, 146, -1, 209, 380, 17.5, 26, ABpraaaaap, -34, 27536, 24672, 896, , 27536, 25000, 27367, 27397, 0, 
61, 1, 225, 222, -1, 227, 304, 9.2, 28, ABarapaapa, 125, 28623, 30111, 1052, , 28623, 25000, 29006, 29177, 0, 
62, 1, 239, 71, -1, 180, 260, 16.8, 26, ABaraaaapp, 257, 27408, 21817, 796, , 27408, 25000, 28140, 28230, 0, 
63, 1, 204, 116, -1, 438, 335, 18.4, 33, Dppp, 328, 28053, 46007, 1640, , 28053, 25000, 28101, 28098, 0, 
64, 1, 293, 214, -1, 510, 284, 10.1, 29, Cppapp, 235, 28378, 34281, 1208, , 28378, 25000, 28577, 28600, 0, 
65, 1, 135, 311, -1, 438, 125, 9.9, 26, ABplppappa, 155, 27440, 21952, 800, , 27440, 25000, 27826, 27788, 0, 
66, 1, 20, 5, -1, 158, 205, 9.8, 26, ABalpaappa, 23, 28001, 22289, 796, , 28001, 25000, 28480, 28432, 0, 
67, 1, 315, 358, -1, 328, 277, 13.3, 29, MSpapaap, 291, 37916, 40494, 1068, , 37916, 25000, 31822, 31669, 0, 
68, 1, 24, 105, -1, 346, 154, 22.7, 30, ABplapaaaa, 275, 28739, 37591, 1308, , 28739, 25000, 27715, 27663, 0, 
69, 1, 74, 150, -1, 143, 267, 14.0, 25, ABaraaaapa, 216, 26983, 20615, 764, , 26983, 25000, 27669, 27728, 0, 
70, 1, 83, 187, -1, 512, 353, 11.6, 27, ABprapppaa, 258, 26366, 26050, 988, , 26366, 25000, 27990, 28021, 0, 
71, 1, 350, 220, -1, 460, 187, 6.2, 29, ABplppppap, 258, 32701, 36363, 1112, , 32701, 25000, 32274, 32380, 0, 
72, 1, 36, 239, -1, 261, 303, 5.8, 26, ABarappaaa, 216, 37704, 30012, 796, , 37704, 25000, 35620, 35613, 0, 
73, 1, 311, 128, -1, 307, 140, 9.1, 27, ABalppappp, 86, 28834, 26181, 908, , 28834, 25000, 28309, 28455, 0, 
74, 1, 35, 243, -1, 291, 284, 7.9, 25, ABarapappa, -10, 27726, 17634, 636, , 27726, 25000, 30706, 30531, 0, 
75, 1, 266, 29, -1, 247, 341, 15.0, 25, MSppapaa, 100, 27486, 20999, 764, , 27486, 25000, 28368, 28445, 0, 
76, 1, 287, 263, -1, 189, 150, 12.3, 24, ABalppaapa, 209, 28490, 20057, 704, , 28490, 25000, 27208, 27290, 0, 
77, 1, 124, 230, -1, 340, 265, 6.7, 30, ABarapappp, 295, 31316, 40961, 1308, , 31316, 25000, 32887, 32972, 0, 
78, 1, 245, 131, -1, 322, 353, 14.8, 29, MSppppa, 297, 26677, 29665, 1112, , 26677, 25000, 27677, 27687, 0, 
79, 1, 63, 178, -1, 534, 145, 20.6, 30, ABplapapaa, 289, 27241, 31491, 1156, , 27241, 25000, 27664, 27567, 0, 
80, 1, 332, 103, -1, 291, 224, 26.3, 28, ABplaaaapp, 219, 28600, 30430, 1064, , 28600, 25000, 28078, 28116, 0, 
81, 1, 317, 186, -1, 184, 352, 18.4, 29, ABalaapppp, -189, 26712, 30879, 1156, , 26712, 25000, 27792, 27902, 0, 
82, 1, 69, 124, -1, 514, 227, 12.7, 32, Eplpp, 313, 28098, 44507, 1584, , 28098, 25000, 28594, 28594, 0, 
83, 1, 296, 194, -1, 536, 195, 11.2, 28, Capppp, 273, 27965, 29419, 1052, , 27965, 25000, 28950, 29014, 0, 
84, 1, 354, 129, -1, 343, 394, 20.5, 29, ABpraappap, 277, 27715, 29932, 1080, , 27715, 25000, 27585, 27481, 0, 
85, 1, 227, 295, -1, 309, 164, 6.3, 28, ABalpapapp, 345, 36266, 38587, 1064, , 36266, 25000, 36415, 36578, 0, 
86, 1, 342, 74, -1, 200, 232, 10.3, 29, ABalpaapap, 290, 27615, 29493, 1068, , 27615, 25000, 28449, 28546, 0, 
87, 1, 47, 113, -1, 265, 397, 17.4, 28, ABpraaaapp, 265, 27554, 27223, 988, , 27554, 25000, 27024, 27066, 0, 
88, 1, 229, 357, -1, 534, 315, 6.6, 29, ABprpppapa, 226, 32674, 37771, 1156, , 32674, 25000, 33154, 33776, 0, 
89, 1, 258, 286, -1, 342, 163, 9.4, 27, ABplpapaap, 230, 29039, 28691, 988, , 29039, 25000, 29568, 29572, 0, 
90, 1, 27, 266, -1, 481, 227, 7.4, 29, ABplpppppa, 288, 30086, 34779, 1156, , 30086, 25000, 31592, 31400, 0, 
91, 1, 57, 278, -1, 156, 211, 14.7, 25, MSapaaaa, 212, 28560, 21820, 764, , 28560, 25000, 28253, 28283, 0, 
92, 1, 358, 26, -1, 235, 200, 24.6, 27, ABalapappp, 272, 28029, 27693, 988, , 28029, 25000, 28327, 28267, 0, 
93, 1, 202, 198, -1, 132, 303, 13.8, 26, ABalaaaarr, 557, 27062, 21541, 796, , 27062, 25000, 26905, 26911, 0, 
94, 1, 216, 188, -1, 162, 295, 16.8, 26, MSpaaaaa, 754, 28283, 22513, 796, , 28283, 25000, 28037, 28102, 0, 
95, 1, 218, 58, -1, 214, 241, 6.2, 26, ABalpaaaap, 235, 34533, 27488, 796, , 34533, 25000, 34763, 34791, 0, 
96, 1, 119, 46, -1, 220, 351, 9.0, 25, ABarapppaa, 245, 27137, 20733, 764, , 27137, 25000, 28399, 28396, 0, 
97, 1, 291, 161, -1, 269, 160, 24.4, 30, ABplaapapp, 237, 26906, 31103, 1156, , 26906, 25000, 28286, 28292, 0, 
98, 1, 217, 17, -1, 217, 246, 22.1, 29, MSaaaapa, 274, 27469, 33183, 1208, , 27469, 25000, 28207, 28204, 0, 
99, 1, 263, 31, -1, 425, 328, 26.0, 33, ABarpppapa, 333, 28004, 50632, 1808, , 28004, 25000, 28345, 28407, 0, 
100, 1, 85, 184, -1, 584, 306, 18.4, 30, ABarpppppp, 241, 27512, 31804, 1156, , 27512, 25000, 28188, 28171, 0, 
101, 1, 226, 226, -1, 604, 212, 15.8, 32, Cpapaa, 319, 27891, 44849, 1608, , 27891, 25000, 28774, 28761, 0, 
102, 1, 182, 121, -1, 259, 376, 13.6, 26, ABprpaapaa, 224, 26938, 22412, 832, , 26938, 25000, 28437, 28706, 0, 
103, 1, 25, 165, -1, 277, 329, 11.9, 28, MSppaap, 289, 29142, 31707, 1088, , 29142, 25000, 28119, 28195, 0, 
104, 1, 139, 333, -1, 580, 335, 12.6, 27, ABprapappa, 422, 25932, 25621, 988, , 25932, 25000, 27175, 27139, 0, 
105, 1, 252, 316, -1, 310, 170, 17.9, 30, MSapppa, 296, 27336, 37068, 1356, , 27336, 25000, 27996, 27994, 0, 
106, 1, 193, 135, -1, 417, 215, 11.4, 33, Z3, 415, 27320, 44805, 1640, , 27320, 25000, 28547, 28586, 0, 
107, 0, 238, -1, -1, 361, 123, 12.7, 24, , 200, -147, 19402, 704, , 27560, 25000, 27543, 27707, 0, 
108, 1, 137, 276, -1, 344, 373, 8.6, 28, ABprppaaaa, 274, 28408, 28067, 988, , 28408, 25000, 28186, 28198, 0, 
109, 1, 66, 196, -1, 234, 221, 14.5, 29, ABaraapapa, 253, 26981, 29140, 1080, , 26981, 25000, 27848, 28015, 0, 
110, 1, 290, 317, -1, 144, 328, 21.7, 27, ABalappapa, 246, 27991, 25864, 924, , 27991, 25000, 27774, 27741, 0, 
111, 1, 3, 142, -1, 490, 360, 9.0, 25, ABprppappp, 188, 28168, 21520, 764, , 28168, 25000, 27962, 27975, 0, 
112, 1, 324, 25, -1, 271, 261, 6.5, 27, ABarapapaa, 89, 35199, 31538, 896, , 35199, 25000, 33582, 33465, 0, 
113, 1, 107, 112, -1, 269, 365, 18.4, 27, ABpraaappa, 70, 27068, 26743, 988, , 27068, 25000, 27465, 27552, 0, 
114, 1, 26, 27, -1, 432, 115, 18.8, 27, ABplapaapp, 382, 27363, 23751, 868, , 27363, 25000, 27994, 28022, 0, 
115, 1, 174, 277, -1, 146, 331, 16.4, 28, ABalaaappr, 259, 28246, 27907, 988, , 28246, 25000, 28124, 28253, 0, 
116, 1, 126, 11, -1, 275, 376, 22.4, 28, ABpraapapa, 231, 28224, 27885, 988, , 28224, 25000, 27791, 27928, 0, 
117, 1, 362, 149, -1, 498, 180, 6.1, 31, ABplpppapa, 223, 33320, 49314, 1480, , 33320, 25000, 34806, 34899, 0, 
118, 1, 359, 339, -1, 215, 332, 21.8, 26, ABalappppa, 263, 26377, 20996, 796, , 26377, 25000, 28217, 28304, 0, 
119, 1, 222, 245, -1, 566, 278, 8.2, 28, ABprappppp, 218, 28075, 29535, 1052, , 28075, 25000, 29724, 29768, 0, 
120, 1, 328, 208, -1, 270, 311, 24.6, 28, ABarpapapa, 267, 27160, 26834, 988, , 27160, 25000, 27897, 27959, 0, 
121, 1, 210, 107, -1, 347, 236, 15.7, 32, Ealpa, 314, 27492, 43548, 1584, , 27492, 25000, 30482, 30487, 0, 
122, 1, 298, 264, -1, 225, 169, 21.0, 28, ABalppppap, 163, 27003, 30459, 1128, , 27003, 25000, 27948, 27947, 0, 
123, 1, 329, 343, -1, 167, 168, 14.6, 28, ABalppaaap, 247, 26777, 26456, 988, , 26777, 25000, 27814, 27695, 0, 
124, 1, 187, 340, -1, 475, 381, 21.4, 29, ABarppppap, 275, 27779, 32112, 1156, , 27779, 25000, 28230, 28206, 0, 
125, 1, 155, 51, -1, 201, 361, 14.8, 26, ABpraaaaaa, 249, 27031, 21517, 796, , 27031, 25000, 27722, 27762, 0, 
126, 1, 357, 308, -1, 117, 282, 19.5, 24, ABalappaaa, 373, 26840, 20613, 768, , 26840, 25000, 27539, 27457, 0, 
127, 1, 265, 313, -1, 515, 241, 25.8, 34, Caaaap, 340, 27081, 51778, 1912, , 27081, 25000, 28061, 28049, 0, 
128, 1, 163, 203, -1, 536, 135, 16.6, 29, ABplapapap, 292, 26811, 30993, 1156, , 26811, 25000, 28500, 28607, 0, 
129, 1, 10, 48, -1, 320, 387, 15.0, 27, ABprpaappa, 271, 27380, 28256, 1032, , 27380, 25000, 27692, 27768, 0, 
130, 1, 272, 160, -1, 260, 242, 22.4, 28, MSaaaapp, 249, 27864, 27530, 988, , 27864, 25000, 28056, 28033, 0, 
131, 1, 17, 36, -1, 215, 285, 6.5, 26, ABarapaaaa, 365, 32010, 28681, 896, , 32010, 25000, 34293, 34371, 0, 
132, 1, 53, 137, -1, 372, 126, 10.1, 29, ABplppapaa, 265, 26813, 32390, 1208, , 26813, 25000, 28244, 28322, 0, 
133, 1, 256, 298, -1, 167, 178, 11.8, 27, ABalaaaalp, 103, 27321, 23715, 868, , 27321, 25000, 28009, 28098, 0, 
134, 1, 136, 173, -1, 247, 334, 6.2, 26, ABarapppap, 228, 32779, 26092, 796, , 32779, 25000, 36064, 36111, 0, 
135, 1, 115, 76, -1, 528, 364, 14.6, 28, ABprappapp, 240, 27262, 26935, 988, , 27262, 25000, 28185, 28205, 0, 
136, 1, 110, 289, -1, 378, 300, 18.8, 32, Earap, 324, 28302, 45509, 1608, , 28302, 25000, 28845, 28890, 0, 
137, 1, 327, 114, -1, 178, 249, 14.0, 27, ABaraapaaa, 152, 27693, 28579, 1032, , 27693, 25000, 28308, 28423, 0, 
138, 1, 12, 269, -1, 408, 181, 6.3, 27, ABplpapapp, 342, 33045, 30534, 924, , 33045, 25000, 33192, 33548, 0, 
139, 1, 236, 90, -1, 445, 333, 13.4, 30, Cppaaa, 283, 27303, 31562, 1156, , 27303, 25000, 28447, 28456, 0, 
140, 1, 233, 151, -1, 335, 124, 10.6, 27, ABplppaaaa, 354, 26436, 26119, 988, , 26436, 25000, 27208, 27242, 0, 
141, 1, 34, 14, -1, 140, 177, 16.5, 29, ABalpppaaa, 63, 27038, 29201, 1080, , 27038, 25000, 27428, 27399, 0, 
142, 1, 19, 43, -1, 175, 152, 18.3, 28, ABalpppaap, 232, 27277, 29023, 1064, , 27277, 25000, 27327, 27346, 0, 
143, 1, 79, 201, -1, 503, 378, 17.8, 30, ABprappapa, 260, 26661, 35193, 1320, , 26661, 25000, 28613, 28613, 0, 
144, 1, 162, 4, -1, 171, 228, 23.2, 26, ABalapapap, 237, 27168, 21626, 796, , 27168, 25000, 28738, 28793, 0, 
145, 1, 118, 290, -1, 225, 132, 18.4, 29, ABalpppapp, 103, 27169, 31407, 1156, , 27169, 25000, 28371, 28555, 0, 
146, 1, 161, 136, -1, 253, 281, 12.9, 29, ABaraapppa, 167, 27657, 33410, 1208, , 27657, 25000, 28002, 28008, 0, 
147, 1, 224, 99, -1, 451, 364, 8.9, 26, ABprppappa, 293, 27826, 22261, 800, , 27826, 25000, 28795, 28822, 0, 
148, 1, 169, 309, -1, 398, 248, 26.3, 32, ABarpaappp, 51, 27890, 44177, 1584, , 27890, 25000, 28163, 28151, 0, 
149, 1, 288, 271, -1, 383, 364, 8.0, 25, ABprppapaa, -236, 27546, 21045, 764, , 27546, 25000, 29437, 29437, 0, 
150, 1, 280, 175, -1, 417, 226, 5.8, 29, ABplpapppa, 259, 34436, 38293, 1112, , 34436, 25000, 33661, 33752, 0, 
151, 1, 156, 110, -1, 284, 154, 21.3, 31, ABalpppppp, 259, 27518, 37645, 1368, , 27518, 25000, 27893, 27980, 0, 
152, 1, 278, 189, -1, 514, 151, 10.4, 27, ABplapppap, 267, 28109, 27772, 988, , 28109, 25000, 28003, 28046, 0, 
153, 1, 14, 23, -1, 245, 365, 23.4, 30, ABpraapaap, 170, 26969, 31176, 1156, , 26969, 25000, 28214, 28282, 0, 
154, 1, 192, 126, -1, 590, 292, 11.4, 27, ABprapappp, 282, 27356, 27028, 988, , 27356, 25000, 28220, 28226, 0, 
155, 1, 128, 94, -1, 278, 203, 10.4, 29, ABalpapppa, -160, 27760, 32091, 1156, , 27760, 25000, 29719, 29356, 0, 
156, 1, 254, 169, -1, 537, 336, 10.4, 27, ABprapppap, 243, 27935, 27600, 988, , 27935, 25000, 28279, 28311, 0, 
157, 1, 147, 73, -1, 589, 209, 19.8, 33, Caaapp, 1019, 27191, 47421, 1744, , 27191, 25000, 28531, 28534, 0, 
158, 1, 281, 104, -1, 386, 310, 6.5, 26, ABprpapapa, 215, 31434, 28165, 896, , 31434, 25000, 32584, 32412, 0, 
159, 1, 297, 120, -1, 154, 347, 18.7, 27, ABalaapppa, 196, 27447, 25361, 924, , 27447, 25000, 27115, 27153, 0, 
160, 1, 330, 244, -1, 190, 325, 13.1, 26, MSppaaaa, 200, 27723, 22178, 800, , 27723, 25000, 27906, 27935, 0, 
161, 1, 286, 93, -1, 479, 152, 8.4, 28, ABplpppaap, 145, 29188, 28838, 988, , 29188, 25000, 28934, 29023, 0, 
162, 1, 294, 231, -1, 513, 229, 6.5, 28, ABplpppppp, 129, 32838, 35465, 1080, , 32838, 25000, 34654, 34893, 0, 
163, 1, 181, 145, -1, 210, 303, 26.7, 29, ABarpapaaa, 263, 28629, 30576, 1068, , 28629, 25000, 28821, 28874, 0, 
164, 1, 88, 97, -1, 291, 367, 9.1, 27, ABprpaaaap, 266, 29144, 26463, 908, , 29144, 25000, 28115, 28280, 0, 
165, 1, 8, 41, -1, 453, 228, 5.5, 27, ABplpapppp, 219, 34814, 31193, 896, , 34814, 25000, 33721, 33742, 0, 
166, 1, 113, 262, -1, 416, 144, 7.5, 26, ABplppaapp, 220, 28636, 25658, 896, , 28636, 25000, 30613, 30947, 0, 
167, 1, 6, 280, -1, 383, 374, 20.5, 30, ABprapaaaa, 239, 27548, 33939, 1232, , 27548, 25000, 27604, 27598, 0, 
168, 1, 282, 204, -1, 435, 266, 6.6, 27, ABprpapppa, 243, 30818, 30448, 988, , 30818, 25000, 33279, 33355, 0, 
169, 1, 198, 15, -1, 242, 141, 14.8, 28, ABplpaapaa, 179, 27264, 28682, 1052, , 27264, 25000, 28250, 28381, 0, 
170, 1, 111, 227, -1, 524, 351, 21.7, 29, ABarpppppa, 289, 27695, 29578, 1068, , 27695, 25000, 28061, 28061, 0, 
171, 1, 312, 362, -1, 365, 365, 23.5, 30, ABarpapppp, 224, 28022, 34523, 1232, , 28022, 25000, 28369, 28495, 0, 
172, 1, 360, 237, -1, 485, 325, 14.5, 30, Cppapa, 253, 26670, 32858, 1232, , 26670, 25000, 28686, 28785, 0, 
173, 1, 172, 258, -1, 505, 200, 9.9, 28, Capapp, 277, 27738, 30179, 1088, , 27738, 25000, 29267, 29250, 0, 
174, 1, 310, 32, -1, 243, 210, 5.3, 27, ABalpapaap, 394, 38830, 35879, 924, , 38830, 25000, 37319, 37509, 0, 
175, 1, 134, 64, -1, 343, 157, 13.0, 28, MSappap, 239, 26655, 30067, 1128, , 26655, 25000, 28239, 28339, 0, 
176, 1, 70, 232, -1, 432, 110, 15.0, 27, ABplappaaa, 271, 27491, 28371, 1032, , 27491, 25000, 28135, 28146, 0, 
177, 1, 154, 130, -1, 240, 158, 9.4, 28, ABalppapap, 220, 27745, 27412, 988, , 27745, 25000, 28033, 28154, 0, 
178, 1, 40, 133, -1, 600, 257, 12.3, 30, Cpappd, 300, 29015, 37952, 1308, , 29015, 25000, 28553, 28543, 0, 
179, 1, 164, 183, -1, 289, 260, 17.4, 27, MSaaapp, 242, 27402, 27073, 988, , 27402, 25000, 28967, 29027, 0, 
180, 1, 65, 98, -1, 301, 321, 20.0, 27, MSppappp, 256, 27178, 28048, 1032, , 27178, 25000, 28371, 28371, 0, 
181, 1, 4, 336, -1, 179, 250, 20.4, 31, MSaaaaap, 309, 27847, 37092, 1332, , 27847, 25000, 27727, 27727, 0, 
182, 1, 173, 341, -1, 524, 170, 23.6, 32, ABarppappa, 327, 28644, 42507, 1484, , 28644, 25000, 27526, 27540, 0, 
183, 1, 201, 7, -1, 211, 347, 18.3, 26, ABpraaapaa, 163, 26563, 22738, 856, , 26563, 25000, 27975, 27930, 0, 
184, 1, 303, 69, -1, 316, 356, 7.5, 28, ABarappppp, -52, 28116, 30365, 1080, , 28116, 25000, 31390, 31906, 0, 
185, 1, 59, 324, -1, 140, 269, 20.5, 27, ABalappaap, 258, 27444, 24590, 896, , 27444, 25000, 28247, 28426, 0, 
186, 1, 308, 209, -1, 195, 193, 21.2, 28, ABalapappa, -46, 27030, 28436, 1052, , 27030, 25000, 28461, 28541, 0, 
187, 1, 168, 13, -1, 461, 398, 16.8, 28, ABprapaapp, 69, 27431, 28857, 1052, , 27431, 25000, 27688, 27694, 0, 
188, 1, 76, 300, -1, 217, 237, 18.2, 29, MSaaapaa, 474, 27535, 30619, 1112, , 27535, 25000, 28322, 28322, 0, 
189, 1, 304, 12, -1, 129, 312, 18.8, 26, ABalaaappl, 9, 27067, 21545, 796, , 27067, 25000, 27707, 27688, 0, 
190, 1, 1, 247, -1, 356, 182, 25.5, 31, ABplaaappp, 267, 28147, 34677, 1232, , 28147, 25000, 28421, 28353, 0, 
191, 1, 295, 334, -1, 308, 306, 25.2, 30, ABarpapapp, 241, 27943, 36885, 1320, , 27943, 25000, 28315, 28285, 0, 
192, 1, 28, 66, -1, 321, 285, 17.7, 31, Earaa, 311, 28330, 38756, 1368, , 28330, 25000, 29162, 29204, 0, 
193, 1, 361, 248, -1, 415, 145, 24.6, 29, ABarppapaa, 279, 27734, 32060, 1156, , 27734, 25000, 28562, 28613, 0, 
194, 1, 178, 56, -1, 142, 267, 17.0, 25, MSaaaaaa, 136, 29230, 22332, 764, , 29230, 25000, 27572, 27653, 0, 
195, 1, 262, 123, -1, 323, 324, 8.6, 27, ABprpapaaa, 205, 29936, 29577, 988, , 29936, 25000, 29262, 29144, 0, 
196, 1, 13, 272, -1, 398, 234, 16.4, 33, Ealpp, 279, 28155, 46175, 1640, , 28155, 25000, 28973, 29021, 0, 
197, 1, 175, 242, -1, 239, 184, 13.2, 31, MSapaap, 266, 27258, 39905, 1464, , 27258, 25000, 28091, 28111, 0, 
198, 1, 112, 171, -1, 360, 321, 8.3, 27, ABprpapaap, 231, 27550, 25456, 924, , 27550, 25000, 28763, 28394, 0, 
199, 1, 230, 28, -1, 211, 321, 7.3, 26, ABaraaappp, -87, 29130, 24935, 856, , 29130, 25000, 31758, 32051, 0, 
200, 1, 61, 158, -1, 317, 378, 10.8, 27, ABprpaaapp, 270, 26712, 23186, 868, , 26712, 25000, 28173, 28116, 0, 
201, 1, 306, 219, -1, 248, 138, 12.5, 27, ABplpaaaaa, 145, 27156, 24332, 896, , 27156, 25000, 27470, 27480, 0, 
202, 1, 334, 303, -1, 193, 155, 20.5, 28, ABalppppaa, 259, 26597, 28725, 1080, , 26597, 25000, 27835, 27855, 0, 
203, 1, 246, 235, -1, 553, 184, 7.5, 26, ABplappppp, 253, 28942, 25932, 896, , 28942, 25000, 31803, 31847, 0, 
204, 1, 149, 233, -1, 291, 394, 14.0, 26, ABprpaapap, 162, 26919, 22935, 852, , 26919, 25000, 28046, 28232, 0, 
205, 1, 244, 210, -1, 550, 133, 12.6, 28, ABplapappa, 273, 27405, 27076, 988, , 27405, 25000, 28347, 28378, 0, 
206, 1, 132, 170, -1, 321, 125, 21.9, 30, ABplaappap, 281, 27533, 37335, 1356, , 27533, 25000, 28008, 28035, 0, 
207, 1, 127, 225, -1, 179, 275, 11.7, 26, ABaraaapaa, 258, 27803, 23799, 856, , 27803, 25000, 28029, 28256, 0, 
208, 1, 11, 329, -1, 381, 264, 9.8, 28, MSpapapp, 282, 38777, 40793, 1052, , 38777, 25000, 31480, 30847, 0, 
209, 1, 208, 191, -1, 357, 214, 11.3, 29, MSaapapp, 287, 36689, 39184, 1068, , 36689, 25000, 29978, 30026, 0, 
210, 1, 87, 257, -1, 235, 381, 15.3, 28, ABpraaaapa, 241, 27191, 28931, 1064, , 27191, 25000, 27737, 27897, 0, 
211, 1, 255, 260, -1, 353, 267, 10.1, 28, MSpapapa, 208, 38567, 41961, 1088, , 38567, 25000, 31181, 30552, 0, 
212, 1, 86, 205, -1, 407, 118, 10.9, 27, ABplppapap, 213, 27969, 25396, 908, , 27969, 25000, 27656, 27638, 0, 
213, 1, 205, 60, -1, 186, 214, 25.9, 29, ABplaaaaaa, 306, 26217, 31670, 1208, , 26217, 25000, 28297, 28391, 0, 
214, 1, 152, 302, -1, 311, 241, 20.5, 34, Ealaa, 319, 27625, 46631, 1688, , 27625, 25000, 28864, 28921, 0, 
215, 1, 279, 314, -1, 424, 244, 8.6, 30, MSpappa, 301, 27876, 32225, 1156, , 27876, 25000, 29441, 29455, 0, 
216, 1, 184, 265, -1, 510, 331, 8.1, 26, ABprpppaap, -215, 27425, 21940, 800, , 27425, 25000, 29273, 29411, 0, 
217, 1, 260, 24, -1, 498, 141, 12.8, 26, ABplapppaa, 130, 27285, 21719, 796, , 27285, 25000, 28154, 28185, 0, 
218, 1, 170, 323, -1, 362, 335, 5.5, 28, ABarappapp, -45, 36523, 39445, 1080, , 36523, 25000, 35891, 36197, 0, 
219, 1, 95, 118, -1, 491, 282, 17.4, 32, Eprpa, 305, 27423, 40695, 1484, , 27423, 25000, 28677, 28710, 0, 
220, 1, 68, 296, -1, 472, 127, 11.5, 26, ABplppappp, -219, 27462, 24606, 896, , 27462, 25000, 27434, 27434, 0, 
221, 1, 289, 246, -1, 235, 329, 12.3, 26, MSppaaap, 260, 27278, 23350, 856, , 27278, 25000, 27720, 27722, 0, 
222, 1, 133, 144, -1, 331, 115, 14.7, 28, ABplpaappp, 241, 27047, 28778, 1064, , 27047, 25000, 27951, 27985, 0, 
223, 1, 326, 21, -1, 305, 225, 15.8, 28, MSaapaap, 248, 36149, 38029, 1052, , 36149, 25000, 30823, 30839, 0, 
224, 1, 2, 360, -1, 487, 175, 18.5, 30, Cappaa, 243, 27425, 33788, 1232, , 27425, 25000, 28059, 28242, 0, 
225, 1, 103, 288, -1, 117, 273, 16.7, 28, ABalaaapar, 201, 27086, 28820, 1064, , 27086, 25000, 27513, 27378, 0, 
226, 1, 101, 251, -1, 412, 357, 15.3, 30, Dppa, 304, 28164, 36839, 1308, , 28164, 25000, 28536, 28529, 0, 
227, 1, 243, 192, -1, 260, 189, 26.8, 29, ABplaaapaa, 77, 28624, 31830, 1112, , 28624, 25000, 28757, 28853, 0, 
228, 1, 206, 6, -1, 310, 269, 10.5, 28, MSpapaaa, 211, 38411, 41484, 1080, , 38411, 25000, 31524, 31415, 0, 
229, 1, 348, 9, -1, 254, 333, 19.1, 29, MSppappa, 194, 27035, 32658, 1208, , 27035, 25000, 28275, 28335, 0, 
230, 1, 54, 122, -1, 216, 201, 6.7, 29, ABalpapaaa, 268, 33987, 36298, 1068, , 33987, 25000, 34837, 34710, 0, 
231, 1, 62, 199, -1, 211, 249, 13.6, 28, ABaraapaap, -119, 27644, 27312, 988, , 27644, 25000, 28081, 28141, 0, 
232, 1, 165, 16, -1, 306, 132, 17.2, 29, ABplpaappa, 286, 27624, 30718, 1112, , 27624, 25000, 27985, 28092, 0, 
233, 1, 341, 117, -1, 175, 332, 20.8, 27, ABalappapp, 41, 27021, 23454, 868, , 27021, 25000, 28063, 28178, 0, 
234, 1, 322, 119, -1, 476, 177, 14.4, 29, Capapa, 273, 27227, 31474, 1156, , 27227, 25000, 28814, 28887, 0, 
235, 1, 116, 253, -1, 249, 198, 21.3, 28, MSapappa, 193, 28267, 30076, 1064, , 28267, 25000, 28072, 28055, 0, 
236, 1, 356, 304, -1, 267, 333, 22.6, 27, ABalappppp, 193, 27226, 26899, 988, , 27226, 25000, 27984, 28060, 0, 
237, 1, 78, 224, -1, 340, 400, 12.6, 28, ABprpaappp, 5, 27570, 27239, 988, , 27570, 25000, 27424, 27367, 0, 
238, 1, 30, 87, -1, 551, 351, 18.5, 29, ABprapapaa, 258, 27816, 30041, 1080, , 27816, 25000, 27852, 27837, 0, 
239, 1, 51, 197, -1, 158, 243, 12.0, 26, ABalpaapaa, 342, 28701, 24453, 852, , 28701, 25000, 27771, 27978, 0, 
240, 1, 200, 57, -1, 330, 184, 14.2, 30, MSappaa, 289, 27698, 36561, 1320, , 27698, 25000, 28401, 28512, 0, 
241, 1, 91, 207, -1, 203, 291, 19.2, 30, MSpaaaap, 278, 28015, 36980, 1320, , 28015, 25000, 28191, 28252, 0, 
242, 1, 109, 229, -1, 394, 113, 16.6, 30, ABplaapppp, 412, 27531, 31826, 1156, , 27531, 25000, 28713, 28667, 0, 
243, 1, 131, 139, -1, 483, 383, 13.5, 27, ABprappaap, 384, 26640, 23869, 896, , 26640, 25000, 27793, 27794, 0, 
244, 1, 339, 40, -1, 215, 203, 10.0, 25, ABalpaaapa, -61, 27522, 21027, 764, , 27522, 25000, 27969, 28127, 0, 
245, 1, 340, 348, -1, 390, 166, 14.1, 30, Daap, 301, 27176, 36851, 1356, , 27176, 25000, 28653, 28801, 0, 
246, 1, 92, 63, -1, 423, 240, 19.8, 33, Eplaa, 189, 27293, 47599, 1744, , 27293, 25000, 28129, 28111, 0, 
247, 1, 55, 174, -1, 418, 306, 10.2, 32, MSpappp, 374, 26390, 42435, 1608, , 26390, 25000, 28645, 28646, 0, 
248, 1, 90, 293, -1, 284, 136, 11.6, 29, ABplpaaaap, 265, 26757, 30931, 1156, , 26757, 25000, 27547, 27576, 0, 
249, 1, 33, 147, -1, 140, 202, 19.1, 27, ABalapaapa, 231, 27684, 25137, 908, , 27684, 25000, 27669, 27591, 0, 
250, 1, 221, 84, -1, 261, 270, 9.8, 30, ABarapaapp, 75, 27749, 36629, 1320, , 27749, 25000, 28257, 28322, 0, 
251, 1, 347, 115, -1, 417, 380, 8.9, 26, ABprppapap, 245, 27311, 21849, 800, , 27311, 25000, 28587, 28619, 0, 
252, 1, 108, 211, -1, 239, 226, 10.3, 28, ABalpaaapp, 164, 28438, 30258, 1064, , 28438, 25000, 28332, 28315, 0, 
253, 1, 146, 85, -1, 551, 301, 13.0, 31, Cppppa, 267, 28353, 44798, 1580, , 28353, 25000, 28185, 28228, 0, 
254, 1, 9, 193, -1, 492, 332, 18.1, 30, Cpppaa, 304, 27870, 37792, 1356, , 27870, 25000, 28197, 28237, 0, 
255, 1, 167, 228, -1, 391, 337, 12.4, 29, Dpap, 293, 26901, 31098, 1156, , 26901, 25000, 28560, 28542, 0, 
256, 1, 105, 318, -1, 540, 251, 9.5, 30, Cppppp, 253, 28045, 34551, 1232, , 28045, 25000, 28924, 28954, 0, 
257, 1, 316, 284, -1, 185, 250, 25.8, 28, ABarpaaaap, 241, 27143, 28554, 1052, , 27143, 25000, 28411, 28279, 0, 
258, 1, 338, 52, -1, 242, 311, 16.6, 26, MSpaapaa, 267, 26613, 22142, 832, , 26613, 25000, 27963, 27999, 0, 
259, 1, 250, -1, -1, 138, 176, 13.6, 25, ABalppaaaa, -239, 27025, 22485, 832, , 27025, 25000, 27338, 27397, 0, 
260, 1, 123, 77, -1, 260, 351, 9.7, 28, ABprpaaaaa, 215, 27892, 29677, 1064, , 27892, 25000, 28585, 28690, 0, 
261, 1, 209, 127, -1, 570, 341, 15.5, 28, ABprapapap, 142, 28069, 30314, 1080, , 28069, 25000, 28050, 28115, 0, 
262, 1, 73, 30, -1, 309, 246, 5.9, 25, ABarapapap, 248, 37473, 23833, 636, , 37473, 25000, 35244, 35363, 0, 
263, 1, 232, 344, -1, 469, 215, 10.7, 29, Capaap, 299, 27477, 29345, 1068, , 27477, 25000, 29021, 29025, 0, 
264, 0, 353, -1, -1, 339, 306, 19.4, 28, , 164, 256, 29082, 988, , 29435, 25000, 29130, 29179, 0, 
265, 1, 129, 352, -1, 437, 165, 14.6, 29, Capaaa, 249, 27121, 31352, 1156, , 27121, 25000, 28023, 28008, 0, 
266, 1, 189, 35, -1, 425, 409, 18.2, 27, ABprapaapa, -5, 26394, 22910, 868, , 26394, 25000, 27397, 27492, 0, 
267, 1, 7, 236, -1, 124, 222, 16.4, 28, ABalaaapal, 276, 26878, 26555, 988, , 26878, 25000, 27537, 27525, 0, 
268, 1, 97, 163, -1, 368, 358, 15.7, 29, Dpaa, 253, 29709, 31729, 1068, , 29709, 25000, 28375, 28391, 0, 
269, 1, 93, 241, -1, 465, 131, 23.6, 30, ABarppapap, 280, 26183, 30268, 1156, , 26183, 25000, 28039, 28021, 0, 
270, 0, -1, -1, -1, 151, 249, 23.6, 27, , 198, 227, 28114, 988, , 28455, 25000, 28264, 28228, 0, 
271, 1, 183, 346, -1, 367, 296, 14.0, 32, Earpa, 323, 28470, 48627, 1708, , 28470, 25000, 30065, 29955, 0, 
272, 1, 313, 79, -1, 470, 343, 6.7, 27, ABprpppaaa, 246, 31870, 29448, 924, , 31870, 25000, 33584, 33863, 0, 
273, 1, 274, 148, -1, 286, 343, 26.2, 28, ABarpappaa, 280, 28691, 30183, 1052, , 28691, 25000, 28839, 28938, 0, 
274, 1, 220, 356, -1, 303, 171, 9.7, 26, ABplpapaaa, 37, 28183, 24125, 856, , 28183, 25000, 28818, 28924, 0, 
275, 1, 335, 176, -1, 436, 179, 19.4, 33, Dapp, 221, 28857, 47326, 1640, , 28857, 25000, 28150, 28182, 0, 
276, 1, 185, 215, -1, 567, 154, 18.2, 29, ABarppappp, 262, 27561, 30648, 1112, , 27561, 25000, 28425, 28439, 0, 
277, 1, 56, 91, -1, 384, 249, 5.2, 28, ABprpappap, -26, 35246, 37079, 1052, , 35246, 25000, 34302, 34287, 0, 
278, 1, 203, 37, -1, 312, 406, 18.7, 27, ABpraappaa, 218, 26915, 24869, 924, , 26915, 25000, 27537, 27439, 0, 
279, 1, 80, 67, -1, 324, 254, 25.7, 33, ABarpaapap, 333, 28942, 50243, 1736, , 28942, 25000, 28733, 28750, 0, 
280, 1, 196, 359, -1, 543, 149, 8.8, 26, ABplappppa, 248, 27951, 22249, 796, , 27951, 25000, 28228, 28196, 0, 
281, 1, 345, 83, -1, 303, 327, 5.3, 27, ABarappapa, 260, 36541, 33764, 924, , 36541, 25000, 36638, 36810, 0, 
282, 1, 180, 109, -1, 277, 219, 7.0, 29, ABalpappap, 25, 31431, 38597, 1228, , 31431, 25000, 32068, 32286, 0, 
283, 1, 195, 102, -1, 217, 164, 9.0, 26, ABalppapaa, 184, 27311, 23269, 852, , 27311, 25000, 28278, 28575, 0, 
284, 1, 283, 312, -1, 435, 380, 22.6, 31, ABarppppaa, 302, 27699, 36895, 1332, , 27699, 25000, 27812, 27822, 0, 
285, 1, 145, 338, -1, 546, 291, 24.4, 34, Cpaapa, 320, 27488, 48928, 1780, , 27488, 25000, 28232, 28232, 0, 
286, 1, 94, 217, -1, 260, 176, 6.7, 27, ABalpapapa, 67, 36624, 33841, 924, , 36624, 25000, 35186, 35220, 0, 
287, 1, 60, 140, -1, 530, 255, 6.2, 29, ABprpppppp, 276, 34966, 38882, 1112, , 34966, 25000, 35966, 36439, 0, 
288, 1, 307, 195, -1, 570, 316, 9.7, 27, ABprappppa, 108, 26934, 24887, 924, , 26934, 25000, 27991, 28055, 0, 
289, 1, 122, 141, -1, 222, 224, 25.9, 30, ABplaaaaap, 269, 27966, 37922, 1356, , 27966, 25000, 28093, 28148, 0, 
290, 1, 273, 81, -1, 571, 155, 14.2, 28, ABplapappp, 156, 27510, 28940, 1052, , 27510, 25000, 28127, 28165, 0, 
291, 1, 176, 299, -1, 365, 402, 16.5, 30, ABpraapppa, 242, 27105, 33393, 1232, , 27105, 25000, 27948, 27951, 0, 
292, 1, 251, 44, -1, 508, 184, 16.6, 31, Cappap, 302, 26914, 35850, 1332, , 26914, 25000, 28755, 28919, 0, 
293, 1, 259, 132, -1, 483, 209, 25.7, 33, Caaaaa, 99, 28346, 49208, 1736, , 28346, 25000, 28243, 28257, 0, 
294, 1, 284, 54, -1, 307, 361, 21.5, 30, ABpraapapp, 187, 27034, 33306, 1232, , 27034, 25000, 28028, 27950, 0, 
295, 1, 140, 234, -1, 200, 196, 15.1, 27, MSapaaap, 264, 27435, 24911, 908, , 27435, 25000, 27864, 27877, 0, 
296, 1, 186, 291, -1, 166, 188, 19.4, 28, ABalapaapp, 235, 27545, 27214, 988, , 27545, 25000, 27859, 27903, 0, 
297, 1, 38, 351, -1, 192, 184, 9.8, 27, ABalpaappp, 56, 27098, 23521, 868, , 27098, 25000, 28862, 29092, 0, 
298, 1, 261, 252, -1, 190, 310, 23.5, 28, ABalapppap, 264, 27546, 29750, 1080, , 27546, 25000, 28380, 28294, 0, 
299, 1, 234, 153, -1, 160, 296, 10.8, 27, ABaraaaaap, 217, 27796, 24127, 868, , 27796, 25000, 27446, 27440, 0, 
300, 1, 46, 164, -1, 123, 249, 13.6, 26, ABalaaaarl, 217, 26089, 21706, 832, , 26089, 25000, 26774, 26803, 0, 
301, 1, 159, 108, -1, 491, 127, 21.0, 29, ABplappapa, 294, 27581, 33870, 1228, , 27581, 25000, 27694, 27702, 0, 
302, 1, 58, 292, -1, 347, 335, 12.0, 28, MSpppap, 283, 27777, 31333, 1128, , 27777, 25000, 28922, 28833, 0, 
303, 1, 331, 327, -1, 316, 318, 13.0, 29, MSpppaa, -11, 27642, 33944, 1228, , 27642, 25000, 27972, 27958, 0, 
304, 1, 48, 177, -1, 212, 284, 11.0, 29, ABaraaapap, 260, 26950, 33095, 1228, , 26950, 25000, 28406, 28269, 0, 
305, 0, 104, -1, -1, 370, 215, 5.7, 23, , 146, 2620, 23186, 592, , 39166, 25000, 36342, 36546, 0, 
306, 1, 285, 218, -1, 562, 225, 7.3, 29, Cpappv, 5, 29161, 31144, 1068, , 29161, 25000, 33315, 33658, 0, 
307, 1, 138, 8, -1, 500, 126, 16.5, 28, ABplappapp, -168, 27354, 29542, 1080, , 27354, 25000, 27567, 27610, 0, 
308, 1, 31, 321, -1, 138, 228, 21.2, 28, ABalapaaap, 263, 27218, 28633, 1052, , 27218, 25000, 28118, 28269, 0, 
309, 1, 142, 240, -1, 423, 282, 15.6, 32, Earpp, -53, 27712, 41124, 1484, , 27712, 25000, 28830, 28840, 0, 
310, 1, 77, 330, -1, 230, 188, 17.1, 26, MSapapaa, 229, 27929, 22343, 800, , 27929, 25000, 27955, 27996, 0, 
311, 1, 102, 212, -1, 530, 319, 16.5, 32, Cpppap, 249, 27878, 39921, 1432, , 27878, 25000, 28705, 28748, 0, 
312, 1, 96, 347, -1, 377, 236, 20.3, 33, Ealap, 338, 27671, 48036, 1736, , 27671, 25000, 28798, 28764, 0, 
313, 1, 309, 361, -1, 547, 213, 23.0, 33, Caaapa, 332, 27908, 50457, 1808, , 27908, 25000, 28871, 28881, 0, 
314, 1, 121, 45, -1, 496, 315, 24.9, 33, Cpaaap, 336, 28142, 48855, 1736, , 28142, 25000, 28184, 28190, 0, 
315, 1, 292, 249, -1, 485, 313, 6.3, 28, ABprppppap, 262, 31906, 33948, 1064, , 31906, 25000, 34107, 34147, 0, 
316, 1, 45, 328, -1, 471, 282, 9.5, 30, Cppaap, 266, 26882, 33119, 1232, , 26882, 25000, 28147, 28142, 0, 
317, 1, 269, 345, -1, 319, 207, 9.3, 31, ABalpapppp, 309, 27134, 37119, 1368, , 27134, 25000, 29192, 29066, 0, 
318, 1, 89, 267, -1, 142, 262, 10.2, 27, ABaraaaaaa, 252, 27013, 23447, 868, , 27013, 25000, 27949, 27857, 0, 
319, 1, 257, 326, -1, 280, 227, 12.4, 27, MSaapaaa, 251, 37724, 37271, 988, , 37724, 25000, 30366, 30279, 0, 
320, 1, 268, 181, -1, 322, 188, 25.4, 29, ABplaaappa, 252, 27705, 32027, 1156, , 27705, 25000, 28120, 28240, 0, 
321, 1, 98, 223, -1, 179, 317, 8.8, 26, ABaraaappa, 226, 27731, 22074, 796, , 27731, 25000, 28630, 28581, 0, 
322, 1, 349, 100, -1, 585, 265, 21.5, 33, Cpaapp, 336, 27289, 44317, 1624, , 27289, 25000, 28184, 28184, 0, 
323, 1, 71, 273, -1, 476, 226, 18.8, 33, Eplap, 317, 27671, 48258, 1744, , 27671, 25000, 28184, 28163, 0, 
324, 1, 337, 322, -1, 279, 119, 20.2, 26, ABplaappaa, 228, 27016, 21505, 796, , 27016, 25000, 28515, 28502, 0, 
325, 1, 18, 342, -1, 186, 340, 10.0, 26, ABalaapaap, 209, 27784, 23672, 852, , 27784, 25000, 27826, 27844, 0, 
326, 0, 363, -1, -1, 89, 262, 14.6, 26, , 171, 818, 22796, 832, , 27399, 25000, 26827, 26581, 0, 
327, 1, 158, 250, -1, 407, 359, 24.8, 29, ABarpppaap, 295, 28097, 31244, 1112, , 28097, 25000, 27888, 28012, 0, 
328, 1, 166, 50, -1, 276, 277, 26.4, 29, ABarpaapaa, 295, 26837, 31024, 1156, , 26837, 25000, 28299, 28326, 0, 
329, 1, 242, 159, -1, 464, 167, 26.1, 30, ABarppaapp, -445, 27842, 37754, 1356, , 27842, 25000, 28605, 28637, 0, 
330, 1, 207, 285, -1, 430, 195, 25.9, 32, ABarppaapa, 304, 27115, 42734, 1576, , 27115, 25000, 28110, 28113, 0, 
331, 1, 302, 294, -1, 295, 175, 25.7, 27, ABplaaapap, 256, 28420, 26260, 924, , 28420, 25000, 28698, 28731, 0, 
332, 1, 237, 213, -1, 299, 294, 5.4, 28, ABarappaap, 231, 35983, 35551, 988, , 35983, 25000, 34632, 34587, 0, 
333, 1, 199, 10, -1, 287, 282, 13.1, 27, ABaraapppp, 267, 28396, 25784, 908, , 28396, 25000, 28785, 28779, 0, 
334, 1, 99, 59, -1, 245, 270, 5.8, 24, ABarapaaap, 201, 40326, 26454, 656, , 40326, 25000, 35757, 35884, 0, 
335, 1, 188, 19, -1, 386, 382, 24.2, 27, ABarpppaaa, 222, 27432, 23811, 868, , 27432, 25000, 27775, 27506, 0, 
336, 0, 344, -1, -1, 518, 195, 6.4, 23, , 226, -1289, 21560, 640, , 33688, 25000, 34939, 34977, 0, 
337, 1, 319, 88, -1, 279, 304, 16.1, 29, MSpaapap, 270, 27401, 33101, 1208, , 27401, 25000, 28460, 28449, 0, 
338, 1, 346, 68, -1, 529, 179, 14.6, 31, Capppa, 252, 27745, 36957, 1332, , 27745, 25000, 28497, 28707, 0, 
339, 1, 106, 89, -1, 280, 381, 11.5, 28, ABprpaaapa, 265, 27853, 30081, 1080, , 27853, 25000, 28049, 27914, 0, 
340, 1, 215, 179, -1, 415, 296, 5.9, 26, ABprpapapp, 260, 37038, 29630, 800, , 37038, 25000, 34157, 33891, 0, 
341, 1, 153, 310, -1, 268, 125, 17.1, 27, ABplpaapap, 271, 27056, 24567, 908, , 27056, 25000, 28554, 28801, 0, 
342, 1, 214, 216, -1, 510, 239, 18.4, 33, Eplpa, 306, 27465, 45042, 1640, , 27465, 25000, 28376, 28427, 0, 
343, 1, 343, 255, -1, 223, 370, 12.2, 26, ABalaapapp, 233, 28270, 22503, 796, , 28270, 25000, 27720, 27832, 0, 
344, 1, 39, 305, -1, 239, 321, 25.4, 29, ABarpapaap, 184, 27180, 31420, 1156, , 27180, 25000, 28175, 28258, 0, 
345, 1, 219, 256, -1, 414, 335, 6.1, 25, ABprppaapa, 258, 31535, 20056, 636, , 31535, 25000, 33756, 33739, 0, 
346, 1, 32, 167, -1, 176, 275, 24.8, 28, ABarpaaaaa, 240, 29977, 31536, 1052, , 29977, 25000, 28371, 28642, 0, 
347, 1, 120, 259, -1, 379, 176, 6.9, 27, ABplpapapa, 220, 32233, 29268, 908, , 32233, 25000, 33748, 33965, 0, 
348, 1, 52, 287, -1, 320, 228, 11.5, 27, MSaapapa, -120, 33895, 30370, 896, , 33895, 25000, 29486, 29629, 0, 
349, 1, 16, 80, -1, 395, 180, 10.7, 32, MSaappp, 222, 26835, 42506, 1584, , 26835, 25000, 27802, 27873, 0, 
350, 1, 50, 261, -1, 336, 198, 5.4, 32, ABplpappaa, 321, 35897, 53271, 1484, , 35897, 25000, 34806, 34833, 0, 
351, 1, 240, 275, -1, 230, 275, 20.7, 28, MSpaaapa, 284, 27092, 28826, 1064, , 27092, 25000, 28301, 28240, 0, 
352, 1, 321, 282, -1, 368, 217, 27.0, 30, ABarppaaaa, 300, 27661, 37287, 1348, , 27661, 25000, 28465, 28405, 0, 
353, 1, 143, 180, -1, 237, 282, 26.8, 28, ABarpaaapp, -135, 27801, 29247, 1052, , 27801, 25000, 28727, 28620, 0, 
354, 1, 151, 315, -1, 314, 346, 25.1, 27, ABarpappap, -208, 27789, 25232, 908, , 27789, 25000, 28444, 28410, 0, 
355, 1, 305, 200, -1, 492, 278, 6.4, 28, ABprpppppa, 217, 32205, 31819, 988, , 32205, 25000, 32295, 32102, 0, 
356, 1, 264, 143, -1, 468, 347, 23.5, 30, ABarpppapp, 309, 27495, 33874, 1232, , 27495, 25000, 28268, 28277, 0, 
357, 1, 190, 182, -1, 408, 387, 19.4, 30, ABprapaaap, 250, 27496, 31785, 1156, , 27496, 25000, 27884, 28129, 0, 
358, 1, 351, 166, -1, 589, 191, 12.9, 30, Caappd, 433, 27305, 37026, 1356, , 27305, 25000, 28313, 28324, 0, 
359, 1, 336, 254, -1, 479, 255, 5.3, 27, ABprpapppp, 236, 34918, 32264, 924, , 34918, 25000, 33822, 33757, 0, 
360, 1, 270, 355, -1, 282, 345, 15.1, 26, MSppapap, 201, 26640, 21312, 800, , 26640, 25000, 28415, 28447, 0, 
361, 1, 43, 42, -1, 154, 327, 12.0, 25, ABalaapaaa, 349, 27836, 21267, 764, , 27836, 25000, 27509, 27650, 0, 
362, 1, 171, 353, -1, 195, 361, 11.6, 24, ABalaapapa, -161, 27184, 19029, 700, , 27184, 25000, 27577, 27477, 0, 
363, 1, 144, 307, -1, 171, 353, 14.6, 25, ABalaappap, 153, 27204, 22634, 832, , 27204, 25000, 27171, 27099, 0, 
