1, 1, 73, 338, -1, 593, 206, 19.5, 33, Caaapp, 342, 27756, 45075, 1624, , 27756, 25000, 28193, 28183, 0, 
2, 1, 138, 133, -1, 138, 207, 11.9, 25, ABalaaaala, 248, 27658, 19029, 688, , 27658, 25000, 27481, 27489, 0, 
3, 1, 70, 100, -1, 175, 173, 23.4, 29, ABplaapaaa, 277, 28253, 32661, 1156, , 28253, 25000, 28024, 28051, 0, 
4, 1, 181, 221, -1, 316, 185, 25.2, 30, ABplaaappa, 290, 27573, 36396, 1320, , 27573, 25000, 28548, 28713, 0, 
5, 1, 48, 147, -1, 319, 385, 15.3, 27, ABprpaappa, -18, 27127, 25065, 924, , 27127, 25000, 27432, 27379, 0, 
6, 1, 206, 284, -1, 198, 147, 16.0, 28, ABalpppapa, -128, 27449, 30962, 1128, , 27449, 25000, 28155, 27891, 0, 
7, 1, 43, 180, -1, 173, 149, 18.1, 27, ABalpppaap, -257, 28517, 25893, 908, , 28517, 25000, 27428, 27397, 0, 
8, 1, 284, 140, -1, 184, 252, 26.5, 29, ABarpaaaap, 243, 27940, 30175, 1080, , 27940, 25000, 28632, 28704, 0, 
9, 1, 360, 287, -1, 493, 168, 18.5, 31, Cappaa, 263, 27914, 34390, 1232, , 27914, 25000, 28003, 28253, 0, 
10, 1, 286, 224, -1, 339, 161, 9.5, 27, ABplpapaap, 267, 27912, 25009, 896, , 27912, 25000, 29804, 29810, 0, 
11, 1, 25, 144, -1, 270, 266, 6.9, 26, ABarapapaa, 164, 31430, 25144, 800, , 31430, 25000, 33323, 33580, 0, 
12, 1, 243, 246, -1, 292, 278, 8.5, 26, ABarapappa, 176, 27991, 25080, 896, , 27991, 25000, 30214, 29944, 0, 
13, 1, 30, 31, -1, 310, 248, 6.2, 26, ABarapapap, 242, 36320, 28911, 796, , 36320, 25000, 34558, 34722, 0, 
14, 1, 279, 90, -1, 450, 305, 5.9, 28, ABprppppaa, 268, 32412, 35264, 1088, , 32412, 25000, 32869, 32929, 0, 
15, 1, 274, 59, -1, 300, 131, 14.4, 29, ABplpaaapp, 257, 27217, 31463, 1156, , 27217, 25000, 27621, 27755, 0, 
16, 1, 71, 327, -1, 180, 258, 16.8, 27, ABaraaaapp, 171, 27316, 23710, 868, , 27316, 25000, 27837, 27844, 0, 
17, 0, 106, -1, -1, 88, 263, 16.8, 29, , 267, 3126, 33222, 1112, , 29876, 25000, 26937, 26750, 0, 
18, 1, 14, 127, -1, 142, 175, 17.1, 27, ABalpppaaa, -60, 27806, 25248, 908, , 27806, 25000, 27192, 27142, 0, 
19, 1, 89, 35, -1, 281, 382, 11.4, 27, ABprpaaapa, 288, 26895, 26572, 988, , 26895, 25000, 28014, 28007, 0, 
20, 1, 136, 55, -1, 257, 287, 13.3, 28, ABaraapppa, 252, 26376, 28064, 1064, , 26376, 25000, 28184, 28289, 0, 
21, 1, 109, 178, -1, 279, 221, 7.2, 27, ABalpappap, 247, 28795, 24994, 868, , 28795, 25000, 31723, 32019, 0, 
22, 1, 252, 319, -1, 193, 312, 23.5, 29, ABalapppap, 248, 27316, 29501, 1080, , 27316, 25000, 27904, 27969, 0, 
23, 1, 257, 354, -1, 236, 381, 15.3, 26, ABpraaaapa, 247, 27701, 23712, 856, , 27701, 25000, 27782, 27657, 0, 
24, 1, 275, 162, -1, 234, 274, 21.4, 28, MSpaaapa, 266, 28128, 27790, 988, , 28128, 25000, 28113, 28191, 0, 
25, 1, 37, 121, -1, 313, 408, 18.7, 26, ABpraappaa, 215, 27435, 23484, 856, , 27435, 25000, 27587, 27566, 0, 
26, 1, 12, 106, -1, 131, 308, 18.4, 27, ABalaaappl, 57, 28361, 28021, 988, , 28361, 25000, 26951, 26891, 0, 
27, 1, 119, 77, -1, 479, 168, 14.5, 29, Capapa, 376, 27194, 29369, 1080, , 27194, 25000, 28741, 28765, 0, 
28, 1, 297, 75, -1, 243, 158, 18.6, 28, ABalpppppa, 250, 27684, 27352, 988, , 27684, 25000, 28214, 28472, 0, 
29, 1, 22, 149, -1, 267, 225, 15.6, 29, ABaraapapp, 230, 28208, 32608, 1156, , 28208, 25000, 29400, 29649, 0, 
30, 1, 127, 47, -1, 566, 346, 14.7, 28, ABprapapap, 274, 27259, 29004, 1064, , 27259, 25000, 27466, 27501, 0, 
31, 1, 152, 62, -1, 383, 146, 7.4, 25, ABplppaapa, 247, 28292, 23539, 832, , 28292, 25000, 31600, 31975, 0, 
32, 1, 126, 29, -1, 590, 291, 11.2, 26, ABprapappp, 179, 27173, 21630, 796, , 27173, 25000, 28161, 28205, 0, 
33, 1, 57, 15, -1, 337, 187, 14.1, 30, MSappaa, 288, 27832, 37740, 1356, , 27832, 25000, 28598, 28672, 0, 
34, 1, 253, 304, -1, 240, 201, 21.3, 28, MSapappa, 245, 28267, 30076, 1064, , 28267, 25000, 27649, 27662, 0, 
35, 1, 100, 123, -1, 586, 263, 21.5, 33, Cpaapp, 323, 28824, 46810, 1624, , 28824, 25000, 28247, 28247, 0, 
36, 1, 27, 145, -1, 433, 114, 19.0, 28, ABplapaapp, 416, 27299, 30793, 1128, , 27299, 25000, 27938, 28008, 0, 
37, 1, 341, 172, -1, 529, 169, 23.8, 31, ABarppappa, 296, 26945, 39448, 1464, , 26945, 25000, 28118, 28118, 0, 
38, 1, 345, 336, -1, 315, 215, 9.5, 33, ABalpapppp, 222, 27423, 44535, 1624, , 27423, 25000, 29293, 29212, 0, 
39, 1, 182, 300, -1, 405, 392, 19.7, 29, ABprapaaap, 240, 28026, 29932, 1068, , 28026, 25000, 28397, 28446, 0, 
40, 1, 222, 240, -1, 231, 303, 9.4, 28, ABarapaapa, 246, 27566, 27235, 988, , 27566, 25000, 28696, 28754, 0, 
41, 1, 191, 326, -1, 357, 215, 11.4, 29, MSaapapp, 272, 37588, 43452, 1156, , 37588, 25000, 29736, 29733, 0, 
42, 1, 338, 283, -1, 547, 286, 24.3, 35, Cpaapa, 343, 28534, 58209, 2040, , 28534, 25000, 28288, 28288, 0, 
43, 1, 161, 5, -1, 265, 162, 24.4, 29, ABplaapapp, 180, 27995, 32362, 1156, , 27995, 25000, 27738, 27635, 0, 
44, 1, 131, 138, -1, 326, 354, 15.2, 29, MSppppa, 278, 27017, 30043, 1112, , 27017, 25000, 27171, 27174, 0, 
45, 1, 347, 131, -1, 380, 240, 20.4, 33, Ealap, 334, 27762, 45530, 1640, , 27762, 25000, 28652, 28611, 0, 
46, 1, 225, 235, -1, 184, 275, 11.8, 26, ABaraaapaa, 260, 27099, 21571, 796, , 27099, 25000, 28119, 28111, 0, 
47, 1, 226, 339, -1, 602, 210, 15.5, 31, Cpapaa, 309, 27641, 34054, 1232, , 27641, 25000, 28484, 28502, 0, 
48, 1, 310, 39, -1, 262, 132, 17.2, 28, ABplpaapap, 220, 26946, 28347, 1052, , 26946, 25000, 27914, 27973, 0, 
49, 1, 326, 362, -1, 280, 232, 12.5, 27, MSaapaaa, 253, 38613, 34597, 896, , 38613, 25000, 30506, 30561, 0, 
50, 1, 219, 193, -1, 251, 141, 11.8, 26, ABplpaaaaa, -8, 27387, 21800, 796, , 27387, 25000, 27707, 27737, 0, 
51, 1, 150, 271, -1, 149, 269, 13.9, 25, ABaraaaapa, 202, 28814, 19824, 688, , 28814, 25000, 28001, 28004, 0, 
52, 1, 215, 308, -1, 567, 155, 17.3, 28, ABarppappp, 3, 29320, 31197, 1064, , 29320, 25000, 28388, 28395, 0, 
53, 1, 81, 56, -1, 566, 156, 12.8, 27, ABplapappp, -377, 28485, 24725, 868, , 28485, 25000, 28423, 28423, 0, 
54, 1, 213, 254, -1, 298, 293, 5.6, 27, ABarappaap, 83, 36112, 35679, 988, , 36112, 25000, 34383, 34090, 0, 
55, 1, 151, 4, -1, 336, 120, 11.0, 28, ABplppaaaa, 44, 26630, 30039, 1128, , 26630, 25000, 27433, 27482, 0, 
56, 1, 87, 28, -1, 559, 350, 18.4, 28, ABprapapaa, 203, 26890, 26567, 988, , 26890, 25000, 27876, 27905, 0, 
57, 1, 290, 7, -1, 219, 135, 18.3, 28, ABalpppapp, 171, 28723, 30561, 1064, , 28723, 25000, 27703, 27735, 0, 
58, 1, 239, 260, -1, 265, 306, 6.5, 26, ABarappaaa, 335, 35549, 31852, 896, , 35549, 25000, 33538, 33816, 0, 
59, 1, 264, 306, -1, 220, 167, 21.3, 28, ABalppppap, 159, 27867, 29651, 1064, , 27867, 25000, 27746, 27811, 0, 
60, 1, 289, 323, -1, 382, 298, 18.8, 33, Earap, 338, 28378, 49491, 1744, , 28378, 25000, 28681, 28732, 0, 
61, 1, 348, 64, -1, 382, 162, 14.2, 32, Daap, 310, 27939, 44926, 1608, , 27939, 25000, 28643, 28734, 0, 
62, 1, 352, 185, -1, 438, 165, 15.0, 29, Capaaa, 296, 27353, 33589, 1228, , 27353, 25000, 28458, 28479, 0, 
63, 1, 77, 57, -1, 265, 352, 10.2, 25, ABprpaaaaa, -114, 26793, 18862, 704, , 26793, 25000, 28150, 28116, 0, 
64, 1, 349, 152, -1, 341, 342, 25.0, 28, ABarpapppa, 219, 27949, 31526, 1128, , 27949, 25000, 28337, 28359, 0, 
65, 1, 171, 241, -1, 364, 325, 8.2, 27, ABprpapaap, 234, 27134, 23552, 868, , 27134, 25000, 29148, 28714, 0, 
66, 1, 329, 353, -1, 383, 265, 10.5, 29, MSpapapp, 232, 41431, 44745, 1080, , 41431, 25000, 31457, 31135, 0, 
67, 1, 295, 266, -1, 321, 163, 6.3, 28, ABalpapapp, -39, 38029, 40463, 1064, , 38029, 25000, 36625, 36681, 0, 
68, 1, 205, 108, -1, 404, 121, 10.8, 27, ABplppapap, 242, 26568, 23061, 868, , 26568, 25000, 27222, 27276, 0, 
69, 1, 67, 286, -1, 326, 252, 25.6, 33, ABarpaapap, 330, 27858, 45687, 1640, , 27858, 25000, 28744, 28759, 0, 
70, 1, 47, 321, -1, 279, 333, 7.7, 27, ABarappppa, 37, 28745, 26560, 924, , 28745, 25000, 30141, 29787, 0, 
71, 1, 320, 226, -1, 402, 166, 17.4, 31, Dapa, 313, 27411, 36511, 1332, , 27411, 25000, 28390, 28495, 0, 
72, 1, 307, 248, -1, 170, 350, 13.7, 27, ABalaappap, 239, 27295, 25221, 924, , 27295, 25000, 28300, 28263, 0, 
73, 1, 178, 46, -1, 542, 145, 20.3, 29, ABplapapaa, 257, 28223, 30142, 1068, , 28223, 25000, 28079, 28083, 0, 
74, 1, 60, 233, -1, 188, 217, 25.8, 28, ABplaaaaaa, 355, 29108, 30622, 1052, , 29108, 25000, 28396, 28361, 0, 
75, 1, 113, 34, -1, 261, 396, 17.3, 28, ABpraaaapp, 238, 27890, 29675, 1064, , 27890, 25000, 27380, 27406, 0, 
76, 1, 183, 166, -1, 291, 264, 17.4, 28, MSaaapp, -141, 27068, 26743, 988, , 27068, 25000, 28809, 28831, 0, 
77, 1, 342, 242, -1, 191, 341, 9.3, 26, ABalaapaap, 254, 26834, 22970, 856, , 26834, 25000, 27791, 27902, 0, 
78, 1, 203, 48, -1, 533, 131, 16.2, 28, ABplapapap, 0, 27241, 28658, 1052, , 27241, 25000, 28298, 28311, 0, 
79, 1, 17, 267, -1, 219, 248, 22.2, 30, MSaaaapa, 250, 28128, 37129, 1320, , 28128, 25000, 28077, 28032, 0, 
80, 1, 355, 192, -1, 281, 346, 15.0, 26, MSppapap, 266, 27980, 23839, 852, , 27980, 25000, 28414, 28394, 0, 
81, 1, 174, 334, -1, 420, 311, 9.9, 33, MSpappp, 217, 28284, 49101, 1736, , 28284, 25000, 28887, 28887, 0, 
82, 1, 42, 268, -1, 161, 322, 11.3, 25, ABalaapaaa, 243, 26459, 20215, 764, , 26459, 25000, 27733, 27692, 0, 
83, 1, 7, 37, -1, 211, 350, 17.7, 26, ABpraaapaa, 233, 27034, 23141, 856, , 27034, 25000, 27081, 27038, 0, 
84, 1, 39, 206, -1, 214, 164, 25.3, 30, ABplaapaap, 272, 28599, 37408, 1308, , 28599, 25000, 28335, 28338, 0, 
85, 1, 147, 119, -1, 142, 202, 18.6, 29, ABalapaapa, 271, 28279, 32691, 1156, , 28279, 25000, 27625, 27691, 0, 
86, 1, 157, 318, -1, 246, 151, 22.2, 28, ABplaapapa, 265, 27641, 29078, 1052, , 27641, 25000, 28577, 28696, 0, 
87, 1, 75, 163, -1, 567, 223, 9.7, 28, Caapa, 267, 27122, 28858, 1064, , 27122, 25000, 28897, 28886, 0, 
88, 1, 4, 295, -1, 169, 230, 23.5, 28, ABalapapap, 259, 28180, 30434, 1080, , 28180, 25000, 28575, 28572, 0, 
89, 1, 23, 32, -1, 245, 366, 23.4, 31, ABpraapaap, 290, 28574, 38061, 1332, , 28574, 25000, 27581, 27558, 0, 
90, 1, 91, 73, -1, 386, 254, 5.5, 29, ABprpappap, 221, 35910, 38783, 1080, , 35910, 25000, 35318, 35365, 0, 
91, 1, 208, 103, -1, 270, 306, 25.4, 27, ABarpapapa, 241, 27576, 27245, 988, , 27576, 25000, 27728, 27740, 0, 
92, 1, 313, 296, -1, 518, 234, 26.0, 33, Caaaap, 323, 28381, 51312, 1808, , 28381, 25000, 28369, 28309, 0, 
93, 1, 165, 17, -1, 281, 328, 12.0, 28, MSppaap, 79, 27619, 31154, 1128, , 27619, 25000, 28390, 28393, 0, 
94, 1, 154, 173, -1, 416, 283, 20.2, 32, Epraa, 322, 27379, 44025, 1608, , 27379, 25000, 28285, 28383, 0, 
95, 1, 221, 164, -1, 536, 290, 7.0, 24, ABprpppapp, 181, 29646, 18025, 608, , 29646, 25000, 32682, 32394, 0, 
96, 1, 96, 297, -1, 382, 221, 8.6, 27, MSaappa, 140, 27945, 27610, 988, , 27945, 25000, 28551, 28572, 0, 
97, 0, 162, -1, -1, 151, 254, 23.1, 26, , 227, -791, 21783, 800, , 27229, 25000, 27931, 28020, 0, 
98, 1, 303, 154, -1, 191, 158, 20.0, 28, ABalppppaa, 176, 27074, 30540, 1128, , 27074, 25000, 28023, 27872, 0, 
99, 1, 8, 13, -1, 498, 123, 16.7, 26, ABplappapp, 141, 27666, 23682, 856, , 27666, 25000, 27553, 27600, 0, 
100, 1, 128, 230, -1, 305, 139, 9.1, 28, ABalppappp, 43, 29131, 31694, 1088, , 29131, 25000, 28983, 29163, 0, 
101, 1, 325, 276, -1, 581, 199, 8.8, 25, Caappv, 532, 28807, 20280, 704, , 28807, 25000, 28609, 28686, 0, 
102, 1, 218, 332, -1, 556, 228, 6.6, 27, Cpappv, 180, 34603, 34188, 988, , 34603, 25000, 34273, 34342, 0, 
103, 0, 134, -1, -1, 365, 228, 5.6, 26, , 253, 1465, 30380, 832, , 36514, 25000, 35187, 35049, 0, 
104, 1, 2, 272, -1, 230, 370, 19.4, 27, ABpraaapap, 313, 27215, 26888, 988, , 27215, 25000, 27981, 27957, 0, 
105, 1, 291, 94, -1, 171, 189, 18.7, 27, ABalapaapp, 271, 26870, 24828, 924, , 26870, 25000, 28214, 28271, 0, 
106, 1, 255, 175, -1, 225, 368, 11.7, 25, ABalaapapp, 224, 28158, 21513, 764, , 28158, 25000, 27036, 26984, 0, 
107, 1, 305, 115, -1, 236, 323, 25.4, 29, ABarpapaap, 265, 27209, 31454, 1156, , 27209, 25000, 28200, 28137, 0, 
108, 1, 234, 322, -1, 203, 194, 14.6, 26, MSapaaap, 235, 27587, 22952, 832, , 27587, 25000, 28098, 28128, 0, 
109, 1, 209, 74, -1, 189, 195, 21.1, 28, ABalapappa, 247, 28739, 31268, 1088, , 28739, 25000, 28012, 28155, 0, 
110, 1, 102, 105, -1, 220, 168, 9.0, 27, ABalppapaa, 171, 28449, 29359, 1032, , 28449, 25000, 28711, 28794, 0, 
111, 1, 158, 12, -1, 321, 377, 11.0, 27, ABprpaaapp, 179, 27402, 28279, 1032, , 27402, 25000, 28034, 28036, 0, 
112, 1, 104, 237, -1, 388, 316, 6.5, 27, ABprpapapa, 233, 31864, 28550, 896, , 31864, 25000, 32505, 32588, 0, 
113, 1, 40, 346, -1, 216, 206, 9.6, 26, ABalpaaapa, 212, 27684, 23033, 832, , 27684, 25000, 28793, 28838, 0, 
114, 1, 314, 60, -1, 421, 239, 9.3, 29, MSpappa, 285, 27389, 29251, 1068, , 27389, 25000, 28814, 28745, 0, 
115, 1, 282, 201, -1, 370, 217, 26.8, 30, ABarppaaaa, 305, 29105, 38418, 1320, , 29105, 25000, 28221, 28303, 0, 
116, 1, 84, 176, -1, 264, 275, 10.4, 29, ABarapaapp, 126, 27914, 32269, 1156, , 27914, 25000, 28284, 28262, 0, 
117, 1, 49, 303, -1, 351, 199, 21.5, 33, MSapppp, 255, 28668, 46557, 1624, , 28668, 25000, 28669, 28700, 0, 
118, 1, 168, 356, -1, 373, 151, 22.4, 31, ABplapaaap, 243, 27568, 36720, 1332, , 27568, 25000, 28269, 28309, 0, 
119, 1, 76, 80, -1, 524, 368, 14.5, 29, ABprappapp, 346, 26891, 29042, 1080, , 26891, 25000, 28010, 27995, 0, 
120, 1, 61, 89, -1, 450, 146, 7.9, 26, ABplpppaaa, 238, 28719, 22975, 800, , 28719, 25000, 29950, 30225, 0, 
121, 1, 335, 3, -1, 405, 398, 13.2, 29, ABpraapppp, 294, 26682, 29670, 1112, , 26682, 25000, 28440, 28432, 0, 
122, 1, 160, 153, -1, 263, 246, 22.5, 28, MSaaaapp, 273, 28495, 30775, 1080, , 28495, 25000, 28353, 28330, 0, 
123, 1, 361, 320, -1, 550, 213, 22.6, 33, Caaapa, 331, 28665, 47010, 1640, , 28665, 25000, 27917, 27917, 0, 
124, 1, 362, 182, -1, 364, 362, 23.5, 28, ABarpapppp, 250, 27112, 29281, 1080, , 27112, 25000, 27781, 27775, 0, 
125, 1, 176, 199, -1, 465, 182, 19.7, 29, Dappp, 285, 26449, 28247, 1068, , 26449, 25000, 27877, 27941, 0, 
126, 1, 276, 324, -1, 348, 376, 8.7, 27, ABprppaaaa, 184, 28481, 26316, 924, , 28481, 25000, 28804, 28917, 0, 
127, 1, 311, 122, -1, 438, 126, 10.1, 27, ABplppappa, 137, 27458, 24932, 908, , 27458, 25000, 27871, 27823, 0, 
128, 1, 34, 125, -1, 223, 265, 24.8, 28, ABarpaaapa, 253, 27666, 29105, 1052, , 27666, 25000, 28101, 28101, 0, 
129, 1, 223, 71, -1, 187, 311, 7.9, 25, ABaraaappa, 225, 28857, 18353, 636, , 28857, 25000, 30364, 30491, 0, 
130, 1, 195, 281, -1, 570, 319, 9.3, 25, ABprappppa, 244, 28588, 21841, 764, , 28588, 25000, 27916, 27934, 0, 
131, 1, 148, 312, -1, 284, 344, 26.5, 28, ABarpappaa, 256, 27357, 29546, 1080, , 27357, 25000, 29197, 29294, 0, 
132, 1, 137, 187, -1, 372, 128, 10.0, 29, ABplppapaa, 252, 27604, 33898, 1228, , 27604, 25000, 27970, 28079, 0, 
133, 1, 260, 36, -1, 355, 263, 10.0, 26, MSpapapa, 467, 38075, 32440, 852, , 38075, 25000, 31164, 30182, 0, 
134, 1, 97, 112, -1, 295, 369, 8.9, 26, ABprpaaaap, 263, 27013, 21610, 800, , 27013, 25000, 28280, 28319, 0, 
135, 1, 173, 143, -1, 256, 333, 5.6, 28, ABarapppap, 223, 34170, 33760, 988, , 34170, 25000, 38082, 38593, 0, 
136, 1, 229, 33, -1, 394, 111, 16.5, 30, ABplaapppp, 299, 27157, 33457, 1232, , 27157, 25000, 28694, 28705, 0, 
137, 1, 32, 30, -1, 244, 220, 5.2, 28, ABalpapaap, 266, 38921, 40945, 1052, , 38921, 25000, 35774, 36254, 0, 
138, 1, 144, 316, -1, 327, 114, 15.2, 28, ABplpaappp, 258, 26875, 28273, 1052, , 26875, 25000, 27324, 27421, 0, 
139, 1, 267, 189, -1, 149, 258, 10.3, 27, ABaraaaaaa, 252, 28700, 26519, 924, , 28700, 25000, 27705, 27741, 0, 
140, 1, 317, 2, -1, 146, 327, 20.5, 27, ABalappapa, 251, 27644, 24769, 896, , 27644, 25000, 27303, 27193, 0, 
141, 1, 18, 52, -1, 459, 125, 16.9, 28, ABplappaap, 354, 27290, 29691, 1088, , 27290, 25000, 27834, 27927, 0, 
142, 1, 52, 11, -1, 243, 317, 16.6, 27, MSpaapaa, 225, 27629, 27297, 988, , 27629, 25000, 28477, 28430, 0, 
143, 1, 177, 84, -1, 217, 282, 11.2, 30, ABaraaapap, 255, 28030, 37000, 1320, , 28030, 25000, 28965, 29225, 0, 
144, 1, 351, 216, -1, 194, 179, 9.6, 27, ABalpaappp, 253, 28163, 27825, 988, , 28163, 25000, 27853, 27860, 0, 
145, 1, 334, 203, -1, 309, 306, 25.6, 30, ABarpapapp, 284, 28151, 32543, 1156, , 28151, 25000, 28862, 28898, 0, 
146, 1, 200, 277, -1, 489, 276, 6.9, 27, ABprpppppa, 223, 29366, 26664, 908, , 29366, 25000, 31705, 31447, 0, 
147, 1, 185, 118, -1, 270, 186, 17.5, 26, MSapapap, 265, 27586, 24717, 896, , 27586, 25000, 28238, 28232, 0, 
148, 1, 121, 10, -1, 259, 378, 13.3, 27, ABprpaapaa, 152, 27616, 25517, 924, , 27616, 25000, 28244, 28374, 0, 
149, 1, 94, 317, -1, 278, 207, 10.4, 29, ABalpapppa, 236, 28861, 33363, 1156, , 28861, 25000, 28836, 28640, 0, 
150, 1, 51, 214, -1, 202, 364, 14.1, 27, ABpraaaaaa, 140, 26744, 24284, 908, , 26744, 25000, 27484, 27605, 0, 
151, 1, 199, 156, -1, 212, 248, 14.5, 27, ABaraapaap, 448, 29161, 26128, 896, , 29161, 25000, 28117, 28157, 0, 
152, 1, 69, 231, -1, 320, 355, 7.6, 27, ABarappppp, -9, 29002, 28654, 988, , 29002, 25000, 30864, 31220, 0, 
153, 1, 111, 171, -1, 441, 344, 6.2, 27, ABprppaapp, 193, 32667, 28355, 868, , 32667, 25000, 33164, 33099, 0, 
154, 1, 207, 210, -1, 208, 291, 19.5, 30, MSpaaaap, 286, 27215, 33529, 1232, , 27215, 25000, 28056, 28034, 0, 
155, 1, 210, 288, -1, 545, 131, 12.1, 28, ABplapappa, 156, 26653, 28999, 1088, , 26653, 25000, 28031, 28010, 0, 
156, 1, 189, 350, -1, 513, 152, 10.5, 28, ABplapppap, 46, 27632, 29843, 1080, , 27632, 25000, 27921, 27914, 0, 
157, 1, 287, 269, -1, 320, 231, 12.3, 26, MSaapapa, 229, 35657, 30522, 856, , 35657, 25000, 29535, 29518, 0, 
158, 1, 125, 249, -1, 528, 270, 14.8, 32, Eprpp, 321, 27269, 43849, 1608, , 27269, 25000, 28844, 28869, 0, 
159, 1, 122, 104, -1, 215, 204, 6.2, 27, ABalpapaaa, 267, 35672, 30963, 868, , 35672, 25000, 36083, 35870, 0, 
160, 1, 339, 365, -1, 215, 335, 21.1, 26, ABalappppa, 264, 25933, 20746, 800, , 25933, 25000, 28199, 28151, 0, 
161, 1, 56, 44, -1, 148, 263, 17.1, 25, MSaaaaaa, 146, 27084, 18634, 688, , 27084, 25000, 27432, 27494, 0, 
162, 1, 58, 113, -1, 215, 244, 6.6, 25, ABalpaaaap, 232, 33353, 27750, 832, , 33353, 25000, 34557, 34552, 0, 
163, 1, 11, 97, -1, 272, 373, 22.3, 29, ABpraapapa, 252, 27964, 29866, 1068, , 27964, 25000, 27823, 27901, 0, 
164, 1, 146, 160, -1, 210, 381, 16.9, 25, ABpraaaaap, 286, 27208, 18719, 688, , 27208, 25000, 27108, 27133, 0, 
165, 1, 306, 278, -1, 467, 277, 18.5, 32, Eprap, 322, 27070, 38764, 1432, , 27070, 25000, 28646, 28521, 0, 
166, 1, 246, 197, -1, 235, 332, 12.5, 26, MSppaaap, 219, 27276, 24439, 896, , 27276, 25000, 27542, 27604, 0, 
167, 1, 59, 294, -1, 246, 269, 6.2, 25, ABarapaaap, 222, 34665, 24404, 704, , 34665, 25000, 34346, 34531, 0, 
168, 1, 277, 270, -1, 146, 332, 15.4, 29, ABalaaappr, 264, 26446, 30571, 1156, , 26446, 25000, 27905, 28046, 0, 
169, 1, 175, 110, -1, 414, 222, 6.1, 29, ABplpapppa, 263, 33854, 38594, 1140, , 33854, 25000, 33425, 33387, 0, 
170, 1, 145, 22, -1, 209, 303, 26.5, 30, ABarpapaaa, 275, 27551, 33943, 1232, , 27551, 25000, 29097, 29272, 0, 
171, 1, 359, 309, -1, 538, 152, 8.7, 27, ABplappppa, 397, 28391, 26233, 924, , 28391, 25000, 28402, 28368, 0, 
172, 1, 333, 67, -1, 580, 333, 12.4, 29, ABprapappa, 43, 26147, 30226, 1156, , 26147, 25000, 27494, 27576, 0, 
173, 1, 258, 347, -1, 498, 198, 9.8, 28, Capapp, 266, 28151, 29615, 1052, , 28151, 25000, 28401, 28411, 0, 
174, 1, 41, 211, -1, 447, 229, 5.4, 26, ABplpapppp, 165, 33918, 28220, 832, , 33918, 25000, 33365, 33230, 0, 
175, 1, 272, 136, -1, 400, 242, 16.3, 32, Ealpp, 314, 27883, 44167, 1584, , 27883, 25000, 29606, 29600, 0, 
176, 1, 33, 198, -1, 224, 286, 15.6, 27, ABaraappap, -97, 27511, 27181, 988, , 27511, 25000, 28689, 28720, 0, 
177, 1, 330, 191, -1, 224, 187, 16.8, 27, MSapapaa, 268, 27980, 24287, 868, , 27980, 25000, 28129, 28204, 0, 
178, 1, 143, 38, -1, 475, 344, 23.8, 30, ABarpppapp, 272, 28742, 37940, 1320, , 28742, 25000, 28346, 28313, 0, 
179, 1, 265, 265, -1, 507, 330, 7.7, 27, ABprpppaap, 214, 28982, 26779, 924, , 28982, 25000, 30361, 30348, 0, 
180, 1, 64, 333, -1, 334, 151, 13.4, 29, MSappap, 255, 28193, 32591, 1156, , 28193, 25000, 28174, 28204, 0, 
181, 1, 302, 51, -1, 317, 247, 20.4, 33, Ealaa, 323, 28434, 46631, 1640, , 28434, 25000, 29108, 29109, 0, 
182, 1, 45, 259, -1, 498, 308, 25.2, 33, Cpaaap, 120, 27544, 48036, 1744, , 27544, 25000, 28052, 28057, 0, 
183, 1, 321, 78, -1, 141, 226, 20.7, 28, ABalapaaap, 178, 28300, 30111, 1064, , 28300, 25000, 27537, 27503, 0, 
184, 1, 103, 331, -1, 289, 225, 25.8, 30, ABplaaaapp, 143, 27652, 36501, 1320, , 27652, 25000, 28362, 28327, 0, 
185, 1, 190, 345, -1, 277, 285, 20.3, 31, MSpaaapp, 348, 27987, 38286, 1368, , 27987, 25000, 28489, 28469, 0, 
186, 1, 54, 58, -1, 306, 362, 21.6, 30, ABpraapapp, -65, 27304, 31563, 1156, , 27304, 25000, 27917, 27933, 0, 
187, 1, 170, 299, -1, 318, 125, 21.5, 29, ABplaappap, 101, 27612, 29821, 1080, , 27612, 25000, 28363, 28394, 0, 
188, 1, 83, 228, -1, 303, 327, 5.4, 28, ABarappapa, 241, 36683, 36243, 988, , 36683, 25000, 36524, 36954, 0, 
189, 1, 112, 20, -1, 266, 365, 18.5, 27, ABpraaappa, -253, 27424, 24572, 896, , 27424, 25000, 27919, 27998, 0, 
190, 1, 242, 155, -1, 246, 181, 12.8, 29, MSapaap, 75, 27619, 30712, 1112, , 27619, 25000, 28195, 28197, 0, 
191, 1, 202, 102, -1, 271, 155, 9.0, 26, ABalppappa, 254, 27669, 23574, 852, , 27669, 25000, 28920, 28980, 0, 
192, 1, 263, -1, -1, 178, 152, 12.9, 23, ABalppaapa, 202, 26938, 13361, 496, , 26938, 25000, 27027, 26837, 0, 
193, 1, 169, 349, -1, 537, 335, 10.1, 28, ABprapppap, 641, 26471, 28800, 1088, , 26471, 25000, 27852, 27777, 0, 
194, 1, 88, 343, -1, 269, 303, 16.5, 22, MSpaapap, 134, 27834, 14251, 512, , 27834, 25000, 27774, 27687, 0, 
195, 1, 86, 117, -1, 361, 285, 5.2, 29, ABprpappaa, 284, 35887, 39906, 1112, , 35887, 25000, 34087, 34217, 0, 
196, 1, 46, 219, -1, 227, 354, 8.7, 26, ABarapppaa, 261, 27883, 23868, 856, , 27883, 25000, 28778, 28824, 0, 
197, 1, 50, 129, -1, 274, 275, 26.3, 29, ABarpaapaa, 263, 27950, 29851, 1068, , 27950, 25000, 28094, 28146, 0, 
198, 1, 354, 45, -1, 447, 273, 12.1, 34, Z2, 81, 27089, 53527, 1976, , 27089, 25000, 28593, 28618, 0, 
199, 1, 38, 195, -1, 198, 352, 23.8, 28, ABpraapaaa, 381, 28150, 29614, 1052, , 28150, 25000, 27623, 27665, 0, 
200, 1, 192, 280, -1, 257, 190, 26.5, 27, ABplaaapaa, 413, 27219, 24388, 896, , 27219, 25000, 28025, 28099, 0, 
201, 1, 129, 251, -1, 339, 395, 20.8, 30, ABpraappap, 262, 28317, 37378, 1320, , 28317, 25000, 28336, 28303, 0, 
202, 1, 237, 68, -1, 488, 327, 14.6, 30, Cppapa, 278, 28801, 33294, 1156, , 28801, 25000, 28600, 28645, 0, 
203, 1, 271, 86, -1, 386, 367, 8.2, 28, ABprppapaa, 239, 28013, 29470, 1052, , 28013, 25000, 29654, 29671, 0, 
204, 1, 155, 351, -1, 257, 233, 26.1, 28, ABplaaaapa, 232, 28199, 30681, 1088, , 28199, 25000, 28218, 28414, 0, 
205, 1, 211, 342, -1, 241, 228, 10.6, 28, ABalpaaapp, 225, 28072, 27735, 988, , 28072, 25000, 28386, 28373, 0, 
206, 1, 142, 93, -1, 494, 364, 9.1, 25, ABprppappp, 237, 27605, 18992, 688, , 27605, 25000, 27681, 27670, 0, 
207, 1, 78, 213, -1, 387, 181, 25.7, 31, ABarppaaap, 296, 28048, 38370, 1368, , 28048, 25000, 28633, 28746, 0, 
208, 1, 36, 24, -1, 220, 288, 6.6, 27, ABarapaaaa, 236, 32235, 31848, 988, , 32235, 25000, 32800, 32947, 0, 
209, 1, 10, 61, -1, 291, 282, 13.5, 27, ABaraapppp, 191, 28117, 25193, 896, , 28117, 25000, 29212, 29152, 0, 
210, 1, 288, 274, -1, 122, 272, 16.3, 28, ABalaaapar, 217, 26829, 28546, 1064, , 26829, 25000, 27085, 27181, 0, 
211, 1, 327, 218, -1, 326, 319, 12.6, 30, MSpppaa, 269, 28235, 32640, 1156, , 28235, 25000, 28378, 28289, 0, 
212, 1, 220, 40, -1, 461, 179, 6.3, 29, ABplppppap, 290, 32766, 34994, 1068, , 32766, 25000, 32830, 33054, 0, 
213, 1, 95, 302, -1, 353, 119, 18.5, 30, ABplaapppa, 281, 27066, 33345, 1232, , 27066, 25000, 28363, 28363, 0, 
214, 1, 323, 157, -1, 360, 335, 5.4, 28, ABarappapp, 326, 37284, 36837, 988, , 37284, 25000, 36018, 36300, 0, 
215, 1, 296, 120, -1, 473, 125, 11.4, 27, ABplppappp, 68, 27379, 27050, 988, , 27379, 25000, 27849, 27743, 0, 
216, 1, 231, 111, -1, 510, 231, 6.1, 28, ABplpppppp, 121, 33385, 36323, 1088, , 33385, 25000, 34633, 34650, 0, 
217, 1, 283, 96, -1, 446, 391, 13.1, 27, ABprappaaa, 270, 26661, 24208, 908, , 26661, 25000, 28408, 28393, 0, 
218, 1, 280, 205, -1, 385, 369, 20.8, 29, ABprapaaaa, 257, 27069, 30101, 1112, , 27069, 25000, 28283, 28345, 0, 
219, 1, 247, 23, -1, 350, 179, 25.5, 31, ABplaaappp, 266, 28726, 35391, 1232, , 28726, 25000, 28638, 28812, 0, 
220, 1, 101, 207, -1, 190, 292, 15.2, 27, ABaraappaa, 429, 27757, 24093, 868, , 27757, 25000, 27909, 27977, 0, 
221, 1, 105, 194, -1, 345, 150, 22.8, 29, ABplapaaaa, 161, 27391, 30459, 1112, , 27391, 25000, 28257, 28242, 0, 
222, 1, 44, 158, -1, 511, 184, 16.5, 31, Cappap, 285, 27428, 33791, 1232, , 27428, 25000, 28433, 28574, 0, 
223, 1, 324, 359, -1, 144, 267, 20.2, 26, ABalappaap, 245, 27624, 21989, 796, , 27624, 25000, 27399, 27341, 0, 
224, 1, 153, 85, -1, 167, 293, 10.2, 26, ABaraaaaap, 333, 27644, 22005, 796, , 27644, 25000, 27583, 27666, 0, 
225, 1, 241, 208, -1, 463, 133, 23.4, 29, ABarppapap, 291, 28237, 32642, 1156, , 28237, 25000, 27833, 27785, 0, 
226, 1, 130, 261, -1, 245, 165, 7.9, 27, ABalppapap, 225, 27796, 25239, 908, , 27796, 25000, 31343, 31903, 0, 
227, 1, 224, 252, -1, 340, 401, 13.3, 27, ABprpaappp, 350, 26798, 24761, 924, , 26798, 25000, 27514, 27511, 0, 
228, 1, 186, 311, -1, 183, 349, 17.7, 30, ABalaapppp, 227, 27081, 35422, 1308, , 27081, 25000, 27302, 27322, 0, 
229, 1, 66, 95, -1, 328, 291, 17.8, 33, Earaa, 326, 27933, 48715, 1744, , 27933, 25000, 28949, 28961, 0, 
230, 1, 261, 301, -1, 337, 204, 5.4, 32, ABplpappaa, 191, 35508, 52694, 1484, , 35508, 25000, 34613, 34616, 0, 
231, 1, 140, 360, -1, 529, 256, 5.7, 28, ABprpppppp, 253, 38197, 40642, 1064, , 38197, 25000, 38113, 38521, 0, 
232, 1, 123, 50, -1, 324, 324, 8.3, 26, ABprpapaaa, 232, 28605, 24486, 856, , 28605, 25000, 30064, 30127, 0, 
233, 1, 74, 229, -1, 203, 235, 10.7, 29, ABalpaapap, 260, 28127, 30040, 1068, , 28127, 25000, 28524, 28516, 0, 
234, 1, 31, 310, -1, 429, 321, 25.8, 31, ABarpppapa, 317, 28814, 42183, 1464, , 28814, 25000, 28402, 28338, 0, 
235, 1, 233, 8, -1, 295, 399, 13.8, 26, ABprpaapap, 171, 27285, 21719, 796, , 27285, 25000, 27670, 27765, 0, 
236, 1, 197, 215, -1, 164, 239, 12.8, 26, ABalpaapaa, 236, 27902, 22210, 796, , 27902, 25000, 28331, 28344, 0, 
237, 1, 99, 134, -1, 453, 362, 8.8, 26, ABprppappa, -336, 28312, 22536, 796, , 28312, 25000, 28833, 28919, 0, 
238, 1, 20, 65, -1, 302, 374, 18.5, 29, ABpraaappp, 291, 27641, 29852, 1080, , 27641, 25000, 27584, 27489, 0, 
239, 1, 93, 357, -1, 480, 144, 8.4, 27, ABplpppaap, 210, 28828, 28482, 988, , 28828, 25000, 28746, 28736, 0, 
240, 1, 139, 91, -1, 484, 384, 14.2, 27, ABprappaap, 264, 28834, 25028, 868, , 28834, 25000, 27883, 27877, 0, 
241, 1, 55, 1, -1, 123, 241, 18.5, 27, ABalapaaaa, -262, 27484, 24626, 896, , 27484, 25000, 27105, 27157, 0, 
242, 1, 172, 244, -1, 433, 183, 7.4, 27, ABplppppaa, 231, 27566, 27235, 988, , 27566, 25000, 31244, 31067, 0, 
243, 1, 28, 70, -1, 220, 322, 7.6, 25, ABaraaappp, 203, 31591, 26284, 832, , 31591, 25000, 31065, 31547, 0, 
244, 1, 281, 25, -1, 247, 232, 7.7, 27, ABalpappaa, 240, 27518, 25427, 924, , 27518, 25000, 30962, 30215, 0, 
245, 1, 328, 18, -1, 473, 294, 10.0, 30, Cppaap, 234, 28157, 37956, 1348, , 28157, 25000, 29237, 29215, 0, 
246, 1, 24, 188, -1, 500, 137, 12.7, 26, ABplapppaa, 181, 27282, 23353, 856, , 27282, 25000, 27796, 27910, 0, 
247, 1, 217, 202, -1, 271, 185, 6.3, 29, ABalpapapa, 248, 35224, 37619, 1068, , 35224, 25000, 36771, 37106, 0, 
248, 1, 180, 344, -1, 238, 284, 26.5, 26, ABarpaaapp, 200, 29064, 26041, 896, , 29064, 25000, 28568, 28753, 0, 
249, 1, 107, 340, -1, 349, 239, 16.0, 31, Ealpa, 272, 28604, 45195, 1580, , 28604, 25000, 29742, 29756, 0, 
250, 1, 117, 222, -1, 174, 335, 20.7, 27, ABalappapp, 225, 26464, 24453, 924, , 26464, 25000, 27529, 27534, 0, 
251, 1, 227, 220, -1, 530, 349, 21.5, 30, ABarpppppa, 749, 27669, 34088, 1232, , 27669, 25000, 27776, 27776, 0, 
252, 1, 232, 21, -1, 432, 114, 15.0, 28, ABplappaaa, 261, 27315, 30811, 1128, , 27315, 25000, 27878, 27881, 0, 
253, 1, 184, 107, -1, 589, 308, 17.8, 30, ABarpppppp, 291, 28445, 37548, 1320, , 28445, 25000, 28353, 28353, 0, 
254, 1, 115, 26, -1, 423, 374, 9.4, 26, ABprppapap, 5, 27132, 22574, 832, , 27132, 25000, 28505, 28590, 0, 
255, 1, 116, 135, -1, 423, 348, 19.3, 29, Dpppa, 235, 26906, 28736, 1068, , 26906, 25000, 28142, 28154, 0, 
256, 1, 13, 137, -1, 459, 401, 17.4, 28, ABprapaapp, 242, 26682, 26362, 988, , 26682, 25000, 27877, 27908, 0, 
257, 1, 318, 27, -1, 537, 253, 9.3, 30, Cppppp, 286, 29245, 38252, 1308, , 29245, 25000, 28596, 28611, 0, 
258, 1, 63, 257, -1, 429, 239, 19.7, 32, Eplaa, 303, 27703, 43882, 1584, , 27703, 25000, 28562, 28549, 0, 
259, 1, 156, -1, -1, 370, 398, 10.7, 23, ABprppaaap, 126, 28057, 16610, 592, , 28057, 25000, 27994, 27994, 0, 
260, 1, 166, 250, -1, 584, 192, 12.4, 30, Caappd, 283, 27110, 31339, 1156, , 27110, 25000, 28469, 28510, 0, 
261, 1, 193, 247, -1, 497, 332, 18.5, 30, Cpppaa, 104, 26795, 33012, 1232, , 26795, 25000, 27923, 27896, 0, 
262, 0, -1, -1, -1, 379, 117, 13.3, 23, , -316, -1374, 16395, 592, , 27694, 25000, 29073, 29068, 0, 
263, 1, 29, 130, -1, 250, 342, 14.9, 26, MSppapaa, 615, 27233, 21786, 800, , 27233, 25000, 28015, 28054, 0, 
264, 1, 163, 212, -1, 370, 360, 16.0, 29, Dpaa, 414, 27396, 33642, 1228, , 27396, 25000, 28067, 28093, 0, 
265, 1, 133, 234, -1, 600, 258, 12.3, 30, Cpappd, 305, 27235, 35624, 1308, , 27235, 25000, 28674, 28713, 0, 
266, 1, 201, 204, -1, 507, 380, 18.2, 29, ABprappapa, 128, 28454, 31641, 1112, , 28454, 25000, 28232, 28237, 0, 
267, 1, 244, 279, -1, 194, 323, 12.7, 26, MSppaaaa, -64, 29268, 25053, 856, , 29268, 25000, 28251, 28299, 0, 
268, 1, 1, 6, -1, 393, 123, 22.3, 27, ABplapaapa, 47, 28173, 26032, 924, , 28173, 25000, 28008, 28079, 0, 
269, 1, 344, 209, -1, 464, 210, 11.1, 30, Capaap, 166, 28218, 38263, 1356, , 28218, 25000, 28571, 28586, 0, 
270, 1, 5, 289, -1, 162, 206, 9.6, 26, ABalpaappa, 223, 27319, 22729, 832, , 27319, 25000, 28825, 28850, 0, 
271, 1, 308, 358, -1, 122, 276, 18.9, 24, ABalappaaa, 211, 28070, 16954, 604, , 28070, 25000, 27020, 26999, 0, 
272, 1, 92, 146, -1, 608, 263, 17.2, 31, Cpapap, 305, 27160, 39762, 1464, , 27160, 25000, 28315, 28315, 0, 
273, 1, 293, 258, -1, 285, 136, 11.7, 29, ABplpaaaap, 201, 27149, 28995, 1068, , 27149, 25000, 28116, 28078, 0, 
274, 1, 6, 87, -1, 313, 272, 10.7, 27, MSpapaaa, -66, 40045, 37002, 924, , 40045, 25000, 31539, 31324, 0, 
275, 1, 3, 169, -1, 444, 259, 26.1, 35, Cpaaaa, 25, 27077, 55995, 2068, , 27077, 25000, 28405, 28415, 0, 
276, 1, 214, 141, -1, 510, 288, 10.1, 29, Cppapp, 292, 28857, 34859, 1208, , 28857, 25000, 29053, 29148, 0, 
277, 1, 256, 151, -1, 413, 331, 5.7, 25, ABprppaapa, 232, 33971, 25954, 764, , 33971, 25000, 34287, 34376, 0, 
278, 1, 262, 181, -1, 416, 146, 7.6, 26, ABplppaapp, 246, 29154, 24256, 832, , 29154, 25000, 30977, 31184, 0, 
279, 1, 357, 363, -1, 518, 302, 5.4, 22, ABprpppapa, 145, 39591, 22646, 572, , 39591, 25000, 38063, 38335, 0, 
280, 1, 250, 183, -1, 404, 351, 25.8, 32, ABarpppaap, 259, 28810, 46326, 1608, , 28810, 25000, 28555, 28663, 0, 
281, 1, 273, 168, -1, 482, 224, 18.6, 33, Eplap, 117, 28330, 46462, 1640, , 28330, 25000, 28541, 28413, 0, 
282, 1, 356, 348, -1, 307, 170, 9.6, 27, ABplpapaaa, 213, 28210, 27871, 988, , 28210, 25000, 29031, 29052, 0, 
283, 1, 315, 364, -1, 309, 347, 24.7, 28, ABarpappap, 284, 27712, 29486, 1064, , 27712, 25000, 28443, 28553, 0, 
284, 1, 90, 79, -1, 451, 338, 13.4, 30, Cppaaa, 294, 28161, 32554, 1156, , 28161, 25000, 28850, 28863, 0, 
285, 1, 187, 217, -1, 516, 353, 11.5, 25, ABprapppaa, 256, 27432, 21068, 768, , 27432, 25000, 27977, 27982, 0, 
286, 0, -1, -1, -1, 132, 183, 13.8, 27, , -196, -1016, 22986, 868, , 26482, 25000, 27448, 27498, 0, 
287, 1, 212, 236, -1, 533, 318, 16.5, 30, Cpppap, 219, 27174, 33478, 1232, , 27174, 25000, 28644, 28665, 0, 
288, 1, 68, 232, -1, 531, 179, 14.6, 30, Capppa, 482, 28058, 32435, 1156, , 28058, 25000, 28513, 28713, 0, 
289, 0, 65, -1, -1, 516, 192, 6.1, 24, , -241, -1899, 20889, 604, , 34584, 25000, 36310, 36483, 0, 
290, 1, 350, 243, -1, 366, 289, 25.6, 32, ABarpaappa, 308, 28659, 42530, 1484, , 28659, 25000, 28442, 28442, 0, 
291, 1, 319, 174, -1, 352, 172, 18.2, 30, Daaa, 272, 27964, 36913, 1320, , 27964, 25000, 28696, 28709, 0, 
292, 1, 353, 256, -1, 200, 360, 11.0, 24, ABalaapapa, 202, 27533, 16740, 608, , 27533, 25000, 27419, 27461, 0, 
293, 1, 266, 315, -1, 479, 221, 7.5, 27, ABplpppppa, 26, 27306, 24466, 896, , 27306, 25000, 30738, 30754, 0, 
294, 1, 141, 264, -1, 224, 224, 26.1, 29, ABplaaaaap, 262, 28707, 34678, 1208, , 28707, 25000, 28129, 28279, 0, 
295, 1, 167, 66, -1, 173, 281, 24.6, 28, ABarpaaaaa, 277, 28720, 28375, 988, , 28720, 25000, 28749, 28881, 0, 
296, 1, 299, 81, -1, 365, 404, 16.5, 29, ABpraapppa, 263, 27742, 29961, 1080, , 27742, 25000, 28102, 28102, 0, 
297, 1, 85, 282, -1, 551, 301, 13.2, 30, Cppppa, 307, 27482, 36276, 1320, , 27482, 25000, 28090, 28082, 0, 
298, 1, 26, 263, -1, 228, 196, 24.2, 26, ABalapappp, 250, 27170, 21627, 796, , 27170, 25000, 28074, 28126, 0, 
299, 1, 116, 19, -1, 460, 325, 18.4, 29, Dpppp, 289, 28751, 33236, 1156, , 28751, 25000, 27958, 28001, 0, 
300, 1, 198, 307, -1, 140, 300, 13.0, 27, ABalaaaarr, 205, 27512, 28392, 1032, , 27512, 25000, 27658, 27573, 0, 
301, 1, 53, 88, -1, 349, 344, 19.1, 29, MSppppp, 289, 27933, 33743, 1208, , 27933, 25000, 28178, 28182, 0, 
302, 1, 164, 227, -1, 127, 247, 12.9, 25, ABalaaaarl, 162, 26231, 18047, 688, , 26231, 25000, 26860, 26897, 0, 
303, 1, 19, 314, -1, 392, 379, 24.6, 28, ABarpppaaa, 270, 26974, 26650, 988, , 26974, 25000, 27341, 27416, 0, 
304, 1, 194, 325, -1, 534, 196, 10.8, 27, Capppp, 49, 27627, 23980, 868, , 27627, 25000, 28574, 28552, 0, 
305, 1, 16, 41, -1, 301, 132, 17.5, 28, ABplpaappa, 233, 26909, 29062, 1080, , 26909, 25000, 27981, 28058, 0, 
306, 1, 79, 190, -1, 473, 344, 6.5, 27, ABprpppaaa, 199, 32608, 29217, 896, , 32608, 25000, 33167, 33524, 0, 
307, 1, 188, 196, -1, 163, 293, 16.6, 26, MSpaaaaa, 147, 26941, 22415, 832, , 26941, 25000, 28103, 28136, 0, 
308, 1, 236, 72, -1, 125, 217, 15.6, 28, ABalaaapal, 448, 27117, 26792, 988, , 27117, 25000, 27667, 27682, 0, 
309, 1, 196, 9, -1, 239, 220, 14.6, 29, ABaraapapa, 286, 27499, 31789, 1156, , 27499, 25000, 28147, 28274, 0, 
310, 1, 124, 76, -1, 512, 230, 12.5, 31, Eplpp, 331, 26734, 32936, 1232, , 26734, 25000, 28971, 28974, 0, 
311, 1, 343, 53, -1, 160, 173, 14.2, 27, ABalppaaap, 145, 26679, 23157, 868, , 26679, 25000, 27706, 27788, 0, 
312, 1, 230, 54, -1, 338, 268, 7.3, 31, ABarapappp, 308, 28901, 39536, 1368, , 28901, 25000, 32215, 32037, 0, 
313, 1, 340, 238, -1, 479, 378, 21.4, 30, ABarppppap, 328, 27334, 31598, 1156, , 27334, 25000, 28406, 28411, 0, 
314, 1, 135, 63, -1, 420, 207, 11.9, 33, Z3, 330, 28174, 48910, 1736, , 28174, 25000, 28470, 28500, 0, 
315, 1, 235, 167, -1, 549, 190, 7.1, 26, ABplappppp, 261, 32570, 26056, 800, , 32570, 25000, 33869, 33819, 0, 
316, 1, 240, 179, -1, 425, 284, 15.6, 31, Earpp, 302, 27113, 36115, 1332, , 27113, 25000, 28866, 28840, 0, 
317, 1, 98, 124, -1, 303, 323, 19.9, 27, MSppappp, 263, 28963, 26298, 908, , 28963, 25000, 27852, 27842, 0, 
318, 1, 268, 142, -1, 207, 148, 12.9, 26, ABalppaapp, 264, 26729, 21383, 800, , 26729, 25000, 27839, 27923, 0, 
319, 1, 346, 313, -1, 370, 293, 14.1, 31, Earpa, 314, 27517, 40725, 1480, , 27517, 25000, 29838, 29722, 0, 
320, 1, 254, 285, -1, 474, 252, 5.8, 26, ABprpapppp, 261, 36913, 29383, 796, , 36913, 25000, 33438, 33563, 0, 
321, 1, 337, 225, -1, 301, 202, 20.6, 28, MSapappp, 222, 27114, 26789, 988, , 27114, 25000, 28539, 28534, 0, 
322, 1, 285, 161, -1, 425, 194, 26.2, 32, ABarppaapa, 301, 28215, 45369, 1608, , 28215, 25000, 28082, 28103, 0, 
323, 1, 249, 328, -1, 479, 316, 6.5, 27, ABprppppap, 234, 32087, 28750, 896, , 32087, 25000, 32806, 33343, 0, 
324, 1, 108, 253, -1, 494, 128, 21.2, 30, ABplappapa, 296, 28252, 37292, 1320, , 28252, 25000, 27909, 27934, 0, 
325, 1, 216, 14, -1, 515, 237, 18.2, 33, Eplpa, 290, 28774, 50182, 1744, , 28774, 25000, 28465, 28402, 0, 
326, 1, 292, 116, -1, 348, 348, 12.1, 28, MSpppap, -88, 27679, 30115, 1088, , 27679, 25000, 27847, 27818, 0, 
327, 1, 358, 186, -1, 331, 278, 13.4, 28, MSpapaap, 281, 43095, 42578, 988, , 43095, 25000, 32515, 32335, 0, 
328, 1, 120, 290, -1, 152, 350, 17.8, 28, ABalaapppa, 218, 27534, 28966, 1052, , 27534, 25000, 27072, 27138, 0, 
329, 1, 336, 165, -1, 181, 251, 20.5, 29, MSaaaaap, 258, 27394, 29586, 1080, , 27394, 25000, 28099, 28131, 0, 
330, 1, 363, 223, -1, 267, 227, 19.1, 29, MSaaapap, 298, 28056, 33892, 1208, , 28056, 25000, 28476, 28433, 0, 
331, 1, 179, 49, -1, 414, 292, 5.7, 27, ABprpapapp, 225, 35637, 32929, 924, , 35637, 25000, 32870, 32934, 0, 
332, 1, 248, 273, -1, 416, 145, 24.9, 30, ABarppapaa, 30, 28297, 38371, 1356, , 28297, 25000, 28030, 28033, 0, 
333, 1, 245, 126, -1, 564, 276, 8.0, 27, ABprappppp, 218, 27919, 28812, 1032, , 27919, 25000, 30011, 30035, 0, 
334, 1, 80, 92, -1, 398, 178, 10.7, 31, MSaappp, 213, 26725, 36560, 1368, , 26725, 25000, 28013, 28030, 0, 
335, 1, 35, 184, -1, 425, 409, 18.8, 27, ABprapaapa, 9, 28134, 24420, 868, , 28134, 25000, 27636, 27565, 0, 
336, 1, 204, 262, -1, 430, 265, 6.8, 28, ABprpapppa, 276, 31469, 33105, 1052, , 31469, 25000, 31992, 31940, 0, 
337, 1, 159, 132, -1, 460, 164, 25.9, 30, ABarppaapp, 258, 28646, 38844, 1356, , 28646, 25000, 28485, 28484, 0, 
338, 1, 114, 82, -1, 183, 251, 14.2, 28, ABaraapaaa, 129, 28141, 29604, 1052, , 28141, 25000, 27969, 27933, 0, 
339, 1, 21, 150, -1, 308, 227, 16.1, 30, MSaapaap, 248, 36347, 49286, 1356, , 36347, 25000, 30404, 30473, 0, 
340, 1, 259, 83, -1, 377, 176, 7.2, 28, ABplpapapa, 273, 29726, 31272, 1052, , 29726, 25000, 32659, 32837, 0, 
341, 1, 9, 292, -1, 256, 330, 19.5, 29, MSppappa, 205, 27585, 29792, 1080, , 27585, 25000, 28310, 28393, 0, 
342, 1, 316, 337, -1, 311, 171, 17.9, 29, MSapppa, 292, 28438, 34353, 1208, , 28438, 25000, 28093, 28114, 0, 
343, 1, 300, 330, -1, 224, 243, 18.4, 31, MSaaapaa, 251, 27505, 36637, 1332, , 27505, 25000, 28661, 28675, 0, 
344, 1, 322, 69, -1, 276, 118, 20.3, 26, ABplaappaa, 224, 26634, 22799, 856, , 26634, 25000, 28070, 28025, 0, 
345, 1, 238, 335, -1, 164, 300, 21.7, 29, ABalapppaa, 289, 26841, 28666, 1068, , 26841, 25000, 27859, 27833, 0, 
346, 1, 251, 355, -1, 415, 356, 15.5, 31, Dppa, 398, 27694, 34119, 1232, , 27694, 25000, 28535, 28504, 0, 
347, 1, 228, 298, -1, 390, 337, 12.7, 29, Dpap, 273, 27325, 29183, 1068, , 27325, 25000, 28636, 28643, 0, 
348, 1, 15, 245, -1, 239, 144, 14.9, 26, ABplpaapaa, 198, 26671, 21337, 800, , 26671, 25000, 27684, 27706, 0, 
349, 1, 301, 139, -1, 183, 223, 7.3, 26, ABalpaaaaa, 250, 28752, 24612, 856, , 28752, 25000, 32550, 32616, 0, 
350, 1, 312, 329, -1, 438, 378, 23.4, 32, ABarppppaa, 316, 27379, 40630, 1484, , 27379, 25000, 28121, 28119, 0, 
351, 1, 110, 293, -1, 283, 149, 20.5, 26, ABalpppppp, 169, 28357, 25408, 896, , 28357, 25000, 27997, 27966, 0, 
352, 1, 298, 341, -1, 171, 173, 11.4, 28, ABalaaaalp, 234, 28085, 27748, 988, , 28085, 25000, 27569, 27658, 0, 
353, 0, 332, -1, -1, 345, 308, 20.1, 26, , 224, -104, 22934, 800, , 28668, 25000, 28799, 28772, 0, 
354, 1, 118, 291, -1, 494, 282, 16.8, 33, Eprpa, 316, 28476, 49662, 1744, , 28476, 25000, 28548, 28707, 0, 
355, 1, 309, 16, -1, 397, 246, 25.7, 33, ABarpaappp, 454, 28309, 49145, 1736, , 28309, 25000, 28853, 28774, 0, 
356, 1, 82, 170, -1, 267, 134, 14.5, 28, ABplpaaapa, 246, 27413, 29606, 1080, , 27413, 25000, 27793, 27980, 0, 
357, 1, 269, 239, -1, 406, 180, 6.1, 26, ABplpapapp, 203, 34951, 27961, 800, , 34951, 25000, 33194, 33652, 0, 
358, 1, 278, 148, -1, 158, 209, 14.5, 26, MSapaaaa, 367, 27212, 24382, 896, , 27212, 25000, 28211, 28248, 0, 
359, 1, 270, 177, -1, 144, 334, 12.8, 24, ABalaappaa, -99, 26985, 17702, 656, , 26985, 25000, 27333, 27202, 0, 
360, 0, 331, -1, -1, 89, 263, 14.7, 27, , 156, 1883, 26124, 924, , 28273, 25000, 26785, 26390, 0, 
361, 1, 304, 200, -1, 264, 333, 22.5, 27, ABalappppp, 596, 29552, 26479, 896, , 29552, 25000, 28189, 28231, 0, 
362, 1, 132, 98, -1, 484, 204, 26.0, 34, Caaaaa, 170, 28388, 56548, 1992, , 28388, 25000, 27926, 27901, 0, 
363, 1, 149, 42, -1, 496, 181, 6.1, 32, ABplpppapa, 108, 35538, 56008, 1576, , 35538, 25000, 35416, 35556, 0, 
364, 1, 176, 361, -1, 411, 179, 19.8, 27, Dappa, 167, 27922, 24236, 868, , 27922, 25000, 28134, 28150, 0, 
365, 1, 294, 352, -1, 291, 173, 25.8, 29, ABplaaapap, 296, 28785, 32009, 1112, , 28785, 25000, 28544, 28699, 0, 
