1, 1, 241, 344, -1, 122, 235, 18.4, 25, ABalapaaaa, 307, 27718, 23061, 832, , 27718, 25000, 27509, 27604, 0, 
2, 1, 140, 345, -1, 142, 321, 20.6, 27, ABalappapa, 236, 27027, 26703, 988, , 27027, 25000, 27436, 27603, 0, 
3, 1, 121, 267, -1, 406, 398, 13.4, 29, ABpraapppp, 254, 27219, 31465, 1156, , 27219, 25000, 28120, 28096, 0, 
4, 1, 55, 137, -1, 338, 119, 10.9, 27, ABplppaaaa, 345, 26986, 24503, 908, , 26986, 25000, 27633, 27633, 0, 
5, 1, 43, 43, -1, 260, 161, 24.4, 29, ABplaapapp, 291, 26437, 30561, 1156, , 26437, 25000, 28237, 28373, 0, 
6, 1, 268, 185, -1, 394, 121, 22.2, 27, ABplapaapa, -267, 28044, 24342, 868, , 28044, 25000, 28223, 28197, 0, 
7, 1, 57, 140, -1, 218, 137, 18.1, 28, ABalpppapp, 270, 26960, 29332, 1088, , 26960, 25000, 27654, 27748, 0, 
8, 1, 235, 235, -1, 294, 398, 13.7, 26, ABprpaapap, 239, 26283, 22498, 856, , 26283, 25000, 27336, 27359, 0, 
9, 1, 309, 52, -1, 242, 225, 14.4, 30, ABaraapapa, 277, 27120, 31351, 1156, , 27120, 25000, 28227, 28274, 0, 
10, 1, 148, 196, -1, 259, 376, 13.3, 26, ABprpaapaa, 258, 27533, 23568, 856, , 27533, 25000, 27477, 27214, 0, 
11, 1, 142, 255, -1, 240, 318, 16.5, 26, MSpaapaa, 217, 28758, 25767, 896, , 28758, 25000, 27909, 27948, 0, 
12, 1, 111, 46, -1, 321, 378, 11.2, 28, ABprpaaapp, 256, 27491, 28921, 1052, , 27491, 25000, 28366, 28339, 0, 
13, 1, 99, 104, -1, 496, 122, 16.8, 27, ABplappapp, 151, 28523, 24758, 868, , 28523, 25000, 28139, 28193, 0, 
14, 1, 325, 252, -1, 515, 235, 18.2, 33, Eplpa, 336, 27580, 48099, 1744, , 27580, 25000, 28192, 28246, 0, 
15, 1, 33, 304, -1, 341, 187, 14.0, 30, MSappaa, 306, 27013, 36413, 1348, , 27013, 25000, 28691, 28726, 0, 
16, 1, 355, 73, -1, 397, 249, 25.8, 33, ABarpaappp, 290, 28373, 49483, 1744, , 28373, 25000, 28741, 28770, 0, 
17, 1, 93, 177, -1, 284, 324, 12.0, 28, MSppaap, 273, 27312, 30808, 1128, , 27312, 25000, 28336, 28362, 0, 
18, 1, 245, 207, -1, 472, 299, 9.8, 30, Cppaap, 268, 28444, 37546, 1320, , 28444, 25000, 28513, 28494, 0, 
19, 1, 299, 29, -1, 466, 327, 18.4, 29, Dpppp, 201, 28895, 33403, 1156, , 28895, 25000, 28016, 28044, 0, 
20, 1, 189, 293, -1, 263, 363, 18.2, 27, ABpraaappa, 265, 27317, 23711, 868, , 27317, 25000, 27607, 27603, 0, 
21, 1, 252, 107, -1, 431, 116, 14.7, 27, ABplappaaa, 136, 28320, 26168, 924, , 28320, 25000, 28254, 28252, 0, 
22, 1, 170, 241, -1, 204, 303, 26.6, 30, ABarpapaaa, 303, 29293, 33863, 1156, , 29293, 25000, 29060, 29180, 0, 
23, 1, 219, 80, -1, 349, 181, 25.6, 30, ABplaaappp, 292, 28411, 32843, 1156, , 28411, 25000, 28815, 28855, 0, 
24, 1, 208, 82, -1, 223, 287, 6.9, 27, ABarapaaaa, 252, 32259, 29291, 908, , 32259, 25000, 31815, 31899, 0, 
25, 1, 244, 35, -1, 249, 231, 7.9, 28, ABalpappaa, 179, 28069, 30539, 1088, , 28069, 25000, 30532, 29834, 0, 
26, 1, 254, 136, -1, 424, 377, 9.5, 26, ABprppapap, 334, 28068, 25149, 896, , 28068, 25000, 28125, 28162, 0, 
27, 1, 257, 159, -1, 536, 256, 9.5, 29, Cppppp, 271, 28454, 30730, 1080, , 28454, 25000, 29459, 29505, 0, 
28, 1, 56, 263, -1, 560, 351, 18.3, 29, ABprapapaa, 273, 26694, 28509, 1068, , 26694, 25000, 27612, 27615, 0, 
29, 1, 32, 199, -1, 591, 291, 10.9, 27, ABprapappp, 480, 28317, 25712, 908, , 28317, 25000, 28313, 28337, 0, 
30, 1, 137, 324, -1, 246, 222, 5.2, 28, ABalpapaap, 271, 37013, 38938, 1052, , 37013, 25000, 36079, 36538, 0, 
31, 1, 13, 253, -1, 305, 252, 6.3, 27, ABarapapap, 64, 35778, 33059, 924, , 35778, 25000, 33824, 34046, 0, 
32, 1, 89, 178, -1, 240, 368, 23.0, 29, ABpraapaap, -106, 28243, 34683, 1228, , 28243, 25000, 28222, 28114, 0, 
33, 1, 136, 237, -1, 396, 110, 16.6, 30, ABplaapppp, 273, 26752, 30925, 1156, , 26752, 25000, 28256, 28261, 0, 
34, 1, 75, 122, -1, 260, 396, 17.0, 28, ABpraaaapp, 278, 27391, 30897, 1128, , 27391, 25000, 27418, 27426, 0, 
35, 1, 19, 47, -1, 280, 383, 11.3, 26, ABprpaaapa, 248, 27911, 23892, 856, , 27911, 25000, 27619, 27429, 0, 
36, 1, 133, 244, -1, 354, 265, 10.1, 25, MSpapapa, 178, 36709, 25256, 688, , 36709, 25000, 30818, 30555, 0, 
37, 1, 83, 71, -1, 209, 350, 17.7, 28, ABpraaapaa, 210, 26837, 28555, 1064, , 26837, 25000, 27713, 27921, 0, 
38, 1, 178, 206, -1, 472, 347, 24.0, 30, ABarpppapp, 302, 27189, 36651, 1348, , 27189, 25000, 28207, 28191, 0, 
39, 1, 48, 203, -1, 260, 130, 17.2, 27, ABplpaapap, 270, 27238, 23643, 868, , 27238, 25000, 28458, 28493, 0, 
40, 1, 212, 153, -1, 462, 182, 6.5, 28, ABplppppap, 281, 31227, 33725, 1080, , 31227, 25000, 32806, 32981, 0, 
41, 1, 305, 150, -1, 300, 134, 17.3, 29, ABplpaappa, 23, 27028, 28866, 1068, , 27028, 25000, 28620, 28823, 0, 
42, 1, 363, 268, -1, 494, 177, 6.1, 26, ABplpppapa, 208, 33646, 26917, 800, , 33646, 25000, 35846, 35953, 0, 
43, 0, 103, -1, -1, 357, 233, 5.4, 26, , 198, 919, 30170, 832, , 36262, 25000, 35280, 35343, 0, 
44, 1, 161, 130, -1, 146, 259, 16.9, 25, MSaaaaaa, 211, 27874, 19177, 688, , 27874, 25000, 27961, 28386, 0, 
45, 1, 198, 197, -1, 446, 274, 12.1, 33, Z2, 334, 28161, 48888, 1736, , 28161, 25000, 28347, 28362, 0, 
46, 1, 73, 72, -1, 538, 145, 20.2, 29, ABplapapaa, 251, 27361, 30425, 1112, , 27361, 25000, 27864, 27849, 0, 
47, 1, 30, 147, -1, 568, 343, 14.4, 29, ABprapapap, 54, 27487, 31775, 1156, , 27487, 25000, 27905, 27957, 0, 
48, 1, 78, 103, -1, 529, 129, 15.7, 28, ABplapapap, -20, 27692, 29464, 1064, , 27692, 25000, 28827, 28751, 0, 
49, 1, 331, 354, -1, 415, 293, 5.5, 26, ABprpapapp, 259, 37711, 33789, 896, , 37711, 25000, 33944, 33960, 0, 
50, 1, 232, 62, -1, 326, 324, 8.2, 26, ABprpapaaa, 261, 29029, 23107, 796, , 29029, 25000, 29714, 29692, 0, 
51, 1, 181, 88, -1, 316, 246, 20.3, 33, Ealaa, 330, 28410, 49319, 1736, , 28410, 25000, 28986, 28985, 0, 
52, 1, 141, 75, -1, 459, 125, 16.7, 28, ABplappaap, 251, 26982, 28709, 1064, , 26982, 25000, 27652, 27649, 0, 
53, 1, 311, 330, -1, 159, 173, 14.3, 27, ABalppaaap, 240, 27144, 25081, 924, , 27144, 25000, 27584, 27602, 0, 
54, 1, 312, 258, -1, 338, 267, 7.4, 31, ABarapappp, 280, 29139, 38813, 1332, , 29139, 25000, 32029, 31837, 0, 
55, 1, 20, 78, -1, 255, 284, 13.5, 28, ABaraapppa, -75, 27248, 29428, 1080, , 27248, 25000, 28244, 28226, 0, 
56, 1, 53, 132, -1, 566, 155, 12.3, 27, ABplapappp, 101, 27475, 25387, 924, , 27475, 25000, 27615, 27620, 0, 
57, 1, 63, 76, -1, 268, 348, 10.2, 27, ABprpaaaaa, 195, 26911, 23359, 868, , 26911, 25000, 27893, 27893, 0, 
58, 1, 186, 289, -1, 303, 360, 21.6, 29, ABpraapapp, -27, 27007, 31220, 1156, , 27007, 25000, 28340, 28320, 0, 
59, 1, 15, 186, -1, 300, 132, 14.3, 31, ABplpaaapp, 287, 27355, 37422, 1368, , 27355, 25000, 27987, 28081, 0, 
60, 1, 114, 121, -1, 419, 243, 9.2, 30, MSpappa, 301, 28383, 37465, 1320, , 28383, 25000, 28725, 28811, 0, 
61, 1, 209, 31, -1, 292, 283, 13.7, 26, ABaraapppp, 210, 28457, 24359, 856, , 28457, 25000, 29458, 29522, 0, 
62, 1, 31, 138, -1, 385, 145, 7.6, 25, ABplppaapa, 229, 29870, 24852, 832, , 29870, 25000, 32085, 32356, 0, 
63, 1, 314, 357, -1, 418, 214, 11.7, 33, Z3, 309, 27762, 48194, 1736, , 27762, 25000, 28267, 28296, 0, 
64, 1, 61, 115, -1, 379, 159, 14.3, 31, Daap, 288, 27621, 37785, 1368, , 27621, 25000, 28123, 28112, 0, 
65, 1, 238, 337, -1, 297, 373, 18.5, 30, ABpraaappp, 292, 28171, 34707, 1232, , 28171, 25000, 28037, 27986, 0, 
66, 1, 295, 4, -1, 168, 280, 24.4, 28, ABarpaaaaa, 256, 28404, 28063, 988, , 28404, 25000, 28214, 28258, 0, 
67, 1, 172, 248, -1, 579, 329, 11.8, 28, ABprapappa, 243, 26886, 28284, 1052, , 26886, 25000, 27604, 27599, 0, 
68, 1, 202, 86, -1, 489, 328, 14.5, 31, Cppapa, 313, 27204, 33515, 1232, , 27204, 25000, 28463, 28493, 0, 
69, 1, 344, 49, -1, 274, 116, 20.3, 25, ABplaappaa, 225, 28187, 21535, 764, , 28187, 25000, 28116, 28116, 0, 
70, 1, 243, 256, -1, 218, 321, 7.4, 25, ABaraaappp, 248, 29750, 24752, 832, , 29750, 25000, 31892, 32081, 0, 
71, 1, 129, 23, -1, 186, 310, 7.9, 25, ABaraaappa, 232, 26980, 17159, 636, , 26980, 25000, 29727, 29911, 0, 
72, 1, 308, 234, -1, 130, 208, 15.5, 28, ABalaaapal, 135, 26702, 28838, 1080, , 26702, 25000, 27802, 27826, 0, 
73, 1, 90, 123, -1, 387, 253, 5.4, 27, ABprpappap, 271, 33311, 32911, 988, , 33311, 25000, 34166, 34166, 0, 
74, 1, 109, 339, -1, 186, 195, 21.3, 28, ABalapappa, 245, 28138, 29939, 1064, , 28138, 25000, 28083, 28092, 0, 
75, 1, 28, 16, -1, 241, 161, 18.5, 27, ABalpppppa, 271, 26886, 24090, 896, , 26886, 25000, 27983, 28051, 0, 
76, 1, 310, 181, -1, 508, 230, 12.5, 31, Eplpp, 290, 27991, 34485, 1232, , 27991, 25000, 28963, 28976, 0, 
77, 1, 27, 269, -1, 478, 168, 14.5, 30, Capapa, 297, 29005, 35734, 1232, , 29005, 25000, 29110, 29158, 0, 
78, 1, 183, 259, -1, 138, 222, 20.5, 28, ABalapaaap, 251, 26369, 28479, 1080, , 26369, 25000, 28010, 28079, 0, 
79, 1, 284, 309, -1, 453, 339, 13.5, 30, Cppaaa, 291, 27755, 34194, 1232, , 27755, 25000, 28016, 28039, 0, 
80, 1, 119, 129, -1, 525, 370, 13.8, 28, ABprappapp, 22, 27558, 28991, 1052, , 27558, 25000, 27323, 27370, 0, 
81, 1, 296, 200, -1, 364, 404, 16.6, 30, ABpraapppa, 253, 28573, 33030, 1156, , 28573, 25000, 28259, 28263, 0, 
82, 1, 338, 7, -1, 178, 257, 14.7, 29, ABaraapaaa, 234, 28887, 30851, 1068, , 28887, 25000, 27936, 27958, 0, 
83, 1, 340, 331, -1, 378, 177, 7.1, 28, ABplpapapa, 245, 30214, 32873, 1088, , 30214, 25000, 31997, 31878, 0, 
84, 1, 143, 363, -1, 217, 281, 11.3, 28, ABaraaapap, 96, 26670, 28377, 1064, , 26670, 25000, 28559, 28735, 0, 
85, 1, 224, 223, -1, 166, 289, 9.8, 27, ABaraaaaap, 258, 26164, 22710, 868, , 26164, 25000, 27957, 27935, 0, 
86, 1, 203, 102, -1, 387, 364, 8.1, 26, ABprppapaa, 257, 28004, 22403, 800, , 28004, 25000, 29492, 29492, 0, 
87, 1, 274, 12, -1, 319, 274, 10.7, 27, MSpapaaa, 211, 38404, 35485, 924, , 38404, 25000, 32098, 32118, 0, 
88, 1, 301, 65, -1, 348, 341, 19.2, 29, MSppppp, 244, 27689, 30790, 1112, , 27689, 25000, 28220, 28220, 0, 
89, 1, 120, 126, -1, 451, 148, 8.1, 27, ABplpppaaa, 226, 27653, 25109, 908, , 27653, 25000, 29971, 30189, 0, 
90, 1, 14, 171, -1, 451, 304, 5.8, 28, ABprppppaa, 213, 35654, 37508, 1052, , 35654, 25000, 32906, 32830, 0, 
91, 1, 240, 230, -1, 485, 386, 14.2, 27, ABprappaap, -202, 26880, 23332, 868, , 26880, 25000, 27938, 27941, 0, 
92, 1, 334, 287, -1, 400, 180, 10.8, 32, MSaappp, 312, 26553, 42697, 1608, , 26553, 25000, 27801, 27885, 0, 
93, 1, 206, 198, -1, 494, 368, 9.1, 26, ABprppappp, 13, 27339, 21871, 800, , 27339, 25000, 28237, 28224, 0, 
94, 1, 105, 128, -1, 178, 188, 18.2, 28, ABalapaapp, 242, 28515, 29998, 1052, , 28515, 25000, 27668, 27652, 0, 
95, 1, 229, 283, -1, 331, 287, 17.7, 34, Earaa, 333, 28690, 54052, 1884, , 28690, 25000, 29789, 29719, 0, 
96, 1, 217, 41, -1, 445, 391, 13.2, 28, ABprappaaa, 96, 27521, 28952, 1052, , 27521, 25000, 27869, 27903, 0, 
97, 1, 163, 327, -1, 269, 376, 22.1, 28, ABpraapapa, 148, 28108, 30582, 1088, , 28108, 25000, 27811, 27838, 0, 
98, 1, 362, 77, -1, 485, 208, 26.2, 33, Caaaaa, 323, 27295, 47602, 1744, , 27295, 25000, 27950, 27896, 0, 
99, 0, 289, -1, -1, 512, 196, 6.1, 23, , 203, 2028, 18532, 496, , 37363, 25000, 35121, 35335, 0, 
100, 1, 3, 50, -1, 172, 174, 23.7, 30, ABplaapaaa, 7, 27797, 36359, 1308, , 27797, 25000, 28467, 28448, 0, 
101, 0, 192, -1, -1, 185, 152, 12.9, 23, , 77, 582, 13865, 496, , 27954, 25000, 27593, 27372, 0, 
102, 1, 191, 84, -1, 272, 150, 9.0, 27, ABalppappa, 262, 28217, 29120, 1032, , 28217, 25000, 28403, 28493, 0, 
103, 1, 91, 270, -1, 266, 313, 25.4, 29, ABarpapapa, 250, 28612, 33076, 1156, , 28612, 25000, 28417, 28396, 0, 
104, 1, 159, 166, -1, 219, 199, 6.2, 27, ABalpapaaa, 229, 37063, 32171, 868, , 37063, 25000, 36742, 36832, 0, 
105, 1, 110, 154, -1, 227, 161, 9.0, 26, ABalppapaa, 215, 27278, 23241, 852, , 27278, 25000, 28265, 28301, 0, 
106, 1, 26, 15, -1, 131, 306, 18.0, 27, ABalaaappl, 264, 27270, 28143, 1032, , 27270, 25000, 27841, 27730, 0, 
107, 1, 253, 221, -1, 590, 312, 17.7, 29, ABarpppppp, 281, 27478, 29347, 1068, , 27478, 25000, 28152, 28152, 0, 
108, 1, 68, 27, -1, 407, 121, 10.8, 27, ABplppapap, 246, 28121, 24409, 868, , 28121, 25000, 27919, 27932, 0, 
109, 0, 17, -1, -1, 87, 262, 16.8, 28, , 169, 2816, 31518, 1052, , 29960, 25000, 27128, 27144, 0, 
110, 1, 169, 302, -1, 413, 223, 5.8, 28, ABplpapppa, 284, 37098, 39027, 1052, , 37098, 25000, 32996, 33049, 0, 
111, 1, 216, 238, -1, 505, 234, 6.0, 29, ABplpppppp, 258, 33962, 41705, 1228, , 33962, 25000, 34070, 33808, 0, 
112, 1, 134, 164, -1, 297, 373, 9.3, 28, ABprpaaaap, 254, 27825, 29606, 1064, , 27825, 25000, 28118, 28385, 0, 
113, 1, 162, 98, -1, 215, 238, 6.5, 26, ABalpaaaap, 208, 33325, 29859, 896, , 33325, 25000, 34301, 34516, 0, 
114, 0, 353, -1, -1, 345, 302, 20.2, 25, , 193, 1761, 21344, 704, , 30318, 25000, 28532, 28557, 0, 
115, 1, 107, 99, -1, 230, 322, 25.5, 28, ABarpapaap, 287, 28462, 30739, 1080, , 28462, 25000, 28740, 28648, 0, 
116, 1, 326, 284, -1, 350, 350, 11.7, 28, MSpppap, 243, 27619, 29387, 1064, , 27619, 25000, 28078, 28188, 0, 
117, 1, 195, 32, -1, 362, 281, 5.2, 29, ABprpappaa, 291, 33683, 37456, 1112, , 33683, 25000, 34010, 34193, 0, 
118, 1, 147, 187, -1, 268, 190, 17.7, 26, MSapapap, 210, 28437, 24342, 856, , 28437, 25000, 28188, 28193, 0, 
119, 1, 85, 308, -1, 147, 200, 18.4, 28, ABalapaapa, 272, 27241, 26914, 988, , 27241, 25000, 27748, 27843, 0, 
120, 1, 215, 45, -1, 473, 120, 10.9, 25, ABplppappp, 139, 28032, 19286, 688, , 28032, 25000, 27404, 27424, 0, 
121, 1, 25, 320, -1, 311, 407, 18.7, 26, ABpraappaa, 222, 27435, 23484, 856, , 27435, 25000, 27798, 27759, 0, 
122, 1, 127, 227, -1, 439, 124, 10.2, 27, ABplppappa, 250, 27245, 23649, 868, , 27245, 25000, 27649, 27774, 0, 
123, 1, 35, 131, -1, 586, 265, 21.2, 34, Cpaapp, 339, 27178, 51965, 1912, , 27178, 25000, 28256, 28256, 0, 
124, 1, 317, 332, -1, 297, 323, 20.1, 28, MSppappp, 220, 29131, 31694, 1088, , 29131, 25000, 28192, 28217, 0, 
125, 1, 128, 162, -1, 217, 268, 25.3, 29, ABarpaaapa, 287, 28236, 30156, 1068, , 28236, 25000, 28204, 28090, 0, 
126, 1, 333, 101, -1, 564, 273, 7.7, 27, ABprappppp, 240, 29185, 26967, 924, , 29185, 25000, 30733, 30763, 0, 
127, 1, 18, 174, -1, 147, 168, 17.2, 27, ABalpppaaa, 370, 28645, 24864, 868, , 28645, 25000, 27102, 27070, 0, 
128, 0, 262, -1, -1, 379, 111, 13.9, 24, , -10, -967, 16540, 604, , 27384, 25000, 28335, 28351, 0, 
129, 1, 197, 193, -1, 271, 275, 26.4, 29, ABarpaapaa, 298, 28327, 32746, 1156, , 28327, 25000, 28270, 28236, 0, 
130, 1, 263, 218, -1, 250, 341, 14.6, 26, MSppapaa, 222, 27624, 22983, 832, , 27624, 25000, 27691, 27835, 0, 
131, 1, 45, 216, -1, 380, 241, 20.6, 33, Ealap, 323, 28171, 46200, 1640, , 28171, 25000, 28932, 28936, 0, 
132, 1, 337, 169, -1, 460, 167, 26.0, 31, ABarppaapp, 254, 28987, 45799, 1580, , 28987, 25000, 28689, 28668, 0, 
133, 1, 2, 273, -1, 144, 206, 11.5, 27, ABalaaaala, 221, 27890, 24989, 896, , 27890, 25000, 27966, 28017, 0, 
134, 1, 237, 191, -1, 453, 366, 8.9, 27, ABprppappa, 262, 27956, 25384, 908, , 27956, 25000, 28609, 28606, 0, 
135, 1, 255, 349, -1, 419, 346, 19.4, 29, Dpppa, 256, 27902, 32255, 1156, , 27902, 25000, 28704, 28710, 0, 
136, 1, 175, 55, -1, 404, 243, 16.4, 32, Ealpp, 320, 28813, 42759, 1484, , 28813, 25000, 28733, 28750, 0, 
137, 1, 256, 68, -1, 459, 400, 17.7, 28, ABprapaapp, 6, 26839, 28557, 1064, , 26839, 25000, 27984, 28018, 0, 
138, 1, 44, 286, -1, 326, 352, 15.2, 29, MSppppa, 240, 27621, 30715, 1112, , 27621, 25000, 27593, 27649, 0, 
139, 1, 349, 280, -1, 188, 219, 7.4, 27, ABalpaaaaa, 152, 27872, 27538, 988, , 27872, 25000, 32450, 32505, 0, 
140, 1, 8, 95, -1, 180, 251, 26.3, 29, ABarpaaaap, 205, 27640, 29519, 1068, , 27640, 25000, 28623, 28603, 0, 
141, 1, 276, 305, -1, 510, 289, 10.3, 29, Cppapp, 276, 28007, 29911, 1068, , 28007, 25000, 28989, 28942, 0, 
142, 1, 318, 113, -1, 211, 148, 12.7, 27, ABalppaapp, 158, 27144, 25081, 924, , 27144, 25000, 27794, 27854, 0, 
143, 1, 135, 184, -1, 257, 332, 5.6, 27, ABarapppap, 239, 36886, 36443, 988, , 36886, 25000, 36966, 37517, 0, 
144, 1, 11, 59, -1, 267, 271, 7.3, 27, ABarapapaa, 232, 30486, 28169, 924, , 30486, 25000, 31772, 32044, 0, 
145, 1, 36, 118, -1, 434, 114, 19.1, 28, ABplapaapp, 262, 27344, 29750, 1088, , 27344, 25000, 27600, 27603, 0, 
146, 1, 272, 67, -1, 608, 261, 16.8, 31, Cpapap, -263, 27533, 40309, 1464, , 27533, 25000, 28361, 28361, 0, 
147, 1, 5, 275, -1, 318, 383, 15.5, 28, ABprpaappa, -18, 27013, 29174, 1080, , 27013, 25000, 27878, 27983, 0, 
148, 1, 358, 96, -1, 163, 207, 14.3, 25, MSapaaaa, 203, 27641, 21118, 764, , 27641, 25000, 27622, 27594, 0, 
149, 1, 29, 254, -1, 270, 224, 15.6, 28, ABaraapapp, 250, 27928, 27593, 988, , 27928, 25000, 29209, 29186, 0, 
150, 1, 339, 34, -1, 310, 228, 16.3, 29, MSaapaap, 254, 35859, 38297, 1068, , 35859, 25000, 30519, 30426, 0, 
151, 1, 277, 362, -1, 414, 335, 5.8, 25, ABprppaapa, 227, 36219, 25498, 704, , 36219, 25000, 34191, 33992, 0, 
152, 1, 64, 318, -1, 331, 351, 25.0, 30, ABarpapppa, 239, 27406, 36943, 1348, , 27406, 25000, 28132, 28181, 0, 
153, 1, 122, 292, -1, 258, 247, 22.5, 27, MSaaaapp, 243, 27711, 24829, 896, , 27711, 25000, 27930, 27975, 0, 
154, 1, 98, 3, -1, 191, 156, 20.3, 29, ABalppppaa, 170, 28267, 30189, 1068, , 28267, 25000, 27730, 27608, 0, 
155, 1, 190, 18, -1, 252, 183, 12.9, 29, MSapaap, 286, 27443, 33151, 1208, , 27443, 25000, 28584, 28584, 0, 
156, 1, 151, 33, -1, 213, 249, 14.9, 28, ABaraapaap, -8, 27417, 29830, 1088, , 27417, 25000, 28352, 28463, 0, 
157, 1, 214, 343, -1, 360, 336, 5.4, 29, ABarappapp, 355, 35100, 40576, 1156, , 35100, 25000, 36645, 36869, 0, 
158, 1, 222, 315, -1, 510, 181, 16.5, 33, Cappap, 277, 29090, 47242, 1624, , 29090, 25000, 28521, 28573, 0, 
159, 0, 259, -1, -1, 373, 397, 10.9, 24, , 124, -664, 16532, 604, , 27371, 25000, 28035, 28035, 0, 
160, 1, 164, 265, -1, 207, 380, 16.4, 25, ABpraaaaap, 131, 28352, 23589, 832, , 28352, 25000, 27738, 27738, 0, 
161, 1, 322, 97, -1, 425, 196, 26.1, 31, ABarppaapa, 308, 28787, 42605, 1480, , 28787, 25000, 28125, 28104, 0, 
162, 1, 24, 303, -1, 236, 276, 21.6, 28, MSpaaapa, 230, 26132, 25818, 988, , 26132, 25000, 28248, 28351, 0, 
163, 1, 87, 232, -1, 567, 223, 9.9, 29, Caapa, 22, 27985, 33806, 1208, , 27985, 25000, 29179, 29370, 0, 
164, 1, 95, 25, -1, 532, 287, 6.8, 23, ABprpppapp, 182, 31254, 16877, 540, , 31254, 25000, 32916, 32707, 0, 
165, 1, 329, 148, -1, 182, 252, 20.6, 29, MSaaaaap, 292, 27437, 31717, 1156, , 27437, 25000, 27752, 27762, 0, 
166, 1, 76, 39, -1, 290, 265, 17.5, 30, MSaaapp, 272, 28420, 35013, 1232, , 28420, 25000, 28397, 28382, 0, 
167, 1, 315, 341, -1, 546, 194, 6.8, 26, ABplappppp, 246, 32451, 25831, 796, , 32451, 25000, 33520, 33560, 0, 
168, 1, 281, 135, -1, 479, 228, 18.4, 32, Eplap, 321, 27006, 40077, 1484, , 27006, 25000, 28307, 28348, 0, 
169, 1, 275, 188, -1, 444, 261, 26.2, 33, Cpaaaa, 332, 28974, 50531, 1744, , 28974, 25000, 28881, 28865, 0, 
170, 1, 356, 133, -1, 265, 134, 14.5, 29, ABplpaaapa, -122, 28168, 30421, 1080, , 28168, 25000, 28120, 28399, 0, 
171, 1, 153, 175, -1, 444, 343, 6.3, 27, ABprppaapp, 216, 32316, 29860, 924, , 32316, 25000, 33354, 33459, 0, 
172, 1, 37, 307, -1, 530, 173, 23.6, 31, ABarppappa, 310, 28089, 37415, 1332, , 28089, 25000, 28101, 28097, 0, 
173, 1, 94, 236, -1, 422, 281, 20.4, 33, Epraa, 317, 27948, 45834, 1640, , 27948, 25000, 28274, 28336, 0, 
174, 1, 291, 87, -1, 351, 169, 17.9, 31, Daaa, 99, 27707, 41007, 1480, , 27707, 25000, 28647, 28644, 0, 
175, 1, 106, 139, -1, 225, 366, 11.7, 25, ABalaapapp, 244, 26359, 20138, 764, , 26359, 25000, 27306, 27174, 0, 
176, 1, 116, 70, -1, 265, 279, 10.5, 30, ABarapaapp, 264, 27469, 33842, 1232, , 27469, 25000, 28263, 28225, 0, 
177, 1, 359, 1, -1, 145, 335, 12.8, 24, ABalaappaa, 218, 26855, 17617, 656, , 26855, 25000, 27580, 27546, 0, 
178, 1, 21, 143, -1, 279, 221, 6.9, 27, ABalpappap, 75, 32225, 29260, 908, , 32225, 25000, 32390, 32445, 0, 
179, 1, 316, 355, -1, 429, 286, 16.2, 31, Earpp, 170, 27787, 40680, 1464, , 27787, 25000, 28797, 28797, 0, 
180, 1, 7, 233, -1, 174, 147, 17.9, 25, ABalpppaap, 233, 27885, 19185, 688, , 27885, 25000, 27413, 27413, 0, 
181, 1, 278, 56, -1, 419, 148, 7.6, 27, ABplppaapp, 249, 27510, 27180, 988, , 27510, 25000, 30221, 30467, 0, 
182, 1, 124, 210, -1, 359, 362, 23.8, 27, ABarpapppp, 234, 28649, 24867, 868, , 28649, 25000, 27756, 27814, 0, 
183, 1, 280, 271, -1, 402, 348, 25.8, 32, ABarpppaap, 260, 27119, 43608, 1608, , 27119, 25000, 28140, 28108, 0, 
184, 1, 335, 261, -1, 425, 407, 19.2, 27, ABprapaapa, 12, 28055, 24352, 868, , 28055, 25000, 28022, 27879, 0, 
185, 1, 62, 350, -1, 437, 168, 15.2, 29, Capaaa, 105, 27772, 30882, 1112, , 27772, 25000, 28220, 28218, 0, 
186, 1, 327, 117, -1, 332, 280, 13.6, 28, MSpapaap, 282, 37864, 37410, 988, , 37864, 25000, 32557, 32244, 0, 
187, 1, 132, 213, -1, 373, 124, 10.3, 28, ABplppapaa, 228, 27004, 28732, 1064, , 27004, 25000, 28383, 28399, 0, 
188, 1, 246, 239, -1, 500, 134, 12.4, 26, ABplapppaa, 243, 28781, 23946, 832, , 28781, 25000, 28349, 28326, 0, 
189, 1, 139, 60, -1, 152, 255, 10.4, 28, ABaraaaaaa, 243, 27041, 26717, 988, , 27041, 25000, 28097, 28162, 0, 
190, 1, 306, 306, -1, 478, 347, 6.6, 27, ABprpppaaa, -9, 31169, 30795, 988, , 31169, 25000, 33459, 33899, 0, 
191, 1, 177, 173, -1, 227, 190, 16.9, 27, MSapapaa, 208, 27672, 25126, 908, , 27672, 25000, 28294, 28330, 0, 
192, 1, 80, 170, -1, 280, 346, 14.8, 27, MSppapap, 228, 27641, 23992, 868, , 27641, 25000, 27802, 27833, 0, 
193, 1, 50, 142, -1, 252, 140, 11.8, 26, ABplpaaaaa, 330, 27029, 21515, 796, , 27029, 25000, 27427, 27315, 0, 
194, 1, 221, 93, -1, 343, 151, 22.7, 30, ABplapaaaa, 264, 29468, 38544, 1308, , 29468, 25000, 28146, 28165, 0, 
195, 1, 199, 282, -1, 193, 351, 23.7, 29, ABpraapaaa, 86, 28447, 30381, 1068, , 28447, 25000, 28347, 28300, 0, 
196, 1, 307, 79, -1, 163, 293, 16.5, 26, MSpaaaaa, 91, 26757, 23974, 896, , 26757, 25000, 28020, 28104, 0, 
197, 1, 166, 322, -1, 235, 329, 12.5, 26, MSppaaap, 239, 27853, 24956, 896, , 27853, 25000, 28261, 28321, 0, 
198, 1, 176, 94, -1, 221, 286, 15.7, 28, ABaraappap, 539, 27068, 28800, 1064, , 27068, 25000, 28075, 28065, 0, 
199, 1, 125, 297, -1, 467, 185, 19.6, 29, Dappp, 228, 28742, 33226, 1156, , 28742, 25000, 27975, 28048, 0, 
200, 1, 361, 176, -1, 257, 334, 23.1, 27, ABalappppp, 264, 27872, 25308, 908, , 27872, 25000, 28136, 28271, 0, 
201, 1, 115, 229, -1, 370, 218, 26.6, 30, ABarppaaaa, 242, 28303, 32718, 1156, , 28303, 25000, 28704, 28721, 0, 
202, 1, 247, 151, -1, 277, 185, 6.5, 30, ABalpapapa, 234, 34560, 42578, 1232, , 34560, 25000, 35088, 35550, 0, 
203, 1, 145, 266, -1, 305, 306, 25.5, 30, ABarpapapp, 282, 27969, 34458, 1232, , 27969, 25000, 28444, 28417, 0, 
204, 1, 266, 296, -1, 507, 379, 18.2, 29, ABprappapa, -589, 27449, 30523, 1112, , 27449, 25000, 27935, 27935, 0, 
205, 1, 218, 278, -1, 384, 368, 21.3, 29, ABprapaaaa, 250, 27091, 28933, 1068, , 27091, 25000, 28105, 28161, 0, 
206, 1, 84, 14, -1, 214, 164, 25.2, 31, ABplaapaap, 35, 27005, 39535, 1464, , 27005, 25000, 28197, 28064, 0, 
207, 1, 220, 224, -1, 187, 295, 15.5, 26, ABaraappaa, 238, 27153, 24329, 896, , 27153, 25000, 28029, 28011, 0, 
208, 1, 225, 19, -1, 463, 136, 23.5, 29, ABarppapap, 278, 27390, 29581, 1080, , 27390, 25000, 28027, 28009, 0, 
209, 1, 269, 335, -1, 463, 208, 11.3, 30, Capaap, 168, 27956, 36567, 1308, , 27956, 25000, 28486, 28508, 0, 
210, 1, 154, 359, -1, 207, 293, 19.5, 31, MSpaaaap, 84, 28549, 35172, 1232, , 28549, 25000, 28141, 28186, 0, 
211, 1, 174, 288, -1, 447, 229, 5.5, 28, ABplpapppp, 245, 35804, 38668, 1080, , 35804, 25000, 33838, 33931, 0, 
212, 1, 264, 262, -1, 371, 359, 16.2, 29, Dpaa, 287, 27659, 30757, 1112, , 27659, 25000, 28059, 28058, 0, 
213, 1, 207, 299, -1, 386, 177, 25.6, 30, ABarppaaap, 306, 28897, 33405, 1156, , 28897, 25000, 28375, 28438, 0, 
214, 1, 150, 301, -1, 201, 358, 14.1, 26, ABpraaaaaa, 266, 27303, 21842, 800, , 27303, 25000, 27273, 27202, 0, 
215, 1, 236, 202, -1, 165, 240, 12.8, 27, ABalpaapaa, 176, 27421, 23801, 868, , 27421, 25000, 28332, 28270, 0, 
216, 1, 144, 226, -1, 198, 175, 9.4, 28, ABalpaappp, 250, 27151, 26825, 988, , 27151, 25000, 28150, 28205, 0, 
217, 1, 285, 22, -1, 516, 351, 11.4, 25, ABprapppaa, 30, 26285, 21869, 832, , 26285, 25000, 27861, 27856, 0, 
218, 1, 211, 26, -1, 332, 321, 12.3, 31, MSpppaa, 307, 26974, 36901, 1368, , 26974, 25000, 28532, 28581, 0, 
219, 1, 196, 90, -1, 225, 351, 8.5, 27, ABarapppaa, 264, 29223, 26184, 896, , 29223, 25000, 28676, 28762, 0, 
220, 1, 251, 124, -1, 532, 352, 21.5, 31, ABarpppppa, -412, 27501, 33881, 1232, , 27501, 25000, 28173, 28178, 0, 
221, 1, 4, 106, -1, 315, 185, 24.8, 28, ABplaaappa, 211, 27798, 29243, 1052, , 27798, 25000, 28289, 28318, 0, 
222, 1, 250, 348, -1, 169, 339, 21.1, 27, ABalappapp, 218, 26959, 24479, 908, , 26959, 25000, 27976, 27989, 0, 
223, 1, 330, 38, -1, 264, 229, 19.2, 28, MSaaapap, 278, 28137, 29600, 1052, , 28137, 25000, 28015, 27996, 0, 
224, 1, 10, 152, -1, 341, 164, 9.4, 28, ABplpapaap, 244, 29021, 28673, 988, , 29021, 25000, 28895, 28971, 0, 
225, 1, 321, 342, -1, 297, 206, 20.8, 29, MSapappp, 49, 27379, 30445, 1112, , 27379, 25000, 28614, 28613, 0, 
226, 1, 71, 285, -1, 403, 166, 18.7, 29, Dapa, 214, 28094, 30004, 1068, , 28094, 25000, 27513, 27510, 0, 
227, 1, 302, 212, -1, 128, 242, 12.9, 26, ABalaaaarl, 238, 28336, 22669, 800, , 28336, 25000, 26945, 26902, 0, 
228, 1, 188, 250, -1, 303, 325, 5.4, 27, ABarappapa, -62, 36356, 35920, 988, , 36356, 25000, 36083, 36290, 0, 
229, 1, 233, 231, 321, 204, 234, 11.2, 32, ABalpaapap, 212, 27651, 44463, 1608, , 27651, 25000, 28912, 28995, 0, 
230, 1, 100, 119, -1, 308, 139, 9.0, 28, ABalppappp, 30, 27660, 31200, 1128, , 27660, 25000, 28765, 28886, 0, 
231, 1, 152, 17, -1, 315, 355, 7.4, 29, ABarappppp, 307, 30180, 34888, 1156, , 30180, 25000, 31652, 32006, 0, 
232, 1, 288, 257, -1, 529, 176, 14.5, 31, Capppa, 309, 27907, 34382, 1232, , 27907, 25000, 28818, 28681, 0, 
233, 1, 74, 61, -1, 183, 216, 25.8, 28, ABplaaaaaa, 275, 28911, 30414, 1052, , 28911, 25000, 28594, 28738, 0, 
234, 1, 265, 85, -1, 600, 257, 12.1, 29, Cpappd, 263, 27615, 33359, 1208, , 27615, 25000, 28218, 28254, 0, 
235, 1, 46, 11, -1, 183, 279, 11.9, 26, ABaraaapaa, 262, 27603, 22082, 800, , 27603, 25000, 27863, 27939, 0, 
236, 1, 287, 83, -1, 535, 320, 16.8, 31, Cpppap, 230, 28482, 41697, 1464, , 28482, 25000, 28727, 28712, 0, 
237, 1, 112, 112, -1, 388, 313, 6.3, 27, ABprpapapa, 235, 32746, 30257, 924, , 32746, 25000, 32984, 32885, 0, 
238, 1, 313, 141, -1, 478, 377, 21.5, 29, ABarppppap, 285, 27307, 29492, 1080, , 27307, 25000, 28133, 28121, 0, 
239, 1, 357, 326, -1, 405, 180, 5.9, 26, ABplpapapp, 225, 38258, 30606, 800, , 38258, 25000, 34213, 34669, 0, 
240, 1, 40, 274, -1, 230, 305, 9.9, 27, ABarapaapa, 158, 27869, 25305, 908, , 27869, 25000, 28592, 28683, 0, 
241, 1, 65, 279, -1, 367, 325, 8.3, 27, ABprpapaap, 93, 28466, 26303, 924, , 28466, 25000, 29209, 29165, 0, 
242, 1, 77, 340, -1, 189, 339, 9.2, 27, ABalaapaap, 245, 27059, 23487, 868, , 27059, 25000, 27848, 27801, 0, 
243, 1, 290, 157, -1, 359, 286, 25.7, 31, ABarpaappa, 311, 28244, 38638, 1368, , 28244, 25000, 28539, 28547, 0, 
244, 1, 242, 134, -1, 433, 185, 7.1, 27, ABplppppaa, 220, 30121, 27350, 908, , 30121, 25000, 31643, 31556, 0, 
245, 1, 348, 74, -1, 239, 148, 15.0, 26, ABplpaapaa, 196, 27038, 23036, 852, , 27038, 25000, 27785, 27768, 0, 
246, 1, 12, 5, -1, 294, 271, 8.9, 27, ABarapappa, -139, 29820, 27077, 908, , 29820, 25000, 29847, 29704, 0, 
247, 1, 261, 51, -1, 501, 333, 18.7, 30, Cpppaa, 287, 28090, 36742, 1308, , 28090, 25000, 28429, 28294, 0, 
248, 1, 72, 163, -1, 168, 352, 14.0, 26, ABalaappap, 155, 26862, 22886, 852, , 26862, 25000, 27320, 27345, 0, 
249, 1, 158, 201, -1, 530, 269, 15.2, 32, Eprpp, 312, 27723, 44579, 1608, , 27723, 25000, 29369, 29404, 0, 
250, 1, 260, 319, -1, 581, 191, 12.2, 30, Caappd, 258, 27580, 36405, 1320, , 27580, 25000, 28626, 28685, 0, 
251, 1, 201, 222, -1, 334, 393, 20.7, 30, ABpraappap, 275, 28343, 37072, 1308, , 28343, 25000, 27652, 27664, 0, 
252, 1, 227, 57, -1, 336, 402, 13.7, 27, ABprpaappp, 241, 26949, 24901, 924, , 26949, 25000, 27121, 27138, 0, 
253, 1, 324, 190, -1, 487, 125, 21.2, 29, ABplappapa, 265, 28026, 31165, 1112, , 28026, 25000, 27593, 27542, 0, 
254, 1, 54, 211, -1, 301, 291, 5.5, 26, ABarappaap, 209, 34945, 31311, 896, , 34945, 25000, 34321, 34172, 0, 
255, 0, 97, -1, -1, 150, 257, 22.6, 26, , 241, 242, 23137, 832, , 27809, 25000, 27724, 27567, 0, 
256, 1, 292, 347, -1, 200, 359, 10.8, 23, ABalaapapa, 205, 29020, 15671, 540, , 29020, 25000, 27542, 27806, 0, 
257, 1, 258, 53, -1, 429, 234, 19.7, 32, Eplaa, 320, 27851, 44116, 1584, , 27851, 25000, 28152, 28182, 0, 
258, 1, 273, 310, -1, 288, 134, 11.7, 28, ABplpaaaap, 243, 28018, 29811, 1064, , 28018, 25000, 28137, 28250, 0, 
259, 1, 182, 311, -1, 501, 313, 25.0, 34, Cpaaap, 340, 28422, 56616, 1992, , 28422, 25000, 28328, 28313, 0, 
260, 1, 58, 160, -1, 267, 303, 6.6, 26, ABarappaaa, 260, 32739, 27239, 832, , 32739, 25000, 32893, 32901, 0, 
261, 1, 226, 172, -1, 252, 167, 7.4, 28, ABalppapap, 214, 29113, 28764, 988, , 29113, 25000, 32402, 32961, 0, 
262, 1, 336, 158, -1, 430, 264, 6.7, 28, ABprpapppa, 252, 32116, 34171, 1064, , 32116, 25000, 32708, 32633, 0, 
263, 1, 298, 247, -1, 227, 195, 24.6, 27, ABalapappp, 205, 29038, 28690, 988, , 29038, 25000, 27973, 28094, 0, 
264, 1, 294, 156, -1, 221, 224, 26.0, 28, ABplaaaaap, 198, 28224, 31837, 1128, , 28224, 25000, 28110, 28110, 0, 
265, 1, 179, 209, -1, 510, 337, 7.7, 28, ABprpppaap, 220, 29048, 30907, 1064, , 29048, 25000, 31301, 31497, 0, 
266, 1, 67, 8, -1, 324, 162, 6.2, 27, ABalpapapp, -27, 36452, 31640, 868, , 36452, 25000, 37918, 38074, 0, 
267, 1, 79, 195, -1, 218, 248, 22.4, 30, MSaaaapa, 275, 27789, 32124, 1156, , 27789, 25000, 27829, 27883, 0, 
268, 1, 82, 10, -1, 158, 321, 10.8, 25, ABalaapaaa, 223, 27409, 19296, 704, , 27409, 25000, 27923, 28076, 0, 
269, 1, 157, 295, -1, 322, 233, 12.8, 26, MSaapapa, 261, 32167, 25605, 796, , 32167, 25000, 29839, 29946, 0, 
270, 1, 168, 145, -1, 141, 330, 15.3, 28, ABalaaappr, 285, 28352, 30167, 1064, , 28352, 25000, 27759, 27956, 0, 
271, 1, 51, 105, -1, 147, 267, 13.9, 24, ABaraaaapa, 215, 28967, 17496, 604, , 28967, 25000, 28413, 28398, 0, 
272, 1, 104, 246, -1, 228, 372, 19.5, 27, ABpraaapap, 273, 26951, 24148, 896, , 26951, 25000, 27884, 27933, 0, 
273, 1, 332, 58, -1, 417, 144, 25.2, 30, ABarppapaa, 279, 27735, 36610, 1320, , 27735, 25000, 28118, 28124, 0, 
274, 1, 210, 300, -1, 120, 263, 16.5, 27, ABalaaapar, 178, 27691, 24811, 896, , 27691, 25000, 27392, 27410, 0, 
275, 0, 286, -1, -1, 135, 179, 13.6, 23, , 171, -477, 17218, 640, , 26903, 25000, 27450, 27380, 0, 
276, 1, 101, 338, -1, 580, 199, 8.8, 25, Caappv, 227, 26077, 18358, 704, , 26077, 25000, 28790, 28996, 0, 
277, 1, 146, 294, -1, 491, 276, 7.1, 27, ABprpppppa, 111, 28790, 26141, 908, , 28790, 25000, 31477, 31387, 0, 
278, 1, 165, 37, -1, 465, 276, 19.0, 31, Eprap, 265, 27412, 43311, 1580, , 27412, 25000, 28403, 28442, 0, 
279, 1, 267, 249, -1, 191, 325, 12.6, 26, MSppaaaa, -49, 27498, 22878, 832, , 27498, 25000, 27758, 27770, 0, 
280, 1, 200, 120, -1, 255, 193, 26.6, 27, ABplaaapaa, 50, 26749, 26428, 988, , 26749, 25000, 28771, 28664, 0, 
281, 1, 130, 180, -1, 567, 315, 8.9, 24, ABprappppa, 166, 28806, 17399, 604, , 28806, 25000, 27965, 27984, 0, 
282, 1, 297, 111, -1, 552, 298, 13.0, 30, Cppppa, 247, 27377, 36904, 1348, , 27377, 25000, 28484, 28497, 0, 
283, 1, 42, 30, -1, 548, 283, 24.4, 35, Cpaapa, 349, 28513, 55088, 1932, , 28513, 25000, 28627, 28627, 0, 
284, 1, 6, 54, -1, 197, 145, 15.6, 29, ABalpppapa, -127, 27133, 31366, 1156, , 27133, 25000, 27649, 27613, 0, 
285, 1, 320, 24, -1, 472, 253, 6.5, 27, ABprpapppp, 256, 32862, 29444, 896, , 32862, 25000, 31997, 32263, 0, 
286, 1, 69, 63, -1, 323, 255, 25.6, 32, ABarpaapap, 318, 27336, 40567, 1484, , 27336, 25000, 28805, 28814, 0, 
287, 1, 9, 290, -1, 492, 165, 18.4, 30, Cappaa, 267, 27244, 31494, 1156, , 27244, 25000, 28295, 28207, 0, 
288, 1, 155, 91, -1, 546, 131, 12.2, 27, ABplapappa, -156, 26995, 23432, 868, , 26995, 25000, 28266, 28369, 0, 
289, 1, 270, 276, -1, 167, 202, 9.5, 27, ABalpaappa, 261, 28167, 25238, 896, , 28167, 25000, 29146, 29194, 0, 
290, 1, 328, 109, -1, 146, 341, 18.2, 28, ABalaapppa, 238, 26896, 28295, 1052, , 26896, 25000, 27369, 27447, 0, 
291, 1, 354, 205, -1, 495, 285, 17.0, 31, Eprpa, -55, 27639, 43669, 1580, , 27639, 25000, 28421, 28383, 0, 
292, 1, 341, 215, -1, 254, 331, 19.5, 29, MSppappa, 226, 27574, 29780, 1080, , 27574, 25000, 27429, 27394, 0, 
293, 1, 351, 217, 356, 280, 158, 20.8, 28, ABalpppppp, 274, 27029, 28435, 1052, , 27029, 25000, 27581, 27573, 0, 
294, 1, 167, 2, -1, 244, 266, 6.2, 25, ABarapaaap, 213, 33886, 23856, 704, , 33886, 25000, 34572, 35110, 0, 
295, 1, 88, 352, -1, 170, 230, 23.1, 29, ABalapapap, 240, 27474, 33188, 1208, , 27474, 25000, 28017, 28098, 0, 
296, 1, 92, 336, -1, 522, 236, 26.0, 34, Caaaap, 340, 28010, 55795, 1992, , 28010, 25000, 28287, 28309, 0, 
297, 1, 96, 146, -1, 382, 222, 8.4, 28, MSaappa, 444, 27488, 27158, 988, , 27488, 25000, 30192, 30032, 0, 
298, 1, 347, 194, -1, 391, 341, 12.6, 29, Dpap, 250, 27585, 31888, 1156, , 27585, 25000, 28448, 28454, 0, 
299, 1, 187, 312, -1, 316, 124, 21.4, 30, ABplaappap, -226, 28045, 32420, 1156, , 28045, 25000, 27987, 27976, 0, 
300, 1, 39, 182, -1, 403, 389, 19.8, 29, ABprapaaap, 227, 28718, 31934, 1112, , 28718, 25000, 27902, 27855, 0, 
301, 1, 230, 183, -1, 339, 201, 5.3, 31, ABplpappaa, 316, 36632, 50112, 1368, , 36632, 25000, 34738, 34721, 0, 
302, 1, 213, 353, -1, 351, 117, 18.4, 30, ABplaapppa, 64, 27613, 31921, 1156, , 27613, 25000, 28107, 28107, 0, 
303, 1, 117, 264, -1, 348, 197, 21.5, 33, MSapppp, 242, 27822, 45183, 1624, , 27822, 25000, 28571, 28566, 0, 
304, 1, 34, 64, -1, 239, 204, 21.4, 27, MSapappa, 116, 27425, 27096, 988, , 27425, 25000, 28229, 28230, 0, 
305, 0, 360, -1, -1, 88, 262, 14.8, 26, , 156, 1000, 21904, 796, , 27518, 25000, 26858, 26518, 0, 
306, 1, 59, 225, -1, 219, 171, 21.3, 29, ABalppppap, 161, 27749, 29636, 1068, , 27749, 25000, 27556, 27502, 0, 
307, 1, 300, 358, -1, 139, 299, 12.8, 27, ABalaaaarr, 212, 27082, 23507, 868, , 27082, 25000, 27159, 27108, 0, 
308, 1, 52, 44, -1, 565, 152, 17.1, 29, ABarppappp, 257, 27888, 33689, 1208, , 27888, 25000, 28011, 28011, 0, 
309, 1, 171, 329, -1, 541, 153, 8.8, 27, ABplappppa, 258, 28320, 24582, 868, , 28320, 25000, 28830, 28957, 0, 
310, 1, 234, 281, -1, 424, 321, 25.6, 32, ABarpppapa, 310, 27821, 41287, 1484, , 27821, 25000, 28426, 28480, 0, 
311, 1, 228, 66, -1, 180, 353, 17.9, 30, ABalaapppp, 271, 27299, 37018, 1356, , 27299, 25000, 27551, 27610, 0, 
312, 1, 131, 298, -1, 278, 352, 26.5, 28, ABarpappaa, 329, 28062, 30307, 1080, , 28062, 25000, 28962, 29106, 0, 
313, 1, 319, 242, -1, 372, 295, 14.4, 32, Earpa, 227, 27794, 41246, 1484, , 27794, 25000, 29323, 29256, 0, 
314, 1, 303, 346, -1, 385, 373, 24.7, 29, ABarpppaaa, 268, 27287, 29143, 1068, , 27287, 25000, 27544, 27501, 0, 
315, 1, 293, 155, -1, 476, 222, 7.6, 27, ABplpppppa, 6, 28410, 28069, 988, , 28410, 25000, 31025, 31024, 0, 
316, 1, 138, 219, -1, 322, 113, 15.1, 28, ABplpaappp, 293, 27544, 29968, 1088, , 27544, 25000, 28375, 28533, 0, 
317, 1, 149, 40, -1, 280, 210, 10.5, 28, ABalpapppa, 251, 28207, 30464, 1080, , 28207, 25000, 28999, 28597, 0, 
318, 1, 86, 116, -1, 241, 151, 22.2, 28, ABplaapapa, 248, 28664, 30155, 1052, , 28664, 25000, 27456, 27538, 0, 
319, 1, 22, 272, -1, 189, 308, 23.8, 29, ABalapppap, 249, 27818, 30934, 1112, , 27818, 25000, 28933, 28936, 0, 
320, 1, 123, 13, -1, 552, 214, 22.6, 33, Caaapa, 332, 27693, 45416, 1640, , 27693, 25000, 28536, 28545, 0, 
321, 1, 70, 291, -1, 277, 333, 7.7, 27, ABarappppa, 5, 29610, 27360, 924, , 29610, 25000, 30614, 30402, 0, 
322, 1, 108, 317, -1, 208, 193, 14.1, 26, MSapaaap, 239, 27959, 22367, 800, , 27959, 25000, 27694, 27703, 0, 
323, 1, 60, 328, -1, 386, 295, 18.9, 33, Earap, 309, 28309, 49145, 1736, , 28309, 25000, 28973, 29027, 0, 
324, 1, 126, 161, -1, 348, 380, 8.6, 27, ABprppaaaa, 268, 27752, 27419, 988, , 27752, 25000, 28122, 28090, 0, 
325, 1, 304, 149, -1, 531, 198, 10.5, 29, Capppp, 255, 27447, 29643, 1080, , 27447, 25000, 28677, 28737, 0, 
326, 1, 41, 277, -1, 359, 219, 11.4, 29, MSaapapp, 165, 36230, 41882, 1156, , 36230, 25000, 30023, 30037, 0, 
327, 1, 16, 89, -1, 176, 259, 17.0, 26, ABaraaaapp, 250, 27717, 23615, 852, , 27717, 25000, 28334, 28265, 0, 
328, 1, 323, 20, -1, 480, 315, 6.5, 27, ABprppppap, 274, 31974, 28649, 896, , 31974, 25000, 31932, 32026, 0, 
329, 1, 350, 36, -1, 435, 379, 23.7, 31, ABarppppaa, 452, 27030, 36977, 1368, , 27030, 25000, 28013, 28013, 0, 
330, 1, 343, 360, -1, 222, 241, 18.5, 30, MSaaapaa, 263, 28390, 34977, 1232, , 28390, 25000, 28521, 28579, 0, 
331, 1, 184, 323, -1, 289, 222, 25.9, 30, ABplaaaapp, 298, 28001, 37969, 1356, , 28001, 25000, 28193, 28192, 0, 
332, 1, 102, 313, -1, 556, 231, 6.7, 27, Cpappv, 226, 33119, 30602, 924, , 33119, 25000, 34026, 34073, 0, 
333, 1, 180, 9, -1, 333, 154, 13.5, 29, MSappap, 219, 26963, 29120, 1080, , 26963, 25000, 28421, 28407, 0, 
334, 1, 81, 325, -1, 417, 310, 10.2, 33, MSpappp, 211, 27009, 47103, 1744, , 27009, 25000, 28724, 28723, 0, 
335, 1, 345, 192, -1, 161, 301, 21.4, 28, ABalapppaa, -26, 26714, 26393, 988, , 26714, 25000, 27661, 27710, 0, 
336, 1, 38, 240, 364, 319, 214, 9.7, 32, ABalpapppp, 230, 27333, 43296, 1584, , 27333, 25000, 28475, 28438, 0, 
337, 1, 342, 6, 368, 310, 175, 17.7, 30, MSapppa, 251, 27304, 35714, 1308, , 27304, 25000, 28129, 28113, 0, 
338, 1, 1, 110, -1, 597, 203, 19.4, 33, Caaapp, 332, 27760, 45526, 1640, , 27760, 25000, 27783, 27783, 0, 
339, 1, 47, 251, -1, 600, 208, 15.3, 31, Cpapaa, 312, 27633, 37802, 1368, , 27633, 25000, 28597, 28584, 0, 
340, 1, 249, 214, -1, 352, 241, 16.1, 32, Ealpa, 297, 28940, 45609, 1576, , 28940, 25000, 30061, 30083, 0, 
341, 1, 352, 365, -1, 181, 170, 11.4, 28, ABalaaaalp, 251, 28906, 28559, 988, , 28906, 25000, 28087, 28117, 0, 
342, 1, 205, 108, -1, 242, 233, 10.7, 27, ABalpaaapp, 226, 28053, 25921, 924, , 28053, 25000, 28276, 28378, 0, 
343, 1, 194, 21, -1, 278, 302, 16.5, 26, MSpaapap, 264, 27638, 24764, 896, , 27638, 25000, 28235, 28245, 0, 
344, 1, 248, 243, -1, 241, 286, 26.3, 26, ABarpaaapp, 209, 28131, 24080, 856, , 28131, 25000, 28274, 28301, 0, 
345, 1, 185, 114, -1, 281, 285, 20.3, 30, MSpaaapp, 297, 26873, 35150, 1308, , 26873, 25000, 28551, 28547, 0, 
346, 1, 113, 69, -1, 225, 203, 9.9, 26, ABalpaaapa, 228, 28701, 22961, 800, , 28701, 25000, 28841, 28870, 0, 
347, 1, 173, 334, -1, 494, 200, 9.7, 29, Capapp, 279, 27625, 29504, 1068, , 27625, 25000, 28635, 28832, 0, 
348, 1, 282, 189, -1, 309, 168, 9.6, 27, ABplpapaaa, 234, 28014, 27678, 988, , 28014, 25000, 29030, 29154, 0, 
349, 1, 193, 144, -1, 536, 328, 10.4, 27, ABprapppap, 214, 27010, 26686, 988, , 27010, 25000, 28518, 28526, 0, 
350, 1, 156, 168, -1, 513, 154, 10.4, 27, ABplapppap, 43, 27715, 27382, 988, , 27715, 25000, 28334, 28436, 0, 
351, 1, 204, 92, -1, 255, 233, 25.9, 29, ABplaaaapa, 290, 27737, 33506, 1208, , 27737, 25000, 27997, 28044, 0, 
352, 1, 365, 351, -1, 291, 168, 25.5, 29, ABplaaapap, 223, 27481, 29679, 1080, , 27481, 25000, 28508, 28573, 0, 
353, 1, 66, 245, -1, 383, 265, 11.0, 29, MSpapapp, 286, 39784, 48855, 1228, , 39784, 25000, 30849, 30581, 0, 
354, 1, 23, 333, -1, 234, 378, 14.8, 26, ABpraaaapa, 243, 27215, 21663, 796, , 27215, 25000, 27164, 27265, 0, 
355, 1, 346, 125, -1, 419, 356, 15.6, 31, Dppa, 305, 27779, 37001, 1332, , 27779, 25000, 27999, 27991, 0, 
356, 1, 118, 316, -1, 371, 148, 22.4, 30, ABplapaaap, 248, 27360, 31628, 1156, , 27360, 25000, 28196, 28189, 0, 
357, 1, 239, 179, -1, 483, 143, 8.3, 27, ABplpppaap, 132, 28746, 26561, 924, , 28746, 25000, 29022, 29176, 0, 
358, 1, 271, 228, -1, 119, 266, 19.1, 24, ABalappaaa, 308, 25914, 15652, 604, , 25914, 25000, 27080, 27003, 0, 
359, 1, 223, 367, -1, 143, 264, 20.1, 25, ABalappaap, 50, 27526, 18938, 688, , 27526, 25000, 27559, 27710, 0, 
360, 1, 231, 208, -1, 530, 252, 5.8, 27, ABprpppppp, 41, 38627, 33528, 868, , 38627, 25000, 36130, 36335, 0, 
361, 1, 364, 42, -1, 411, 184, 20.9, 28, Dappa, 51, 27494, 29913, 1088, , 27494, 25000, 28310, 28334, 0, 
362, 1, 49, 260, -1, 285, 229, 12.8, 27, MSaapaaa, 392, 35615, 30914, 868, , 35615, 25000, 30011, 29954, 0, 
363, 1, 279, 100, -1, 515, 303, 5.7, 22, ABprpppapa, 157, 41300, 21641, 524, , 41300, 25000, 36884, 36998, 0, 
364, 1, 283, 366, -1, 301, 347, 24.5, 31, ABarpappap, 66, 28099, 34618, 1232, , 28099, 25000, 28575, 28783, 0, 
365, 1, 160, 369, -1, 208, 337, 20.9, 25, ABalappppa, 217, 28608, 19682, 688, , 28608, 25000, 27855, 27896, 0, 
