1, 1, 225, 142, -1, 221, 167, 21.2, 29, ABalppppap, 171, 27668, 30767, 1112, , 27668, 25000, 27778, 27877, 0, 
2, 1, 101, 318, -1, 561, 277, 7.6, 26, ABprappppp, 240, 29923, 24896, 832, , 29923, 25000, 31173, 31202, 0, 
3, 1, 232, 322, -1, 563, 225, 9.6, 29, Caapa, 268, 27264, 31517, 1156, , 27264, 25000, 28564, 28570, 0, 
4, 1, 100, 347, -1, 525, 313, 6.4, 29, ABprpppapa, 237, 33460, 38680, 1156, , 33460, 25000, 34722, 34842, 0, 
5, 1, 7, 311, -1, 177, 256, 14.9, 28, ABaraapaaa, 224, 27676, 30111, 1088, , 27676, 25000, 27765, 27798, 0, 
6, 1, 14, 40, -1, 222, 167, 25.1, 31, ABplaapaap, -10, 28420, 42061, 1480, , 28420, 25000, 27709, 27669, 0, 
7, 0, 243, -1, -1, 250, 292, 26.2, 26, , 221, -628, 22291, 796, , 28004, 25000, 28525, 28632, 0, 
8, 1, 57, 209, -1, 328, 403, 14.1, 27, ABprpaappp, 234, 26971, 24490, 908, , 26971, 25000, 27112, 27106, 0, 
9, 1, 90, 150, -1, 226, 342, 8.1, 27, ABarapppaa, 233, 28551, 25924, 908, , 28551, 25000, 29148, 29213, 0, 
10, 0, 28, -1, -1, 88, 262, 16.7, 28, , 479, 2598, 30959, 1064, , 29097, 25000, 26613, 26499, 0, 
11, 1, 99, 335, -1, 229, 317, 25.3, 29, ABarpapaap, 259, 27183, 29031, 1068, , 27183, 25000, 28675, 28816, 0, 
12, 1, 224, 299, -1, 187, 289, 16.1, 27, ABaraappaa, 168, 26305, 23885, 908, , 26305, 25000, 28629, 28741, 0, 
13, 1, 324, 106, -1, 248, 222, 4.7, 28, ABalpapaap, -10, 36543, 38882, 1064, , 36543, 25000, 36459, 36693, 0, 
14, 1, 223, 115, -1, 164, 288, 9.8, 25, ABaraaaaap, 201, 27903, 19644, 704, , 27903, 25000, 28249, 28150, 0, 
15, 1, 50, 46, -1, 182, 170, 24.0, 29, ABplaapaaa, 150, 27511, 33783, 1228, , 27511, 25000, 27720, 27746, 0, 
16, 1, 118, 129, -1, 436, 113, 18.4, 28, ABplapaapp, 152, 27155, 26829, 988, , 27155, 25000, 27946, 27958, 0, 
17, 1, 59, 22, -1, 262, 280, 7.8, 28, ABarapapaa, 137, 28227, 29695, 1052, , 28227, 25000, 30406, 30189, 0, 
18, 1, 5, 255, -1, 296, 270, 9.3, 28, ABarapappa, 142, 28843, 30689, 1064, , 28843, 25000, 30028, 29379, 0, 
19, 1, 331, 109, -1, 375, 179, 6.8, 27, ABplpapapa, 256, 31220, 27099, 868, , 31220, 25000, 32562, 32396, 0, 
20, 1, 159, 32, -1, 532, 258, 9.6, 29, Cppppp, 246, 27766, 32098, 1156, , 27766, 25000, 28446, 28500, 0, 
21, 1, 53, 194, -1, 438, 230, 20.1, 33, Eplaa, 325, 27591, 47898, 1736, , 27591, 25000, 28448, 28479, 0, 
22, 1, 3, 221, -1, 192, 160, 20.1, 30, ABalppppaa, 181, 27672, 37523, 1356, , 27672, 25000, 27394, 27410, 0, 
23, 1, 54, 84, -1, 197, 145, 16.0, 27, ABalpppapa, 68, 27484, 28363, 1032, , 27484, 25000, 27992, 28066, 0, 
24, 1, 123, 330, -1, 383, 253, 5.3, 28, ABprpappap, 224, 35084, 37329, 1064, , 35084, 25000, 34088, 34073, 0, 
25, 1, 76, 68, -1, 271, 353, 10.3, 26, ABprpaaaaa, 29, 27782, 23781, 856, , 27782, 25000, 28230, 28339, 0, 
26, 1, 154, 159, -1, 224, 168, 8.8, 27, ABalppapaa, -122, 27176, 23589, 868, , 27176, 25000, 28879, 28970, 0, 
27, 1, 345, 10, -1, 140, 318, 20.2, 28, ABalappapa, 71, 26633, 28018, 1052, , 26633, 25000, 27441, 27391, 0, 
28, 1, 235, 99, -1, 288, 396, 14.0, 25, ABprpaapap, -171, 28216, 21557, 764, , 28216, 25000, 27916, 28000, 0, 
29, 1, 274, 5, -1, 230, 297, 10.1, 27, ABarapaapa, 197, 27008, 24523, 908, , 27008, 25000, 28328, 28463, 0, 
30, 1, 168, 308, -1, 512, 159, 9.9, 27, ABplapppap, 243, 27170, 24670, 908, , 27170, 25000, 28644, 28699, 0, 
31, 1, 355, 173, -1, 434, 282, 16.3, 32, Earpp, 319, 27650, 43798, 1584, , 27650, 25000, 28771, 28776, 0, 
32, 1, 73, 153, -1, 394, 240, 24.4, 31, ABarpaappp, 308, 29418, 39185, 1332, , 29418, 25000, 28358, 28389, 0, 
33, 1, 96, 324, -1, 170, 209, 13.9, 26, MSapaaaa, 218, 26755, 21404, 800, , 26755, 25000, 28711, 28833, 0, 
34, 1, 185, 144, -1, 392, 119, 22.1, 27, ABplapaapa, 243, 26893, 24419, 908, , 26893, 25000, 27811, 27911, 0, 
35, 1, 24, 23, -1, 471, 254, 7.6, 27, ABprpapppp, 272, 28830, 28484, 988, , 28830, 25000, 30288, 30330, 0, 
36, 1, 327, 151, -1, 258, 368, 21.4, 28, ABpraapapa, 242, 27241, 26914, 988, , 27241, 25000, 28006, 28026, 0, 
37, 1, 43, 234, -1, 262, 161, 23.6, 30, ABplaapapp, 194, 26435, 30559, 1156, , 26435, 25000, 27804, 27780, 0, 
38, 1, 264, 43, 273, 353, 196, 21.4, 33, MSapppp, 229, 27377, 44899, 1640, , 27377, 25000, 28239, 28271, 0, 
39, 1, 61, 79, -1, 184, 217, 26.0, 28, ABplaaaaaa, 281, 27965, 31545, 1128, , 27965, 25000, 28656, 28747, 0, 
40, 1, 240, 279, -1, 293, 214, 9.4, 27, ABalpappppa, 168, 27097, 26772, 988, , 27097, 25000, 28177, 28255, 0, 
41, 1, 91, 65, -1, 542, 130, 11.7, 27, ABplapappa, -144, 26737, 24705, 924, , 26737, 25000, 27936, 27977, 0, 
42, 1, 178, 146, -1, 230, 365, 22.6, 30, ABpraapaap, 280, 27728, 32054, 1156, , 27728, 25000, 27568, 27569, 0, 
43, 1, 270, 313, -1, 268, 311, 25.0, 28, ABarpapapa, 235, 28996, 32707, 1128, , 28996, 25000, 28676, 28736, 0, 
44, 1, 238, 108, -1, 505, 235, 6.1, 28, ABplpppppp, 254, 32939, 35838, 1088, , 32939, 25000, 34681, 34632, 0, 
45, 1, 175, 27, -1, 439, 344, 6.1, 27, ABprppaapp, 248, 33577, 30488, 908, , 33577, 25000, 34145, 34349, 0, 
46, 1, 142, 130, -1, 255, 144, 11.6, 28, ABplpaaaaa, 218, 27867, 27533, 988, , 27867, 25000, 27369, 27387, 0, 
47, 1, 40, 69, -1, 272, 221, 10.5, 29, ABalpapppa, 211, 27819, 30045, 1080, , 27819, 25000, 28541, 28692, 0, 
48, 1, 253, 54, -1, 307, 253, 6.6, 26, ABarapapap, -19, 29857, 24841, 832, , 29857, 25000, 33288, 33493, 0, 
49, 1, 30, 215, -1, 552, 285, 24.1, 35, Cpaapa, 75, 28490, 58918, 2068, , 28490, 25000, 27961, 27961, 0, 
50, 0, 127, -1, -1, 508, 195, 6.4, 25, , 217, -246, 28714, 832, , 34512, 25000, 35179, 34758, 0, 
51, 1, 303, 191, -1, 246, 274, 22.4, 28, MSpaaapa, 244, 27669, 27337, 988, , 27669, 25000, 28203, 28268, 0, 
52, 1, 368, 369, -1, 300, 174, 15.4, 25, MSapppaa, 226, 26606, 22136, 832, , 26606, 25000, 27770, 27765, 0, 
53, 1, 69, 26, -1, 220, 212, 9.5, 27, ABalpaaapa, 414, 29405, 26347, 896, , 29405, 25000, 28540, 28573, 0, 
54, 1, 162, 219, -1, 221, 271, 25.7, 28, ABarpaaapa, 237, 27836, 29617, 1064, , 27836, 25000, 28657, 28712, 0, 
55, 1, 266, 9, -1, 306, 308, 25.4, 29, ABarpapapp, 298, 28402, 32833, 1156, , 28402, 25000, 28658, 28689, 0, 
56, 1, 23, 62, -1, 186, 305, 7.7, 26, ABaraaappa, 354, 28653, 24527, 856, , 28653, 25000, 30507, 30795, 0, 
57, 1, 254, 148, -1, 277, 223, 15.5, 28, ABaraapapp, 111, 27846, 30074, 1080, , 27846, 25000, 29144, 28910, 0, 
58, 1, 282, 161, -1, 189, 346, 24.1, 32, ABpraapaaa, 265, 26698, 42076, 1576, , 26698, 25000, 27540, 27530, 0, 
59, 1, 166, 211, -1, 219, 203, 6.1, 27, ABalpapaaa, 271, 34497, 31323, 908, , 34497, 25000, 37726, 37712, 0, 
60, 1, 116, 337, -1, 250, 160, 21.3, 30, ABplaapapa, 139, 26707, 34933, 1308, , 26707, 25000, 28033, 28230, 0, 
61, 1, 149, 225, -1, 530, 203, 10.4, 28, Capppp, 272, 28553, 28210, 988, , 28553, 25000, 29121, 29140, 0, 
62, 1, 31, 119, -1, 294, 283, 14.1, 27, ABaraapppp, 164, 28329, 25723, 908, , 28329, 25000, 29136, 29117, 0, 
63, 1, 348, 118, -1, 163, 337, 20.2, 27, ABalappapp, 193, 27776, 24110, 868, , 27776, 25000, 27936, 28021, 0, 
64, 1, 261, 92, -1, 420, 407, 19.6, 28, ABprapaapa, 215, 28183, 27845, 988, , 28183, 25000, 27341, 27356, 0, 
65, 1, 174, 203, -1, 151, 167, 16.2, 28, ABalpppaaa, 231, 26887, 28285, 1052, , 26887, 25000, 27066, 27024, 0, 
66, 1, 285, 178, -1, 436, 163, 18.4, 28, Dapap, 228, 28021, 27685, 988, , 28021, 25000, 28568, 28619, 0, 
67, 1, 138, 18, -1, 383, 143, 7.6, 26, ABplppaapa, 244, 28422, 23647, 832, , 28422, 25000, 31075, 31184, 0, 
68, 1, 313, 363, -1, 553, 233, 6.6, 26, Cpappv, 250, 32772, 27266, 832, , 32772, 25000, 33890, 33872, 0, 
69, 1, 248, 232, -1, 571, 338, 11.5, 28, ABprapappa, 51, 26936, 29091, 1080, , 26936, 25000, 27335, 27347, 0, 
70, 1, 180, 16, -1, 565, 313, 8.7, 26, ABprappppa, 235, 27783, 23782, 856, , 27783, 25000, 28501, 28512, 0, 
71, 1, 18, 257, 321, 265, 184, 12.8, 30, MSapaap, 169, 27164, 35856, 1320, , 27164, 25000, 27882, 27870, 0, 
72, 1, 133, 368, -1, 265, 133, 14.4, 29, ABplpaaapa, 235, 27608, 31915, 1156, , 27608, 25000, 27877, 27975, 0, 
73, 1, 121, 310, -1, 419, 248, 8.8, 30, MSpappa, 303, 28245, 37283, 1320, , 28245, 25000, 28688, 28522, 0, 
74, 1, 108, 277, -1, 245, 240, 10.4, 28, ABalpaaapp, 77, 28474, 28132, 988, , 28474, 25000, 28684, 28768, 0, 
75, 1, 306, 250, -1, 470, 346, 7.0, 26, ABprpppaaa, 213, 29364, 25018, 852, , 29364, 25000, 31781, 32164, 0, 
76, 1, 15, 269, -1, 128, 302, 18.0, 26, ABalaaappl, 100, 27525, 23451, 852, , 27525, 25000, 27053, 27122, 0, 
77, 1, 218, 51, -1, 247, 340, 15.1, 26, MSppapaa, 199, 26938, 21550, 800, , 26938, 25000, 27810, 27904, 0, 
78, 1, 317, 201, -1, 212, 194, 13.5, 28, MSapaaap, 224, 27750, 29970, 1080, , 27750, 25000, 28553, 28505, 0, 
79, 1, 170, 95, -1, 276, 343, 15.4, 28, MSppapap, 240, 27490, 27160, 988, , 27490, 25000, 28491, 28673, 0, 
80, 1, 148, 227, -1, 185, 250, 21.2, 30, MSaaaaap, 300, 27369, 36127, 1320, , 27369, 25000, 28378, 28409, 0, 
81, 1, 147, 351, -1, 564, 349, 14.5, 28, ABprapapap, 27, 26853, 29001, 1080, , 26853, 25000, 27635, 27642, 0, 
82, 1, 357, 198, -1, 417, 222, 11.6, 33, Z3, 321, 27554, 45189, 1640, , 27554, 25000, 28453, 28362, 0, 
83, 0, 48, -1, -1, 372, 397, 12.4, 23, , 194, -66, 17903, 640, , 27973, 25000, 28038, 28039, 0, 
84, 0, 25, -1, -1, 532, 289, 7.0, 23, , 176, 112, 0, 0, , 0, 0, 0, 0, 0, 
85, 1, 318, 20, -1, 331, 359, 24.7, 30, ABarpapppa, 251, 27747, 36293, 1308, , 27747, 25000, 28013, 27933, 0, 
86, 1, 88, 300, -1, 325, 244, 19.8, 32, Ealaa, 328, 28618, 46017, 1608, , 28618, 25000, 28793, 28781, 0, 
87, 1, 262, 30, -1, 367, 354, 16.9, 30, Dpaa, 305, 27249, 36950, 1356, , 27249, 25000, 28012, 28016, 0, 
88, 1, 6, 243, -1, 322, 185, 19.1, 26, MSapppap, 215, 27036, 21629, 800, , 27036, 25000, 27920, 27759, 0, 
89, 1, 131, 323, -1, 594, 266, 20.6, 34, Cpaapp, 337, 27326, 48641, 1780, , 27326, 25000, 28565, 28564, 0, 
90, 1, 304, 187, 340, 344, 188, 13.4, 32, MSappaa, 212, 27940, 41463, 1484, , 27940, 25000, 28674, 28688, 0, 
91, 1, 203, 19, -1, 262, 125, 17.2, 27, ABplpaapap, 271, 28349, 24607, 868, , 28349, 25000, 27862, 27900, 0, 
92, 1, 66, 252, -1, 173, 359, 17.3, 29, ABalaapppp, 270, 26775, 28596, 1068, , 26775, 25000, 27330, 27385, 0, 
93, 1, 146, 133, -1, 386, 228, 8.4, 28, MSaappa, 268, 26645, 26325, 988, , 26645, 25000, 29161, 29208, 0, 
94, 1, 258, 152, -1, 337, 272, 7.5, 30, ABarapappp, -103, 27857, 34320, 1232, , 27857, 25000, 31603, 31400, 0, 
95, 1, 332, 271, -1, 297, 322, 20.1, 28, MSppappp, 213, 28392, 30891, 1088, , 28392, 25000, 28114, 28160, 0, 
96, 1, 246, 247, -1, 221, 367, 19.0, 27, ABpraaapap, 331, 26980, 27843, 1032, , 26980, 25000, 27375, 27356, 0, 
97, 1, 263, 193, -1, 564, 347, 18.4, 29, ABprapapaa, -4, 26854, 31043, 1156, , 26854, 25000, 28156, 28103, 0, 
98, 1, 117, 188, -1, 335, 281, 14.4, 29, MSpapaap, 290, 40487, 46803, 1156, , 40487, 25000, 31193, 31171, 0, 
99, 1, 291, 195, -1, 274, 331, 7.9, 27, ABarappppa, 185, 28043, 25463, 908, , 28043, 25000, 29708, 29354, 0, 
100, 1, 12, 328, -1, 320, 276, 10.9, 26, MSpapaaa, 228, 42326, 33861, 800, , 42326, 25000, 31433, 31421, 0, 
101, 1, 278, 275, -1, 381, 366, 21.6, 30, ABprapaaaa, 119, 26912, 31110, 1156, , 26912, 25000, 28222, 28224, 0, 
102, 1, 281, 213, -1, 421, 317, 25.9, 34, ABarpppapa, 298, 27494, 54329, 1976, , 27494, 25000, 27901, 27938, 0, 
103, 1, 164, 282, -1, 298, 377, 8.7, 28, ABprpaaaap, 254, 27281, 29027, 1064, , 27281, 25000, 27839, 27887, 0, 
104, 0, 165, -1, -1, 154, 172, 12.7, 24, , 342, 241, 19203, 704, , 27277, 25000, 26964, 27036, 0, 
105, 1, 212, 70, -1, 127, 239, 13.2, 26, ABalaaaarl, 128, 28612, 22775, 796, , 28612, 25000, 27422, 27446, 0, 
106, 1, 63, 287, -1, 325, 257, 25.8, 33, ABarpaapap, 311, 29007, 50589, 1744, , 29007, 25000, 28966, 28922, 0, 
107, 1, 52, 25, -1, 248, 231, 15.1, 32, ABaraapapa, 197, 27201, 42868, 1576, , 27201, 25000, 28175, 28293, 0, 
108, 1, 16, 57, -1, 238, 163, 17.7, 28, ABalpppppa, 177, 27814, 29594, 1064, , 27814, 25000, 27982, 27982, 0, 
109, 1, 22, 210, -1, 516, 359, 11.4, 26, ABprapppaa, 234, 28178, 23444, 832, , 28178, 25000, 27330, 27294, 0, 
110, 1, 39, 342, -1, 294, 260, 17.8, 30, MSaaapp, 242, 27761, 36645, 1320, , 27761, 25000, 28404, 28410, 0, 
111, 1, 307, 204, -1, 529, 168, 23.6, 31, ABarppappa, 231, 28143, 37486, 1332, , 28143, 25000, 28298, 28298, 0, 
112, 1, 74, 61, -1, 244, 152, 14.7, 26, ABplpaapaa, 227, 28704, 24571, 856, , 28704, 25000, 27672, 27777, 0, 
113, 1, 226, 155, -1, 198, 180, 9.5, 27, ABalpaappp, 196, 27578, 24710, 896, , 27578, 25000, 28238, 28604, 0, 
114, 1, 111, 353, -1, 553, 304, 13.7, 31, Cppppa, 255, 27817, 38054, 1368, , 27817, 25000, 28276, 28304, 0, 
115, 1, 319, 229, -1, 583, 189, 11.5, 30, Caappd, 244, 27245, 33566, 1232, , 27245, 25000, 28306, 28257, 0, 
116, 1, 336, 120, -1, 524, 230, 25.6, 34, Caaaap, 333, 28444, 50630, 1780, , 28444, 25000, 28456, 28410, 0, 
117, 1, 172, 124, -1, 251, 173, 7.1, 26, ABalppapap, 220, 32734, 26187, 800, , 32734, 25000, 33296, 33858, 0, 
118, 1, 234, 332, -1, 136, 202, 14.6, 28, ABalaaapal, 234, 26766, 26445, 988, , 26766, 25000, 27447, 27499, 0, 
119, 1, 70, 85, -1, 267, 277, 11.2, 31, ABarapaapp, 23, 27944, 40910, 1464, , 27944, 25000, 28080, 28082, 0, 
120, 1, 326, 365, -1, 402, 188, 5.5, 26, ABplpapapp, 237, 34744, 31131, 896, , 34744, 25000, 34416, 34655, 0, 
121, 1, 92, 261, -1, 260, 234, 26.1, 29, ABplaaaapa, 257, 26772, 32340, 1208, , 26772, 25000, 28149, 28199, 0, 
122, 1, 280, 107, -1, 189, 223, 6.8, 27, ABalpaaaaa, 258, 32168, 27922, 868, , 32168, 25000, 35624, 35811, 0, 
123, 1, 210, 338, -1, 363, 358, 24.4, 26, ABarpapppp, 228, 28773, 23939, 832, , 28773, 25000, 27950, 27924, 0, 
124, 1, 301, 222, -1, 203, 354, 13.7, 26, ABpraaaaaa, 423, 27325, 23390, 856, , 27325, 25000, 27709, 27804, 0, 
125, 1, 194, 296, -1, 386, 348, 12.9, 30, Dpap, 301, 27395, 37148, 1356, , 27395, 25000, 28275, 28260, 0, 
126, 1, 186, 136, -1, 297, 136, 13.6, 29, ABplpaaapp, 215, 27240, 31489, 1156, , 27240, 25000, 27989, 28116, 0, 
127, 1, 187, 238, -1, 269, 195, 17.5, 28, MSapapap, 214, 26856, 29005, 1080, , 26856, 25000, 27825, 27815, 0, 
128, 1, 176, 367, -1, 247, 333, 23.0, 25, ABalappppp, 238, 27874, 21296, 764, , 27874, 25000, 27386, 27449, 0, 
129, 1, 144, 100, -1, 532, 332, 10.2, 26, ABprapppap, 18, 26749, 21292, 796, , 26749, 25000, 27789, 27823, 0, 
130, 1, 189, 291, -1, 315, 176, 9.5, 27, ABplpapaaa, 254, 27318, 24477, 896, , 27318, 25000, 28599, 28601, 0, 
131, 1, 132, 127, -1, 562, 157, 12.0, 27, ABplapappp, 85, 27995, 28891, 1032, , 27995, 25000, 28165, 28273, 0, 
132, 1, 151, 246, -1, 285, 181, 6.6, 29, ABalpapapa, 55, 33789, 39060, 1156, , 33789, 25000, 35095, 35250, 0, 
133, 0, 347, -1, -1, 211, 359, 9.9, 24, , 203, -234, 16427, 604, , 27197, 25000, 27417, 27431, 0, 
134, 1, 325, 286, -1, 437, 294, 9.4, 28, MSpapppp, 190, 27647, 27315, 988, , 27647, 25000, 28743, 28781, 0, 
135, 1, 56, 189, -1, 415, 148, 7.1, 26, ABplppaapp, 233, 28950, 23160, 800, , 28950, 25000, 32008, 32300, 0, 
136, 1, 181, 256, -1, 504, 233, 12.5, 31, Eplpp, 310, 27984, 34476, 1232, , 27984, 25000, 29052, 29082, 0, 
137, 1, 265, 88, -1, 203, 375, 15.7, 25, ABpraaaaap, 230, 28072, 21447, 764, , 28072, 25000, 27058, 27034, 0, 
138, 1, 94, 50, -1, 223, 286, 16.0, 27, ABaraappap, 260, 27357, 28232, 1032, , 27357, 25000, 28193, 28200, 0, 
139, 1, 177, 38, -1, 290, 326, 12.1, 27, MSppaap, -19, 25937, 23551, 908, , 25937, 25000, 28155, 28134, 0, 
140, 1, 44, 224, -1, 567, 152, 16.4, 30, ABarppappp, 263, 28330, 32749, 1156, , 28330, 25000, 28301, 28301, 0, 
141, 1, 342, 341, -1, 296, 206, 21.3, 28, MSapappp, 227, 27606, 29373, 1064, , 27606, 25000, 28556, 28554, 0, 
142, 1, 173, 15, -1, 225, 190, 16.4, 26, MSapapaa, 240, 27764, 23100, 832, , 27764, 25000, 28518, 28504, 0, 
143, 1, 98, 73, -1, 216, 238, 7.1, 24, ABalpaaaap, 128, 28793, 17391, 604, , 28793, 25000, 32589, 32879, 0, 
144, 1, 359, 259, -1, 210, 290, 20.2, 30, MSpaaaap, -154, 27598, 36430, 1320, , 27598, 25000, 28101, 28109, 0, 
145, 1, 271, 355, -1, 399, 346, 25.8, 31, ABarpppaap, 255, 27890, 40831, 1464, , 27890, 25000, 27715, 27726, 0, 
146, 1, 152, 280, -1, 341, 163, 8.6, 28, ABplpapaap, -192, 28150, 27812, 988, , 28150, 25000, 29126, 29152, 0, 
147, 1, 197, 121, -1, 450, 270, 11.7, 33, Z2, 333, 27062, 46980, 1736, , 27062, 25000, 28143, 28157, 0, 
148, 0, 81, -1, -1, 380, 108, 14.2, 24, , 412, 923, 19589, 656, , 29861, 25000, 28903, 28938, 0, 
149, 1, 298, 350, -1, 274, 351, 25.8, 27, ABarpappaa, 244, 28904, 25089, 868, , 28904, 25000, 28161, 28253, 0, 
150, 1, 241, 128, -1, 200, 305, 26.5, 30, ABarpapaaa, 307, 28235, 34785, 1232, , 28235, 25000, 29123, 29296, 0, 
151, 1, 256, 149, -1, 217, 315, 7.5, 26, ABaraaappp, 215, 28700, 25715, 896, , 28700, 25000, 30552, 30740, 0, 
152, 1, 68, 172, -1, 454, 402, 18.0, 27, ABprapaapp, 2, 27938, 28832, 1032, , 27938, 25000, 27738, 27751, 0, 
153, 1, 237, 112, -1, 398, 114, 17.1, 30, ABplaapppp, 121, 27392, 37144, 1356, , 27392, 25000, 28625, 28664, 0, 
154, 1, 20, 216, -1, 479, 315, 6.5, 29, ABprppppap, 249, 30725, 33183, 1080, , 30725, 25000, 32341, 32281, 0, 
155, 1, 227, 48, -1, 435, 132, 9.6, 27, ABplppappa, 463, 27654, 27322, 988, , 27654, 25000, 27677, 27663, 0, 
156, 1, 198, 60, -1, 481, 369, 8.9, 26, ABprppappp, 76, 28335, 22668, 800, , 28335, 25000, 27903, 27929, 0, 
157, 1, 124, 240, -1, 532, 352, 21.5, 30, ABarpppppa, 231, 27625, 34034, 1232, , 27625, 25000, 28156, 28159, 0, 
158, 1, 89, 302, -1, 177, 255, 17.8, 25, ABaraaaapp, 238, 27656, 19470, 704, , 27656, 25000, 27402, 27441, 0, 
159, 1, 272, 117, -1, 190, 305, 23.3, 26, ABalapppap, 239, 27693, 23705, 856, , 27693, 25000, 29059, 29179, 0, 
160, 1, 305, 327, -1, 513, 292, 10.7, 30, Cppapp, -93, 28200, 36886, 1308, , 28200, 25000, 28802, 28855, 0, 
161, 1, 257, 6, -1, 529, 178, 14.6, 30, Capppa, 308, 27980, 32345, 1156, , 27980, 25000, 28944, 29039, 0, 
162, 1, 308, 192, -1, 155, 201, 17.3, 26, ABalapaapa, -33, 26507, 22690, 856, , 26507, 25000, 27985, 28045, 0, 
163, 1, 103, 251, -1, 527, 130, 15.3, 27, ABplapapap, 278, 26540, 24523, 924, , 26540, 25000, 28564, 28606, 0, 
164, 1, 62, 105, -1, 320, 322, 8.5, 26, ABprpapaaa, 231, 27831, 24937, 896, , 27831, 25000, 28522, 28559, 0, 
165, 1, 315, 181, -1, 511, 179, 17.0, 30, Cappap, 293, 27171, 36626, 1348, , 27171, 25000, 28438, 28610, 0, 
166, 1, 179, 33, -1, 480, 144, 7.8, 27, ABplpppaap, 251, 29062, 25226, 868, , 29062, 25000, 30827, 31031, 0, 
167, 1, 199, 126, -1, 583, 297, 10.9, 27, ABprapappp, 133, 27333, 24818, 908, , 27333, 25000, 28086, 28114, 0, 
168, 1, 236, 145, -1, 430, 278, 20.4, 33, Epraa, 319, 27650, 45346, 1640, , 27650, 25000, 28583, 28599, 0, 
169, 1, 213, 63, -1, 371, 118, 10.5, 27, ABplppapaa, 105, 26989, 24182, 896, , 26989, 25000, 27796, 27791, 0, 
170, 1, 13, 258, -1, 557, 220, 22.4, 33, Caaapa, 335, 27480, 45067, 1640, , 27480, 25000, 28286, 28290, 0, 
171, 1, 321, 253, -1, 178, 241, 10.2, 26, ABalpaapapa, 199, 26943, 21447, 796, , 26943, 25000, 28726, 28892, 0, 
172, 1, 4, 316, -1, 170, 275, 24.2, 27, ABarpaaaaa, 25, 27250, 23653, 868, , 27250, 25000, 28309, 28301, 0, 
173, 1, 233, 66, -1, 168, 152, 18.3, 26, ABalpppaap, 83, 27131, 23224, 856, , 27131, 25000, 26897, 26982, 0, 
174, 1, 354, 184, -1, 410, 296, 5.4, 26, ABprpapapp, 239, 36118, 30050, 832, , 36118, 25000, 34935, 34971, 0, 
175, 1, 71, 298, -1, 208, 345, 17.8, 26, ABpraaapaa, 259, 27063, 21542, 796, , 27063, 25000, 27890, 27941, 0, 
176, 1, 365, 345, -1, 187, 164, 10.9, 26, ABalaaaalp, 255, 26858, 21486, 800, , 26858, 25000, 27746, 27849, 0, 
177, 1, 239, 82, -1, 505, 137, 11.7, 26, ABplapppaa, 239, 27784, 23783, 856, , 27784, 25000, 28051, 28001, 0, 
178, 1, 104, 31, -1, 497, 120, 16.3, 28, ABplappapp, 98, 27267, 29012, 1064, , 27267, 25000, 27173, 27234, 0, 
179, 1, 46, 158, -1, 315, 379, 11.6, 27, ABprpaaapp, -51, 27291, 26964, 988, , 27291, 25000, 27845, 27827, 0, 
180, 1, 188, 315, -1, 447, 266, 25.8, 34, Cpaaaa, 339, 28372, 54248, 1912, , 28372, 25000, 28203, 28203, 0, 
181, 1, 290, 303, -1, 486, 160, 18.3, 29, Cappaa, 276, 26836, 28661, 1068, , 26836, 25000, 28069, 28238, 0, 
182, 1, 325, 186, -1, 398, 329, 9.7, 28, MSpapppa, 189, 27630, 29398, 1064, , 27630, 25000, 28665, 28677, 0, 
183, 0, 228, -1, -1, 125, 267, 19.0, 24, , -37, -105, 16365, 608, , 26916, 25000, 27024, 27021, 0, 
184, 1, 284, 290, -1, 344, 353, 11.5, 29, MSpppap, 249, 27531, 29734, 1080, , 27531, 25000, 27957, 28004, 0, 
185, 1, 128, 34, -1, 183, 186, 17.8, 27, ABalapaapp, 389, 27579, 23939, 868, , 27579, 25000, 27912, 27900, 0, 
186, 1, 134, 202, -1, 430, 187, 6.7, 27, ABplppppaa, 275, 31087, 28724, 924, , 31087, 25000, 32239, 32094, 0, 
187, 1, 41, 226, -1, 441, 391, 13.2, 27, ABprappaaa, -15, 28442, 24688, 868, , 28442, 25000, 27980, 27980, 0, 
188, 1, 202, 138, -1, 165, 242, 12.5, 29, ABalpaapaa, 286, 28232, 30491, 1080, , 28232, 25000, 28687, 28949, 0, 
189, 1, 113, 11, -1, 219, 147, 12.5, 26, ABalppaapp, 137, 27631, 24757, 896, , 27631, 25000, 27789, 27797, 0, 
190, 1, 135, 83, -1, 479, 228, 17.5, 32, Eplap, 322, 27624, 39557, 1432, , 27624, 25000, 28156, 28106, 0, 
191, 1, 287, 37, 364, 400, 181, 10.7, 31, MSaappp, -167, 27345, 37408, 1368, , 27345, 25000, 28457, 28459, 0, 
192, 1, 145, 333, -1, 136, 326, 15.3, 30, ABalaaappr, 46, 27940, 36545, 1308, , 27940, 25000, 27298, 27295, 0, 
193, 1, 285, 326, -1, 386, 162, 18.0, 29, Dapaa, 228, 27243, 33454, 1228, , 27243, 25000, 28365, 28362, 0, 
194, 1, 338, 344, -1, 576, 201, 8.4, 26, Caappv, 238, 28300, 23546, 832, , 28300, 25000, 28446, 28420, 0, 
195, 1, 75, 86, -1, 461, 121, 15.7, 27, ABplappaap, 158, 27459, 25372, 924, , 27459, 25000, 27765, 27853, 0, 
196, 1, 140, 285, -1, 220, 135, 18.0, 29, ABalpppapp, 106, 27974, 34352, 1228, , 27974, 25000, 27700, 27693, 0, 
197, 1, 2, 179, -1, 241, 274, 5.8, 25, ABarapaaap, 443, 36830, 25928, 704, , 36830, 25000, 35758, 36468, 0, 
198, 1, 11, 2, -1, 184, 281, 12.2, 26, ABaraaapaa, 240, 27246, 21688, 796, , 27246, 25000, 28376, 28278, 0, 
199, 1, 125, 163, -1, 418, 360, 16.2, 32, Dppa, 319, 28158, 45278, 1608, , 28158, 25000, 28391, 28417, 0, 
200, 1, 343, 104, -1, 348, 337, 5.4, 29, ABarappapp, 250, 36456, 42143, 1156, , 36456, 25000, 35936, 36481, 0, 
201, 1, 273, 97, -1, 147, 199, 11.0, 25, ABalaaaala, -561, 27920, 21331, 764, , 27920, 25000, 27241, 27254, 0, 
202, 1, 47, 305, -1, 277, 373, 11.7, 28, ABprpaaapa, 242, 26555, 28255, 1064, , 26555, 25000, 27679, 27750, 0, 
203, 1, 143, 24, -1, 275, 227, 6.7, 28, ABalpappap, 321, 31734, 33765, 1064, , 31734, 25000, 33225, 33475, 0, 
204, 1, 58, 267, -1, 416, 141, 24.3, 30, ABarppapaa, 256, 28109, 36767, 1308, , 28109, 25000, 28325, 28355, 0, 
205, 1, 214, 329, -1, 359, 243, 15.7, 32, Ealpa, 97, 28035, 44408, 1584, , 28035, 25000, 29529, 29511, 0, 
206, 1, 333, 94, -1, 230, 376, 14.8, 26, ABpraaaapa, 223, 27305, 21735, 796, , 27305, 25000, 27206, 26984, 0, 
207, 1, 150, 292, -1, 303, 143, 17.5, 28, ABplpaappa, 266, 29881, 32271, 1080, , 29881, 25000, 28176, 28193, 0, 
208, 1, 82, 71, -1, 217, 280, 7.3, 27, ABarapaaaa, -26, 30111, 27823, 924, , 30111, 25000, 31767, 31932, 0, 
209, 1, 217, 35, -1, 298, 150, 22.3, 28, ABalppppppp, 259, 27533, 29295, 1064, , 27533, 25000, 27712, 27747, 0, 
210, 1, 242, 272, -1, 382, 297, 14.5, 31, Earpa, 289, 28008, 34506, 1232, , 28008, 25000, 29396, 29407, 0, 
211, 1, 36, 171, -1, 434, 380, 23.7, 31, ABarppppaa, 296, 27644, 37817, 1368, , 27644, 25000, 27606, 27606, 0, 
212, 1, 251, 357, -1, 602, 208, 14.6, 30, Cpapaa, 288, 27821, 32161, 1156, , 27821, 25000, 28985, 28998, 0, 
213, 1, 302, 356, -1, 411, 230, 5.7, 28, ABplpapppa, 283, 35969, 38271, 1064, , 35969, 25000, 32901, 32904, 0, 
214, 1, 17, 180, -1, 311, 354, 7.7, 27, ABarappppp, 227, 27001, 24949, 924, , 27001, 25000, 29721, 29927, 0, 
215, 1, 329, 165, -1, 537, 158, 8.4, 26, ABplappppa, 258, 27663, 23016, 832, , 27663, 25000, 29044, 29078, 0, 
216, 1, 216, 331, -1, 385, 238, 20.3, 33, Ealap, 339, 28377, 49262, 1736, , 28377, 25000, 29065, 29119, 0, 
217, 1, 155, 352, -1, 476, 226, 7.5, 26, ABplpppppa, 253, 28098, 25176, 896, , 28098, 25000, 30290, 30419, 0, 
218, 1, 26, 249, -1, 346, 314, 11.9, 30, MSpppaa, 223, 27194, 36875, 1356, , 27194, 25000, 28652, 28649, 0, 
219, 1, 27, 64, -1, 407, 118, 10.6, 26, ABplppapap, 430, 28258, 23511, 832, , 28258, 25000, 27714, 27638, 0, 
220, 1, 276, 67, -1, 171, 202, 9.0, 26, ABalpaappa, 13, 27873, 23748, 852, , 27873, 25000, 28705, 28767, 0, 
221, 1, 51, 223, -1, 500, 337, 18.7, 31, Cpppaa, 304, 27746, 37956, 1368, , 27746, 25000, 28387, 28327, 0, 
222, 1, 310, 374, -1, 291, 131, 11.4, 29, ABplpaaaap, 124, 27158, 31395, 1156, , 27158, 25000, 27517, 27634, 0, 
223, 1, 289, 1, -1, 289, 358, 22.1, 29, ABpraapapp, 102, 28442, 34358, 1208, , 28442, 25000, 28205, 28418, 0, 
224, 1, 153, 185, -1, 460, 188, 6.2, 28, ABplppppap, 232, 32144, 33816, 1052, , 32144, 25000, 32266, 32486, 0, 
225, 1, 293, 17, -1, 255, 361, 17.9, 26, ABpraaappa, 411, 26944, 21555, 800, , 26944, 25000, 27911, 27769, 0, 
226, 1, 192, 81, -1, 158, 295, 21.1, 27, ABalapppaa, 276, 27562, 25026, 908, , 27562, 25000, 27727, 27853, 0, 
227, 1, 215, 75, -1, 247, 324, 19.5, 28, MSppappa, 228, 26631, 28761, 1080, , 26631, 25000, 27963, 27999, 0, 
228, 1, 60, 160, -1, 148, 250, 10.3, 27, ABaraaaaaa, 170, 27398, 25316, 924, , 27398, 25000, 28418, 28540, 0, 
229, 1, 205, 284, -1, 499, 285, 17.2, 32, Eprpa, 290, 27919, 44894, 1608, , 27919, 25000, 28545, 28584, 0, 
230, 1, 84, 123, -1, 267, 152, 8.6, 28, ABalppappa, 174, 27786, 27453, 988, , 27786, 25000, 28627, 28433, 0, 
231, 1, 21, 254, -1, 285, 306, 16.8, 28, MSpaapap, 262, 27129, 28540, 1052, , 27129, 25000, 28254, 28227, 0, 
232, 1, 112, 354, -1, 382, 313, 6.2, 27, ABprpapapa, -170, 32710, 28392, 868, , 32710, 25000, 33091, 32918, 0, 
233, 1, 288, 87, -1, 447, 234, 5.5, 28, ABplpapppp, 223, 35919, 38793, 1080, , 35919, 25000, 33508, 33458, 0, 
234, 1, 335, 343, -1, 459, 202, 10.9, 30, Capaap, 251, 27746, 37623, 1356, , 27746, 25000, 29289, 29265, 0, 
235, 1, 244, 36, -1, 355, 263, 10.7, 24, MSpapapa, 227, 38141, 26851, 704, , 38141, 25000, 30650, 30436, 0, 
236, 1, 211, 134, -1, 301, 291, 5.5, 27, ABarappaap, 68, 35737, 32020, 896, , 35737, 25000, 35055, 34954, 0, 
237, 1, 309, 348, -1, 446, 340, 13.3, 31, Cppaaa, 308, 26950, 36868, 1368, , 26950, 25000, 28374, 28367, 0, 
238, 1, 122, 78, -1, 253, 394, 17.0, 29, ABpraaaapp, 278, 27429, 33683, 1228, , 27429, 25000, 27505, 27427, 0, 
239, 1, 358, 137, -1, 139, 297, 12.8, 26, ABalaaaarr, -93, 27230, 21675, 796, , 27230, 25000, 27592, 27594, 0, 
240, 1, 119, 182, -1, 310, 142, 8.7, 29, ABalppappp, 230, 28504, 30442, 1068, , 28504, 25000, 28939, 29142, 0, 
241, 1, 114, 235, -1, 284, 286, 20.4, 31, MSpaaapp, 313, 27664, 36849, 1332, , 27664, 25000, 28261, 28330, 0, 
242, 1, 110, 270, -1, 598, 205, 19.2, 33, Caaapp, 330, 27864, 48594, 1744, , 27864, 25000, 28212, 28212, 0, 
243, 1, 320, 264, -1, 301, 406, 18.8, 26, ABpraappaa, 213, 27756, 22094, 796, , 27756, 25000, 27332, 27457, 0, 
244, 1, 277, 244, -1, 372, 223, 11.7, 28, MSaapapp, -62, 37315, 39703, 1064, , 37315, 25000, 30336, 30492, 0, 
245, 1, 55, 12, -1, 411, 234, 16.7, 32, Ealpp, 325, 27017, 42795, 1584, , 27017, 25000, 29250, 29261, 0, 
246, 1, 9, 307, -1, 334, 150, 13.1, 27, MSappap, 214, 26487, 24050, 908, , 26487, 25000, 28207, 28256, 0, 
247, 1, 67, 96, -1, 608, 261, 16.4, 31, Cpapap, 315, 27547, 36693, 1332, , 27547, 25000, 28269, 28291, 0, 
248, 1, 334, 177, -1, 492, 201, 10.1, 29, Capapp, 268, 27809, 33593, 1208, , 27809, 25000, 28755, 28817, 0, 
249, 1, 230, 360, -1, 480, 387, 14.5, 28, ABprappaap, 238, 26895, 29047, 1080, , 26895, 25000, 27908, 27914, 0, 
250, 0, 1, -1, -1, 144, 328, 12.8, 24, , 194, 908, 18404, 656, , 28055, 25000, 27067, 27147, 0, 
251, 1, 126, 214, -1, 451, 152, 7.8, 27, ABplpppaaa, 61, 28265, 24534, 868, , 28265, 25000, 29370, 29605, 0, 
252, 1, 163, 372, -1, 168, 347, 13.5, 26, ABalaappap, 245, 27277, 24440, 896, , 27277, 25000, 27617, 27698, 0, 
253, 1, 337, 52, -1, 293, 370, 18.6, 30, ABpraaappp, 4, 26829, 31014, 1156, , 26829, 25000, 28104, 28184, 0, 
254, 1, 366, 366, -1, 301, 351, 24.6, 28, ABarpappap, 232, 27078, 26753, 988, , 27078, 25000, 28192, 28070, 0, 
255, 1, 283, 132, -1, 340, 288, 17.7, 33, Earaa, 335, 29694, 51548, 1736, , 29694, 25000, 30066, 29576, 0, 
256, 1, 356, 156, -1, 269, 167, 18.6, 26, ABalppppppa, 254, 26827, 22320, 832, , 26827, 25000, 27833, 27875, 0, 
257, 1, 201, 301, -1, 527, 267, 15.4, 31, Eprpp, 307, 28062, 37378, 1332, , 28062, 25000, 28846, 28945, 0, 
258, 1, 38, 166, -1, 265, 235, 19.3, 28, MSaaapap, 257, 27091, 28825, 1064, , 27091, 25000, 27942, 27987, 0, 
259, 1, 93, 167, -1, 347, 154, 22.8, 31, ABplapaaaa, -152, 27617, 40431, 1464, , 27617, 25000, 28144, 28189, 0, 
260, 1, 157, 139, -1, 360, 287, 25.6, 32, ABarpaappa, 321, 27912, 41422, 1484, , 27912, 25000, 28625, 28644, 0, 
261, 1, 294, 339, -1, 491, 282, 7.1, 28, ABprpppppa, 233, 29008, 31561, 1088, , 29008, 25000, 31809, 31885, 0, 
262, 1, 45, 212, -1, 471, 124, 10.5, 27, ABplppappp, 345, 27876, 24977, 896, , 27876, 25000, 27502, 27545, 0, 
263, 1, 130, 4, -1, 150, 255, 17.3, 25, MSaaaaaa, 121, 27777, 21222, 764, , 27777, 25000, 27711, 27617, 0, 
264, 1, 229, 140, -1, 369, 213, 26.4, 29, ABarppaaaa, 215, 28439, 32875, 1156, , 28439, 25000, 28483, 28460, 0, 
265, 1, 156, 13, -1, 225, 225, 26.0, 29, ABplaaaaap, 239, 28197, 34626, 1228, , 28197, 25000, 28523, 28604, 0, 
266, 1, 316, 306, -1, 373, 140, 22.2, 30, ABplapaaap, 257, 27362, 36118, 1320, , 27362, 25000, 28039, 28015, 0, 
267, 1, 344, 3, -1, 127, 228, 18.4, 25, ABalapaaaa, 224, 28084, 23366, 832, , 28084, 25000, 27470, 27539, 0, 
268, 1, 107, 293, -1, 428, 117, 14.6, 28, ABplappaaa, 121, 27268, 26941, 988, , 27268, 25000, 28187, 28255, 0, 
269, 1, 222, 143, -1, 328, 392, 20.7, 30, ABpraappap, 35, 27639, 36152, 1308, , 27639, 25000, 27766, 27768, 0, 
270, 1, 250, 236, -1, 296, 327, 5.5, 27, ABarappapa, 73, 39104, 35037, 896, , 39104, 25000, 35871, 36153, 0, 
271, 1, 102, 131, -1, 379, 372, 8.2, 27, ABprppapaa, 160, 28183, 24463, 868, , 28183, 25000, 28840, 28846, 0, 
272, 1, 340, 28, -1, 189, 336, 9.0, 26, ABalaapaap, 242, 27806, 23691, 852, , 27806, 25000, 28489, 28439, 0, 
273, 0, 314, -1, -1, 343, 233, 5.6, 25, , 240, 2057, 31005, 832, , 37266, 25000, 35229, 35209, 0, 
274, 1, 158, 359, -1, 426, 268, 6.4, 28, ABprpapppa, 279, 33076, 32679, 988, , 33076, 25000, 32985, 33165, 0, 
275, 1, 183, 197, -1, 329, 206, 6.0, 31, ABplpappaa, 203, 34978, 55266, 1580, , 34978, 25000, 34344, 34347, 0, 
276, 1, 208, 230, -1, 528, 257, 5.8, 26, ABprpppppp, 890, 37508, 29856, 796, , 37508, 25000, 37114, 37203, 0, 
277, 1, 249, 77, -1, 188, 320, 12.9, 26, MSppaaaa, 245, 27271, 21817, 800, , 27271, 25000, 28161, 28142, 0, 
278, 1, 349, 217, -1, 419, 344, 19.4, 29, Dpppa, 289, 27652, 31966, 1156, , 27652, 25000, 28383, 28424, 0, 
279, 1, 64, 196, -1, 242, 204, 21.5, 27, MSapappa, 218, 26798, 24011, 896, , 26798, 25000, 27906, 27905, 0, 
280, 1, 95, 169, -1, 184, 253, 26.0, 29, ABarpaaaap, 192, 27958, 34332, 1228, , 27958, 25000, 28126, 28249, 0, 
281, 1, 292, 349, -1, 269, 247, 22.0, 28, MSaaaapp, 270, 26888, 30330, 1128, , 26888, 25000, 27746, 27779, 0, 
282, 1, 328, 110, -1, 392, 292, 18.7, 32, Earap, 319, 28323, 44863, 1584, , 28323, 25000, 28887, 28931, 0, 
283, 1, 83, 170, -1, 536, 323, 17.1, 31, Cpppap, 235, 27996, 41434, 1480, , 27996, 25000, 28263, 28312, 0, 
284, 1, 364, 7, -1, 345, 226, 10.2, 29, ABalpappppp, 220, 27387, 30454, 1112, , 27387, 25000, 29629, 29208, 0, 
285, 1, 32, 42, -1, 356, 283, 4.8, 30, ABprpappaa, 298, 35062, 46282, 1320, , 35062, 25000, 33744, 33834, 0, 
286, 1, 221, 147, -1, 593, 310, 17.1, 30, ABarpppppp, 295, 27292, 37008, 1356, , 27292, 25000, 28579, 28579, 0, 
287, 1, 161, 122, -1, 342, 386, 9.3, 27, ABprppaaaa, 272, 27817, 25703, 924, , 27817, 25000, 28041, 28054, 0, 
288, 1, 77, 263, -1, 488, 210, 25.6, 33, Caaaaa, 334, 28299, 46411, 1640, , 28299, 25000, 28315, 28293, 0, 
289, 1, 231, 39, -1, 227, 229, 13.1, 25, ABalpaapapp, 191, 27004, 18579, 688, , 27004, 25000, 27956, 28087, 0, 
290, 1, 300, 98, -1, 120, 265, 16.1, 26, ABalaaapar, 202, 26106, 20885, 800, , 26106, 25000, 26658, 26692, 0, 
291, 1, 115, 370, -1, 377, 152, 14.2, 31, Daap, 277, 27641, 40466, 1464, , 27641, 25000, 28967, 28968, 0, 
292, 1, 78, 207, -1, 258, 283, 13.9, 29, ABaraapppa, 292, 27104, 32742, 1208, , 27104, 25000, 28156, 28080, 0, 
293, 1, 275, 268, -1, 309, 383, 16.3, 28, ABprpaappa, 251, 27584, 29349, 1064, , 27584, 25000, 27878, 27857, 0, 
294, 1, 206, 175, -1, 469, 349, 24.5, 29, ABarpppapp, 244, 27184, 29359, 1080, , 27184, 25000, 27865, 27865, 0, 
295, 1, 363, 362, -1, 217, 280, 11.7, 30, ABaraaapap, 248, 28271, 36979, 1308, , 28271, 25000, 28087, 28138, 0, 
296, 1, 106, 113, -1, 316, 178, 24.6, 29, ABplaaappa, 220, 27729, 32055, 1156, , 27729, 25000, 27941, 27836, 0, 
297, 1, 35, 114, -1, 247, 240, 7.5, 28, ABalpappaa, 232, 28494, 30774, 1080, , 28494, 25000, 31762, 31866, 0, 
298, 0, 220, -1, -1, 353, 305, 20.2, 24, , 197, -131, 18762, 656, , 28601, 25000, 28626, 28732, 0, 
299, 1, 10, 289, -1, 158, 322, 10.5, 26, ABalaapaaa, -66, 27662, 24785, 896, , 27662, 25000, 27507, 27521, 0, 
300, 1, 279, 41, -1, 354, 329, 8.0, 28, ABprpapaap, 273, 28637, 32303, 1128, , 28637, 25000, 29702, 29432, 0, 
301, 1, 72, 288, -1, 543, 144, 19.6, 29, ABplapapaa, 0, 27050, 31270, 1156, , 27050, 25000, 28495, 28496, 0, 
302, 1, 8, 174, -1, 325, 163, 5.8, 27, ABalpapapp, 277, 39431, 34226, 868, , 39431, 25000, 37848, 38121, 0, 
303, 1, 323, 176, -1, 293, 228, 25.9, 29, ABplaaaapp, 296, 27300, 32978, 1208, , 27300, 25000, 28005, 27949, 0, 
304, 1, 209, 317, -1, 508, 343, 8.0, 27, ABprpppaap, 173, 28551, 29465, 1032, , 28551, 25000, 29071, 29091, 0, 
305, 1, 339, 190, -1, 184, 193, 21.5, 28, ABalapappa, 346, 27756, 29976, 1080, , 27756, 25000, 27775, 27851, 0, 
306, 1, 312, 80, -1, 314, 116, 20.4, 29, ABplaappap, 289, 28151, 32543, 1156, , 28151, 25000, 28189, 28198, 0, 
307, 1, 137, 135, -1, 338, 115, 11.1, 29, ABplppaaaa, 255, 28052, 33887, 1208, , 28052, 25000, 27436, 27481, 0, 
308, 1, 296, 320, -1, 502, 384, 18.4, 30, ABprappapa, 252, 26863, 31054, 1156, , 26863, 25000, 27955, 27952, 0, 
309, 1, 129, 90, -1, 521, 375, 14.6, 28, ABprappapp, 48, 28359, 28019, 988, , 28359, 25000, 27654, 27656, 0, 
310, 1, 200, 76, -1, 359, 404, 17.3, 30, ABpraapppa, -61, 27989, 36610, 1308, , 27989, 25000, 28135, 28135, 0, 
311, 1, 160, 200, -1, 267, 301, 6.4, 27, ABarappaaa, 364, 33167, 32769, 988, , 33167, 25000, 33597, 34203, 0, 
312, 1, 191, 231, -1, 447, 361, 8.8, 26, ABprppappa, 241, 27616, 21982, 796, , 27616, 25000, 28375, 28331, 0, 
313, 1, 219, 55, -1, 317, 116, 15.1, 28, ABplpaappp, 249, 27675, 30110, 1088, , 27675, 25000, 27732, 27780, 0, 
314, 1, 245, 183, -1, 385, 274, 10.5, 28, MSpapapp, 207, 39773, 42955, 1080, , 39773, 25000, 31829, 31703, 0, 
315, 1, 85, 281, -1, 598, 259, 11.7, 30, Cpappd, 289, 26782, 35031, 1308, , 26782, 25000, 28619, 28630, 0, 
316, 0, 167, -1, -1, 152, 248, 22.3, 24, , 199, -271, 19341, 704, , 27473, 25000, 27681, 27744, 0, 
317, 1, 299, 162, -1, 387, 169, 26.0, 31, ABarppaaap, 308, 28057, 44330, 1580, , 28057, 25000, 28782, 28854, 0, 
318, 1, 141, 164, -1, 475, 377, 21.4, 29, ABarppppap, 201, 27418, 31695, 1156, , 27418, 25000, 27977, 27977, 0, 
319, 1, 120, 199, -1, 263, 194, 26.6, 27, ABplaaapaa, -225, 28132, 27794, 988, , 28132, 25000, 28652, 28719, 0, 
320, 1, 105, 334, -1, 146, 268, 14.1, 24, ABaraaaapa, 212, 28189, 17026, 604, , 28189, 25000, 27515, 27491, 0, 
321, 1, 295, 103, -1, 327, 236, 13.1, 26, MSaapapa, 201, 33511, 26809, 800, , 33511, 25000, 30055, 29792, 0, 
322, 1, 33, 49, -1, 211, 248, 15.7, 27, ABaraapaap, -179, 28021, 25891, 924, , 28021, 25000, 28503, 28560, 0, 
323, 1, 49, 14, -1, 272, 123, 20.2, 26, ABplaappaa, -89, 28349, 22566, 796, , 28349, 25000, 28168, 28215, 0, 
324, 1, 207, 304, -1, 473, 307, 10.2, 30, Cppaap, 278, 27836, 36743, 1320, , 27836, 25000, 28583, 28588, 0, 
325, 1, 79, 47, -1, 163, 288, 16.8, 25, MSpaaaaa, 436, 27994, 19708, 704, , 27994, 25000, 27958, 28064, 0, 
326, 1, 360, 59, -1, 226, 242, 19.3, 30, MSaaapaa, 324, 28271, 36979, 1308, , 28271, 25000, 28496, 28554, 0, 
327, 1, 259, 346, -1, 145, 212, 20.4, 28, ABalapaaap, 545, 26133, 25819, 988, , 26133, 25000, 27525, 27549, 0, 
328, 1, 341, 228, -1, 541, 198, 6.5, 27, ABplappppp, 218, 34650, 31046, 896, , 34650, 25000, 34401, 34417, 0, 
329, 1, 353, 102, -1, 350, 116, 18.1, 30, ABplaapppa, 271, 28156, 38180, 1356, , 28156, 25000, 28229, 28232, 0, 
330, 1, 136, 295, -1, 419, 375, 9.2, 26, ABprppapap, 249, 28889, 22996, 796, , 28889, 25000, 27942, 28019, 0, 
331, 0, -1, -1, -1, 195, 147, 13.0, 23, , 198, 557, 14502, 512, , 28324, 25000, 27853, 27767, 0, 
332, 1, 311, 276, -1, 501, 311, 25.3, 33, Cpaaap, 335, 28213, 48977, 1736, , 28213, 25000, 28028, 28028, 0, 
333, 1, 190, 111, -1, 492, 126, 20.9, 30, ABplappapa, 273, 27353, 37091, 1356, , 27353, 25000, 27467, 27468, 0, 
334, 1, 346, 56, -1, 387, 378, 24.7, 26, ABarpppaaa, 220, 28350, 24268, 856, , 28350, 25000, 27718, 27676, 0, 
335, 1, 109, 319, -1, 156, 334, 17.3, 28, ABalaapppa, 262, 27371, 29123, 1064, , 27371, 25000, 27842, 27975, 0, 
336, 1, 42, 283, -1, 414, 182, 20.4, 30, Dappa, 288, 27569, 31870, 1156, , 27569, 25000, 28135, 28144, 0, 
337, 1, 267, 274, -1, 403, 399, 14.3, 29, ABpraapppp, 249, 27179, 29027, 1068, , 27179, 25000, 28195, 28192, 0, 
338, 1, 184, 141, -1, 256, 333, 5.4, 28, ABarapppap, 285, 37455, 37006, 988, , 37455, 25000, 37959, 38597, 0, 
339, 1, 286, 237, -1, 326, 349, 16.3, 30, MSppppa, 298, 27686, 36213, 1308, , 27686, 25000, 27605, 27593, 0, 
340, 1, 171, 278, -1, 452, 305, 5.5, 29, ABprppppaa, 263, 33814, 36519, 1080, , 33814, 25000, 33571, 33703, 0, 
341, 1, 19, 157, -1, 459, 132, 23.0, 29, ABarppapap, 297, 27800, 34139, 1228, , 27800, 25000, 28125, 28055, 0, 
342, 1, 260, 208, -1, 297, 226, 12.9, 28, MSaapaaa, 243, 34294, 37312, 1088, , 34294, 25000, 30147, 30019, 0, 
343, 0, 73, -1, -1, 397, 240, 28.1, 32, , 327, -221, 43721, 1576, , 27742, 25000, 28009, 27963, 0, 
344, 1, 97, 45, -1, 425, 192, 25.7, 31, ABarppaapa, 96, 28031, 38347, 1368, , 28031, 25000, 28717, 28656, 0, 
345, 1, 37, 206, -1, 473, 272, 19.2, 32, Eprap, 303, 27147, 43652, 1608, , 27147, 25000, 28207, 28144, 0, 
346, 1, 350, 29, -1, 434, 164, 14.8, 29, Capaaa, 237, 28014, 31152, 1112, , 28014, 25000, 28888, 28906, 0, 
347, 1, 169, 312, -1, 458, 162, 25.7, 30, ABarppaapp, 271, 27187, 35561, 1308, , 27187, 25000, 28581, 28593, 0, 
348, 1, 255, 309, -1, 242, 316, 16.7, 26, MSpaapaa, 259, 28058, 24018, 856, , 28058, 25000, 27949, 28078, 0, 
349, 1, 87, 116, -1, 350, 170, 18.1, 31, Daaa, 306, 26969, 39914, 1480, , 26969, 25000, 28388, 28416, 0, 
350, 1, 269, 125, -1, 481, 169, 14.5, 30, Capapa, 266, 27634, 34045, 1232, , 27634, 25000, 28230, 28223, 0, 
351, 1, 297, 248, -1, 471, 184, 20.5, 30, Dappp, 302, 28612, 35250, 1232, , 28612, 25000, 28254, 28310, 0, 
352, 1, 86, 168, -1, 492, 332, 14.5, 30, Cppapa, 302, 28065, 34576, 1232, , 28065, 25000, 28727, 28727, 0, 
353, 1, 362, 53, -1, 408, 335, 5.8, 25, ABprppaapa, 222, 35138, 24737, 704, , 35138, 25000, 35275, 35316, 0, 
354, 1, 34, 245, -1, 313, 227, 16.4, 29, MSaapaap, 239, 35963, 41573, 1156, , 35963, 25000, 30520, 30594, 0, 
355, 1, 182, 218, -1, 403, 383, 20.3, 30, ABprapaaap, 238, 27942, 36548, 1308, , 27942, 25000, 28150, 28195, 0, 
356, 1, 80, 358, -1, 351, 177, 25.7, 30, ABplaaappp, 258, 28281, 36992, 1308, , 28281, 25000, 28076, 28135, 0, 
357, 1, 252, 233, -1, 517, 236, 18.1, 32, Eplpa, 327, 28028, 44172, 1576, , 28028, 25000, 28230, 28218, 0, 
358, 1, 193, 44, -1, 276, 273, 26.3, 28, ABarpaapaa, -23, 27564, 29328, 1064, , 27564, 25000, 28825, 28827, 0, 
359, 1, 65, 336, -1, 345, 336, 20.1, 30, MSppppp, 294, 27170, 36842, 1356, , 27170, 25000, 28104, 28095, 0, 
360, 1, 195, 265, -1, 223, 247, 22.7, 28, MSaaaapa, 287, 28120, 29920, 1064, , 28120, 25000, 27943, 27991, 0, 
361, 1, 351, 89, -1, 288, 169, 25.8, 30, ABplaaapap, 254, 28492, 37609, 1320, , 28492, 25000, 28288, 28511, 0, 
362, 1, 196, 314, -1, 256, 372, 13.4, 26, ABprpaapaa, 252, 28718, 23893, 832, , 28718, 25000, 27364, 27342, 0, 
363, 0, 361, -1, -1, 88, 262, 14.7, 26, , 194, 1049, 23601, 856, , 27571, 25000, 26739, 26522, 0, 
364, 1, 268, 373, -1, 494, 177, 5.5, 28, ABplpppapa, 47, 37913, 40946, 1080, , 37913, 25000, 37005, 37115, 0, 
365, 1, 247, 297, -1, 221, 194, 25.3, 27, ABalapappp, 285, 27829, 25714, 924, , 27829, 25000, 28098, 27987, 0, 
366, 1, 330, 361, -1, 175, 177, 13.5, 27, ABalppaaap, 153, 27090, 24273, 896, , 27090, 25000, 28028, 28115, 0, 
367, 1, 322, 72, -1, 237, 327, 12.4, 26, MSppaaap, 378, 27864, 23183, 832, , 27864, 25000, 27875, 27806, 0, 
368, 1, 29, 294, -1, 467, 327, 19.5, 29, Dpppp, -43, 29122, 31452, 1080, , 29122, 25000, 28363, 28422, 0, 
369, 1, 369, 93, -1, 189, 329, 21.5, 25, ABalappppa, 206, 26777, 20565, 768, , 26777, 25000, 28176, 28292, 0, 
370, 1, 352, 220, -1, 172, 228, 23.5, 26, ABalapapap, 194, 27973, 25064, 896, , 27973, 25000, 28237, 28248, 0, 
371, 1, 139, 375, -1, 220, 359, 11.6, 28, ABalaapapp, -149, 27709, 27376, 988, , 27709, 25000, 27912, 27822, 0, 
372, 1, 367, 376, -1, 142, 255, 20.0, 25, ABalappaap, 44, 27674, 21143, 764, , 27674, 25000, 27710, 27617, 0, 
