1, 1, 11, 89, -1, 219, 146, 12.0, 26, ABalppaapp, 204, 26664, 22718, 852, , 26664, 25000, 28127, 28195, 0, 
2, 1, 230, 355, -1, 531, 261, 5.8, 27, ABprpppppp, 223, 38891, 33757, 868, , 38891, 25000, 36978, 36701, 0, 
3, 1, 362, 154, -1, 217, 278, 12.1, 29, ABaraaapap, 92, 26948, 32553, 1208, , 26948, 25000, 28025, 27923, 0, 
4, 1, 55, 193, -1, 318, 118, 14.8, 27, ABplpaappp, 249, 27281, 23680, 868, , 27281, 25000, 27962, 28032, 0, 
5, 1, 234, 267, -1, 257, 159, 23.4, 32, ABplaapapp, 321, 27806, 41264, 1484, , 27806, 25000, 27854, 28028, 0, 
6, 1, 274, 365, -1, 400, 400, 14.7, 29, ABpraapppp, 291, 27896, 29793, 1068, , 27896, 25000, 28095, 28095, 0, 
7, 0, 242, -1, -1, 391, 238, 28.1, 28, , 273, -1388, 29062, 1088, , 26711, 25000, 28058, 28099, 0, 
8, 1, 124, 223, -1, 253, 175, 7.1, 26, ABalppapap, 253, 30518, 24414, 800, , 30518, 25000, 33593, 34611, 0, 
9, 1, 331, 49, -1, 394, 237, 20.0, 33, Ealap, 268, 27592, 49887, 1808, , 27592, 25000, 28885, 28973, 0, 
10, 1, 177, 352, -1, 493, 200, 10.1, 29, Capapp, 276, 26311, 31784, 1208, , 26311, 25000, 29228, 29537, 0, 
11, 1, 249, 265, -1, 329, 313, 11.8, 26, MSpppaaa, 187, 27519, 21905, 796, , 27519, 25000, 28404, 28436, 0, 
12, 0, 241, -1, -1, 253, 294, 25.9, 24, , 210, -1047, 16741, 604, , 27717, 25000, 28794, 28764, 0, 
13, 1, 146, 119, -1, 221, 361, 22.5, 30, ABpraapaap, 322, 28420, 35013, 1232, , 28420, 25000, 27730, 27754, 0, 
14, 1, 38, 186, -1, 298, 325, 12.1, 28, MSppaap, 243, 27733, 30173, 1088, , 27733, 25000, 28274, 28254, 0, 
15, 1, 15, 271, -1, 224, 188, 16.6, 26, MSapapaa, 214, 28141, 23413, 832, , 28141, 25000, 27809, 27791, 0, 
16, 1, 134, 95, -1, 301, 292, 5.6, 25, ABarappaap, 13, 36767, 30590, 832, , 36767, 25000, 34361, 34371, 0, 
17, 1, 68, 112, -1, 273, 352, 10.5, 29, ABprpaaaaa, -2, 28119, 30369, 1080, , 28119, 25000, 28179, 28200, 0, 
18, 1, 1, 47, -1, 271, 348, 21.9, 29, ABpraapapp, -54, 28759, 34741, 1208, , 28759, 25000, 27627, 27671, 0, 
19, 1, 240, 108, -1, 526, 349, 21.8, 30, ABarpppppa, 302, 26618, 35136, 1320, , 26618, 25000, 28201, 28197, 0, 
20, 1, 49, 94, -1, 207, 246, 16.4, 28, ABaraapaap, 261, 28285, 27946, 988, , 28285, 25000, 28507, 28534, 0, 
21, 1, 167, 149, -1, 346, 158, 23.4, 31, ABplapaaaa, 163, 27429, 36536, 1332, , 27429, 25000, 28228, 28180, 0, 
22, 1, 40, 116, -1, 216, 159, 24.3, 30, ABplaapaap, 287, 28261, 36965, 1308, , 28261, 25000, 28454, 28540, 0, 
23, 0, 101, -1, -1, 505, 195, 6.7, 24, , -129, -4329, 20474, 704, , 29082, 25000, 33382, 33411, 0, 
24, 1, 99, 151, -1, 283, 397, 14.0, 25, ABprpaapap, 222, 26703, 20401, 764, , 26703, 25000, 27576, 27577, 0, 
25, 1, 60, 54, -1, 478, 370, 9.1, 26, ABprppappp, 237, 27051, 21641, 800, , 27051, 25000, 27705, 27723, 0, 
26, 1, 119, 100, -1, 297, 287, 14.0, 28, ABaraapppp, 183, 28185, 31793, 1128, , 28185, 25000, 29418, 29011, 0, 
27, 1, 293, 147, -1, 430, 118, 15.1, 27, ABplappaaa, 273, 28037, 25458, 908, , 28037, 25000, 28194, 28162, 0, 
28, 1, 314, 11, -1, 255, 372, 13.4, 27, ABprpaapaa, 229, 27064, 26739, 988, , 27064, 25000, 27314, 27385, 0, 
29, 1, 199, 282, -1, 254, 193, 26.6, 27, ABplaaapaa, 236, 28381, 28040, 988, , 28381, 25000, 27971, 28012, 0, 
30, 1, 35, 152, -1, 290, 148, 22.3, 29, ABalppppppp, 283, 27847, 29741, 1068, , 27847, 25000, 27866, 27851, 0, 
31, 1, 61, 200, -1, 245, 154, 14.7, 29, ABplpaapaa, 26, 27899, 29796, 1068, , 27899, 25000, 28278, 28414, 0, 
32, 1, 213, 273, -1, 413, 310, 25.5, 32, ABarpppapa, 298, 27536, 39432, 1432, , 27536, 25000, 28393, 28418, 0, 
33, 1, 222, 117, -1, 196, 354, 13.5, 27, ABpraaaaaa, 111, 27224, 24393, 896, , 27224, 25000, 27943, 28292, 0, 
34, 1, 345, 81, -1, 189, 162, 10.5, 26, ABalaaaalp, 228, 26473, 23720, 896, , 26473, 25000, 27921, 27852, 0, 
35, 1, 46, 284, -1, 176, 172, 23.6, 29, ABplaapaaa, -254, 27798, 32134, 1156, , 27798, 25000, 28136, 28181, 0, 
36, 1, 164, 281, -1, 471, 381, 21.9, 31, ABarppppap, 252, 26534, 39270, 1480, , 26534, 25000, 28057, 28038, 0, 
37, 0, 262, -1, -1, 367, 399, 13.4, 23, , -66, -315, 17598, 640, , 27497, 25000, 27839, 27812, 0, 
38, 0, 21, -1, -1, 383, 111, 14.4, 24, , 208, -540, 19552, 700, , 27931, 25000, 28371, 28471, 0, 
39, 1, 159, 148, -1, 223, 174, 8.6, 27, ABalppapaa, 182, 28336, 27996, 988, , 28336, 25000, 29189, 29304, 0, 
40, 0, 58, -1, -1, 153, 242, 22.2, 25, , 202, -770, 18944, 704, , 26909, 25000, 27777, 27679, 0, 
41, 1, 204, 288, -1, 530, 160, 23.3, 30, ABarppappa, 335, 27430, 35878, 1308, , 27430, 25000, 28033, 28033, 0, 
42, 1, 122, 262, -1, 348, 391, 9.8, 28, ABprppaaaa, 403, 26176, 27537, 1052, , 26176, 25000, 27457, 27435, 0, 
43, 1, 318, 114, -1, 561, 281, 7.5, 26, ABprappppp, 266, 29579, 26503, 896, , 29579, 25000, 31785, 31807, 0, 
44, 1, 69, 76, -1, 270, 223, 10.2, 29, ABalpapppa, 158, 27331, 30392, 1112, , 27331, 25000, 29217, 29128, 0, 
45, 1, 246, 241, -1, 286, 184, 6.6, 28, ABalpapapa, 264, 32899, 32504, 988, , 32899, 25000, 35225, 35217, 0, 
46, 1, 311, 34, -1, 178, 253, 15.4, 27, ABaraapaaa, -105, 27673, 27341, 988, , 27673, 25000, 27874, 27935, 0, 
47, 1, 41, 68, -1, 356, 334, 8.2, 27, ABprpapaap, 125, 27501, 23871, 868, , 27501, 25000, 29149, 29136, 0, 
48, 1, 107, 50, -1, 189, 235, 7.1, 28, ABalpaaaaa, 254, 31195, 33940, 1088, , 31195, 25000, 33508, 34133, 0, 
49, 1, 295, 228, -1, 415, 373, 9.5, 26, ABprppapap, 224, 28669, 25687, 896, , 28669, 25000, 28334, 28419, 0, 
50, 1, 144, 150, -1, 384, 119, 22.0, 26, ABplapaapa, 211, 27258, 23224, 852, , 27258, 25000, 27961, 27924, 0, 
51, 1, 218, 127, -1, 401, 378, 20.7, 29, ABprapaaap, 257, 28397, 30328, 1068, , 28397, 25000, 27740, 27659, 0, 
52, 1, 250, 69, -1, 472, 346, 7.0, 27, ABprpppaaa, 223, 30226, 31193, 1032, , 30226, 25000, 31663, 32041, 0, 
53, 1, 32, 10, -1, 535, 262, 9.9, 30, Cppppp, 305, 27355, 37094, 1356, , 27355, 25000, 28570, 28573, 0, 
54, 1, 155, 27, -1, 196, 183, 9.1, 26, ABalpaappp, 240, 28881, 23105, 800, , 28881, 25000, 28879, 29287, 0, 
55, 1, 285, 133, -1, 217, 131, 17.9, 28, ABalpppapp, 280, 27227, 29623, 1088, , 27227, 25000, 27594, 27730, 0, 
56, 1, 20, 347, -1, 325, 352, 24.6, 31, ABarpapppa, 241, 28511, 37977, 1332, , 28511, 25000, 27900, 28002, 0, 
57, 1, 347, 97, -1, 525, 318, 6.5, 30, ABprpppapa, 252, 34021, 41914, 1232, , 34021, 25000, 35230, 35455, 0, 
58, 1, 374, 159, -1, 300, 133, 11.1, 30, ABplpaaaap, 41, 27586, 37406, 1356, , 27586, 25000, 27552, 27593, 0, 
59, 1, 110, 62, -1, 392, 291, 18.5, 32, Earap, 151, 28314, 40545, 1432, , 28314, 25000, 28559, 28582, 0, 
60, 1, 211, 178, -1, 222, 210, 5.7, 26, ABalpapaaa, 99, 38285, 32772, 856, , 38285, 25000, 37642, 37988, 0, 
61, 1, 90, 29, -1, 525, 375, 15.4, 28, ABprappapp, 308, 26787, 26466, 988, , 26787, 25000, 27909, 27915, 0, 
62, 1, 322, 329, -1, 562, 228, 9.5, 28, Caapa, 258, 27784, 30007, 1080, , 27784, 25000, 28450, 28386, 0, 
63, 1, 158, 20, -1, 313, 375, 11.8, 28, ABprpaaapp, -199, 27204, 28619, 1052, , 27204, 25000, 27842, 27763, 0, 
64, 1, 84, 17, -1, 194, 146, 16.0, 28, ABalpppapa, 374, 27614, 31149, 1128, , 27614, 25000, 27622, 27562, 0, 
65, 1, 79, 184, -1, 183, 216, 26.1, 30, ABplaaaaaa, 255, 27008, 36623, 1356, , 27008, 25000, 28903, 28848, 0, 
66, 1, 62, 38, -1, 185, 303, 7.4, 26, ABaraaappa, 218, 28799, 23961, 832, , 28799, 25000, 32435, 32633, 0, 
67, 1, 126, 99, -1, 588, 297, 11.3, 28, ABprapappp, 228, 26654, 28360, 1064, , 26654, 25000, 27857, 27844, 0, 
68, 1, 17, 46, -1, 256, 358, 17.5, 27, ABpraaappa, 268, 27645, 24770, 896, , 27645, 25000, 27757, 27788, 0, 
69, 1, 263, 189, -1, 482, 205, 25.8, 33, Caaaaa, 222, 27941, 48729, 1744, , 27941, 25000, 28318, 28320, 0, 
70, 1, 116, 270, -1, 342, 172, 17.8, 30, Daaa, 280, 27772, 36659, 1320, , 27772, 25000, 28902, 29069, 0, 
71, 1, 168, 125, -1, 495, 335, 14.6, 30, Cppapa, 304, 26983, 31192, 1156, , 26983, 25000, 28889, 28926, 0, 
72, 1, 227, 158, -1, 186, 249, 20.9, 30, MSaaaaap, 303, 27906, 37840, 1356, , 27906, 25000, 27852, 27849, 0, 
73, 1, 346, 331, -1, 141, 200, 19.7, 29, ABalapaaap, 115, 27354, 29214, 1068, , 27354, 25000, 27503, 27448, 0, 
74, 1, 336, 266, -1, 337, 335, 20.5, 31, MSppppp, 239, 27860, 34324, 1232, , 27860, 25000, 28425, 28423, 0, 
75, 0, 74, -1, -1, 158, 334, 12.2, 24, , -24, 1189, 18798, 656, , 28655, 25000, 27556, 27466, 0, 
76, 1, 232, 33, -1, 574, 339, 12.5, 27, ABprapappa, 749, 27359, 24514, 896, , 27359, 25000, 27044, 27059, 0, 
77, 1, 16, 25, -1, 568, 314, 9.3, 25, ABprappppa, 943, 27941, 21347, 764, , 27941, 25000, 28068, 28017, 0, 
78, 1, 130, 71, -1, 251, 143, 11.5, 29, ABplpaaaaa, 233, 27274, 29456, 1080, , 27274, 25000, 27746, 27863, 0, 
79, 1, 231, 214, -1, 441, 363, 8.1, 26, ABprppappa, 226, 27670, 22136, 800, , 27670, 25000, 29270, 29317, 0, 
80, 1, 206, 3, -1, 472, 271, 19.5, 31, Eprap, 267, 26735, 32938, 1232, , 26735, 25000, 28303, 28277, 0, 
81, 0, 260, -1, -1, 350, 233, 5.8, 24, , 203, 4077, 25669, 656, , 39130, 25000, 34719, 35053, 0, 
82, 1, 95, 82, -1, 274, 341, 14.9, 26, MSppapap, 250, 28066, 22453, 800, , 28066, 25000, 27758, 27677, 0, 
83, 1, 174, 353, -1, 326, 160, 6.2, 28, ABalpapapp, 254, 38159, 40143, 1052, , 38159, 25000, 37325, 37958, 0, 
84, 0, 205, -1, -1, 151, 175, 11.6, 24, , 34, 1052, 19828, 700, , 28326, 25000, 27691, 27274, 0, 
85, 1, 3, 174, -1, 125, 228, 18.1, 25, ABalapaaaa, 251, 26938, 18533, 688, , 26938, 25000, 28345, 28346, 0, 
86, 0, 8, -1, -1, 87, 262, 16.8, 28, , 272, 2542, 30819, 1052, , 29296, 25000, 26888, 26754, 0, 
87, 1, 45, 294, -1, 421, 189, 26.3, 33, ABarppaapa, 323, 27685, 48061, 1736, , 27685, 25000, 28790, 28781, 0, 
88, 1, 139, 227, -1, 358, 276, 25.2, 31, ABarpaappa, 319, 28099, 41137, 1464, , 28099, 25000, 28471, 28507, 0, 
89, 1, 256, 299, -1, 502, 232, 12.5, 30, Eplpp, 306, 27617, 34024, 1232, , 27617, 25000, 28676, 28705, 0, 
90, 1, 334, 187, -1, 148, 269, 14.4, 27, ABaraaaapa, -168, 28345, 28005, 988, , 28345, 25000, 28483, 28380, 0, 
91, 1, 269, 207, -1, 129, 302, 17.4, 27, ABalaaappl, 216, 27544, 27213, 988, , 27544, 25000, 27138, 27230, 0, 
92, 1, 166, 302, -1, 266, 237, 18.7, 27, MSaaapap, 255, 28584, 26412, 924, , 28584, 25000, 28083, 28139, 0, 
93, 1, 112, 124, -1, 395, 115, 17.4, 30, ABplaapppp, 266, 28033, 32406, 1156, , 28033, 25000, 28406, 28372, 0, 
94, 1, 129, 87, -1, 433, 110, 19.0, 27, ABplapaapp, -219, 27310, 28184, 1032, , 27310, 25000, 27393, 27405, 0, 
95, 1, 59, 129, -1, 229, 241, 19.5, 29, MSaaapaa, 115, 27887, 30118, 1080, , 27887, 25000, 27795, 27810, 0, 
96, 1, 142, 226, -1, 214, 163, 20.7, 30, ABalppppap, 251, 27783, 36340, 1308, , 27783, 25000, 28024, 28297, 0, 
97, 1, 182, 167, -1, 296, 147, 8.5, 29, ABalppappp, 269, 28353, 30621, 1080, , 28353, 25000, 29898, 30048, 0, 
98, 1, 53, 144, -1, 405, 338, 6.4, 26, ABprppaapa, 82, 30576, 25439, 832, , 30576, 25000, 32901, 32903, 0, 
99, 1, 54, 35, -1, 309, 253, 6.5, 26, ABarapapap, 262, 31770, 28466, 896, , 31770, 25000, 33344, 33344, 0, 
100, 1, 203, 280, -1, 148, 167, 15.2, 27, ABalpppaaa, 384, 27627, 23980, 868, , 27627, 25000, 27235, 27301, 0, 
101, 1, 102, 163, -1, 350, 118, 18.2, 30, ABplaapppa, 89, 27863, 36779, 1320, , 27863, 25000, 28445, 28457, 0, 
102, 1, 114, 8, -1, 249, 239, 7.6, 27, ABalpappaa, 177, 28459, 28117, 988, , 28459, 25000, 30657, 30745, 0, 
103, 1, 52, 91, -1, 290, 371, 19.4, 29, ABpraaappp, 254, 27239, 31488, 1156, , 27239, 25000, 28059, 28085, 0, 
104, 1, 151, 36, -1, 244, 366, 20.5, 29, ABpraapapa, 163, 27273, 29455, 1080, , 27273, 25000, 27655, 27460, 0, 
105, 1, 152, 80, 315, 337, 277, 8.3, 31, ABarapappp, 197, 28515, 39008, 1368, , 28515, 25000, 30043, 29916, 0, 
106, 1, 259, 177, -1, 215, 288, 20.3, 30, MSpaaaap, 306, 27851, 36429, 1308, , 27851, 25000, 27655, 27666, 0, 
107, 1, 25, 88, -1, 246, 225, 15.5, 32, ABaraapapa, 153, 27977, 40063, 1432, , 27977, 25000, 28221, 28224, 0, 
108, 1, 185, 16, -1, 463, 192, 6.3, 29, ABplppppap, 251, 32526, 34738, 1068, , 32526, 25000, 32169, 32395, 0, 
109, 1, 238, 305, -1, 270, 191, 17.2, 28, MSapapap, 263, 27046, 28452, 1052, , 27046, 25000, 28060, 28032, 0, 
110, 1, 42, 139, -1, 349, 284, 4.8, 30, ABprpappaa, 310, 34789, 45921, 1320, , 34789, 25000, 33551, 33777, 0, 
111, 1, 172, 42, -1, 448, 402, 18.0, 28, ABprapaapp, -279, 27577, 31107, 1128, , 27577, 25000, 28531, 28531, 0, 
112, 1, 161, 221, -1, 188, 344, 24.4, 29, ABpraapaaa, 282, 26894, 31089, 1156, , 26894, 25000, 27450, 27448, 0, 
113, 1, 88, 172, -1, 202, 374, 15.5, 25, ABpraaaaap, 228, 27596, 21194, 768, , 27596, 25000, 27321, 27424, 0, 
114, 1, 275, 141, -1, 371, 366, 21.5, 30, ABprapaaaa, 258, 27012, 33279, 1232, , 27012, 25000, 27940, 27941, 0, 
115, 1, 111, 128, -1, 492, 127, 20.8, 29, ABplappapa, 283, 27809, 30924, 1112, , 27809, 25000, 27697, 27709, 0, 
116, 1, 71, 5, -1, 219, 284, 6.9, 27, ABarapaaaa, 254, 29445, 26736, 908, , 29445, 25000, 32627, 32767, 0, 
117, 1, 125, 191, -1, 483, 165, 14.5, 28, Capapa, 286, 27862, 30091, 1080, , 27862, 25000, 28062, 28076, 0, 
118, 1, 342, 113, -1, 297, 254, 18.2, 31, MSaaapp, 248, 27462, 40204, 1464, , 27462, 25000, 28985, 28937, 0, 
119, 1, 22, 32, -1, 261, 277, 7.6, 29, ABarapapaa, -191, 28826, 33323, 1156, , 28826, 25000, 31236, 31039, 0, 
120, 1, 271, 342, -1, 296, 320, 20.1, 27, MSppappp, 250, 27392, 24872, 908, , 27392, 25000, 27919, 27926, 0, 
121, 1, 48, 90, -1, 436, 135, 9.1, 26, ABplppappa, 238, 27035, 21628, 800, , 27035, 25000, 27555, 27488, 0, 
122, 1, 292, 28, -1, 302, 142, 17.7, 28, ABplpaappa, 286, 27723, 29497, 1064, , 27723, 25000, 28259, 28356, 0, 
123, 1, 228, 98, -1, 540, 198, 6.5, 26, ABplappppp, 233, 34775, 31158, 896, , 34775, 25000, 35040, 35033, 0, 
124, 1, 50, 252, -1, 225, 282, 16.3, 27, ABaraappap, 251, 27251, 25180, 924, , 27251, 25000, 28192, 28216, 0, 
125, 1, 176, 145, -1, 289, 230, 25.8, 29, ABplaaaapp, 265, 27193, 30239, 1112, , 27193, 25000, 28760, 28801, 0, 
126, 1, 188, 198, -1, 334, 286, 14.6, 29, MSpapaap, 298, 36188, 41833, 1156, , 36188, 25000, 31469, 31022, 0, 
127, 1, 289, 21, -1, 160, 319, 10.0, 26, ABalaapaaa, 246, 27735, 23630, 852, , 27735, 25000, 28152, 28104, 0, 
128, 1, 353, 251, -1, 553, 303, 14.0, 30, Cppppa, 285, 28120, 37906, 1348, , 28120, 25000, 28600, 28612, 0, 
129, 1, 160, 348, -1, 146, 254, 10.4, 26, ABaraaaaaa, -154, 27704, 23050, 832, , 27704, 25000, 27902, 27993, 0, 
130, 1, 267, 185, -1, 412, 138, 24.4, 31, ABarppapaa, 278, 26762, 35647, 1332, , 26762, 25000, 28358, 28351, 0, 
131, 1, 368, 41, -1, 261, 129, 13.7, 28, ABplpaaapa, 197, 27164, 28903, 1064, , 27164, 25000, 27425, 27267, 0, 
132, 1, 36, 231, -1, 357, 266, 11.9, 24, MSpapapa, 220, 38652, 23346, 604, , 38652, 25000, 31355, 30985, 0, 
133, 1, 66, 311, -1, 163, 152, 17.9, 27, ABalpppaap, 64, 26994, 24511, 908, , 26994, 25000, 27222, 27283, 0, 
134, 1, 64, 211, -1, 412, 127, 11.2, 26, ABplppapap, 57, 26884, 21400, 796, , 26884, 25000, 28563, 28620, 0, 
135, 1, 123, 146, -1, 261, 156, 8.8, 29, ABalppappa, 266, 27469, 30545, 1112, , 27469, 25000, 28516, 28496, 0, 
136, 1, 212, 194, -1, 474, 122, 10.7, 26, ABplppappp, 239, 26232, 22455, 856, , 26232, 25000, 28255, 28283, 0, 
137, 1, 264, 132, -1, 299, 404, 18.7, 27, ABpraappaa, 342, 27798, 25685, 924, , 27798, 25000, 27524, 27422, 0, 
138, 1, 304, 48, -1, 471, 320, 10.4, 30, Cppaap, 220, 27186, 31427, 1156, , 27186, 25000, 28609, 28623, 0, 
139, 1, 143, 322, -1, 323, 394, 21.2, 30, ABpraappap, 395, 29213, 38561, 1320, , 29213, 25000, 27848, 27787, 0, 
140, 1, 140, 369, -1, 363, 208, 25.8, 28, ABarppaaaa, 290, 27813, 29259, 1052, , 27813, 25000, 28738, 28676, 0, 
141, 1, 208, 272, -1, 296, 227, 12.2, 27, MSaapaaa, 262, 35810, 31083, 868, , 35810, 25000, 29891, 29979, 0, 
142, 1, 153, 258, -1, 389, 243, 25.1, 32, ABarpaappp, 322, 27516, 43366, 1576, , 27516, 25000, 28336, 28329, 0, 
143, 1, 132, 344, -1, 342, 285, 17.6, 34, Earaa, 339, 30366, 54051, 1780, , 30366, 25000, 30073, 29610, 0, 
144, 1, 77, 176, -1, 194, 319, 12.2, 26, MSppaaaa, 280, 27784, 22116, 796, , 27784, 25000, 28112, 28175, 0, 
145, 1, 306, 326, -1, 363, 145, 21.7, 29, ABplapaaap, 242, 29528, 31536, 1068, , 29528, 25000, 27992, 28257, 0, 
146, 0, 266, -1, -1, 351, 305, 19.7, 24, , 180, 153, 20264, 704, , 28784, 25000, 28546, 28631, 0, 
147, 1, 12, 318, -1, 417, 233, 16.7, 32, Ealpp, 318, 27932, 44245, 1584, , 27932, 25000, 29417, 29483, 0, 
148, 1, 297, 240, -1, 214, 191, 24.4, 26, ABalapappp, -71, 27659, 23012, 832, , 27659, 25000, 28691, 28425, 0, 
149, 1, 308, 285, -1, 515, 160, 9.6, 27, ABplapppap, 228, 27969, 27633, 988, , 27969, 25000, 28391, 28332, 0, 
150, 1, 189, 86, -1, 412, 160, 7.5, 25, ABplppaapp, 151, 29698, 22808, 768, , 29698, 25000, 30777, 30875, 0, 
151, 0, 91, -1, -1, 210, 361, 10.4, 25, , 200, -173, 22635, 832, , 27206, 25000, 27375, 27379, 0, 
152, 1, 349, 96, -1, 276, 242, 22.3, 29, MSaaaapp, 287, 27331, 29189, 1068, , 27331, 25000, 27643, 27705, 0, 
153, 1, 148, 59, -1, 274, 226, 14.9, 29, ABaraapapp, 121, 28614, 34566, 1208, , 28614, 25000, 29213, 29206, 0, 
154, 1, 81, 300, -1, 157, 293, 20.9, 27, ABalapppaa, 240, 28613, 25981, 908, , 28613, 25000, 27701, 27767, 0, 
155, 1, 315, 93, -1, 443, 269, 25.8, 36, Cpaaaa, 348, 28009, 63860, 2280, , 28009, 25000, 28289, 28282, 0, 
156, 1, 184, 23, -1, 406, 302, 5.4, 26, ABprpapapp, 497, 36166, 30090, 832, , 36166, 25000, 33663, 33694, 0, 
157, 1, 103, 363, -1, 328, 236, 13.4, 26, MSaapapa, 458, 32887, 27362, 832, , 32887, 25000, 29969, 29787, 0, 
158, 1, 356, 153, -1, 408, 234, 5.7, 27, ABplpapppa, 258, 37725, 34858, 924, , 37725, 25000, 34204, 34236, 0, 
159, 0, 325, -1, -1, 198, 146, 12.9, 23, , 199, 1666, 14511, 496, , 29256, 25000, 27560, 27590, 0, 
160, 1, 298, 203, -1, 203, 342, 17.3, 26, ABpraaapaa, 255, 26965, 23082, 856, , 26965, 25000, 28034, 27971, 0, 
161, 1, 283, 209, -1, 418, 179, 20.6, 30, Dappa, 295, 26768, 30944, 1156, , 26768, 25000, 28458, 28514, 0, 
162, 1, 254, 373, -1, 284, 305, 17.2, 29, MSpaapap, 251, 27804, 30918, 1112, , 27804, 25000, 28238, 28322, 0, 
163, 1, 70, 24, -1, 126, 245, 13.2, 27, ABalaaaarl, 229, 27823, 24150, 868, , 27823, 25000, 27063, 27031, 0, 
164, 1, 352, 264, -1, 476, 225, 7.4, 28, ABplpppppa, 275, 28886, 28539, 988, , 28886, 25000, 30569, 30543, 0, 
165, 1, 316, 140, -1, 165, 272, 23.8, 29, ABarpaaaaa, 253, 28051, 31193, 1112, , 28051, 25000, 28571, 28621, 0, 
166, 1, 2, 78, -1, 185, 282, 12.6, 27, ABaraaapaa, 412, 26982, 26658, 988, , 26982, 25000, 27937, 27967, 0, 
167, 1, 288, 183, -1, 546, 145, 19.5, 29, ABplapapaa, 212, 26555, 28679, 1080, , 26555, 25000, 28529, 28529, 0, 
168, 1, 326, 345, -1, 383, 168, 18.2, 29, Dapaa, 231, 26722, 29715, 1112, , 26722, 25000, 28466, 28490, 0, 
169, 1, 258, 319, -1, 557, 224, 22.4, 32, Caaapa, 311, 27734, 41157, 1484, , 27734, 25000, 28346, 28336, 0, 
170, 1, 106, 53, -1, 257, 221, 4.6, 28, ABalpapaap, 386, 36967, 36523, 988, , 36967, 25000, 35083, 35090, 0, 
171, 1, 243, 327, -1, 319, 191, 18.6, 29, MSapppap, 212, 27679, 31997, 1156, , 27679, 25000, 28053, 28128, 0, 
172, 1, 156, 234, -1, 264, 158, 18.7, 25, ABalppppppa, 212, 26713, 20409, 764, , 26713, 25000, 28244, 28016, 0, 
173, 1, 265, 261, -1, 221, 250, 22.8, 28, MSaaaapa, 252, 28377, 29853, 1052, , 28377, 25000, 27747, 27647, 0, 
174, 1, 127, 67, -1, 569, 160, 12.3, 27, ABplapappp, 236, 28539, 26370, 924, , 28539, 25000, 28301, 28360, 0, 
175, 1, 305, 254, -1, 278, 376, 11.5, 27, ABprpaaapa, -252, 27691, 24811, 896, , 27691, 25000, 27867, 27713, 0, 
176, 1, 5, 18, -1, 230, 294, 9.7, 29, ABarapaapa, 431, 26382, 28176, 1068, , 26382, 25000, 28592, 28668, 0, 
177, 1, 86, 31, -1, 463, 114, 16.2, 27, ABplappaap, -126, 28240, 24512, 868, , 28240, 25000, 27628, 27529, 0, 
178, 1, 237, 56, -1, 333, 343, 17.5, 29, MSppppap, 214, 28629, 30919, 1080, , 28629, 25000, 28234, 28198, 0, 
179, 1, 28, 60, -1, 193, 338, 8.9, 26, ABalaapaap, 256, 27243, 21794, 800, , 27243, 25000, 28626, 28626, 0, 
180, 0, 239, -1, -1, 126, 259, 18.7, 24, , 201, 538, 19726, 704, , 28020, 25000, 27282, 27482, 0, 
181, 1, 355, 166, -1, 392, 342, 26.2, 30, ABarpppaap, 266, 27832, 36738, 1320, , 27832, 25000, 28275, 28255, 0, 
182, 1, 133, 291, -1, 381, 227, 8.6, 29, MSaappa, 405, 28429, 32864, 1156, , 28429, 25000, 29795, 29887, 0, 
183, 1, 221, 204, -1, 190, 159, 19.3, 29, ABalppppaa, 156, 26886, 28714, 1068, , 26886, 25000, 27407, 27466, 0, 
184, 1, 310, 249, -1, 420, 243, 8.6, 30, MSpappa, 275, 27286, 31543, 1156, , 27286, 25000, 29347, 29081, 0, 
185, 1, 198, 354, -1, 416, 220, 11.5, 33, Z3, 329, 28558, 46378, 1624, , 28558, 25000, 28741, 28790, 0, 
186, 1, 141, 277, -1, 262, 334, 5.4, 28, ABarapppap, 369, 38332, 37872, 988, , 38332, 25000, 38401, 38635, 0, 
187, 1, 281, 85, -1, 599, 259, 12.3, 30, Cpappd, 289, 26602, 34796, 1308, , 26602, 25000, 28303, 28302, 0, 
188, 1, 253, 161, -1, 179, 242, 10.1, 28, ABalpaapapa, 235, 26952, 29324, 1088, , 26952, 25000, 29272, 29145, 0, 
189, 1, 135, 219, -1, 344, 115, 11.6, 27, ABplppaaaa, 270, 27326, 26998, 988, , 27326, 25000, 27366, 27394, 0, 
190, 1, 312, 328, -1, 457, 159, 25.8, 30, ABarppaapp, 307, 28461, 37569, 1320, , 28461, 25000, 29110, 29118, 0, 
191, 1, 93, 313, -1, 193, 334, 20.8, 26, ABalappppa, 260, 26704, 21256, 796, , 26704, 25000, 28140, 28132, 0, 
192, 1, 277, 236, -1, 241, 242, 10.7, 27, ABalpaaapp, 121, 28005, 25877, 924, , 28005, 25000, 28629, 28522, 0, 
193, 1, 117, 84, -1, 185, 303, 23.5, 29, ABalapppap, 248, 27721, 29939, 1080, , 27721, 25000, 27774, 27761, 0, 
194, 1, 19, 213, -1, 259, 120, 17.1, 26, ABplpaapap, 262, 27406, 21925, 800, , 27406, 25000, 27530, 27503, 0, 
195, 1, 286, 134, -1, 431, 293, 9.4, 28, MSpapppp, 222, 27899, 27564, 988, , 27899, 25000, 28503, 28568, 0, 
196, 1, 190, 229, -1, 186, 195, 21.3, 27, ABalapappa, -24, 27182, 25116, 924, , 27182, 25000, 28157, 28197, 0, 
197, 1, 157, 44, -1, 457, 130, 23.0, 29, ABarppapap, 165, 27698, 34013, 1228, , 27698, 25000, 28304, 28279, 0, 
198, 1, 13, 346, -1, 219, 219, 26.4, 30, ABplaaaaap, 288, 28298, 32713, 1156, , 28298, 25000, 28356, 28527, 0, 
199, 1, 27, 317, -1, 437, 336, 5.6, 26, ABprppaapp, 185, 34886, 29025, 832, , 34886, 25000, 35255, 35335, 0, 
200, 1, 224, 205, -1, 570, 148, 16.4, 29, ABarppappp, 649, 26369, 30482, 1156, , 26369, 25000, 28663, 28667, 0, 
201, 1, 121, 180, -1, 456, 278, 11.5, 33, Z2, 330, 27671, 44938, 1624, , 27671, 25000, 28808, 28877, 0, 
202, 1, 196, 164, -1, 240, 203, 21.6, 27, MSapappa, 199, 28025, 27689, 988, , 28025, 25000, 27940, 27941, 0, 
203, 0, -1, -1, -1, 528, 292, 7.0, 24, , 220, -1637, 18450, 608, , 30345, 25000, 32423, 31982, 0, 
204, 1, 358, 356, -1, 342, 183, 25.7, 27, ABplaaappp, 268, 29127, 26913, 924, , 29127, 25000, 28978, 29120, 0, 
205, 1, 328, 323, -1, 315, 272, 11.9, 28, MSpapaaa, 244, 38328, 41701, 1088, , 38328, 25000, 30915, 31082, 0, 
206, 1, 128, 55, -1, 197, 301, 26.5, 30, ABarpapaaa, 258, 28131, 34657, 1232, , 28131, 25000, 28792, 28924, 0, 
207, 1, 192, 287, -1, 151, 199, 16.9, 27, ABalapaapa, 245, 26954, 24474, 908, , 26954, 25000, 27779, 27908, 0, 
208, 1, 313, 360, -1, 273, 311, 24.9, 27, ABarpapapa, 230, 29480, 26768, 908, , 29480, 25000, 28392, 28334, 0, 
209, 1, 337, 332, -1, 244, 160, 20.5, 31, ABplaapapa, 272, 26935, 33184, 1232, , 26935, 25000, 27847, 27914, 0, 
210, 1, 247, 137, -1, 218, 365, 18.6, 27, ABpraaapap, 253, 28272, 27933, 988, , 28272, 25000, 27366, 27446, 0, 
211, 1, 282, 358, -1, 311, 382, 8.7, 29, ABprpaaaap, 260, 27089, 28931, 1068, , 27089, 25000, 27824, 27787, 0, 
212, 1, 333, 371, -1, 140, 327, 14.6, 28, ABalaaappr, 281, 27441, 27112, 988, , 27441, 25000, 27783, 27755, 0, 
213, 1, 14, 43, -1, 272, 122, 20.4, 26, ABplaappaa, 161, 26840, 22331, 832, , 26840, 25000, 28046, 28056, 0, 
214, 1, 296, 15, -1, 385, 352, 13.1, 30, Dpap, 297, 27311, 37034, 1356, , 27311, 25000, 28127, 28244, 0, 
215, 1, 43, 65, -1, 376, 200, 21.4, 29, MSappppp, 215, 27105, 31333, 1156, , 27105, 25000, 28840, 28838, 0, 
216, 1, 245, 197, -1, 312, 225, 16.5, 29, MSaapaap, 291, 33650, 36342, 1080, , 33650, 25000, 30471, 30674, 0, 
217, 1, 299, 279, -1, 188, 293, 16.0, 25, ABaraappaa, 247, 27440, 20964, 764, , 27440, 25000, 28206, 28276, 0, 
218, 1, 98, 210, -1, 121, 266, 16.1, 27, ABalaaapar, 212, 26171, 23763, 908, , 26171, 25000, 27153, 27102, 0, 
219, 1, 26, 247, -1, 221, 217, 9.8, 25, ABalpaaapa, 87, 29295, 20624, 704, , 29295, 25000, 28710, 28709, 0, 
220, 1, 47, 111, -1, 162, 287, 17.1, 27, MSpaaaaa, 220, 26751, 24290, 908, , 26751, 25000, 27687, 27701, 0, 
221, 1, 217, 368, -1, 418, 338, 20.4, 29, Dpppa, 247, 28433, 32868, 1156, , 28433, 25000, 28217, 28217, 0, 
222, 1, 300, 168, -1, 331, 243, 19.9, 33, Ealaa, 321, 28579, 49613, 1736, , 28579, 25000, 28982, 28982, 0, 
223, 1, 23, 39, -1, 467, 259, 7.2, 28, ABprpapppp, 224, 28309, 29781, 1052, , 28309, 25000, 32194, 32303, 0, 
224, 1, 51, 292, -1, 248, 335, 14.6, 25, MSppapaa, -105, 27886, 23201, 832, , 27886, 25000, 27886, 27864, 0, 
225, 1, 348, 303, -1, 446, 344, 13.5, 31, Cppaaa, 305, 28056, 34565, 1232, , 28056, 25000, 28905, 28907, 0, 
226, 1, 216, 274, -1, 477, 316, 6.6, 27, ABprppppap, 241, 30838, 30468, 988, , 30838, 25000, 31809, 31649, 0, 
227, 1, 131, 181, -1, 380, 382, 9.2, 28, ABprppapaa, -137, 26825, 28220, 1052, , 26825, 25000, 27573, 27670, 0, 
228, 1, 301, 297, -1, 517, 273, 14.5, 32, Eprpp, 298, 26899, 38520, 1432, , 26899, 25000, 28662, 28727, 0, 
229, 1, 97, 51, -1, 149, 205, 10.1, 26, ABalaaaala, 246, 27136, 21709, 800, , 27136, 25000, 28032, 27957, 0, 
230, 1, 145, 337, -1, 431, 277, 20.4, 32, Epraa, 232, 27337, 40568, 1484, , 27337, 25000, 28159, 28182, 0, 
231, 1, 191, 340, -1, 252, 267, 22.5, 29, MSpaaapa, 243, 27427, 29621, 1080, , 27427, 25000, 28089, 28119, 0, 
232, 1, 33, 156, -1, 488, 141, 8.2, 27, ABplpppaap, 120, 27843, 24168, 868, , 27843, 25000, 29260, 29368, 0, 
233, 1, 329, 268, -1, 364, 239, 15.9, 31, Ealpa, -193, 29225, 43253, 1480, , 29225, 25000, 30061, 30064, 0, 
234, 1, 320, 66, -1, 500, 386, 18.7, 29, ABprappapa, 236, 27690, 29573, 1068, , 27690, 25000, 27977, 27975, 0, 
235, 1, 225, 121, -1, 530, 206, 10.3, 28, Capppp, -164, 28492, 30315, 1064, , 28492, 25000, 28821, 28856, 0, 
236, 1, 18, 75, -1, 386, 148, 7.7, 26, ABplppaapa, 112, 29206, 25000, 856, , 29206, 25000, 31305, 31706, 0, 
237, 0, 371, -1, -1, 87, 261, 14.8, 26, , 232, 2284, 22703, 796, , 28521, 25000, 26539, 26237, 0, 
238, 1, 367, 4, -1, 240, 330, 23.7, 23, ABalappppp, 225, 27645, 16366, 592, , 27645, 25000, 28314, 28178, 0, 
239, 1, 357, 367, -1, 600, 202, 14.7, 31, Cpapaa, 307, 26784, 36640, 1368, , 26784, 25000, 28348, 28393, 0, 
240, 1, 179, 30, -1, 244, 269, 5.5, 26, ABarapaaap, 84, 39211, 35133, 896, , 39211, 25000, 35624, 36315, 0, 
241, 1, 341, 278, -1, 288, 207, 21.4, 28, MSapappp, 412, 26670, 26350, 988, , 26670, 25000, 28239, 28236, 0, 
242, 1, 67, 79, -1, 177, 205, 8.2, 26, ABalpaappa, 233, 28830, 22949, 796, , 28830, 25000, 29966, 30115, 0, 
243, 1, 202, 306, -1, 431, 191, 6.3, 27, ABplppppaa, 226, 34620, 31989, 924, , 34620, 25000, 33080, 32936, 0, 
244, 1, 105, 9, -1, 320, 325, 8.4, 26, ABprpapaaa, -617, 27143, 22583, 832, , 27143, 25000, 29105, 29156, 0, 
245, 1, 363, 57, -1, 552, 235, 6.5, 27, Cpappv, 212, 34550, 30957, 896, , 34550, 25000, 34550, 34521, 0, 
246, 1, 252, 175, -1, 172, 348, 16.7, 29, ABalaapppp, 218, 27253, 29106, 1068, , 27253, 25000, 27236, 27242, 0, 
247, 1, 290, 162, 379, 345, 354, 12.0, 31, MSpppap, 180, 27340, 43197, 1580, , 27340, 25000, 28119, 28165, 0, 
248, 1, 78, 77, -1, 245, 391, 17.2, 28, ABpraaaapp, 264, 27780, 29225, 1052, , 27780, 25000, 27437, 27492, 0, 
249, 1, 171, 103, -1, 429, 373, 23.8, 31, ABarppppaa, 284, 28727, 42057, 1464, , 28727, 25000, 28286, 28327, 0, 
250, 1, 369, 378, -1, 299, 165, 15.4, 24, MSapppaa, 208, 28573, 20001, 700, , 28573, 25000, 27488, 27504, 0, 
251, 1, 76, 246, -1, 353, 400, 17.4, 30, ABpraapppa, 307, 27361, 31629, 1156, , 27361, 25000, 28568, 28568, 0, 
252, 1, 251, 160, -1, 528, 130, 15.3, 27, ABplapapap, 53, 28034, 25903, 924, , 28034, 25000, 28765, 28745, 0, 
253, 1, 175, 131, -1, 462, 346, 24.7, 29, ABarpppapp, 279, 27799, 29689, 1068, , 27799, 25000, 28149, 28161, 0, 
254, 1, 351, 106, -1, 559, 350, 14.8, 28, ABprapapap, 267, 27193, 28607, 1052, , 27193, 25000, 28173, 28127, 0, 
255, 1, 186, 307, -1, 397, 329, 10.4, 30, MSpapppa, 254, 28315, 32732, 1156, , 28315, 25000, 28732, 28846, 0, 
256, 1, 244, 289, -1, 367, 219, 12.3, 29, MSaapapp, 224, 35760, 38192, 1068, , 35760, 25000, 29746, 29956, 0, 
257, 1, 272, 330, -1, 388, 292, 14.5, 31, Earpa, 294, 28156, 34688, 1232, , 28156, 25000, 29253, 29344, 0, 
258, 1, 92, 138, -1, 412, 405, 20.2, 27, ABprapaapa, 9, 28877, 25065, 868, , 28877, 25000, 27567, 27493, 0, 
259, 1, 149, 26, -1, 217, 317, 7.4, 26, ABaraaappp, 335, 28542, 23747, 832, , 28542, 25000, 31355, 31873, 0, 
260, 1, 317, 37, -1, 512, 347, 7.9, 27, ABprpppaap, 235, 27659, 25114, 908, , 27659, 25000, 29890, 29952, 0, 
261, 1, 344, 349, -1, 577, 206, 8.3, 26, Caappv, 223, 28637, 24513, 856, , 28637, 25000, 28343, 28465, 0, 
262, 1, 44, 222, -1, 271, 270, 26.1, 28, ABarpaapaa, 279, 28129, 30604, 1088, , 28129, 25000, 28497, 28500, 0, 
263, 1, 80, 215, -1, 316, 113, 19.8, 30, ABplaappap, 302, 27002, 35643, 1320, , 27002, 25000, 28187, 28110, 0, 
264, 1, 268, 239, -1, 306, 382, 16.5, 28, ABprpaappa, 250, 27574, 29780, 1080, , 27574, 25000, 28191, 28323, 0, 
265, 1, 94, 6, -1, 228, 370, 14.7, 26, ABpraaaapa, 226, 26173, 22404, 856, , 26173, 25000, 27271, 27339, 0, 
266, 1, 87, 242, -1, 446, 235, 5.5, 28, ABplpapppp, -155, 36866, 39815, 1080, , 36866, 25000, 33704, 33795, 0, 
267, 1, 137, 283, -1, 138, 295, 12.4, 26, ABalaaaarr, 233, 27587, 22952, 832, , 27587, 25000, 27721, 27721, 0, 
268, 1, 309, 316, -1, 243, 314, 16.7, 27, MSpaapaa, 212, 28279, 26130, 924, , 28279, 25000, 28181, 28118, 0, 
269, 1, 118, 212, -1, 160, 336, 19.7, 28, ABalappapp, 270, 26129, 27801, 1064, , 26129, 25000, 27271, 27379, 0, 
270, 1, 233, 296, -1, 515, 237, 18.1, 32, Eplpa, -41, 27400, 43183, 1576, , 27400, 25000, 28803, 28870, 0, 
271, 1, 31, 232, -1, 496, 117, 15.9, 27, ABplappapp, 142, 28173, 25581, 908, , 28173, 25000, 28125, 28106, 0, 
272, 1, 209, 304, -1, 322, 400, 14.1, 26, ABprpaappp, -30, 27798, 22238, 800, , 27798, 25000, 27477, 27536, 0, 
273, 1, 210, 104, -1, 521, 362, 11.6, 25, ABprapppaa, 128, 27543, 22916, 832, , 27543, 25000, 27518, 27518, 0, 
274, 1, 226, 40, -1, 442, 392, 13.2, 29, ABprappaaa, 245, 27888, 31011, 1112, , 27888, 25000, 28548, 28571, 0, 
275, 1, 330, 72, -1, 377, 258, 5.4, 28, ABprpappap, 205, 33296, 32896, 988, , 33296, 25000, 34346, 34210, 0, 
276, 1, 113, 130, -1, 304, 179, 24.8, 28, ABplaaappa, 111, 27683, 29122, 1052, , 27683, 25000, 28411, 28246, 0, 
277, 1, 72, 2, -1, 239, 324, 11.9, 26, MSppaaap, 235, 26853, 21482, 800, , 26853, 25000, 27939, 27891, 0, 
278, 1, 302, 325, -1, 181, 255, 17.9, 25, ABaraaaapp, 245, 28608, 19682, 688, , 28608, 25000, 27629, 27605, 0, 
279, 1, 115, 333, -1, 168, 284, 9.7, 26, ABaraaaaap, 240, 28308, 24232, 856, , 28308, 25000, 28074, 28041, 0, 
280, 1, 165, 70, -1, 543, 161, 8.6, 26, ABplappppa, 249, 28240, 23496, 832, , 28240, 25000, 29226, 29275, 0, 
281, 1, 350, 336, -1, 264, 351, 25.6, 27, ABarpappaa, 254, 27842, 27508, 988, , 27842, 25000, 28467, 28503, 0, 
282, 1, 65, 208, -1, 546, 134, 12.1, 27, ABplapappa, 257, 27862, 25299, 908, , 27862, 25000, 27431, 27514, 0, 
283, 1, 7, 109, -1, 346, 234, 10.6, 28, ABalpappppp, 229, 28142, 27804, 988, , 28142, 25000, 29677, 29512, 0, 
284, 1, 136, 155, -1, 293, 129, 13.5, 30, ABplpaaapp, 264, 26655, 32839, 1232, , 26655, 25000, 27179, 27170, 0, 
285, 1, 364, 83, -1, 437, 178, 10.8, 25, MSaapppp, 455, 28128, 19802, 704, , 28128, 25000, 28433, 28457, 0, 
286, 1, 180, 179, -1, 304, 354, 7.9, 27, ABarappppp, 214, 28963, 26298, 908, , 28963, 25000, 30577, 30899, 0, 
287, 1, 219, 61, -1, 221, 270, 25.9, 29, ABarpaaapa, 262, 28007, 33833, 1208, , 28007, 25000, 28451, 28518, 0, 
288, 1, 150, 257, -1, 229, 344, 7.9, 26, ABarapppaa, 365, 28623, 22898, 800, , 28623, 25000, 29930, 30093, 0, 
289, 1, 197, 202, 260, 337, 211, 7.0, 31, ABplpappaa, 193, 29518, 46638, 1580, , 29518, 25000, 33247, 33247, 0, 
290, 1, 9, 52, -1, 304, 306, 25.4, 29, ABarpapapp, 296, 27612, 31919, 1156, , 27612, 25000, 28208, 28146, 0, 
291, 1, 255, 63, -1, 295, 280, 9.2, 27, ABarapappa, -144, 26959, 23400, 868, , 26959, 25000, 29545, 29608, 0, 
292, 1, 104, 118, -1, 339, 346, 5.7, 27, ABarappapp, 271, 39792, 36768, 924, , 39792, 25000, 36646, 36757, 0, 
293, 1, 321, 220, -1, 241, 182, 11.8, 24, MSapaapa, 176, 28116, 18444, 656, , 28116, 25000, 27946, 27957, 0, 
294, 1, 24, 12, -1, 279, 227, 6.7, 28, ABalpappap, 245, 33708, 35865, 1064, , 33708, 25000, 32960, 33244, 0, 
295, 1, 324, 64, -1, 170, 207, 13.5, 26, MSapaaaa, 207, 26771, 23987, 896, , 26771, 25000, 28201, 28261, 0, 
296, 1, 332, 248, -1, 134, 206, 13.6, 27, ABalaaapal, 224, 27894, 27559, 988, , 27894, 25000, 27513, 27435, 0, 
297, 1, 307, 115, -1, 335, 156, 13.0, 28, MSappap, 179, 29349, 33106, 1128, , 29349, 25000, 28345, 28368, 0, 
298, 1, 195, 136, -1, 269, 334, 8.3, 27, ABarappppa, 251, 28211, 26067, 924, , 28211, 25000, 28985, 28716, 0, 
299, 1, 291, 290, -1, 314, 175, 9.3, 27, ABplpapaaa, 274, 28813, 26623, 924, , 28813, 25000, 28893, 28999, 0, 
300, 1, 4, 310, -1, 152, 254, 17.6, 27, MSaaaaaa, 130, 27629, 27297, 988, , 27629, 25000, 27688, 27546, 0, 
301, 1, 340, 341, -1, 371, 183, 14.3, 26, MSappaap, 166, 27186, 23271, 856, , 27186, 25000, 28736, 28756, 0, 
302, 1, 359, 357, -1, 420, 270, 6.2, 27, ABprpapppa, 276, 33795, 29334, 868, , 33795, 25000, 33137, 33060, 0, 
303, 1, 276, 275, -1, 496, 302, 25.7, 35, Cpaaap, 349, 28362, 57859, 2040, , 28362, 25000, 28773, 28773, 0, 
304, 1, 181, 343, -1, 509, 175, 17.4, 30, Cappap, 281, 27807, 32145, 1156, , 27807, 25000, 28125, 28360, 0, 
305, 1, 109, 123, -1, 374, 177, 7.0, 28, ABplpapapa, 226, 29647, 33442, 1128, , 29647, 25000, 32991, 33085, 0, 
306, 1, 207, 351, -1, 257, 280, 13.9, 30, ABaraapppa, 163, 27131, 36789, 1356, , 27131, 25000, 27928, 28039, 0, 
307, 1, 365, 126, -1, 401, 191, 6.4, 26, ABplpapapp, 247, 32691, 27199, 832, , 32691, 25000, 33585, 33731, 0, 
308, 1, 187, 73, -1, 320, 189, 13.8, 27, MSappaaa, 198, 27258, 23660, 868, , 27258, 25000, 27627, 27650, 0, 
309, 1, 82, 188, -1, 508, 141, 11.5, 27, ABplapppaa, 253, 27147, 24324, 896, , 27147, 25000, 27753, 27778, 0, 
310, 1, 327, 361, -1, 513, 297, 10.5, 29, Cppapp, -96, 26520, 28642, 1080, , 26520, 25000, 28498, 28496, 0, 
311, 1, 178, 366, -1, 438, 159, 18.5, 29, Dapap, 281, 28019, 30260, 1080, , 28019, 25000, 28142, 28239, 0, 
312, 1, 29, 256, -1, 435, 161, 14.5, 29, Capaaa, 270, 27961, 30198, 1080, , 27961, 25000, 28220, 28238, 0, 
313, 1, 173, 195, -1, 435, 284, 16.2, 31, Earpp, 311, 27945, 40911, 1464, , 27945, 25000, 28633, 28633, 0, 
314, 1, 220, 380, -1, 167, 218, 23.0, 22, ABalapapap, 184, 29893, 11479, 384, , 29893, 25000, 28252, 28248, 0, 
315, 1, 73, 259, -1, 219, 239, 7.0, 25, ABalpaaaap, 94, 29242, 22341, 764, , 29242, 25000, 32425, 32811, 0, 
316, 1, 237, 301, -1, 307, 347, 14.8, 26, MSppppaa, 189, 27195, 21647, 796, , 27195, 25000, 27590, 27626, 0, 
317, 1, 138, 107, -1, 164, 247, 12.6, 28, ABalpaapaa, 262, 28011, 27675, 988, , 28011, 25000, 27725, 27994, 0, 
318, 1, 30, 235, -1, 368, 349, 16.6, 31, Dpaa, 227, 27602, 36766, 1332, , 27602, 25000, 28149, 28171, 0, 
319, 1, 354, 250, -1, 377, 316, 6.4, 27, ABprpapapa, 278, 31921, 31538, 988, , 31921, 25000, 32634, 32805, 0, 
320, 1, 194, 359, -1, 445, 233, 19.6, 33, Eplaa, 333, 27191, 44594, 1640, , 27191, 25000, 27836, 27891, 0, 
321, 1, 279, 362, -1, 297, 228, 9.2, 26, ABalpappppa, 234, 28294, 22522, 796, , 28294, 25000, 29852, 29818, 0, 
322, 1, 360, 170, -1, 478, 387, 14.8, 28, ABprappaap, 252, 26616, 28000, 1052, , 26616, 25000, 28125, 28145, 0, 
323, 1, 287, 190, -1, 322, 261, 25.7, 32, ABarpaapap, 315, 29237, 46312, 1584, , 29237, 25000, 29158, 29209, 0, 
324, 1, 223, 7, -1, 496, 342, 18.5, 32, Cpppaa, 317, 27828, 39849, 1432, , 27828, 25000, 28232, 28238, 0, 
325, 1, 10, 364, -1, 137, 314, 20.0, 27, ABalappapa, -146, 26743, 27599, 1032, , 26743, 25000, 27247, 27188, 0, 
326, 1, 366, 1, -1, 295, 357, 24.5, 29, ABarpappap, 248, 27482, 29681, 1080, , 27482, 25000, 28047, 27973, 0, 
327, 1, 323, 324, -1, 588, 258, 20.6, 33, Cpaapp, 325, 27430, 44986, 1640, , 27430, 25000, 28238, 28258, 0, 
328, 1, 215, 293, -1, 544, 278, 24.4, 35, Cpaapa, 344, 27792, 53694, 1932, , 27792, 25000, 28292, 28292, 0, 
329, 1, 214, 74, -1, 455, 154, 7.7, 27, ABplpppaaa, 268, 28858, 26665, 924, , 28858, 25000, 29986, 30269, 0, 
330, 1, 163, 320, -1, 417, 360, 16.5, 31, Dppa, 273, 27106, 33394, 1232, , 27106, 25000, 28732, 28732, 0, 
331, 1, 100, 201, -1, 537, 333, 10.5, 27, ABprapppap, 249, 27150, 24326, 896, , 27150, 25000, 28052, 28018, 0, 
332, 1, 6, 237, -1, 529, 180, 15.0, 30, Capppa, 291, 28084, 37857, 1348, , 28084, 25000, 28718, 28859, 0, 
333, 1, 83, 105, -1, 476, 231, 16.9, 32, Eplap, -89, 27525, 43380, 1576, , 27525, 25000, 28704, 28834, 0, 
334, 1, 335, 169, -1, 224, 313, 25.5, 28, ABarpapaap, 164, 28608, 30897, 1080, , 28608, 25000, 28193, 28222, 0, 
335, 1, 339, 173, -1, 492, 283, 7.1, 27, ABprpppppa, 221, 29524, 26808, 908, , 29524, 25000, 30593, 30702, 0, 
336, 1, 278, 120, -1, 450, 301, 5.6, 27, ABprppppaa, 226, 36833, 36391, 988, , 36833, 25000, 32774, 32814, 0, 
337, 1, 294, 372, -1, 470, 331, 20.3, 28, Dpppp, 277, 28901, 30751, 1064, , 28901, 25000, 28307, 28344, 0, 
338, 1, 193, 216, -1, 564, 340, 18.9, 28, ABprapapaa, 258, 28929, 31475, 1088, , 28929, 25000, 28138, 28132, 0, 
339, 1, 170, 45, -1, 532, 322, 17.1, 30, Cpppap, 259, 26801, 36342, 1356, , 26801, 25000, 28196, 28172, 0, 
340, 1, 96, 276, -1, 605, 256, 16.8, 31, Cpapap, 297, 28328, 41472, 1464, , 28328, 25000, 28141, 28151, 0, 
341, 1, 257, 238, -1, 282, 185, 13.1, 26, MSapaapp, 249, 27168, 21734, 800, , 27168, 25000, 27740, 27694, 0, 
342, 1, 63, 225, -1, 378, 126, 10.6, 27, ABplppapaa, 259, 26893, 26570, 988, , 26893, 25000, 28064, 28126, 0, 
343, 1, 169, 157, -1, 180, 251, 26.2, 28, ABarpaaaap, -80, 28338, 29812, 1052, , 28338, 25000, 28675, 28623, 0, 
344, 1, 57, 101, -1, 239, 158, 17.4, 29, ABalpppppa, 266, 27429, 31708, 1156, , 27429, 25000, 27800, 27807, 0, 
345, 1, 284, 14, -1, 496, 288, 17.2, 33, Eprpa, 306, 28386, 49505, 1744, , 28386, 25000, 28517, 28674, 0, 
346, 1, 280, 295, -1, 339, 155, 8.9, 27, ABplpapaap, 114, 28257, 25657, 908, , 28257, 25000, 28598, 28581, 0, 
347, 1, 235, 135, -1, 281, 286, 20.2, 31, MSpaaapp, -147, 27073, 39635, 1464, , 27073, 25000, 28007, 28031, 0, 
348, 1, 120, 142, -1, 527, 217, 25.5, 34, Caaaap, 346, 27987, 47242, 1688, , 27987, 25000, 28519, 28535, 0, 
349, 1, 183, 243, -1, 382, 270, 10.5, 29, MSpapapp, 280, 39263, 42404, 1080, , 39263, 25000, 31622, 31191, 0, 
350, 1, 162, 165, -1, 383, 169, 26.4, 30, ABarppaaap, 443, 29180, 33732, 1156, , 29180, 25000, 28564, 28600, 0, 
351, 1, 56, 245, -1, 377, 374, 24.9, 24, ABarpppaaa, 209, 27445, 16577, 604, , 27445, 25000, 27389, 27487, 0, 
352, 1, 85, 110, -1, 270, 279, 11.4, 31, ABarapaapp, 310, 26658, 35509, 1332, , 26658, 25000, 28087, 28236, 0, 
353, 1, 34, 192, -1, 178, 183, 17.2, 27, ABalapaapp, 217, 27923, 24237, 868, , 27923, 25000, 27609, 27779, 0, 
354, 1, 201, 269, -1, 210, 193, 13.4, 26, MSapaaap, 123, 26415, 21977, 832, , 26415, 25000, 28332, 28335, 0, 
355, 1, 338, 335, -1, 356, 355, 24.5, 28, ABarpapppp, 257, 28471, 30749, 1080, , 28471, 25000, 28390, 28406, 0, 
356, 1, 370, 58, -1, 374, 150, 14.3, 28, Daap, 327, 27872, 29656, 1064, , 27872, 25000, 28837, 28895, 0, 
357, 1, 236, 230, -1, 294, 324, 5.9, 26, ABarappapa, 218, 34961, 27969, 800, , 34961, 25000, 35267, 35252, 0, 
358, 1, 248, 298, -1, 470, 180, 20.8, 29, Dappp, 287, 27894, 31018, 1112, , 27894, 25000, 27874, 27863, 0, 
359, 1, 37, 309, -1, 379, 182, 10.6, 27, MSaapppa, 190, 28219, 27880, 988, , 28219, 25000, 28504, 28509, 0, 
360, 1, 89, 224, -1, 275, 164, 25.8, 29, ABplaaapap, 264, 28423, 31606, 1112, , 28423, 25000, 28566, 28665, 0, 
361, 1, 303, 196, -1, 486, 158, 18.4, 28, Cappaa, 285, 27627, 27295, 988, , 27627, 25000, 28003, 27944, 0, 
362, 1, 249, 102, -1, 373, 315, 12.6, 26, MSpppaap, 241, 27399, 22796, 832, , 27399, 25000, 28355, 28472, 0, 
363, 1, 270, 143, -1, 598, 201, 19.0, 33, Caaapp, 338, 28026, 50671, 1808, , 28026, 25000, 27905, 27905, 0, 
364, 1, 200, 218, -1, 267, 301, 6.7, 27, ABarappaaa, 252, 32418, 29954, 924, , 32418, 25000, 32551, 32780, 0, 
365, 1, 261, 217, -1, 253, 229, 26.1, 29, ABplaaaapa, 265, 27460, 33172, 1208, , 27460, 25000, 28211, 28287, 0, 
366, 1, 75, 182, -1, 240, 322, 19.9, 27, MSppappa, 218, 27558, 25023, 908, , 27558, 25000, 27612, 27658, 0, 
367, 1, 373, 375, -1, 495, 174, 6.1, 25, ABplpppapa, 47, 33783, 21486, 636, , 33783, 25000, 35381, 35428, 0, 
368, 1, 319, 206, -1, 148, 335, 16.7, 29, ABalaapppa, 227, 27606, 29483, 1068, , 27606, 25000, 27413, 27487, 0, 
369, 1, 343, 244, -1, 462, 203, 11.3, 31, Capaap, 228, 27291, 37334, 1368, , 27291, 25000, 28871, 28922, 0, 
370, 1, 108, 253, -1, 509, 235, 6.2, 26, ABplpppppp, 225, 32678, 26012, 796, , 32678, 25000, 34882, 34817, 0, 
371, 1, 39, 308, -1, 221, 232, 13.8, 23, ABalpaapapp, 169, 28407, 15340, 540, , 28407, 25000, 28573, 28650, 0, 
372, 1, 147, 339, -1, 592, 309, 17.5, 29, ABarpppppp, -85, 27975, 30213, 1080, , 27975, 25000, 28403, 28403, 0, 
373, 1, 273, 233, -1, 320, 195, 21.4, 28, MSappppa, 163, 28294, 27954, 988, , 28294, 25000, 28168, 28245, 0, 
374, 1, 361, 376, -1, 170, 179, 12.8, 27, ABalppaaap, 129, 29018, 25188, 868, , 29018, 25000, 27734, 27758, 0, 
375, 1, 375, 377, -1, 231, 351, 11.0, 22, ABalaapapp, -136, 28078, 10782, 384, , 28078, 25000, 27496, 27544, 0, 
376, 1, 229, 314, -1, 583, 197, 11.5, 29, Caappd, 5, 27035, 29198, 1080, , 27035, 25000, 28635, 28715, 0, 
377, 1, 372, 370, -1, 174, 346, 12.8, 26, ABalaappap, 380, 27671, 22026, 796, , 27671, 25000, 27412, 27423, 0, 
378, 1, 376, 321, -1, 147, 251, 20.0, 25, ABalappaap, 44, 27338, 20886, 764, , 27338, 25000, 27432, 27526, 0, 
