1, 1, 326, 323, -1, 295, 360, 24.2, 28, ABarpappap, 38, 27913, 29364, 1052, , 27913, 25000, 27750, 27827, 0, 
2, 1, 277, 265, -1, 238, 323, 11.7, 27, MSppaaap, 262, 27936, 25813, 924, , 27936, 25000, 28706, 28770, 0, 
3, 1, 80, 293, -1, 471, 271, 19.6, 31, Eprap, 316, 27371, 36458, 1332, , 27371, 25000, 28044, 28082, 0, 
4, 1, 238, 202, -1, 244, 336, 23.9, 23, ABalappppp, 166, 27143, 13463, 496, , 27143, 25000, 28282, 28111, 0, 
5, 1, 116, 176, -1, 218, 283, 6.9, 26, ABarapaaaa, 257, 30215, 24172, 800, , 30215, 25000, 32709, 33112, 0, 
6, 1, 265, 218, -1, 229, 371, 14.5, 27, ABpraaaapa, 207, 28446, 25488, 896, , 28446, 25000, 27703, 27850, 0, 
7, 1, 324, 175, -1, 492, 343, 18.4, 31, Cpppaa, 299, 27211, 36245, 1332, , 27211, 25000, 28309, 28479, 0, 
8, 1, 102, 172, -1, 244, 237, 7.5, 27, ABalpappaa, 152, 28713, 25727, 896, , 28713, 25000, 31126, 31268, 0, 
9, 1, 244, 340, -1, 324, 322, 8.2, 27, ABprpapaaa, 254, 27910, 24226, 868, , 27910, 25000, 30056, 30131, 0, 
10, 1, 53, 252, -1, 536, 265, 10.1, 30, Cppppp, 307, 27856, 37773, 1356, , 27856, 25000, 28464, 28503, 0, 
11, 1, 28, 89, -1, 257, 373, 13.4, 28, ABprpaapaa, 209, 27954, 27619, 988, , 27954, 25000, 27967, 27937, 0, 
12, 1, 294, 44, -1, 277, 232, 6.6, 29, ABalpappap, 254, 32471, 37536, 1156, , 32471, 25000, 33080, 33541, 0, 
13, 0, 38, -1, -1, 379, 111, 14.8, 24, , 124, 42, 18372, 656, , 28006, 25000, 27958, 27964, 0, 
14, 1, 345, 63, -1, 494, 287, 16.7, 33, Eprpa, 331, 29336, 50928, 1736, , 29336, 25000, 28679, 28713, 0, 
15, 1, 214, 258, -1, 387, 354, 13.1, 30, Dpap, 275, 28647, 38846, 1356, , 28647, 25000, 28056, 28061, 0, 
16, 1, 108, 345, -1, 466, 194, 6.5, 28, ABplppppap, 249, 30560, 33005, 1080, , 30560, 25000, 32360, 32542, 0, 
17, 1, 64, 158, -1, 196, 147, 15.6, 28, ABalpppapa, -105, 28536, 28194, 988, , 28536, 25000, 28095, 28131, 0, 
18, 1, 176, 46, -1, 230, 290, 9.8, 30, ABarapaapa, 381, 28983, 38257, 1320, , 28983, 25000, 28599, 28756, 0, 
19, 0, 151, -1, -1, 215, 363, 10.4, 24, , 194, 787, 19695, 700, , 28136, 25000, 27329, 27349, 0, 
20, 1, 63, 173, -1, 312, 378, 11.5, 29, ABprpaaapp, 290, 28800, 31104, 1080, , 28800, 25000, 27684, 27698, 0, 
21, 1, 127, 195, -1, 161, 318, 9.8, 25, ABalaapaaa, 238, 27362, 19263, 704, , 27362, 25000, 28034, 28058, 0, 
22, 0, 159, -1, -1, 191, 147, 12.6, 24, , 290, 493, 19771, 700, , 28244, 25000, 27645, 27751, 0, 
23, 1, 156, 159, -1, 407, 305, 5.5, 25, ABprpapapp, 255, 36198, 27800, 768, , 36198, 25000, 34725, 34628, 0, 
24, 1, 163, 169, -1, 128, 243, 13.4, 26, ABalaaaarl, 215, 26321, 21899, 832, , 26321, 25000, 27238, 27227, 0, 
25, 1, 77, 146, -1, 571, 314, 9.5, 26, ABprappppa, 219, 27228, 24396, 896, , 27228, 25000, 28388, 28484, 0, 
26, 1, 259, 197, -1, 214, 311, 7.1, 25, ABaraaappp, 18, 29781, 18941, 636, , 29781, 25000, 32084, 32552, 0, 
27, 1, 54, 264, -1, 195, 187, 9.4, 27, ABalpaappp, 230, 27113, 26788, 988, , 27113, 25000, 27866, 27957, 0, 
28, 1, 122, 141, -1, 298, 145, 17.8, 28, ABplpaappa, 26, 26563, 27944, 1052, , 26563, 25000, 28615, 28632, 0, 
29, 1, 61, 88, -1, 525, 379, 16.0, 28, ABprappapp, 254, 27203, 30685, 1128, , 27203, 25000, 28012, 27990, 0, 
30, 1, 240, 72, -1, 243, 271, 5.4, 26, ABarapaaap, 114, 37095, 30863, 832, , 37095, 25000, 34488, 34829, 0, 
31, 1, 177, 24, -1, 466, 113, 16.4, 27, ABplappaap, 266, 27587, 27256, 988, , 27587, 25000, 27872, 27820, 0, 
32, 1, 119, 26, -1, 260, 279, 7.6, 28, ABarapapaa, 237, 29029, 28681, 988, , 29029, 25000, 30490, 30070, 0, 
33, 1, 76, 50, -1, 571, 343, 12.4, 28, ABprapappa, 149, 27454, 27125, 988, , 27454, 25000, 27532, 27596, 0, 
34, 1, 46, 37, -1, 177, 255, 15.5, 28, ABaraapaaa, 233, 27074, 29240, 1080, , 27074, 25000, 28047, 28150, 0, 
35, 1, 99, 185, -1, 310, 254, 6.5, 26, ABarapapap, 27, 34682, 31075, 896, , 34682, 25000, 33077, 33332, 0, 
36, 1, 104, 184, -1, 247, 370, 19.8, 28, ABpraapapa, 261, 27184, 28598, 1052, , 27184, 25000, 28058, 28153, 0, 
37, 1, 260, 76, -1, 513, 349, 7.8, 28, ABprpppaap, 241, 27837, 29285, 1052, , 27837, 25000, 30583, 30710, 0, 
38, 1, 66, 138, -1, 184, 294, 7.3, 26, ABaraaappa, 210, 30748, 26320, 856, , 30748, 25000, 32009, 32330, 0, 
39, 1, 223, 322, -1, 470, 259, 7.3, 27, ABprpapppp, 417, 28218, 26073, 924, , 28218, 25000, 31845, 32018, 0, 
40, 1, 274, 227, -1, 444, 392, 13.3, 28, ABprappaaa, 149, 28414, 30233, 1064, , 28414, 25000, 27893, 27906, 0, 
41, 1, 131, 15, -1, 265, 132, 13.6, 27, ABplpaaapa, 234, 28045, 27708, 988, , 28045, 25000, 27690, 27883, 0, 
42, 1, 111, 1, -1, 443, 404, 17.9, 28, ABprapaapp, 31, 27478, 29896, 1088, , 27478, 25000, 28555, 28561, 0, 
43, 1, 213, 62, -1, 270, 121, 19.9, 25, ABplaappaa, 256, 27642, 19018, 688, , 27642, 25000, 27884, 27943, 0, 
44, 1, 197, 352, -1, 456, 131, 23.0, 30, ABarppapap, 227, 27435, 36982, 1348, , 27435, 25000, 27756, 27778, 0, 
45, 1, 339, 31, -1, 532, 324, 17.2, 30, Cpppap, 221, 27208, 35914, 1320, , 27208, 25000, 28485, 28467, 0, 
46, 1, 68, 13, -1, 259, 359, 17.2, 27, ABpraaappa, 532, 27480, 23853, 868, , 27480, 25000, 28187, 28211, 0, 
47, 1, 18, 64, -1, 266, 347, 21.8, 29, ABpraapapp, 95, 27620, 30713, 1112, , 27620, 25000, 28177, 28289, 0, 
48, 1, 138, 223, -1, 470, 324, 10.5, 30, Cppaap, 302, 27427, 33790, 1232, , 27427, 25000, 28612, 28628, 0, 
49, 1, 9, 326, -1, 394, 237, 19.7, 32, Ealap, 301, 28503, 45149, 1584, , 28503, 25000, 28553, 28575, 0, 
50, 1, 48, 150, -1, 184, 237, 7.3, 28, ABalpaaaaa, 230, 28494, 30318, 1064, , 28494, 25000, 33671, 34211, 0, 
51, 1, 229, 9, -1, 151, 205, 10.0, 26, ABalaaaala, 135, 27032, 23031, 852, , 27032, 25000, 27897, 27919, 0, 
52, 1, 290, 261, -1, 302, 310, 25.6, 29, ABarpapapp, 277, 28364, 32789, 1156, , 28364, 25000, 28563, 28564, 0, 
53, 1, 170, 182, -1, 257, 225, 4.7, 28, ABalpapaap, 269, 33206, 35331, 1064, , 33206, 25000, 35698, 35717, 0, 
54, 1, 25, 2, -1, 481, 368, 8.6, 26, ABprppappp, 47, 28656, 23842, 832, , 28656, 25000, 28310, 28349, 0, 
55, 1, 206, 251, -1, 197, 307, 26.5, 30, ABarpapaaa, 257, 28563, 35189, 1232, , 28563, 25000, 28266, 28363, 0, 
56, 1, 178, 232, -1, 333, 341, 17.9, 27, MSppppap, 254, 27167, 24668, 908, , 27167, 25000, 28514, 28519, 0, 
57, 1, 245, 333, -1, 558, 240, 6.7, 28, Cpappv, 257, 32626, 34714, 1064, , 32626, 25000, 34310, 34636, 0, 
58, 1, 356, 328, -1, 372, 150, 14.4, 30, Daap, 244, 27956, 32317, 1156, , 27956, 25000, 28663, 28653, 0, 
59, 1, 153, 242, -1, 275, 231, 14.9, 28, ABaraapapp, -161, 29462, 32055, 1088, , 29462, 25000, 29181, 29233, 0, 
60, 1, 179, 334, -1, 192, 338, 8.7, 26, ABalaapaap, -139, 28921, 24756, 856, , 28921, 25000, 28251, 28306, 0, 
61, 1, 287, 112, -1, 218, 276, 25.8, 28, ABarpaaapa, 273, 27987, 29442, 1052, , 27987, 25000, 28094, 28152, 0, 
62, 1, 59, 99, -1, 392, 293, 18.4, 32, Earap, 307, 28218, 41876, 1484, , 28218, 25000, 28465, 28500, 0, 
63, 1, 291, 47, -1, 293, 278, 9.0, 27, ABarapappa, 233, 28567, 29481, 1032, , 28567, 25000, 28823, 28930, 0, 
64, 1, 295, 225, -1, 170, 209, 13.5, 25, MSapaaaa, 186, 27070, 20790, 768, , 27070, 25000, 28310, 28390, 0, 
65, 1, 215, 344, -1, 375, 199, 21.4, 30, MSappppp, 245, 28754, 33240, 1156, , 28754, 25000, 28868, 28879, 0, 
66, 1, 234, 90, -1, 499, 387, 19.3, 29, ABprappapa, 270, 27536, 29408, 1068, , 27536, 25000, 27578, 27590, 0, 
67, 1, 174, 38, -1, 569, 163, 12.2, 26, ABplapappp, -99, 27661, 22018, 796, , 27661, 25000, 28176, 28164, 0, 
68, 1, 47, 363, -1, 359, 335, 8.4, 27, ABprpapaap, 231, 28744, 28399, 988, , 28744, 25000, 28683, 28651, 0, 
69, 1, 52, 123, -1, 475, 344, 6.9, 30, ABprpppaaa, 237, 30178, 40922, 1356, , 30178, 25000, 32271, 32808, 0, 
70, 1, 280, 129, -1, 550, 163, 8.6, 25, ABplappppa, 231, 26976, 22444, 832, , 26976, 25000, 28282, 28277, 0, 
71, 1, 78, 351, -1, 252, 151, 11.7, 28, ABplpaaaaa, 278, 27368, 29120, 1064, , 27368, 25000, 27754, 27629, 0, 
72, 1, 275, 325, -1, 382, 263, 5.5, 28, ABprpappap, 284, 35891, 38762, 1080, , 35891, 25000, 33720, 33760, 0, 
73, 1, 308, 368, -1, 324, 188, 13.8, 26, MSappaaa, 260, 28670, 22821, 796, , 28670, 25000, 28386, 28432, 0, 
74, 1, 329, 130, -1, 458, 156, 7.9, 27, ABplpppaaa, 247, 28496, 25874, 908, , 28496, 25000, 30279, 30423, 0, 
75, 1, 236, 79, -1, 388, 148, 7.9, 25, ABplppaapa, 216, 28772, 18299, 636, , 28772, 25000, 30063, 30362, 0, 
76, 1, 44, 314, -1, 271, 227, 9.9, 28, ABalpapppa, 244, 27324, 29728, 1088, , 27324, 25000, 28445, 28562, 0, 
77, 1, 248, 281, -1, 251, 394, 17.0, 28, ABpraaaapp, 242, 28543, 32196, 1128, , 28543, 25000, 27666, 27700, 0, 
78, 1, 166, 58, -1, 184, 282, 12.8, 27, ABaraaapaa, 78, 28092, 24384, 868, , 28092, 25000, 27975, 28072, 0, 
79, 1, 242, 142, -1, 181, 210, 8.1, 27, ABalpaappa, 237, 29517, 26801, 908, , 29517, 25000, 30156, 30615, 0, 
80, 1, 105, 170, -1, 356, 272, 8.6, 26, ABarapapppp, 199, 27561, 22931, 832, , 27561, 25000, 29070, 29058, 0, 
81, 1, 34, 113, -1, 189, 166, 10.3, 25, ABalaaaalp, 210, 26404, 20173, 764, , 26404, 25000, 27488, 27517, 0, 
82, 1, 82, 61, -1, 274, 339, 14.7, 27, MSppapap, 226, 27426, 25342, 924, , 27426, 25000, 27852, 27927, 0, 
83, 1, 285, 205, -1, 440, 174, 10.8, 26, MSaapppp, 207, 28508, 22692, 796, , 28508, 25000, 28649, 28568, 0, 
84, 1, 193, 16, -1, 186, 305, 23.5, 28, ABalapppap, 230, 28847, 31155, 1080, , 28847, 25000, 29077, 29090, 0, 
85, 1, 187, 275, -1, 602, 260, 12.8, 30, Cpappd, 280, 26999, 35639, 1320, , 26999, 25000, 28618, 28636, 0, 
86, 1, 150, 162, -1, 415, 160, 7.6, 25, ABplppaapp, 81, 28165, 23433, 832, , 28165, 25000, 30291, 30436, 0, 
87, 1, 94, 25, -1, 431, 109, 19.2, 27, ABplapaapp, 127, 27447, 23824, 868, , 27447, 25000, 28303, 28308, 0, 
88, 1, 107, 235, -1, 246, 222, 15.4, 31, ABaraapapa, -203, 28062, 37379, 1332, , 28062, 25000, 27824, 27703, 0, 
89, 1, 1, 108, -1, 217, 149, 11.9, 26, ABalppaapp, 248, 27290, 21832, 800, , 27290, 25000, 27559, 27572, 0, 
90, 1, 121, 18, -1, 434, 135, 9.4, 27, ABplppappa, 240, 27667, 27335, 988, , 27667, 25000, 28242, 28233, 0, 
91, 1, 103, 180, 379, 295, 369, 19.4, 31, ABpraaappp, 164, 26408, 35176, 1332, , 26408, 25000, 27715, 27733, 0, 
92, 0, 84, -1, -1, 151, 176, 11.7, 24, , 368, 362, 19797, 704, , 28121, 25000, 27611, 27759, 0, 
93, 1, 155, 248, -1, 444, 281, 25.6, 34, Cpaaaa, 345, 27076, 48195, 1780, , 27076, 25000, 27914, 27902, 0, 
94, 1, 20, 200, -1, 207, 246, 16.5, 28, ABaraapaap, 171, 28208, 30465, 1080, , 28208, 25000, 28389, 28539, 0, 
95, 1, 16, 55, -1, 303, 295, 5.5, 24, ABarappaap, 225, 35122, 26974, 768, , 35122, 25000, 34638, 34649, 0, 
96, 1, 152, 191, -1, 283, 242, 21.8, 28, MSaaaapp, 273, 27902, 29353, 1052, , 27902, 25000, 28410, 28413, 0, 
97, 1, 57, 152, -1, 523, 320, 6.5, 29, ABprpppapa, 216, 34635, 37406, 1080, , 34635, 25000, 34430, 34715, 0, 
98, 1, 123, 105, -1, 543, 201, 6.6, 25, ABplappppp, 233, 35100, 29203, 832, , 35100, 25000, 35196, 35196, 0, 
99, 1, 67, 171, -1, 589, 296, 11.6, 27, ABprapappp, -182, 27027, 26703, 988, , 27027, 25000, 28444, 28410, 0, 
100, 1, 26, 7, -1, 297, 287, 14.0, 28, ABaraapppp, 197, 28709, 32384, 1128, , 28709, 25000, 29450, 29157, 0, 
101, 1, 344, 313, -1, 235, 159, 17.3, 30, ABalpppppa, 256, 27869, 36453, 1308, , 27869, 25000, 27906, 28047, 0, 
102, 1, 362, 253, -1, 377, 311, 12.3, 26, MSpppaap, 229, 28018, 23983, 856, , 28018, 25000, 28481, 28461, 0, 
103, 1, 249, 34, -1, 427, 376, 24.0, 31, ABarppppaa, 289, 26657, 42118, 1580, , 26657, 25000, 28036, 28048, 0, 
104, 1, 273, 289, -1, 518, 361, 11.5, 26, ABprapppaa, 72, 28271, 25331, 896, , 28271, 25000, 27458, 27476, 0, 
105, 1, 333, 286, -1, 476, 231, 16.7, 31, Eplap, 304, 27740, 37948, 1368, , 27740, 25000, 28573, 28644, 0, 
106, 1, 254, 107, -1, 555, 359, 14.8, 27, ABprapapap, 271, 27501, 23871, 868, , 27501, 25000, 27401, 27411, 0, 
107, 1, 317, 246, -1, 166, 246, 12.7, 28, ABalpaapaa, 267, 26983, 28710, 1064, , 26983, 25000, 28688, 29023, 0, 
108, 1, 19, 307, -1, 525, 348, 22.3, 30, ABarpppppa, 279, 27147, 35508, 1308, , 27147, 25000, 28220, 28220, 0, 
109, 1, 283, 274, -1, 342, 234, 10.4, 27, ABalpappppp, 273, 28326, 27986, 988, , 28326, 25000, 29317, 29217, 0, 
110, 1, 352, 198, -1, 272, 279, 11.4, 32, ABarapaapp, 291, 26985, 40045, 1484, , 26985, 25000, 28353, 28494, 0, 
111, 1, 220, 110, -1, 164, 289, 17.4, 27, MSpaaaaa, -134, 27686, 27354, 988, , 27686, 25000, 27943, 28103, 0, 
112, 1, 17, 199, -1, 272, 349, 10.5, 29, ABprpaaaaa, -57, 27742, 29961, 1080, , 27742, 25000, 28154, 28193, 0, 
113, 1, 118, 65, -1, 298, 248, 18.3, 29, MSaaapp, 283, 26485, 28286, 1068, , 26485, 25000, 29066, 28938, 0, 
114, 1, 43, 194, -1, 563, 283, 7.7, 26, ABprappppp, 263, 29033, 24852, 856, , 29033, 25000, 30677, 30733, 0, 
115, 1, 297, 177, -1, 334, 157, 13.1, 28, MSappap, 248, 26960, 29332, 1088, , 26960, 25000, 28093, 27958, 0, 
116, 1, 22, 30, -1, 210, 160, 23.7, 30, ABplaapaap, 274, 26580, 34767, 1308, , 26580, 25000, 28179, 28306, 0, 
117, 1, 33, 270, -1, 200, 355, 13.2, 26, ABpraaaaaa, 957, 26583, 21160, 796, , 26583, 25000, 27496, 27614, 0, 
118, 1, 292, 193, -1, 340, 348, 6.0, 27, ABarappapp, 74, 36492, 37660, 1032, , 36492, 25000, 35952, 36247, 0, 
119, 1, 13, 85, -1, 223, 365, 22.7, 30, ABpraapaap, 624, 28182, 36862, 1308, , 28182, 25000, 27993, 28026, 0, 
120, 1, 336, 104, -1, 452, 298, 5.6, 27, ABprppppaa, 243, 34855, 34437, 988, , 34855, 25000, 34901, 35025, 0, 
121, 1, 235, 236, -1, 535, 206, 10.4, 28, Capppp, 284, 27576, 27245, 988, , 27576, 25000, 28580, 28650, 0, 
122, 0, 23, -1, -1, 509, 198, 6.8, 25, , 180, -539, 23251, 704, , 33027, 25000, 33533, 33566, 0, 
123, 1, 305, 91, -1, 377, 176, 7.4, 28, ABplpapapa, 218, 28514, 28172, 988, , 28514, 25000, 31860, 31958, 0, 
124, 1, 93, 52, -1, 393, 116, 17.6, 30, ABplaapppp, 118, 28591, 33051, 1156, , 28591, 25000, 28450, 28468, 0, 
125, 1, 71, 346, -1, 496, 340, 14.9, 30, Cppapa, 291, 27240, 36938, 1356, , 27240, 25000, 29069, 29164, 0, 
126, 1, 307, 299, -1, 405, 193, 6.4, 27, ABplpapapp, 233, 33363, 32963, 988, , 33363, 25000, 32376, 32545, 0, 
127, 1, 51, 291, -1, 401, 378, 20.9, 28, ABprapaaap, 56, 27758, 30201, 1088, , 27758, 25000, 28064, 28201, 0, 
128, 1, 115, 28, -1, 488, 126, 20.9, 29, ABplappapa, 255, 27669, 33424, 1208, , 27669, 25000, 27252, 27261, 0, 
129, 1, 95, 21, -1, 232, 246, 19.3, 29, MSaaapaa, 261, 27278, 29133, 1068, , 27278, 25000, 27959, 27988, 0, 
130, 1, 276, 135, -1, 304, 176, 24.7, 28, ABplaaappa, 264, 27826, 29607, 1064, , 27826, 25000, 28684, 28685, 0, 
131, 1, 253, 103, -1, 459, 350, 24.6, 30, ABarpppapp, 252, 27419, 31696, 1156, , 27419, 25000, 28057, 28098, 0, 
132, 1, 137, 229, -1, 306, 406, 18.1, 28, ABpraappaa, 222, 26404, 28728, 1088, , 26404, 25000, 27462, 27540, 0, 
133, 1, 55, 156, -1, 214, 130, 17.6, 28, ABalpppapp, 236, 27122, 26797, 988, , 27122, 25000, 27602, 27666, 0, 
134, 1, 195, 42, -1, 437, 297, 9.2, 27, MSpapppp, 230, 27149, 23565, 868, , 27149, 25000, 28492, 28557, 0, 
135, 1, 347, 294, -1, 282, 285, 20.1, 29, MSpaaapp, -128, 27786, 33566, 1208, , 27786, 25000, 27972, 28103, 0, 
136, 1, 298, 155, -1, 265, 336, 8.1, 29, ABarappppa, 293, 28457, 34376, 1208, , 28457, 25000, 29764, 28950, 0, 
137, 1, 210, 250, -1, 218, 370, 18.5, 27, ABpraaapap, 273, 27321, 24480, 896, , 27321, 25000, 28351, 28482, 0, 
138, 1, 258, 35, -1, 410, 406, 20.2, 28, ABprapaapa, 224, 27037, 28443, 1052, , 27037, 25000, 27386, 27369, 0, 
139, 1, 110, 86, -1, 346, 277, 4.5, 30, ABprpappaa, 301, 34791, 42863, 1232, , 34791, 25000, 33786, 33783, 0, 
140, 1, 165, 240, -1, 163, 276, 24.1, 29, ABarpaaaaa, 289, 29466, 35595, 1208, , 29466, 25000, 28377, 28368, 0, 
141, 1, 114, 17, -1, 370, 370, 21.5, 29, ABprapaaaa, 268, 27872, 30102, 1080, , 27872, 25000, 27924, 28024, 0, 
142, 1, 348, 22, -1, 518, 218, 25.4, 33, Caaaap, 332, 28817, 47260, 1640, , 28817, 25000, 28300, 28274, 0, 
143, 1, 363, 201, -1, 598, 203, 19.4, 33, Caaapp, 329, 27845, 45666, 1640, , 27845, 25000, 27830, 27830, 0, 
144, 1, 98, 40, -1, 404, 339, 6.6, 26, ABprppaapa, 96, 33357, 27753, 832, , 33357, 25000, 32804, 32845, 0, 
145, 1, 125, 348, -1, 289, 233, 26.0, 29, ABplaaaapp, 285, 27805, 34144, 1228, , 27805, 25000, 28563, 28592, 0, 
146, 1, 135, 96, -1, 264, 162, 9.2, 28, ABalppappa, 261, 27787, 29232, 1052, , 27787, 25000, 28514, 28685, 0, 
147, 1, 27, 33, -1, 433, 117, 15.4, 28, ABplappaaa, 135, 28088, 27751, 988, , 28088, 25000, 28004, 27991, 0, 
148, 1, 39, 106, -1, 223, 175, 8.1, 26, ABalppapaa, 26, 28911, 23129, 800, , 28911, 25000, 30247, 30305, 0, 
149, 1, 21, 337, -1, 342, 161, 23.4, 31, ABplapaaaa, 266, 27685, 36877, 1332, , 27685, 25000, 28496, 28538, 0, 
150, 1, 50, 147, -1, 381, 121, 22.1, 26, ABplapaapa, 237, 28115, 22492, 800, , 28115, 25000, 28854, 28889, 0, 
151, 1, 24, 231, -1, 285, 396, 14.0, 25, ABprpaapap, -18, 26746, 20434, 764, , 26746, 25000, 27339, 27311, 0, 
152, 1, 30, 300, -1, 287, 151, 22.1, 28, ABalppppppp, 280, 27321, 29725, 1088, , 27321, 25000, 27999, 27957, 0, 
153, 1, 158, 133, -1, 414, 235, 5.6, 28, ABplpapppa, 259, 36737, 36296, 988, , 36737, 25000, 33497, 33675, 0, 
154, 1, 3, 371, -1, 216, 276, 12.3, 28, ABaraaapap, 277, 26670, 28377, 1064, , 26670, 25000, 27971, 27970, 0, 
155, 1, 284, 84, -1, 294, 134, 13.5, 30, ABplpaaapp, 248, 27124, 33417, 1232, , 27124, 25000, 27850, 28072, 0, 
156, 1, 232, 59, -1, 489, 148, 7.7, 26, ABplpppaap, -241, 31119, 26638, 856, , 31119, 25000, 30454, 30655, 0, 
157, 1, 343, 282, -1, 177, 256, 26.3, 29, ABarpaaaap, 200, 28534, 30474, 1068, , 28534, 25000, 28614, 28534, 0, 
158, 1, 72, 312, -1, 189, 252, 21.3, 31, MSaaaaap, 391, 27616, 37779, 1368, , 27616, 25000, 27611, 27486, 0, 
159, 1, 58, 238, -1, 311, 132, 10.6, 29, ABplpaaaap, 254, 27339, 31604, 1156, , 27339, 25000, 27872, 27866, 0, 
160, 1, 252, 36, -1, 525, 133, 15.3, 27, ABplapapap, -9, 27723, 25616, 924, , 27723, 25000, 28051, 27970, 0, 
161, 1, 188, 165, -1, 181, 246, 10.4, 27, ABalpaapapa, 245, 28481, 28139, 988, , 28481, 25000, 28790, 28984, 0, 
162, 1, 247, 354, -1, 357, 348, 12.8, 27, MSpppapp, 201, 27944, 24255, 868, , 27944, 25000, 28116, 28215, 0, 
163, 1, 101, 234, -1, 348, 120, 18.2, 29, ABplaapppa, 390, 27928, 31056, 1112, , 27928, 25000, 28061, 28071, 0, 
164, 1, 202, 207, -1, 238, 205, 21.7, 28, MSapappa, 211, 27701, 29474, 1064, , 27701, 25000, 28258, 28254, 0, 
165, 1, 350, 276, -1, 375, 170, 26.4, 30, ABarppaaap, 291, 29523, 34129, 1156, , 29523, 25000, 28758, 28783, 0, 
166, 1, 181, 125, -1, 389, 346, 26.2, 30, ABarpppaap, 263, 28342, 37411, 1320, , 28342, 25000, 28373, 28483, 0, 
167, 1, 97, 187, -1, 293, 148, 8.5, 27, ABalppappp, 145, 28431, 25474, 896, , 28431, 25000, 29696, 29746, 0, 
168, 1, 222, 73, -1, 336, 243, 19.7, 33, Ealaa, -213, 27914, 48458, 1736, , 27914, 25000, 29175, 29216, 0, 
169, 1, 334, 95, -1, 224, 317, 25.4, 28, ABarpapaap, 281, 27656, 27324, 988, , 27656, 25000, 27553, 27420, 0, 
170, 1, 322, 60, -1, 481, 391, 14.9, 28, ABprappaap, 375, 26741, 29094, 1088, , 26741, 25000, 28286, 28280, 0, 
171, 0, 314, -1, -1, 158, 239, 23.6, 23, , 12, 2260, 19450, 640, , 30391, 25000, 28153, 28131, 0, 
172, 1, 113, 153, -1, 200, 376, 15.2, 25, ABpraaaaap, 234, 27203, 19151, 704, , 27203, 25000, 27464, 27370, 0, 
173, 1, 335, 268, -1, 491, 284, 7.2, 27, ABprpppppa, 227, 28988, 25162, 868, , 28988, 25000, 31206, 31386, 0, 
174, 1, 85, 41, -1, 130, 226, 18.3, 26, ABalapaaaa, 203, 27502, 23542, 856, , 27502, 25000, 27323, 27353, 0, 
175, 1, 246, 357, -1, 178, 347, 16.5, 28, ABalaapppp, 123, 27405, 29597, 1080, , 27405, 25000, 27474, 27617, 0, 
176, 1, 144, 330, -1, 198, 318, 11.9, 25, MSppaaaa, 207, 27446, 18883, 688, , 27446, 25000, 28160, 28186, 0, 
177, 1, 106, 161, -1, 216, 291, 20.3, 32, MSpaaaap, 308, 26852, 42534, 1584, , 26852, 25000, 27761, 27777, 0, 
178, 1, 60, 266, -1, 222, 213, 5.7, 27, ABalpapaaa, 62, 38344, 35430, 924, , 38344, 25000, 38538, 38931, 0, 
179, 1, 286, 295, -1, 306, 356, 7.7, 27, ABarappppp, 15, 28212, 26068, 924, , 28212, 25000, 29872, 30129, 0, 
180, 1, 201, 115, -1, 456, 280, 11.5, 34, Z2, 349, 27677, 46719, 1688, , 27677, 25000, 28718, 28776, 0, 
181, 1, 227, 204, -1, 382, 380, 9.2, 28, ABprppapaa, 251, 27737, 29179, 1052, , 27737, 25000, 28231, 28227, 0, 
182, 1, 366, 53, -1, 240, 325, 19.8, 28, MSppappa, 211, 26390, 27762, 1052, , 26390, 25000, 28076, 28134, 0, 
183, 1, 167, 151, -1, 547, 145, 19.5, 29, ABplapapaa, 295, 29448, 31804, 1080, , 29448, 25000, 27900, 27873, 0, 
184, 1, 65, 54, -1, 189, 220, 26.4, 28, ABplaaaaaa, 116, 27749, 27416, 988, , 27749, 25000, 28270, 28219, 0, 
185, 1, 130, 347, -1, 412, 140, 24.4, 30, ABarppapaa, 302, 28581, 33040, 1156, , 28581, 25000, 27893, 27895, 0, 
186, 1, 14, 132, -1, 298, 324, 11.8, 29, MSppaap, 218, 28112, 31260, 1112, , 28112, 25000, 28033, 28093, 0, 
187, 1, 90, 4, -1, 148, 267, 14.7, 26, ABaraaaapa, 235, 26696, 22852, 856, , 26696, 25000, 27691, 27662, 0, 
188, 1, 309, 69, -1, 513, 146, 11.6, 27, ABplapppaa, 243, 27577, 27246, 988, , 27577, 25000, 28154, 28052, 0, 
189, 1, 69, 190, -1, 476, 210, 26.3, 34, Caaaaa, 341, 28435, 53571, 1884, , 28435, 25000, 28150, 28139, 0, 
190, 1, 323, 358, -1, 317, 264, 25.4, 30, ABarpaapap, 305, 29183, 33736, 1156, , 29183, 25000, 28424, 28429, 0, 
191, 1, 117, 127, -1, 482, 165, 14.6, 29, Capapa, 189, 28110, 32495, 1156, , 28110, 25000, 28237, 28239, 0, 
192, 1, 353, 81, -1, 181, 185, 17.3, 28, ABalapaapp, 265, 27778, 29556, 1064, , 27778, 25000, 28217, 28350, 0, 
193, 1, 4, 83, -1, 316, 117, 14.6, 28, ABplpaappp, 279, 27416, 27087, 988, , 27416, 25000, 27722, 27885, 0, 
194, 1, 136, 19, -1, 480, 124, 10.5, 27, ABplppappp, 337, 27617, 24745, 896, , 27617, 25000, 27910, 27906, 0, 
195, 1, 313, 271, -1, 437, 286, 16.4, 32, Earpp, 303, 28356, 42080, 1484, , 28356, 25000, 29045, 29057, 0, 
196, 1, 361, 349, -1, 483, 160, 18.4, 29, Cappaa, 284, 26951, 31155, 1156, , 26951, 25000, 27939, 28039, 0, 
197, 1, 216, 178, -1, 315, 224, 16.2, 29, MSaapaap, 288, 34787, 38683, 1112, , 34787, 25000, 30482, 30469, 0, 
198, 1, 126, 338, -1, 335, 285, 14.5, 30, MSpapaap, 307, 37963, 46770, 1232, , 37963, 25000, 31750, 31201, 0, 
199, 0, 86, -1, -1, 87, 263, 16.7, 29, , 275, 3156, 32461, 1068, , 30394, 25000, 27298, 27238, 0, 
200, 1, 31, 116, -1, 244, 157, 14.6, 27, ABplpaapaa, 272, 28064, 27727, 988, , 28064, 25000, 28190, 28307, 0, 
201, 1, 331, 315, -1, 537, 336, 10.6, 27, ABprapppap, 66, 27863, 27529, 988, , 27863, 25000, 27903, 27887, 0, 
202, 1, 289, 378, -1, 360, 212, 6.4, 25, ABplpappaap, 204, 33416, 27802, 832, , 33416, 25000, 34283, 34283, 0, 
203, 1, 160, 239, -1, 209, 346, 16.8, 26, ABpraaapaa, 398, 27442, 21844, 796, , 27442, 25000, 27873, 28025, 0, 
204, 1, 183, 221, -1, 188, 158, 19.3, 29, ABalppppaa, 270, 27344, 29203, 1068, , 27344, 25000, 27600, 27632, 0, 
205, 1, 200, 210, -1, 569, 148, 16.3, 29, ABarppappp, 272, 26836, 28661, 1068, , 26836, 25000, 28285, 28294, 0, 
206, 1, 368, 70, -1, 152, 333, 16.6, 28, ABalaapppa, 743, 27481, 27151, 988, , 27481, 25000, 27596, 27571, 0, 
207, 1, 91, 273, -1, 130, 307, 17.4, 27, ABalaaappl, 477, 26606, 26287, 988, , 26606, 25000, 27202, 27226, 0, 
208, 1, 282, 144, -1, 547, 136, 11.8, 28, ABplapappa, 246, 27350, 28772, 1052, , 27350, 25000, 27750, 27656, 0, 
209, 1, 161, 23, -1, 417, 181, 20.7, 30, Dappa, 285, 26761, 35003, 1308, , 26761, 25000, 28413, 28402, 0, 
210, 1, 218, 188, -1, 123, 263, 16.6, 28, ABalaaapar, 211, 27363, 27035, 988, , 27363, 25000, 27258, 27283, 0, 
211, 1, 134, 3, -1, 410, 131, 11.3, 27, ABplppapap, 223, 26791, 24755, 924, , 26791, 25000, 27997, 28101, 0, 
212, 1, 269, 298, -1, 168, 340, 19.5, 29, ABalappapp, 268, 26425, 28539, 1080, , 26425, 25000, 27489, 27564, 0, 
213, 1, 194, 296, -1, 255, 123, 17.0, 26, ABplpaapap, 153, 27264, 23229, 852, , 27264, 25000, 28364, 28446, 0, 
214, 1, 79, 87, -1, 442, 366, 7.9, 27, ABprppappa, 248, 28688, 26049, 908, , 28688, 25000, 30376, 30562, 0, 
215, 1, 263, 279, -1, 312, 113, 19.7, 28, ABplaappap, 284, 27280, 29026, 1064, , 27280, 25000, 28078, 28058, 0, 
216, 1, 338, 219, -1, 559, 346, 18.9, 28, ABprapapaa, 189, 27233, 29630, 1088, , 27233, 25000, 28048, 28045, 0, 
217, 1, 365, 290, -1, 255, 229, 25.9, 29, ABplaaaapa, 259, 27931, 33741, 1208, , 27931, 25000, 28184, 28129, 0, 
218, 1, 364, 117, -1, 266, 304, 6.5, 27, ABarappaaa, -10, 34251, 30689, 896, , 34251, 25000, 33084, 33431, 0, 
219, 1, 189, 43, -1, 345, 117, 11.6, 27, ABplppaaaa, 214, 27296, 26968, 988, , 27296, 25000, 27821, 27726, 0, 
220, 1, 293, 331, -1, 239, 186, 11.5, 24, MSapaapa, 171, 27953, 21468, 768, , 27953, 25000, 28317, 28224, 0, 
221, 1, 112, 77, -1, 186, 345, 24.2, 29, ABpraapaaa, 273, 27000, 30024, 1112, , 27000, 25000, 28031, 28062, 0, 
222, 1, 262, 12, -1, 271, 273, 26.1, 28, ABarpaapaa, 222, 27356, 29763, 1088, , 27356, 25000, 28399, 28399, 0, 
223, 1, 8, 100, -1, 255, 179, 6.8, 27, ABalppapap, 248, 34273, 29749, 868, , 34273, 25000, 36294, 37010, 0, 
224, 1, 360, 80, -1, 274, 161, 25.5, 30, ABplaaapap, 263, 28047, 34554, 1232, , 28047, 25000, 27867, 28073, 0, 
225, 1, 342, 160, -1, 378, 118, 10.9, 27, ABplppapaa, 70, 28035, 25456, 908, , 28035, 25000, 27827, 27822, 0, 
226, 1, 96, 318, -1, 213, 164, 20.5, 30, ABalppppap, 165, 27347, 33691, 1232, , 27347, 25000, 27575, 27765, 0, 
227, 1, 88, 283, -1, 356, 277, 24.5, 29, ABarpaappa, 298, 29368, 31717, 1080, , 29368, 25000, 28323, 28320, 0, 
228, 1, 49, 306, -1, 418, 378, 9.5, 26, ABprppapap, 272, 27621, 24748, 896, , 27621, 25000, 28275, 28409, 0, 
229, 1, 196, 27, -1, 186, 195, 21.5, 28, ABalapappa, 300, 27037, 29200, 1080, , 27037, 25000, 28139, 28152, 0, 
230, 1, 357, 124, -1, 299, 326, 5.6, 26, ABarappapa, -59, 36207, 30124, 832, , 36207, 25000, 35048, 34915, 0, 
231, 1, 132, 272, -1, 359, 261, 12.1, 26, MSpapapa, 211, 37411, 29929, 800, , 37411, 25000, 30236, 30014, 0, 
232, 1, 271, 98, -1, 496, 118, 15.9, 27, ABplappapp, 231, 26522, 24082, 908, , 26522, 25000, 27939, 27947, 0, 
233, 1, 373, 375, -1, 311, 196, 21.3, 27, MSappppa, 260, 27793, 25681, 924, , 27793, 25000, 27768, 27666, 0, 
234, 1, 172, 364, -1, 262, 156, 18.5, 25, ABalppppppa, -129, 28848, 22155, 768, , 28848, 25000, 27704, 27714, 0, 
235, 1, 318, 114, 196, 370, 352, 16.5, 30, Dpaa, 298, 26959, 33213, 1232, , 26959, 25000, 28641, 28564, 0, 
236, 1, 192, 373, -1, 247, 235, 11.3, 28, ABalpaaapp, 220, 28075, 29872, 1064, , 28075, 25000, 27949, 28090, 0, 
237, 1, 332, 183, -1, 534, 183, 15.4, 30, Capppa, 270, 26776, 30953, 1156, , 26776, 25000, 28685, 28745, 0, 
238, 1, 341, 260, -1, 287, 183, 12.5, 26, MSapaapp, 215, 27012, 24203, 896, , 27012, 25000, 28037, 28039, 0, 
239, 1, 264, 126, -1, 314, 378, 16.1, 28, ABprpaappa, 44, 27256, 29654, 1088, , 27256, 25000, 27802, 27879, 0, 
240, 1, 148, 56, -1, 213, 189, 24.4, 27, ABalapappp, 268, 26820, 26498, 988, , 26820, 25000, 27995, 28137, 0, 
241, 1, 45, 262, -1, 292, 187, 6.5, 28, ABalpapapa, 280, 35914, 38787, 1080, , 35914, 25000, 35507, 35603, 0, 
242, 1, 266, 259, -1, 450, 233, 5.5, 28, ABplpapppp, 246, 36747, 39687, 1080, , 36747, 25000, 34343, 34506, 0, 
243, 1, 349, 360, -1, 386, 270, 10.7, 28, MSpapapp, -124, 38363, 40818, 1064, , 38363, 25000, 31201, 30949, 0, 
244, 1, 369, 5, -1, 465, 200, 11.5, 30, Capaap, 243, 27573, 33970, 1232, , 27573, 25000, 28102, 28186, 0, 
245, 1, 351, 186, -1, 378, 376, 25.0, 25, ABarpppaaa, 234, 26601, 20323, 764, , 26601, 25000, 27366, 27292, 0, 
246, 1, 251, 140, -1, 356, 400, 17.1, 30, ABpraapppa, -85, 26445, 35859, 1356, , 26445, 25000, 28519, 28519, 0, 
247, 1, 219, 121, -1, 219, 224, 9.8, 25, ABalpaaapa, 251, 27919, 19655, 704, , 27919, 25000, 28631, 28674, 0, 
248, 1, 296, 102, -1, 134, 204, 13.8, 26, ABalaaapal, -484, 27912, 22218, 796, , 27912, 25000, 27599, 27588, 0, 
249, 1, 184, 244, -1, 423, 244, 8.8, 30, MSpappa, 292, 27089, 35758, 1320, , 27089, 25000, 28643, 28691, 0, 
250, 1, 319, 29, -1, 374, 313, 6.6, 27, ABprpapapa, 273, 33391, 32990, 988, , 33391, 25000, 33328, 33430, 0, 
251, 1, 128, 367, -1, 557, 306, 14.3, 31, Cppppa, 132, 27156, 37149, 1368, , 27156, 25000, 28074, 28085, 0, 
252, 1, 124, 97, -1, 224, 287, 16.5, 27, ABaraappap, 255, 28989, 25974, 896, , 28989, 25000, 28318, 28309, 0, 
253, 1, 370, 216, -1, 513, 239, 6.4, 28, ABplpppppp, 233, 32377, 31988, 988, , 32377, 25000, 34509, 34629, 0, 
254, 1, 175, 269, -1, 278, 377, 11.5, 27, ABprpaaapa, 67, 27150, 24326, 896, , 27150, 25000, 27605, 27678, 0, 
255, 0, 12, -1, -1, 254, 301, 26.1, 24, , -113, 96, 17139, 604, , 28376, 25000, 28171, 28280, 0, 
256, 1, 312, 163, -1, 435, 161, 14.8, 28, Capaaa, 258, 27482, 28911, 1052, , 27482, 25000, 28140, 28140, 0, 
257, 1, 288, 71, -1, 226, 339, 8.0, 26, ABarapppaa, 52, 28189, 24017, 852, , 28189, 25000, 29792, 29779, 0, 
258, 1, 142, 319, -1, 384, 242, 25.7, 33, ABarpaappp, 332, 28026, 48654, 1736, , 28026, 25000, 28346, 28364, 0, 
259, 1, 315, 365, -1, 214, 241, 7.0, 25, ABalpaaaap, 157, 30031, 22944, 764, , 30031, 25000, 33026, 33058, 0, 
260, 1, 289, 310, -1, 318, 222, 6.3, 25, ABplpappaaa, 161, 32713, 24993, 764, , 32713, 25000, 34622, 34593, 0, 
261, 1, 173, 237, -1, 226, 254, 23.0, 28, MSaaaapa, 248, 27492, 31011, 1128, , 27492, 25000, 28062, 28086, 0, 
262, 1, 42, 131, -1, 350, 388, 9.8, 27, ABprppaaaa, 245, 28291, 24557, 868, , 28291, 25000, 27813, 27853, 0, 
263, 0, 75, -1, -1, 161, 333, 12.1, 23, , 199, -1095, 13160, 496, , 26532, 25000, 27355, 27627, 0, 
264, 1, 164, 78, -1, 477, 225, 7.6, 27, ABplpppppa, 232, 29032, 28684, 988, , 29032, 25000, 30796, 30747, 0, 
265, 1, 11, 320, -1, 328, 313, 11.3, 25, MSpppaaa, 191, 27022, 20645, 764, , 27022, 25000, 28505, 28458, 0, 
266, 1, 74, 66, -1, 343, 334, 20.6, 28, MSppppp, 282, 28176, 27838, 988, , 28176, 25000, 28171, 28258, 0, 
267, 1, 5, 224, -1, 253, 159, 23.1, 32, ABplaapapp, 456, 27202, 42870, 1576, , 27202, 25000, 27991, 27967, 0, 
268, 1, 233, 93, -1, 368, 238, 15.7, 31, Ealpa, 306, 28153, 38513, 1368, , 28153, 25000, 29890, 29897, 0, 
269, 1, 354, 343, -1, 210, 191, 13.2, 27, MSapaaap, 221, 27041, 23472, 868, , 27041, 25000, 28169, 28192, 0, 
270, 1, 70, 366, -1, 340, 172, 18.4, 29, Daaa, 297, 28865, 33368, 1156, , 28865, 25000, 28402, 28455, 0, 
271, 1, 15, 369, -1, 222, 189, 16.5, 26, MSapapaa, 238, 28878, 25875, 896, , 28878, 25000, 27731, 27722, 0, 
272, 1, 141, 285, -1, 299, 224, 12.3, 27, MSaapaaa, 251, 35036, 32373, 924, , 35036, 25000, 30433, 30477, 0, 
273, 1, 32, 327, -1, 407, 312, 25.8, 33, ABarpppapa, 329, 27237, 47502, 1744, , 27237, 25000, 28233, 28243, 0, 
274, 1, 226, 32, -1, 478, 317, 6.5, 28, ABprppppap, -28, 31174, 33668, 1080, , 31174, 25000, 32978, 33362, 0, 
275, 1, 303, 209, -1, 497, 301, 25.6, 34, Cpaaap, 338, 28521, 50767, 1780, , 28521, 25000, 28343, 28343, 0, 
276, 1, 340, 277, -1, 609, 262, 17.2, 32, Cpapap, 297, 27070, 43528, 1608, , 27070, 25000, 28008, 28011, 0, 
277, 1, 186, 166, -1, 264, 336, 5.5, 29, ABarapppap, 11, 38842, 41949, 1080, , 38842, 25000, 36997, 37984, 0, 
278, 1, 241, 75, -1, 283, 208, 21.6, 28, MSapappp, 245, 27924, 27589, 988, , 27924, 25000, 27563, 27652, 0, 
279, 1, 217, 57, -1, 188, 292, 16.2, 26, ABaraappaa, 152, 27111, 21580, 796, , 27111, 25000, 27812, 27916, 0, 
280, 1, 100, 8, -1, 147, 168, 15.3, 27, ABalpppaaa, 66, 27658, 25556, 924, , 27658, 25000, 27488, 27549, 0, 
281, 1, 36, 48, -1, 470, 383, 22.3, 30, ABarppppap, 213, 27502, 35973, 1308, , 27502, 25000, 27741, 27752, 0, 
282, 1, 29, 154, -1, 254, 190, 26.5, 27, ABplaaapaa, 202, 27862, 24964, 896, , 27862, 25000, 28609, 28586, 0, 
283, 1, 267, 208, -1, 139, 295, 12.7, 27, ABalaaaarr, 215, 26276, 24279, 924, , 26276, 25000, 27066, 27071, 0, 
284, 1, 35, 118, -1, 172, 178, 24.1, 29, ABplaapaaa, 269, 26972, 32582, 1208, , 26972, 25000, 27525, 27522, 0, 
285, 1, 149, 305, -1, 519, 168, 9.4, 27, ABplapppap, 270, 28021, 27685, 988, , 28021, 25000, 28387, 28346, 0, 
286, 0, 81, -1, -1, 365, 238, 6.1, 24, , 215, -723, 19869, 604, , 32896, 25000, 34018, 33619, 0, 
287, 1, 207, 136, -1, 156, 195, 17.2, 26, ABalapaapa, 152, 27020, 21508, 796, , 27020, 25000, 27740, 27931, 0, 
288, 1, 41, 241, -1, 526, 162, 23.4, 30, ABarppappa, 11, 26734, 30905, 1156, , 26734, 25000, 27789, 27789, 0, 
289, 1, 256, 361, -1, 368, 215, 12.2, 28, MSaapapp, 278, 36171, 38052, 1052, , 36171, 25000, 29510, 29552, 0, 
290, 1, 299, 356, -1, 315, 179, 8.8, 26, ABplpapaaa, 248, 28598, 22764, 796, , 28598, 25000, 29104, 29268, 0, 
291, 1, 182, 222, -1, 389, 227, 9.1, 30, MSaappa, 259, 27460, 37236, 1356, , 27460, 25000, 29450, 29394, 0, 
292, 1, 224, 256, -1, 248, 337, 14.5, 25, MSppapaa, 238, 26293, 20193, 768, , 26293, 25000, 28030, 28093, 0, 
293, 1, 328, 139, -1, 546, 278, 24.3, 35, Cpaapa, 332, 26999, 55077, 2040, , 26999, 25000, 28500, 28500, 0, 
294, 1, 87, 359, -1, 415, 193, 26.5, 32, ABarppaapa, 268, 28663, 41046, 1432, , 28663, 25000, 28137, 28136, 0, 
295, 1, 346, 82, -1, 339, 156, 8.6, 27, ABplpapaap, 218, 28516, 28174, 988, , 28516, 25000, 29766, 29814, 0, 
296, 1, 270, 263, -1, 515, 238, 17.7, 31, Eplpa, 313, 27003, 36940, 1368, , 27003, 25000, 28543, 28544, 0, 
297, 1, 228, 211, -1, 517, 273, 14.4, 32, Eprpp, 315, 28059, 41639, 1484, , 28059, 25000, 29070, 29086, 0, 
298, 1, 358, 39, -1, 468, 179, 21.1, 30, Dappp, 271, 27521, 37318, 1356, , 27521, 25000, 28245, 28263, 0, 
299, 1, 89, 213, -1, 500, 233, 12.7, 30, Eplpp, 32, 27508, 35980, 1308, , 27508, 25000, 29202, 29211, 0, 
300, 1, 154, 297, -1, 154, 298, 21.1, 27, ABalapppaa, 401, 29139, 26458, 908, , 29139, 25000, 28330, 28444, 0, 
301, 1, 316, 342, -1, 310, 343, 14.4, 27, MSppppaa, 211, 27628, 27296, 988, , 27628, 25000, 27811, 27882, 0, 
302, 1, 92, 304, -1, 265, 236, 18.4, 27, MSaaapap, 229, 27809, 27475, 988, , 27809, 25000, 28344, 28354, 0, 
303, 1, 225, 309, -1, 445, 348, 13.6, 31, Cppaaa, 311, 27180, 36204, 1332, , 27180, 25000, 28712, 28713, 0, 
304, 1, 272, 249, -1, 325, 399, 13.9, 27, ABprpaappp, 256, 27773, 25218, 908, , 27773, 25000, 27334, 27392, 0, 
305, 1, 109, 280, -1, 268, 190, 17.3, 26, MSapapap, 243, 29681, 25407, 856, , 29681, 25000, 27803, 27828, 0, 
306, 1, 243, 14, -1, 433, 189, 6.2, 27, ABplppppaa, 272, 33806, 29344, 868, , 33806, 25000, 33597, 33753, 0, 
307, 1, 255, 278, -1, 401, 328, 10.1, 29, MSpapppa, 294, 28841, 34840, 1208, , 28841, 25000, 28580, 28621, 0, 
308, 1, 371, 376, -1, 224, 236, 13.4, 25, ABalpaapapp, 223, 27751, 23089, 832, , 27751, 25000, 28149, 28285, 0, 
309, 1, 359, 174, -1, 384, 178, 11.3, 28, MSaapppa, 223, 27392, 29145, 1064, , 27392, 25000, 27673, 27661, 0, 
310, 1, 300, 137, -1, 155, 254, 17.7, 26, MSaaaaaa, 137, 26563, 22738, 856, , 26563, 25000, 27802, 27848, 0, 
311, 1, 133, 111, -1, 165, 153, 17.6, 27, ABalpppaap, 49, 27281, 26954, 988, , 27281, 25000, 27654, 27660, 0, 
312, 0, 203, -1, -1, 534, 301, 7.6, 24, , 147, -3586, 19081, 700, , 27259, 25000, 30814, 30845, 0, 
313, 1, 191, 157, -1, 197, 337, 20.6, 27, ABalappppa, 235, 26361, 26045, 988, , 26361, 25000, 28103, 28141, 0, 
314, 1, 376, 11, -1, 586, 201, 11.6, 29, Caappd, 289, 27622, 31931, 1156, , 27622, 25000, 28863, 28892, 0, 
315, 1, 105, 288, -1, 325, 279, 8.2, 26, ABarapapppa, 177, 28905, 23008, 796, , 28905, 25000, 29498, 29627, 0, 
316, 1, 268, 341, -1, 247, 314, 16.7, 26, MSpaapaa, 265, 26277, 22493, 856, , 26277, 25000, 28020, 28136, 0, 
317, 1, 199, 10, -1, 438, 338, 5.5, 26, ABprppaapp, 186, 35015, 31373, 896, , 35015, 25000, 36049, 36066, 0, 
318, 1, 147, 316, -1, 416, 230, 16.6, 33, Ealpp, -64, 28274, 46370, 1640, , 28274, 25000, 28890, 28949, 0, 
319, 1, 169, 370, -1, 556, 221, 22.4, 33, Caaapa, 331, 27460, 45035, 1640, , 27460, 25000, 28140, 28144, 0, 
320, 1, 330, 233, -1, 416, 359, 16.6, 31, Dppa, 303, 27889, 37148, 1332, , 27889, 25000, 28302, 28319, 0, 
321, 1, 378, 20, -1, 145, 248, 20.0, 25, ABalappaap, -572, 27009, 20635, 764, , 27009, 25000, 27823, 27821, 0, 
322, 1, 139, 215, -1, 325, 395, 20.6, 29, ABpraappap, 293, 27649, 31962, 1156, , 27649, 25000, 27619, 27632, 0, 
323, 1, 205, 329, -1, 318, 272, 12.0, 27, MSpapaaa, 267, 39924, 41202, 1032, , 39924, 25000, 30751, 30404, 0, 
324, 1, 327, 128, -1, 587, 262, 20.6, 34, Cpaapp, 341, 28490, 50712, 1780, , 28490, 25000, 28496, 28535, 0, 
325, 1, 278, 92, -1, 182, 257, 18.4, 24, ABaraaaapp, 457, 28057, 19640, 700, , 28057, 25000, 28050, 28073, 0, 
326, 1, 145, 292, -1, 359, 144, 21.7, 30, ABplapaaap, 268, 28285, 36997, 1308, , 28285, 25000, 28679, 28796, 0, 
327, 1, 171, 164, -1, 311, 192, 18.8, 29, MSapppap, 225, 27660, 30758, 1112, , 27660, 25000, 28358, 28416, 0, 
328, 1, 190, 228, -1, 452, 165, 25.8, 30, ABarppaapp, 293, 28564, 37704, 1320, , 28564, 25000, 28188, 28190, 0, 
329, 1, 62, 68, -1, 564, 231, 9.7, 28, Caapa, -244, 26383, 28072, 1064, , 26383, 25000, 29377, 29405, 0, 
330, 1, 257, 168, -1, 392, 286, 14.6, 31, Earpa, 311, 27896, 37157, 1332, , 27896, 25000, 29495, 29492, 0, 
331, 1, 73, 380, -1, 145, 201, 19.7, 29, ABalapaaap, 295, 28055, 29963, 1068, , 28055, 25000, 27533, 27574, 0, 
332, 1, 209, 74, -1, 245, 162, 20.5, 31, ABplaapapa, 258, 27301, 33635, 1232, , 27301, 25000, 27756, 27860, 0, 
333, 1, 279, 311, -1, 169, 287, 10.0, 26, ABaraaaaap, 333, 27158, 23139, 852, , 27158, 25000, 28137, 28010, 0, 
334, 0, 37, -1, -1, 367, 408, 13.4, 24, , 201, -110, 19659, 700, , 28084, 25000, 28250, 28194, 0, 
335, 1, 355, 45, -1, 353, 357, 24.7, 28, ABarpapppp, 239, 28145, 29946, 1064, , 28145, 25000, 28345, 28412, 0, 
336, 1, 281, 254, -1, 264, 357, 25.4, 28, ABarpappaa, -84, 28663, 28319, 988, , 28663, 25000, 28431, 28586, 0, 
337, 1, 230, 203, -1, 425, 277, 20.4, 33, Epraa, 253, 28595, 46896, 1640, , 28595, 25000, 28253, 28296, 0, 
338, 0, 146, -1, -1, 355, 308, 19.3, 23, , 209, 283, 17022, 592, , 28753, 25000, 28436, 28470, 0, 
339, 1, 372, 267, -1, 588, 315, 17.6, 29, ABarpppppp, 262, 26840, 31027, 1156, , 26840, 25000, 28844, 28844, 0, 
340, 1, 231, 257, -1, 256, 267, 22.5, 29, MSpaaapa, 115, 28812, 31117, 1080, , 28812, 25000, 28236, 28286, 0, 
341, 1, 301, 350, -1, 374, 183, 14.7, 26, MSappaap, 262, 27176, 23263, 856, , 27176, 25000, 28682, 28774, 0, 
342, 1, 120, 226, -1, 296, 321, 19.8, 27, MSppappp, 249, 26744, 23214, 868, , 26744, 25000, 28153, 28187, 0, 
343, 1, 304, 355, -1, 508, 178, 17.1, 29, Cappap, 73, 27350, 33039, 1208, , 27350, 25000, 28333, 28522, 0, 
344, 1, 143, 143, -1, 341, 285, 17.7, 34, Earaa, 315, 30145, 56793, 1884, , 30145, 25000, 30313, 29763, 0, 
345, 1, 168, 51, -1, 384, 169, 18.3, 28, Dapaa, 221, 28167, 29970, 1064, , 28167, 25000, 28448, 28458, 0, 
346, 1, 198, 317, -1, 222, 222, 26.3, 29, ABplaaaaap, 224, 29067, 31044, 1068, , 29067, 25000, 27798, 27950, 0, 
347, 1, 56, 94, -1, 324, 359, 24.1, 30, ABarpapppa, 270, 27948, 37898, 1356, , 27948, 25000, 28196, 28217, 0, 
348, 1, 129, 6, -1, 146, 255, 10.6, 27, ABaraaaaaa, 159, 27905, 27570, 988, , 27905, 25000, 27238, 27279, 0, 
349, 1, 261, 119, -1, 583, 212, 8.4, 27, Caappv, 258, 27751, 27418, 988, , 27751, 25000, 28669, 28708, 0, 
350, 0, -1, -1, -1, 131, 264, 19.0, 23, , 198, 1161, 15094, 512, , 29480, 25000, 28009, 28319, 0, 
351, 1, 306, 214, -1, 256, 279, 14.1, 29, ABaraapppa, 248, 27075, 32707, 1208, , 27075, 25000, 28278, 28374, 0, 
352, 1, 10, 220, -1, 497, 201, 10.3, 29, Capapp, 267, 27854, 29748, 1068, , 27854, 25000, 28258, 28296, 0, 
353, 1, 83, 308, -1, 326, 168, 6.2, 30, ABalpapapp, 232, 36830, 48615, 1320, , 36830, 25000, 37004, 37914, 0, 
354, 1, 185, 192, -1, 419, 217, 11.6, 32, Z3, 329, 27255, 40446, 1484, , 27255, 25000, 28039, 28090, 0, 
355, 1, 2, 301, -1, 532, 266, 6.0, 27, ABprpppppp, 244, 36407, 37572, 1032, , 36407, 25000, 36063, 36407, 0, 
356, 1, 204, 353, -1, 335, 188, 25.5, 28, ABplaaappp, 242, 29531, 31894, 1080, , 29531, 25000, 28867, 28837, 0, 
357, 1, 302, 332, -1, 419, 271, 6.4, 28, ABprpapppa, 245, 31613, 31234, 988, , 31613, 25000, 32378, 32384, 0, 
358, 1, 211, 287, -1, 311, 383, 8.7, 29, ABprpaaaap, 257, 27416, 29280, 1068, , 27416, 25000, 28136, 28149, 0, 
359, 1, 320, 189, -1, 447, 234, 19.5, 32, Eplaa, 394, 27938, 40007, 1432, , 27938, 25000, 28274, 28296, 0, 
360, 1, 208, 255, -1, 272, 319, 25.1, 26, ABarpapapa, 261, 27539, 22031, 800, , 27539, 25000, 28632, 28593, 0, 
361, 1, 310, 335, -1, 513, 298, 10.8, 29, Cppapp, 290, 28719, 31936, 1112, , 28719, 25000, 28831, 28865, 0, 
362, 1, 321, 303, -1, 300, 230, 9.3, 26, ABalpappppa, 214, 28203, 24142, 856, , 28203, 25000, 29142, 29356, 0, 
363, 1, 157, 134, -1, 331, 233, 13.3, 25, MSaapapa, 218, 34376, 26263, 764, , 34376, 25000, 29593, 29349, 0, 
364, 1, 325, 245, -1, 140, 322, 20.2, 28, ABalappapa, 241, 26394, 27766, 1052, , 26394, 25000, 26947, 26905, 0, 
365, 1, 6, 145, -1, 400, 399, 14.6, 30, ABpraapppp, 264, 27659, 31974, 1156, , 27659, 25000, 28361, 28361, 0, 
366, 1, 311, 321, -1, 439, 160, 19.1, 29, Dapap, 255, 27956, 33771, 1208, , 27956, 25000, 28450, 28541, 0, 
367, 1, 239, 230, -1, 599, 202, 15.3, 30, Cpapaa, 280, 26823, 35084, 1308, , 26823, 25000, 28703, 28764, 0, 
368, 1, 221, 284, -1, 415, 335, 20.3, 29, Dpppa, 290, 27918, 29816, 1068, , 27918, 25000, 28814, 28814, 0, 
369, 1, 140, 324, -1, 357, 207, 26.0, 28, ABarppaaaa, 201, 28391, 32025, 1128, , 28391, 25000, 28142, 28112, 0, 
370, 1, 377, 362, -1, 176, 347, 12.2, 26, ABalaappap, 397, 25820, 20553, 796, , 25820, 25000, 27678, 27722, 0, 
371, 1, 212, 377, -1, 140, 328, 14.4, 29, ABalaaappr, 31, 27228, 31475, 1156, , 27228, 25000, 27437, 27423, 0, 
372, 1, 337, 243, -1, 468, 332, 20.0, 22, Dpppp, 460, 28578, 10974, 384, , 28578, 25000, 28318, 28405, 0, 
373, 1, 162, 167, -1, 289, 297, 17.3, 28, MSpaapap, 250, 27828, 29609, 1064, , 27828, 25000, 28336, 28375, 0, 
374, 0, 237, -1, -1, 88, 262, 14.7, 27, , 198, 1510, 25888, 924, , 28017, 25000, 26925, 26507, 0, 
375, 1, 367, 381, -1, 496, 173, 5.4, 22, ABplpppapa, 45, 37729, 21581, 572, , 37729, 25000, 39412, 39427, 0, 
376, 1, 374, 149, -1, 170, 178, 13.2, 27, ABalppaaap, 134, 27215, 23623, 868, , 27215, 25000, 28472, 28610, 0, 
377, 1, 375, 339, -1, 238, 360, 10.2, 22, ABalaapapp, -137, 26185, 12988, 496, , 26185, 25000, 27596, 27617, 0, 
378, 1, 250, 247, -1, 298, 170, 15.5, 23, MSapppaa, 41, 27736, 17529, 632, , 27736, 25000, 27733, 27756, 0, 
379, 1, 247, 372, -1, 332, 354, 11.2, 25, MSpppapa, 192, 27858, 19612, 704, , 27858, 25000, 28465, 28589, 0, 
380, 1, 314, 382, -1, 178, 229, 23.0, 22, ABalapapap, 184, 29292, 11248, 384, , 29292, 25000, 28324, 28418, 0, 
