1, 1, 379, 89, -1, 286, 360, 16.8, 25, ABpraaapppa, 213, 28273, 19904, 704, , 28273, 25000, 27606, 27679, 0, 
2, 1, 29, 320, -1, 375, 308, 6.5, 26, ABprpapapa, 252, 33426, 29950, 896, , 33426, 25000, 32778, 32805, 0, 
3, 1, 41, 87, -1, 129, 226, 18.5, 26, ABalapaaaa, 216, 28443, 25485, 896, , 28443, 25000, 27733, 27673, 0, 
4, 1, 213, 135, -1, 500, 234, 12.7, 30, Eplpp, 300, 27859, 36439, 1308, , 27859, 25000, 28928, 28931, 0, 
5, 1, 90, 236, -1, 500, 386, 19.3, 29, ABprappapa, 264, 27060, 28900, 1068, , 27060, 25000, 27435, 27435, 0, 
6, 1, 94, 257, -1, 318, 361, 24.4, 29, ABarpapppa, 242, 28040, 32414, 1156, , 28040, 25000, 28498, 28597, 0, 
7, 1, 36, 181, -1, 525, 127, 15.2, 27, ABplapapap, 149, 27732, 24071, 868, , 27732, 25000, 28680, 28818, 0, 
8, 1, 66, 67, 387, 344, 332, 20.4, 27, MSppppp, 227, 28228, 27889, 988, , 28228, 25000, 28342, 28369, 0, 
9, 1, 235, 237, -1, 245, 225, 15.1, 31, ABaraapapa, 154, 27735, 41048, 1480, , 27735, 25000, 27820, 27808, 0, 
10, 1, 268, 130, -1, 495, 278, 7.3, 27, ABprpppppa, 253, 27403, 25320, 924, , 27403, 25000, 30396, 30618, 0, 
11, 1, 95, 316, -1, 223, 323, 25.2, 28, ABarpapaap, 286, 27647, 29085, 1052, , 27647, 25000, 27619, 27740, 0, 
12, 1, 46, 129, -1, 233, 289, 9.3, 27, ABarapaapa, 262, 28528, 26360, 924, , 28528, 25000, 28311, 28354, 0, 
13, 1, 111, 33, -1, 165, 150, 17.2, 27, ABalpppaap, 220, 27576, 23936, 868, , 27576, 25000, 27427, 27414, 0, 
14, 1, 74, 291, -1, 240, 173, 20.4, 30, ABplaapapa, 264, 27769, 32101, 1156, , 27769, 25000, 27870, 28064, 0, 
15, 1, 59, 82, -1, 495, 138, 8.2, 28, ABplpppaap, 224, 28435, 29914, 1052, , 28435, 25000, 29610, 29638, 0, 
16, 1, 139, 318, -1, 542, 274, 24.0, 33, Cpaapa, 331, 27671, 50030, 1808, , 27671, 25000, 28585, 28585, 0, 
17, 1, 40, 235, -1, 402, 332, 6.1, 26, ABprppaapa, 223, 33158, 26526, 800, , 33158, 25000, 33219, 33220, 0, 
18, 1, 35, 66, -1, 406, 405, 20.0, 27, ABprapaapa, 223, 28347, 29254, 1032, , 28347, 25000, 28187, 28171, 0, 
19, 1, 265, 265, -1, 240, 321, 11.4, 26, MSppaaap, 167, 26639, 22164, 832, , 26639, 25000, 27780, 27805, 0, 
20, 1, 147, 105, -1, 374, 124, 22.2, 26, ABplapaapa, 407, 27603, 21972, 796, , 27603, 25000, 28502, 28522, 0, 
21, 1, 65, 191, -1, 301, 242, 18.3, 28, MSaaapp, 249, 29998, 31918, 1064, , 29998, 25000, 28798, 28905, 0, 
22, 1, 187, 120, -1, 290, 150, 8.3, 27, ABalppappp, 431, 28252, 26105, 924, , 28252, 25000, 29519, 29669, 0, 
23, 0, 122, -1, -1, 130, 263, 18.6, 23, , 197, 1430, 18194, 640, , 28428, 25000, 27232, 26998, 0, 
24, 1, 132, 281, 319, 303, 319, 10.8, 30, MSppaap, 219, 28662, 37834, 1320, , 28662, 25000, 27814, 27727, 0, 
25, 1, 161, 196, -1, 221, 292, 20.3, 31, MSpaaaap, 292, 27254, 37284, 1368, , 27254, 25000, 27783, 27789, 0, 
26, 1, 119, 242, -1, 580, 206, 8.6, 26, Caappv, 217, 29483, 24530, 832, , 29483, 25000, 28741, 28892, 0, 
27, 1, 23, 340, -1, 420, 180, 20.8, 30, Dappa, 294, 27996, 36955, 1320, , 27996, 25000, 28061, 27987, 0, 
28, 1, 343, 52, -1, 205, 192, 13.2, 26, MSapaaap, 207, 27241, 21684, 796, , 27241, 25000, 28444, 28539, 0, 
29, 1, 171, 11, -1, 588, 299, 12.2, 27, ABprapappp, 263, 27430, 23809, 868, , 27430, 25000, 27968, 27952, 0, 
30, 1, 159, 300, -1, 408, 299, 5.3, 27, ABprpapapp, 247, 34571, 31944, 924, , 34571, 25000, 33754, 33485, 0, 
31, 1, 340, 283, -1, 329, 315, 7.6, 28, ABprpapaaa, 270, 28595, 28252, 988, , 28595, 25000, 30905, 30978, 0, 
32, 1, 103, 373, -1, 452, 354, 25.1, 30, ABarpppapp, 300, 27728, 37599, 1356, , 27728, 25000, 28379, 28398, 0, 
33, 1, 160, 323, -1, 380, 110, 11.8, 28, ABplppapaa, 42, 27144, 28555, 1052, , 27144, 25000, 27523, 27517, 0, 
34, 1, 68, 108, -1, 567, 228, 10.2, 29, Caapa, 106, 28638, 31845, 1112, , 28638, 25000, 28949, 29081, 0, 
35, 1, 259, 222, -1, 454, 228, 5.5, 27, ABplpapppp, 260, 34703, 31094, 896, , 34703, 25000, 33598, 33780, 0, 
36, 1, 356, 296, -1, 311, 177, 8.5, 28, ABplpapaaa, 219, 27743, 29962, 1080, , 27743, 25000, 30084, 30098, 0, 
37, 1, 156, 239, -1, 212, 130, 17.6, 28, ABalpppapp, -293, 26947, 26624, 988, , 26947, 25000, 27574, 27638, 0, 
38, 1, 229, 111, -1, 296, 403, 17.6, 25, ABpraappaa, 228, 26548, 22088, 832, , 26548, 25000, 27255, 27170, 0, 
39, 1, 47, 225, -1, 286, 270, 8.7, 28, ABarapappa, 232, 28531, 30357, 1064, , 28531, 25000, 29030, 29460, 0, 
40, 1, 39, 64, -1, 467, 182, 21.4, 30, Dappp, 288, 28084, 32465, 1156, , 28084, 25000, 28687, 28687, 0, 
41, 1, 173, 19, -1, 314, 376, 11.2, 28, ABprpaaapp, 108, 28240, 29708, 1052, , 28240, 25000, 28053, 28117, 0, 
42, 1, 280, 370, -1, 269, 189, 16.6, 26, MSapapap, 236, 26821, 22315, 832, , 26821, 25000, 28460, 28472, 0, 
43, 1, 53, 27, -1, 233, 327, 19.5, 28, MSppappa, 201, 27743, 29962, 1080, , 27743, 25000, 28026, 28047, 0, 
44, 1, 275, 365, -1, 604, 260, 12.7, 30, Cpappd, 273, 27524, 36002, 1308, , 27524, 25000, 28334, 28346, 0, 
45, 1, 318, 143, -1, 209, 163, 20.7, 30, ABalppppap, 133, 27617, 36123, 1308, , 27617, 25000, 27413, 27460, 0, 
46, 1, 316, 43, -1, 414, 231, 16.3, 33, Ealpp, 310, 29331, 50918, 1736, , 29331, 25000, 28920, 28997, 0, 
47, 1, 8, 1, -1, 148, 166, 14.6, 28, ABalpppaaa, 221, 26368, 26052, 988, , 26368, 25000, 27517, 27564, 0, 
48, 1, 305, 250, -1, 516, 167, 9.1, 26, ABplapppap, 247, 28139, 22511, 800, , 28139, 25000, 27901, 27981, 0, 
49, 1, 266, 13, -1, 215, 207, 5.8, 27, ABalpapaaa, 233, 38873, 33742, 868, , 38873, 25000, 37902, 38148, 0, 
50, 1, 100, 28, -1, 253, 175, 6.6, 27, ABalppapap, -54, 35419, 34994, 988, , 35419, 25000, 36533, 36993, 0, 
51, 1, 293, 38, -1, 471, 272, 19.5, 32, Eprap, 301, 28242, 40443, 1432, , 28242, 25000, 28344, 28467, 0, 
52, 1, 240, 369, -1, 165, 276, 23.8, 29, ABarpaaaaa, 50, 28088, 31234, 1112, , 28088, 25000, 28158, 28236, 0, 
53, 1, 131, 34, -1, 354, 384, 9.9, 28, ABprppaaaa, 238, 27210, 29605, 1088, , 27210, 25000, 27752, 27891, 0, 
54, 1, 283, 189, -1, 350, 276, 24.6, 30, ABarpaappa, 273, 28067, 32446, 1156, , 28067, 25000, 28365, 28375, 0, 
55, 1, 89, 134, -1, 265, 373, 12.8, 26, ABprpaapaa, 123, 27611, 21978, 796, , 27611, 25000, 27903, 27802, 0, 
56, 1, 13, 63, -1, 256, 357, 16.4, 29, ABpraaappa, 232, 28227, 32630, 1156, , 28227, 25000, 27909, 27832, 0, 
57, 1, 256, 104, -1, 248, 333, 14.0, 26, MSppapaa, 217, 27310, 23268, 852, , 27310, 25000, 27970, 28027, 0, 
58, 1, 330, 244, -1, 203, 321, 11.7, 27, MSppaaaa, 290, 27613, 25514, 924, , 27613, 25000, 28120, 28262, 0, 
59, 1, 166, 102, -1, 267, 333, 5.4, 29, ABarapppap, 276, 38651, 44681, 1156, , 38651, 25000, 37381, 38573, 0, 
60, 1, 314, 41, -1, 270, 222, 9.5, 29, ABalpapppa, 297, 27370, 29560, 1080, , 27370, 25000, 28319, 28060, 0, 
61, 1, 28, 121, -1, 490, 128, 21.4, 29, ABplappapa, 126, 28618, 33082, 1156, , 28618, 25000, 27687, 27689, 0, 
62, 1, 73, 10, -1, 338, 241, 19.6, 32, Ealaa, 316, 28106, 41710, 1484, , 28106, 25000, 29386, 29348, 0, 
63, 1, 77, 182, -1, 190, 347, 24.1, 31, ABpraapaaa, 276, 28823, 42658, 1480, , 28823, 25000, 27567, 27608, 0, 
64, 1, 118, 177, -1, 167, 182, 24.2, 29, ABplaapaaa, 412, 27978, 31111, 1112, , 27978, 25000, 28170, 28207, 0, 
65, 1, 264, 37, -1, 189, 188, 9.0, 27, ABalpaappp, 244, 28008, 28904, 1032, , 28008, 25000, 28271, 28420, 0, 
66, 1, 37, 328, -1, 175, 252, 15.7, 28, ABaraapaaa, -5, 28394, 30211, 1064, , 28394, 25000, 28141, 28384, 0, 
67, 1, 319, 218, -1, 377, 240, 25.6, 32, ABarpaappp, 307, 27977, 41518, 1484, , 27977, 25000, 28127, 28090, 0, 
68, 1, 57, 2, -1, 188, 290, 16.4, 28, ABaraappaa, -80, 27929, 27594, 988, , 27929, 25000, 27714, 27827, 0, 
69, 1, 97, 20, -1, 226, 290, 16.0, 28, ABaraappap, 270, 27850, 31415, 1128, , 27850, 25000, 28102, 28025, 0, 
70, 1, 238, 168, -1, 309, 129, 10.5, 29, ABplpaaaap, 289, 26529, 28651, 1080, , 26529, 25000, 28294, 28294, 0, 
71, 0, 302, -1, -1, 359, 297, 19.1, 24, , 193, -711, 16760, 604, , 27748, 25000, 28524, 28459, 0, 
72, 1, 311, 315, -1, 174, 285, 9.7, 28, ABaraaaaap, 247, 28317, 30129, 1064, , 28317, 25000, 28179, 28341, 0, 
73, 1, 290, 351, -1, 254, 234, 26.1, 29, ABplaaaapa, 254, 27575, 33310, 1208, , 27575, 25000, 28381, 28644, 0, 
74, 1, 50, 144, -1, 572, 340, 12.6, 28, ABprapappa, -48, 26813, 26491, 988, , 26813, 25000, 27874, 27917, 0, 
75, 0, 109, -1, -1, 366, 239, 5.5, 25, , 207, 671, 27441, 768, , 35730, 25000, 35039, 35059, 0, 
76, 1, 317, 184, -1, 225, 225, 25.8, 31, ABplaaaaap, 231, 27785, 40677, 1464, , 27785, 25000, 28116, 28238, 0, 
77, 0, 101, -1, -1, 379, 107, 15.4, 25, , -11, 581, 23496, 832, , 28240, 25000, 27567, 27659, 0, 
78, 1, 106, 216, -1, 217, 170, 8.4, 25, ABalppapaa, -33, 28013, 23307, 832, , 28013, 25000, 29030, 29089, 0, 
79, 1, 307, 352, -1, 525, 348, 21.9, 31, ABarpppppa, 312, 27207, 40267, 1480, , 27207, 25000, 28439, 28439, 0, 
80, 1, 310, 280, -1, 315, 215, 5.4, 25, ABplpappaaa, 155, 36619, 30467, 832, , 36619, 25000, 35459, 35436, 0, 
81, 1, 163, 100, -1, 429, 155, 14.8, 31, Capaaa, 280, 28109, 41151, 1464, , 28109, 25000, 28432, 28432, 0, 
82, 1, 309, 304, -1, 444, 348, 13.5, 31, Cppaaa, 262, 27265, 33590, 1232, , 27265, 25000, 28505, 28486, 0, 
83, 1, 164, 271, -1, 307, 192, 19.0, 27, MSapppap, 267, 27771, 28660, 1032, , 27771, 25000, 27707, 27785, 0, 
84, 1, 146, 124, -1, 574, 311, 9.5, 25, ABprappppa, 210, 28587, 21955, 768, , 28587, 25000, 27772, 27720, 0, 
85, 1, 261, 206, -1, 300, 313, 25.8, 30, ABarpapapp, 297, 28386, 37469, 1320, , 28386, 25000, 29007, 29000, 0, 
86, 1, 144, 12, -1, 548, 133, 12.3, 27, ABplapappa, 239, 26908, 24863, 924, , 26908, 25000, 28137, 28185, 0, 
87, 0, 67, -1, -1, 161, 239, 23.8, 24, , 292, 54, 18367, 656, , 27998, 25000, 27927, 27944, 0, 
88, 1, 352, 285, -1, 451, 132, 23.3, 29, ABarppapap, 291, 26953, 28786, 1068, , 26953, 25000, 28501, 28498, 0, 
89, 1, 312, 152, -1, 193, 254, 21.2, 30, MSaaaaap, 308, 26397, 34844, 1320, , 26397, 25000, 27751, 27742, 0, 
90, 1, 141, 310, -1, 298, 147, 18.0, 27, ABplpaappa, 270, 28612, 29528, 1032, , 28612, 25000, 28200, 28259, 0, 
91, 1, 78, 314, -1, 478, 219, 7.9, 28, ABplpppppa, 266, 27778, 30222, 1088, , 27778, 25000, 30219, 30206, 0, 
92, 1, 327, 176, -1, 401, 311, 25.8, 33, ABarpppapa, 275, 27513, 47982, 1744, , 27513, 25000, 28224, 28167, 0, 
93, 1, 158, 156, -1, 197, 148, 14.7, 27, ABalpppapa, 343, 27696, 25591, 924, , 27696, 25000, 28068, 28068, 0, 
94, 1, 308, 58, -1, 327, 163, 6.3, 29, ABalpapapp, 291, 37938, 40518, 1068, , 37938, 25000, 36990, 37989, 0, 
95, 1, 272, 173, -1, 360, 256, 11.9, 24, MSpapapa, 212, 36945, 22315, 604, , 36945, 25000, 30829, 30753, 0, 
96, 1, 71, 263, -1, 227, 339, 7.3, 25, ABarapppaa, 155, 29198, 22307, 764, , 29198, 25000, 31259, 31508, 0, 
97, 1, 27, 185, -1, 184, 198, 21.5, 27, ABalapappa, 249, 27010, 24201, 896, , 27010, 25000, 27739, 27820, 0, 
98, 1, 315, 259, -1, 541, 326, 10.0, 27, ABprapppap, 253, 28265, 29169, 1032, , 28265, 25000, 28212, 28128, 0, 
99, 1, 43, 112, -1, 342, 114, 11.9, 29, ABplppaaaa, 268, 26950, 32555, 1208, , 26950, 25000, 27828, 27856, 0, 
100, 1, 320, 275, -1, 332, 308, 10.3, 25, MSpppaaa, -251, 27620, 21102, 764, , 27620, 25000, 28102, 28189, 0, 
101, 1, 24, 48, -1, 469, 111, 17.3, 27, ABplappaap, 42, 27469, 25381, 924, , 27469, 25000, 27623, 27662, 0, 
102, 1, 331, 273, -1, 234, 190, 11.4, 23, MSapaapa, 192, 27748, 17759, 640, , 27748, 25000, 28212, 28218, 0, 
103, 1, 380, 212, -1, 150, 197, 20.0, 29, ABalapaaap, 2, 27840, 34188, 1228, , 27840, 25000, 27757, 27813, 0, 
104, 1, 136, 3, -1, 163, 191, 16.5, 26, ABalapaapa, -42, 27321, 24480, 896, , 27321, 25000, 27694, 27750, 0, 
105, 1, 123, 65, -1, 481, 337, 6.8, 27, ABprpppaaa, 199, 30801, 26735, 868, , 30801, 25000, 32764, 33260, 0, 
106, 1, 193, 137, -1, 340, 349, 5.9, 28, ABarappapp, 271, 33796, 36770, 1088, , 33796, 25000, 36499, 36863, 0, 
107, 1, 5, 266, -1, 465, 185, 12.0, 31, Capaap, 237, 27607, 43619, 1580, , 27607, 25000, 29059, 29171, 0, 
108, 1, 313, 55, -1, 236, 159, 17.1, 29, ABalpppppa, 453, 27316, 32998, 1208, , 27316, 25000, 28240, 28450, 0, 
109, 1, 112, 183, -1, 216, 281, 25.6, 28, ABarpaaapa, 279, 28239, 27900, 988, , 28239, 25000, 28348, 28285, 0, 
110, 1, 345, 303, -1, 465, 184, 6.8, 27, ABplppppap, 270, 29993, 26034, 868, , 29993, 25000, 31987, 31935, 0, 
111, 1, 45, 155, -1, 346, 359, 24.5, 28, ABarpapppp, 184, 27306, 29491, 1080, , 27306, 25000, 27788, 27732, 0, 
112, 1, 270, 116, -1, 202, 356, 12.5, 27, ABpraaaaaa, 247, 26768, 23984, 896, , 26768, 25000, 27405, 27353, 0, 
113, 1, 99, 220, -1, 391, 287, 18.1, 33, Earap, 331, 28361, 49234, 1736, , 28361, 25000, 28488, 28490, 0, 
114, 1, 378, 377, -1, 367, 205, 6.1, 27, ABplpappaap, 227, 35720, 32434, 908, , 35720, 25000, 34750, 34815, 0, 
115, 1, 48, 233, -1, 468, 385, 22.3, 28, ABarppppap, 280, 27902, 29688, 1064, , 27902, 25000, 27598, 27598, 0, 
116, 1, 104, 114, -1, 455, 293, 5.6, 27, ABprppppaa, 218, 33968, 33560, 988, , 33968, 25000, 34082, 34076, 0, 
117, 1, 254, 338, -1, 264, 359, 24.5, 28, ABarpappaa, 197, 28469, 30746, 1080, , 28469, 25000, 28397, 28536, 0, 
118, 1, 205, 50, -1, 438, 165, 10.8, 26, MSaapppp, 248, 28177, 22429, 796, , 28177, 25000, 28157, 28248, 0, 
119, 1, 25, 24, -1, 428, 111, 19.3, 27, ABplapaapp, 129, 26265, 24269, 924, , 26265, 25000, 27637, 27658, 0, 
120, 1, 230, 339, -1, 598, 197, 15.7, 31, Cpapaa, 309, 27765, 37982, 1368, , 27765, 25000, 28588, 28635, 0, 
121, 1, 369, 39, -1, 222, 187, 16.2, 27, MSapapaa, 218, 26855, 23310, 868, , 26855, 25000, 28445, 28531, 0, 
122, 1, 243, 342, -1, 476, 332, 21.4, 30, Dpppp, 301, 27093, 31320, 1156, , 27093, 25000, 28639, 28641, 0, 
123, 1, 210, 145, -1, 565, 144, 16.1, 27, ABarppappp, 258, 28917, 26257, 908, , 28917, 25000, 28521, 28559, 0, 
124, 1, 174, 346, -1, 391, 172, 11.2, 29, MSaapppa, 227, 27112, 30149, 1112, , 27112, 25000, 28013, 28013, 0, 
125, 1, 363, 97, -1, 359, 335, 8.3, 28, ABprpapaap, 227, 28111, 29910, 1064, , 28111, 25000, 29177, 29207, 0, 
126, 1, 15, 345, -1, 262, 130, 13.4, 26, ABplpaaapa, 230, 27899, 23212, 832, , 27899, 25000, 28031, 27897, 0, 
127, 1, 115, 330, -1, 451, 274, 11.3, 33, Z2, 313, 27689, 48068, 1736, , 27689, 25000, 28929, 28933, 0, 
128, 1, 250, 230, -1, 221, 371, 18.3, 27, ABpraaapap, 235, 28089, 25954, 924, , 28089, 25000, 28019, 28185, 0, 
129, 1, 96, 95, -1, 254, 159, 9.2, 29, ABalppappa, 30, 29071, 32327, 1112, , 29071, 25000, 28497, 28374, 0, 
130, 1, 2, 197, -1, 484, 365, 8.3, 27, ABprppappp, 238, 27470, 25382, 924, , 27470, 25000, 29436, 29372, 0, 
131, 1, 18, 57, -1, 439, 123, 9.9, 27, ABplppappa, 249, 28772, 26125, 908, , 28772, 25000, 28161, 28136, 0, 
132, 1, 121, 379, -1, 218, 221, 9.6, 26, ABalpaaapa, -68, 28450, 23670, 832, , 28450, 25000, 28723, 28856, 0, 
133, 1, 203, 78, -1, 425, 277, 20.1, 33, Epraa, 306, 27017, 46902, 1736, , 27017, 25000, 28151, 28187, 0, 
134, 1, 194, 30, -1, 566, 279, 8.0, 26, ABprappppp, 298, 28736, 24483, 852, , 28736, 25000, 29179, 29253, 0, 
135, 1, 296, 136, -1, 256, 122, 17.3, 27, ABplpaapap, 217, 27181, 25115, 924, , 27181, 25000, 27842, 27843, 0, 
136, 1, 98, 221, -1, 498, 116, 16.1, 27, ABplappapp, 242, 27604, 25064, 908, , 27604, 25000, 27637, 27578, 0, 
137, 1, 199, 99, -1, 275, 347, 10.1, 26, ABprpaaaaa, 22, 27855, 22284, 800, , 27855, 25000, 28542, 28521, 0, 
138, 1, 204, 113, -1, 388, 376, 9.4, 29, ABprppapaa, 184, 27632, 31943, 1156, , 27632, 25000, 28285, 28342, 0, 
139, 1, 258, 380, 384, 390, 348, 13.4, 30, Dpap, 206, 27200, 31443, 1156, , 27200, 25000, 27913, 27871, 0, 
140, 1, 102, 167, -1, 130, 209, 14.2, 28, ABalaaapal, 161, 27069, 28477, 1052, , 27069, 25000, 27586, 27561, 0, 
141, 1, 82, 325, -1, 339, 152, 8.9, 27, ABplpapaap, 45, 27743, 25191, 908, , 27743, 25000, 29299, 29254, 0, 
142, 1, 278, 21, -1, 403, 330, 9.5, 30, MSpapppa, 270, 27204, 33515, 1232, , 27204, 25000, 28479, 28542, 0, 
143, 1, 129, 260, -1, 546, 163, 9.3, 26, ABplappppa, 229, 27523, 23560, 856, , 27523, 25000, 28398, 28528, 0, 
144, 1, 245, 49, -1, 140, 327, 19.5, 28, ABalappapa, 227, 26682, 28817, 1080, , 26682, 25000, 26994, 27112, 0, 
145, 1, 271, 172, -1, 437, 292, 16.1, 32, Earpp, 327, 26870, 42347, 1576, , 26870, 25000, 28712, 28712, 0, 
146, 1, 60, 329, -1, 484, 385, 14.2, 27, ABprappaap, 235, 28483, 24723, 868, , 28483, 25000, 27820, 27825, 0, 
147, 1, 239, 84, -1, 213, 345, 16.4, 28, ABpraaapaa, 338, 27605, 27274, 988, , 27605, 25000, 28266, 28261, 0, 
148, 1, 224, 154, -1, 247, 162, 22.6, 32, ABplaapapp, 323, 27011, 40084, 1484, , 27011, 25000, 27817, 27618, 0, 
149, 1, 62, 232, -1, 276, 117, 19.2, 25, ABplaappaa, 227, 27304, 19222, 704, , 27304, 25000, 28020, 28000, 0, 
150, 1, 38, 353, -1, 566, 165, 12.2, 27, ABplapappp, 118, 28359, 24616, 868, , 28359, 25000, 27724, 27771, 0, 
151, 1, 284, 367, -1, 412, 331, 20.6, 28, Dpppa, 281, 27841, 27507, 988, , 27841, 25000, 28464, 28464, 0, 
152, 1, 151, 133, -1, 549, 141, 19.4, 30, ABplapapaa, 291, 27576, 31878, 1156, , 27576, 25000, 27707, 27705, 0, 
153, 1, 135, 61, -1, 294, 176, 25.0, 25, ABplaaappa, 231, 28052, 21432, 764, , 28052, 25000, 28817, 28767, 0, 
154, 1, 30, 208, -1, 208, 162, 24.1, 30, ABplaapaap, 281, 27233, 36928, 1356, , 27233, 25000, 27744, 27775, 0, 
155, 1, 244, 245, -1, 430, 238, 9.1, 29, MSpappa, 293, 28059, 33895, 1208, , 28059, 25000, 28758, 28836, 0, 
156, 1, 325, 247, -1, 383, 265, 5.2, 27, ABprpappap, 268, 34835, 30237, 868, , 34835, 25000, 34229, 34236, 0, 
157, 1, 64, 138, -1, 267, 348, 20.7, 31, ABpraapapp, 425, 27045, 36997, 1368, , 27045, 25000, 28135, 28096, 0, 
158, 1, 88, 356, -1, 524, 376, 16.2, 28, ABprappapp, 18, 27065, 28472, 1052, , 27065, 25000, 27685, 27685, 0, 
159, 1, 91, 335, -1, 378, 169, 7.5, 26, ABplpapapa, 234, 28970, 25957, 896, , 28970, 25000, 30904, 31222, 0, 
160, 1, 279, 306, -1, 310, 116, 19.7, 29, ABplaappap, 253, 26814, 28637, 1068, , 26814, 25000, 28159, 28116, 0, 
161, 1, 19, 51, -1, 481, 123, 10.7, 27, ABplppappp, 219, 27452, 25366, 924, , 27452, 25000, 28021, 28081, 0, 
162, 1, 222, 179, -1, 390, 220, 8.9, 29, MSaappa, 293, 28359, 34258, 1208, , 28359, 25000, 29401, 29429, 0, 
163, 1, 72, 288, -1, 235, 267, 5.3, 27, ABarapaaap, 85, 38844, 35892, 924, , 38844, 25000, 35483, 35785, 0, 
164, 1, 218, 96, -1, 233, 375, 13.6, 26, ABpraaaapa, 220, 28119, 23395, 832, , 28119, 25000, 27504, 27416, 0, 
165, 1, 231, 40, -1, 292, 398, 13.9, 26, ABprpaapap, 227, 26271, 21017, 800, , 26271, 25000, 27881, 27908, 0, 
166, 1, 211, 157, -1, 517, 271, 14.5, 32, Eprpp, 198, 28505, 40819, 1432, , 28505, 25000, 28725, 28863, 0, 
167, 1, 197, 149, -1, 209, 307, 6.5, 25, ABaraaappp, 254, 33095, 25417, 768, , 33095, 25000, 35243, 35735, 0, 
168, 1, 191, 161, -1, 285, 242, 21.5, 28, MSaaaapp, -96, 27197, 29373, 1080, , 27197, 25000, 27682, 27740, 0, 
169, 1, 33, 92, -1, 434, 110, 15.7, 27, ABplappaaa, 257, 28734, 26550, 924, , 28734, 25000, 27764, 27755, 0, 
170, 1, 105, 169, -1, 544, 197, 6.8, 25, ABplappppp, 254, 32868, 23139, 704, , 32868, 25000, 34546, 34546, 0, 
171, 1, 242, 90, -1, 275, 223, 14.7, 26, ABaraapapp, 179, 28004, 23971, 856, , 28004, 25000, 29064, 28953, 0, 
172, 1, 110, 25, -1, 167, 292, 17.8, 27, MSpaaaaa, 229, 27037, 23468, 868, , 27037, 25000, 27771, 27793, 0, 
173, 1, 42, 343, -1, 434, 301, 9.2, 27, MSpapppp, 280, 27237, 23642, 868, , 27237, 25000, 28317, 28334, 0, 
174, 1, 162, 6, -1, 422, 150, 7.9, 24, ABplppaapp, 248, 27733, 16751, 604, , 27733, 25000, 29387, 29365, 0, 
175, 1, 32, 32, -1, 483, 308, 6.3, 27, ABprppppap, 258, 32226, 29777, 924, , 32226, 25000, 33408, 33425, 0, 
176, 1, 54, 309, -1, 187, 220, 26.6, 29, ABplaaaaaa, 24, 28010, 32380, 1156, , 28010, 25000, 29238, 29297, 0, 
177, 1, 292, 174, -1, 350, 147, 22.0, 29, ABplapaaap, 256, 27427, 33680, 1228, , 27427, 25000, 28629, 28646, 0, 
178, 1, 201, 308, -1, 594, 198, 19.7, 33, Caaapp, 321, 28096, 48775, 1736, , 28096, 25000, 28215, 28195, 0, 
179, 1, 55, 101, -1, 297, 289, 5.2, 25, ABarappaap, 244, 37656, 26510, 704, , 37656, 25000, 35026, 35121, 0, 
180, 1, 215, 201, -1, 327, 403, 19.2, 29, ABpraappap, 247, 27179, 30223, 1112, , 27179, 25000, 27880, 27886, 0, 
181, 0, 181, -1, -1, 504, 199, 6.5, 26, , 200, -1501, 29445, 896, , 32863, 25000, 34369, 34364, 0, 
182, 1, 294, 238, -1, 284, 284, 19.4, 31, MSpaaapp, 269, 27746, 36958, 1332, , 27746, 25000, 28223, 28214, 0, 
183, 1, 20, 372, -1, 142, 249, 20.7, 26, ABalappaap, -338, 27015, 23125, 856, , 27015, 25000, 27139, 27151, 0, 
184, 1, 124, 70, -1, 304, 322, 5.6, 26, ABarappapa, 255, 38364, 31919, 832, , 38364, 25000, 34850, 35102, 0, 
185, 1, 370, 88, -1, 555, 218, 22.4, 33, Caaapa, 330, 27746, 45503, 1640, , 27746, 25000, 28137, 28137, 0, 
186, 1, 192, 317, -1, 422, 210, 11.6, 33, Z3, 332, 27965, 45863, 1640, , 27965, 25000, 28657, 28687, 0, 
187, 1, 184, 207, -1, 250, 362, 18.7, 29, ABpraapapa, 258, 27252, 29105, 1068, , 27252, 25000, 27434, 27546, 0, 
188, 1, 85, 56, -1, 225, 369, 21.8, 29, ABpraapaap, -54, 27474, 30551, 1112, , 27474, 25000, 27700, 27688, 0, 
189, 1, 267, 278, -1, 589, 315, 18.0, 30, ABarpppppp, 268, 27578, 37175, 1348, , 27578, 25000, 28207, 28208, 0, 
190, 1, 304, 298, -1, 265, 233, 18.4, 29, MSaaapap, 240, 26620, 30773, 1156, , 26620, 25000, 28360, 28519, 0, 
191, 1, 236, 146, -1, 531, 206, 10.4, 27, Capppp, 278, 27853, 27519, 988, , 27853, 25000, 28870, 28911, 0, 
192, 1, 79, 362, -1, 390, 141, 8.3, 26, ABplppaapa, 230, 27655, 23673, 856, , 27655, 25000, 28570, 28420, 0, 
193, 1, 198, 293, -1, 275, 273, 11.2, 33, ABarapaapp, -234, 27233, 47494, 1744, , 27233, 25000, 28286, 28389, 0, 
194, 0, 49, -1, -1, 87, 263, 16.5, 27, , 245, 3782, 27250, 896, , 30413, 25000, 26756, 26631, 0, 
195, 1, 7, 279, -1, 302, 288, 13.6, 29, ABaraapppp, 241, 27131, 31363, 1156, , 27131, 25000, 29231, 28874, 0, 
196, 1, 248, 178, -1, 437, 282, 25.6, 33, Cpaaaa, 320, 28209, 46262, 1640, , 28209, 25000, 28459, 28476, 0, 
197, 1, 44, 264, -1, 269, 227, 6.8, 28, ABalpappap, 285, 31377, 33009, 1052, , 31377, 25000, 32817, 33173, 0, 
198, 1, 26, 94, -1, 256, 272, 7.4, 27, ABarapapaa, 242, 28437, 28096, 988, , 28437, 25000, 32128, 31526, 0, 
199, 1, 332, 36, -1, 421, 264, 6.4, 27, ABprpapppa, -164, 32775, 32382, 988, , 32775, 25000, 33288, 33235, 0, 
200, 1, 1, 106, -1, 442, 403, 17.6, 28, ABprapaapp, 16, 27215, 26888, 988, , 27215, 25000, 27730, 27730, 0, 
201, 1, 237, 132, -1, 228, 253, 23.1, 28, MSaaaapa, 286, 28650, 31171, 1088, , 28650, 25000, 28416, 28499, 0, 
202, 1, 232, 302, -1, 329, 347, 18.4, 27, MSppppap, 272, 27816, 27482, 988, , 27816, 25000, 27638, 27719, 0, 
203, 1, 117, 165, -1, 260, 298, 6.0, 26, ABarappaaa, 64, 37781, 32189, 852, , 37781, 25000, 34183, 34604, 0, 
204, 1, 168, 255, -1, 390, 282, 14.5, 32, Earpa, 301, 27833, 39857, 1432, , 27833, 25000, 29795, 29882, 0, 
205, 1, 207, 162, -1, 230, 210, 21.5, 28, MSapappa, 212, 27759, 29980, 1080, , 27759, 25000, 28861, 28924, 0, 
206, 1, 34, 359, -1, 425, 378, 23.5, 30, ABarppppaa, 272, 27317, 33655, 1232, , 27317, 25000, 27758, 27804, 0, 
207, 1, 338, 141, -1, 339, 280, 14.5, 30, MSpapaap, 272, 38352, 47250, 1232, , 38352, 25000, 31386, 31261, 0, 
208, 1, 186, 195, -1, 372, 372, 24.9, 26, ABarpppaaa, 231, 27484, 21987, 800, , 27484, 25000, 28350, 28361, 0, 
209, 1, 277, 205, -1, 607, 259, 17.5, 32, Cpapap, 320, 27327, 39132, 1432, , 27327, 25000, 28744, 28785, 0, 
210, 1, 368, 131, -1, 326, 185, 14.3, 27, MSappaaa, 273, 27419, 25335, 924, , 27419, 25000, 28452, 28436, 0, 
211, 1, 373, 219, -1, 246, 236, 11.4, 29, ABalpaaapp, 103, 28637, 33104, 1156, , 28637, 25000, 28140, 28253, 0, 
212, 1, 354, 382, -1, 354, 338, 12.7, 26, MSpppapp, 231, 27013, 23123, 856, , 27013, 25000, 28331, 28247, 0, 
213, 1, 291, 358, -1, 394, 377, 20.4, 29, ABprapaaap, 75, 28571, 33028, 1156, , 28571, 25000, 27914, 28077, 0, 
214, 1, 221, 231, -1, 191, 154, 18.7, 28, ABalppppaa, 190, 27478, 29237, 1064, , 27478, 25000, 27146, 27027, 0, 
215, 1, 269, 26, -1, 283, 373, 10.8, 27, ABprpaaapa, 51, 28040, 24339, 868, , 28040, 25000, 27566, 27642, 0, 
216, 1, 17, 80, -1, 368, 365, 21.5, 28, ABprapaaaa, 82, 26801, 28945, 1080, , 26801, 25000, 28100, 28134, 0, 
217, 1, 226, 234, -1, 300, 322, 19.7, 27, MSppappp, 256, 28064, 25931, 924, , 28064, 25000, 28450, 28466, 0, 
218, 1, 253, 107, -1, 377, 304, 11.0, 26, MSpppaap, 263, 27826, 23708, 852, , 27826, 25000, 28345, 28360, 0, 
219, 1, 21, 243, -1, 235, 249, 18.5, 29, MSaaapaa, 261, 26790, 28933, 1080, , 26790, 25000, 27675, 27677, 0, 
220, 1, 350, 140, -1, 384, 177, 14.6, 27, MSappaap, 275, 26638, 26318, 988, , 26638, 25000, 28639, 28753, 0, 
221, 1, 295, 93, -1, 305, 350, 7.3, 27, ABarappppp, 253, 29265, 27041, 924, , 29265, 25000, 31677, 31351, 0, 
222, 1, 93, 378, -1, 367, 235, 15.4, 32, Ealpa, 321, 28570, 42398, 1484, , 28570, 25000, 30187, 30197, 0, 
223, 1, 281, 59, -1, 249, 393, 16.4, 28, ABpraaaapp, 248, 26316, 26000, 988, , 26316, 25000, 26996, 26945, 0, 
224, 1, 227, 312, -1, 445, 390, 13.2, 27, ABprappaaa, 263, 27318, 23712, 868, , 27318, 25000, 27688, 27679, 0, 
225, 0, 179, -1, -1, 370, 406, 14.2, 23, , 191, -228, 15265, 540, , 28269, 25000, 28502, 28497, 0, 
226, 1, 56, 180, -1, 212, 195, 24.2, 27, ABalapappp, -54, 28147, 24432, 868, , 28147, 25000, 28001, 28001, 0, 
227, 1, 150, 194, -1, 177, 238, 7.3, 27, ABalpaaaaa, 395, 31338, 28956, 924, , 31338, 25000, 33951, 34028, 0, 
228, 1, 142, 18, -1, 170, 213, 8.6, 28, ABalpaappa, 52, 27756, 27423, 988, , 27756, 25000, 29512, 29524, 0, 
229, 1, 172, 240, -1, 236, 236, 7.3, 27, ABalpappaa, 124, 28729, 26546, 924, , 28729, 25000, 32781, 32483, 0, 
230, 1, 86, 15, -1, 340, 271, 5.1, 28, ABprpappaa, 282, 35042, 38126, 1088, , 35042, 25000, 35417, 35305, 0, 
231, 1, 4, 151, -1, 146, 271, 14.5, 27, ABaraaaapa, 461, 26246, 23516, 896, , 26246, 25000, 27570, 27741, 0, 
232, 1, 246, 86, -1, 169, 250, 12.9, 29, ABalpaapaa, -51, 27002, 32619, 1208, , 27002, 25000, 28487, 28717, 0, 
233, 1, 219, 175, -1, 556, 344, 18.6, 28, ABprapapaa, 139, 28790, 28445, 988, , 28790, 25000, 27907, 27853, 0, 
234, 1, 69, 276, -1, 519, 150, 11.5, 26, ABplapppaa, 214, 28589, 25616, 896, , 28589, 25000, 27777, 27801, 0, 
235, 1, 306, 213, -1, 426, 375, 9.4, 26, ABprppapap, 390, 26720, 22231, 832, , 26720, 25000, 27851, 27875, 0, 
236, 1, 357, 269, -1, 180, 354, 16.4, 29, ABalaapppp, 237, 27016, 31231, 1156, , 27016, 25000, 27223, 27275, 0, 
237, 1, 241, 324, -1, 526, 158, 22.8, 30, ABarppappa, 296, 26570, 35072, 1320, , 26570, 25000, 28108, 28108, 0, 
238, 1, 3, 294, -1, 415, 119, 12.2, 27, ABplppapap, 212, 28854, 25045, 868, , 28854, 25000, 27911, 27954, 0, 
239, 1, 114, 327, -1, 352, 347, 14.9, 29, Dpaaa, 244, 28204, 34070, 1208, , 28204, 25000, 27706, 27736, 0, 
240, 1, 273, 262, -1, 133, 305, 17.2, 28, ABalaaappl, 232, 27754, 29197, 1052, , 27754, 25000, 27496, 27484, 0, 
241, 1, 108, 246, -1, 217, 150, 11.4, 27, ABalppaapp, 218, 26922, 26599, 988, , 26922, 25000, 27816, 27795, 0, 
242, 1, 225, 256, -1, 162, 215, 13.6, 26, MSapaaaa, 183, 28279, 23528, 832, , 28279, 25000, 27889, 28000, 0, 
243, 1, 300, 337, -1, 279, 156, 21.6, 28, ABalppppppp, 261, 26882, 26559, 988, , 26882, 25000, 27917, 28137, 0, 
244, 1, 200, 202, -1, 206, 245, 16.6, 28, ABaraapaap, 428, 27534, 27204, 988, , 27534, 25000, 28108, 28128, 0, 
245, 0, 212, -1, -1, 538, 298, 7.9, 24, , 202, 660, 18621, 604, , 30829, 25000, 30454, 30169, 0, 
246, 1, 334, 125, -1, 194, 331, 8.5, 27, ABalaapaap, 269, 27703, 24822, 896, , 27703, 25000, 28447, 28331, 0, 
247, 1, 87, 44, -1, 449, 356, 7.6, 26, ABprppappa, 246, 27960, 23263, 832, , 27960, 25000, 31204, 31323, 0, 
248, 1, 58, 75, -1, 183, 288, 12.9, 26, ABaraaapaa, -101, 27764, 22211, 800, , 27764, 25000, 28407, 28516, 0, 
249, 1, 145, 190, -1, 400, 396, 14.6, 30, ABpraapppp, -141, 27766, 32098, 1156, , 27766, 25000, 27914, 27914, 0, 
250, 1, 233, 287, 333, 415, 357, 17.2, 31, Dppa, 139, 28235, 41336, 1464, , 28235, 25000, 28343, 28316, 0, 
251, 1, 216, 371, -1, 516, 232, 6.1, 27, ABplpppppp, 264, 35861, 32562, 908, , 35861, 25000, 36268, 36164, 0, 
252, 1, 9, 23, -1, 139, 215, 10.7, 26, ABalaaaala, 253, 27007, 23118, 856, , 27007, 25000, 27704, 27696, 0, 
253, 1, 185, 117, -1, 314, 246, 6.3, 27, ABarapapap, 228, 34806, 32161, 924, , 34806, 25000, 33012, 33104, 0, 
254, 1, 257, 118, -1, 258, 268, 22.3, 29, MSpaaapa, 273, 26640, 28452, 1068, , 26640, 25000, 28413, 28298, 0, 
255, 1, 252, 334, -1, 540, 265, 10.2, 29, Cppppp, 274, 28084, 31229, 1112, , 28084, 25000, 28113, 28137, 0, 
256, 1, 178, 4, -1, 319, 223, 15.6, 29, MSaapaap, 251, 38196, 44155, 1156, , 38196, 25000, 30904, 30965, 0, 
257, 1, 128, 158, -1, 586, 261, 21.2, 33, Cpaapp, 331, 27604, 48142, 1744, , 27604, 25000, 28566, 28604, 0, 
258, 0, 148, -1, -1, 146, 183, 11.8, 23, , 201, -1021, 14555, 540, , 26954, 25000, 27882, 27975, 0, 
259, 1, 234, 53, -1, 343, 123, 18.4, 29, ABplaapppa, 405, 28072, 32451, 1156, , 28072, 25000, 28361, 28297, 0, 
260, 1, 351, 258, -1, 250, 152, 12.2, 30, ABplpaaaaa, 281, 28334, 37401, 1320, , 28334, 25000, 28007, 27942, 0, 
261, 1, 333, 307, -1, 564, 235, 7.3, 28, Cpappv, 256, 29583, 31476, 1064, , 29583, 25000, 31958, 32315, 0, 
262, 1, 249, 46, -1, 331, 396, 13.4, 28, ABprpaappp, 264, 27216, 26889, 988, , 27216, 25000, 27864, 27838, 0, 
263, 1, 289, 214, -1, 523, 348, 11.5, 25, ABprapppaa, 86, 27926, 21447, 768, , 27926, 25000, 27640, 27650, 0, 
264, 1, 170, 299, -1, 361, 265, 8.6, 27, ABarapapppp, 272, 28053, 27716, 988, , 28053, 25000, 29360, 29301, 0, 
265, 1, 301, 228, -1, 538, 258, 6.5, 27, ABprpppppp, -266, 34532, 30941, 896, , 34532, 25000, 33892, 34035, 0, 
266, 1, 262, 5, -1, 288, 187, 5.7, 29, ABalpapapa, 284, 37545, 40098, 1068, , 37545, 25000, 38170, 38221, 0, 
267, 1, 70, 364, -1, 159, 335, 15.9, 29, ABalaapppa, 244, 27207, 32866, 1208, , 27207, 25000, 27517, 27688, 0, 
268, 1, 10, 8, -1, 439, 324, 5.6, 26, ABprppaapp, 217, 36049, 29993, 832, , 36049, 25000, 33801, 33705, 0, 
269, 1, 188, 79, -1, 121, 255, 16.2, 25, ABalaaapar, 201, 28460, 20036, 704, , 28460, 25000, 26816, 26822, 0, 
270, 1, 137, 277, -1, 155, 249, 17.8, 26, MSaaaaaa, 450, 27577, 21951, 796, , 27577, 25000, 27306, 27251, 0, 
271, 1, 361, 326, -1, 356, 208, 11.8, 27, MSaapapp, 271, 35531, 30841, 868, , 35531, 25000, 30405, 30329, 0, 
272, 1, 251, 209, -1, 197, 311, 25.9, 28, ABarpapaaa, 275, 27293, 29695, 1088, , 27293, 25000, 28595, 28671, 0, 
273, 1, 130, 186, -1, 462, 145, 8.1, 27, ABplpppaaa, 73, 28968, 26303, 908, , 28968, 25000, 29836, 29866, 0, 
274, 1, 366, 349, -1, 339, 177, 18.4, 30, Daaa, 297, 28073, 32452, 1156, , 28073, 25000, 28717, 28790, 0, 
275, 1, 22, 198, -1, 513, 220, 25.3, 34, Caaaap, 315, 27599, 51997, 1884, , 27599, 25000, 28293, 28362, 0, 
276, 1, 63, 62, -1, 497, 283, 17.2, 33, Eprpa, 337, 27421, 47822, 1744, , 27421, 25000, 28805, 28917, 0, 
277, 1, 183, 83, -1, 538, 183, 15.8, 30, Capppa, 305, 27770, 36657, 1320, , 27770, 25000, 28735, 28833, 0, 
278, 1, 359, 253, -1, 407, 196, 26.4, 32, ABarppaapa, 315, 27942, 41466, 1484, , 27942, 25000, 28370, 28376, 0, 
279, 1, 376, 270, -1, 216, 236, 13.6, 25, ABalpaapapp, 141, 28938, 24076, 832, , 28938, 25000, 27878, 27949, 0, 
280, 1, 274, 375, -1, 338, 225, 9.1, 28, ABalpappppp, 284, 27920, 30377, 1088, , 27920, 25000, 29786, 29802, 0, 
281, 1, 125, 73, -1, 389, 347, 26.1, 30, ABarpppaap, 250, 28423, 38542, 1356, , 28423, 25000, 28678, 28972, 0, 
282, 1, 180, 98, -1, 302, 375, 20.8, 28, ABpraaapppp, 282, 28411, 29888, 1052, , 28411, 25000, 27922, 27899, 0, 
283, 1, 285, 336, -1, 296, 215, 12.1, 27, MSaapaaa, 271, 35893, 32591, 908, , 35893, 25000, 30016, 29973, 0, 
284, 1, 220, 368, -1, 495, 192, 10.8, 29, Capapp, 456, 26815, 29818, 1112, , 26815, 25000, 28425, 28496, 0, 
285, 1, 287, 68, -1, 324, 383, 8.6, 29, ABprpaaaap, 285, 27657, 31972, 1156, , 27657, 25000, 28450, 28656, 0, 
286, 0, 217, -1, -1, 214, 359, 9.8, 23, , 197, -652, 14402, 540, , 26670, 25000, 27240, 27322, 0, 
287, 0, 120, -1, -1, 159, 338, 12.0, 23, , 40, -1225, 13656, 512, , 26672, 25000, 27486, 27897, 0, 
288, 1, 11, 170, -1, 590, 207, 12.4, 30, Caappd, 298, 27605, 31911, 1156, , 27605, 25000, 28431, 28481, 0, 
289, 1, 297, 187, -1, 156, 302, 20.7, 29, ABalapppaa, 290, 27632, 29511, 1068, , 27632, 25000, 27535, 27497, 0, 
290, 1, 83, 81, -1, 306, 117, 14.8, 28, ABplpaappp, 282, 27546, 28978, 1052, , 27546, 25000, 27722, 27684, 0, 
291, 1, 346, 282, -1, 492, 335, 14.6, 30, Cppapa, 300, 28233, 32637, 1156, , 28233, 25000, 28817, 28876, 0, 
292, 1, 149, 361, -1, 171, 183, 12.8, 24, ABalppaaap, 51, 27186, 17834, 656, , 27186, 25000, 28231, 28352, 0, 
293, 1, 228, 226, -1, 450, 170, 25.6, 30, ABarppaapp, 242, 29913, 34580, 1156, , 29913, 25000, 28368, 28367, 0, 
294, 1, 127, 193, -1, 482, 159, 15.3, 29, Capapa, 288, 27368, 29229, 1068, , 27368, 25000, 28553, 28608, 0, 
295, 1, 84, 199, -1, 293, 138, 13.2, 28, ABplpaaapp, 163, 28587, 30074, 1052, , 28587, 25000, 27840, 28000, 0, 
296, 1, 169, 17, -1, 126, 247, 13.4, 26, ABalaaaarl, 205, 27706, 23051, 832, , 27706, 25000, 27532, 27554, 0, 
297, 1, 14, 35, -1, 437, 183, 6.6, 28, ABplppppaa, 227, 31674, 31294, 988, , 31674, 25000, 32098, 32303, 0, 
298, 1, 182, 148, -1, 249, 217, 4.7, 28, ABalpapaap, 337, 34665, 36884, 1064, , 34665, 25000, 36626, 36548, 0, 
299, 1, 367, 211, -1, 560, 298, 14.7, 29, Cppppa, 294, 26846, 28671, 1068, , 26846, 25000, 28952, 28936, 0, 
300, 1, 282, 290, -1, 183, 260, 26.3, 29, ABarpaaaap, 55, 28822, 30782, 1068, , 28822, 25000, 28406, 28430, 0, 
301, 1, 175, 360, -1, 482, 347, 17.6, 31, Cpppaa, 379, 27759, 36975, 1332, , 27759, 25000, 28788, 28827, 0, 
302, 1, 324, 321, -1, 350, 208, 25.8, 28, ABarppaaaa, 223, 28384, 29860, 1052, , 28384, 25000, 28275, 28346, 0, 
303, 1, 288, 200, -1, 313, 277, 8.1, 25, ABarapapppa, 143, 27972, 19245, 688, , 27972, 25000, 30161, 30282, 0, 
304, 1, 260, 292, -1, 288, 177, 11.8, 27, MSapaapp, 61, 27472, 23846, 868, , 27472, 25000, 28459, 28420, 0, 
305, 1, 195, 127, -1, 156, 317, 10.3, 26, ABalaapaaa, 68, 27164, 23252, 856, , 27164, 25000, 27383, 27375, 0, 
306, 1, 299, 110, -1, 407, 179, 6.5, 26, ABplpapapp, -164, 31280, 28027, 896, , 31280, 25000, 32879, 33109, 0, 
307, 0, 336, -1, -1, 194, 152, 12.3, 24, , 195, 1010, 20210, 704, , 28707, 25000, 27837, 27697, 0, 
308, 1, 335, 139, -1, 511, 294, 10.7, 30, Cppapp, 292, 27539, 36021, 1308, , 27539, 25000, 28523, 28555, 0, 
309, 1, 329, 119, -1, 322, 267, 11.2, 28, MSpapaaa, 283, 39750, 41817, 1052, , 39750, 25000, 30404, 30502, 0, 
310, 1, 355, 16, -1, 508, 177, 17.3, 29, Cappap, 254, 26864, 28691, 1068, , 26864, 25000, 28273, 28357, 0, 
311, 1, 286, 215, -1, 473, 227, 16.8, 31, Eplap, 340, 28020, 41021, 1464, , 28020, 25000, 28436, 28475, 0, 
312, 1, 140, 217, -1, 358, 392, 17.3, 28, ABpraapppa, 288, 27548, 29311, 1064, , 27548, 25000, 28503, 28490, 0, 
313, 1, 263, 204, -1, 511, 236, 17.7, 32, Eplpa, 318, 27362, 43342, 1584, , 27362, 25000, 28460, 28460, 0, 
314, 1, 138, 164, -1, 182, 294, 7.4, 27, ABaraaappa, 240, 29394, 29041, 988, , 29394, 25000, 32420, 32814, 0, 
315, 1, 189, 203, -1, 448, 237, 19.5, 32, Eplaa, 321, 27678, 39635, 1432, , 27678, 25000, 28230, 28229, 0, 
316, 1, 276, 289, -1, 366, 171, 26.2, 31, ABarppaaap, 235, 28425, 41614, 1464, , 28425, 25000, 28992, 28911, 0, 
317, 1, 126, 160, -1, 316, 378, 16.0, 27, ABprpaappa, 71, 27157, 28026, 1032, , 27157, 25000, 27584, 27669, 0, 
318, 1, 326, 109, -1, 391, 233, 19.4, 32, Ealap, 307, 27910, 41419, 1484, , 27910, 25000, 28984, 28983, 0, 
319, 1, 214, 249, -1, 260, 276, 13.7, 30, ABaraapppa, 109, 27904, 36498, 1308, , 27904, 25000, 28042, 28166, 0, 
320, 1, 51, 357, -1, 386, 167, 18.4, 28, Dapaa, 266, 27627, 27295, 988, , 27627, 25000, 28827, 28842, 0, 
321, 1, 76, 347, -1, 516, 341, 7.9, 26, ABprpppaap, 247, 27870, 22296, 800, , 27870, 25000, 30402, 30362, 0, 
322, 1, 360, 163, -1, 390, 262, 10.7, 28, MSpapapp, 276, 38195, 40640, 1064, , 38195, 25000, 30650, 30452, 0, 
323, 1, 321, 71, -1, 436, 157, 18.9, 28, Dapap, 256, 27253, 29651, 1088, , 27253, 25000, 28846, 28812, 0, 
324, 1, 347, 332, -1, 409, 146, 24.5, 31, ABarppapaa, 264, 27110, 33400, 1232, , 27110, 25000, 28177, 28180, 0, 
325, 1, 190, 85, -1, 473, 216, 26.2, 34, Caaaaa, 152, 27535, 52647, 1912, , 27535, 25000, 28037, 28097, 0, 
326, 1, 61, 366, -1, 275, 333, 13.7, 27, MSppapap, 241, 27262, 25190, 924, , 27262, 25000, 28286, 28447, 0, 
327, 1, 155, 29, -1, 263, 328, 7.5, 28, ABarappppa, 123, 27669, 29882, 1080, , 27669, 25000, 31091, 29991, 0, 
328, 1, 341, 268, -1, 250, 313, 16.5, 27, MSpaapaa, 231, 27324, 24482, 896, , 27324, 25000, 28275, 28342, 0, 
329, 1, 303, 322, -1, 303, 225, 8.8, 25, ABalpappppa, 267, 27273, 19200, 704, , 27273, 25000, 28756, 28744, 0, 
330, 0, 206, -1, -1, 249, 307, 26.7, 24, , -345, 655, 20146, 704, , 28616, 25000, 27945, 27961, 0, 
331, 1, 342, 350, -1, 309, 338, 14.4, 25, MSppppaa, 372, 26430, 21990, 832, , 26430, 25000, 27817, 27869, 0, 
332, 1, 75, 341, -1, 279, 208, 21.8, 28, MSapappp, 248, 27487, 28916, 1052, , 27487, 25000, 27735, 27743, 0, 
333, 1, 167, 115, -1, 294, 295, 16.2, 23, MSpaapap, -82, 27065, 14615, 540, , 27065, 25000, 27828, 27754, 0, 
334, 1, 337, 344, -1, 337, 168, 23.8, 32, ABplapaaaa, 300, 27764, 44645, 1608, , 27764, 25000, 28338, 28285, 0, 
335, 1, 107, 166, -1, 555, 354, 14.8, 28, ABprapapap, 261, 27631, 29068, 1052, , 27631, 25000, 27519, 27608, 0, 
336, 1, 12, 363, -1, 270, 279, 26.3, 29, ABarpaapaa, 289, 28787, 30745, 1068, , 28787, 25000, 28232, 28241, 0, 
337, 1, 349, 252, -1, 478, 159, 18.6, 30, Cappaa, 294, 26808, 30990, 1156, , 26808, 25000, 28135, 28160, 0, 
338, 1, 223, 313, -1, 471, 323, 10.8, 29, Cppaap, 285, 26819, 29823, 1112, , 26819, 25000, 28556, 28556, 0, 
339, 1, 31, 91, -1, 527, 324, 16.7, 31, Cpppap, 240, 27488, 37604, 1368, , 27488, 25000, 28753, 28752, 0, 
340, 1, 196, 274, -1, 377, 339, 18.1, 26, Dpaap, 210, 28038, 22430, 800, , 28038, 25000, 28530, 28530, 0, 
341, 1, 208, 159, -1, 137, 294, 12.4, 27, ABalaaaarr, 226, 27325, 26997, 988, , 27325, 25000, 26791, 26811, 0, 
342, 1, 165, 348, -1, 186, 249, 10.5, 26, ABalpaapapa, 549, 27743, 24858, 896, , 27743, 25000, 28882, 29020, 0, 
343, 1, 377, 153, -1, 143, 328, 14.4, 30, ABalaaappr, 129, 27522, 31816, 1156, , 27522, 25000, 27553, 27617, 0, 
344, 1, 358, 251, -1, 316, 274, 25.6, 30, ABarpaapap, 299, 29119, 33661, 1156, , 29119, 25000, 28758, 28809, 0, 
345, 1, 344, 54, -1, 379, 196, 21.9, 27, MSappppp, 270, 28055, 25474, 908, , 28055, 25000, 28801, 28801, 0, 
346, 1, 153, 286, -1, 205, 377, 14.6, 26, ABpraaaaap, 206, 27720, 23063, 832, , 27720, 25000, 27174, 27135, 0, 
347, 1, 52, 229, -1, 390, 112, 18.3, 30, ABplaapppp, 272, 27217, 35600, 1308, , 27217, 25000, 27980, 28014, 0, 
348, 1, 177, 331, -1, 333, 153, 12.8, 27, MSappap, 278, 27061, 23489, 868, , 27061, 25000, 28652, 28606, 0, 
349, 1, 134, 254, -1, 330, 232, 12.2, 25, MSaapapa, 242, 36652, 25803, 704, , 36652, 25000, 31009, 30921, 0, 
350, 1, 322, 69, -1, 473, 256, 7.3, 28, ABprpapppp, 223, 27819, 29599, 1064, , 27819, 25000, 31063, 31327, 0, 
351, 1, 209, 147, -1, 495, 308, 25.5, 34, Cpaaap, 340, 27915, 47121, 1688, , 27915, 25000, 28413, 28413, 0, 
352, 1, 154, 188, -1, 247, 187, 26.4, 27, ABplaaapaa, 206, 28384, 28043, 988, , 28384, 25000, 28174, 28147, 0, 
353, 1, 176, 60, -1, 211, 278, 7.2, 26, ABarapaaaa, 229, 30935, 24624, 796, , 30935, 25000, 32593, 32499, 0, 
354, 1, 92, 72, -1, 177, 256, 18.7, 24, ABaraaaapp, 449, 27149, 19113, 704, , 27149, 25000, 27677, 27617, 0, 
355, 1, 348, 77, -1, 286, 242, 25.6, 29, ABplaaaapp, 211, 26992, 31203, 1156, , 26992, 25000, 28326, 28307, 0, 
356, 1, 328, 74, -1, 370, 147, 14.7, 29, Daap, 262, 27865, 29760, 1068, , 27865, 25000, 28390, 28472, 0, 
357, 1, 375, 223, -1, 320, 202, 21.6, 25, MSappppa, 355, 28266, 23517, 832, , 28266, 25000, 27931, 27875, 0, 
358, 1, 157, 248, -1, 192, 339, 20.4, 28, ABalappppa, 287, 27541, 27211, 988, , 27541, 25000, 28621, 28669, 0, 
359, 1, 116, 272, -1, 242, 156, 14.5, 29, ABplpaapaa, 264, 27777, 29999, 1080, , 27777, 25000, 28003, 27964, 0, 
360, 1, 364, 192, -1, 261, 158, 18.7, 26, ABalppppppa, 168, 27141, 23233, 856, , 27141, 25000, 28056, 28314, 0, 
361, 1, 81, 14, -1, 180, 181, 18.0, 29, ABalapaapp, -87, 27311, 33538, 1228, , 27311, 25000, 27920, 27962, 0, 
362, 1, 365, 224, -1, 203, 236, 6.5, 25, ABalpaaaap, 138, 34604, 26576, 768, , 34604, 25000, 34969, 35325, 0, 
363, 1, 133, 22, -1, 416, 227, 5.6, 28, ABplpapppa, 463, 37062, 36617, 988, , 37062, 25000, 34058, 33836, 0, 
364, 1, 202, 383, -1, 236, 348, 24.2, 24, ABalappppp, 18, 26840, 17607, 656, , 26840, 25000, 27713, 27613, 0, 
365, 1, 372, 45, -1, 328, 346, 10.7, 25, MSpppapa, 237, 28437, 21726, 764, , 28437, 25000, 28692, 28728, 0, 
366, 1, 16, 295, -1, 180, 309, 23.0, 29, ABalapppap, 276, 27936, 34305, 1228, , 27936, 25000, 28635, 28707, 0, 
367, 1, 255, 241, -1, 267, 317, 23.9, 26, ABarpapapa, -417, 27850, 22280, 800, , 27850, 25000, 28279, 28293, 0, 
368, 1, 339, 381, -1, 237, 355, 9.8, 25, ABalaapapp, 147, 26834, 18891, 704, , 26834, 25000, 27964, 27955, 0, 
369, 1, 381, 267, -1, 491, 174, 6.2, 22, ABplpppapa, 109, 33724, 16727, 496, , 33724, 25000, 35403, 35822, 0, 
370, 1, 6, 284, -1, 151, 260, 10.7, 27, ABaraaaaaa, 775, 27165, 25100, 924, , 27165, 25000, 27823, 27832, 0, 
371, 1, 371, 311, 374, 219, 281, 12.4, 31, ABaraaapap, -137, 28033, 37340, 1332, , 28033, 25000, 28105, 28142, 0, 
372, 1, 80, 122, -1, 265, 161, 24.9, 29, ABplaaapap, 196, 28335, 34229, 1208, , 28335, 25000, 27937, 28149, 0, 
373, 1, 298, 126, -1, 170, 343, 19.0, 30, ABalappapp, -94, 27274, 36765, 1348, , 27274, 25000, 27619, 27770, 0, 
374, 1, 247, 103, -1, 295, 162, 15.8, 22, MSapppaa, -201, 27302, 13542, 496, , 27302, 25000, 28576, 28397, 0, 
375, 1, 113, 7, -1, 179, 168, 10.2, 27, ABalaaaalp, 357, 27715, 24057, 868, , 27715, 25000, 27857, 27856, 0, 
376, 1, 143, 376, -1, 341, 282, 17.5, 36, Earaa, 382, 31488, 67258, 2136, , 31488, 25000, 29697, 29231, 0, 
377, 1, 353, 385, -1, 324, 187, 26.3, 28, ABplaaappp, 56, 29033, 30891, 1064, , 29033, 25000, 28966, 28906, 0, 
378, 1, 323, 227, -1, 288, 372, 24.5, 24, ABarpappap, 187, 27395, 21039, 768, , 27395, 25000, 27876, 27780, 0, 
379, 1, 152, 355, -1, 522, 306, 6.0, 27, ABprpppapa, -105, 37202, 38392, 1032, , 37202, 25000, 37169, 37153, 0, 
380, 1, 362, 301, -1, 180, 343, 12.1, 27, ABalaappap, 438, 26822, 24354, 908, , 26822, 25000, 27564, 27568, 0, 
381, 0, 374, -1, -1, 88, 262, 14.6, 24, , 197, 2104, 19679, 700, , 28113, 25000, 26562, 26009, 0, 
382, 0, 135, -1, -1, 324, 194, 24.5, 22, , 165, 293, 0, 0, , 0, 0, 0, 0, 0, 
383, 1, 382, 388, -1, 187, 228, 24.0, 22, ABalapapap, 184, 27625, 10608, 384, , 27625, 25000, 28084, 28084, 0, 
