1, 1, 47, 214, -1, 152, 161, 14.3, 28, ABalpppaaa, 232, 28114, 29913, 1064, , 28114, 25000, 27778, 27766, 0, 
2, 1, 68, 55, -1, 188, 290, 16.2, 28, ABaraappaa, 239, 27728, 29170, 1052, , 27728, 25000, 27428, 27586, 0, 
3, 1, 104, 111, -1, 161, 189, 16.4, 28, ABalapaapa, 66, 28449, 28108, 988, , 28449, 25000, 27997, 27968, 0, 
4, 1, 256, 176, -1, 316, 221, 15.4, 29, MSaapaap, 252, 34647, 40052, 1156, , 34647, 25000, 30668, 30698, 0, 
5, 1, 266, 95, -1, 291, 185, 5.6, 29, ABalpapapa, 287, 39490, 45651, 1156, , 39490, 25000, 37457, 37596, 0, 
6, 1, 174, 51, -1, 419, 148, 7.7, 26, ABplppaapp, 16, 28334, 24254, 856, , 28334, 25000, 29802, 29866, 0, 
7, 1, 375, 160, -1, 184, 165, 10.3, 26, ABalaaaalp, 229, 28210, 24148, 856, , 28210, 25000, 27699, 27654, 0, 
8, 1, 268, 163, -1, 443, 324, 5.9, 27, ABprppaapp, 237, 34378, 31215, 908, , 34378, 25000, 32660, 32666, 0, 
9, 0, 330, -1, -1, 248, 306, 26.3, 24, , 200, -2160, 18891, 704, , 26834, 25000, 28845, 28994, 0, 
10, 1, 62, 177, -1, 340, 242, 19.5, 32, Ealaa, 318, 28363, 40616, 1432, , 28363, 25000, 29394, 29310, 0, 
11, 1, 29, 65, -1, 589, 295, 12.4, 28, ABprapappp, 136, 27267, 26940, 988, , 27267, 25000, 27888, 27919, 0, 
12, 1, 86, 78, -1, 543, 132, 12.5, 27, ABplapappa, -85, 27916, 25013, 896, , 27916, 25000, 28514, 28446, 0, 
13, 1, 49, 15, -1, 216, 204, 5.9, 28, ABalpapaaa, 128, 37967, 41308, 1088, , 37967, 25000, 37482, 37669, 0, 
14, 1, 361, 280, -1, 180, 181, 17.5, 29, ABalapaapp, 232, 28093, 30340, 1080, , 28093, 25000, 27367, 27274, 0, 
15, 1, 230, 316, -1, 339, 272, 5.0, 28, ABprpappaa, 280, 31779, 35847, 1128, , 31779, 25000, 34375, 34425, 0, 
16, 1, 310, 205, -1, 508, 173, 17.4, 29, Cappap, 286, 28042, 32416, 1156, , 28042, 25000, 28619, 28695, 0, 
17, 1, 296, 165, -1, 126, 248, 13.7, 28, ABalaaaarl, 213, 27611, 29378, 1064, , 27611, 25000, 27191, 27185, 0, 
18, 1, 228, 1, -1, 166, 213, 9.1, 27, ABalpaappa, 219, 27770, 25215, 908, , 27770, 25000, 28787, 28664, 0, 
19, 1, 41, 255, -1, 314, 374, 11.1, 29, ABprpaaapp, 219, 28681, 34647, 1208, , 28681, 25000, 27856, 27990, 0, 
20, 1, 69, 50, -1, 227, 287, 16.0, 29, ABaraappap, 623, 27604, 33898, 1228, , 27604, 25000, 27768, 27794, 0, 
21, 1, 142, 241, -1, 403, 329, 9.4, 30, MSpapppa, -422, 27747, 32076, 1156, , 27747, 25000, 28775, 28789, 0, 
22, 1, 363, 262, -1, 416, 228, 5.6, 28, ABplpapppa, -22, 36079, 35646, 988, , 36079, 25000, 34465, 34366, 0, 
23, 1, 252, 178, -1, 137, 208, 10.7, 26, ABalaaaala, 233, 26953, 23072, 856, , 26953, 25000, 27696, 27636, 0, 
24, 1, 119, 69, -1, 427, 112, 19.2, 27, ABplapaapp, 130, 27934, 24247, 868, , 27934, 25000, 28094, 28115, 0, 
25, 1, 172, 209, -1, 166, 291, 17.8, 26, MSpaaaaa, 212, 26308, 20941, 796, , 26308, 25000, 27861, 27982, 0, 
26, 1, 215, 112, -1, 285, 373, 10.6, 26, ABprpaaapa, 84, 26925, 22402, 832, , 26925, 25000, 28078, 28133, 0, 
27, 1, 43, 116, -1, 231, 325, 19.2, 28, MSppappa, 202, 27187, 28601, 1052, , 27187, 25000, 27637, 27759, 0, 
28, 1, 50, 22, -1, 255, 174, 6.7, 27, ABalppapap, 264, 35206, 32530, 924, , 35206, 25000, 35304, 35591, 0, 
29, 1, 327, 340, -1, 266, 327, 7.7, 28, ABarappppa, 282, 28900, 30750, 1064, , 28900, 25000, 30218, 29542, 0, 
30, 1, 134, 63, -1, 567, 278, 8.0, 26, ABprappppp, 396, 28095, 23937, 852, , 28095, 25000, 29917, 29914, 0, 
31, 0, 23, -1, -1, 130, 265, 18.9, 23, , 202, 1006, 14010, 496, , 28246, 25000, 27109, 27240, 0, 
32, 1, 175, 269, -1, 485, 306, 6.3, 27, ABprppppap, 343, 30487, 28170, 924, , 30487, 25000, 33596, 33840, 0, 
33, 1, 13, 18, -1, 168, 147, 17.2, 27, ABalpppaap, 54, 27308, 23703, 868, , 27308, 25000, 27342, 27337, 0, 
34, 1, 53, 147, -1, 354, 382, 10.2, 28, ABprppaaaa, 275, 26960, 28362, 1052, , 26960, 25000, 28072, 28109, 0, 
35, 1, 297, 206, -1, 434, 185, 6.9, 27, ABplppppaa, 277, 31219, 28347, 908, , 31219, 25000, 32406, 32020, 0, 
36, 1, 199, 175, -1, 419, 262, 6.4, 28, ABprpapppa, 273, 33444, 33043, 988, , 33444, 25000, 32462, 32442, 0, 
37, 1, 65, 187, -1, 185, 187, 8.8, 27, ABalpaappp, 322, 29021, 25190, 868, , 29021, 25000, 28814, 29013, 0, 
38, 1, 51, 336, -1, 470, 275, 19.3, 32, Eprap, 319, 27538, 43620, 1584, , 27538, 25000, 28513, 28600, 0, 
39, 1, 121, 296, -1, 226, 187, 16.1, 27, MSapapaa, 634, 27295, 24784, 908, , 27295, 25000, 28335, 28462, 0, 
40, 1, 165, 162, -1, 288, 398, 13.5, 26, ABprpaapap, 226, 26977, 24171, 896, , 26977, 25000, 27745, 27747, 0, 
41, 1, 60, 58, -1, 273, 221, 9.5, 29, ABalpapppa, -184, 27569, 29775, 1080, , 27569, 25000, 28834, 28835, 0, 
42, 0, 77, -1, -1, 377, 107, 15.5, 24, , -11, 572, 21961, 768, , 28595, 25000, 27953, 28023, 0, 
43, 1, 46, 113, -1, 415, 230, 16.4, 33, Ealpp, 335, 26905, 44124, 1640, , 26905, 25000, 28838, 28919, 0, 
44, 1, 247, 219, -1, 449, 355, 7.9, 25, ABprppappa, 236, 26818, 17056, 636, , 26818, 25000, 29650, 29634, 0, 
45, 1, 365, 363, -1, 327, 347, 10.8, 25, MSpppapa, 172, 28743, 20235, 704, , 28743, 25000, 28024, 28164, 0, 
46, 1, 262, 239, -1, 328, 395, 13.3, 28, ABprpaappp, 144, 27255, 28999, 1064, , 27255, 25000, 27739, 27682, 0, 
47, 0, 194, -1, -1, 86, 261, 16.5, 27, , -152, 2878, 26321, 896, , 29376, 25000, 26718, 26498, 0, 
48, 1, 101, 24, -1, 467, 107, 17.0, 27, ABplappaap, 182, 27420, 28297, 1032, , 27420, 25000, 28235, 28108, 0, 
49, 1, 144, 325, -1, 144, 333, 19.3, 27, ABalappapa, 258, 26402, 24395, 924, , 26402, 25000, 27364, 27413, 0, 
50, 1, 118, 61, -1, 435, 160, 10.8, 26, MSaapppp, 212, 27095, 21568, 796, , 27095, 25000, 28140, 28146, 0, 
51, 1, 161, 86, -1, 482, 120, 10.6, 27, ABplppappp, 12, 27090, 26765, 988, , 27090, 25000, 27647, 27675, 0, 
52, 1, 28, 100, -1, 208, 190, 13.2, 27, MSapaaap, 205, 27651, 24001, 868, , 27651, 25000, 27899, 27992, 0, 
53, 1, 259, 39, -1, 343, 124, 18.6, 29, ABplaapppa, 98, 26747, 30920, 1156, , 26747, 25000, 27853, 27873, 0, 
54, 1, 345, 190, -1, 378, 195, 22.0, 27, MSappppp, 236, 27760, 28648, 1032, , 27760, 25000, 28665, 28663, 0, 
55, 1, 108, 284, -1, 235, 157, 17.1, 28, ABalpppppa, 106, 26614, 28956, 1088, , 26614, 25000, 27849, 27921, 0, 
56, 1, 188, 283, -1, 224, 367, 21.9, 29, ABpraapaap, 280, 27035, 32658, 1208, , 27035, 25000, 27792, 27827, 0, 
57, 1, 131, 155, -1, 438, 124, 9.5, 26, ABplppappa, 259, 28698, 25713, 896, , 28698, 25000, 27993, 28032, 0, 
58, 1, 94, 44, -1, 328, 158, 6.4, 28, ABalpapapp, -12, 36549, 36110, 988, , 36549, 25000, 36422, 37214, 0, 
59, 1, 223, 215, -1, 249, 392, 16.2, 27, ABpraaaapp, 225, 27118, 23538, 868, , 27118, 25000, 27238, 27256, 0, 
60, 1, 353, 13, -1, 209, 275, 7.0, 26, ABarapaaaa, -93, 31683, 26994, 852, , 31683, 25000, 32810, 32613, 0, 
61, 1, 153, 204, -1, 294, 177, 24.8, 27, ABplaaappa, 274, 27700, 24044, 868, , 27700, 25000, 28409, 28522, 0, 
62, 1, 276, 99, -1, 496, 281, 17.2, 33, Eprpa, 288, 26944, 46991, 1744, , 26944, 25000, 28398, 28590, 0, 
63, 1, 56, 97, -1, 251, 357, 15.9, 28, ABpraaappa, 448, 28262, 30749, 1088, , 28262, 25000, 27410, 27571, 0, 
64, 1, 40, 351, -1, 464, 181, 21.6, 28, Dappp, 284, 28318, 27978, 988, , 28318, 25000, 28160, 28172, 0, 
65, 1, 105, 144, -1, 483, 334, 6.8, 27, ABprpppaaa, 230, 29858, 25917, 868, , 29858, 25000, 32352, 32828, 0, 
66, 1, 18, 152, -1, 402, 401, 20.0, 27, ABprapaapa, 251, 27839, 28730, 1032, , 27839, 25000, 27325, 27333, 0, 
67, 1, 8, 379, -1, 319, 332, 20.4, 27, MSpppppa, 210, 28742, 28397, 988, , 28742, 25000, 27702, 27794, 0, 
68, 1, 285, 139, -1, 326, 382, 8.5, 28, ABprpaaaap, 287, 28481, 30760, 1080, , 28481, 25000, 28300, 28361, 0, 
69, 1, 350, 94, -1, 474, 254, 7.3, 28, ABprpapppp, 221, 30542, 32497, 1064, , 30542, 25000, 31476, 31796, 0, 
70, 1, 184, 192, -1, 307, 319, 5.7, 27, ABarappapa, 221, 37051, 34235, 924, , 37051, 25000, 34884, 35391, 0, 
71, 1, 323, 318, -1, 434, 155, 19.2, 29, Dapap, 219, 27303, 30361, 1112, , 27303, 25000, 28537, 28537, 0, 
72, 1, 354, 221, -1, 179, 260, 18.6, 24, ABaraaaapp, -64, 27787, 19451, 700, , 27787, 25000, 27779, 27903, 0, 
73, 1, 281, 257, -1, 383, 349, 25.8, 29, ABarpppaap, 246, 27807, 30921, 1112, , 27807, 25000, 27946, 27948, 0, 
74, 1, 356, 364, -1, 366, 149, 14.9, 30, Daap, 269, 27520, 37317, 1356, , 27520, 25000, 28622, 28646, 0, 
75, 1, 248, 254, -1, 178, 287, 12.8, 26, ABaraaapaa, 210, 27467, 21864, 796, , 27467, 25000, 28161, 28098, 0, 
76, 0, 307, -1, -1, 196, 148, 12.3, 24, , 38, -739, 19216, 704, , 27295, 25000, 27948, 28034, 0, 
77, 1, 355, 129, -1, 288, 246, 25.5, 29, ABplaaaapp, 257, 28534, 30817, 1080, , 28534, 25000, 28147, 28185, 0, 
78, 1, 133, 358, -1, 420, 274, 20.4, 32, Epraa, 323, 26817, 39796, 1484, , 26817, 25000, 28258, 28267, 0, 
79, 1, 269, 226, -1, 121, 255, 16.6, 27, ABalaaapar, 217, 27048, 26723, 988, , 27048, 25000, 27070, 27091, 0, 
80, 1, 216, 302, -1, 361, 362, 21.6, 29, ABprapaaaa, -45, 28654, 33124, 1156, , 28654, 25000, 27426, 27435, 0, 
81, 1, 290, 89, -1, 302, 117, 15.4, 29, ABplpaappp, 82, 26913, 31112, 1156, , 26913, 25000, 27931, 27800, 0, 
82, 1, 15, 134, -1, 496, 139, 8.0, 27, ABplpppaap, 257, 28027, 28924, 1032, , 28027, 25000, 30419, 30635, 0, 
83, 1, 277, 161, -1, 538, 183, 16.4, 31, Capppa, 265, 27791, 37018, 1332, , 27791, 25000, 28498, 28665, 0, 
84, 1, 147, 290, -1, 211, 346, 16.2, 26, ABpraaapaa, 160, 27173, 21630, 796, , 27173, 25000, 27889, 27868, 0, 
85, 1, 325, 115, -1, 475, 215, 26.1, 34, Caaaaa, 349, 27960, 55249, 1976, , 27960, 25000, 28459, 28462, 0, 
86, 1, 232, 188, -1, 168, 247, 12.9, 27, ABalpaapaa, -31, 26706, 24249, 908, , 26706, 25000, 28471, 28529, 0, 
87, 1, 3, 96, -1, 132, 223, 18.3, 26, ABalapaaaa, 265, 27771, 23772, 856, , 27771, 25000, 27653, 27631, 0, 
88, 1, 185, 143, -1, 552, 215, 22.7, 34, Caaapa, 32, 28003, 52758, 1884, , 28003, 25000, 28351, 28361, 0, 
89, 1, 1, 194, -1, 285, 359, 16.5, 27, ABpraaapppa, 224, 28250, 25312, 896, , 28250, 25000, 27839, 27789, 0, 
90, 1, 171, 186, -1, 276, 220, 14.5, 27, ABaraapapp, 228, 28589, 25616, 896, , 28589, 25000, 29589, 29573, 0, 
91, 1, 339, 373, -1, 529, 326, 16.3, 30, Cpppap, 228, 27160, 35525, 1308, , 27160, 25000, 28275, 28291, 0, 
92, 1, 169, 91, -1, 437, 112, 15.8, 27, ABplappaaa, 116, 28240, 24512, 868, , 28240, 25000, 28659, 28703, 0, 
93, 1, 221, 270, -1, 309, 346, 7.3, 28, ABarappppp, 257, 27085, 28818, 1064, , 27085, 25000, 31312, 31171, 0, 
94, 1, 198, 291, -1, 258, 272, 7.4, 27, ABarapapaa, -93, 29898, 29539, 988, , 29898, 25000, 32025, 31905, 0, 
95, 1, 129, 189, -1, 253, 160, 9.4, 28, ABalppappa, 377, 27872, 27538, 988, , 27872, 25000, 28401, 28443, 0, 
96, 1, 164, 159, -1, 235, 373, 13.1, 26, ABpraaaapa, 145, 27204, 21763, 800, , 27204, 25000, 27143, 27343, 0, 
97, 1, 125, 73, -1, 357, 335, 8.2, 27, ABprpapaap, 267, 27863, 24185, 868, , 27863, 25000, 29223, 29231, 0, 
98, 1, 282, 197, -1, 301, 381, 20.5, 29, ABpraaapppp, 242, 27647, 29859, 1080, , 27647, 25000, 27640, 27605, 0, 
99, 1, 137, 174, -1, 278, 342, 10.3, 27, ABprpaaaaa, 303, 28582, 26410, 924, , 28582, 25000, 28017, 28167, 0, 
100, 1, 81, 312, -1, 426, 152, 14.8, 29, Capaaa, 247, 28222, 31383, 1112, , 28222, 25000, 28887, 28890, 0, 
101, 1, 179, 167, -1, 295, 289, 5.2, 26, ABarappaap, 214, 37036, 29481, 796, , 37036, 25000, 34833, 34792, 0, 
102, 1, 59, 247, -1, 270, 334, 5.4, 28, ABarapppap, 284, 37765, 37312, 988, , 37765, 25000, 37813, 38852, 0, 
103, 1, 374, 196, -1, 296, 166, 15.7, 24, MSapppaa, 223, 26791, 18861, 704, , 26791, 25000, 28101, 28013, 0, 
104, 1, 57, 164, -1, 248, 331, 13.9, 26, MSppapaa, 47, 27420, 21936, 800, , 27420, 25000, 27289, 27437, 0, 
105, 1, 20, 102, -1, 372, 123, 22.1, 26, ABplapaapa, 162, 27426, 21941, 800, , 27426, 25000, 28349, 28380, 0, 
106, 1, 200, 138, -1, 439, 404, 17.6, 27, ABprapaapp, 57, 27589, 27258, 988, , 27589, 25000, 28364, 28364, 0, 
107, 1, 218, 259, -1, 378, 305, 10.9, 26, MSpppaap, 255, 27259, 21807, 800, , 27259, 25000, 28229, 28274, 0, 
108, 1, 34, 45, -1, 564, 223, 10.3, 29, Caapa, 264, 28508, 30447, 1068, , 28508, 25000, 28547, 28676, 0, 
109, 1, 318, 294, -1, 390, 235, 19.3, 32, Ealap, -140, 28418, 45014, 1584, , 28418, 25000, 28817, 28874, 0, 
110, 1, 306, 308, -1, 404, 179, 6.4, 28, ABplpapapp, 205, 33905, 33498, 988, , 33905, 25000, 33111, 33561, 0, 
111, 1, 38, 327, -1, 294, 403, 17.3, 25, ABpraappaa, 227, 26911, 20560, 764, , 26911, 25000, 28101, 28070, 0, 
112, 1, 99, 359, -1, 343, 112, 12.2, 27, ABplppaaaa, 50, 27523, 23890, 868, , 27523, 25000, 26837, 26842, 0, 
113, 1, 138, 108, -1, 389, 374, 9.5, 28, ABprppapaa, 242, 28069, 30315, 1080, , 28069, 25000, 28287, 28371, 0, 
114, 1, 116, 3, -1, 459, 287, 5.9, 26, ABprppppaa, 259, 37176, 29741, 800, , 37176, 25000, 33243, 33207, 0, 
115, 1, 333, 362, -1, 290, 291, 16.5, 29, MSpaapap, 293, 27803, 30027, 1080, , 27803, 25000, 28402, 28481, 0, 
116, 1, 112, 338, -1, 205, 356, 12.2, 27, ABpraaaaaa, 155, 26925, 23371, 868, , 26925, 25000, 27478, 27650, 0, 
117, 1, 253, 231, -1, 314, 247, 6.2, 27, ABarapapap, -23, 34278, 29753, 868, , 34278, 25000, 33199, 33382, 0, 
118, 1, 254, 56, -1, 257, 268, 22.2, 29, MSpaaapa, 154, 28224, 31385, 1112, , 28224, 25000, 28077, 28046, 0, 
119, 1, 309, 354, -1, 324, 263, 11.1, 28, MSpapaaa, 338, 42332, 46057, 1088, , 42332, 25000, 31386, 31394, 0, 
120, 1, 22, 300, -1, 286, 148, 8.5, 27, ABalppappp, 305, 27650, 24774, 896, , 27650, 25000, 29237, 29225, 0, 
121, 1, 61, 149, -1, 487, 128, 21.7, 30, ABplappapa, 253, 27923, 36523, 1308, , 27923, 25000, 27715, 27735, 0, 
122, 1, 372, 352, -1, 262, 165, 25.3, 29, ABplaaapap, 262, 28323, 30249, 1068, , 28323, 25000, 28499, 28793, 0, 
123, 0, -1, -1, -1, 325, 183, 25.9, 22, , 176, -775, 12715, 464, , 27403, 25000, 28128, 28178, 0, 
124, 1, 84, 372, -1, 577, 309, 9.9, 25, ABprappppa, 445, 27443, 18881, 688, , 27443, 25000, 28087, 28119, 0, 
125, 1, 246, 240, -1, 195, 328, 8.2, 27, ABalaapaap, 217, 27588, 23946, 868, , 27588, 25000, 29460, 29533, 0, 
126, 1, 373, 342, -1, 172, 344, 18.2, 29, ABalappapp, 265, 27674, 30773, 1112, , 27674, 25000, 27719, 27560, 0, 
127, 1, 305, 228, -1, 154, 315, 10.1, 26, ABalaapaaa, 223, 27081, 21665, 800, , 27081, 25000, 27971, 27989, 0, 
128, 0, 287, -1, -1, 163, 338, 11.7, 23, , 330, 609, 16802, 592, , 28382, 25000, 27577, 27773, 0, 
129, 1, 12, 232, -1, 232, 287, 8.8, 28, ABarapaapa, 96, 28339, 29813, 1052, , 28339, 25000, 28559, 28534, 0, 
130, 1, 10, 114, -1, 497, 273, 7.5, 28, ABprpppppa, 228, 28413, 30686, 1080, , 28413, 25000, 30824, 30991, 0, 
131, 1, 210, 267, -1, 329, 182, 14.1, 27, MSappaaa, 217, 27319, 24806, 908, , 27319, 25000, 29497, 29511, 0, 
132, 1, 201, 212, -1, 231, 250, 22.8, 29, MSaaaapa, 271, 27326, 30387, 1112, , 27326, 25000, 27890, 27869, 0, 
133, 1, 152, 14, -1, 545, 142, 19.4, 30, ABplapapaa, 107, 27453, 31736, 1156, , 27453, 25000, 28182, 28212, 0, 
134, 1, 55, 20, -1, 265, 364, 12.5, 26, ABprpaapaa, 242, 27296, 24457, 896, , 27296, 25000, 27429, 27453, 0, 
135, 1, 4, 330, -1, 501, 232, 12.7, 32, Eplpp, 70, 27791, 44021, 1584, , 27791, 25000, 29099, 29126, 0, 
136, 1, 135, 141, -1, 253, 120, 17.5, 27, ABplpaapap, 74, 27469, 24612, 896, , 27469, 25000, 27572, 27571, 0, 
137, 1, 106, 104, -1, 345, 349, 5.7, 28, ABarappapp, 31, 38214, 40660, 1064, , 38214, 25000, 36656, 37098, 0, 
138, 1, 157, 52, -1, 266, 353, 20.4, 32, ABpraapapp, 420, 27005, 40075, 1484, , 27005, 25000, 27832, 27966, 0, 
139, 1, 308, 332, -1, 512, 295, 10.6, 30, Cppapp, 291, 27426, 31704, 1156, , 27426, 25000, 28703, 28696, 0, 
140, 1, 220, 367, -1, 387, 176, 14.3, 27, MSappaap, 229, 29056, 26848, 924, , 29056, 25000, 28905, 29101, 0, 
141, 1, 207, 202, -1, 339, 281, 14.1, 29, MSpapaap, 258, 36411, 43985, 1208, , 36411, 25000, 32084, 31625, 0, 
142, 0, 71, -1, -1, 360, 302, 18.4, 24, , 185, -58, 20224, 700, , 28891, 25000, 29026, 28949, 0, 
143, 1, 45, 122, -1, 205, 161, 20.9, 32, ABalppppap, -146, 27776, 43775, 1576, , 27776, 25000, 27785, 27988, 0, 
144, 1, 74, 169, -1, 571, 340, 12.8, 27, ABprapappa, 264, 27234, 23639, 868, , 27234, 25000, 27825, 27849, 0, 
145, 1, 123, 299, -1, 564, 143, 16.3, 28, ABarppappp, 340, 27970, 29760, 1064, , 27970, 25000, 28671, 28714, 0, 
146, 1, 191, 109, -1, 532, 205, 10.4, 29, Capppp, -223, 27567, 31868, 1156, , 27567, 25000, 28506, 28499, 0, 
147, 1, 351, 220, -1, 495, 308, 25.5, 33, Cpaaap, 338, 27770, 45098, 1624, , 27770, 25000, 28199, 28199, 0, 
148, 1, 298, 120, -1, 248, 219, 4.6, 29, ABalpapaap, 291, 37154, 42950, 1156, , 37154, 25000, 34858, 34902, 0, 
149, 1, 167, 182, -1, 206, 307, 6.6, 26, ABaraaappp, -24, 33079, 27522, 832, , 33079, 25000, 34589, 35217, 0, 
150, 0, 225, -1, -1, 368, 405, 15.3, 23, , 198, 234, 16737, 592, , 28272, 25000, 27926, 28038, 0, 
151, 1, 231, 218, -1, 146, 271, 14.8, 26, ABaraaaapa, -172, 26955, 21456, 796, , 26955, 25000, 27664, 27937, 0, 
152, 1, 89, 236, -1, 196, 250, 20.6, 30, MSaaaaap, 189, 27175, 31414, 1156, , 27175, 25000, 28283, 28369, 0, 
153, 1, 343, 210, -1, 139, 325, 13.6, 29, ABalaaappr, 235, 27572, 31873, 1156, , 27572, 25000, 27553, 27431, 0, 
154, 1, 148, 310, -1, 245, 167, 22.6, 32, ABplaapapp, 306, 27095, 40209, 1484, , 27095, 25000, 28177, 28339, 0, 
155, 1, 111, 193, -1, 341, 347, 24.5, 27, ABarpapppp, 219, 27680, 24801, 896, , 27680, 25000, 27848, 27780, 0, 
156, 1, 93, 251, -1, 200, 147, 14.8, 28, ABalpppapa, 698, 27749, 29192, 1052, , 27749, 25000, 27659, 27679, 0, 
157, 1, 166, 136, -1, 513, 272, 14.3, 32, Eprpp, 324, 27787, 44015, 1584, , 27787, 25000, 28666, 28805, 0, 
158, 1, 257, 103, -1, 581, 259, 21.2, 34, Cpaapp, 337, 27962, 53464, 1912, , 27962, 25000, 28616, 28622, 0, 
159, 1, 341, 8, -1, 137, 291, 12.5, 27, ABalaaaarr, 218, 27853, 24956, 896, , 27853, 25000, 27171, 27235, 0, 
160, 1, 317, 137, -1, 313, 376, 16.1, 27, ABprpaappa, 367, 27145, 24648, 908, , 27145, 25000, 27513, 27443, 0, 
161, 1, 168, 208, -1, 285, 240, 21.1, 27, MSaaaapp, 278, 27221, 24717, 908, , 27221, 25000, 28047, 28112, 0, 
162, 1, 205, 148, -1, 226, 207, 21.5, 27, MSapappa, 232, 28933, 25924, 896, , 28933, 25000, 28611, 28625, 0, 
163, 1, 322, 222, -1, 388, 264, 10.8, 29, MSpapapp, 258, 39634, 44073, 1112, , 39634, 25000, 31135, 30965, 0, 
164, 1, 314, 297, -1, 180, 289, 7.0, 26, ABaraaappa, 121, 31854, 27140, 852, , 31854, 25000, 33763, 34553, 0, 
165, 1, 203, 235, -1, 262, 300, 6.3, 27, ABarappaaa, 217, 35340, 32654, 924, , 35340, 25000, 33910, 34396, 0, 
166, 1, 335, 38, -1, 554, 355, 14.7, 27, ABprapapap, 265, 27154, 25090, 924, , 27154, 25000, 27727, 27796, 0, 
167, 1, 140, 292, -1, 130, 207, 14.4, 28, ABalaaapal, 180, 27640, 27308, 988, , 27640, 25000, 27310, 27326, 0, 
168, 1, 70, 237, -1, 306, 124, 10.6, 28, ABplpaaaap, 270, 27448, 27119, 988, , 27448, 25000, 27599, 27661, 0, 
169, 1, 170, 4, -1, 547, 195, 6.9, 26, ABplappppp, 246, 33661, 26929, 800, , 33661, 25000, 34079, 34081, 0, 
170, 1, 288, 317, -1, 590, 203, 12.4, 31, Caappd, 308, 27222, 36260, 1332, , 27222, 25000, 28451, 28564, 0, 
171, 0, 181, -1, -1, 498, 198, 6.0, 26, , 211, -2409, 28158, 852, , 33049, 25000, 35291, 35458, 0, 
172, 1, 145, 36, -1, 439, 295, 15.8, 32, Earpp, 256, 27063, 43518, 1608, , 27063, 25000, 28497, 28497, 0, 
173, 1, 95, 49, -1, 360, 255, 11.9, 25, MSpapapa, 250, 37600, 25869, 688, , 37600, 25000, 31401, 30883, 0, 
174, 1, 177, 309, -1, 349, 148, 22.3, 29, ABplapaaap, -24, 27117, 28961, 1068, , 27117, 25000, 28340, 28534, 0, 
175, 1, 233, 10, -1, 556, 345, 18.6, 27, ABprapapaa, 273, 27679, 27347, 988, , 27679, 25000, 28049, 28026, 0, 
176, 1, 92, 127, -1, 400, 314, 25.9, 33, ABarpppapa, 329, 27191, 47203, 1736, , 27191, 25000, 28253, 28258, 0, 
177, 1, 64, 2, -1, 165, 184, 24.2, 28, ABplaapaaa, 158, 27533, 28965, 1052, , 27533, 25000, 28266, 28277, 0, 
178, 1, 196, 287, -1, 434, 283, 25.6, 32, Cpaaaa, 322, 27375, 40624, 1484, , 27375, 25000, 28579, 28576, 0, 
179, 1, 162, 48, -1, 388, 216, 9.2, 28, MSaappa, 338, 27906, 29357, 1052, , 27906, 25000, 29273, 29282, 0, 
180, 1, 226, 207, -1, 209, 194, 24.7, 26, ABalapappp, 267, 27561, 23592, 856, , 27561, 25000, 28381, 28408, 0, 
181, 1, 7, 168, -1, 524, 126, 15.3, 27, ABplapapap, 127, 27804, 25691, 924, , 27804, 25000, 28571, 28536, 0, 
182, 1, 63, 23, -1, 187, 345, 24.0, 29, ABpraapaaa, 280, 27729, 34051, 1228, , 27729, 25000, 28139, 28146, 0, 
183, 1, 109, 131, -1, 213, 277, 25.4, 29, ABarpaaapa, 250, 28022, 32393, 1156, , 28022, 25000, 28608, 28602, 0, 
184, 1, 76, 26, -1, 225, 227, 25.8, 28, ABplaaaaap, 283, 28577, 30063, 1052, , 28577, 25000, 27847, 27823, 0, 
185, 1, 97, 225, -1, 185, 199, 21.4, 28, ABalapappa, 252, 27102, 26777, 988, , 27102, 25000, 27835, 27791, 0, 
186, 1, 273, 19, -1, 463, 146, 8.0, 27, ABplpppaaa, 68, 27739, 28627, 1032, , 27739, 25000, 30135, 30110, 0, 
187, 1, 289, 306, -1, 155, 306, 20.5, 28, ABalapppaa, 206, 26525, 28647, 1080, , 26525, 25000, 27631, 27774, 0, 
188, 1, 352, 195, -1, 244, 188, 26.4, 26, ABplaaapaa, 199, 27325, 22734, 832, , 27325, 25000, 28166, 28220, 0, 
189, 1, 54, 303, -1, 348, 274, 24.7, 29, ABarpaappa, 229, 29458, 31461, 1068, , 29458, 25000, 28424, 28540, 0, 
190, 1, 249, 16, -1, 401, 394, 14.7, 30, ABpraapppp, 251, 27174, 35544, 1308, , 27174, 25000, 27703, 27703, 0, 
191, 1, 21, 252, -1, 307, 246, 18.1, 29, MSaaapp, 267, 27550, 33280, 1208, , 27550, 25000, 28968, 28955, 0, 
192, 1, 360, 123, -1, 263, 158, 18.8, 26, ABalppppppa, 205, 27528, 21912, 796, , 27528, 25000, 28290, 28299, 0, 
193, 1, 294, 289, -1, 481, 157, 15.2, 29, Capapa, 295, 28366, 31543, 1112, , 28366, 25000, 28805, 28802, 0, 
194, 1, 227, 170, -1, 175, 236, 7.3, 28, ABalpaaaaa, 246, 28310, 30122, 1064, , 28310, 25000, 33041, 33151, 0, 
195, 1, 208, 75, -1, 364, 373, 24.8, 25, ABarpppaaa, 137, 26835, 18892, 704, , 26835, 25000, 27792, 27857, 0, 
196, 1, 25, 43, -1, 219, 293, 20.3, 31, MSpaaaap, 274, 27001, 36937, 1368, , 27001, 25000, 28027, 28064, 0, 
197, 1, 130, 76, -1, 484, 363, 8.3, 26, ABprppappp, 150, 27864, 23852, 856, , 27864, 25000, 28644, 28756, 0, 
198, 1, 275, 157, -1, 513, 222, 25.5, 32, Caaaap, 292, 27299, 39092, 1432, , 27299, 25000, 28637, 28695, 0, 
199, 1, 295, 101, -1, 290, 132, 13.1, 29, ABplpaaapp, 252, 28242, 34116, 1208, , 28242, 25000, 28115, 28171, 0, 
200, 1, 303, 339, -1, 316, 274, 7.9, 26, ABarapapppa, 203, 28689, 22951, 800, , 28689, 25000, 30756, 30815, 0, 
201, 1, 180, 88, -1, 327, 402, 18.5, 29, ABpraappap, 277, 28596, 30884, 1080, , 28596, 25000, 27553, 27612, 0, 
202, 1, 244, 47, -1, 204, 243, 16.5, 29, ABaraapaap, 153, 27873, 30103, 1080, , 27873, 25000, 28517, 28615, 0, 
203, 1, 315, 250, -1, 447, 236, 19.4, 33, Eplaa, 325, 27931, 45807, 1640, , 27931, 25000, 28049, 28140, 0, 
204, 1, 313, 233, -1, 512, 235, 17.5, 32, Eplpa, 319, 28314, 40545, 1432, , 28314, 25000, 28843, 28827, 0, 
205, 1, 209, 27, -1, 604, 260, 17.7, 32, Cpapap, 420, 27102, 42929, 1584, , 27102, 25000, 28588, 28569, 0, 
206, 1, 85, 344, -1, 294, 314, 25.7, 29, ABarpapapp, 261, 28608, 30553, 1068, , 28608, 25000, 28496, 28447, 0, 
207, 1, 187, 54, -1, 246, 360, 18.8, 30, ABpraapapa, 259, 27120, 35799, 1320, , 27120, 25000, 27786, 27801, 0, 
208, 1, 154, 77, -1, 204, 162, 23.8, 31, ABplaapaap, -12, 26714, 39109, 1464, , 26714, 25000, 27921, 28094, 0, 
209, 1, 272, 319, -1, 196, 307, 26.2, 28, ABarpapaaa, 267, 27417, 28843, 1052, , 27417, 25000, 28605, 28662, 0, 
210, 0, 286, -1, -1, 217, 355, 9.7, 23, , 56, 2076, 18174, 592, , 30699, 25000, 28428, 28623, 0, 
211, 1, 299, 92, -1, 561, 294, 15.1, 29, Cppppa, 298, 26787, 32359, 1208, , 26787, 25000, 28427, 28421, 0, 
212, 1, 103, 184, -1, 153, 198, 19.8, 28, ABalapaaap, -158, 27567, 29000, 1052, , 27567, 25000, 27865, 27860, 0, 
213, 1, 235, 121, -1, 428, 376, 9.9, 26, ABprppapap, 263, 27943, 22354, 800, , 27943, 25000, 27955, 27962, 0, 
214, 1, 263, 242, -1, 527, 348, 11.3, 26, ABprapppaa, 90, 26950, 23069, 856, , 26950, 25000, 27600, 27621, 0, 
215, 1, 311, 371, -1, 472, 228, 16.7, 31, Eplap, 314, 27536, 37669, 1368, , 27536, 25000, 28128, 28177, 0, 
216, 1, 78, 146, -1, 220, 173, 8.0, 25, ABalppapaa, 250, 29319, 22400, 764, , 29319, 25000, 29989, 29954, 0, 
217, 1, 312, 386, -1, 358, 390, 17.7, 28, ABpraapppa, 238, 26621, 28325, 1064, , 26621, 25000, 27990, 28058, 0, 
218, 1, 67, 90, -1, 373, 243, 25.4, 31, ABarpaappp, 316, 27911, 37178, 1332, , 27911, 25000, 28086, 28107, 0, 
219, 1, 211, 335, -1, 245, 239, 10.6, 28, ABalpaaapp, 200, 27341, 27013, 988, , 27341, 25000, 28012, 28085, 0, 
220, 1, 113, 98, -1, 390, 287, 17.7, 32, Earap, 315, 27731, 43926, 1584, , 27731, 25000, 28390, 28473, 0, 
221, 1, 136, 119, -1, 496, 112, 15.9, 27, ABplappapp, 243, 28280, 25678, 908, , 28280, 25000, 27914, 27972, 0, 
222, 1, 35, 46, -1, 451, 227, 5.5, 28, ABplpapppp, -125, 35573, 38419, 1080, , 35573, 25000, 33635, 33639, 0, 
223, 1, 357, 380, -1, 316, 202, 20.9, 24, MSappppa, 244, 28863, 17433, 604, , 28863, 25000, 28415, 28482, 0, 
224, 1, 362, 173, -1, 203, 235, 6.5, 26, ABalpaaaap, 145, 35670, 31960, 896, , 35670, 25000, 34081, 34505, 0, 
225, 1, 39, 227, -1, 289, 271, 8.8, 28, ABarapappa, 166, 27900, 29351, 1052, , 27900, 25000, 28918, 29024, 0, 
226, 1, 293, 273, -1, 447, 171, 25.7, 30, ABarppaapp, -87, 27498, 35968, 1308, , 27498, 25000, 29060, 29062, 0, 
227, 1, 378, 201, -1, 282, 366, 23.5, 27, ABarpappap, 262, 27471, 24614, 896, , 27471, 25000, 28058, 28004, 0, 
228, 1, 265, 329, -1, 540, 256, 6.5, 27, ABprpppppp, 266, 32477, 29099, 896, , 32477, 25000, 35648, 35709, 0, 
229, 1, 347, 376, -1, 389, 113, 18.4, 29, ABplaapppp, 262, 27021, 31236, 1156, , 27021, 25000, 28803, 28834, 0, 
230, 1, 128, 243, -1, 216, 372, 17.9, 27, ABpraaapap, -26, 27264, 24756, 908, , 27264, 25000, 28092, 28056, 0, 
231, 1, 214, 311, -1, 189, 156, 18.8, 29, ABalppppaa, 258, 26775, 29774, 1112, , 26775, 25000, 27573, 27606, 0, 
232, 1, 149, 117, -1, 273, 117, 19.7, 24, ABplaappaa, -33, 26739, 18824, 704, , 26739, 25000, 27463, 27547, 0, 
233, 1, 115, 278, -1, 465, 386, 21.9, 30, ABarppppap, 297, 26751, 36275, 1356, , 26751, 25000, 27686, 27619, 0, 
234, 1, 217, 32, -1, 293, 320, 19.9, 26, MSppappp, 256, 28643, 22914, 800, , 28643, 25000, 27866, 27854, 0, 
235, 1, 17, 203, -1, 408, 329, 6.1, 25, ABprppaapa, 290, 31942, 20315, 636, , 31942, 25000, 33332, 33603, 0, 
236, 1, 5, 87, -1, 497, 387, 19.3, 28, ABprappapa, 434, 27123, 28859, 1064, , 27123, 25000, 27372, 27371, 0, 
237, 1, 9, 295, -1, 245, 226, 14.7, 31, ABaraapapa, 150, 28508, 38999, 1368, , 28508, 25000, 28257, 28275, 0, 
238, 1, 182, 132, -1, 281, 283, 19.4, 31, MSpaaapp, 303, 26467, 35254, 1332, , 26467, 25000, 28478, 28450, 0, 
239, 1, 37, 133, -1, 208, 130, 17.6, 28, ABalpppapp, 66, 26668, 26348, 988, , 26668, 25000, 27369, 27411, 0, 
240, 1, 229, 183, -1, 238, 234, 7.3, 26, ABalpappaa, 124, 28855, 24700, 856, , 28855, 25000, 31625, 31253, 0, 
241, 1, 367, 348, -1, 262, 314, 23.7, 26, ABarpapapa, -76, 28443, 24347, 856, , 28443, 25000, 27798, 27836, 0, 
242, 1, 26, 154, -1, 583, 201, 8.7, 26, Caappv, 197, 27544, 23578, 856, , 27544, 25000, 28433, 28469, 0, 
243, 1, 219, 126, -1, 234, 242, 18.5, 28, MSaaapaa, 269, 26983, 29142, 1080, , 26983, 25000, 27698, 27573, 0, 
244, 1, 58, 185, -1, 203, 318, 11.6, 27, MSppaaaa, 238, 28802, 28456, 988, , 28802, 25000, 27555, 27617, 0, 
245, 1, 155, 323, -1, 430, 239, 9.1, 30, MSpappa, 213, 27495, 37283, 1356, , 27495, 25000, 28816, 28850, 0, 
246, 1, 241, 238, -1, 218, 146, 11.4, 28, ABalppaapp, 223, 27109, 26784, 988, , 27109, 25000, 27500, 27612, 0, 
247, 1, 156, 40, -1, 380, 271, 5.3, 27, ABprpappap, 276, 35004, 32344, 924, , 35004, 25000, 35173, 35306, 0, 
248, 1, 358, 375, -1, 187, 342, 20.3, 28, ABalappppa, 281, 26992, 28719, 1064, , 26992, 25000, 27760, 27632, 0, 
249, 1, 319, 64, -1, 264, 274, 13.9, 31, ABaraapppa, 209, 27961, 41383, 1480, , 27961, 25000, 28065, 28102, 0, 
250, 1, 48, 328, -1, 520, 171, 8.9, 26, ABplapppap, 261, 27731, 22185, 800, , 27731, 25000, 28795, 28780, 0, 
251, 1, 344, 31, -1, 315, 277, 25.4, 30, ABarpaapap, 285, 27043, 31262, 1156, , 27043, 25000, 29033, 28894, 0, 
252, 1, 337, 331, -1, 475, 159, 18.7, 31, Cappaa, 288, 28206, 38586, 1368, , 28206, 25000, 28053, 28079, 0, 
253, 1, 278, 322, -1, 406, 204, 26.5, 32, ABarppaapa, 322, 28167, 40335, 1432, , 28167, 25000, 28377, 28377, 0, 
254, 1, 349, 213, -1, 331, 232, 12.5, 26, MSaapapa, 148, 33138, 29692, 896, , 33138, 25000, 31445, 31036, 0, 
255, 1, 204, 42, -1, 391, 282, 14.4, 32, Earpa, 163, 27559, 40898, 1484, , 27559, 25000, 29442, 29521, 0, 
256, 1, 242, 343, -1, 164, 211, 13.6, 26, MSapaaaa, 41, 28030, 23321, 832, , 28030, 25000, 28244, 28375, 0, 
257, 1, 6, 118, -1, 314, 359, 24.4, 30, ABarpapppa, 258, 27488, 31776, 1156, , 27488, 25000, 28412, 28396, 0, 
258, 1, 260, 125, -1, 249, 154, 11.8, 28, ABplpaaaaa, 81, 26848, 28244, 1052, , 26848, 25000, 27856, 27692, 0, 
259, 1, 98, 85, -1, 543, 321, 9.8, 27, ABprapppap, 67, 27613, 23968, 868, , 27613, 25000, 28072, 28125, 0, 
260, 1, 143, 285, -1, 548, 160, 9.5, 26, ABplappppa, 232, 27589, 24720, 896, , 27589, 25000, 28274, 28255, 0, 
261, 0, 258, -1, -1, 148, 179, 12.1, 25, , 64, -484, 19292, 688, , 28041, 25000, 28192, 28525, 0, 
262, 1, 240, 25, -1, 132, 306, 17.1, 27, ABalaaappl, -52, 27107, 24613, 908, , 27107, 25000, 27814, 27835, 0, 
263, 1, 96, 135, -1, 229, 336, 6.9, 26, ABarapppaa, -63, 31815, 25452, 800, , 31815, 25000, 33192, 33372, 0, 
264, 1, 197, 105, -1, 271, 229, 6.7, 29, ABalpappap, 249, 32387, 34589, 1068, , 32387, 25000, 32999, 33417, 0, 
265, 1, 19, 80, -1, 238, 319, 11.4, 25, MSppaaap, 163, 26751, 22257, 832, , 26751, 25000, 28561, 28680, 0, 
266, 1, 107, 353, -1, 461, 182, 12.1, 30, Capaap, 261, 27818, 37721, 1356, , 27818, 25000, 28464, 28648, 0, 
267, 1, 369, 389, -1, 492, 171, 5.6, 22, ABplpppapa, 156, 39535, 22614, 572, , 39535, 25000, 37667, 37606, 0, 
268, 1, 328, 305, -1, 249, 311, 16.6, 25, MSpaapaa, 300, 27637, 22994, 832, , 27637, 25000, 28057, 28174, 0, 
269, 1, 236, 341, -1, 176, 353, 15.5, 30, ABalaapppp, 106, 28135, 34662, 1232, , 28135, 25000, 27277, 27262, 0, 
270, 1, 279, 369, -1, 216, 231, 13.0, 25, ABalpaapapp, 254, 28055, 21434, 764, , 28055, 25000, 28380, 28457, 0, 
271, 1, 83, 35, -1, 308, 189, 18.8, 25, MSapppap, 234, 28216, 19864, 704, , 28216, 25000, 28040, 28195, 0, 
272, 1, 359, 377, -1, 242, 151, 14.5, 30, ABplpaapaa, 268, 27330, 33670, 1232, , 27330, 25000, 27859, 27960, 0, 
273, 1, 102, 253, -1, 234, 190, 11.3, 23, MSapaapa, 195, 27002, 15985, 592, , 27002, 25000, 27540, 27575, 0, 
274, 1, 340, 256, -1, 367, 334, 18.0, 24, Dpaap, 5, 26729, 16251, 608, , 26729, 25000, 28220, 28262, 0, 
275, 1, 100, 334, -1, 337, 305, 10.2, 25, MSpppaaa, 242, 28180, 19839, 704, , 28180, 25000, 28462, 28577, 0, 
276, 1, 234, 260, -1, 517, 149, 11.3, 27, ABplapppaa, 197, 26365, 24361, 924, , 26365, 25000, 28079, 28092, 0, 
277, 1, 270, 246, -1, 154, 253, 17.8, 26, MSaaaaaa, -180, 27746, 22086, 796, , 27746, 25000, 27852, 28040, 0, 
278, 1, 189, 199, -1, 587, 315, 18.3, 29, ABarpppppp, 299, 26539, 28344, 1068, , 26539, 25000, 28186, 28190, 0, 
279, 1, 195, 145, -1, 301, 281, 13.4, 29, ABaraapppp, 163, 26885, 31079, 1156, , 26885, 25000, 29147, 29045, 0, 
280, 1, 80, 230, -1, 318, 214, 5.2, 24, ABplpappaaa, 225, 38572, 25303, 656, , 38572, 25000, 35097, 35115, 0, 
281, 1, 24, 361, -1, 290, 315, 10.6, 24, MSppaapa, 205, 27829, 19480, 700, , 27829, 25000, 28556, 28693, 0, 
282, 1, 291, 171, -1, 494, 338, 14.6, 30, Cppapa, 302, 27338, 31603, 1156, , 27338, 25000, 28578, 28618, 0, 
283, 1, 31, 229, -1, 329, 312, 7.7, 28, ABprpapaaa, 50, 28369, 30185, 1064, , 28369, 25000, 30966, 30935, 0, 
284, 1, 370, 355, -1, 148, 257, 11.1, 26, ABaraaaaaa, 266, 29231, 23385, 800, , 29231, 25000, 27666, 27691, 0, 
285, 1, 88, 216, -1, 449, 133, 23.5, 30, ABarppapap, 300, 27140, 33437, 1232, , 27140, 25000, 27895, 27895, 0, 
286, 1, 346, 5, -1, 206, 374, 14.3, 26, ABpraaaaap, 9, 26304, 22516, 856, , 26304, 25000, 27085, 27287, 0, 
287, 1, 250, 158, -1, 391, 356, 17.4, 27, Dppaa, 183, 27541, 27211, 988, , 27541, 25000, 28348, 28402, 0, 
288, 1, 163, 298, -1, 234, 269, 5.4, 26, ABarapaaap, 307, 38698, 32197, 832, , 38698, 25000, 36663, 37026, 0, 
289, 1, 316, 345, -1, 367, 173, 26.0, 30, ABarppaaap, 298, 27938, 37661, 1348, , 27938, 25000, 28945, 28946, 0, 
290, 1, 300, 130, -1, 179, 261, 26.2, 29, ABarpaaaap, 295, 28117, 31266, 1112, , 28117, 25000, 29258, 29243, 0, 
291, 1, 14, 60, -1, 239, 172, 20.3, 30, ABplaapapa, 255, 27865, 36447, 1308, , 27865, 25000, 28063, 28341, 0, 
292, 1, 304, 153, -1, 290, 173, 12.0, 27, MSapaapp, 263, 27545, 28426, 1032, , 27545, 25000, 28594, 28596, 0, 
293, 1, 193, 368, -1, 277, 271, 10.7, 33, ABarapaapp, 117, 26978, 46833, 1736, , 26978, 25000, 28165, 28337, 0, 
294, 1, 238, 172, -1, 418, 114, 12.0, 27, ABplppapap, 264, 26963, 27826, 1032, , 26963, 25000, 27910, 27839, 0, 
295, 1, 366, 53, -1, 180, 305, 23.1, 28, ABalapppap, 251, 28665, 31187, 1088, , 28665, 25000, 28336, 28293, 0, 
296, 1, 36, 223, -1, 310, 176, 8.5, 28, ABplpapaaa, 35, 28521, 30803, 1080, , 28521, 25000, 28999, 29077, 0, 
297, 0, 75, -1, -1, 362, 240, 5.3, 25, , 360, 1116, 28158, 764, , 36856, 25000, 35493, 35740, 0, 
298, 1, 190, 62, -1, 267, 231, 18.1, 28, MSaaapap, 286, 27529, 29952, 1088, , 27529, 25000, 28378, 28375, 0, 
299, 1, 264, 9, -1, 359, 260, 8.1, 27, ABarapapppp, 227, 29297, 26602, 908, , 29297, 25000, 29812, 29751, 0, 
300, 1, 30, 281, -1, 413, 297, 5.5, 26, ABprpapapp, 246, 33968, 30435, 896, , 33968, 25000, 34123, 34097, 0, 
301, 1, 380, 388, -1, 184, 341, 11.0, 27, ABalaappap, 131, 26215, 27054, 1032, , 26215, 25000, 27976, 27884, 0, 
302, 1, 202, 156, -1, 326, 349, 18.4, 25, MSppppap, 456, 26858, 22346, 832, , 26858, 25000, 27538, 27458, 0, 
303, 1, 110, 41, -1, 465, 185, 6.8, 27, ABplppppap, 259, 33953, 29471, 868, , 33953, 25000, 31251, 31259, 0, 
304, 1, 82, 93, -1, 448, 349, 13.5, 31, Cppaaa, 260, 27671, 34091, 1232, , 27671, 25000, 28185, 28221, 0, 
305, 0, 245, -1, -1, 542, 298, 7.7, 24, , 239, 733, 21930, 704, , 31151, 25000, 30516, 30418, 0, 
306, 1, 160, 244, -1, 309, 117, 19.9, 28, ABplaappap, 151, 28012, 30477, 1088, , 28012, 25000, 27919, 28017, 0, 
307, 1, 261, 347, -1, 565, 234, 7.3, 27, Cpappv, 270, 29045, 26838, 924, , 29045, 25000, 33063, 33302, 0, 
308, 1, 178, 59, -1, 591, 197, 20.2, 33, Caaapp, 337, 27099, 47260, 1744, , 27099, 25000, 28069, 28071, 0, 
309, 1, 176, 21, -1, 187, 217, 26.4, 29, ABplaaaaaa, 426, 28516, 32965, 1156, , 28516, 25000, 29083, 29212, 0, 
310, 1, 90, 128, -1, 297, 146, 18.2, 28, ABplpaappa, 248, 26548, 27929, 1052, , 26548, 25000, 28274, 28347, 0, 
311, 1, 371, 268, -1, 237, 275, 12.4, 26, ABaraaapapp, 200, 27663, 23016, 832, , 27663, 25000, 28458, 28453, 0, 
312, 1, 224, 151, -1, 447, 392, 13.6, 27, ABprappaaa, 57, 27093, 26768, 988, , 27093, 25000, 27547, 27535, 0, 
313, 1, 338, 12, -1, 476, 325, 10.8, 29, Cppaap, 295, 26606, 29586, 1112, , 26606, 25000, 28589, 28543, 0, 
314, 1, 91, 321, -1, 480, 218, 8.0, 28, ABplpppppa, 233, 28153, 31757, 1128, , 28153, 25000, 30134, 30173, 0, 
315, 1, 72, 191, -1, 173, 283, 9.5, 27, ABaraaaaap, 270, 28009, 25096, 896, , 28009, 25000, 28234, 28341, 0, 
316, 1, 11, 245, -1, 221, 317, 24.5, 27, ABarpapaap, 257, 27382, 24534, 896, , 27382, 25000, 27657, 27656, 0, 
317, 1, 186, 266, -1, 420, 211, 11.4, 32, Z3, 80, 27337, 40568, 1484, , 27337, 25000, 27991, 28032, 0, 
318, 1, 16, 67, -1, 540, 275, 24.2, 33, Cpaapa, 324, 27968, 48777, 1744, , 27968, 25000, 28451, 28451, 0, 
319, 1, 24, 81, -1, 320, 320, 12.2, 25, MSppaapp, 204, 28646, 20167, 704, , 28646, 25000, 27809, 27833, 0, 
320, 1, 2, 346, -1, 376, 310, 6.5, 26, ABprpapapa, 249, 31903, 28585, 896, , 31903, 25000, 32495, 32560, 0, 
321, 1, 302, 261, -1, 346, 210, 25.8, 28, ABarppaaaa, 280, 27559, 28992, 1052, , 27559, 25000, 28508, 28545, 0, 
322, 1, 329, 307, -1, 304, 220, 8.6, 26, ABalpappppa, 205, 27993, 23290, 832, , 27993, 25000, 29198, 29382, 0, 
323, 1, 33, 279, -1, 382, 107, 12.2, 28, ABplppapaa, 104, 28001, 29457, 1052, , 28001, 25000, 28029, 28062, 0, 
324, 1, 237, 70, -1, 525, 157, 22.6, 30, ABarppappa, 304, 27595, 31900, 1156, , 27595, 25000, 28032, 28034, 0, 
325, 1, 141, 179, -1, 335, 149, 9.1, 27, ABplpapaap, 244, 27773, 25218, 908, , 27773, 25000, 28636, 28422, 0, 
326, 1, 271, 248, -1, 354, 206, 11.9, 28, MSaapapp, 282, 35745, 38891, 1088, , 35745, 25000, 30411, 30441, 0, 
327, 1, 239, 265, -1, 349, 346, 15.1, 27, Dpaaa, 124, 27069, 24579, 908, , 27069, 25000, 27844, 27866, 0, 
328, 1, 66, 34, -1, 175, 253, 15.5, 28, ABaraapaaa, 608, 27617, 29826, 1080, , 27617, 25000, 28050, 28400, 0, 
329, 1, 146, 29, -1, 484, 386, 14.3, 27, ABprappaap, 73, 29170, 26953, 924, , 29170, 25000, 27658, 27671, 0, 
330, 1, 127, 166, -1, 450, 274, 11.4, 32, Z2, 308, 27343, 40577, 1484, , 27343, 25000, 28600, 28629, 0, 
331, 1, 348, 140, -1, 330, 150, 13.2, 28, MSappap, 252, 27985, 29440, 1052, , 27985, 25000, 28362, 28472, 0, 
332, 1, 324, 124, -1, 405, 145, 24.4, 31, ABarppapaa, 245, 29168, 38852, 1332, , 29168, 25000, 28592, 28599, 0, 
333, 1, 250, 71, -1, 439, 358, 17.4, 27, Dppap, 206, 27126, 26800, 988, , 27126, 25000, 28133, 28133, 0, 
334, 1, 255, 326, -1, 541, 262, 10.4, 29, Cppppp, 295, 26913, 31111, 1156, , 26913, 25000, 28500, 28457, 0, 
335, 1, 159, 150, -1, 377, 172, 7.5, 26, ABplpapapa, 259, 28950, 25939, 896, , 28950, 25000, 30526, 30758, 0, 
336, 1, 283, 293, -1, 298, 214, 11.9, 27, MSaapaaa, 151, 36382, 33035, 908, , 36382, 25000, 30058, 30118, 0, 
337, 1, 243, 37, -1, 277, 160, 21.8, 27, ABalppppppp, 233, 25654, 22268, 868, , 25654, 25000, 28017, 28129, 0, 
338, 1, 117, 276, -1, 258, 357, 24.3, 28, ABarpappaa, 211, 28567, 30395, 1064, , 28567, 25000, 27984, 28145, 0, 
339, 1, 120, 274, -1, 594, 193, 15.8, 32, Cpapaa, 402, 28614, 46011, 1608, , 28614, 25000, 28550, 28592, 0, 
340, 1, 27, 181, -1, 419, 181, 21.4, 31, Dappa, 300, 28282, 37672, 1332, , 28282, 25000, 28342, 28411, 0, 
341, 1, 332, 333, -1, 279, 210, 21.6, 27, MSapappp, 215, 27959, 27623, 988, , 27959, 25000, 27836, 27856, 0, 
342, 1, 122, 314, -1, 475, 331, 21.5, 31, Dpppp, 36, 28076, 34590, 1232, , 28076, 25000, 28126, 28185, 0, 
343, 1, 173, 110, -1, 439, 307, 9.5, 28, MSpapppp, 267, 28464, 30741, 1080, , 28464, 25000, 28350, 28357, 0, 
344, 1, 334, 79, -1, 334, 171, 23.3, 30, ABplapaaaa, 256, 26735, 34970, 1308, , 26735, 25000, 28538, 28613, 0, 
345, 1, 126, 286, -1, 261, 130, 13.4, 25, ABplpaaapa, 225, 28678, 23860, 832, , 28678, 25000, 28088, 28106, 0, 
346, 1, 124, 272, -1, 393, 168, 11.3, 29, MSaapppa, -178, 27162, 29009, 1068, , 27162, 25000, 27949, 27954, 0, 
347, 1, 321, 180, -1, 516, 338, 7.6, 27, ABprpppaap, 227, 29605, 29250, 988, , 29605, 25000, 29730, 29844, 0, 
348, 1, 342, 356, -1, 185, 245, 10.5, 26, ABalpaapapa, 228, 26537, 23777, 896, , 26537, 25000, 28986, 28995, 0, 
349, 1, 274, 271, -1, 340, 178, 18.1, 31, Daaa, 352, 27662, 40940, 1480, , 27662, 25000, 28600, 28620, 0, 
350, 1, 331, 378, -1, 308, 338, 14.7, 25, MSppppaa, 56, 27743, 21196, 764, , 27743, 25000, 27902, 27912, 0, 
351, 1, 73, 313, -1, 256, 238, 26.2, 29, ABplaaaapa, -155, 27274, 30329, 1112, , 27274, 25000, 28167, 28090, 0, 
352, 1, 79, 350, -1, 525, 350, 21.6, 31, ABarpppppa, 301, 27459, 36576, 1332, , 27459, 25000, 28043, 28043, 0, 
353, 1, 150, 68, -1, 567, 163, 12.6, 27, ABplapappp, -62, 27331, 27003, 988, , 27331, 25000, 28388, 28410, 0, 
354, 0, 87, -1, -1, 156, 240, 23.7, 24, , 206, -630, 19403, 704, , 27561, 25000, 28219, 28191, 0, 
355, 1, 379, 357, -1, 524, 300, 6.1, 29, ABprpppapa, -146, 35431, 40391, 1140, , 35431, 25000, 36511, 36608, 0, 
356, 1, 158, 66, -1, 522, 380, 15.9, 28, ABprappapp, 254, 26644, 28989, 1088, , 26644, 25000, 27613, 27615, 0, 
357, 1, 320, 282, -1, 386, 166, 18.5, 28, Dapaa, 288, 26849, 28997, 1080, , 26849, 25000, 28685, 28685, 0, 
358, 1, 213, 57, -1, 390, 375, 20.7, 28, ABprapaaap, 251, 27347, 29097, 1064, , 27347, 25000, 27849, 27956, 0, 
359, 1, 206, 142, -1, 423, 381, 23.4, 31, ABarppppaa, 290, 28008, 37306, 1332, , 28008, 25000, 28037, 28052, 0, 
360, 1, 301, 224, -1, 483, 345, 18.1, 31, Cpppaa, 299, 26639, 39426, 1480, , 26639, 25000, 28505, 28537, 0, 
361, 1, 292, 82, -1, 174, 180, 12.8, 25, ABalppaaap, -138, 26095, 18371, 704, , 26095, 25000, 27843, 27799, 0, 
362, 1, 192, 106, -1, 384, 143, 8.2, 27, ABplppaapa, 233, 27546, 23910, 868, , 27546, 25000, 29211, 29278, 0, 
363, 1, 336, 200, -1, 266, 281, 26.4, 29, ABarpaapaa, 221, 27951, 32311, 1156, , 27951, 25000, 28510, 28530, 0, 
364, 1, 267, 360, -1, 161, 330, 15.2, 28, ABalaapppa, 276, 27028, 28433, 1052, , 27028, 25000, 28065, 27942, 0, 
365, 1, 44, 304, -1, 603, 256, 13.4, 29, Cpappd, 293, 27379, 31650, 1156, , 27379, 25000, 28077, 28057, 0, 
366, 1, 326, 72, -1, 278, 328, 13.7, 26, MSppapap, 214, 26936, 23057, 856, , 26936, 25000, 27593, 27598, 0, 
367, 1, 151, 275, -1, 414, 332, 20.5, 29, Dpppa, 86, 28127, 30377, 1080, , 28127, 25000, 28500, 28500, 0, 
368, 1, 284, 337, -1, 493, 186, 11.0, 29, Capapp, 271, 26443, 32472, 1228, , 26443, 25000, 28362, 28320, 0, 
369, 1, 52, 30, -1, 162, 275, 23.5, 30, ABarpaaaaa, 242, 27590, 33991, 1232, , 27590, 25000, 27933, 27923, 0, 
370, 1, 42, 6, -1, 267, 186, 16.5, 27, MSapapap, 208, 28593, 25619, 896, , 28593, 25000, 28587, 28580, 0, 
371, 1, 251, 288, -1, 517, 228, 6.1, 27, ABplpppppp, 57, 36232, 32899, 908, , 36232, 25000, 36207, 36211, 0, 
372, 1, 183, 383, -1, 143, 246, 20.2, 24, ABalappaap, -406, 26210, 17194, 656, , 26210, 25000, 27054, 27086, 0, 
373, 1, 32, 374, -1, 447, 354, 24.7, 30, ABarpppapp, 266, 28222, 36914, 1308, , 28222, 25000, 28149, 28185, 0, 
374, 1, 371, 17, -1, 204, 276, 11.3, 26, ABaraaapapa, 209, 27272, 23345, 856, , 27272, 25000, 28688, 28643, 0, 
375, 1, 280, 249, -1, 339, 222, 9.0, 28, ABalpappppp, 280, 27396, 30903, 1128, , 27396, 25000, 29867, 29875, 0, 
376, 1, 376, 28, -1, 341, 285, 17.5, 36, Earaa, 328, 30194, 64495, 2136, , 30194, 25000, 29764, 29384, 0, 
377, 1, 114, 301, -1, 366, 203, 6.0, 27, ABplpappaap, -58, 35984, 37135, 1032, , 35984, 25000, 34155, 34250, 0, 
378, 1, 222, 198, -1, 370, 235, 15.3, 32, Ealpa, -393, 28484, 45118, 1584, , 28484, 25000, 29564, 29557, 0, 
379, 1, 132, 107, -1, 218, 221, 9.6, 26, ABalpaaapa, 247, 27059, 22513, 832, , 27059, 25000, 28158, 28186, 0, 
380, 1, 139, 277, -1, 371, 357, 13.7, 27, Dpapa, 209, 28475, 26311, 924, , 28475, 25000, 27967, 28111, 0, 
381, 1, 368, 381, -1, 242, 357, 9.3, 25, ABalaapapp, 139, 27775, 21220, 764, , 27775, 25000, 27934, 27966, 0, 
382, 1, 212, 365, -1, 353, 346, 12.8, 22, MSpppapp, -85, 27571, 13675, 496, , 27571, 25000, 27523, 27963, 0, 
383, 1, 364, 370, -1, 233, 343, 24.9, 23, ABalappppp, 14, 26339, 13064, 496, , 26339, 25000, 28104, 27978, 0, 
384, 1, 139, 315, -1, 411, 336, 12.8, 27, Dpapp, 498, 28157, 24440, 868, , 28157, 25000, 28296, 28344, 0, 
385, 1, 377, 320, -1, 321, 199, 25.4, 23, ABplaaappp, 149, 28292, 18107, 640, , 28292, 25000, 28066, 28152, 0, 
386, 0, 381, -1, -1, 86, 261, 14.6, 24, , 182, 896, 19051, 700, , 27216, 25000, 26687, 26320, 0, 
387, 1, 8, 382, -1, 368, 319, 21.4, 26, MSpppppp, 221, 26980, 22447, 832, , 26980, 25000, 28145, 28145, 0, 
388, 1, 383, 387, -1, 180, 227, 24.0, 22, ABalapapap, 184, 27052, 10388, 384, , 27052, 25000, 28267, 28391, 0, 
