1, 0, 7, -1, -1, 88, 263, 16.4, 28, , 159, 5229, 31236, 988, , 31615, 25000, 26668, 26386, 0, 
2, 0, 217, -1, -1, 539, 292, 7.5, 25, , 223, -145, 24047, 768, , 31311, 25000, 31407, 31456, 0, 
3, 1, 139, 129, -1, 331, 382, 8.3, 29, ABprpaaaap, 309, 28269, 30191, 1068, , 28269, 25000, 29380, 29718, 0, 
4, 1, 138, 179, -1, 435, 405, 17.4, 27, ABprapaapp, 241, 26628, 26308, 988, , 26628, 25000, 27802, 27802, 0, 
5, 1, 337, 360, -1, 491, 181, 11.2, 28, Capapp, 284, 26743, 28134, 1052, , 26743, 25000, 28761, 28884, 0, 
6, 1, 146, 75, -1, 224, 172, 7.9, 26, ABalppapaa, -39, 28470, 22776, 800, , 28470, 25000, 30633, 30816, 0, 
7, 1, 29, 72, -1, 489, 390, 14.4, 27, ABprappaap, 95, 26936, 26613, 988, , 26936, 25000, 27726, 27760, 0, 
8, 1, 60, 249, -1, 243, 176, 20.4, 29, ABplaapapa, 255, 27259, 31511, 1156, , 27259, 25000, 28516, 28776, 0, 
9, 1, 182, 364, -1, 206, 308, 6.8, 26, ABaraaappp, 216, 31887, 25382, 796, , 31887, 25000, 33047, 33506, 0, 
10, 1, 214, 263, -1, 157, 162, 14.6, 27, ABalpppaaa, 48, 26939, 26616, 988, , 26939, 25000, 27223, 27222, 0, 
11, 0, 11, -1, -1, 197, 151, 12.5, 26, , 153, 1905, 26566, 896, , 29650, 25000, 27601, 27745, 0, 
12, 1, 314, 172, -1, 479, 333, 21.4, 29, Dpppp, 293, 28679, 33153, 1156, , 28679, 25000, 29000, 28959, 0, 
13, 1, 144, 369, -1, 485, 330, 6.9, 28, ABprpppaaa, 340, 30585, 33277, 1088, , 30585, 25000, 32157, 32517, 0, 
14, 1, 289, 108, -1, 484, 159, 15.5, 29, Capapa, 283, 27846, 30074, 1080, , 27846, 25000, 29174, 29124, 0, 
15, 1, 40, 297, -1, 384, 264, 5.2, 29, ABprpappap, 294, 33992, 37799, 1112, , 33992, 25000, 34001, 34018, 0, 
16, 1, 227, 167, -1, 291, 275, 8.8, 28, ABarapappa, 164, 26995, 28399, 1052, , 26995, 25000, 28938, 29014, 0, 
17, 1, 359, 59, -1, 348, 118, 12.1, 28, ABplppaaaa, -256, 27097, 29481, 1088, , 27097, 25000, 27748, 27716, 0, 
18, 1, 185, 228, -1, 203, 316, 11.5, 27, MSppaaaa, 211, 28112, 25188, 896, , 28112, 25000, 27872, 28004, 0, 
19, 1, 275, 173, -1, 415, 339, 20.7, 28, Dpppa, 275, 27898, 29684, 1064, , 27898, 25000, 28523, 28535, 0, 
20, 1, 332, 233, -1, 511, 296, 10.4, 29, Cppapp, 267, 27896, 32248, 1156, , 27896, 25000, 28888, 28941, 0, 
21, 1, 169, 256, -1, 575, 338, 12.6, 27, ABprapappa, 334, 27055, 26730, 988, , 27055, 25000, 27625, 27613, 0, 
22, 1, 186, 189, -1, 282, 225, 14.2, 29, ABaraapapp, 149, 27357, 30421, 1112, , 27357, 25000, 29386, 29369, 0, 
23, 1, 122, 109, -1, 210, 164, 21.4, 31, ABalppppap, 147, 27177, 36200, 1332, , 27177, 25000, 28223, 28110, 0, 
24, 1, 147, 45, -1, 361, 374, 9.8, 28, ABprppaaaa, 279, 26988, 28391, 1052, , 26988, 25000, 28087, 28109, 0, 
25, 1, 296, 246, -1, 233, 194, 16.7, 27, MSapapaa, 185, 26951, 24903, 924, , 26951, 25000, 27905, 27993, 0, 
26, 1, 111, 102, -1, 168, 191, 16.4, 30, ABalapaapa, -115, 26840, 31027, 1156, , 26840, 25000, 27690, 27962, 0, 
27, 1, 338, 67, -1, 208, 358, 11.5, 27, ABpraaaaaa, 443, 26593, 23827, 896, , 26593, 25000, 27268, 27322, 0, 
28, 1, 295, 122, 224, 244, 227, 14.8, 31, ABaraapapa, 117, 26822, 39267, 1464, , 26822, 25000, 28277, 28331, 0, 
29, 1, 100, 88, -1, 213, 193, 13.4, 26, MSapaaap, 215, 27501, 22881, 832, , 27501, 25000, 28104, 28116, 0, 
30, 1, 69, 60, -1, 425, 114, 19.5, 28, ABplapaapp, 279, 28062, 30307, 1080, , 28062, 25000, 27585, 27566, 0, 
31, 1, 12, 29, -1, 472, 323, 10.6, 30, Cppaap, 258, 28941, 33456, 1156, , 28941, 25000, 28799, 28817, 0, 
32, 1, 18, 154, -1, 177, 146, 16.9, 28, ABalpppaap, 147, 26980, 29354, 1088, , 26980, 25000, 27796, 27662, 0, 
33, 1, 133, 100, -1, 213, 132, 18.1, 27, ABalpppapp, -294, 26920, 24443, 908, , 26920, 25000, 27725, 27708, 0, 
34, 1, 201, 346, -1, 281, 374, 23.4, 30, ABarpappap, 222, 28654, 33124, 1156, , 28654, 25000, 27920, 27925, 0, 
35, 1, 269, 104, -1, 486, 300, 6.1, 27, ABprppppap, -122, 32928, 29899, 908, , 32928, 25000, 33982, 34061, 0, 
36, 1, 151, 120, -1, 454, 398, 13.7, 28, ABprappaaa, 92, 26898, 28619, 1064, , 26898, 25000, 27331, 27346, 0, 
37, 1, 65, 202, -1, 590, 294, 12.4, 27, ABprapappp, 473, 26977, 26653, 988, , 26977, 25000, 28675, 28676, 0, 
38, 1, 365, 117, -1, 362, 346, 11.5, 25, MSpppapp, 187, 29956, 23006, 768, , 29956, 25000, 28261, 28097, 0, 
39, 1, 108, 194, -1, 400, 374, 9.0, 27, ABprppapaa, 271, 27789, 28678, 1032, , 27789, 25000, 28585, 28591, 0, 
40, 1, 237, 181, -1, 310, 123, 10.9, 28, ABplpaaaap, 372, 26759, 29114, 1088, , 26759, 25000, 27370, 27298, 0, 
41, 1, 121, 42, -1, 440, 382, 9.7, 26, ABprppapap, 234, 28254, 24185, 856, , 28254, 25000, 27915, 27912, 0, 
42, 1, 105, 293, -1, 279, 226, 6.6, 30, ABalpappap, 219, 32829, 37950, 1156, , 32829, 25000, 32330, 32520, 0, 
43, 1, 292, 219, -1, 131, 203, 15.0, 28, ABalaaapal, -153, 26812, 30244, 1128, , 26812, 25000, 27474, 27412, 0, 
44, 1, 255, 66, -1, 315, 379, 10.5, 28, ABprpaaapp, 182, 27056, 29220, 1080, , 27056, 25000, 27985, 28017, 0, 
45, 1, 171, 231, -1, 498, 340, 14.5, 30, Cppapa, 260, 27179, 33484, 1232, , 27179, 25000, 28176, 28251, 0, 
46, 1, 157, 53, -1, 510, 236, 25.5, 33, Caaaap, 328, 28086, 45611, 1624, , 28086, 25000, 27963, 27893, 0, 
47, 1, 233, 83, -1, 511, 238, 17.3, 33, Eplpa, 11, 29629, 51436, 1736, , 29629, 25000, 28821, 28879, 0, 
48, 1, 20, 151, -1, 267, 361, 12.1, 26, ABprpaapaa, 245, 27671, 22137, 800, , 27671, 25000, 27663, 27661, 0, 
49, 1, 19, 51, -1, 464, 144, 8.3, 27, ABplpppaaa, -96, 26660, 24634, 924, , 26660, 25000, 29108, 29044, 0, 
50, 1, 261, 298, -1, 344, 214, 25.5, 27, ABarppaaaa, 203, 27250, 24416, 896, , 27250, 25000, 27650, 27734, 0, 
51, 1, 129, 61, -1, 285, 250, 25.7, 28, ABplaaaapp, 270, 28251, 30059, 1064, , 28251, 25000, 28295, 28251, 0, 
52, 0, 33, -1, -1, 369, 408, 15.1, 24, , 202, 1813, 18056, 604, , 29894, 25000, 28070, 28081, 0, 
53, 1, 303, 248, -1, 348, 278, 24.9, 30, ABarpaappa, 299, 27800, 37697, 1356, , 27800, 25000, 28183, 28327, 0, 
54, 1, 328, 78, -1, 521, 171, 8.7, 26, ABplapppap, 239, 27093, 23192, 856, , 27093, 25000, 29194, 29245, 0, 
55, 1, 210, 217, -1, 140, 323, 12.8, 28, ABalaaappr, 30, 27836, 29283, 1052, , 27836, 25000, 27701, 27750, 0, 
56, 1, 360, 142, -1, 160, 328, 14.6, 27, ABalaapppa, -291, 28011, 27675, 988, , 28011, 25000, 27771, 27806, 0, 
57, 1, 155, 99, -1, 432, 130, 10.4, 28, ABplppappa, 252, 27493, 27163, 988, , 27493, 25000, 28041, 28083, 0, 
58, 1, 228, 301, -1, 153, 314, 9.6, 27, ABalaapaaa, 252, 27046, 26721, 988, , 27046, 25000, 28201, 28209, 0, 
59, 1, 352, 374, -1, 264, 162, 25.5, 30, ABplaaapap, 258, 27535, 33923, 1232, , 27535, 25000, 28653, 29030, 0, 
60, 1, 284, 313, -1, 239, 161, 17.1, 28, ABalpppppa, 227, 27495, 29915, 1088, , 27495, 25000, 27577, 27754, 0, 
61, 1, 24, 24, -1, 471, 111, 18.0, 28, ABplappaap, -143, 26153, 29501, 1128, , 26153, 25000, 28070, 27950, 0, 
62, 1, 110, 327, -1, 436, 307, 9.3, 27, MSpapppp, 264, 27117, 25056, 924, , 27117, 25000, 28484, 28463, 0, 
63, 0, 264, -1, -1, 169, 344, 11.5, 26, , 7, -758, 24020, 896, , 26808, 25000, 27553, 27566, 0, 
64, 1, 279, 114, -1, 382, 109, 12.5, 26, ABplppapaa, 248, 27220, 24389, 896, , 27220, 25000, 27832, 27848, 0, 
65, 1, 88, 15, -1, 328, 405, 17.7, 29, ABpraappap, 235, 27084, 28926, 1068, , 27084, 25000, 27199, 27213, 0, 
66, 1, 67, 116, -1, 541, 274, 24.3, 34, Cpaapa, 343, 28520, 53732, 1884, , 28520, 25000, 28357, 28362, 0, 
67, 1, 14, 113, -1, 546, 143, 19.6, 30, ABplapapaa, 261, 27786, 32121, 1156, , 27786, 25000, 28417, 28429, 0, 
68, 1, 55, 251, -1, 190, 295, 15.9, 28, ABaraappaa, -40, 28851, 31390, 1088, , 28851, 25000, 27983, 28064, 0, 
69, 1, 64, 76, -1, 268, 274, 14.3, 29, ABaraapppa, 171, 27587, 29463, 1068, , 27587, 25000, 27786, 27790, 0, 
70, 1, 145, 201, -1, 302, 285, 13.2, 28, ABaraapppp, 157, 27730, 29172, 1052, , 27730, 25000, 29763, 29946, 0, 
71, 1, 351, 361, -1, 475, 187, 22.4, 30, Dappp, 270, 28093, 32476, 1156, , 28093, 25000, 28040, 28080, 0, 
72, 0, 366, -1, -1, 359, 315, 17.7, 23, , 226, -1521, 16444, 592, , 27777, 25000, 28933, 29298, 0, 
73, 1, 91, 188, -1, 441, 117, 16.9, 28, ABplappaaa, 137, 28581, 31096, 1088, , 28581, 25000, 27757, 27936, 0, 
74, 1, 215, 158, -1, 245, 392, 15.5, 29, ABpraaaapp, -23, 28677, 30971, 1080, , 28677, 25000, 27457, 27379, 0, 
75, 1, 374, 352, -1, 448, 359, 24.4, 31, ABarpppapp, 273, 27691, 36885, 1332, , 27691, 25000, 28049, 28056, 0, 
76, 1, 223, 97, -1, 312, 171, 8.5, 27, ABplpapaaa, 248, 28744, 25755, 896, , 28744, 25000, 29098, 29245, 0, 
77, 1, 309, 64, -1, 349, 158, 21.9, 30, ABplapaaap, 271, 28526, 38681, 1356, , 28526, 25000, 28582, 28596, 0, 
78, 1, 31, 268, -1, 311, 280, 25.3, 30, ABarpaapap, 289, 28339, 37067, 1308, , 28339, 25000, 28988, 28955, 0, 
79, 1, 27, 103, -1, 604, 258, 17.2, 32, Cpapap, 321, 27151, 43659, 1608, , 27151, 25000, 28760, 28756, 0, 
80, 1, 382, 318, -1, 377, 327, 20.8, 27, MSpppppp, 217, 28106, 24396, 868, , 28106, 25000, 28336, 28354, 0, 
81, 1, 135, 229, -1, 229, 335, 6.8, 26, ABarapppaa, 235, 31774, 25292, 796, , 31774, 25000, 34450, 34762, 0, 
82, 1, 316, 82, -1, 334, 270, 4.5, 29, ABprpappaa, 296, 34962, 37759, 1080, , 34962, 25000, 34612, 34521, 0, 
83, 1, 117, 130, -1, 276, 118, 19.6, 25, ABplaappaa, 218, 27882, 23198, 832, , 27882, 25000, 28058, 27933, 0, 
84, 1, 373, 135, -1, 533, 325, 15.2, 31, Cpppap, 266, 27152, 39750, 1464, , 27152, 25000, 28499, 28531, 0, 
85, 1, 97, 20, -1, 253, 356, 15.8, 28, ABpraaappa, 271, 27722, 29164, 1052, , 27722, 25000, 27516, 27542, 0, 
86, 1, 113, 186, -1, 416, 234, 16.3, 34, Ealpp, 339, 28337, 53386, 1884, , 28337, 25000, 29487, 29575, 0, 
87, 1, 183, 141, -1, 241, 236, 7.4, 26, ABalpappaa, 229, 27910, 23221, 832, , 27910, 25000, 31488, 31341, 0, 
88, 1, 370, 376, -1, 224, 346, 23.2, 25, ABalappppp, 233, 27328, 19239, 704, , 27328, 25000, 27726, 27782, 0, 
89, 1, 343, 367, -1, 171, 211, 13.5, 27, MSapaaaa, 185, 26818, 24029, 896, , 26818, 25000, 28046, 28033, 0, 
90, 1, 253, 4, -1, 240, 195, 11.4, 24, MSapaapa, 182, 28643, 20050, 700, , 28643, 25000, 28436, 28462, 0, 
91, 1, 53, 322, -1, 179, 307, 22.8, 28, ABalapppap, 261, 27231, 28647, 1052, , 27231, 25000, 28534, 28612, 0, 
92, 1, 163, 200, -1, 440, 321, 5.9, 27, ABprppaapp, 247, 33479, 30399, 908, , 33479, 25000, 33481, 33517, 0, 
93, 1, 247, 351, -1, 269, 335, 5.4, 27, ABarapppap, 83, 36513, 36075, 988, , 36513, 25000, 38902, 39293, 0, 
94, 0, 234, -1, -1, 493, 199, 5.7, 24, , 177, -5, 24626, 704, , 34980, 25000, 35045, 34985, 0, 
95, 1, 152, 87, -1, 394, 403, 19.7, 26, ABprapaapa, 249, 28821, 24671, 856, , 28821, 25000, 27647, 27670, 0, 
96, 1, 106, 127, -1, 380, 142, 9.1, 26, ABplppaapa, 249, 27593, 22074, 800, , 27593, 25000, 28611, 28663, 0, 
97, 1, 58, 55, -1, 272, 218, 9.9, 28, ABalpapppa, -100, 27990, 30453, 1088, , 27990, 25000, 28847, 28763, 0, 
98, 0, 258, -1, -1, 354, 228, 5.0, 23, , 208, 203, 18920, 512, , 36953, 25000, 36727, 36750, 0, 
99, 1, 232, 48, -1, 232, 282, 9.4, 29, ABarapaapa, 131, 28544, 32997, 1156, , 28544, 25000, 28284, 28165, 0, 
100, 1, 282, 144, -1, 388, 168, 19.1, 28, Dapaa, 273, 28180, 30660, 1088, , 28180, 25000, 28815, 28734, 0, 
101, 1, 1, 140, -1, 165, 212, 8.8, 27, ABalpaappa, 228, 27620, 23974, 868, , 27620, 25000, 28437, 28466, 0, 
102, 1, 344, 222, -1, 291, 316, 25.7, 30, ABarpapapp, 297, 27732, 36273, 1308, , 27732, 25000, 29026, 29035, 0, 
103, 1, 280, 392, -1, 182, 185, 17.6, 29, ABalapaapp, 216, 26760, 30935, 1156, , 26760, 25000, 27587, 27856, 0, 
104, 1, 51, 69, -1, 419, 147, 8.1, 25, ABplppaapp, 246, 28262, 19444, 688, , 28262, 25000, 28737, 28779, 0, 
105, 1, 115, 105, -1, 472, 232, 26.5, 34, Caaaaa, 342, 27581, 46557, 1688, , 27581, 25000, 28231, 28210, 0, 
106, 1, 298, 243, -1, 234, 265, 5.2, 28, ABarapaaap, 148, 37993, 39969, 1052, , 37993, 25000, 35974, 36002, 0, 
107, 1, 89, 40, -1, 302, 115, 15.6, 28, ABplpaappp, 351, 26544, 26225, 988, , 26544, 25000, 27837, 27968, 0, 
108, 1, 87, 118, -1, 498, 386, 19.7, 28, ABprappapa, 426, 26543, 28242, 1064, , 26543, 25000, 28463, 28445, 0, 
109, 1, 38, 11, -1, 550, 359, 14.0, 26, ABprapapap, 260, 27137, 23121, 852, , 27137, 25000, 27937, 27883, 0, 
110, 1, 47, 211, -1, 204, 247, 16.6, 28, ABaraapaap, 508, 27919, 27584, 988, , 27919, 25000, 27723, 27783, 0, 
111, 1, 2, 388, -1, 169, 180, 24.1, 29, ABplaapaaa, 414, 28353, 34251, 1208, , 28353, 25000, 27773, 27751, 0, 
112, 1, 225, 137, -1, 189, 206, 21.7, 28, ABalapappa, 379, 27222, 28964, 1064, , 27222, 25000, 28131, 28248, 0, 
113, 1, 126, 44, -1, 239, 248, 18.7, 27, MSaaapaa, 273, 26868, 24826, 924, , 26868, 25000, 27749, 27736, 0, 
114, 1, 141, 260, -1, 255, 123, 17.6, 26, ABplpaapap, 109, 27660, 23013, 832, , 27660, 25000, 28052, 28025, 0, 
115, 1, 159, 192, -1, 236, 371, 12.5, 27, ABpraaaapa, 210, 26498, 23742, 896, , 26498, 25000, 27115, 27155, 0, 
116, 1, 119, 47, -1, 497, 112, 16.5, 27, ABplappapp, 419, 27490, 24631, 896, , 27490, 25000, 27909, 27895, 0, 
117, 1, 270, 285, -1, 308, 347, 7.1, 28, ABarappppp, 276, 29596, 32200, 1088, , 29596, 25000, 32210, 31985, 0, 
118, 1, 241, 311, -1, 404, 330, 9.4, 29, MSpapppa, 265, 27613, 31921, 1156, , 27613, 25000, 29639, 29699, 0, 
119, 1, 259, 26, -1, 376, 309, 10.8, 28, MSpppaap, 230, 27007, 28411, 1052, , 27007, 25000, 29000, 29029, 0, 
120, 1, 193, 247, -1, 340, 351, 24.8, 27, ABarpapppp, 246, 28561, 24791, 868, , 28561, 25000, 28308, 28376, 0, 
121, 1, 164, 378, -1, 250, 329, 13.4, 25, MSppapaa, 226, 26939, 22413, 832, , 26939, 25000, 27690, 27836, 0, 
122, 1, 76, 147, -1, 489, 357, 8.0, 26, ABprppappp, 106, 28444, 24234, 852, , 28444, 25000, 29554, 29595, 0, 
123, 1, 300, 70, -1, 284, 148, 9.0, 27, ABalppappp, 244, 27916, 28809, 1032, , 27916, 25000, 28587, 28571, 0, 
124, 1, 68, 37, -1, 567, 166, 12.4, 26, ABplapappp, 245, 27696, 23043, 832, , 27696, 25000, 28089, 28069, 0, 
125, 1, 272, 368, -1, 393, 166, 11.6, 29, MSaapppa, 293, 27101, 31329, 1156, , 27101, 25000, 28052, 28150, 0, 
126, 1, 43, 16, -1, 218, 291, 20.1, 32, MSpaaaap, -140, 27058, 42644, 1576, , 27058, 25000, 28219, 28193, 0, 
127, 1, 238, 359, -1, 218, 148, 11.6, 26, ABalppaapp, 144, 26876, 22361, 832, , 26876, 25000, 27996, 28024, 0, 
128, 1, 329, 237, -1, 542, 252, 6.5, 26, ABprpppppp, 238, 34599, 31001, 896, , 34599, 25000, 35643, 35885, 0, 
129, 1, 203, 5, -1, 403, 327, 5.9, 27, ABprppaapa, 229, 33393, 30321, 908, , 33393, 25000, 33505, 33808, 0, 
130, 1, 283, 94, -1, 224, 372, 21.4, 30, ABpraapaap, 253, 28173, 32568, 1156, , 28173, 25000, 27605, 27561, 0, 
131, 1, 342, 299, -1, 166, 351, 18.3, 29, ABalappapp, 272, 27177, 29025, 1068, , 27177, 25000, 27402, 27489, 0, 
132, 1, 23, 46, -1, 181, 351, 22.9, 29, ABpraapaaa, 297, 27401, 33100, 1208, , 27401, 25000, 27756, 27756, 0, 
133, 1, 209, 164, -1, 171, 299, 17.9, 27, MSpaaaaa, 235, 27070, 24580, 908, , 27070, 25000, 28010, 27900, 0, 
134, 1, 380, 216, -1, 317, 211, 21.2, 25, MSappppa, 251, 27977, 19696, 704, , 27977, 25000, 28705, 28556, 0, 
135, 1, 191, 168, -1, 170, 279, 9.4, 26, ABaraaaaap, -23, 27125, 22568, 832, , 27125, 25000, 27755, 27537, 0, 
136, 1, 364, 355, -1, 367, 155, 15.6, 30, Daap, 214, 28168, 32562, 1156, , 28168, 25000, 28818, 28828, 0, 
137, 1, 114, 119, -1, 496, 268, 7.5, 29, ABprpppppa, 208, 27619, 29828, 1080, , 27619, 25000, 30767, 30807, 0, 
138, 0, 83, -1, -1, 376, 111, 16.0, 23, , 90, -851, 14024, 512, , 27391, 25000, 28098, 28242, 0, 
139, 1, 335, 226, -1, 250, 236, 10.8, 27, ABalpaaapp, 109, 27789, 24121, 868, , 27789, 25000, 28224, 28196, 0, 
140, 1, 288, 134, -1, 520, 225, 6.4, 27, ABplpppppp, 260, 33918, 33511, 988, , 33918, 25000, 34971, 34886, 0, 
141, 1, 149, 31, -1, 483, 135, 22.4, 29, ABplappapa, 291, 27051, 31271, 1156, , 27051, 25000, 28423, 28442, 0, 
142, 0, 74, -1, -1, 239, 304, 25.9, 25, , 95, -471, 19398, 688, , 28195, 25000, 28601, 28666, 0, 
143, 1, 204, 335, -1, 292, 179, 25.2, 29, ABplaaappa, 237, 27828, 30945, 1112, , 27828, 25000, 28695, 28843, 0, 
144, 1, 79, 261, -1, 336, 180, 23.5, 31, ABplapaaaa, 135, 29128, 35886, 1232, , 29128, 25000, 28550, 28698, 0, 
145, 1, 158, 337, -1, 392, 356, 16.8, 28, Dppaa, 280, 28646, 30136, 1052, , 28646, 25000, 27434, 27426, 0, 
146, 1, 243, 370, -1, 218, 375, 17.7, 27, ABpraaapap, 241, 27122, 25061, 924, , 27122, 25000, 27177, 27219, 0, 
147, 1, 15, 362, -1, 217, 204, 6.2, 28, ABalpapaaa, 314, 35441, 37284, 1052, , 35441, 25000, 37336, 37680, 0, 
148, 1, 41, 221, -1, 461, 190, 6.8, 28, ABplppppap, 245, 34416, 36206, 1052, , 34416, 25000, 32391, 32522, 0, 
149, 1, 305, 34, -1, 245, 313, 16.3, 27, MSpaapaa, 214, 27214, 25146, 924, , 27214, 25000, 28013, 28116, 0, 
150, 1, 389, 349, -1, 486, 173, 6.1, 25, ABplpppapa, 212, 34429, 21897, 636, , 34429, 25000, 35825, 36139, 0, 
151, 1, 175, 326, -1, 415, 263, 6.3, 27, ABprpapppa, -22, 33324, 30791, 924, , 33324, 25000, 32541, 32094, 0, 
152, 1, 131, 255, -1, 207, 280, 25.0, 27, ABarpaaapa, 223, 27489, 28369, 1032, , 27489, 25000, 28503, 28511, 0, 
153, 1, 22, 291, -1, 259, 173, 6.7, 27, ABalppapap, 394, 33308, 30777, 924, , 33308, 25000, 35554, 35790, 0, 
154, 1, 160, 22, -1, 189, 167, 10.4, 27, ABalaaaalp, 58, 28002, 27666, 988, , 28002, 25000, 28232, 28334, 0, 
155, 1, 168, 33, -1, 523, 125, 15.5, 28, ABplapapap, -292, 26976, 29134, 1080, , 26976, 25000, 28711, 28869, 0, 
156, 1, 102, 12, -1, 371, 129, 22.1, 25, ABplapaapa, 124, 29307, 20163, 688, , 29307, 25000, 28261, 28244, 0, 
157, 1, 78, 1, -1, 547, 133, 12.7, 28, ABplapappa, 243, 28025, 29819, 1064, , 28025, 25000, 27977, 27944, 0, 
158, 1, 260, 23, -1, 520, 152, 11.5, 27, ABplapppaa, 217, 27656, 24780, 896, , 27656, 25000, 28280, 28295, 0, 
159, 0, 263, -1, -1, 322, 196, 26.4, 28, , 244, -640, 27423, 988, , 27756, 25000, 28285, 28396, 0, 
160, 1, 251, 41, -1, 205, 150, 15.4, 28, ABalpppapa, 277, 28634, 28290, 988, , 28634, 25000, 27961, 28080, 0, 
161, 1, 75, 79, -1, 364, 379, 24.5, 27, ABarpppaaa, 232, 27071, 24256, 896, , 27071, 25000, 28009, 27966, 0, 
162, 1, 378, 379, -1, 309, 348, 14.4, 25, MSppppaa, 217, 26780, 22281, 832, , 26780, 25000, 27903, 27888, 0, 
163, 1, 290, 193, -1, 214, 347, 15.6, 26, ABpraaapaa, 239, 28561, 23763, 832, , 28561, 25000, 27604, 27621, 0, 
164, 1, 200, 240, -1, 267, 286, 26.2, 27, ABarpaapaa, -103, 28410, 24660, 868, , 28410, 25000, 28343, 28338, 0, 
165, 1, 130, 143, -1, 181, 263, 25.8, 29, ABarpaaaap, 342, 27576, 30664, 1112, , 27576, 25000, 28606, 28831, 0, 
166, 1, 291, 295, -1, 255, 270, 7.0, 25, ABarapapaa, -336, 31000, 23684, 764, , 31000, 25000, 31576, 31248, 0, 
167, 1, 94, 101, -1, 474, 254, 7.5, 29, ABprpapppp, 215, 29846, 32234, 1080, , 29846, 25000, 30388, 30548, 0, 
168, 1, 322, 115, -1, 403, 212, 26.2, 33, ABarppaapa, 328, 28188, 49160, 1744, , 28188, 25000, 27950, 27951, 0, 
169, 1, 50, 21, -1, 226, 285, 15.9, 28, ABaraappap, 75, 27642, 30075, 1088, , 27642, 25000, 28144, 28207, 0, 
170, 1, 271, 90, -1, 325, 172, 17.5, 27, Daaaa, 185, 28836, 25837, 896, , 28836, 25000, 28751, 28727, 0, 
171, 1, 285, 210, -1, 550, 150, 9.3, 25, ABplappppa, 209, 29005, 22160, 764, , 29005, 25000, 27623, 27652, 0, 
172, 1, 162, 84, -1, 287, 398, 13.2, 25, ABprpaapap, 222, 26990, 19001, 704, , 26990, 25000, 27417, 27426, 0, 
173, 1, 302, 6, -1, 351, 364, 21.5, 29, ABprapaaaa, 562, 27340, 29527, 1080, , 27340, 25000, 27780, 27814, 0, 
174, 1, 331, 241, -1, 481, 164, 19.5, 30, Cappaa, 276, 27925, 34403, 1232, , 27925, 25000, 27860, 27834, 0, 
175, 1, 42, 314, -1, 390, 285, 14.3, 32, Earpa, 40, 28798, 45616, 1584, , 28798, 25000, 29877, 29934, 0, 
176, 1, 125, 71, -1, 249, 157, 12.2, 30, ABplpaaaaa, -53, 27658, 36509, 1320, , 27658, 25000, 27970, 28348, 0, 
177, 0, 221, -1, -1, 187, 274, 18.1, 24, , 201, 367, 17334, 604, , 28699, 25000, 28207, 28332, 0, 
178, 1, 229, 277, -1, 325, 314, 7.7, 27, ABprpapaaa, 283, 27305, 25230, 924, , 27305, 25000, 30037, 30107, 0, 
179, 1, 10, 176, -1, 559, 346, 18.5, 29, ABprapapaa, -110, 27431, 29626, 1080, , 27431, 25000, 28425, 28474, 0, 
180, 1, 48, 195, -1, 381, 220, 9.0, 27, MSaappa, 272, 28057, 28955, 1032, , 28057, 25000, 28409, 28377, 0, 
181, 1, 281, 258, -1, 411, 294, 5.5, 26, ABprpapapp, 253, 37326, 33444, 896, , 37326, 25000, 33860, 33791, 0, 
182, 1, 132, 294, -1, 279, 292, 19.3, 30, MSpaaapp, 300, 27243, 35634, 1308, , 27243, 25000, 28428, 28473, 0, 
183, 1, 358, 93, -1, 422, 283, 20.2, 33, Epraa, 291, 27263, 47546, 1744, , 27263, 25000, 27930, 27960, 0, 
184, 1, 127, 92, -1, 393, 318, 25.4, 31, ABarpppapa, 318, 27908, 37174, 1332, , 27908, 25000, 28254, 28304, 0, 
185, 1, 28, 358, -1, 338, 296, 18.2, 35, Earaa, 338, 28875, 58096, 2012, , 28875, 25000, 29129, 29163, 0, 
186, 1, 30, 18, -1, 160, 276, 23.6, 29, ABarpaaaaa, 284, 27958, 32320, 1156, , 27958, 25000, 28231, 28210, 0, 
187, 1, 345, 317, -1, 364, 181, 26.4, 30, ABarppaaap, 268, 29292, 33862, 1156, , 29292, 25000, 28840, 28888, 0, 
188, 1, 319, 171, -1, 192, 313, 26.0, 31, ABarpapaaa, -42, 27185, 42952, 1580, , 27185, 25000, 29087, 29188, 0, 
189, 1, 49, 191, -1, 362, 256, 11.8, 26, MSpapapa, 240, 40359, 32126, 796, , 40359, 25000, 31428, 31140, 0, 
190, 1, 327, 288, -1, 299, 406, 16.5, 24, ABpraappaa, 200, 27600, 21197, 768, , 27600, 25000, 27056, 27083, 0, 
191, 1, 220, 111, -1, 496, 318, 25.4, 34, Cpaaap, 345, 28433, 50610, 1780, , 28433, 25000, 28535, 28535, 0, 
192, 1, 321, 315, -1, 485, 214, 8.5, 28, ABplpppppa, 20, 28319, 30585, 1080, , 28319, 25000, 28851, 28864, 0, 
193, 1, 136, 305, -1, 510, 274, 14.2, 32, Eprpp, 320, 27545, 44293, 1608, , 27545, 25000, 28803, 28948, 0, 
194, 1, 66, 280, -1, 523, 381, 15.3, 27, ABprappapp, 219, 28661, 26483, 924, , 28661, 25000, 27775, 27780, 0, 
195, 1, 52, 375, -1, 263, 362, 20.5, 32, ABpraapapp, -196, 27279, 39064, 1432, , 27279, 25000, 28123, 28275, 0, 
196, 1, 277, 282, -1, 378, 347, 14.0, 27, Dpapa, 212, 27107, 27974, 1032, , 27107, 25000, 28195, 28247, 0, 
197, 1, 293, 331, -1, 305, 213, 11.4, 29, MSaapaaa, 68, 37546, 43403, 1156, , 37546, 25000, 29249, 29375, 0, 
198, 1, 176, 266, -1, 318, 225, 15.6, 29, MSaapaap, 206, 31748, 36701, 1156, , 31748, 25000, 30420, 30407, 0, 
199, 1, 372, 58, -1, 580, 311, 9.6, 26, ABprappppa, 221, 27409, 22804, 832, , 27409, 25000, 27810, 27865, 0, 
200, 1, 140, 30, -1, 330, 151, 13.5, 29, MSappap, 477, 27335, 29522, 1080, , 27335, 25000, 28121, 28103, 0, 
201, 1, 101, 80, -1, 293, 132, 13.4, 30, ABplpaaapp, 502, 27722, 32047, 1156, , 27722, 25000, 28039, 28033, 0, 
202, 1, 99, 262, -1, 494, 288, 17.0, 34, Eprpa, 323, 27890, 55557, 1992, , 27890, 25000, 28144, 28234, 0, 
203, 1, 13, 131, -1, 210, 273, 6.7, 27, ABarapaaaa, 236, 32845, 30349, 924, , 32845, 25000, 33294, 33415, 0, 
204, 1, 8, 146, -1, 137, 288, 12.4, 27, ABalaaaarr, 234, 26863, 26541, 988, , 26863, 25000, 27235, 27196, 0, 
205, 1, 318, 373, -1, 436, 157, 19.5, 27, Dapap, 272, 27596, 24726, 896, , 27596, 25000, 28052, 28057, 0, 
206, 1, 240, 139, -1, 191, 330, 8.6, 27, ABalaapaap, 237, 28438, 28097, 988, , 28438, 25000, 28675, 28565, 0, 
207, 1, 235, 230, -1, 257, 300, 6.1, 25, ABarappaaa, 234, 34343, 21842, 636, , 34343, 25000, 35188, 35360, 0, 
208, 1, 242, 73, -1, 534, 341, 11.0, 26, ABprapppaa, 47, 27904, 23774, 852, , 27904, 25000, 27885, 27965, 0, 
209, 1, 3, 86, -1, 457, 284, 5.8, 27, ABprppppaa, 165, 34650, 30076, 868, , 34650, 25000, 33902, 33970, 0, 
210, 1, 112, 132, -1, 285, 372, 10.1, 27, ABprpaaapa, 94, 27741, 25189, 908, , 27741, 25000, 28074, 28029, 0, 
211, 1, 174, 107, -1, 281, 339, 10.4, 28, ABprpaaaaa, 323, 28286, 27947, 988, , 28286, 25000, 28680, 28811, 0, 
212, 0, 324, -1, -1, 154, 175, 11.6, 27, , 87, 1335, 28624, 988, , 28972, 25000, 27541, 27637, 0, 
213, 1, 59, 329, -1, 589, 197, 20.3, 34, Caaapp, 329, 27286, 51406, 1884, , 27286, 25000, 28315, 28319, 0, 
214, 1, 180, 198, -1, 522, 336, 7.6, 26, ABprpppaap, -162, 28475, 23691, 832, , 28475, 25000, 30502, 30535, 0, 
215, 1, 179, 155, -1, 337, 145, 9.5, 26, ABplpapaap, 260, 28283, 25342, 896, , 28283, 25000, 28478, 28477, 0, 
216, 1, 224, 321, -1, 489, 348, 18.1, 30, Cpppaa, 304, 26737, 36256, 1356, , 26737, 25000, 28736, 28787, 0, 
217, 1, 195, 270, -1, 245, 190, 26.2, 27, ABplaaapaa, 198, 28421, 24669, 868, , 28421, 25000, 29437, 29564, 0, 
218, 1, 371, 180, -1, 470, 235, 16.5, 33, Eplap, 328, 27228, 44218, 1624, , 27228, 25000, 28251, 28222, 0, 
219, 1, 96, 203, -1, 139, 223, 19.2, 27, ABalapaaaa, -167, 28409, 24659, 868, , 28409, 25000, 28005, 27938, 0, 
220, 1, 325, 236, -1, 140, 325, 18.7, 26, ABalappapa, 88, 27696, 23708, 856, , 27696, 25000, 27180, 27324, 0, 
221, 1, 188, 371, -1, 162, 247, 13.2, 28, ABalpaapaa, 198, 27414, 28840, 1052, , 27414, 25000, 28163, 28152, 0, 
222, 1, 206, 85, -1, 434, 183, 7.1, 27, ABplppppaa, 178, 29101, 26424, 908, , 29101, 25000, 31760, 31641, 0, 
223, 1, 312, 320, -1, 431, 157, 15.3, 30, Capaaa, 271, 28391, 37136, 1308, , 28391, 25000, 28304, 28314, 0, 
224, 1, 299, 336, -1, 561, 143, 16.5, 28, ABarppappp, 277, 28120, 30370, 1080, , 28120, 25000, 28582, 28557, 0, 
225, 1, 244, 81, -1, 312, 117, 19.7, 28, ABplaappap, 113, 28013, 29806, 1064, , 28013, 25000, 27887, 27850, 0, 
226, 1, 218, 98, -1, 146, 270, 14.6, 26, ABaraaaapa, -140, 27803, 23132, 832, , 27803, 25000, 27829, 27771, 0, 
227, 1, 330, 36, -1, 500, 237, 12.6, 32, Eplpp, 176, 27646, 41027, 1484, , 27646, 25000, 28999, 28986, 0, 
228, 1, 39, 245, -1, 344, 127, 19.3, 30, ABplaapppa, -145, 27758, 36307, 1308, , 27758, 25000, 28309, 28353, 0, 
229, 1, 170, 265, -1, 181, 236, 7.6, 27, ABalpaaaaa, 247, 29908, 29549, 988, , 29908, 25000, 31314, 31886, 0, 
230, 1, 104, 145, -1, 345, 346, 5.5, 27, ABarappapp, -89, 39344, 35252, 896, , 39344, 25000, 36196, 36429, 0, 
231, 1, 34, 57, -1, 173, 254, 15.7, 28, ABaraapaaa, 245, 27538, 29300, 1064, , 27538, 25000, 28111, 28361, 0, 
232, 1, 134, 259, -1, 498, 142, 8.2, 28, ABplpppaap, 252, 28512, 29995, 1052, , 28512, 25000, 29893, 30195, 0, 
233, 1, 120, 253, -1, 252, 214, 4.9, 27, ABalpapaap, 248, 34167, 31024, 908, , 34167, 25000, 37411, 37166, 0, 
234, 1, 143, 204, -1, 553, 216, 23.2, 33, Caaapa, 327, 27807, 48496, 1744, , 27807, 25000, 28517, 28517, 0, 
235, 1, 266, 96, -1, 421, 213, 11.4, 32, Z3, 321, 29126, 43223, 1484, , 29126, 25000, 28030, 28042, 0, 
236, 1, 187, 106, -1, 192, 189, 9.1, 28, ABalpaappp, 257, 28033, 30500, 1088, , 28033, 25000, 28948, 29072, 0, 
237, 1, 153, 330, -1, 297, 174, 12.3, 26, MSapaapp, 266, 28313, 24236, 856, , 28313, 25000, 27876, 27869, 0, 
238, 1, 116, 350, -1, 231, 328, 19.1, 27, MSppappa, 232, 27086, 24594, 908, , 27086, 25000, 27688, 27746, 0, 
239, 1, 21, 52, -1, 190, 225, 26.5, 30, ABplaaaaaa, 307, 27943, 34426, 1232, , 27943, 25000, 28676, 28741, 0, 
240, 1, 56, 273, -1, 261, 273, 22.4, 28, MSpaaapa, -181, 27037, 26713, 988, , 27037, 25000, 28153, 28310, 0, 
241, 1, 25, 170, -1, 133, 305, 16.5, 27, ABalaaappl, 181, 27233, 24401, 896, , 27233, 25000, 27686, 27734, 0, 
242, 1, 286, 49, -1, 265, 133, 13.5, 28, ABplpaaapa, 209, 27665, 29878, 1080, , 27665, 25000, 27968, 27881, 0, 
243, 1, 6, 307, -1, 273, 185, 15.7, 27, MSapapap, 144, 27729, 25622, 924, , 27729, 25000, 28259, 28256, 0, 
244, 1, 278, 77, -1, 466, 388, 21.6, 29, ABarppppap, 284, 27766, 32097, 1156, , 27766, 25000, 27973, 28032, 0, 
245, 1, 250, 136, -1, 446, 241, 19.5, 35, Eplaa, 352, 27318, 54198, 1984, , 27318, 25000, 28043, 28128, 0, 
246, 1, 226, 157, -1, 122, 245, 16.3, 27, ABalaaapar, 150, 27348, 25270, 924, , 27348, 25000, 27240, 27248, 0, 
247, 1, 150, 267, -1, 377, 171, 7.5, 27, ABplpapapa, 271, 28810, 25814, 896, , 28810, 25000, 30648, 30599, 0, 
248, 1, 156, 274, -1, 320, 347, 18.0, 26, MSppppap, 253, 27032, 23031, 852, , 27032, 25000, 28493, 28531, 0, 
249, 1, 326, 296, -1, 547, 266, 10.5, 30, Cppppp, 276, 27598, 34001, 1232, , 27598, 25000, 28785, 28864, 0, 
250, 1, 26, 366, -1, 227, 225, 26.0, 28, ABplaaaaap, -195, 28574, 32232, 1128, , 28574, 25000, 28429, 28505, 0, 
251, 1, 369, 196, -1, 217, 237, 13.0, 24, ABalpaapapp, 241, 26446, 16079, 608, , 26446, 25000, 28100, 28151, 0, 
252, 0, 84, -1, -1, 163, 237, 23.9, 24, , 282, -577, 16425, 604, , 27194, 25000, 27753, 27771, 0, 
253, 1, 246, 353, -1, 154, 266, 17.6, 26, MSaaaaaa, 211, 26442, 22000, 832, , 26442, 25000, 27522, 27524, 0, 
254, 1, 35, 304, -1, 313, 195, 19.1, 27, MSapppap, 235, 29013, 26344, 908, , 29013, 25000, 28362, 28391, 0, 
255, 1, 73, 190, -1, 352, 333, 8.2, 26, ABprpapaap, 113, 28196, 22444, 796, , 28196, 25000, 29007, 28859, 0, 
256, 1, 70, 341, -1, 524, 156, 22.8, 30, ABarppappa, 281, 27055, 35713, 1320, , 27055, 25000, 28209, 28224, 0, 
257, 1, 95, 218, -1, 294, 181, 5.8, 29, ABalpapapa, 35, 40096, 44587, 1112, , 40096, 25000, 37950, 38200, 0, 
258, 0, 211, -1, -1, 131, 275, 18.9, 22, , 203, 58, 12669, 464, , 27304, 25000, 27307, 27246, 0, 
259, 1, 375, 383, -1, 189, 343, 19.5, 28, ABalappppa, 279, 27388, 29579, 1080, , 27388, 25000, 27807, 27857, 0, 
260, 1, 350, 138, -1, 530, 353, 21.0, 30, ABarpppppa, 291, 28143, 37937, 1348, , 28143, 25000, 28036, 28061, 0, 
261, 1, 181, 27, -1, 424, 186, 21.6, 31, Dappa, 311, 28145, 37489, 1332, , 28145, 25000, 28619, 28585, 0, 
262, 1, 45, 182, -1, 558, 226, 9.8, 30, Caapa, 250, 27790, 36683, 1320, , 27790, 25000, 28477, 28478, 0, 
263, 1, 248, 121, -1, 354, 206, 11.5, 28, MSaapapp, 281, 35992, 38871, 1080, , 35992, 25000, 30596, 30598, 0, 
264, 1, 37, 323, -1, 281, 163, 21.6, 29, ABalppppppp, 289, 27270, 31524, 1156, , 27270, 25000, 28213, 28420, 0, 
265, 1, 368, 278, -1, 275, 269, 11.4, 31, ABarapaapp, 301, 27294, 36355, 1332, , 27294, 25000, 28090, 28360, 0, 
266, 1, 297, 284, -1, 184, 290, 7.1, 25, ABaraaappa, 130, 31995, 20349, 636, , 31995, 25000, 32589, 32896, 0, 
267, 1, 381, 264, -1, 243, 362, 8.5, 26, ABalaapapp, 252, 27436, 24583, 896, , 27436, 25000, 28166, 28184, 0, 
268, 1, 77, 286, -1, 207, 162, 24.3, 32, ABplaapaap, -148, 28542, 45210, 1584, , 28542, 25000, 28205, 28234, 0, 
269, 1, 273, 357, -1, 445, 182, 26.3, 30, ABarppaapp, 307, 28537, 37326, 1308, , 28537, 25000, 29002, 29002, 0, 
270, 1, 85, 156, -1, 544, 313, 9.8, 27, ABprapppap, 242, 26150, 22698, 868, , 26150, 25000, 28249, 28328, 0, 
271, 1, 231, 35, -1, 312, 249, 5.9, 30, ABarapapap, 293, 37494, 50842, 1356, , 37494, 25000, 33012, 33273, 0, 
272, 1, 339, 68, -1, 316, 263, 7.9, 26, ABarapapppa, 241, 28986, 23189, 800, , 28986, 25000, 30514, 29628, 0, 
273, 1, 142, 178, -1, 419, 386, 22.7, 30, ABarppppaa, 295, 28211, 36900, 1308, , 28211, 25000, 27964, 27970, 0, 
274, 1, 315, 123, -1, 421, 338, 12.4, 26, Dpapp, 256, 27035, 22493, 832, , 27035, 25000, 28607, 28630, 0, 
275, 1, 355, 39, -1, 152, 253, 10.8, 26, ABaraaaaaa, 266, 26903, 21415, 796, , 26903, 25000, 27185, 27269, 0, 
276, 1, 267, 159, -1, 337, 187, 14.6, 27, MSappaaa, 255, 28014, 27678, 988, , 28014, 25000, 29824, 29855, 0, 
277, 1, 98, 209, -1, 387, 289, 17.8, 33, Earap, 329, 28085, 48981, 1744, , 28085, 25000, 28446, 28460, 0, 
278, 1, 62, 386, -1, 274, 239, 17.8, 28, MSaaapap, 4, 26689, 28077, 1052, , 26689, 25000, 28005, 28046, 0, 
279, 1, 257, 56, -1, 385, 359, 25.6, 31, ABarpppaap, 258, 29004, 38633, 1332, , 29004, 25000, 28654, 28735, 0, 
280, 1, 197, 324, -1, 302, 384, 19.9, 29, ABpraaapppp, 282, 27378, 33073, 1208, , 27378, 25000, 27874, 27897, 0, 
281, 1, 271, 302, -1, 362, 192, 19.0, 27, Daaap, 183, 29124, 30056, 1032, , 29124, 25000, 28798, 28847, 0, 
282, 1, 107, 212, -1, 221, 221, 9.8, 26, ABalpaaapa, 34, 28131, 22392, 796, , 28131, 25000, 28275, 28355, 0, 
283, 1, 86, 17, -1, 484, 123, 10.7, 28, ABplppappp, 328, 28201, 30006, 1064, , 28201, 25000, 28159, 28091, 0, 
284, 1, 268, 303, -1, 241, 267, 12.8, 24, ABaraaapapp, 218, 27604, 18108, 656, , 27604, 25000, 28001, 27956, 0, 
285, 1, 198, 213, -1, 371, 239, 15.4, 32, Ealpa, 311, 29742, 44137, 1484, , 29742, 25000, 30138, 30156, 0, 
286, 1, 184, 319, -1, 161, 200, 19.7, 28, ABalapaaap, 271, 27156, 28894, 1064, , 27156, 25000, 27783, 27895, 0, 
287, 1, 167, 89, -1, 288, 290, 5.1, 24, ABarappaap, 322, 38040, 22976, 604, , 38040, 25000, 34571, 34544, 0, 
288, 1, 287, 220, -1, 430, 293, 25.3, 33, Cpaaaa, 334, 27560, 47845, 1736, , 27560, 25000, 27829, 27852, 0, 
289, 1, 333, 276, -1, 278, 213, 21.6, 26, MSapappp, 207, 28957, 24092, 832, , 28957, 25000, 28116, 28136, 0, 
290, 1, 189, 160, -1, 249, 160, 9.8, 28, ABalppappa, 287, 27539, 28971, 1052, , 27539, 25000, 28385, 28550, 0, 
291, 1, 308, 166, -1, 405, 179, 6.4, 28, ABplpapapp, 240, 33053, 32656, 988, , 33053, 25000, 33242, 33744, 0, 
292, 1, 222, 354, -1, 387, 265, 10.4, 28, MSpapapp, 95, 39618, 39143, 988, , 39618, 25000, 30673, 30253, 0, 
293, 1, 274, 254, -1, 593, 197, 15.8, 32, Cpapaa, 289, 27961, 44961, 1608, , 27961, 25000, 28471, 28484, 0, 
294, 1, 347, 382, -1, 567, 236, 7.3, 26, Cpappv, 257, 28654, 24528, 856, , 28654, 25000, 31623, 31929, 0, 
295, 1, 72, 380, -1, 277, 328, 13.5, 27, MSppapap, 208, 27737, 24852, 896, , 27737, 25000, 27892, 27969, 0, 
296, 1, 44, 25, -1, 328, 150, 6.8, 27, ABalpapapp, 339, 32221, 27968, 868, , 32221, 25000, 34271, 34696, 0, 
297, 1, 346, 287, -1, 376, 308, 6.6, 26, ABprpapapa, 265, 32185, 26778, 832, , 32185, 25000, 32366, 32384, 0, 
298, 1, 154, 272, -1, 581, 203, 8.9, 26, Caappv, 212, 27394, 21915, 800, , 27394, 25000, 28088, 28329, 0, 
299, 1, 219, 63, -1, 449, 355, 7.5, 26, ABprppappa, 257, 27269, 24433, 896, , 27269, 25000, 31091, 31145, 0, 
300, 1, 306, 133, -1, 152, 305, 20.5, 28, ABalapppaa, 115, 27111, 29280, 1080, , 27111, 25000, 27230, 27220, 0, 
301, 1, 310, 197, -1, 249, 163, 23.4, 33, ABplaapapp, 293, 27821, 45627, 1640, , 27821, 25000, 28652, 28953, 0, 
302, 1, 137, 74, -1, 314, 378, 16.1, 27, ABprpaappa, 39, 27313, 24800, 908, , 27313, 25000, 27691, 27758, 0, 
303, 1, 265, 342, -1, 351, 350, 14.8, 27, Dpaaa, 221, 28725, 24933, 868, , 28725, 25000, 28436, 28498, 0, 
304, 1, 4, 152, -1, 547, 190, 7.0, 27, ABplappppp, 255, 31489, 32497, 1032, , 31489, 25000, 33906, 33979, 0, 
305, 1, 249, 339, -1, 344, 225, 8.5, 29, ABalpappppp, 243, 27486, 29685, 1080, , 27486, 25000, 29531, 29514, 0, 
306, 1, 207, 300, -1, 209, 194, 25.4, 27, ABalapappp, 203, 27996, 27660, 988, , 27996, 25000, 28414, 28445, 0, 
307, 1, 128, 163, -1, 294, 149, 18.5, 30, ABplpaappa, 255, 27333, 33674, 1232, , 27333, 25000, 28211, 28137, 0, 
308, 1, 36, 238, -1, 437, 299, 16.1, 33, Earpp, 492, 28502, 49480, 1736, , 28502, 25000, 29174, 29184, 0, 
309, 1, 93, 242, -1, 455, 352, 13.6, 30, Cppaaa, 287, 28221, 32624, 1156, , 28221, 25000, 28440, 28470, 0, 
310, 1, 356, 161, -1, 186, 240, 10.9, 26, ABalpaapapa, 315, 27206, 21765, 800, , 27206, 25000, 27867, 27978, 0, 
311, 1, 341, 110, -1, 174, 351, 15.5, 30, ABalaapppp, 256, 27500, 33880, 1232, , 27500, 25000, 27515, 27575, 0, 
312, 1, 354, 165, -1, 325, 265, 10.5, 28, MSpapaaa, 278, 38300, 41364, 1080, , 38300, 25000, 31676, 31815, 0, 
313, 1, 239, 32, -1, 325, 397, 12.8, 27, ABprpaappp, 257, 27664, 24012, 868, , 27664, 25000, 27981, 27974, 0, 
314, 1, 57, 223, -1, 381, 378, 20.8, 30, ABprapaaap, 248, 27784, 36675, 1320, , 27784, 25000, 28236, 28211, 0, 
315, 1, 213, 7, -1, 337, 235, 12.6, 27, MSaapapa, 219, 33070, 32673, 988, , 33070, 25000, 30941, 30681, 0, 
316, 1, 276, 125, -1, 255, 367, 24.4, 27, ABarpappaa, -84, 27646, 27314, 988, , 27646, 25000, 28228, 28285, 0, 
317, 1, 82, 384, -1, 174, 186, 13.0, 24, ABalppaaap, 48, 27722, 16855, 608, , 27722, 25000, 27869, 28021, 0, 
318, 1, 199, 177, -1, 588, 318, 17.5, 28, ABarpppppp, 92, 27397, 29589, 1080, , 27397, 25000, 28185, 28211, 0, 
319, 1, 192, 184, -1, 300, 321, 5.5, 27, ABarappapa, -26, 36955, 33112, 896, , 36955, 25000, 35465, 35727, 0, 
320, 1, 118, 338, -1, 309, 363, 24.4, 29, ABarpapppa, 285, 28176, 32572, 1156, , 28176, 25000, 27806, 27613, 0, 
321, 1, 294, 250, -1, 390, 236, 19.0, 34, Ealap, 323, 27371, 54524, 1992, , 27371, 25000, 29306, 29309, 0, 
322, 1, 340, 187, -1, 260, 326, 8.2, 27, ABarappppa, 610, 27262, 23663, 868, , 27262, 25000, 30116, 29928, 0, 
323, 1, 166, 328, -1, 453, 277, 11.3, 32, Z2, 246, 27451, 43482, 1584, , 27451, 25000, 28953, 28977, 0, 
324, 1, 317, 308, -1, 585, 204, 11.7, 31, Caappd, 289, 26614, 36408, 1368, , 26614, 25000, 28613, 28626, 0, 
325, 1, 124, 38, -1, 403, 153, 24.5, 29, ABarppapaa, 249, 29444, 31799, 1080, , 29444, 25000, 29287, 29287, 0, 
326, 1, 92, 275, -1, 563, 295, 15.9, 29, Cppppa, 293, 27783, 33562, 1208, , 27783, 25000, 28703, 28732, 0, 
327, 1, 323, 283, -1, 431, 241, 9.1, 30, MSpappa, 296, 28718, 38941, 1356, , 28718, 25000, 28606, 28673, 0, 
328, 1, 81, 348, -1, 319, 329, 12.5, 25, MSppaapp, 216, 28161, 21628, 768, , 28161, 25000, 27570, 27667, 0, 
329, 1, 178, 225, -1, 139, 206, 11.0, 25, ABalaaaala, -3, 28792, 21997, 764, , 28792, 25000, 27776, 27802, 0, 
330, 1, 307, 8, -1, 306, 215, 8.7, 26, ABalpappppa, 148, 29289, 25071, 856, , 29289, 25000, 29121, 29077, 0, 
331, 1, 63, 316, -1, 569, 277, 8.1, 25, ABprappppp, 255, 27298, 18781, 688, , 27298, 25000, 28700, 28709, 0, 
332, 1, 5, 50, -1, 206, 376, 14.1, 26, ABpraaaaap, 321, 27783, 22226, 800, , 27783, 25000, 27132, 27206, 0, 
333, 1, 177, 148, -1, 345, 247, 19.6, 33, Ealaa, 538, 27477, 45063, 1640, , 27477, 25000, 29414, 29457, 0, 
334, 1, 216, 112, -1, 446, 141, 24.0, 29, ABarppapap, 292, 27870, 34224, 1228, , 27870, 25000, 28455, 28459, 0, 
335, 1, 353, 292, -1, 459, 179, 12.4, 30, Capaap, 241, 26943, 31146, 1156, , 26943, 25000, 28689, 28879, 0, 
336, 1, 367, 214, -1, 397, 177, 14.0, 26, MSappaap, 261, 27048, 23045, 852, , 27048, 25000, 28257, 28388, 0, 
337, 1, 361, 343, -1, 292, 305, 10.3, 24, MSppaapa, 198, 27078, 19063, 704, , 27078, 25000, 28721, 28761, 0, 
338, 1, 252, 150, 175, 309, 257, 18.0, 30, MSaaapp, 70, 27636, 37253, 1348, , 27636, 25000, 28919, 29057, 0, 
339, 1, 61, 347, -1, 432, 161, 11.2, 26, MSaapppp, 257, 26609, 21181, 796, , 26609, 25000, 28260, 28321, 0, 
340, 1, 123, 289, -1, 271, 169, 18.8, 27, ABalppppppa, -114, 28060, 24356, 868, , 28060, 25000, 27842, 27780, 0, 
341, 1, 383, 257, -1, 132, 253, 19.6, 25, ABalappaap, 23, 27684, 23033, 832, , 27684, 25000, 27916, 27957, 0, 
342, 1, 17, 95, -1, 201, 272, 10.8, 25, ABaraaapapa, 177, 27729, 19521, 704, , 27729, 25000, 28330, 28408, 0, 
343, 1, 313, 252, -1, 256, 240, 26.4, 30, ABplaaaapa, 176, 28028, 32400, 1156, , 28028, 25000, 29085, 29041, 0, 
344, 1, 262, 356, -1, 420, 229, 5.6, 28, ABplpapppa, 249, 34243, 33832, 988, , 34243, 25000, 33749, 33766, 0, 
345, 1, 236, 149, -1, 220, 246, 21.6, 27, MSaaaaapp, 221, 27672, 27340, 988, , 27672, 25000, 27642, 27800, 0, 
346, 1, 172, 65, -1, 421, 115, 13.1, 27, ABplppapap, 27, 27251, 24744, 908, , 27251, 25000, 27568, 27575, 0, 
347, 1, 16, 206, -1, 403, 395, 14.4, 28, ABpraapppp, 250, 27037, 26713, 988, , 27037, 25000, 28076, 28076, 0, 
348, 1, 362, 205, -1, 290, 300, 16.4, 28, MSpaapap, 186, 28099, 27762, 988, , 28099, 25000, 28557, 28533, 0, 
349, 1, 254, 271, -1, 177, 288, 13.1, 26, ABaraaapaa, 253, 27930, 22344, 800, , 27930, 25000, 27701, 27727, 0, 
350, 1, 71, 340, -1, 441, 364, 17.6, 28, Dppap, 189, 27987, 27651, 988, , 27987, 25000, 28990, 28994, 0, 
351, 1, 230, 309, -1, 318, 212, 4.9, 24, ABplpappaaa, 218, 33225, 20068, 604, , 33225, 25000, 35722, 35726, 0, 
352, 1, 205, 124, -1, 510, 175, 17.6, 30, Cappap, 12, 27825, 32166, 1156, , 27825, 25000, 27981, 27925, 0, 
353, 1, 363, 325, -1, 327, 347, 10.9, 23, MSpppapa, 209, 27563, 13671, 496, , 27563, 25000, 27869, 27905, 0, 
354, 1, 54, 208, -1, 245, 356, 18.3, 29, ABpraapapa, 249, 27355, 29215, 1068, , 27355, 25000, 27834, 27808, 0, 
355, 1, 256, 290, -1, 369, 345, 17.9, 26, Dpaap, 197, 27584, 22067, 800, , 27584, 25000, 28027, 28165, 0, 
356, 1, 304, 62, -1, 606, 253, 13.4, 30, Cpappd, 293, 27660, 31975, 1156, , 27660, 25000, 28174, 28238, 0, 
357, 1, 301, 333, -1, 369, 199, 5.8, 30, ABplpappaap, 187, 34877, 46037, 1320, , 34877, 25000, 34210, 34419, 0, 
358, 1, 348, 199, -1, 257, 324, 25.0, 27, ABarpapapa, 248, 28644, 29561, 1032, , 28644, 25000, 28663, 28695, 0, 
359, 1, 103, 3, -1, 579, 259, 21.4, 34, Cpaapp, 236, 27354, 48691, 1780, , 27354, 25000, 28094, 28095, 0, 
360, 1, 9, 128, -1, 359, 264, 7.3, 27, ABarapapppp, -34, 29634, 27382, 924, , 29634, 25000, 31477, 31386, 0, 
361, 1, 190, 344, -1, 381, 202, 22.5, 28, MSappppp, 236, 28700, 30996, 1080, , 28700, 25000, 28876, 28876, 0, 
362, 1, 202, 281, -1, 336, 281, 13.9, 30, MSpapaap, 202, 32897, 44608, 1356, , 32897, 25000, 32220, 32416, 0, 
363, 1, 148, 91, -1, 228, 213, 21.3, 27, MSapappa, 211, 27121, 25060, 924, , 27121, 25000, 28654, 28615, 0, 
364, 1, 90, 279, -1, 374, 253, 25.3, 32, ABarpaappp, 278, 27743, 43945, 1584, , 27743, 25000, 28447, 28488, 0, 
365, 1, 173, 235, -1, 205, 233, 6.5, 25, ABalpaaaap, 235, 33465, 25701, 768, , 33465, 25000, 35413, 36086, 0, 
366, 1, 165, 269, -1, 123, 242, 13.3, 26, ABalaaaarl, 220, 26421, 22616, 856, , 26421, 25000, 27361, 27391, 0, 
367, 1, 377, 13, -1, 243, 155, 14.9, 29, ABplpaapaa, 268, 27112, 32751, 1208, , 27112, 25000, 27812, 27910, 0, 
368, 1, 161, 14, -1, 538, 186, 16.4, 30, Capppa, 267, 27617, 31925, 1156, , 27617, 25000, 28436, 28435, 0, 
369, 1, 334, 334, -1, 338, 311, 10.7, 24, MSpppaaa, 243, 29524, 20785, 704, , 29524, 25000, 28764, 28893, 0, 
370, 1, 109, 9, -1, 532, 204, 10.6, 29, Capppp, -212, 28786, 33277, 1156, , 28786, 25000, 28538, 28561, 0, 
371, 0, -1, -1, -1, 221, 347, 9.3, 26, , 155, 1075, 24589, 856, , 28725, 25000, 27756, 27650, 0, 
372, 1, 46, 244, -1, 454, 225, 5.6, 27, ABplpapppp, 196, 37294, 36846, 988, , 37294, 25000, 33016, 32789, 0, 
373, 1, 208, 363, -1, 288, 246, 21.3, 28, MSaaaapp, 256, 27785, 29563, 1064, , 27785, 25000, 27769, 27843, 0, 
374, 1, 212, 232, -1, 236, 258, 22.8, 30, MSaaaapa, 256, 26573, 35077, 1320, , 26573, 25000, 27918, 28117, 0, 
375, 1, 80, 54, -1, 235, 313, 11.4, 27, MSppaaap, 198, 27119, 26794, 988, , 27119, 25000, 28131, 28166, 0, 
376, 1, 194, 310, -1, 285, 363, 16.1, 25, ABpraaapppa, 227, 26279, 18080, 688, , 26279, 25000, 28161, 28142, 0, 
377, 1, 379, 234, -1, 318, 336, 21.2, 24, MSpppppa, 221, 27828, 18255, 656, , 27828, 25000, 27957, 28042, 0, 
378, 1, 236, 381, -1, 171, 254, 20.3, 27, MSaaaaapa, 199, 27408, 25325, 924, , 27408, 25000, 27860, 27868, 0, 
379, 1, 376, 389, -1, 388, 117, 18.4, 32, ABplaapppp, 313, 27379, 40631, 1484, , 27379, 25000, 28994, 28930, 0, 
380, 1, 336, 43, -1, 470, 278, 18.8, 33, Eprap, 332, 27212, 47457, 1744, , 27212, 25000, 28225, 28285, 0, 
381, 1, 32, 153, -1, 289, 325, 20.1, 27, MSppappp, 201, 26827, 24359, 908, , 26827, 25000, 28216, 28283, 0, 
382, 0, 320, -1, -1, 314, 201, 24.1, 21, , 514, 0, 0, 0, , 0, 0, 0, 0, 0, 
383, 1, 311, 207, -1, 190, 155, 19.2, 28, ABalppppaa, -187, 27063, 28470, 1052, , 27063, 25000, 27526, 27562, 0, 
384, 1, 196, 387, -1, 300, 165, 16.2, 22, MSapppaa, 108, 28536, 14154, 496, , 28536, 25000, 27531, 27636, 0, 
385, 1, 245, 19, -1, 217, 318, 24.4, 27, ABarpapaap, 88, 28015, 27679, 988, , 28015, 25000, 27850, 28066, 0, 
386, 0, 385, -1, -1, 88, 263, 14.4, 24, , 195, 2369, 19801, 700, , 28287, 25000, 26941, 25918, 0, 
387, 0, 357, -1, -1, 519, 284, 5.5, 21, , -586, 3950, 20669, 512, , 40369, 25000, 36193, 36419, 0, 
388, 1, 320, 332, -1, 319, 200, 25.45, 25, ABplaaappp, 176, 26773, 20562, 768, , 26773, 25000, 28280, 28248, 0, 
389, 1, 386, 390, -1, 360, 396, 17.0, 26, ABpraapppa, 238, 26305, 22412, 852, , 26305, 25000, 28440, 28563, 0, 
390, 1, 387, 391, -1, 188, 232, 24.0, 22, ABalapapap, 184, 27380, 10514, 384, , 27380, 25000, 27593, 27589, 0, 
391, 1, 388, 385, -1, 186, 341, 11.066667, 24, ABalaappap, 131, 26507, 15162, 572, , 26507, 25000, 27515, 27535, 0, 
392, 1, 357, 393, -1, 520, 294, 5.62, 29, ABprpppapa, 251, 39707, 45901, 1156, , 39707, 25000, 36514, 36724, 0, 
