1, 1, 157, 48, -1, 547, 133, 12.9, 27, ABplapappa, 263, 27030, 24543, 908, , 27030, 25000, 28257, 28267, 0, 
2, 0, 1, -1, -1, 88, 262, 16.1, 27, , -121, 3445, 27420, 908, , 30198, 25000, 26858, 26753, 0, 
3, 1, 359, 264, -1, 577, 259, 21.4, 34, Cpaapp, 346, 28308, 50389, 1780, , 28308, 25000, 28519, 28511, 0, 
4, 1, 90, 79, -1, 243, 195, 11.3, 24, MSapaapa, 159, 27736, 19526, 704, , 27736, 25000, 28664, 28663, 0, 
5, 1, 129, 187, -1, 404, 322, 5.9, 26, ABprppaapa, 422, 33988, 27190, 800, , 33988, 25000, 33654, 33702, 0, 
6, 1, 173, 65, -1, 350, 367, 21.4, 29, ABprapaaaa, 237, 27435, 31715, 1156, , 27435, 25000, 28190, 28259, 0, 
7, 1, 315, 225, -1, 340, 238, 12.7, 26, MSaapapa, 230, 34942, 29910, 856, , 34942, 25000, 30288, 30129, 0, 
8, 1, 330, 261, -1, 305, 213, 8.7, 26, ABalpappppa, 221, 30065, 25736, 856, , 30065, 25000, 29004, 29030, 0, 
9, 1, 370, 341, -1, 532, 203, 11.1, 29, Capppp, 296, 27790, 33570, 1208, , 27790, 25000, 28438, 28493, 0, 
10, 0, 212, -1, -1, 156, 171, 11.8, 27, , 218, 549, 24530, 868, , 28260, 25000, 27719, 27711, 0, 
11, 1, 109, 186, -1, 548, 358, 13.8, 27, ABprapapap, -9, 27213, 23621, 868, , 27213, 25000, 27760, 27768, 0, 
12, 1, 156, 2, -1, 369, 130, 22.2, 26, ABplapaapa, 101, 28369, 22582, 796, , 28369, 25000, 27795, 27837, 0, 
13, 1, 367, 389, -1, 243, 157, 15.2, 30, ABplpaapaa, 291, 27507, 36309, 1320, , 27507, 25000, 27988, 28203, 0, 
14, 1, 368, 116, -1, 539, 187, 16.5, 30, Capppa, 246, 27817, 34271, 1232, , 27817, 25000, 28605, 28610, 0, 
15, 1, 65, 158, -1, 327, 405, 17.4, 27, ABpraappap, 233, 26554, 26235, 988, , 26554, 25000, 27779, 27785, 0, 
16, 1, 126, 365, -1, 224, 296, 20.0, 33, MSpaaaap, 198, 27169, 49121, 1808, , 27169, 25000, 28279, 28339, 0, 
17, 1, 283, 336, -1, 481, 125, 11.0, 27, ABplppappp, 240, 27448, 28326, 1032, , 27448, 25000, 27303, 27303, 0, 
18, 1, 186, 170, -1, 160, 281, 23.7, 30, ABarpaaaaa, 271, 26722, 34953, 1308, , 26722, 25000, 27814, 27821, 0, 
19, 1, 385, 326, -1, 221, 329, 24.5, 27, ABarpapaap, 262, 27509, 24648, 896, , 27509, 25000, 28177, 28198, 0, 
20, 1, 85, 250, -1, 252, 354, 15.5, 29, ABpraaappa, 330, 27422, 29616, 1080, , 27422, 25000, 27959, 27902, 0, 
21, 1, 169, 33, -1, 229, 285, 15.7, 29, ABaraappap, 239, 27589, 29465, 1068, , 27589, 25000, 28026, 28051, 0, 
22, 1, 154, 55, -1, 191, 163, 10.8, 27, ABalaaaalp, 235, 28434, 24681, 868, , 28434, 25000, 28291, 28327, 0, 
23, 1, 158, 236, -1, 523, 154, 11.5, 27, ABplapppaa, 224, 27075, 24259, 896, , 27075, 25000, 28352, 28505, 0, 
24, 1, 61, 283, -1, 472, 111, 18.3, 27, ABplappaap, -95, 27748, 25639, 924, , 27748, 25000, 27928, 27985, 0, 
25, 1, 296, 172, -1, 323, 146, 7.2, 28, ABalpapapp, 255, 30570, 32160, 1052, , 30570, 25000, 33045, 33769, 0, 
26, 1, 119, 107, -1, 378, 308, 10.7, 26, MSpppaap, 236, 27221, 23301, 856, , 27221, 25000, 28397, 28434, 0, 
27, 1, 261, 269, -1, 428, 185, 21.8, 31, Dappa, 260, 27862, 40790, 1464, , 27862, 25000, 28448, 28458, 0, 
28, 0, 72, -1, -1, 364, 312, 17.5, 23, , 181, -623, 17707, 632, , 28017, 25000, 28663, 28640, 0, 
29, 1, 31, 273, -1, 469, 323, 10.4, 30, Cppaap, 299, 26838, 31025, 1156, , 26838, 25000, 28426, 28414, 0, 
30, 1, 200, 122, 378, 331, 153, 13.6, 32, MSappap, 178, 26823, 39806, 1484, , 26823, 25000, 28115, 28111, 0, 
31, 1, 141, 63, -1, 484, 138, 23.0, 28, ABplappapa, 117, 28258, 31875, 1128, , 28258, 25000, 28328, 28343, 0, 
32, 1, 313, 40, -1, 322, 396, 12.8, 28, ABprpaappp, 253, 27358, 28781, 1052, , 27358, 25000, 27651, 27668, 0, 
33, 1, 155, 12, -1, 523, 126, 15.3, 28, ABplapapap, -15, 26812, 28528, 1064, , 26812, 25000, 28381, 28471, 0, 
34, 1, 149, 215, -1, 248, 312, 15.9, 26, MSpaapaa, 232, 27591, 22073, 800, , 27591, 25000, 28290, 28396, 0, 
35, 1, 271, 125, -1, 309, 250, 5.9, 31, ABarapapap, 88, 34325, 50801, 1480, , 34325, 25000, 33573, 34187, 0, 
36, 1, 227, 203, -1, 500, 232, 12.7, 31, Eplpp, 314, 27561, 37703, 1368, , 27561, 25000, 29107, 29119, 0, 
37, 1, 124, 22, -1, 569, 166, 12.6, 27, ABplapappp, 315, 28827, 28481, 988, , 28827, 25000, 28323, 28336, 0, 
38, 1, 325, 305, -1, 403, 155, 24.6, 30, ABarppapaa, 134, 28317, 32734, 1156, , 28317, 25000, 29055, 29055, 0, 
39, 1, 275, 54, -1, 155, 250, 10.8, 26, ABaraaaaaa, 234, 29034, 23111, 796, , 29034, 25000, 27819, 27946, 0, 
40, 1, 107, 241, -1, 305, 115, 15.7, 29, ABplpaappp, 289, 27596, 29472, 1068, , 27596, 25000, 27942, 27902, 0, 
41, 1, 160, 28, -1, 207, 148, 15.5, 28, ABalpppapa, 264, 27459, 29656, 1080, , 27459, 25000, 27843, 27914, 0, 
42, 1, 41, 274, -1, 445, 377, 9.5, 28, ABprppapap, 273, 27946, 30182, 1080, , 27946, 25000, 27803, 27783, 0, 
43, 1, 380, 174, -1, 469, 281, 18.9, 32, Eprap, 314, 27603, 43502, 1576, , 27603, 25000, 28499, 28668, 0, 
44, 1, 113, 313, -1, 234, 246, 18.7, 27, MSaaapaa, 269, 27340, 25262, 924, , 27340, 25000, 27950, 27982, 0, 
45, 1, 24, 167, -1, 361, 373, 9.5, 28, ABprppaaaa, 5, 27661, 29874, 1080, , 27661, 25000, 28240, 28325, 0, 
46, 1, 132, 199, -1, 181, 350, 23.0, 29, ABpraapaaa, -20, 26923, 33061, 1228, , 26923, 25000, 27617, 27634, 0, 
47, 1, 116, 219, -1, 498, 112, 16.4, 28, ABplappapp, 418, 27689, 27357, 988, , 27689, 25000, 27577, 27728, 0, 
48, 1, 99, 138, -1, 230, 275, 9.4, 28, ABarapaapa, 129, 27693, 27361, 988, , 27693, 25000, 28932, 28888, 0, 
49, 1, 242, 311, -1, 263, 133, 13.6, 27, ABplpaaapa, 230, 26579, 26260, 988, , 26579, 25000, 27522, 27500, 0, 
50, 1, 332, 287, -1, 206, 374, 13.6, 26, ABpraaaaap, 210, 27952, 23256, 832, , 27952, 25000, 27209, 27161, 0, 
51, 1, 49, 1, -1, 462, 143, 8.5, 27, ABplpppaaa, 298, 28498, 25534, 896, , 28498, 25000, 28771, 28819, 0, 
52, 1, 239, 34, -1, 187, 232, 26.4, 30, ABplaaaaaa, 302, 27611, 31918, 1156, , 27611, 25000, 28676, 28695, 0, 
53, 1, 46, 314, -1, 508, 239, 25.8, 33, Caaaap, 314, 27735, 48370, 1744, , 27735, 25000, 28244, 28265, 0, 
54, 1, 375, 390, -1, 236, 311, 11.5, 26, MSppaaap, 247, 27860, 24963, 896, , 27860, 25000, 28161, 28224, 0, 
55, 1, 97, 282, -1, 274, 217, 10.2, 28, ABalpapppa, -101, 27697, 29137, 1052, , 27697, 25000, 28833, 28794, 0, 
56, 1, 279, 100, -1, 387, 366, 25.3, 31, ABarpppaap, 310, 28075, 38406, 1368, , 28075, 25000, 28679, 28677, 0, 
57, 1, 231, 72, -1, 176, 256, 15.8, 29, ABaraapaaa, 248, 27159, 30201, 1112, , 27159, 25000, 27768, 27898, 0, 
58, 1, 199, 217, -1, 579, 306, 9.4, 25, ABprappppa, 240, 28071, 23355, 832, , 28071, 25000, 28143, 28064, 0, 
59, 1, 17, 110, -1, 347, 115, 12.7, 27, ABplppaaaa, 244, 27488, 25399, 924, , 27488, 25000, 27426, 27464, 0, 
60, 1, 30, 20, -1, 428, 114, 19.7, 28, ABplapaapp, 163, 27859, 29642, 1064, , 27859, 25000, 28323, 28297, 0, 
61, 1, 51, 18, -1, 284, 251, 25.6, 27, ABplaaaapp, 230, 27683, 27351, 988, , 27683, 25000, 28015, 28056, 0, 
62, 1, 356, 43, -1, 606, 256, 13.5, 31, Cpappd, 311, 27235, 33554, 1232, , 27235, 25000, 28114, 28073, 0, 
63, 1, 299, 228, -1, 452, 352, 7.2, 26, ABprppappa, 197, 27469, 21865, 796, , 27469, 25000, 31054, 31179, 0, 
64, 1, 77, 368, -1, 349, 159, 21.4, 29, ABplapaaap, 349, 30042, 34729, 1156, , 30042, 25000, 28506, 28553, 0, 
65, 1, 346, 319, -1, 421, 111, 13.4, 28, ABplppapap, 312, 27790, 27457, 988, , 27790, 25000, 27844, 27843, 0, 
66, 1, 44, 51, -1, 316, 374, 10.2, 28, ABprpaaapp, 275, 26719, 28108, 1052, , 26719, 25000, 28361, 28480, 0, 
67, 1, 27, 204, -1, 207, 356, 11.1, 27, ABpraaaaaa, 122, 28778, 26130, 908, , 28778, 25000, 27250, 27321, 0, 
68, 1, 272, 333, -1, 314, 258, 7.8, 26, ABarapapppa, 249, 27857, 22174, 796, , 27857, 25000, 31595, 30919, 0, 
69, 1, 104, 70, -1, 415, 146, 8.4, 28, ABplppaapp, 246, 28029, 27693, 988, , 28029, 25000, 28369, 28481, 0, 
70, 1, 123, 102, -1, 285, 149, 9.3, 27, ABalppappp, 275, 27963, 25838, 924, , 27963, 25000, 29054, 29008, 0, 
71, 1, 176, 50, -1, 254, 157, 12.4, 29, ABplpaaaaa, -77, 27332, 31596, 1156, , 27332, 25000, 28167, 28475, 0, 
72, 1, 7, 58, -1, 491, 389, 14.3, 27, ABprappaap, 47, 27200, 25133, 924, , 27200, 25000, 27642, 27617, 0, 
73, 1, 208, 136, -1, 537, 334, 10.7, 25, ABprapppaa, 43, 27245, 20815, 764, , 27245, 25000, 27571, 27525, 0, 
74, 1, 302, 144, -1, 312, 376, 15.6, 28, ABprpaappa, 10, 27044, 26719, 988, , 27044, 25000, 27531, 27617, 0, 
75, 1, 6, 74, -1, 222, 171, 8.2, 26, ABalppapaa, 253, 27930, 22232, 796, , 27930, 25000, 29560, 29536, 0, 
76, 1, 69, 161, 284, 265, 272, 14.3, 30, ABaraapppa, 176, 27657, 36175, 1308, , 27657, 25000, 27994, 28057, 0, 
77, 1, 244, 188, -1, 464, 389, 21.3, 29, ABarppppap, 176, 27547, 29420, 1068, , 27547, 25000, 27399, 27401, 0, 
78, 1, 54, 67, -1, 521, 171, 8.9, 26, ABplapppap, 400, 28466, 22773, 800, , 28466, 25000, 29006, 29062, 0, 
79, 1, 161, 376, -1, 358, 383, 24.3, 27, ABarpppaaa, 275, 27426, 25342, 924, , 27426, 25000, 27851, 27900, 0, 
80, 1, 201, 103, -1, 292, 137, 13.8, 30, ABplpaaapp, 207, 27545, 36360, 1320, , 27545, 25000, 27713, 27827, 0, 
81, 1, 225, 95, -1, 313, 116, 19.5, 28, ABplaappap, 225, 27573, 29779, 1080, , 27573, 25000, 28250, 28190, 0, 
82, 1, 82, 66, -1, 335, 262, 4.5, 29, ABprpappaa, 258, 34913, 37706, 1080, , 34913, 25000, 35784, 35576, 0, 
83, 1, 47, 145, -1, 511, 239, 17.3, 32, Eplpa, 22, 28021, 44386, 1584, , 28021, 25000, 28569, 28570, 0, 
84, 1, 172, 223, -1, 285, 395, 13.0, 25, ABprpaapap, 233, 26691, 20392, 764, , 26691, 25000, 27095, 27127, 0, 
85, 1, 222, 68, -1, 433, 180, 7.1, 27, ABplppppaa, 225, 30139, 27366, 908, , 30139, 25000, 31854, 32001, 0, 
86, 1, 209, 316, -1, 455, 279, 5.6, 27, ABprppppaa, 268, 36093, 35660, 988, , 36093, 25000, 33796, 33643, 0, 
87, 1, 95, 213, -1, 392, 406, 19.3, 27, ABprapaapa, 214, 26912, 24867, 924, , 26912, 25000, 28117, 28097, 0, 
88, 1, 29, 306, -1, 219, 191, 13.7, 27, MSapaaap, 206, 27419, 25335, 924, , 27419, 25000, 27990, 28002, 0, 
89, 1, 287, 99, -1, 282, 290, 5.1, 25, ABarappaap, 233, 36907, 23473, 636, , 36907, 25000, 35099, 35134, 0, 
90, 1, 170, 148, -1, 323, 173, 17.5, 28, Daaaa, 196, 29472, 31830, 1080, , 29472, 25000, 28485, 28523, 0, 
91, 1, 363, 94, -1, 229, 208, 21.2, 27, MSapappa, 210, 26853, 23308, 868, , 26853, 25000, 28368, 28367, 0, 
92, 1, 184, 194, -1, 393, 322, 25.5, 31, ABarpppapa, 301, 27221, 33536, 1232, , 27221, 25000, 28618, 28608, 0, 
93, 1, 183, 244, -1, 423, 284, 19.8, 33, Epraa, 333, 27387, 47763, 1744, , 27387, 25000, 28501, 28494, 0, 
94, 1, 130, 232, -1, 226, 373, 21.3, 28, ABpraapaap, 266, 28383, 30200, 1064, , 28383, 25000, 27773, 27868, 0, 
95, 1, 342, 361, -1, 198, 275, 11.5, 25, ABaraaapapa, 242, 28595, 21961, 768, , 28595, 25000, 28140, 28258, 0, 
96, 1, 235, 81, -1, 420, 212, 11.5, 33, Z3, 320, 27209, 44188, 1624, , 27209, 25000, 28175, 28181, 0, 
97, 1, 76, 386, -1, 311, 171, 8.7, 26, ABplpapaaa, 227, 28625, 24503, 856, , 28625, 25000, 28642, 28696, 0, 
98, 1, 226, 140, -1, 143, 266, 14.6, 26, ABaraaaapa, 210, 27651, 23006, 832, , 27651, 25000, 27279, 27208, 0, 
99, 1, 57, 300, -1, 429, 126, 10.5, 27, ABplppappa, 262, 27132, 24310, 896, , 27132, 25000, 27498, 27550, 0, 
100, 1, 33, 121, -1, 212, 135, 18.4, 28, ABalpppapp, 256, 27095, 26770, 988, , 27095, 25000, 27490, 27458, 0, 
101, 1, 167, 249, -1, 473, 253, 7.5, 28, ABprpapppp, 214, 30100, 32508, 1080, , 30100, 25000, 30149, 30266, 0, 
102, 1, 26, 130, -1, 174, 188, 16.4, 30, ABalapaapa, 259, 27602, 31908, 1156, , 27602, 25000, 27867, 27941, 0, 
103, 1, 79, 165, -1, 605, 259, 17.4, 32, Cpapap, 313, 27972, 41510, 1484, , 27972, 25000, 28495, 28527, 0, 
104, 1, 35, 181, -1, 487, 293, 5.8, 28, ABprppppap, 279, 33919, 35683, 1052, , 33919, 25000, 33521, 33340, 0, 
105, 1, 105, 343, -1, 464, 242, 26.2, 33, Caaaaa, 335, 28813, 50249, 1744, , 28813, 25000, 28530, 28503, 0, 
106, 1, 236, 155, -1, 188, 185, 9.3, 28, ABalpaappp, 326, 27508, 29268, 1064, , 27508, 25000, 28481, 28589, 0, 
107, 1, 211, 139, -1, 282, 339, 10.4, 28, ABprpaaaaa, 260, 28324, 27984, 988, , 28324, 25000, 28013, 28171, 0, 
108, 1, 14, 252, -1, 485, 156, 15.7, 29, Capapa, 9, 27372, 29233, 1068, , 27372, 25000, 28652, 28607, 0, 
109, 1, 23, 307, -1, 209, 161, 21.7, 33, ABalppppap, 772, 27871, 48384, 1736, , 27871, 25000, 27567, 27827, 0, 
110, 1, 311, 133, -1, 175, 349, 15.6, 29, ABalaapppp, 296, 27856, 32201, 1156, , 27856, 25000, 27309, 27338, 0, 
111, 1, 191, 214, -1, 497, 317, 25.3, 35, Cpaaap, 353, 28477, 58093, 2040, , 28477, 25000, 28421, 28423, 0, 
112, 1, 334, 251, -1, 447, 142, 24.3, 29, ABarppapap, 289, 27855, 29749, 1068, , 27855, 25000, 28409, 28442, 0, 
113, 1, 67, 159, -1, 543, 145, 19.5, 29, ABplapapaa, 164, 27100, 29268, 1080, , 27100, 25000, 28046, 28061, 0, 
114, 1, 64, 39, -1, 382, 109, 12.9, 26, ABplppapaa, 259, 27480, 21984, 800, , 27480, 25000, 27391, 27427, 0, 
115, 1, 168, 364, -1, 401, 218, 26.4, 33, ABarppaapa, 295, 28384, 46550, 1640, , 28384, 25000, 27853, 27832, 0, 
116, 1, 66, 258, -1, 543, 273, 24.4, 34, Cpaapa, 321, 28285, 50348, 1780, , 28285, 25000, 28397, 28394, 0, 
117, 1, 38, 323, -1, 367, 344, 10.8, 24, MSpppapp, 194, 27008, 17717, 656, , 27008, 25000, 28415, 28485, 0, 
118, 1, 108, 358, -1, 499, 388, 19.5, 28, ABprappapa, 432, 27009, 29170, 1080, , 27009, 25000, 27729, 27737, 0, 
119, 1, 137, 111, -1, 498, 262, 7.6, 29, ABprpppppa, 231, 28131, 32520, 1156, , 28131, 25000, 30204, 30111, 0, 
120, 1, 36, 15, -1, 456, 397, 13.4, 27, ABprappaaa, 128, 28038, 27702, 988, , 28038, 25000, 27673, 27644, 0, 
121, 1, 263, 105, -1, 355, 206, 11.7, 28, MSaapapp, 272, 36273, 38595, 1064, , 36273, 25000, 29767, 29826, 0, 
122, 1, 28, 279, -1, 230, 228, 13.8, 24, ABaraapapaa, 217, 28552, 18730, 656, , 28552, 25000, 27829, 27884, 0, 
123, 1, 274, 296, -1, 420, 344, 12.2, 28, Dpapp, 229, 27210, 28625, 1052, , 27210, 25000, 28652, 28643, 0, 
124, 1, 352, 281, -1, 507, 174, 17.9, 29, Cappap, -358, 28312, 34201, 1208, , 28312, 25000, 28003, 28143, 0, 
125, 1, 316, 327, -1, 255, 363, 24.3, 25, ABarpappaa, 235, 26508, 20252, 764, , 26508, 25000, 28335, 28358, 0, 
126, 0, 177, -1, -1, 199, 276, 19.0, 24, , 202, -701, 16595, 608, , 27294, 25000, 27847, 27995, 0, 
127, 1, 96, 124, -1, 377, 142, 9.5, 25, ABplppaapa, 235, 30159, 23162, 768, , 30159, 25000, 28002, 28116, 0, 
128, 1, 360, 330, -1, 361, 263, 7.4, 27, ABarapapppp, 273, 28373, 28033, 988, , 28373, 25000, 32042, 31738, 0, 
129, 1, 3, 183, -1, 336, 382, 8.2, 30, ABprpaaaap, -16, 28112, 37108, 1320, , 28112, 25000, 29329, 29608, 0, 
130, 1, 83, 73, -1, 278, 119, 20.0, 26, ABplaappaa, 318, 26797, 22831, 852, , 26797, 25000, 28086, 28145, 0, 
131, 1, 203, 61, -1, 210, 272, 6.7, 27, ABarapaaaa, 221, 32534, 30061, 924, , 32534, 25000, 33429, 33450, 0, 
132, 1, 210, 295, -1, 286, 371, 10.2, 25, ABprpaaapa, 93, 27783, 19559, 704, , 27783, 25000, 27358, 27472, 0, 
133, 1, 300, 177, -1, 151, 305, 20.4, 28, ABalapppaa, 254, 27012, 26688, 988, , 27012, 25000, 26936, 26997, 0, 
134, 1, 140, 75, -1, 525, 218, 6.8, 28, ABplpppppp, 230, 32272, 33950, 1052, , 32272, 25000, 33849, 33830, 0, 
135, 1, 84, 352, -1, 534, 321, 14.6, 30, Cpppap, 249, 27470, 31755, 1156, , 27470, 25000, 27990, 27982, 0, 
136, 1, 245, 345, -1, 447, 241, 19.7, 34, Eplaa, 311, 27441, 51698, 1884, , 27441, 25000, 28302, 28355, 0, 
137, 1, 112, 127, -1, 190, 204, 21.9, 28, ABalapappa, -20, 27369, 29777, 1088, , 27369, 25000, 27889, 27899, 0, 
138, 1, 260, 354, -1, 531, 353, 20.6, 29, ABarpppppa, 482, 28659, 33130, 1156, , 28659, 25000, 28474, 28468, 0, 
139, 1, 206, 360, -1, 187, 327, 8.5, 26, ABalaapaap, 357, 29516, 26446, 896, , 29516, 25000, 28955, 28851, 0, 
140, 1, 101, 86, -1, 167, 208, 8.8, 26, ABalpaappa, 200, 28141, 22400, 796, , 28141, 25000, 29171, 29289, 0, 
141, 1, 87, 98, -1, 237, 234, 7.6, 26, ABalpappaa, 226, 28075, 23358, 832, , 28075, 25000, 30614, 30535, 0, 
142, 1, 56, 271, -1, 163, 326, 14.4, 27, ABalaapppa, 213, 26806, 26484, 988, , 26806, 25000, 27189, 27207, 0, 
143, 1, 165, 46, -1, 182, 266, 25.6, 28, ABarpaaaap, 54, 27317, 26989, 988, , 27317, 25000, 27925, 28172, 0, 
144, 1, 100, 198, -1, 391, 168, 19.4, 28, Dapaa, 223, 27928, 27593, 988, , 27928, 25000, 28867, 28929, 0, 
145, 1, 230, 71, -1, 340, 343, 5.4, 28, ABarappapp, 281, 40759, 40270, 988, , 40759, 25000, 36898, 37468, 0, 
146, 1, 204, 200, -1, 138, 283, 12.1, 26, ABalaaaarr, 193, 25970, 20776, 800, , 25970, 25000, 26839, 26626, 0, 
147, 1, 122, 278, -1, 489, 353, 7.5, 26, ABprppappp, -203, 28680, 25697, 896, , 28680, 25000, 30685, 30679, 0, 
148, 1, 333, 318, -1, 350, 251, 19.7, 33, Ealaa, 325, 27860, 48365, 1736, , 27860, 25000, 29113, 29189, 0, 
149, 1, 345, 211, -1, 215, 240, 22.1, 27, MSaaaaapp, 202, 26359, 23934, 908, , 26359, 25000, 28169, 28263, 0, 
150, 1, 338, 16, -1, 300, 243, 18.9, 25, MSaaappa, 203, 27333, 18805, 688, , 27333, 25000, 29483, 29838, 0, 
151, 1, 48, 277, -1, 265, 363, 12.1, 25, ABprpaapaa, -69, 26955, 18545, 688, , 26955, 25000, 27975, 27894, 0, 
152, 1, 304, 293, -1, 550, 186, 7.2, 26, ABplappppp, 227, 28851, 22965, 796, , 28851, 25000, 32887, 32936, 0, 
153, 1, 381, 84, -1, 288, 323, 20.1, 28, MSppappp, 251, 28140, 30616, 1088, , 28140, 25000, 28803, 28946, 0, 
154, 1, 32, 82, -1, 176, 145, 17.3, 28, ABalpppaap, 89, 27939, 29727, 1064, , 27939, 25000, 27427, 27212, 0, 
155, 1, 215, 210, -1, 335, 144, 9.7, 27, ABplpapaap, 261, 27755, 25646, 924, , 27755, 25000, 28367, 28524, 0, 
156, 1, 270, 191, -1, 545, 306, 9.4, 26, ABprapppap, 257, 28638, 23827, 832, , 28638, 25000, 28099, 28222, 0, 
157, 1, 246, 151, -1, 120, 243, 16.4, 27, ABalaaapar, -150, 27099, 26774, 988, , 27099, 25000, 26858, 26883, 0, 
158, 1, 74, 267, -1, 243, 392, 15.3, 29, ABpraaaapp, 284, 26951, 28784, 1068, , 26951, 25000, 27472, 27460, 0, 
159, 1, 276, 332, -1, 339, 189, 14.7, 28, MSappaaa, 232, 27961, 29751, 1064, , 27961, 25000, 28712, 28625, 0, 
160, 1, 290, 374, -1, 250, 163, 9.8, 29, ABalppappa, 280, 27828, 30945, 1112, , 27828, 25000, 28086, 28211, 0, 
161, 1, 310, 132, -1, 188, 239, 10.9, 25, ABalpaapapa, 255, 28581, 19664, 688, , 28581, 25000, 28409, 28419, 0, 
162, 0, 138, -1, -1, 377, 109, 16.7, 23, , 186, 254, 16798, 592, , 28375, 25000, 28112, 28121, 0, 
163, 1, 307, 192, -1, 296, 148, 18.7, 27, ABplpaappa, 272, 26758, 24724, 924, , 26758, 25000, 28244, 28174, 0, 
164, 1, 133, 207, -1, 174, 298, 17.9, 27, MSpaaaaa, 268, 28017, 25439, 908, , 28017, 25000, 27643, 27731, 0, 
165, 1, 312, 254, -1, 329, 263, 10.4, 29, MSpapaaa, 262, 39249, 45372, 1156, , 39249, 25000, 30684, 30769, 0, 
166, 1, 291, 238, -1, 403, 179, 6.6, 28, ABplpapapp, 226, 30882, 30511, 988, , 30882, 25000, 32673, 33220, 0, 
167, 1, 16, 96, -1, 292, 275, 9.0, 28, ABarapappa, 161, 29123, 32851, 1128, , 29123, 25000, 28462, 28933, 0, 
168, 1, 135, 109, -1, 170, 276, 9.6, 27, ABaraaaaap, 264, 27597, 27266, 988, , 27597, 25000, 27787, 27829, 0, 
169, 0, 142, -1, -1, 236, 301, 25.2, 25, , 201, 718, 20318, 704, , 28861, 25000, 28158, 28143, 0, 
170, 1, 241, 154, -1, 135, 304, 16.4, 27, ABalaaappl, 215, 29757, 29400, 988, , 29757, 25000, 27645, 27688, 0, 
171, 1, 188, 325, -1, 191, 314, 25.8, 32, ABarpapaaa, 313, 27738, 44602, 1608, , 27738, 25000, 28541, 28683, 0, 
172, 1, 12, 359, -1, 476, 333, 21.5, 30, Dpppp, 278, 28716, 35378, 1232, , 28716, 25000, 28400, 28410, 0, 
173, 1, 19, 208, -1, 415, 342, 20.4, 28, Dpppa, 284, 28571, 28228, 988, , 28571, 25000, 28801, 28802, 0, 
174, 0, 386, -1, -1, 88, 262, 14.2, 23, , 206, 2209, 15356, 540, , 28437, 25000, 26692, 26228, 0, 
175, 1, 338, 299, -1, 325, 269, 17.5, 26, MSaaappp, 211, 29047, 26026, 896, , 29047, 25000, 29640, 29689, 0, 
176, 1, 179, 212, -1, 561, 343, 18.4, 28, ABprapapaa, -112, 28896, 28549, 988, , 28896, 25000, 27996, 28009, 0, 
177, 1, 318, 62, -1, 588, 316, 17.0, 29, ABarpppppp, -195, 28173, 34597, 1228, , 28173, 25000, 28098, 28108, 0, 
178, 1, 273, 339, -1, 419, 392, 22.3, 30, ABarppppaa, 265, 28168, 36844, 1308, , 28168, 25000, 27891, 27892, 0, 
179, 1, 4, 57, -1, 433, 407, 16.5, 27, ABprapaapp, -48, 26895, 24098, 896, , 26895, 25000, 28094, 28094, 0, 
180, 1, 218, 166, -1, 473, 235, 16.7, 32, Eplap, 290, 27225, 43125, 1584, , 27225, 25000, 28107, 28140, 0, 
181, 1, 40, 3, -1, 308, 123, 11.5, 28, ABplpaaaap, 14, 27092, 29259, 1080, , 27092, 25000, 27415, 27388, 0, 
182, 1, 262, 164, -1, 557, 225, 9.6, 29, Caapa, 291, 27008, 31221, 1156, , 27008, 25000, 28026, 28243, 0, 
183, 0, -1, -1, -1, 517, 275, 5.5, 22, , -539, -3942, 18027, 512, , 35209, 25000, 38468, 39151, 0, 
184, 1, 319, 27, -1, 300, 317, 5.4, 28, ABarappapa, 265, 36191, 35757, 988, , 36191, 25000, 36014, 35953, 0, 
185, 0, 252, -1, -1, 159, 239, 24.0, 25, , 280, 781, 22040, 764, , 28848, 25000, 28058, 28067, 0, 
186, 1, 86, 222, -1, 420, 233, 16.4, 34, Ealpp, 335, 27616, 49157, 1780, , 27616, 25000, 28996, 29040, 0, 
187, 1, 322, 342, -1, 262, 328, 8.0, 28, ABarappppa, 240, 28510, 32159, 1128, , 28510, 25000, 30562, 30323, 0, 
188, 1, 73, 80, -1, 441, 116, 16.7, 28, ABplappaaa, 231, 27757, 29533, 1064, , 27757, 25000, 28247, 28227, 0, 
189, 1, 22, 246, -1, 288, 228, 14.4, 30, ABaraapapp, 150, 28040, 32414, 1156, , 28040, 25000, 29753, 29754, 0, 
190, 1, 255, 206, -1, 353, 331, 7.7, 26, ABprpapaap, -179, 28532, 24423, 856, , 28532, 25000, 30549, 30132, 0, 
191, 1, 189, 280, -1, 364, 258, 11.9, 25, MSpapapa, 209, 35759, 24602, 688, , 35759, 25000, 31193, 30547, 0, 
192, 1, 115, 243, -1, 236, 367, 12.4, 27, ABpraaaapa, 211, 26617, 26298, 988, , 26617, 25000, 27590, 27463, 0, 
193, 1, 163, 31, -1, 213, 343, 15.5, 27, ABpraaapaa, 462, 26882, 24086, 896, , 26882, 25000, 27937, 27887, 0, 
194, 1, 39, 137, -1, 403, 375, 8.7, 28, ABprppapaa, 255, 28008, 29800, 1064, , 28008, 25000, 28806, 28822, 0, 
195, 1, 180, 227, -1, 378, 220, 9.2, 28, MSaappa, 121, 29365, 30892, 1052, , 29365, 25000, 29641, 29648, 0, 
196, 1, 251, 328, -1, 210, 238, 13.4, 25, ABalpaapapp, 210, 28006, 23301, 832, , 28006, 25000, 28503, 28608, 0, 
197, 1, 301, 8, -1, 246, 165, 23.3, 33, ABplaapapp, 301, 27895, 48425, 1736, , 27895, 25000, 27588, 27714, 0, 
198, 1, 214, 235, -1, 520, 327, 7.1, 26, ABprpppaap, 482, 31446, 25157, 800, , 31446, 25000, 32527, 32618, 0, 
199, 1, 358, 141, -1, 257, 322, 24.6, 27, ABarpapapa, 219, 28488, 28146, 988, , 28488, 25000, 28287, 28193, 0, 
200, 1, 92, 41, -1, 439, 316, 5.6, 26, ABprppaapp, 268, 34714, 28882, 832, , 34714, 25000, 34478, 34496, 0, 
201, 1, 70, 14, -1, 300, 285, 12.7, 28, ABaraapppp, 239, 29305, 31181, 1064, , 29305, 25000, 28561, 28634, 0, 
202, 1, 37, 157, -1, 589, 293, 12.4, 27, ABprapappp, 100, 27975, 27639, 988, , 27975, 25000, 27832, 27838, 0, 
203, 1, 219, 265, -1, 140, 211, 18.7, 27, ABalapaaaa, 227, 27767, 25657, 924, , 27767, 25000, 27260, 27243, 0, 
204, 1, 234, 304, -1, 550, 216, 23.3, 34, Caaapa, 225, 28251, 53224, 1884, , 28251, 25000, 28614, 28607, 0, 
205, 1, 348, 372, -1, 289, 301, 16.1, 26, MSpaapap, 198, 30434, 24347, 800, , 30434, 25000, 28212, 28291, 0, 
206, 1, 347, 53, -1, 403, 393, 13.9, 29, ABpraapppp, 289, 28420, 34331, 1208, , 28420, 25000, 27530, 27530, 0, 
207, 1, 383, 92, -1, 194, 160, 19.3, 30, ABalppppaa, 200, 27759, 36309, 1308, , 27759, 25000, 27579, 27728, 0, 
208, 1, 354, 129, -1, 244, 355, 17.8, 28, ABpraapapa, 282, 27144, 28555, 1052, , 27144, 25000, 28016, 28151, 0, 
209, 1, 277, 9, -1, 389, 292, 17.6, 33, Earap, -210, 27790, 45576, 1640, , 27790, 25000, 28375, 28507, 0, 
210, 1, 171, 182, -1, 552, 151, 9.7, 25, ABplappppa, 455, 27568, 21062, 764, , 27568, 25000, 27495, 27504, 0, 
211, 1, 110, 175, -1, 203, 247, 16.8, 29, ABaraapaap, 196, 27915, 31041, 1112, , 27915, 25000, 28122, 28275, 0, 
212, 1, 282, 120, -1, 222, 222, 9.9, 26, ABalpaaapa, 253, 27604, 22083, 800, , 27604, 25000, 28592, 28697, 0, 
213, 1, 285, 369, -1, 371, 243, 15.4, 32, Ealpa, 327, 28221, 41880, 1484, , 28221, 25000, 29700, 29659, 0, 
214, 1, 336, 135, -1, 400, 176, 14.2, 27, MSappaap, 268, 27618, 23972, 868, , 27618, 25000, 28183, 28229, 0, 
215, 0, 94, -1, -1, 491, 199, 5.8, 24, , 202, 3870, 24983, 656, , 38084, 25000, 34344, 34214, 0, 
216, 1, 134, 379, -1, 321, 211, 21.5, 25, MSappppa, 198, 26732, 20530, 768, , 26732, 25000, 28271, 28160, 0, 
217, 1, 55, 196, -1, 140, 320, 12.5, 29, ABalaaappr, 234, 28300, 30564, 1080, , 28300, 25000, 27265, 27308, 0, 
218, 1, 257, 272, -1, 290, 182, 5.9, 30, ABalpapapa, 70, 38850, 52681, 1356, , 38850, 25000, 37439, 37582, 0, 
219, 1, 43, 131, -1, 136, 200, 15.2, 27, ABalaaapal, 178, 28433, 24680, 868, , 28433, 25000, 27542, 27550, 0, 
220, 1, 288, 106, -1, 428, 299, 25.5, 33, Cpaaaa, 313, 27212, 44193, 1624, , 27212, 25000, 28089, 28076, 0, 
221, 1, 148, 195, -1, 460, 189, 6.6, 28, ABplppppap, 180, 33229, 32830, 988, , 33229, 25000, 32736, 32752, 0, 
222, 1, 102, 115, -1, 290, 318, 25.8, 29, ABarpapapp, 268, 28286, 31454, 1112, , 28286, 25000, 28723, 28712, 0, 
223, 1, 314, 114, -1, 378, 379, 20.5, 30, ABprapaaap, 68, 27720, 34151, 1232, , 27720, 25000, 28004, 28137, 0, 
224, 1, 28, 32, -1, 266, 221, 15.8, 25, ABaraapapap, 197, 28732, 20227, 704, , 28732, 25000, 28241, 28360, 0, 
225, 1, 329, 101, -1, 139, 203, 11.3, 25, ABalaaaala, 245, 27637, 21115, 764, , 27637, 25000, 27883, 27883, 0, 
226, 1, 139, 334, -1, 253, 230, 11.3, 27, ABalpaaapp, 219, 27715, 25609, 924, , 27715, 25000, 28247, 28228, 0, 
227, 0, 52, -1, -1, 367, 406, 14.5, 24, , 266, -304, 21459, 768, , 27941, 25000, 28242, 28245, 0, 
228, 1, 18, 321, -1, 204, 315, 11.4, 27, MSppaaaa, 197, 26528, 26210, 988, , 26528, 25000, 28476, 28424, 0, 
229, 1, 81, 292, -1, 228, 331, 6.6, 27, ABarapppaa, 218, 32805, 32411, 988, , 32805, 25000, 34975, 35282, 0, 
230, 1, 207, 83, -1, 251, 297, 5.9, 26, ABarappaaa, 14, 35203, 28162, 800, , 35203, 25000, 34305, 34555, 0, 
231, 1, 45, 276, -1, 502, 341, 14.5, 30, Cppapa, 284, 28095, 34613, 1232, , 28095, 25000, 28296, 28337, 0, 
232, 1, 374, 220, -1, 235, 256, 23.0, 29, MSaaaapa, 251, 27081, 33256, 1228, , 27081, 25000, 28450, 28596, 0, 
233, 1, 20, 335, -1, 509, 298, 10.4, 28, Cppapp, 334, 27325, 26997, 988, , 27325, 25000, 28784, 28803, 0, 
234, 1, 377, 363, -1, 315, 337, 20.8, 27, MSpppppa, 270, 27518, 23886, 868, , 27518, 25000, 28097, 28238, 0, 
235, 1, 365, 24, -1, 205, 227, 6.6, 26, ABalpaaaap, 254, 32733, 27234, 832, , 32733, 25000, 34654, 35623, 0, 
236, 1, 220, 350, -1, 141, 327, 18.3, 26, ABalappapa, 250, 25864, 22140, 856, , 25864, 25000, 26986, 26971, 0, 
237, 1, 128, 119, -1, 545, 246, 6.3, 27, ABprpppppp, 237, 34503, 31881, 924, , 34503, 25000, 36523, 36936, 0, 
238, 1, 308, 302, -1, 441, 302, 15.8, 32, Earpp, 317, 28312, 45525, 1608, , 28312, 25000, 28976, 28972, 0, 
239, 0, 2, -1, -1, 532, 283, 7.4, 25, , 194, -1658, 24486, 832, , 29430, 25000, 31222, 31088, 0, 
240, 1, 164, 52, -1, 267, 288, 26.3, 28, ABarpaapaa, 236, 29068, 30928, 1064, , 29068, 25000, 28956, 28927, 0, 
241, 1, 174, 36, -1, 479, 165, 20.0, 31, Cappaa, 309, 27696, 43759, 1580, , 27696, 25000, 27994, 28011, 0, 
242, 1, 309, 69, -1, 457, 354, 13.8, 30, Cppaaa, 268, 27538, 36350, 1320, , 27538, 25000, 28612, 28633, 0, 
243, 1, 106, 253, -1, 232, 263, 5.3, 27, ABarapaaap, 251, 35924, 33194, 924, , 35924, 25000, 34464, 34726, 0, 
244, 1, 372, 142, -1, 453, 225, 5.7, 27, ABplpapppp, 224, 33420, 30880, 924, , 33420, 25000, 33703, 33599, 0, 
245, 1, 228, 42, -1, 342, 126, 19.4, 29, ABplaapppa, 247, 27982, 32347, 1156, , 27982, 25000, 28384, 28487, 0, 
246, 1, 25, 367, -1, 240, 196, 16.9, 27, MSapapaa, 260, 26907, 24432, 908, , 26907, 25000, 28082, 28097, 0, 
247, 1, 120, 64, -1, 336, 355, 24.8, 28, ABarpapppp, 274, 28295, 29766, 1052, , 28295, 25000, 28208, 28292, 0, 
248, 1, 53, 5, -1, 347, 282, 24.9, 29, ABarpaappa, 257, 28483, 34407, 1208, , 28483, 25000, 28746, 28691, 0, 
249, 1, 8, 230, -1, 241, 175, 20.3, 29, ABplaapapa, 287, 27806, 29697, 1068, , 27806, 25000, 27909, 27789, 0, 
250, 1, 321, 312, -1, 393, 236, 19.2, 32, Ealap, 326, 27049, 43495, 1608, , 27049, 25000, 29002, 29161, 0, 
251, 1, 68, 128, -1, 193, 293, 15.9, 27, ABaraappaa, 248, 29004, 26336, 908, , 29004, 25000, 27961, 27997, 0, 
252, 1, 343, 221, -1, 256, 241, 26.3, 30, ABplaaaapa, 259, 28502, 37280, 1308, , 28502, 25000, 27745, 27767, 0, 
253, 1, 233, 23, -1, 249, 214, 5.1, 27, ABalpapaap, 369, 38778, 35210, 908, , 38778, 25000, 37086, 37035, 0, 
254, 1, 293, 309, -1, 594, 194, 16.2, 31, Cpapaa, 304, 28742, 42078, 1464, , 28742, 25000, 28331, 28331, 0, 
255, 1, 152, 117, -1, 205, 281, 24.9, 27, ABarpaaapa, 264, 27113, 24619, 908, , 27113, 25000, 27749, 27728, 0, 
256, 1, 21, 6, -1, 572, 338, 12.1, 26, ABprapappa, 363, 26906, 21525, 800, , 26906, 25000, 27154, 27100, 0, 
257, 1, 341, 218, -1, 131, 245, 19.5, 24, ABalappaap, 222, 26773, 20562, 768, , 26773, 25000, 27146, 27179, 0, 
258, 1, 181, 242, -1, 408, 289, 5.4, 26, ABprpapapp, 244, 37377, 31098, 832, , 37377, 25000, 34795, 34849, 0, 
259, 1, 232, 108, -1, 502, 142, 8.3, 28, ABplpppaap, 252, 28390, 30207, 1064, , 28390, 25000, 29320, 29406, 0, 
260, 1, 114, 193, -1, 255, 120, 17.9, 27, ABplpaapap, 262, 26839, 24370, 908, , 26839, 25000, 28108, 28141, 0, 
261, 1, 144, 239, -1, 335, 180, 23.7, 31, ABplapaaaa, 277, 27794, 38022, 1368, , 27794, 25000, 28200, 28129, 0, 
262, 1, 202, 247, -1, 492, 289, 16.5, 33, Eprpa, 108, 27310, 44352, 1624, , 27310, 25000, 28509, 28660, 0, 
263, 1, 10, 35, -1, 160, 156, 14.7, 28, ABalpppaaa, 365, 27648, 29418, 1064, , 27648, 25000, 27157, 27097, 0, 
264, 1, 267, 366, -1, 238, 359, 8.9, 27, ABalaapapp, 216, 28055, 25474, 908, , 28055, 25000, 27840, 27882, 0, 
265, 1, 229, 237, -1, 184, 230, 7.7, 27, ABalpaaaaa, 257, 27563, 25468, 924, , 27563, 25000, 31784, 31733, 0, 
266, 1, 198, 349, -1, 325, 229, 15.5, 27, MSaapaap, 161, 31551, 28270, 896, , 31551, 25000, 30590, 30596, 0, 
267, 1, 247, 112, -1, 376, 170, 7.9, 27, ABplpapapa, 244, 28351, 25743, 908, , 28351, 25000, 30630, 30522, 0, 
268, 1, 78, 263, -1, 311, 283, 25.2, 31, ABarpaapap, 302, 28315, 41453, 1464, , 28315, 25000, 28892, 28887, 0, 
269, 1, 366, 118, -1, 127, 239, 13.2, 26, ABalaaaarl, 233, 26637, 21203, 796, , 26637, 25000, 27289, 27345, 0, 
270, 1, 217, 178, -1, 248, 195, 26.4, 27, ABplaaapaa, -94, 29573, 29218, 988, , 29573, 25000, 28780, 28803, 0, 
271, 1, 349, 11, -1, 175, 285, 13.3, 26, ABaraaapaa, 80, 27769, 23770, 856, , 27769, 25000, 27577, 27471, 0, 
272, 1, 298, 143, -1, 585, 202, 9.2, 27, Caappv, 244, 27999, 24303, 868, , 27999, 25000, 28402, 28560, 0, 
273, 1, 240, 13, -1, 260, 268, 22.0, 28, MSpaaapa, 280, 28645, 32312, 1128, , 28645, 25000, 28003, 28159, 0, 
274, 1, 248, 229, -1, 320, 347, 17.8, 26, MSppppap, 210, 26398, 21013, 796, , 26398, 25000, 28451, 28569, 0, 
275, 1, 326, 308, -1, 560, 295, 16.2, 28, Cppppa, -175, 27809, 29255, 1052, , 27809, 25000, 28070, 28077, 0, 
276, 1, 289, 189, -1, 280, 212, 21.8, 26, MSapappp, 265, 28196, 22444, 796, , 28196, 25000, 28044, 27961, 0, 
277, 1, 178, 85, -1, 325, 311, 7.7, 27, ABprpapaaa, 235, 28447, 26285, 924, , 28447, 25000, 30913, 30876, 0, 
278, 1, 265, 17, -1, 272, 266, 10.7, 32, ABarapaapp, 286, 26801, 42453, 1584, , 26801, 25000, 28793, 28923, 0, 
279, 1, 364, 322, -1, 371, 255, 25.3, 31, ABarpaappp, 161, 27387, 37466, 1368, , 27387, 25000, 28308, 28330, 0, 
280, 1, 194, 226, -1, 525, 381, 15.2, 27, ABprappapp, 264, 27871, 24192, 868, , 27871, 25000, 28402, 28425, 0, 
281, 1, 362, 171, 392, 336, 279, 14.1, 31, MSpapaap, 194, 32386, 47932, 1480, , 32386, 25000, 31230, 31215, 0, 
282, 1, 196, 371, -1, 377, 347, 13.8, 28, Dpapa, 212, 28106, 29567, 1052, , 28106, 25000, 28205, 28287, 0, 
283, 1, 327, 288, -1, 430, 236, 8.7, 30, MSpappa, 299, 27573, 36065, 1308, , 27573, 25000, 28746, 28768, 0, 
284, 1, 266, 266, -1, 178, 285, 6.9, 25, ABaraaappa, -81, 31447, 20000, 636, , 31447, 25000, 33417, 33811, 0, 
285, 1, 117, 4, -1, 308, 345, 7.3, 27, ABarappppp, 212, 27448, 25362, 924, , 27448, 25000, 30695, 30678, 0, 
286, 1, 268, 89, -1, 205, 165, 24.3, 33, ABplaapaap, 791, 27061, 46978, 1736, , 27061, 25000, 27860, 27887, 0, 
287, 1, 297, 268, -1, 375, 307, 6.3, 26, ABprpapapa, 258, 32509, 27828, 856, , 32509, 25000, 33276, 33323, 0, 
288, 1, 190, 149, -1, 299, 406, 16.0, 25, ABpraappaa, 241, 27093, 20699, 764, , 27093, 25000, 26924, 26997, 0, 
289, 1, 340, 162, -1, 271, 168, 19.0, 26, ABalppppppa, 241, 28525, 24303, 852, , 28525, 25000, 27557, 27661, 0, 
290, 1, 355, 375, -1, 371, 344, 17.7, 27, Dpaap, 55, 28157, 26017, 924, , 28157, 25000, 28117, 28140, 0, 
291, 1, 153, 77, -1, 259, 167, 6.7, 27, ABalppapap, 256, 35726, 33011, 924, , 35726, 25000, 35409, 35449, 0, 
292, 1, 335, 37, -1, 458, 178, 12.4, 29, Capaap, 295, 26642, 30798, 1156, , 26642, 25000, 28789, 28755, 0, 
293, 1, 42, 90, 381, 280, 225, 6.6, 30, ABalpappap, 185, 32440, 37501, 1156, , 32440, 25000, 32746, 32843, 0, 
294, 1, 182, 197, -1, 282, 287, 19.0, 31, MSpaaapp, 292, 28035, 44296, 1580, , 28035, 25000, 28214, 28178, 0, 
295, 1, 166, 184, -1, 253, 268, 6.9, 25, ABarapapaa, 228, 30563, 19438, 636, , 30563, 25000, 32356, 32192, 0, 
296, 1, 249, 30, -1, 545, 265, 10.6, 30, Cppppp, 303, 28027, 32399, 1156, , 28027, 25000, 28688, 28667, 0, 
297, 1, 15, 275, -1, 380, 253, 5.1, 30, ABprpappap, 300, 35052, 47531, 1356, , 35052, 25000, 34135, 34400, 0, 
298, 1, 50, 224, -1, 342, 216, 25.7, 27, ABarppaaaa, -121, 29232, 27010, 924, , 29232, 25000, 27951, 27979, 0, 
299, 1, 131, 303, -1, 167, 353, 18.2, 29, ABalappapp, 295, 27390, 30458, 1112, , 27390, 25000, 27301, 27316, 0, 
300, 1, 306, 87, -1, 209, 196, 25.6, 27, ABalapappp, 629, 26837, 26515, 988, , 26837, 25000, 28030, 28208, 0, 
301, 1, 58, 123, -1, 153, 310, 9.7, 26, ABalaapaaa, 202, 27481, 23524, 856, , 27481, 25000, 27877, 27873, 0, 
302, 1, 281, 260, -1, 367, 195, 19.5, 26, Daaap, 89, 27304, 24464, 896, , 27304, 25000, 29423, 29463, 0, 
303, 1, 284, 362, -1, 237, 259, 12.5, 24, ABaraaapapp, 208, 27721, 21290, 768, , 27721, 25000, 28122, 28087, 0, 
304, 1, 254, 320, -1, 318, 193, 19.4, 27, MSapppap, 273, 29551, 29196, 988, , 29551, 25000, 28229, 28198, 0, 
305, 1, 193, 348, -1, 504, 274, 13.9, 33, Eprpp, 309, 27586, 47889, 1736, , 27586, 25000, 29138, 29220, 0, 
306, 0, 63, -1, -1, 165, 348, 12.0, 23, , -100, 696, 14183, 512, , 27701, 25000, 27236, 27005, 0, 
307, 1, 243, 270, -1, 274, 185, 15.5, 26, MSapapap, 204, 27636, 24762, 896, , 27636, 25000, 28364, 28280, 0, 
308, 1, 324, 370, -1, 588, 206, 11.8, 32, Caappd, 324, 28723, 46187, 1608, , 28723, 25000, 28591, 28617, 0, 
309, 1, 351, 49, -1, 317, 208, 5.0, 23, ABplpappaaa, 172, 33943, 17379, 512, , 33943, 25000, 35909, 35916, 0, 
310, 1, 376, 317, -1, 282, 359, 16.1, 25, ABpraaapppa, 161, 26785, 18428, 688, , 26785, 25000, 28438, 28462, 0, 
311, 1, 118, 259, -1, 403, 328, 9.4, 28, MSpapppa, -190, 27294, 26966, 988, , 27294, 25000, 28915, 28929, 0, 
312, 0, 258, -1, -1, 130, 272, 18.9, 23, , 71, 1041, 14223, 496, , 28675, 25000, 27673, 27634, 0, 
313, 1, 60, 93, -1, 243, 161, 17.4, 28, ABalpppppa, 125, 26976, 26652, 988, , 26976, 25000, 27297, 27295, 0, 
314, 1, 175, 38, -1, 393, 286, 14.3, 32, Earpa, 321, 28290, 44812, 1584, , 28290, 25000, 30184, 30324, 0, 
315, 1, 192, 147, -1, 485, 212, 8.6, 28, ABplpppppa, 275, 27795, 27461, 988, , 27795, 25000, 28366, 28371, 0, 
316, 1, 331, 329, -1, 570, 273, 8.3, 25, ABprappppp, 210, 28887, 22070, 764, , 28887, 25000, 28877, 28911, 0, 
317, 1, 187, 387, -1, 362, 181, 26.4, 30, ABarppaaap, 268, 28043, 32418, 1156, , 28043, 25000, 28557, 28586, 0, 
318, 1, 80, 353, -1, 374, 331, 21.0, 26, MSpppppp, 197, 27408, 23352, 852, , 27408, 25000, 28249, 28277, 0, 
319, 1, 286, 19, -1, 165, 198, 19.8, 29, ABalapaaap, 258, 26873, 29883, 1112, , 26873, 25000, 27460, 27433, 0, 
320, 1, 223, 29, -1, 434, 157, 15.2, 29, Capaaa, 19, 26754, 29750, 1112, , 26754, 25000, 28084, 28082, 0, 
321, 1, 216, 202, -1, 491, 349, 18.3, 30, Cpppaa, 301, 27275, 35676, 1308, , 27275, 25000, 27617, 27618, 0, 
322, 1, 91, 331, -1, 175, 312, 22.7, 27, ABalapppap, 261, 27842, 25726, 924, , 27842, 25000, 27840, 27879, 0, 
323, 1, 264, 216, -1, 282, 162, 21.8, 28, ABalppppppp, 275, 26377, 27749, 1052, , 26377, 25000, 28186, 28190, 0, 
324, 1, 280, 56, -1, 301, 380, 19.3, 29, ABpraaapppp, 255, 28368, 30297, 1068, , 28368, 25000, 27524, 27546, 0, 
325, 1, 353, 169, -1, 332, 344, 11.0, 23, MSpppapa, 212, 28150, 14413, 512, , 28150, 25000, 28289, 28410, 0, 
326, 1, 151, 298, -1, 407, 261, 6.5, 27, ABprpapppa, 275, 31670, 28376, 896, , 31670, 25000, 32530, 32201, 0, 
327, 1, 62, 240, -1, 437, 307, 8.7, 27, MSpapppp, 264, 28370, 26214, 924, , 28370, 25000, 28854, 28836, 0, 
328, 1, 323, 209, -1, 451, 276, 11.1, 31, Z2, 306, 27611, 40865, 1480, , 27611, 25000, 28415, 28403, 0, 
329, 1, 213, 153, -1, 591, 201, 21.1, 33, Caaapp, 102, 28604, 49657, 1736, , 28604, 25000, 28189, 28183, 0, 
330, 1, 237, 355, -1, 300, 173, 12.5, 28, MSapaapp, 214, 28202, 30458, 1080, , 28202, 25000, 28261, 28379, 0, 
331, 1, 197, 310, -1, 307, 214, 11.4, 28, MSaapaaa, 277, 34539, 34125, 988, , 34539, 25000, 30479, 30554, 0, 
332, 1, 388, 91, -1, 318, 199, 26.2, 29, ABplaaappp, 261, 28630, 31837, 1112, , 28630, 25000, 28210, 28114, 0, 
333, 1, 357, 205, -1, 362, 190, 5.6, 28, ABplpappaap, 230, 35452, 35027, 988, , 35452, 25000, 35012, 35171, 0, 
334, 1, 369, 324, -1, 341, 310, 10.7, 26, MSpppaaa, 243, 28603, 24484, 856, , 28603, 25000, 28925, 28998, 0, 
335, 1, 143, 257, -1, 290, 181, 25.4, 28, ABplaaappa, 250, 28796, 28450, 988, , 28796, 25000, 28463, 28551, 0, 
336, 1, 224, 156, -1, 563, 145, 16.5, 29, ABarppappp, 265, 27645, 29857, 1080, , 27645, 25000, 28027, 28071, 0, 
337, 1, 145, 255, -1, 397, 357, 16.8, 28, Dppaa, 217, 27244, 28661, 1052, , 27244, 25000, 28564, 28498, 0, 
338, 1, 320, 346, -1, 306, 367, 23.8, 29, ABarpapppa, 264, 27388, 30456, 1112, , 27388, 25000, 27893, 27802, 0, 
339, 1, 305, 168, -1, 341, 220, 8.6, 28, ABalpappppp, 242, 29108, 28759, 988, , 29108, 25000, 29801, 29829, 0, 
340, 1, 350, 384, -1, 441, 367, 17.7, 28, Dppap, 510, 27742, 29517, 1064, , 27742, 25000, 28538, 28540, 0, 
341, 1, 256, 173, -1, 527, 157, 22.6, 31, ABarppappa, 267, 27157, 36173, 1332, , 27157, 25000, 28215, 28235, 0, 
342, 1, 303, 190, -1, 349, 349, 14.6, 26, Dpaaa, 734, 26434, 21993, 832, , 26434, 25000, 28071, 28218, 0, 
343, 1, 337, 351, -1, 291, 304, 9.8, 23, MSppaapa, 176, 27019, 14590, 540, , 27019, 25000, 28989, 28930, 0, 
344, 1, 361, 45, -1, 385, 203, 22.8, 28, MSappppp, 336, 28158, 29622, 1052, , 28158, 25000, 28487, 28501, 0, 
345, 0, 98, -1, -1, 350, 219, 4.9, 23, , 181, -1476, 17305, 496, , 34889, 25000, 36386, 36365, 0, 
346, 1, 34, 286, -1, 277, 375, 22.8, 28, ABarpappap, 233, 28048, 29507, 1052, , 28048, 25000, 27626, 27877, 0, 
347, 1, 339, 10, -1, 429, 159, 11.5, 27, MSaapppp, 227, 27680, 24801, 896, , 27680, 25000, 27773, 27831, 0, 
348, 1, 328, 290, -1, 318, 328, 12.4, 27, MSppaapp, 217, 28335, 27995, 988, , 28335, 25000, 27723, 27717, 0, 
349, 1, 150, 176, -1, 486, 171, 5.7, 28, ABplpppapa, 254, 36585, 38926, 1064, , 36585, 25000, 35684, 35853, 0, 
350, 1, 238, 126, -1, 230, 330, 19.1, 26, MSppappa, 210, 27143, 21714, 800, , 27143, 25000, 27639, 27590, 0, 
351, 1, 93, 7, -1, 270, 339, 5.4, 27, ABarapppap, 276, 39695, 39219, 988, , 39695, 25000, 38866, 39705, 0, 
352, 1, 75, 285, -1, 450, 363, 24.2, 30, ABarpppapp, 154, 27443, 36225, 1320, , 27443, 25000, 27773, 27754, 0, 
353, 1, 253, 231, -1, 151, 265, 17.5, 28, MSaaaaaa, 246, 27345, 29533, 1080, , 27345, 25000, 27657, 27676, 0, 
354, 1, 292, 233, -1, 388, 261, 10.6, 30, MSpapapp, 296, 35484, 41019, 1156, , 35484, 25000, 30986, 30444, 0, 
355, 1, 136, 78, 180, 366, 157, 16.1, 31, Daap, 239, 27470, 40656, 1480, , 27470, 25000, 28301, 28339, 0, 
356, 1, 344, 47, -1, 418, 225, 5.5, 28, ABplpapppa, 282, 33857, 36566, 1080, , 33857, 25000, 34510, 34508, 0, 
357, 1, 269, 289, -1, 443, 188, 26.4, 29, ABarppaapp, 272, 27886, 32236, 1156, , 27886, 25000, 28173, 28173, 0, 
358, 1, 185, 347, -1, 342, 301, 18.5, 34, Earaa, 297, 28600, 48277, 1688, , 28600, 25000, 29247, 29299, 0, 
359, 1, 127, 315, -1, 223, 144, 11.5, 26, ABalppaapp, 150, 28597, 25623, 896, , 28597, 25000, 27626, 27683, 0, 
360, 1, 5, 356, -1, 490, 180, 11.2, 28, Capapp, 256, 26932, 28332, 1052, , 26932, 25000, 28879, 28931, 0, 
361, 1, 71, 357, -1, 474, 185, 23.0, 30, Dappp, -36, 27185, 36646, 1348, , 27185, 25000, 28026, 28085, 0, 
362, 1, 147, 134, -1, 221, 197, 6.3, 28, ABalpapaaa, 285, 36390, 38719, 1064, , 36390, 25000, 37558, 37873, 0, 
363, 1, 373, 146, -1, 290, 244, 21.5, 30, MSaaaapp, 298, 28115, 34638, 1232, , 28115, 25000, 28290, 28447, 0, 
364, 1, 9, 179, -1, 202, 308, 6.8, 26, ABaraaappp, 215, 30962, 24646, 796, , 30962, 25000, 33983, 34312, 0, 
365, 0, 11, -1, -1, 202, 148, 12.7, 27, , 255, -477, 25273, 924, , 27352, 25000, 27798, 27829, 0, 
366, 1, 250, 21, -1, 224, 227, 25.9, 28, ABplaaaaap, 257, 27815, 30263, 1088, , 27815, 25000, 28286, 28206, 0, 
367, 1, 89, 234, -1, 174, 207, 13.5, 27, MSapaaaa, 158, 27781, 24892, 896, , 27781, 25000, 28229, 28304, 0, 
368, 1, 125, 380, -1, 391, 161, 11.7, 29, MSaapppa, 263, 26891, 28720, 1068, , 26891, 25000, 27945, 27898, 0, 
369, 1, 13, 291, -1, 485, 325, 6.7, 29, ABprpppaaa, 211, 31640, 33791, 1068, , 31640, 25000, 32814, 33231, 0, 
370, 1, 146, 59, -1, 215, 373, 17.5, 26, ABpraaapap, 247, 27376, 24529, 896, , 27376, 25000, 27537, 27496, 0, 
371, 1, 221, 373, -1, 165, 245, 13.3, 27, ABalpaapaa, 247, 27688, 25584, 924, , 27688, 25000, 27922, 27888, 0, 
372, 0, 371, -1, -1, 218, 343, 8.9, 25, , 73, 466, 19929, 688, , 28967, 25000, 28424, 28501, 0, 
373, 1, 205, 185, -1, 436, 155, 19.5, 28, Dapap, 234, 29221, 31559, 1080, , 29221, 25000, 28839, 28890, 0, 
374, 1, 59, 297, -1, 263, 162, 25.5, 30, ABplaaapap, 254, 27683, 34106, 1232, , 27683, 25000, 28482, 28664, 0, 
375, 1, 195, 97, -1, 261, 359, 20.4, 30, ABpraapapp, 448, 27365, 31634, 1156, , 27365, 25000, 28337, 28461, 0, 
376, 1, 88, 160, -1, 221, 352, 23.8, 23, ABalappppp, 246, 25869, 13969, 540, , 25869, 25000, 27618, 27570, 0, 
377, 0, 382, -1, -1, 314, 208, 23.9, 22, , 241, 0, 0, 0, , 0, 0, 0, 0, 0, 
378, 1, 121, 113, -1, 251, 324, 13.4, 26, MSppapaa, 37, 27941, 23247, 832, , 27941, 25000, 27971, 28215, 0, 
379, 1, 162, 388, -1, 307, 348, 14.1, 22, MSppppaa, -163, 25580, 11869, 464, , 25580, 25000, 28169, 28278, 0, 
380, 1, 295, 245, -1, 278, 326, 13.0, 26, MSppapap, 268, 27560, 23481, 852, , 27560, 25000, 27933, 27772, 0, 
381, 1, 378, 294, -1, 166, 256, 20.0, 27, MSaaaaapa, 149, 26704, 27559, 1032, , 26704, 25000, 28346, 28394, 0, 
382, 1, 294, 256, -1, 571, 233, 7.6, 28, Cpappv, 195, 27807, 27473, 988, , 27807, 25000, 31345, 31634, 0, 
383, 1, 259, 44, -1, 182, 346, 19.7, 30, ABalappppa, -60, 27646, 36161, 1308, , 27646, 25000, 27696, 27837, 0, 
384, 1, 317, 394, -1, 176, 179, 13.2, 22, ABalppaaap, 186, 27550, 13665, 496, , 27550, 25000, 27579, 27625, 0, 
385, 1, 391, 385, -1, 183, 337, 11.1, 22, ABalaappap, 210, 29325, 13607, 464, , 29325, 25000, 27018, 27121, 0, 
386, 1, 278, 391, -1, 272, 243, 18.0, 26, MSaaapap, 168, 26722, 22767, 852, , 26722, 25000, 27903, 27889, 0, 
387, 1, 384, 340, -1, 301, 171, 16.0, 22, MSapppaa, 143, 28615, 10988, 384, , 28615, 25000, 28077, 28231, 0, 
388, 1, 111, 88, -1, 166, 187, 24.2, 28, ABplaapaaa, -143, 27069, 28477, 1052, , 27069, 25000, 28357, 28376, 0, 
389, 1, 379, 76, -1, 395, 120, 18.9, 30, ABplaapppp, 173, 28866, 39142, 1356, , 28866, 25000, 28322, 28364, 0, 
390, 1, 389, 395, -1, 358, 395, 17.0, 26, ABpraapppa, 238, 27506, 23435, 852, , 27506, 25000, 28097, 28052, 0, 
391, 1, 390, 396, -1, 184, 232, 25.0, 22, ABalapapap, 184, 26648, 10233, 384, , 26648, 25000, 28071, 28011, 0, 
392, 1, 103, 397, -1, 186, 187, 18.0, 27, ABalapaapp, 216, 27321, 28195, 1032, , 27321, 25000, 28104, 28115, 0, 
393, 1, 392, 398, -1, 518, 288, 5.64, 28, ABprpppapa, 251, 40690, 40202, 988, , 40690, 25000, 36683, 36985, 0, 
