1, 1, 325, 206, -1, 195, 325, 25.7, 30, ABarpapaaa, -50, 27210, 35591, 1308, , 27210, 25000, 29024, 28960, 0, 
2, 1, 99, 150, -1, 282, 280, 5.2, 24, ABarappaap, 233, 38511, 25263, 656, , 38511, 25000, 34935, 34837, 0, 
3, 1, 263, 212, -1, 309, 293, 25.5, 33, ABarpaapap, 264, 28286, 45936, 1624, , 28286, 25000, 28527, 28514, 0, 
4, 1, 199, 224, -1, 172, 350, 22.5, 30, ABpraapaaa, 258, 27449, 33817, 1232, , 27449, 25000, 27633, 27636, 0, 
5, 1, 49, 108, -1, 321, 201, 4.9, 24, ABplpappaaa, 195, 36273, 21909, 604, , 36273, 25000, 36181, 36176, 0, 
6, 1, 146, 121, -1, 298, 246, 21.2, 29, MSaaaapp, 295, 27139, 30179, 1112, , 27139, 25000, 27911, 27889, 0, 
7, 1, 59, 284, -1, 218, 367, 16.5, 27, ABpraaapap, 113, 27990, 25079, 896, , 27990, 25000, 27815, 27939, 0, 
8, 1, 275, 369, -1, 371, 249, 4.8, 31, ABprpappap, 317, 34901, 51095, 1464, , 34901, 25000, 34381, 34680, 0, 
9, 0, 337, -1, -1, 129, 269, 19.4, 24, , 240, -407, 18626, 700, , 26609, 25000, 27221, 27016, 0, 
10, 1, 286, 366, -1, 273, 382, 21.5, 27, ABarpappap, 250, 27394, 24545, 896, , 27394, 25000, 27948, 27940, 0, 
11, 1, 11, 260, -1, 175, 283, 13.3, 26, ABaraaapaa, 85, 28901, 24739, 856, , 28901, 25000, 28085, 28278, 0, 
12, 0, 25, -1, -1, 527, 275, 7.2, 23, , -110, 545, 17345, 540, , 32120, 25000, 31430, 31575, 0, 
13, 1, 134, 134, -1, 219, 198, 6.5, 27, ABalpapaaa, 338, 33730, 30222, 896, , 33730, 25000, 35657, 35599, 0, 
14, 1, 143, 208, -1, 582, 200, 9.4, 28, Caappv, 274, 26664, 26344, 988, , 26664, 25000, 28542, 28597, 0, 
15, 1, 320, 352, -1, 314, 197, 20.4, 24, MSapppap, 239, 28193, 19735, 700, , 28193, 25000, 27598, 27535, 0, 
16, 1, 206, 333, -1, 356, 327, 7.5, 27, ABprpapaap, 226, 28220, 25285, 896, , 28220, 25000, 30873, 30754, 0, 
17, 1, 292, 280, -1, 229, 317, 6.4, 27, ABarapppaa, 242, 31528, 31150, 988, , 31528, 25000, 35512, 35658, 0, 
18, 1, 92, 84, -1, 198, 172, 18.9, 30, ABalppppaa, 283, 26521, 35963, 1356, , 26521, 25000, 27949, 28263, 0, 
19, 1, 250, 205, -1, 250, 349, 14.8, 28, ABpraaappa, 442, 27784, 29229, 1052, , 27784, 25000, 27224, 27199, 0, 
20, 1, 129, 255, -1, 243, 347, 17.4, 28, ABpraapapa, 285, 27302, 26974, 988, , 27302, 25000, 27760, 27633, 0, 
21, 1, 184, 92, -1, 258, 256, 6.9, 25, ABarapapaa, 572, 31634, 20119, 636, , 31634, 25000, 33751, 33767, 0, 
22, 1, 179, 320, -1, 198, 300, 6.9, 25, ABaraaappp, 241, 30498, 19397, 636, , 30498, 25000, 34473, 34920, 0, 
23, 1, 125, 374, -1, 311, 246, 6.1, 31, ABarapapap, 280, 34199, 50614, 1480, , 34199, 25000, 33897, 34421, 0, 
24, 1, 110, 147, -1, 346, 116, 14.0, 29, ABplppaaaa, 43, 28007, 34393, 1228, , 28007, 25000, 27515, 27498, 0, 
25, 1, 230, 240, -1, 243, 177, 20.5, 30, ABplaapapa, 315, 26839, 33066, 1232, , 26839, 25000, 28032, 28140, 0, 
26, 1, 139, 29, -1, 281, 333, 10.3, 29, ABprpaaaaa, 270, 27495, 29365, 1068, , 27495, 25000, 28098, 28225, 0, 
27, 1, 19, 227, -1, 159, 189, 20.4, 29, ABalapaaap, -26, 28024, 32396, 1156, , 28024, 25000, 27369, 27326, 0, 
28, 1, 176, 285, -1, 494, 177, 6.6, 29, ABplpppapa, 188, 33836, 39114, 1156, , 33836, 25000, 34169, 34430, 0, 
29, 1, 241, 103, -1, 302, 117, 16.3, 29, ABplpaappp, 293, 27111, 28955, 1068, , 27111, 25000, 27423, 27419, 0, 
30, 1, 234, 305, -1, 173, 203, 13.9, 26, MSapaaaa, 176, 28193, 22554, 800, , 28193, 25000, 28509, 28549, 0, 
31, 1, 219, 127, -1, 498, 110, 17.3, 28, ABplappapp, 244, 27086, 28819, 1064, , 27086, 25000, 27548, 27530, 0, 
32, 1, 192, 184, -1, 297, 148, 19.2, 28, ABplpaappa, 286, 26850, 28246, 1052, , 26850, 25000, 28117, 28152, 0, 
33, 1, 55, 277, -1, 192, 160, 10.8, 26, ABalaaaalp, 235, 27158, 21618, 796, , 27158, 25000, 27752, 27766, 0, 
34, 1, 98, 213, -1, 235, 230, 7.9, 27, ABalpappaa, 205, 29738, 27002, 908, , 29738, 25000, 29692, 29984, 0, 
35, 1, 374, 73, -1, 242, 159, 10.5, 29, ABalppappa, 225, 26661, 28794, 1080, , 26661, 25000, 28136, 28130, 0, 
36, 1, 178, 318, -1, 245, 199, 26.6, 26, ABplaaapaa, 238, 26841, 22332, 832, , 26841, 25000, 28291, 28334, 0, 
37, 1, 80, 15, -1, 446, 114, 17.6, 28, ABplappaaa, 245, 27887, 27552, 988, , 27887, 25000, 28336, 28328, 0, 
38, 1, 175, 310, -1, 200, 242, 17.3, 28, ABaraapaap, -134, 27368, 29120, 1064, , 27368, 25000, 28069, 28107, 0, 
39, 1, 321, 113, -1, 205, 309, 10.8, 26, MSppaaaa, 69, 26834, 21360, 796, , 26834, 25000, 27848, 27946, 0, 
40, 1, 386, 72, -1, 310, 164, 8.9, 27, ABplpapaaa, 227, 28662, 26025, 908, , 28662, 25000, 29046, 29208, 0, 
41, 1, 135, 48, -1, 410, 173, 14.7, 26, MSappaap, 200, 26543, 22721, 856, , 26543, 25000, 28866, 28787, 0, 
42, 1, 24, 39, -1, 207, 226, 6.4, 25, ABalpaaaap, 225, 32250, 26832, 832, , 32250, 25000, 35022, 35724, 0, 
43, 1, 311, 99, -1, 261, 129, 14.2, 26, ABplpaaapa, -109, 27261, 21700, 796, , 27261, 25000, 28041, 28074, 0, 
44, 1, 170, 93, -1, 151, 276, 23.5, 28, ABarpaaaaa, 277, 26900, 29052, 1080, , 26900, 25000, 28016, 28052, 0, 
45, 1, 154, 214, -1, 135, 303, 15.7, 27, ABalaaappl, 232, 27666, 25563, 924, , 27666, 25000, 28050, 27996, 0, 
46, 1, 6, 74, -1, 576, 335, 11.7, 26, ABprapappa, 252, 27487, 23529, 856, , 27487, 25000, 27699, 27683, 0, 
47, 1, 50, 64, -1, 254, 157, 12.6, 27, ABplpaaaaa, 279, 26811, 26489, 988, , 26811, 25000, 28317, 28589, 0, 
48, 1, 217, 104, -1, 584, 301, 9.6, 25, ABprappppa, 224, 27636, 22993, 832, , 27636, 25000, 28119, 28122, 0, 
49, 1, 126, 120, -1, 230, 322, 19.0, 26, MSppappa, 264, 27631, 23542, 852, , 27631, 25000, 28155, 28130, 0, 
50, 0, 301, -1, -1, 350, 206, 5.0, 24, , 183, -685, 21401, 608, , 35199, 25000, 35752, 35884, 0, 
51, 1, 256, 311, -1, 578, 236, 8.4, 26, Cpappv, 203, 27612, 22973, 832, , 27612, 25000, 28617, 28766, 0, 
52, 1, 193, 248, -1, 255, 120, 18.4, 27, ABplpaapap, 258, 28897, 28550, 988, , 28897, 25000, 27547, 27594, 0, 
53, 1, 144, 181, -1, 308, 373, 15.3, 28, ABprpaappa, -27, 26450, 28143, 1064, , 26450, 25000, 27848, 27869, 0, 
54, 0, 152, -1, -1, 88, 262, 16.0, 26, , 152, 3066, 25467, 852, , 29891, 25000, 26828, 26825, 0, 
55, 1, 231, 243, -1, 151, 264, 17.4, 28, MSaaaaaa, 205, 27493, 27163, 988, , 27493, 25000, 27573, 27518, 0, 
56, 1, 142, 5, -1, 453, 224, 5.4, 27, ABplpapppp, 255, 35644, 35216, 988, , 35644, 25000, 33891, 33823, 0, 
57, 1, 88, 340, -1, 170, 188, 24.8, 28, ABplaapaaa, 219, 28271, 29741, 1052, , 28271, 25000, 28282, 28323, 0, 
58, 0, 377, -1, -1, 492, 199, 6.7, 23, , 204, 581, 19831, 592, , 33498, 25000, 32426, 32917, 0, 
59, 1, 77, 178, -1, 260, 163, 7.5, 27, ABalppapap, -25, 29318, 26269, 896, , 29318, 25000, 33007, 33005, 0, 
60, 1, 46, 133, -1, 182, 271, 25.5, 28, ABarpaaaap, 213, 28277, 30539, 1080, , 28277, 25000, 28415, 28395, 0, 
61, 1, 63, 86, -1, 484, 142, 23.8, 29, ABplappapa, 291, 27751, 30859, 1112, , 27751, 25000, 27779, 27800, 0, 
62, 1, 128, 238, -1, 186, 286, 16.4, 29, ABaraappaa, 281, 28368, 32793, 1156, , 28368, 25000, 27630, 27558, 0, 
63, 1, 112, 60, -1, 377, 168, 8.5, 29, ABplpapapa, 241, 28734, 31033, 1080, , 28734, 25000, 28992, 28841, 0, 
64, 1, 214, 380, -1, 495, 322, 25.5, 33, Cpaaap, 317, 27814, 45170, 1624, , 27814, 25000, 28597, 28597, 0, 
65, 1, 109, 300, -1, 171, 271, 9.3, 28, ABaraaaaap, 285, 27846, 29628, 1064, , 27846, 25000, 28487, 28221, 0, 
66, 1, 9, 157, -1, 396, 299, 18.4, 33, Earap, 301, 28009, 45935, 1640, , 28009, 25000, 28509, 28525, 0, 
67, 1, 177, 234, -1, 144, 308, 20.6, 29, ABalapppaa, 149, 28246, 32652, 1156, , 28246, 25000, 27482, 27499, 0, 
68, 1, 247, 70, -1, 495, 286, 16.4, 34, Eprpa, 343, 27437, 48838, 1780, , 27437, 25000, 28678, 28839, 0, 
69, 0, 60, -1, -1, 203, 280, 20.3, 24, , 201, 944, 20339, 704, , 28891, 25000, 27967, 27947, 0, 
70, 1, 70, 161, -1, 416, 149, 8.5, 28, ABplppaapp, 4, 28569, 30855, 1080, , 28569, 25000, 28647, 28660, 0, 
71, 1, 156, 360, -1, 559, 143, 16.2, 27, ABarppappp, 265, 28207, 24484, 868, , 28207, 25000, 28171, 28191, 0, 
72, 1, 289, 291, -1, 437, 195, 26.6, 31, ABarppaapp, 304, 29237, 38944, 1332, , 29237, 25000, 28632, 28613, 0, 
73, 1, 253, 220, -1, 228, 260, 5.5, 27, ABarapaaap, 258, 37908, 33966, 896, , 37908, 25000, 35334, 35618, 0, 
74, 1, 165, 334, -1, 603, 252, 17.3, 32, Cpapap, 324, 27652, 43800, 1584, , 27652, 25000, 28367, 28420, 0, 
75, 1, 182, 166, -1, 549, 145, 10.1, 25, ABplappppa, 227, 26699, 18369, 688, , 26699, 25000, 27458, 27465, 0, 
76, 1, 168, 232, -1, 340, 211, 8.9, 27, ABalpappppp, -117, 27471, 24944, 908, , 27471, 25000, 30032, 30081, 0, 
77, 1, 105, 151, -1, 356, 202, 12.4, 28, MSaapapp, 281, 33949, 33542, 988, , 33949, 25000, 29768, 29802, 0, 
78, 1, 73, 11, -1, 281, 116, 19.9, 26, ABplaappaa, 343, 28323, 22658, 800, , 28323, 25000, 27474, 27405, 0, 
79, 1, 140, 160, -1, 142, 266, 14.3, 28, ABaraaaapa, 192, 28159, 29961, 1064, , 28159, 25000, 28075, 28143, 0, 
80, 1, 79, 294, -1, 246, 192, 11.2, 24, MSapaapa, 171, 28366, 18608, 656, , 28366, 25000, 28230, 28287, 0, 
81, 1, 276, 269, -1, 500, 341, 14.7, 28, Cppapa, -475, 28106, 29905, 1064, , 28106, 25000, 28625, 28667, 0, 
82, 1, 366, 339, -1, 241, 354, 7.9, 27, ABalaapapp, 269, 28892, 26234, 908, , 28892, 25000, 29243, 29244, 0, 
83, 1, 58, 128, -1, 493, 386, 13.7, 26, ABprappaap, 262, 26824, 22961, 856, , 26824, 25000, 27504, 27561, 0, 
84, 1, 138, 257, -1, 230, 267, 9.4, 26, ABarapaapa, -43, 27612, 22973, 832, , 27612, 25000, 29206, 29135, 0, 
85, 1, 224, 171, -1, 340, 222, 25.8, 29, ABarppaaaa, 205, 28763, 31984, 1112, , 28763, 25000, 28338, 28353, 0, 
86, 1, 368, 47, -1, 347, 162, 22.5, 30, ABplapaaap, 57, 27269, 33596, 1232, , 27269, 25000, 28718, 28706, 0, 
87, 1, 17, 327, -1, 273, 258, 10.8, 31, ABarapaapp, 124, 27253, 39898, 1464, , 27253, 25000, 28382, 28497, 0, 
88, 1, 302, 299, -1, 448, 300, 16.0, 32, Earpp, 314, 27731, 47364, 1708, , 27731, 25000, 28934, 28953, 0, 
89, 1, 157, 105, -1, 587, 292, 12.5, 28, ABprapappp, 129, 27986, 30225, 1080, , 27986, 25000, 28166, 28191, 0, 
90, 1, 198, 219, -1, 392, 172, 19.3, 28, Dapaa, 206, 28041, 29836, 1064, , 28041, 25000, 29025, 28976, 0, 
91, 1, 64, 324, -1, 326, 360, 24.8, 30, ABarpapppp, 246, 27212, 35920, 1320, , 27212, 25000, 28271, 28192, 0, 
92, 1, 93, 307, 316, 245, 157, 18.0, 28, ABalpppppa, 181, 26857, 30295, 1128, , 26857, 25000, 27574, 27639, 0, 
93, 1, 183, 155, -1, 328, 375, 7.4, 29, ABprpaaaap, 310, 28495, 32940, 1156, , 28495, 25000, 31083, 31531, 0, 
94, 0, 201, -1, -1, 376, 114, 17.7, 24, , 202, 1090, 20607, 704, , 29271, 25000, 28157, 28181, 0, 
95, 1, 23, 94, -1, 248, 203, 5.3, 31, ABalpapaap, 317, 39529, 54075, 1368, , 39529, 25000, 36852, 37497, 0, 
96, 1, 285, 373, -1, 445, 369, 24.1, 31, ABarpppapp, 312, 26938, 39868, 1480, , 26938, 25000, 28345, 28346, 0, 
97, 1, 18, 33, -1, 283, 254, 25.7, 28, ABplaaaapp, 218, 27993, 29785, 1064, , 27993, 25000, 27928, 27803, 0, 
98, 1, 298, 22, -1, 398, 258, 6.7, 27, ABprpapppa, 241, 32028, 29594, 924, , 32028, 25000, 33168, 32834, 0, 
99, 1, 258, 27, -1, 544, 273, 24.4, 33, Cpaapa, 336, 28651, 46987, 1640, , 28651, 25000, 27841, 27869, 0, 
100, 1, 191, 209, -1, 540, 299, 8.8, 26, ABprapppap, 225, 27751, 22090, 796, , 27751, 25000, 28739, 28771, 0, 
101, 1, 66, 393, -1, 333, 247, 4.4, 26, ABprpappaa, 186, 35109, 29211, 832, , 35109, 25000, 35238, 35121, 0, 
102, 1, 297, 140, -1, 264, 167, 26.0, 28, ABplaaapap, 269, 30059, 33907, 1128, , 30059, 25000, 28702, 28794, 0, 
103, 1, 102, 24, -1, 280, 148, 10.0, 27, ABalppappp, 255, 29143, 30076, 1032, , 29143, 25000, 28076, 28118, 0, 
104, 1, 346, 97, -1, 301, 374, 22.7, 30, ABarpapppa, 306, 27908, 36504, 1308, , 27908, 25000, 28337, 28384, 0, 
105, 1, 34, 46, -1, 189, 231, 26.5, 29, ABplaaaaaa, -189, 29080, 31406, 1080, , 29080, 25000, 28577, 28478, 0, 
106, 1, 22, 4, -1, 564, 164, 12.6, 27, ABplapappp, 110, 26766, 26445, 988, , 26766, 25000, 28245, 28285, 0, 
107, 1, 57, 252, -1, 436, 407, 15.7, 26, ABprapaapp, 240, 27452, 23499, 856, , 27452, 25000, 28189, 28245, 0, 
108, 1, 41, 256, -1, 435, 309, 5.4, 26, ABprppaapp, 440, 35794, 29781, 832, , 35794, 25000, 34423, 34468, 0, 
109, 1, 287, 295, -1, 209, 371, 12.8, 25, ABpraaaaap, 233, 28107, 19787, 704, , 28107, 25000, 27599, 27668, 0, 
110, 1, 21, 124, -1, 224, 233, 25.7, 28, ABplaaaaap, 118, 27001, 28729, 1064, , 27001, 25000, 27728, 27774, 0, 
111, 1, 204, 332, -1, 213, 347, 10.4, 27, ABpraaaaaa, 68, 28347, 28007, 988, , 28347, 25000, 27808, 27809, 0, 
112, 1, 39, 249, -1, 388, 111, 13.5, 27, ABplppapaa, 4, 28033, 25118, 896, , 28033, 25000, 27577, 27578, 0, 
113, 1, 267, 262, -1, 238, 387, 14.5, 28, ABpraaaapp, 233, 26974, 29132, 1080, , 26974, 25000, 27889, 27891, 0, 
114, 1, 20, 51, -1, 430, 115, 20.2, 28, ABplapaapp, 502, 28231, 29699, 1052, , 28231, 25000, 27696, 27832, 0, 
115, 1, 328, 185, -1, 204, 229, 14.1, 26, ABalpaapapp, 211, 27709, 22167, 800, , 27709, 25000, 28617, 28635, 0, 
116, 1, 349, 370, -1, 348, 229, 16.9, 25, MSaapaapp, 228, 28975, 19935, 688, , 28975, 25000, 29766, 29908, 0, 
117, 1, 208, 356, -1, 411, 344, 20.4, 29, Dpppa, 291, 28318, 32736, 1156, , 28318, 25000, 28387, 28395, 0, 
118, 1, 273, 216, -1, 467, 323, 10.4, 29, Cppaap, 292, 27656, 31970, 1156, , 27656, 25000, 29013, 29013, 0, 
119, 1, 3, 290, -1, 304, 119, 11.7, 29, ABplpaaaap, 20, 26588, 28396, 1068, , 26588, 25000, 27379, 27230, 0, 
120, 1, 277, 296, -1, 267, 352, 11.8, 26, ABprpaapaa, 233, 27397, 21808, 796, , 27397, 25000, 27746, 27892, 0, 
121, 1, 265, 146, -1, 140, 213, 19.2, 27, ABalapaaaa, 226, 27066, 23493, 868, , 27066, 25000, 27705, 27629, 0, 
122, 1, 180, 375, -1, 397, 146, 15.3, 27, Daapp, 202, 28680, 26500, 924, , 28680, 25000, 28686, 28795, 0, 
123, 1, 96, 12, -1, 294, 265, 8.8, 27, ABarapappa, 190, 28866, 25056, 868, , 28866, 25000, 29216, 29503, 0, 
124, 1, 282, 164, -1, 272, 214, 10.1, 27, ABalpapppa, 238, 27564, 25028, 908, , 27564, 25000, 28580, 28450, 0, 
125, 1, 236, 192, -1, 526, 158, 12.2, 26, ABplapppaa, 237, 26647, 21211, 796, , 26647, 25000, 28291, 28200, 0, 
126, 1, 153, 355, -1, 591, 203, 20.7, 33, Caaapp, 332, 27650, 48001, 1736, , 27650, 25000, 28574, 28574, 0, 
127, 1, 293, 145, -1, 548, 181, 8.0, 26, ABplappppp, 348, 28604, 24371, 852, , 28604, 25000, 30918, 30942, 0, 
128, 1, 187, 267, -1, 401, 323, 5.8, 26, ABprppaapa, 123, 34989, 27851, 796, , 34989, 25000, 33739, 33657, 0, 
129, 1, 370, 377, -1, 585, 207, 11.7, 32, Caappd, 323, 27970, 44304, 1584, , 27970, 25000, 28436, 28643, 0, 
130, 1, 330, 78, -1, 358, 256, 7.4, 27, ABarapapppp, 264, 26695, 26375, 988, , 26695, 25000, 31758, 31436, 0, 
131, 1, 213, 8, -1, 391, 404, 18.9, 26, ABprapaapa, 265, 28854, 23083, 800, , 28854, 25000, 27800, 27836, 0, 
132, 1, 223, 130, -1, 284, 392, 12.6, 26, ABprpaapap, 269, 27048, 22504, 832, , 27048, 25000, 27894, 27882, 0, 
133, 1, 210, 10, -1, 330, 145, 11.1, 27, ABplpapaap, 254, 26420, 23989, 908, , 26420, 25000, 28363, 28451, 0, 
134, 1, 235, 139, -1, 522, 320, 6.7, 28, ABprpppaap, -502, 32044, 34095, 1064, , 32044, 25000, 34098, 34237, 0, 
135, 1, 35, 68, -1, 171, 147, 14.5, 27, ABalpppaaa, 47, 28537, 25569, 896, , 28537, 25000, 27336, 27381, 0, 
136, 1, 388, 191, -1, 312, 347, 13.5, 24, MSppppaa, 224, 28733, 22067, 768, , 28733, 25000, 27925, 27954, 0, 
137, 1, 332, 43, -1, 338, 189, 15.3, 28, MSappaaa, 273, 28674, 30509, 1064, , 28674, 25000, 28890, 29014, 0, 
138, 1, 365, 326, -1, 245, 293, 19.9, 27, MSpaaaapp, 208, 27046, 24558, 908, , 27046, 25000, 27703, 27689, 0, 
139, 1, 167, 306, -1, 353, 367, 9.4, 29, ABprppaaaa, -14, 27119, 31350, 1156, , 27119, 25000, 28395, 28496, 0, 
140, 1, 54, 57, -1, 157, 241, 10.7, 26, ABaraaaaaa, -360, 28266, 24196, 856, , 28266, 25000, 28269, 28339, 0, 
141, 1, 84, 125, -1, 288, 324, 20.4, 28, MSppappp, 271, 27861, 27527, 988, , 27861, 25000, 28069, 28115, 0, 
142, 1, 319, 261, -1, 428, 110, 13.9, 26, ABplppapap, 230, 26678, 21342, 800, , 26678, 25000, 27540, 27502, 0, 
143, 1, 243, 298, -1, 238, 361, 11.6, 26, ABpraaaapa, 150, 27837, 23160, 832, , 27837, 25000, 27859, 27675, 0, 
144, 1, 103, 106, -1, 291, 139, 14.3, 29, ABplpaaapp, 160, 27496, 29366, 1068, , 27496, 25000, 27544, 27710, 0, 
145, 1, 116, 32, -1, 543, 189, 16.9, 29, Capppa, 45, 28006, 33831, 1208, , 28006, 25000, 28564, 28643, 0, 
146, 0, 26, -1, -1, 369, 404, 13.9, 25, , -56, 1180, 20030, 688, , 29113, 25000, 27969, 27933, 0, 
147, 1, 335, 152, -1, 505, 298, 10.0, 28, Cppapp, 273, 27748, 31300, 1128, , 27748, 25000, 28841, 28822, 0, 
148, 1, 111, 53, -1, 496, 257, 7.6, 27, ABprpppppa, 232, 30130, 29768, 988, , 30130, 25000, 30168, 30448, 0, 
149, 1, 281, 45, -1, 507, 180, 17.4, 31, Cappap, 260, 27887, 37146, 1332, , 27887, 25000, 28221, 28340, 0, 
150, 1, 278, 349, -1, 495, 349, 7.6, 26, ABprppappp, 237, 28953, 24089, 832, , 28953, 25000, 30761, 30796, 0, 
151, 1, 61, 37, -1, 203, 267, 6.8, 27, ABarapaaaa, 223, 31332, 27196, 868, , 31332, 25000, 33360, 33173, 0, 
152, 1, 237, 63, -1, 184, 223, 8.3, 27, ABalpaaaaa, 277, 28589, 26416, 924, , 28589, 25000, 29903, 30152, 0, 
153, 1, 186, 126, -1, 551, 356, 12.9, 27, ABprapapap, 232, 28681, 26042, 908, , 28681, 25000, 28008, 28030, 0, 
154, 0, 262, -1, -1, 163, 244, 24.2, 23, , 208, 2095, 16291, 540, , 30169, 25000, 28052, 28074, 0, 
155, 1, 353, 274, -1, 370, 330, 21.4, 26, MSpppppp, 209, 27385, 22784, 832, , 27385, 25000, 27818, 27820, 0, 
156, 1, 378, 376, -1, 360, 151, 13.9, 26, MSappapp, 194, 28549, 22839, 800, , 28549, 25000, 27981, 27970, 0, 
157, 1, 284, 293, -1, 243, 266, 13.8, 26, ABaraapppaa, 175, 27138, 21602, 796, , 27138, 25000, 28279, 28308, 0, 
158, 1, 42, 230, -1, 346, 124, 19.5, 28, ABplaapppa, 239, 28588, 30875, 1080, , 28588, 25000, 27557, 27558, 0, 
159, 1, 326, 69, -1, 224, 332, 24.2, 27, ABarpapaap, 194, 27609, 23965, 868, , 27609, 25000, 28350, 28474, 0, 
160, 1, 101, 201, -1, 133, 202, 11.9, 25, ABalaaaala, 126, 27250, 18748, 688, , 27250, 25000, 27764, 27751, 0, 
161, 1, 71, 66, -1, 332, 337, 5.3, 28, ABarappapp, 41, 37725, 40139, 1064, , 37725, 25000, 37255, 37548, 0, 
162, 1, 37, 331, -1, 457, 173, 12.4, 30, Capaap, 280, 29113, 33655, 1156, , 29113, 25000, 28597, 28857, 0, 
163, 1, 100, 129, -1, 383, 368, 24.6, 30, ABarpppaap, 267, 27479, 31766, 1156, , 27479, 25000, 28001, 28062, 0, 
164, 1, 141, 118, -1, 253, 325, 24.6, 27, ABarpapapa, 209, 28482, 28140, 988, , 28482, 25000, 28698, 28711, 0, 
165, 1, 249, 242, -1, 469, 251, 7.5, 28, ABprpapppp, 220, 27801, 30025, 1080, , 27801, 25000, 30321, 29939, 0, 
166, 0, 382, -1, -1, 226, 331, 8.9, 21, , 176, 598, 9997, 348, , 28727, 25000, 28120, 28129, 0, 
167, 1, 315, 364, -1, 224, 138, 12.2, 24, ABalppaapp, 118, 27973, 18350, 656, , 27973, 25000, 27252, 27248, 0, 
168, 1, 357, 175, -1, 477, 193, 22.8, 29, Dappp, 295, 27192, 30238, 1112, , 27192, 25000, 28689, 28711, 0, 
169, 1, 97, 228, -1, 260, 361, 19.4, 31, ABpraapapp, 122, 27386, 36478, 1332, , 27386, 25000, 28044, 28262, 0, 
170, 1, 38, 246, -1, 402, 281, 14.4, 31, Earpa, 314, 27167, 36186, 1332, , 27167, 25000, 29689, 29654, 0, 
171, 1, 272, 3, -1, 288, 179, 6.3, 29, ABalpapapa, 48, 36794, 39296, 1068, , 36794, 25000, 36704, 37059, 0, 
172, 1, 294, 199, -1, 166, 256, 20.2, 26, MSaaaaapa, 266, 26678, 21236, 796, , 26678, 25000, 28113, 28188, 0, 
173, 1, 95, 226, -1, 317, 117, 19.9, 28, ABplaappap, 252, 28083, 30554, 1088, , 28083, 25000, 27955, 27783, 0, 
174, 1, 162, 391, -1, 272, 173, 19.2, 25, ABalppppppa, 251, 29159, 20528, 704, , 29159, 25000, 27802, 27778, 0, 
175, 1, 212, 211, -1, 562, 345, 17.8, 29, ABprapapaa, 142, 28245, 31408, 1112, , 28245, 25000, 28058, 28124, 0, 
176, 1, 245, 338, -1, 280, 320, 12.8, 25, MSppapap, 248, 26871, 18917, 704, , 26871, 25000, 28031, 28104, 0, 
177, 1, 373, 287, -1, 163, 242, 13.3, 26, ABalpaapaa, 134, 26750, 22898, 856, , 26750, 25000, 27954, 27894, 0, 
178, 1, 246, 195, -1, 285, 228, 13.8, 28, ABaraapapp, 228, 28130, 29593, 1052, , 28130, 25000, 29128, 28792, 0, 
179, 0, 338, -1, -1, 151, 173, 12.2, 26, , 207, 992, 22771, 796, , 28607, 25000, 27611, 27615, 0, 
180, 1, 174, 308, -1, 473, 285, 19.4, 32, Eprap, 313, 27926, 41442, 1484, , 27926, 25000, 28309, 28378, 0, 
181, 1, 62, 382, -1, 589, 318, 16.4, 28, ABarpppppp, 273, 27951, 27616, 988, , 27951, 25000, 28366, 28378, 0, 
182, 1, 120, 20, -1, 222, 219, 10.3, 26, ABalpaaapa, 671, 27973, 23945, 856, , 27973, 25000, 28305, 28274, 0, 
183, 1, 390, 183, -1, 236, 301, 11.4, 26, MSppaaap, 213, 28500, 23712, 832, , 28500, 25000, 27896, 28052, 0, 
184, 1, 74, 179, -1, 221, 168, 8.4, 26, ABalppapaa, 250, 27397, 22794, 832, , 27397, 25000, 28645, 28798, 0, 
185, 1, 189, 167, -1, 277, 213, 21.9, 26, MSapappp, 48, 27881, 22305, 800, , 27881, 25000, 28567, 28575, 0, 
186, 1, 299, 210, -1, 338, 266, 16.8, 26, MSaaappp, 194, 29552, 23523, 796, , 29552, 25000, 29392, 29490, 0, 
187, 1, 295, 258, -1, 282, 366, 9.8, 25, ABprpaaapa, 214, 27146, 19111, 704, , 27146, 25000, 27793, 27831, 0, 
188, 1, 127, 26, -1, 180, 210, 22.2, 27, ABalapappa, 232, 25858, 22445, 868, , 25858, 25000, 28240, 28346, 0, 
189, 1, 118, 62, -1, 124, 239, 13.3, 27, ABalaaaarl, 222, 27237, 25167, 924, , 27237, 25000, 27194, 27078, 0, 
190, 1, 260, 6, -1, 365, 198, 19.9, 25, Daaap, 200, 28381, 19526, 688, , 28381, 25000, 29723, 29728, 0, 
191, 1, 47, 282, -1, 419, 229, 5.4, 29, ABplpapppa, 296, 37890, 43801, 1156, , 37890, 25000, 34553, 34393, 0, 
192, 1, 290, 7, -1, 314, 323, 11.6, 25, MSppaapp, 240, 26981, 22448, 832, , 26981, 25000, 27976, 27976, 0, 
193, 1, 203, 165, -1, 504, 229, 12.9, 32, Eplpp, 285, 27918, 43999, 1576, , 27918, 25000, 29144, 29171, 0, 
194, 1, 161, 174, -1, 285, 266, 14.3, 25, ABaraapppap, 150, 28908, 22086, 764, , 28908, 25000, 27643, 27689, 0, 
195, 1, 207, 87, -1, 167, 298, 18.7, 28, MSpaaaaa, -92, 27083, 28816, 1064, , 27083, 25000, 28248, 28336, 0, 
196, 1, 33, 264, -1, 227, 281, 16.0, 29, ABaraappap, 210, 28604, 35126, 1228, , 28604, 25000, 27799, 27903, 0, 
197, 1, 306, 54, -1, 219, 189, 14.1, 26, MSapaaap, 312, 27464, 21971, 800, , 27464, 25000, 28566, 28559, 0, 
198, 1, 155, 116, -1, 189, 179, 9.1, 27, ABalpaappp, -48, 27749, 25196, 908, , 27749, 25000, 28372, 28429, 0, 
199, 1, 32, 2, -1, 269, 228, 16.2, 27, ABaraapapap, 223, 28274, 24542, 868, , 28274, 25000, 27850, 27764, 0, 
200, 1, 164, 359, -1, 552, 226, 9.3, 28, Caapa, 287, 27296, 29043, 1064, , 27296, 25000, 28747, 28833, 0, 
201, 1, 181, 111, -1, 483, 291, 5.5, 28, ABprppppap, 281, 35157, 37970, 1080, , 35157, 25000, 33828, 33846, 0, 
202, 1, 238, 344, -1, 406, 179, 7.3, 28, ABplpapapp, 195, 29233, 31104, 1064, , 29233, 25000, 31039, 31209, 0, 
203, 1, 72, 14, -1, 173, 252, 16.0, 27, ABaraapaaa, 429, 27924, 28818, 1032, , 27924, 25000, 27968, 28203, 0, 
204, 1, 131, 44, -1, 137, 193, 15.5, 31, ABalaaapal, 245, 27248, 33570, 1232, , 27248, 25000, 27726, 27745, 0, 
205, 1, 202, 101, -1, 493, 352, 18.4, 31, Cpppaa, 277, 28397, 37825, 1332, , 28397, 25000, 28669, 28694, 0, 
206, 1, 283, 59, -1, 473, 114, 19.5, 28, ABplappaap, 175, 28090, 30337, 1080, , 28090, 25000, 27545, 27576, 0, 
207, 1, 40, 75, -1, 319, 390, 11.9, 27, ABprpaappp, 271, 26550, 24107, 908, , 26550, 25000, 27869, 27906, 0, 
208, 1, 122, 385, -1, 323, 146, 14.3, 24, MSappapa, 170, 27909, 19648, 704, , 27909, 25000, 27506, 27322, 0, 
209, 1, 271, 244, -1, 169, 325, 14.0, 24, ABalaapppa, 237, 27423, 16673, 608, , 27423, 25000, 27050, 27279, 0, 
210, 1, 303, 312, -1, 172, 353, 17.3, 32, ABalappapp, 312, 27906, 44203, 1584, , 27906, 25000, 27611, 27642, 0, 
211, 1, 48, 56, -1, 541, 128, 13.0, 27, ABplapappa, 247, 28084, 28983, 1032, , 28084, 25000, 27310, 27343, 0, 
212, 0, 393, -1, -1, 513, 284, 5.6, 22, , 132, -327, 20881, 572, , 36505, 25000, 36097, 36832, 0, 
213, 1, 233, 231, -1, 390, 258, 10.6, 30, MSpapapp, 263, 37078, 42862, 1156, , 37078, 25000, 30363, 29922, 0, 
214, 1, 318, 197, -1, 355, 255, 19.8, 33, Ealaa, 329, 27699, 48307, 1744, , 27699, 25000, 29143, 29172, 0, 
215, 1, 329, 154, -1, 568, 274, 7.9, 25, ABprappppp, 255, 29569, 18806, 636, , 29569, 25000, 29195, 29230, 0, 
216, 1, 349, 371, -1, 306, 218, 14.8, 24, MSaapaapa, 198, 32660, 21425, 656, , 32660, 25000, 30918, 30968, 0, 
217, 1, 356, 138, -1, 486, 174, 11.4, 28, Capapp, 250, 28258, 27919, 988, , 28258, 25000, 28872, 28871, 0, 
218, 1, 130, 40, -1, 174, 180, 15.9, 30, ABalapaapa, 26, 27670, 37520, 1356, , 27670, 25000, 27922, 28054, 0, 
219, 1, 7, 329, -1, 270, 327, 5.3, 27, ABarapppap, 93, 38057, 35165, 924, , 38057, 25000, 37134, 37243, 0, 
220, 1, 117, 119, -1, 206, 291, 25.1, 29, ABarpaaapa, 271, 28358, 34257, 1208, , 28358, 25000, 28412, 28292, 0, 
221, 1, 216, 123, -1, 286, 161, 21.8, 28, ABalppppppp, 283, 27708, 29149, 1052, , 27708, 25000, 28286, 28358, 0, 
222, 1, 172, 132, -1, 318, 136, 8.3, 28, ABalpapapp, -1, 27964, 29754, 1064, , 27964, 25000, 29067, 29292, 0, 
223, 1, 205, 286, -1, 364, 180, 5.6, 29, ABplpappaap, 211, 35651, 41213, 1156, , 35651, 25000, 36145, 36252, 0, 
224, 1, 82, 188, -1, 180, 140, 17.6, 27, ABalpppaap, 233, 27995, 27659, 988, , 27995, 25000, 27497, 27548, 0, 
225, 1, 28, 176, -1, 211, 142, 15.8, 27, ABalpppapa, 276, 28319, 24581, 868, , 28319, 25000, 28057, 28084, 0, 
226, 1, 222, 90, -1, 432, 238, 16.7, 32, Ealpp, 328, 28438, 45045, 1584, , 28438, 25000, 28687, 28764, 0, 
227, 1, 1, 265, -1, 462, 140, 8.8, 27, ABplpppaaa, 254, 27238, 23643, 868, , 27238, 25000, 28244, 28256, 0, 
228, 1, 124, 207, -1, 378, 136, 10.2, 26, ABplppaapa, 251, 27315, 21743, 796, , 27315, 25000, 27669, 27726, 0, 
229, 1, 166, 303, -1, 474, 237, 16.9, 31, Eplap, 313, 27526, 40739, 1480, , 27526, 25000, 28095, 28165, 0, 
230, 1, 360, 30, -1, 188, 325, 8.1, 27, ABalaapaap, 203, 28694, 26054, 908, , 28694, 25000, 29763, 29887, 0, 
231, 1, 90, 81, -1, 297, 222, 6.8, 25, ABalpappapp, 168, 34256, 24116, 704, , 34256, 25000, 32803, 33054, 0, 
232, 0, 248, -1, -1, 175, 352, 11.5, 27, , 225, 956, 25201, 896, , 28126, 25000, 27209, 27170, 0, 
233, 1, 185, 194, -1, 437, 158, 19.9, 27, Dapap, 233, 27424, 24901, 908, , 27424, 25000, 28791, 28791, 0, 
234, 1, 147, 143, -1, 483, 212, 8.5, 28, ABplpppppa, 260, 27466, 29663, 1080, , 27466, 25000, 28189, 28245, 0, 
235, 1, 190, 36, -1, 348, 347, 14.8, 26, Dpaaa, 261, 28278, 22509, 796, , 28278, 25000, 28205, 28376, 0, 
236, 1, 226, 122, -1, 522, 376, 13.4, 25, ABprappapp, 266, 26025, 21653, 832, , 26025, 25000, 27504, 27526, 0, 
237, 1, 242, 91, -1, 407, 288, 5.4, 26, ABprpapapp, -3, 34292, 28531, 832, , 34292, 25000, 34424, 34193, 0, 
238, 1, 254, 135, -1, 335, 260, 10.4, 28, MSpapaaa, 250, 37366, 36918, 988, , 37366, 25000, 31633, 31674, 0, 
239, 1, 45, 394, -1, 385, 205, 22.6, 27, MSappppp, 279, 28646, 28302, 988, , 28646, 25000, 28066, 28113, 0, 
240, 1, 215, 304, -1, 249, 304, 16.1, 26, MSpaapaa, 246, 27636, 22109, 800, , 27636, 25000, 28098, 28105, 0, 
241, 1, 113, 325, -1, 255, 307, 13.4, 28, MSppapaa, 229, 26828, 26506, 988, , 26828, 25000, 27834, 27937, 0, 
242, 1, 89, 259, -1, 205, 165, 24.3, 33, ABplaapaap, 161, 27462, 47674, 1736, , 27462, 25000, 27928, 27924, 0, 
243, 1, 334, 314, -1, 255, 221, 12.1, 26, ABalpaaapp, 215, 27019, 21615, 800, , 27019, 25000, 28135, 28208, 0, 
244, 1, 65, 1, -1, 350, 367, 21.4, 29, ABprapaaaa, 135, 27375, 31645, 1156, , 27375, 25000, 27906, 28070, 0, 
245, 1, 345, 25, -1, 451, 245, 20.3, 33, Eplaa, 335, 27365, 47505, 1736, , 27365, 25000, 28282, 28255, 0, 
246, 1, 218, 368, -1, 136, 245, 19.7, 26, ABalappaap, 221, 28246, 24179, 856, , 28246, 25000, 27905, 27930, 0, 
247, 1, 327, 189, -1, 245, 368, 22.9, 25, ABarpappaa, 212, 28110, 19340, 688, , 28110, 25000, 27455, 27503, 0, 
248, 1, 151, 363, -1, 121, 240, 16.4, 28, ABalaaapar, 159, 27275, 26948, 988, , 27275, 25000, 27273, 27249, 0, 
249, 1, 211, 172, -1, 215, 239, 22.5, 26, MSaaaaapp, 211, 27305, 24465, 896, , 27305, 25000, 28231, 28444, 0, 
250, 1, 300, 162, -1, 426, 128, 10.6, 27, ABplppappa, 26, 26573, 26254, 988, , 26573, 25000, 27182, 27090, 0, 
251, 1, 244, 263, -1, 426, 287, 19.8, 33, Epraa, 333, 27702, 48312, 1744, , 27702, 25000, 27945, 27978, 0, 
252, 1, 148, 341, -1, 321, 183, 18.2, 28, Daaaa, 209, 27153, 28565, 1052, , 27153, 25000, 28606, 28545, 0, 
253, 1, 280, 275, -1, 364, 248, 11.8, 26, MSpapapa, 446, 38496, 30643, 796, , 38496, 25000, 31244, 30864, 0, 
254, 1, 85, 196, -1, 329, 306, 7.9, 26, ABprpapaaa, 224, 28120, 22496, 800, , 28120, 25000, 30181, 30306, 0, 
255, 1, 188, 348, -1, 464, 392, 20.8, 29, ABarppppap, 285, 28019, 31157, 1112, , 28019, 25000, 27939, 27943, 0, 
256, 1, 342, 204, -1, 255, 315, 8.3, 26, ABarappppa, 200, 28523, 24416, 856, , 28523, 25000, 28472, 28348, 0, 
257, 1, 69, 233, -1, 458, 355, 13.6, 29, Cppaaa, 277, 26749, 30922, 1156, , 26749, 25000, 28936, 28960, 0, 
258, 1, 14, 247, -1, 301, 273, 12.4, 31, ABaraapppp, -189, 27806, 37038, 1332, , 27806, 25000, 29284, 29134, 0, 
259, 1, 2, 173, -1, 373, 136, 22.4, 26, ABplapaapa, -138, 28055, 23342, 832, , 28055, 25000, 28230, 28187, 0, 
260, 1, 12, 202, -1, 520, 124, 15.7, 28, ABplapapap, 279, 27644, 29413, 1064, , 27644, 25000, 28364, 28355, 0, 
261, 1, 225, 96, -1, 340, 239, 13.5, 26, MSaapapa, 207, 35734, 32018, 896, , 35734, 25000, 31206, 31010, 0, 
262, 1, 132, 107, -1, 189, 236, 11.0, 25, ABalpaapapa, 153, 27403, 20936, 764, , 27403, 25000, 27885, 27969, 0, 
263, 1, 78, 38, -1, 351, 165, 17.9, 27, Daapa, 273, 27729, 25178, 908, , 27729, 25000, 28818, 28901, 0, 
264, 1, 309, 250, -1, 593, 188, 16.1, 31, Cpapaa, 283, 27170, 40212, 1480, , 27170, 25000, 28363, 28363, 0, 
265, 1, 291, 98, -1, 483, 324, 6.3, 28, ABprpppaaa, 221, 31600, 33622, 1064, , 31600, 25000, 33885, 34004, 0, 
266, 1, 343, 67, -1, 456, 258, 25.5, 34, Caaaaa, 332, 28129, 47481, 1688, , 28129, 25000, 28134, 28131, 0, 
267, 1, 385, 389, -1, 189, 335, 11.0, 22, ABalaappap, -158, 26516, 10182, 384, , 26516, 25000, 27665, 27668, 0, 
268, 1, 159, 141, -1, 546, 147, 19.4, 28, ABplapapaa, 118, 28219, 27880, 988, , 28219, 25000, 28029, 27993, 0, 
269, 1, 76, 396, -1, 397, 118, 20.3, 28, ABplaapppp, 216, 27998, 29790, 1064, , 27998, 25000, 28049, 28014, 0, 
270, 1, 274, 186, -1, 448, 376, 9.2, 27, ABprppapap, 56, 26988, 23426, 868, , 26988, 25000, 28286, 28280, 0, 
271, 1, 380, 358, -1, 392, 163, 11.8, 27, MSaapppa, 257, 27032, 23464, 868, , 27032, 25000, 28085, 27972, 0, 
272, 1, 133, 315, -1, 178, 351, 14.5, 30, ABalaapppp, 294, 26575, 32740, 1232, , 26575, 25000, 27432, 27330, 0, 
273, 1, 209, 268, -1, 452, 273, 10.9, 32, Z2, 318, 26775, 42197, 1576, , 26775, 25000, 28323, 28315, 0, 
274, 1, 221, 41, -1, 256, 249, 26.1, 29, ABplaaaapa, 118, 27719, 33484, 1208, , 27719, 25000, 28350, 28409, 0, 
275, 1, 316, 144, -1, 453, 274, 5.8, 27, ABprppppaa, 414, 37013, 32127, 868, , 37013, 25000, 33209, 33243, 0, 
276, 1, 261, 182, -1, 307, 206, 8.9, 28, ABalpappppa, 273, 28641, 31161, 1088, , 28641, 25000, 30049, 29834, 0, 
277, 1, 31, 17, -1, 215, 335, 14.8, 26, ABpraaapaa, 107, 28094, 22363, 796, , 28094, 25000, 27601, 27594, 0, 
278, 1, 323, 114, -1, 373, 343, 10.5, 27, MSpppapp, 186, 28552, 25583, 896, , 28552, 25000, 28906, 28955, 0, 
279, 1, 313, 313, 383, 237, 243, 19.0, 28, MSaaapaa, 194, 27328, 30826, 1128, , 27328, 25000, 27955, 27957, 0, 
280, 1, 83, 198, -1, 250, 288, 6.2, 25, ABarappaaa, 207, 33889, 23858, 704, , 33889, 25000, 33941, 34077, 0, 
281, 1, 359, 297, -1, 472, 338, 20.7, 29, Dpppp, 271, 28315, 30240, 1068, , 28315, 25000, 28382, 28426, 0, 
282, 0, 104, -1, -1, 206, 155, 13.1, 26, , 182, 575, 22935, 800, , 28669, 25000, 27922, 28094, 0, 
283, 1, 296, 16, -1, 422, 353, 11.9, 27, Dpapp, 273, 27388, 24868, 908, , 27388, 25000, 28975, 28981, 0, 
284, 1, 194, 49, -1, 387, 327, 25.6, 30, ABarpppapa, 300, 27822, 32162, 1156, , 27822, 25000, 28475, 28446, 0, 
285, 1, 145, 58, -1, 513, 239, 17.3, 32, Eplpa, 300, 28672, 45416, 1584, , 28672, 25000, 29438, 29489, 0, 
286, 1, 232, 222, -1, 218, 373, 19.8, 28, ABpraapaap, 287, 27266, 28684, 1052, , 27266, 25000, 28052, 28055, 0, 
287, 1, 13, 279, -1, 266, 270, 21.9, 28, MSpaaapa, 240, 27260, 29659, 1088, , 27260, 25000, 28160, 28243, 0, 
288, 1, 347, 288, -1, 348, 297, 18.6, 33, Earaa, 265, 27799, 45591, 1640, , 27799, 25000, 29376, 29458, 0, 
289, 1, 158, 343, -1, 326, 402, 16.7, 28, ABpraappap, 54, 28254, 30062, 1064, , 28254, 25000, 28117, 28192, 0, 
290, 1, 196, 65, -1, 145, 321, 12.5, 29, ABalaaappr, -143, 26249, 28349, 1080, , 26249, 25000, 27456, 27484, 0, 
291, 1, 324, 31, -1, 339, 302, 11.3, 25, MSpppaaa, 250, 27038, 20657, 764, , 27038, 25000, 28540, 28653, 0, 
292, 1, 379, 362, -1, 322, 218, 22.0, 25, MSappppa, 244, 27160, 20750, 764, , 27160, 25000, 28065, 28189, 0, 
293, 1, 52, 131, -1, 266, 293, 26.0, 27, ABarpaapaa, 174, 27888, 28780, 1032, , 27888, 25000, 29134, 29057, 0, 
294, 1, 169, 34, -1, 341, 330, 11.3, 23, MSpppapa, 212, 27757, 16432, 592, , 27757, 25000, 28156, 28274, 0, 
295, 1, 367, 302, -1, 248, 197, 17.2, 26, MSapapaa, 222, 28595, 22762, 796, , 28595, 25000, 28014, 28011, 0, 
296, 1, 68, 50, -1, 434, 182, 7.4, 27, ABplppppaa, 156, 28187, 27849, 988, , 28187, 25000, 30051, 30225, 0, 
297, 1, 351, 354, -1, 291, 296, 10.0, 23, MSppaapa, 198, 28164, 14420, 512, , 28164, 25000, 28675, 28646, 0, 
298, 1, 195, 337, -1, 458, 186, 7.0, 30, ABplppppap, 238, 30100, 40575, 1348, , 30100, 25000, 31451, 31831, 0, 
299, 1, 197, 236, -1, 289, 283, 18.8, 31, MSpaaapp, 274, 26870, 39338, 1464, , 26870, 25000, 27823, 27884, 0, 
300, 1, 160, 386, -1, 217, 352, 21.8, 25, ABalappppp, 221, 27115, 19089, 704, , 27115, 25000, 27631, 27648, 0, 
301, 1, 314, 330, -1, 507, 254, 25.6, 32, Caaaap, 322, 27925, 41440, 1484, , 27925, 25000, 28401, 28415, 0, 
302, 1, 339, 89, -1, 418, 396, 21.6, 30, ABarppppaa, 276, 27296, 31554, 1156, , 27296, 25000, 27921, 27882, 0, 
303, 1, 361, 292, -1, 198, 268, 12.2, 24, ABaraaapapa, 198, 26709, 17521, 656, , 26709, 25000, 28259, 28396, 0, 
304, 1, 200, 21, -1, 136, 281, 11.7, 27, ABalaaaarr, 212, 27014, 24961, 924, , 27014, 25000, 27574, 27528, 0, 
305, 1, 8, 367, -1, 247, 168, 23.4, 31, ABplaapapp, 126, 28333, 37740, 1332, , 28333, 25000, 28188, 28226, 0, 
306, 1, 81, 357, -1, 420, 209, 12.0, 32, Z3, 62, 27588, 47120, 1708, , 27588, 25000, 28893, 28932, 0, 
307, 1, 15, 278, -1, 463, 398, 13.8, 27, ABprappaaa, 222, 26878, 23330, 868, , 26878, 25000, 27334, 27366, 0, 
308, 1, 114, 342, -1, 369, 383, 19.6, 30, ABprapaaap, 391, 27540, 31836, 1156, , 27540, 25000, 28050, 28082, 0, 
309, 1, 266, 169, -1, 172, 281, 7.2, 27, ABaraaappa, 220, 31082, 26979, 868, , 31082, 25000, 32795, 33455, 0, 
310, 1, 305, 80, -1, 405, 163, 24.9, 30, ABarppapaa, 295, 29083, 39436, 1356, , 29083, 25000, 28716, 28712, 0, 
311, 1, 279, 42, -1, 231, 220, 14.3, 26, ABaraapapaa, 178, 28612, 24492, 856, , 28612, 25000, 28298, 28154, 0, 
312, 1, 251, 372, -1, 447, 155, 25.1, 29, ABarppapap, 280, 28550, 34488, 1208, , 28550, 25000, 28311, 28343, 0, 
313, 1, 259, 281, -1, 407, 326, 9.3, 28, MSpapppa, 219, 26938, 28662, 1064, , 26938, 25000, 28895, 28907, 0, 
314, 1, 51, 82, -1, 315, 357, 9.7, 28, ABprpaaapp, 275, 26782, 28496, 1064, , 26782, 25000, 28374, 28563, 0, 
315, 1, 43, 110, -1, 606, 253, 13.6, 30, Cpappd, 298, 28046, 32421, 1156, , 28046, 25000, 28434, 28410, 0, 
316, 1, 257, 61, -1, 289, 183, 25.3, 28, ABplaaappa, 231, 28645, 30478, 1064, , 28645, 25000, 28197, 28110, 0, 
317, 1, 288, 221, -1, 429, 231, 9.0, 30, MSpappa, 209, 28800, 38823, 1348, , 28800, 25000, 29014, 29059, 0, 
318, 1, 75, 55, -1, 527, 211, 6.6, 27, ABplpppppp, 225, 32837, 32443, 988, , 32837, 25000, 35300, 35288, 0, 
319, 1, 86, 346, -1, 161, 203, 9.2, 27, ABalpaappa, 216, 28765, 24968, 868, , 28765, 25000, 28938, 28875, 0, 
320, 1, 363, 180, -1, 317, 334, 20.4, 28, MSpppppa, 282, 27304, 26976, 988, , 27304, 25000, 28256, 28262, 0, 
321, 1, 136, 317, -1, 543, 325, 10.8, 26, ABprapppaa, 206, 27308, 21737, 796, , 27308, 25000, 28235, 28304, 0, 
322, 1, 239, 85, -1, 333, 185, 24.3, 30, ABplapaaaa, 276, 28973, 37897, 1308, , 28973, 25000, 28324, 28409, 0, 
323, 0, 163, -1, -1, 238, 298, 24.9, 25, , 251, 153, 19533, 688, , 28391, 25000, 28247, 28238, 0, 
324, 1, 16, 353, -1, 309, 228, 18.4, 26, MSaaappa, 344, 28347, 23585, 832, , 28347, 25000, 29162, 29242, 0, 
325, 1, 312, 276, -1, 403, 239, 19.4, 33, Ealap, 331, 28093, 46072, 1640, , 28093, 25000, 28476, 28434, 0, 
326, 1, 255, 345, -1, 401, 358, 16.7, 28, Dppaa, 286, 27598, 29364, 1064, , 27598, 25000, 28165, 28135, 0, 
327, 1, 115, 237, -1, 286, 327, 25.7, 30, ABarpapapp, 256, 29314, 38343, 1308, , 29314, 25000, 28844, 28928, 0, 
328, 1, 252, 225, -1, 487, 160, 16.5, 29, Capapa, -69, 27825, 30051, 1080, , 27825, 25000, 29126, 29284, 0, 
329, 1, 220, 365, -1, 236, 262, 22.6, 27, MSaaaapa, 231, 26502, 26184, 988, , 26502, 25000, 27974, 28018, 0, 
330, 1, 5, 322, -1, 346, 290, 24.7, 29, ABarpaappa, 236, 29073, 31050, 1068, , 29073, 25000, 28061, 28151, 0, 
331, 1, 29, 163, -1, 438, 156, 16.1, 31, Capaaa, 34, 28643, 42392, 1480, , 28643, 25000, 28828, 28869, 0, 
332, 1, 372, 347, -1, 295, 297, 16.4, 29, MSpaapap, 169, 27361, 31629, 1156, , 27361, 25000, 28503, 28661, 0, 
333, 1, 121, 187, -1, 211, 139, 19.6, 28, ABalpppapp, 284, 26825, 26503, 988, , 26825, 25000, 27492, 27534, 0, 
334, 1, 352, 9, -1, 538, 317, 14.1, 33, Cpppap, 394, 27513, 47762, 1736, , 27513, 25000, 28469, 28563, 0, 
335, 1, 10, 148, -1, 430, 160, 11.7, 27, MSaapppp, 238, 27063, 25006, 924, , 27063, 25000, 28051, 28202, 0, 
336, 1, 149, 271, -1, 303, 404, 15.2, 25, ABpraappaa, 215, 27270, 19198, 704, , 27270, 25000, 27816, 27913, 0, 
337, 1, 355, 335, -1, 311, 168, 13.3, 28, MSapaapp, 230, 27544, 29307, 1064, , 27544, 25000, 28124, 28169, 0, 
338, 1, 227, 76, -1, 381, 214, 8.9, 28, MSaappa, 222, 28531, 31042, 1088, , 28531, 25000, 29289, 29288, 0, 
339, 1, 30, 159, -1, 549, 266, 10.9, 30, Cppppp, 297, 27372, 37116, 1356, , 27372, 25000, 28595, 28593, 0, 
340, 1, 53, 79, -1, 402, 391, 13.7, 29, ABpraapppp, 237, 28162, 30077, 1068, , 28162, 25000, 28516, 28518, 0, 
341, 1, 56, 239, -1, 294, 380, 18.3, 28, ABpraaapppp, 142, 27328, 29077, 1064, , 27328, 25000, 27991, 28023, 0, 
342, 1, 317, 388, -1, 283, 352, 15.9, 26, ABpraaapppa, 251, 27873, 22298, 800, , 27873, 25000, 27760, 27818, 0, 
343, 1, 354, 241, -1, 536, 357, 20.2, 28, ABarpppppa, 273, 26190, 27552, 1052, , 26190, 25000, 28162, 28165, 0, 
344, 1, 350, 350, -1, 140, 331, 17.6, 27, ABalappapa, 213, 27129, 26803, 988, , 27129, 25000, 27043, 27033, 0, 
345, 1, 67, 100, -1, 518, 168, 9.5, 27, ABplapppap, 215, 28169, 25239, 896, , 28169, 25000, 28628, 28820, 0, 
346, 1, 119, 254, -1, 547, 245, 6.5, 26, ABprpppppp, 266, 36840, 33009, 896, , 36840, 25000, 35186, 35441, 0, 
347, 1, 322, 23, -1, 367, 261, 25.3, 31, ABarpaappp, 313, 27245, 37271, 1368, , 27245, 25000, 28808, 28839, 0, 
348, 1, 228, 13, -1, 448, 343, 7.1, 26, ABprppappa, 263, 28593, 22874, 800, , 28593, 25000, 30895, 30899, 0, 
349, 1, 336, 309, -1, 482, 116, 11.3, 27, ABplppappp, 237, 28434, 26273, 924, , 28434, 25000, 27596, 27594, 0, 
350, 1, 358, 112, -1, 503, 388, 19.4, 28, ABprappapa, 183, 27439, 27110, 988, , 27439, 25000, 27521, 27569, 0, 
351, 1, 348, 321, -1, 498, 272, 13.4, 33, Eprpp, 338, 28709, 47082, 1640, , 28709, 25000, 28782, 28886, 0, 
352, 1, 137, 218, -1, 402, 375, 8.6, 28, ABprppapaa, 299, 27620, 27289, 988, , 27620, 25000, 28684, 28684, 0, 
353, 1, 269, 272, -1, 430, 191, 22.5, 30, Dappa, 373, 28698, 35356, 1232, , 28698, 25000, 28058, 28051, 0, 
354, 1, 268, 200, -1, 372, 302, 5.9, 27, ABprpapapa, 269, 35512, 32245, 908, , 35512, 25000, 34236, 34411, 0, 
355, 1, 240, 109, -1, 436, 302, 8.8, 28, MSpapppp, 216, 28601, 30088, 1052, , 28601, 25000, 28341, 28394, 0, 
356, 1, 307, 361, -1, 206, 168, 21.7, 32, ABalppppap, -70, 27289, 43225, 1584, , 27289, 25000, 27694, 27767, 0, 
357, 1, 304, 266, -1, 549, 217, 23.5, 33, Caaapa, 314, 27558, 44755, 1624, , 27558, 25000, 28816, 28816, 0, 
358, 1, 173, 71, -1, 524, 154, 22.8, 28, ABarppappa, 254, 28027, 29484, 1052, , 28027, 25000, 28099, 28103, 0, 
359, 1, 4, 95, -1, 301, 332, 7.5, 29, ABarappppp, 259, 28411, 30684, 1080, , 28411, 25000, 30539, 30223, 0, 
360, 1, 171, 203, -1, 319, 283, 13.9, 24, MSpapaapa, 155, 32263, 19487, 604, , 32263, 25000, 29878, 30069, 0, 
361, 1, 106, 336, -1, 426, 307, 25.8, 34, Cpaaaa, 340, 27311, 52218, 1912, , 27311, 25000, 28337, 28380, 0, 
362, 1, 91, 102, -1, 314, 206, 26.4, 31, ABplaaappp, 274, 27832, 37072, 1332, , 27832, 25000, 28426, 28420, 0, 
363, 1, 341, 136, -1, 527, 201, 11.0, 29, Capppp, 268, 27660, 33966, 1228, , 27660, 25000, 29054, 29059, 0, 
364, 1, 371, 235, -1, 375, 344, 13.6, 29, Dpapa, 284, 26978, 31186, 1156, , 26978, 25000, 28378, 28407, 0, 
365, 1, 364, 193, -1, 400, 228, 26.5, 33, ABarppaapa, 335, 28126, 45676, 1624, , 28126, 25000, 28428, 28418, 0, 
366, 1, 123, 251, -1, 151, 309, 9.8, 26, ABalaapaaa, 211, 27714, 22060, 796, , 27714, 25000, 27806, 27926, 0, 
367, 1, 362, 378, -1, 228, 251, 12.4, 24, ABaraaapapp, 192, 26714, 18700, 700, , 26714, 25000, 28729, 28960, 0, 
368, 1, 310, 153, -1, 311, 210, 11.5, 29, MSaapaaa, 25, 35619, 38469, 1080, , 35619, 25000, 29967, 29866, 0, 
369, 1, 375, 137, -1, 369, 346, 17.4, 26, Dpaap, 260, 27214, 22642, 832, , 27214, 25000, 28327, 28338, 0, 
370, 1, 340, 390, -1, 306, 169, 16.3, 24, MSapppaa, 194, 28659, 20176, 704, , 28659, 25000, 27587, 27829, 0, 
371, 1, 381, 387, -1, 257, 211, 6.8, 24, ABalpappapa, 130, 31585, 20720, 656, , 31585, 25000, 32509, 31496, 0, 
372, 1, 94, 270, -1, 232, 213, 21.6, 27, MSapappa, -39, 27317, 26989, 988, , 27317, 25000, 28803, 28874, 0, 
373, 1, 270, 328, -1, 275, 186, 15.1, 26, MSapapap, 261, 28778, 23022, 800, , 28778, 25000, 28457, 28450, 0, 
374, 1, 331, 19, -1, 170, 309, 23.2, 28, ABalapppap, 255, 27372, 28795, 1052, , 27372, 25000, 28437, 28466, 0, 
375, 1, 264, 177, -1, 579, 259, 21.3, 34, Cpaapp, 341, 28281, 53282, 1884, , 28281, 25000, 28247, 28249, 0, 
376, 1, 308, 158, -1, 557, 300, 17.2, 31, Cppppa, 281, 27824, 40735, 1464, , 27824, 25000, 28567, 28661, 0, 
377, 1, 229, 273, -1, 321, 346, 17.5, 29, MSppppap, 58, 27483, 29682, 1080, , 27483, 25000, 28077, 28120, 0, 
378, 1, 87, 223, -1, 212, 199, 25.5, 26, ABalapappp, 243, 27618, 24746, 896, , 27618, 25000, 27594, 27595, 0, 
379, 1, 369, 115, -1, 380, 237, 15.6, 32, Ealpa, 320, 28039, 41610, 1484, , 28039, 25000, 29780, 29789, 0, 
380, 1, 389, 351, -1, 243, 160, 15.3, 29, ABplpaapaa, 292, 27606, 29483, 1068, , 27606, 25000, 27978, 28163, 0, 
381, 1, 107, 229, -1, 375, 306, 10.6, 26, MSpppaap, 175, 27786, 23118, 832, , 27786, 25000, 28296, 28287, 0, 
382, 1, 108, 35, -1, 502, 138, 8.2, 28, ABplpppaap, 72, 28452, 29931, 1052, , 28452, 25000, 29029, 29044, 0, 
383, 1, 36, 18, -1, 483, 168, 20.4, 30, Cappaa, 304, 27730, 32056, 1156, , 27730, 25000, 28025, 27982, 0, 
384, 1, 27, 289, -1, 301, 307, 5.7, 27, ABarappapa, 265, 37036, 34221, 924, , 37036, 25000, 34039, 34205, 0, 
385, 1, 384, 217, -1, 440, 375, 17.4, 27, Dppap, 416, 26714, 26393, 988, , 26714, 25000, 28332, 28321, 0, 
386, 0, 344, -1, -1, 367, 302, 16.7, 23, , 169, -383, 17454, 592, , 29483, 25000, 29577, 29866, 0, 
387, 1, 387, 381, -1, 367, 180, 27.0, 29, ABarppaaap, -20, 28007, 34392, 1228, , 28007, 25000, 28395, 28396, 0, 
388, 1, 44, 28, -1, 186, 342, 18.4, 25, ABalappppa, 147, 28361, 23596, 832, , 28361, 25000, 28119, 28259, 0, 
389, 1, 391, 245, -1, 276, 239, 18.4, 28, MSaaapap, 274, 27347, 27019, 988, , 27347, 25000, 28193, 28125, 0, 
390, 1, 333, 88, -1, 323, 263, 7.8, 24, ABarapapppa, 186, 28544, 18725, 656, , 28544, 25000, 30584, 30417, 0, 
391, 1, 392, 323, -1, 368, 278, 14.3, 24, MSpapaapp, 144, 32004, 22531, 704, , 32004, 25000, 31054, 31157, 0, 
392, 0, 150, -1, -1, 89, 261, 14.2, 23, , -114, 283, 14409, 540, , 26683, 25000, 26920, 26400, 0, 
393, 1, 376, 379, -1, 351, 377, 24.0, 26, ABarpppaaa, 265, 27984, 23842, 852, , 27984, 25000, 27544, 27375, 0, 
394, 1, 394, 395, -1, 169, 174, 13.1, 24, ABalppaaap, 534, 27573, 16654, 604, , 27573, 25000, 27676, 27502, 0, 
395, 1, 365, 398, -1, 198, 288, 19.0, 22, MSpaaaapa, 0, 28115, 10796, 384, , 28115, 25000, 27484, 27544, 0, 
396, 0, -1, -1, -1, 314, 210, 25.0, 22, , -97, -2716, 10422, 384, , 27141, 25000, 29286, 29857, 0, 
397, 1, 395, 399, -1, 358, 398, 16.0, 26, ABpraapppa, 238, 26968, 22977, 852, , 26968, 25000, 28718, 28690, 0, 
398, 1, 396, 400, -1, 189, 238, 25.0, 22, ABalapapap, 184, 31133, 11955, 384, , 31133, 25000, 27697, 27454, 0, 
399, 1, 397, 401, -1, 181, 181, 18.0, 27, ABalapaapp, 216, 27310, 28184, 1032, , 27310, 25000, 28079, 28398, 0, 
400, 1, 398, 319, -1, 514, 275, 5.68, 26, ABprpppapa, 251, 35446, 32752, 924, , 35446, 25000, 35768, 36067, 0, 
