1, 1, 244, 11, -1, 348, 367, 21.0, 30, ABprapaaaa, 268, 27797, 37470, 1348, , 27797, 25000, 28243, 28381, 0, 
2, 1, 199, 288, -1, 269, 230, 16.1, 26, ABaraapapap, 215, 26886, 21509, 800, , 26886, 25000, 28176, 28037, 0, 
3, 1, 171, 12, -1, 285, 179, 6.2, 28, ABalpapapa, 261, 34804, 36614, 1052, , 34804, 25000, 35878, 36209, 0, 
4, 1, 106, 143, -1, 563, 161, 13.2, 26, ABplapappp, 516, 27573, 21948, 796, , 27573, 25000, 28064, 28066, 0, 
5, 1, 56, 335, -1, 453, 225, 5.5, 27, ABplpapppp, 257, 35110, 31459, 896, , 35110, 25000, 34165, 34191, 0, 
6, 1, 190, 164, -1, 366, 196, 20.7, 25, Daaap, 231, 28139, 21498, 764, , 28139, 25000, 28905, 28824, 0, 
7, 1, 192, 248, -1, 314, 323, 11.3, 26, MSppaapp, 219, 26929, 23051, 856, , 26929, 25000, 28007, 28037, 0, 
8, 1, 131, 9, -1, 387, 406, 18.6, 27, ABprapaapa, -66, 27140, 26814, 988, , 27140, 25000, 28368, 28371, 0, 
9, 1, 334, 265, -1, 539, 316, 13.5, 31, Cpppap, 304, 27036, 33308, 1232, , 27036, 25000, 28118, 28220, 0, 
10, 1, 133, 217, -1, 333, 145, 11.3, 27, ABplpapaap, 220, 27146, 25083, 924, , 27146, 25000, 28437, 28557, 0, 
11, 1, 78, 151, -1, 279, 119, 20.8, 24, ABplaappaa, 207, 26713, 17524, 656, , 26713, 25000, 27420, 27515, 0, 
12, 1, 123, 78, -1, 296, 262, 8.7, 28, ABarapappa, 422, 27942, 29730, 1064, , 27942, 25000, 28847, 28907, 0, 
13, 1, 348, 311, -1, 444, 342, 6.7, 26, ABprppappa, 253, 29778, 25490, 856, , 29778, 25000, 33552, 33599, 0, 
14, 1, 203, 112, -1, 167, 254, 15.7, 28, ABaraapaaa, 214, 27992, 29783, 1064, , 27992, 25000, 27743, 27982, 0, 
15, 1, 37, 142, -1, 446, 115, 17.5, 28, ABplappaaa, 421, 28494, 30774, 1080, , 28494, 25000, 28167, 28147, 0, 
16, 1, 283, 73, -1, 418, 350, 11.6, 26, Dpapp, 266, 28788, 23952, 832, , 28788, 25000, 28414, 28463, 0, 
17, 1, 277, 64, -1, 215, 335, 14.4, 26, ABpraaapaa, 219, 28757, 23926, 832, , 28757, 25000, 27420, 27383, 0, 
18, 1, 383, 210, -1, 486, 172, 20.5, 30, Cappaa, 271, 26852, 33082, 1232, , 26852, 25000, 28478, 28550, 0, 
19, 1, 374, 397, -1, 172, 309, 23.0, 28, ABalapppap, 250, 27799, 31357, 1128, , 27799, 25000, 28169, 28191, 0, 
20, 1, 182, 47, -1, 227, 217, 10.7, 26, ABalpaaapa, 259, 27704, 23715, 856, , 27704, 25000, 28388, 28404, 0, 
21, 1, 304, 366, -1, 139, 278, 11.3, 27, ABalaaaarr, 276, 26465, 24454, 924, , 26465, 25000, 27501, 27561, 0, 
22, 1, 98, 296, -1, 395, 256, 6.8, 28, ABprpapppa, 257, 31168, 32789, 1052, , 31168, 25000, 32420, 31742, 0, 
23, 1, 347, 384, -1, 368, 267, 25.2, 30, ABarpaappp, 308, 28033, 37003, 1320, , 28033, 25000, 29054, 29075, 0, 
24, 1, 103, 76, -1, 279, 147, 10.2, 27, ABalppappp, -95, 27712, 24054, 868, , 27712, 25000, 27769, 27771, 0, 
25, 1, 245, 339, -1, 451, 246, 20.4, 34, Eplaa, 327, 27662, 49239, 1780, , 27662, 25000, 28315, 28352, 0, 
26, 1, 188, 130, -1, 179, 207, 21.9, 27, ABalapappa, 272, 28786, 26138, 908, , 28786, 25000, 28213, 28284, 0, 
27, 1, 99, 378, -1, 542, 274, 23.8, 33, Cpaapa, 331, 27386, 47761, 1744, , 27386, 25000, 28175, 28208, 0, 
28, 1, 388, 162, 380, 184, 345, 18.7, 26, ABalappppa, 183, 27957, 23931, 856, , 27957, 25000, 28016, 28060, 0, 
29, 1, 26, 21, -1, 279, 332, 9.9, 28, ABprpaaaaa, 195, 27597, 30026, 1088, , 27597, 25000, 27801, 27923, 0, 
30, 1, 230, 29, -1, 189, 321, 7.7, 26, ABalaapaap, 245, 28527, 24419, 856, , 28527, 25000, 31514, 31899, 0, 
31, 1, 291, 382, -1, 337, 302, 11.7, 24, MSpppaaa, 212, 26750, 18832, 704, , 26750, 25000, 28604, 28745, 0, 
32, 1, 145, 229, -1, 545, 189, 17.3, 29, Capppa, 274, 27743, 29630, 1068, , 27743, 25000, 28300, 28318, 0, 
33, 1, 97, 304, -1, 282, 255, 26.1, 29, ABplaaaapp, 251, 26299, 31769, 1208, , 26299, 25000, 28381, 28211, 0, 
34, 1, 294, 344, -1, 343, 324, 11.1, 23, MSpppapa, 225, 27758, 13768, 496, , 27758, 25000, 28028, 28347, 0, 
35, 1, 382, 26, -1, 501, 141, 8.5, 29, ABplpppaap, 254, 27981, 30220, 1080, , 27981, 25000, 28765, 28743, 0, 
36, 1, 235, 175, -1, 347, 346, 14.9, 25, Dpaaa, 250, 26994, 18572, 688, , 26994, 25000, 28443, 28362, 0, 
37, 1, 151, 371, -1, 207, 264, 6.7, 27, ABarapaaaa, -75, 32314, 29858, 924, , 32314, 25000, 33437, 33256, 0, 
38, 1, 263, 161, -1, 351, 167, 18.1, 28, Daapa, 219, 27288, 29689, 1088, , 27288, 25000, 28626, 28699, 0, 
39, 1, 42, 290, -1, 210, 224, 6.6, 25, ABalpaaaap, 216, 30990, 25784, 832, , 30990, 25000, 33588, 34199, 0, 
40, 1, 218, 104, -1, 174, 180, 15.6, 28, ABalapaapa, 252, 27502, 27172, 988, , 27502, 25000, 27699, 27691, 0, 
41, 1, 274, 105, -1, 256, 251, 25.7, 28, ABplaaaapa, 239, 28739, 30578, 1064, , 28739, 25000, 28063, 28178, 0, 
42, 1, 311, 242, -1, 234, 224, 14.8, 25, ABaraapapaa, 190, 27216, 19160, 704, , 27216, 25000, 27575, 27664, 0, 
43, 1, 137, 331, -1, 337, 184, 15.4, 28, MSappaaa, 237, 26691, 26371, 988, , 26691, 25000, 28510, 28621, 0, 
44, 1, 204, 55, -1, 136, 191, 15.4, 31, ABalaaapal, 251, 27158, 36175, 1332, , 27158, 25000, 27647, 27675, 0, 
45, 1, 149, 341, -1, 509, 181, 17.0, 30, Cappap, 247, 28421, 38312, 1348, , 28421, 25000, 28510, 28676, 0, 
46, 1, 105, 196, -1, 189, 236, 26.5, 29, ABplaaaaaa, 466, 27984, 30223, 1080, , 27984, 25000, 28503, 28562, 0, 
47, 1, 86, 38, -1, 346, 163, 22.5, 29, ABplapaaap, 62, 26886, 29037, 1080, , 26886, 25000, 28389, 28499, 0, 
48, 1, 41, 186, -1, 412, 173, 14.8, 26, MSappaap, 262, 27202, 21653, 796, , 27202, 25000, 27720, 27798, 0, 
49, 1, 284, 245, -1, 384, 331, 25.5, 31, ABarpppapa, 316, 28068, 34580, 1232, , 28068, 25000, 28522, 28544, 0, 
50, 1, 296, 35, -1, 432, 185, 7.4, 28, ABplppppaa, 145, 29554, 29199, 988, , 29554, 25000, 30763, 31241, 0, 
51, 1, 114, 95, -1, 428, 116, 20.3, 28, ABplapaapp, 247, 28239, 30046, 1064, , 28239, 25000, 28231, 28301, 0, 
52, 0, 58, -1, -1, 490, 199, 6.4, 24, , 199, -496, 22812, 700, , 32589, 25000, 32444, 33085, 0, 
53, 1, 148, 87, -1, 493, 255, 7.7, 27, ABprpppppa, 250, 29966, 27689, 924, , 29966, 25000, 29823, 29841, 0, 
54, 1, 197, 53, -1, 219, 188, 14.2, 26, MSapaaap, 193, 27817, 22142, 796, , 27817, 25000, 27730, 27746, 0, 
55, 1, 318, 40, -1, 527, 209, 6.8, 27, ABplpppppp, 271, 32281, 28020, 868, , 32281, 25000, 34226, 34230, 0, 
56, 1, 211, 82, -1, 536, 125, 13.3, 28, ABplapappa, 252, 27604, 29371, 1064, , 27604, 25000, 27650, 27724, 0, 
57, 1, 140, 332, -1, 161, 239, 10.6, 26, ABaraaaaaa, 268, 27453, 22841, 832, , 27453, 25000, 28266, 28322, 0, 
58, 1, 285, 115, -1, 510, 239, 17.2, 32, Eplpa, 311, 28660, 46085, 1608, , 28660, 25000, 29013, 29048, 0, 
59, 1, 206, 279, -1, 474, 117, 19.7, 28, ABplappaap, 176, 28244, 30052, 1064, , 28244, 25000, 27605, 27680, 0, 
60, 1, 63, 320, -1, 377, 166, 8.8, 28, ABplpapapa, 249, 27832, 29279, 1052, , 27832, 25000, 28221, 28292, 0, 
61, 1, 316, 306, -1, 286, 187, 25.5, 28, ABplaaappa, 94, 28094, 30342, 1080, , 28094, 25000, 28312, 28398, 0, 
62, 1, 189, 75, -1, 126, 238, 13.2, 26, ABalaaaarl, 219, 27124, 21591, 796, , 27124, 25000, 27230, 27232, 0, 
63, 1, 152, 205, -1, 188, 220, 8.4, 28, ABalpaaaaa, 357, 27868, 27534, 988, , 27868, 25000, 28870, 28864, 0, 
64, 1, 47, 374, -1, 258, 156, 12.9, 28, ABplpaaaaa, 196, 28505, 31013, 1088, , 28505, 25000, 28014, 28423, 0, 
65, 1, 290, 191, -1, 146, 318, 12.5, 29, ABalaaappr, -235, 27264, 29445, 1080, , 27264, 25000, 27719, 27615, 0, 
66, 1, 161, 107, -1, 337, 335, 5.3, 27, ABarappapp, 261, 36656, 33870, 924, , 36656, 25000, 37310, 37666, 0, 
67, 1, 266, 348, -1, 455, 270, 25.7, 33, Caaaaa, 335, 28251, 49043, 1736, , 28251, 25000, 28417, 28417, 0, 
68, 1, 135, 325, -1, 174, 147, 14.6, 27, ABalpppaaa, 230, 28835, 28489, 988, , 28835, 25000, 27305, 27350, 0, 
69, 1, 159, 58, -1, 220, 332, 23.6, 27, ABarpapaap, 272, 26806, 26484, 988, , 26806, 25000, 27307, 27455, 0, 
70, 1, 68, 263, -1, 492, 285, 16.6, 34, Eprpa, 336, 27957, 49763, 1780, , 27957, 25000, 28244, 28356, 0, 
71, 1, 358, 377, -1, 527, 155, 23.3, 29, ABarppappa, 73, 27151, 28997, 1068, , 27151, 25000, 27766, 27781, 0, 
72, 1, 40, 63, -1, 309, 163, 8.9, 27, ABplpapaaa, 222, 28519, 25895, 908, , 28519, 25000, 29119, 29206, 0, 
73, 1, 35, 333, -1, 240, 160, 10.5, 30, ABalppappa, 271, 27076, 33358, 1232, , 27076, 25000, 27905, 27822, 0, 
74, 1, 46, 236, -1, 574, 331, 11.2, 26, ABprapappa, 193, 27392, 21804, 796, , 27392, 25000, 27446, 27515, 0, 
75, 1, 207, 140, -1, 317, 389, 11.3, 27, ABprpaappp, 249, 27591, 25494, 924, , 27591, 25000, 27921, 27986, 0, 
76, 1, 338, 20, -1, 380, 215, 8.9, 29, MSaappa, 250, 27975, 33794, 1208, , 27975, 25000, 29011, 29023, 0, 
77, 0, 54, -1, -1, 88, 262, 16.2, 27, , 234, 2012, 25081, 868, , 28895, 25000, 26956, 26883, 0, 
78, 1, 130, 271, -1, 358, 253, 7.4, 29, ABarapapppp, 260, 28824, 33320, 1156, , 28824, 25000, 32521, 32203, 0, 
79, 1, 340, 247, -1, 403, 394, 13.5, 30, ABpraapppp, 263, 27149, 33447, 1232, , 27149, 25000, 28278, 28241, 0, 
80, 1, 310, 287, -1, 406, 166, 25.3, 31, ABarppapaa, 40, 28854, 39472, 1368, , 28854, 25000, 28502, 28487, 0, 
81, 1, 231, 193, -1, 303, 220, 7.0, 25, ABalpappapp, 197, 30161, 23043, 764, , 30161, 25000, 32620, 32984, 0, 
82, 1, 314, 43, -1, 313, 357, 9.4, 28, ABprpaaapp, 267, 28224, 27885, 988, , 28224, 25000, 28749, 28731, 0, 
83, 0, 94, -1, -1, 379, 120, 18.3, 24, , -96, 637, 20530, 704, , 29162, 25000, 28400, 28525, 0, 
84, 1, 18, 179, -1, 196, 177, 18.6, 30, ABalppppaa, 188, 27172, 31411, 1156, , 27172, 25000, 27705, 27847, 0, 
85, 1, 322, 1, -1, 332, 188, 24.5, 30, ABplapaaaa, 291, 27731, 34164, 1232, , 27731, 25000, 28707, 28774, 0, 
86, 1, 61, 285, -1, 485, 147, 24.1, 29, ABplappapa, 122, 27895, 33697, 1208, , 27895, 25000, 27668, 27677, 0, 
87, 1, 195, 6, -1, 166, 298, 19.2, 28, MSpaaaaa, 537, 28102, 29563, 1052, , 28102, 25000, 27802, 27970, 0, 
88, 1, 390, 369, -1, 323, 265, 7.7, 25, ABarapapppa, 216, 27232, 20805, 764, , 27232, 25000, 30648, 30747, 0, 
89, 1, 302, 251, -1, 417, 396, 21.2, 30, ABarppppaa, 288, 27720, 36590, 1320, , 27720, 25000, 27532, 27544, 0, 
90, 1, 226, 77, -1, 434, 240, 16.8, 32, Ealpp, 313, 27896, 44856, 1608, , 27896, 25000, 28620, 28645, 0, 
91, 1, 237, 49, -1, 404, 285, 5.6, 27, ABprpapapp, 237, 36339, 35903, 988, , 36339, 25000, 34449, 34276, 0, 
92, 1, 21, 137, -1, 259, 256, 7.5, 26, ABarapapaa, 375, 29355, 26302, 896, , 29355, 25000, 30397, 30226, 0, 
93, 1, 44, 180, -1, 148, 277, 23.4, 28, ABarpaaaaa, 259, 27494, 27164, 988, , 27494, 25000, 28369, 28317, 0, 
94, 1, 95, 150, -1, 250, 201, 5.3, 29, ABalpapaap, 262, 39939, 42655, 1068, , 39939, 25000, 37369, 37786, 0, 
95, 1, 359, 249, -1, 301, 329, 7.5, 29, ABarappppp, 247, 29225, 31563, 1080, , 29225, 25000, 30776, 30673, 0, 
96, 1, 261, 299, -1, 339, 237, 14.0, 26, MSaapapa, 235, 33927, 28906, 852, , 33927, 25000, 31522, 31188, 0, 
97, 1, 104, 308, -1, 302, 381, 22.1, 30, ABarpapppa, 293, 28019, 37994, 1356, , 28019, 25000, 27595, 27602, 0, 
98, 1, 265, 129, -1, 482, 326, 6.3, 28, ABprpppaaa, 20, 30875, 32851, 1064, , 30875, 25000, 34517, 34826, 0, 
99, 1, 43, 211, -1, 260, 125, 14.4, 25, ABplpaaapa, 230, 26310, 21890, 832, , 26310, 25000, 27991, 27964, 0, 
100, 1, 345, 34, -1, 520, 165, 9.6, 26, ABplapppap, -260, 28097, 23377, 832, , 28097, 25000, 28318, 28409, 0, 
101, 1, 205, 261, -1, 491, 354, 18.2, 31, Cpppaa, 310, 27775, 40662, 1464, , 27775, 25000, 28685, 28725, 0, 
102, 1, 362, 323, -1, 313, 209, 26.5, 30, ABplaaappp, 238, 27515, 33898, 1232, , 27515, 25000, 28918, 28773, 0, 
103, 1, 29, 138, -1, 300, 118, 16.5, 29, ABplpaappp, -19, 26679, 28813, 1080, , 26679, 25000, 27648, 27643, 0, 
104, 1, 48, 356, -1, 584, 294, 9.6, 26, ABprappppa, -217, 27889, 23204, 832, , 27889, 25000, 27708, 27728, 0, 
105, 1, 89, 74, -1, 587, 289, 12.7, 27, ABprapappp, -427, 27635, 25535, 924, , 27635, 25000, 28384, 28385, 0, 
106, 1, 144, 176, -1, 294, 139, 14.3, 28, ABplpaaapp, 157, 27729, 29504, 1064, , 27729, 25000, 27985, 28109, 0, 
107, 1, 262, 168, -1, 195, 234, 11.2, 25, ABalpaapapa, 231, 29074, 20468, 704, , 29074, 25000, 29011, 29117, 0, 
108, 1, 5, 349, -1, 320, 197, 4.9, 23, ABplpappaaa, 225, 36343, 18026, 496, , 36343, 25000, 38679, 38680, 0, 
109, 1, 355, 390, -1, 433, 303, 9.0, 28, MSpapppp, 233, 27356, 30858, 1128, , 27356, 25000, 28496, 28436, 0, 
110, 1, 315, 102, -1, 604, 246, 13.6, 29, Cpappd, 295, 27930, 32287, 1156, , 27930, 25000, 28198, 28182, 0, 
111, 1, 201, 68, -1, 480, 291, 5.6, 28, ABprppppap, 253, 34460, 34046, 988, , 34460, 25000, 33327, 33153, 0, 
112, 1, 350, 224, -1, 501, 390, 19.3, 28, ABprappapa, -178, 27035, 28765, 1064, , 27035, 25000, 27963, 27994, 0, 
113, 1, 39, 160, -1, 203, 307, 10.7, 26, MSppaaaa, 44, 28578, 24463, 856, , 28578, 25000, 28280, 28270, 0, 
114, 1, 278, 72, -1, 374, 337, 10.4, 26, MSpppapp, 246, 27550, 22922, 832, , 27550, 25000, 28547, 28647, 0, 
115, 1, 379, 354, -1, 382, 236, 15.7, 32, Ealpa, 291, 29373, 46527, 1584, , 29373, 25000, 30924, 30859, 0, 
116, 1, 198, 274, -1, 190, 179, 9.2, 27, ABalpaappp, 235, 27917, 24232, 868, , 27917, 25000, 28211, 28331, 0, 
117, 0, 282, -1, -1, 205, 154, 12.9, 26, , 220, 1199, 22996, 800, , 28745, 25000, 27448, 27546, 0, 
118, 1, 164, 234, -1, 250, 326, 24.7, 28, ABarpapapa, 231, 27895, 29680, 1064, , 27895, 25000, 28314, 28395, 0, 
119, 1, 220, 231, -1, 202, 291, 24.5, 29, ABarpaaapa, -19, 28056, 30300, 1080, , 28056, 25000, 28242, 28127, 0, 
120, 1, 49, 334, -1, 230, 322, 18.7, 27, MSppappa, 241, 27123, 25062, 924, , 27123, 25000, 27753, 27745, 0, 
121, 1, 6, 199, -1, 302, 247, 21.0, 28, MSaaaapp, 220, 27215, 30698, 1128, , 27215, 25000, 28362, 28348, 0, 
122, 1, 236, 22, -1, 525, 375, 13.0, 26, ABprappapp, -28, 27446, 23384, 852, , 27446, 25000, 28133, 28126, 0, 
123, 1, 221, 173, -1, 285, 165, 22.4, 29, ABalppppppp, 290, 26864, 31055, 1156, , 26864, 25000, 28270, 28321, 0, 
124, 1, 110, 89, -1, 223, 235, 25.4, 28, ABplaaaaap, 278, 27284, 26957, 988, , 27284, 25000, 28118, 28233, 0, 
125, 1, 141, 292, -1, 286, 329, 20.2, 27, MSppappp, 271, 27588, 23946, 868, , 27588, 25000, 28598, 28712, 0, 
126, 1, 153, 2, -1, 552, 355, 12.5, 27, ABprapapap, 305, 26606, 23839, 896, , 26606, 25000, 27641, 27677, 0, 
127, 1, 31, 215, -1, 499, 111, 17.7, 29, ABplappapp, 241, 27249, 29102, 1068, , 27249, 25000, 27970, 28015, 0, 
128, 1, 83, 83, -1, 493, 387, 13.6, 27, ABprappaap, 240, 27240, 26913, 988, , 27240, 25000, 28048, 28099, 0, 
129, 1, 163, 280, -1, 380, 373, 24.6, 30, ABarpppaap, 235, 27501, 31791, 1156, , 27501, 25000, 28066, 27968, 0, 
130, 1, 132, 70, -1, 283, 394, 12.6, 27, ABprpaapap, -31, 28957, 28610, 988, , 28957, 25000, 27295, 27336, 0, 
131, 1, 293, 85, -1, 267, 293, 25.8, 26, ABarpaapaa, -143, 28763, 22895, 796, , 28763, 25000, 28380, 28396, 0, 
132, 1, 222, 155, -1, 316, 136, 8.5, 29, ABalpapapp, 247, 27981, 30219, 1080, , 27981, 25000, 28962, 29160, 0, 
133, 1, 60, 281, -1, 179, 272, 25.6, 27, ABarpaaaap, 248, 27589, 27258, 988, , 27589, 25000, 28242, 28306, 0, 
134, 1, 13, 90, -1, 220, 194, 6.5, 27, ABalpapaaa, 237, 36408, 32622, 896, , 36408, 25000, 35485, 35639, 0, 
135, 1, 238, 329, -1, 337, 258, 10.4, 28, MSpapaaa, 243, 37449, 37000, 988, , 37449, 25000, 30885, 30925, 0, 
136, 1, 363, 197, -1, 526, 200, 11.0, 29, Capppp, 257, 27230, 33439, 1228, , 27230, 25000, 28086, 28112, 0, 
137, 1, 369, 144, -1, 369, 347, 17.2, 26, Dpaap, 228, 27428, 21833, 796, , 27428, 25000, 28510, 28593, 0, 
138, 1, 217, 246, -1, 485, 173, 11.5, 28, Capapp, -204, 28089, 30336, 1080, , 28089, 25000, 28609, 28638, 0, 
139, 1, 134, 270, -1, 520, 316, 6.3, 27, ABprpppaap, 115, 36470, 33698, 924, , 36470, 25000, 35259, 35431, 0, 
140, 1, 102, 165, -1, 264, 171, 26.3, 29, ABplaaapap, 136, 28963, 30932, 1068, , 28963, 25000, 29228, 29400, 0, 
141, 1, 268, 187, -1, 549, 150, 19.9, 29, ABplapapaa, 290, 27959, 33775, 1208, , 27959, 25000, 28404, 28427, 0, 
142, 0, 179, -1, -1, 149, 179, 11.8, 25, , 335, -70, 19430, 704, , 27599, 25000, 27768, 27669, 0, 
143, 1, 234, 385, -1, 481, 211, 8.6, 28, ABplpppppa, 284, 27990, 27654, 988, , 27990, 25000, 28850, 28856, 0, 
144, 1, 275, 61, -1, 450, 273, 5.8, 27, ABprppppaa, 268, 36891, 32021, 868, , 36891, 25000, 32617, 32739, 0, 
145, 1, 127, 169, -1, 551, 178, 8.2, 26, ABplappppp, 286, 29607, 23567, 796, , 29607, 25000, 30836, 30787, 0, 
146, 1, 121, 319, -1, 136, 212, 19.0, 27, ABalapaaaa, 224, 27704, 28591, 1032, , 27704, 25000, 27331, 27397, 0, 
147, 1, 24, 103, -1, 346, 119, 14.0, 29, ABplppaaaa, 29, 27095, 33273, 1228, , 27095, 25000, 27145, 27159, 0, 
148, 1, 335, 125, -1, 430, 158, 11.6, 26, MSaapppp, 215, 27356, 22760, 832, , 27356, 25000, 28225, 28381, 0, 
149, 0, 323, -1, -1, 239, 297, 24.9, 26, , 147, -410, 22337, 800, , 27921, 25000, 28171, 28331, 0, 
150, 1, 2, 207, -1, 282, 281, 5.1, 24, ABarappaap, 238, 37786, 22823, 604, , 37786, 25000, 34933, 34607, 0, 
151, 1, 77, 209, -1, 358, 202, 12.3, 28, MSaapapp, 243, 34927, 37162, 1064, , 34927, 25000, 29863, 29901, 0, 
152, 1, 147, 278, -1, 503, 296, 9.6, 28, Cppapp, 276, 27981, 27645, 988, , 27981, 25000, 28472, 28529, 0, 
153, 1, 368, 183, -1, 314, 214, 11.7, 28, MSaapaaa, 250, 31993, 34041, 1064, , 31993, 25000, 29888, 29895, 0, 
154, 1, 215, 17, -1, 567, 267, 8.1, 25, ABprappppp, 307, 29076, 20004, 688, , 29076, 25000, 28939, 28884, 0, 
155, 1, 93, 200, -1, 331, 376, 7.3, 30, ABprpaaaap, 306, 29284, 38304, 1308, , 29284, 25000, 32400, 32672, 0, 
156, 0, 386, -1, -1, 369, 305, 16.2, 23, , 155, 1025, 16502, 540, , 30559, 25000, 29292, 29534, 0, 
157, 1, 66, 293, -1, 393, 299, 18.4, 31, Earap, 305, 27424, 36529, 1332, , 27424, 25000, 28827, 28952, 0, 
158, 1, 376, 347, -1, 557, 300, 16.8, 31, Cppppa, 267, 26906, 39390, 1464, , 26906, 25000, 28419, 28453, 0, 
159, 1, 339, 88, -1, 549, 265, 11.1, 30, Cppppp, 296, 27032, 36656, 1356, , 27032, 25000, 28638, 28700, 0, 
160, 1, 79, 177, -1, 143, 268, 14.0, 26, ABaraaaapa, 201, 26318, 22423, 852, , 26318, 25000, 27754, 27911, 0, 
161, 1, 70, 220, -1, 413, 148, 8.5, 27, ABplppaapp, 761, 28769, 25777, 896, , 28769, 25000, 28132, 28129, 0, 
162, 1, 250, 359, -1, 424, 128, 11.0, 27, ABplppappa, 655, 26613, 27465, 1032, , 26613, 25000, 27382, 27349, 0, 
163, 1, 331, 192, -1, 440, 156, 16.3, 29, Capaaa, 240, 27557, 29431, 1068, , 27557, 25000, 28535, 28596, 0, 
164, 1, 124, 159, -1, 274, 216, 10.5, 26, ABalpapppa, 0, 27875, 24976, 896, , 27875, 25000, 28709, 28649, 0, 
165, 1, 193, 174, -1, 501, 227, 13.0, 32, Eplpp, 316, 27863, 47590, 1708, , 27863, 25000, 28650, 28708, 0, 
166, 1, 75, 297, -1, 549, 142, 10.5, 25, ABplappppa, -65, 28171, 21635, 768, , 28171, 25000, 27890, 27955, 0, 
167, 1, 185, 46, -1, 275, 217, 22.2, 26, MSapappp, 232, 27794, 22124, 796, , 27794, 25000, 27882, 27885, 0, 
168, 0, 69, -1, -1, 203, 278, 20.5, 24, , 341, 327, 21822, 768, , 28414, 25000, 28165, 28087, 0, 
169, 1, 309, 315, -1, 172, 281, 7.2, 27, ABaraaappa, 0, 29333, 25461, 868, , 29333, 25000, 33138, 33738, 0, 
170, 0, 12, -1, -1, 527, 268, 7.2, 24, , 201, -344, 20832, 656, , 31756, 25000, 32416, 32100, 0, 
171, 1, 85, 238, -1, 338, 226, 26.1, 28, ABarppaaaa, 282, 29505, 32101, 1088, , 29505, 25000, 28892, 28971, 0, 
172, 1, 249, 57, -1, 213, 238, 22.6, 26, MSaaaaapp, 247, 27743, 23082, 832, , 27743, 25000, 28001, 28106, 0, 
173, 1, 259, 182, -1, 372, 137, 22.5, 26, ABplapaapa, 164, 27868, 24970, 896, , 27868, 25000, 28177, 28134, 0, 
174, 1, 194, 233, -1, 286, 269, 14.8, 25, ABaraapppap, -171, 26973, 18989, 704, , 26973, 25000, 27580, 27559, 0, 
175, 1, 168, 146, -1, 478, 195, 23.1, 28, Dappp, 275, 29295, 31873, 1088, , 29295, 25000, 28476, 28493, 0, 
176, 1, 225, 96, -1, 213, 141, 15.4, 29, ABalpppapa, -26, 26771, 30947, 1156, , 26771, 25000, 27951, 27981, 0, 
177, 1, 375, 310, -1, 576, 263, 21.3, 33, Cpaapp, -299, 28112, 48802, 1736, , 28112, 25000, 28096, 28143, 0, 
178, 1, 59, 195, -1, 260, 160, 7.5, 27, ABalppapap, -209, 29059, 26037, 896, , 29059, 25000, 32013, 31906, 0, 
179, 1, 184, 255, -1, 224, 169, 8.5, 27, ABalppapaa, 189, 28390, 25437, 896, , 28390, 25000, 28887, 29004, 0, 
180, 1, 320, 396, -1, 315, 335, 20.3, 28, MSpppppa, 214, 27242, 28986, 1064, , 27242, 25000, 28258, 28335, 0, 
181, 1, 53, 172, -1, 306, 373, 14.7, 28, ABprpaappa, 78, 26432, 28124, 1064, , 26432, 25000, 27813, 27895, 0, 
182, 1, 276, 387, -1, 307, 202, 9.1, 27, ABalpappppa, 260, 27964, 25391, 908, , 27964, 25000, 29829, 29701, 0, 
183, 1, 183, 250, -1, 236, 303, 11.4, 27, MSppaaap, 238, 27229, 26902, 988, , 27229, 25000, 28009, 28171, 0, 
184, 1, 32, 65, -1, 296, 148, 19.4, 28, ABplpaappa, 250, 26621, 26302, 988, , 26621, 25000, 27650, 27695, 0, 
185, 1, 115, 147, -1, 206, 226, 14.1, 26, ABalpaapapp, 199, 28454, 22763, 800, , 28454, 25000, 28706, 28800, 0, 
186, 1, 270, 93, -1, 453, 371, 8.8, 27, ABprppapap, -2, 28130, 24417, 868, , 28130, 25000, 28089, 28097, 0, 
187, 1, 333, 189, -1, 210, 146, 19.3, 30, ABalpppapp, 255, 27989, 36609, 1308, , 27989, 25000, 27608, 27659, 0, 
188, 1, 224, 111, -1, 182, 140, 17.6, 27, ABalpppaap, -223, 28157, 27819, 988, , 28157, 25000, 27370, 27325, 0, 
189, 1, 247, 145, -1, 245, 366, 22.3, 26, ABarpappaa, 55, 27004, 23115, 856, , 27004, 25000, 27686, 27663, 0, 
190, 0, 146, -1, -1, 369, 404, 13.7, 25, , 231, -669, 20910, 764, , 27369, 25000, 27998, 28038, 0, 
191, 1, 136, 272, -1, 316, 348, 13.2, 25, MSppppaa, 144, 26284, 18504, 704, , 26284, 25000, 27810, 27865, 0, 
192, 1, 125, 273, -1, 524, 157, 12.5, 25, ABplapppaa, 238, 26688, 20496, 768, , 26688, 25000, 27791, 27810, 0, 
193, 1, 365, 282, -1, 397, 229, 26.5, 33, ABarppaapa, 339, 27914, 45332, 1624, , 27914, 25000, 28619, 28621, 0, 
194, 1, 233, 54, -1, 436, 159, 20.0, 27, Dapap, 265, 27415, 28292, 1032, , 27415, 25000, 28788, 28788, 0, 
195, 1, 178, 123, -1, 286, 226, 14.1, 29, ABaraapapp, 186, 28941, 34961, 1208, , 28941, 25000, 28944, 28958, 0, 
196, 1, 254, 3, -1, 329, 305, 7.8, 27, ABprpapaaa, -20, 28540, 24773, 868, , 28540, 25000, 30897, 30867, 0, 
197, 1, 214, 352, -1, 358, 256, 20.1, 33, Ealaa, 319, 27367, 47509, 1736, , 27367, 25000, 29083, 28999, 0, 
198, 1, 280, 216, -1, 252, 284, 6.1, 26, ABarappaaa, 5, 33743, 26994, 800, , 33743, 25000, 34639, 34609, 0, 
199, 1, 172, 45, -1, 165, 254, 20.4, 26, MSaaaaapa, 237, 27208, 22637, 832, , 27208, 25000, 28031, 27998, 0, 
200, 1, 354, 277, -1, 373, 301, 6.1, 27, ABprpapapa, 225, 35057, 31832, 908, , 35057, 25000, 33518, 33425, 0, 
201, 1, 160, 121, -1, 135, 203, 11.9, 25, ABalaaaala, 231, 28097, 19331, 688, , 28097, 25000, 27693, 27710, 0, 
202, 1, 260, 318, -1, 520, 123, 16.3, 28, ABplapapap, 85, 28020, 29813, 1064, , 28020, 25000, 28317, 28564, 0, 
203, 1, 360, 370, -1, 318, 276, 14.1, 23, MSpapaapa, 166, 30663, 15209, 496, , 30663, 25000, 30020, 30388, 0, 
204, 1, 256, 258, -1, 254, 312, 8.1, 27, ABarappppa, 265, 28139, 25550, 908, , 28139, 25000, 29480, 29285, 0, 
205, 1, 19, 232, -1, 250, 347, 14.5, 29, ABpraaappa, 134, 28243, 30502, 1080, , 28243, 25000, 27691, 27716, 0, 
206, 1, 1, 221, -1, 195, 324, 25.6, 29, ABarpapaaa, 256, 27715, 32039, 1156, , 27715, 25000, 27986, 27986, 0, 
207, 1, 228, 357, -1, 378, 135, 10.2, 26, ABplppaapa, 250, 27985, 22276, 796, , 27985, 25000, 27825, 27888, 0, 
208, 1, 14, 128, -1, 581, 197, 9.3, 26, Caappv, 222, 27688, 23701, 856, , 27688, 25000, 28303, 28407, 0, 
209, 1, 100, 266, -1, 539, 297, 8.5, 27, ABprapppap, 220, 27600, 24730, 896, , 27600, 25000, 28412, 28504, 0, 
210, 1, 186, 158, -1, 334, 263, 17.0, 26, MSaaappp, 254, 29182, 24863, 852, , 29182, 25000, 29925, 29946, 0, 
211, 1, 175, 120, -1, 561, 345, 17.5, 29, ABprapapaa, 258, 27378, 29568, 1080, , 27378, 25000, 28321, 28346, 0, 
212, 1, 3, 375, -1, 310, 299, 25.6, 31, ABarpaapap, 279, 27910, 37176, 1332, , 27910, 25000, 28551, 28615, 0, 
213, 1, 34, 39, -1, 238, 226, 8.4, 27, ABalpappaa, 267, 27652, 27320, 988, , 27652, 25000, 28545, 28585, 0, 
214, 1, 45, 289, -1, 136, 306, 15.5, 28, ABalaaappl, 241, 27617, 29826, 1080, , 27617, 25000, 27267, 27292, 0, 
215, 0, 50, -1, -1, 350, 205, 5.0, 24, , 188, 137, 0, 0, , 0, 0, 0, 0, 0, 
216, 1, 118, 84, -1, 469, 321, 10.3, 29, Cppaap, 260, 26974, 28808, 1068, , 26974, 25000, 29000, 28997, 0, 
217, 1, 385, 13, -1, 440, 375, 17.0, 27, Dppap, 252, 28278, 29183, 1032, , 28278, 25000, 28429, 28433, 0, 
218, 1, 352, 16, -1, 404, 369, 8.5, 29, ABprppapaa, 20, 27628, 29838, 1080, , 27628, 25000, 28606, 28604, 0, 
219, 1, 90, 368, -1, 392, 171, 19.4, 27, Dapaa, 224, 28085, 27748, 988, , 28085, 25000, 28236, 28210, 0, 
220, 1, 73, 31, -1, 232, 254, 5.4, 27, ABarapaaap, 233, 37921, 37466, 988, , 37921, 25000, 35603, 35778, 0, 
221, 1, 317, 353, -1, 427, 233, 9.0, 30, MSpappa, 203, 28120, 37906, 1348, , 28120, 25000, 29442, 29390, 0, 
222, 1, 286, 134, -1, 215, 375, 19.6, 30, ABpraapaap, 281, 27501, 31791, 1156, , 27501, 25000, 27840, 27800, 0, 
223, 1, 378, 42, -1, 208, 201, 25.6, 26, ABalapappp, 237, 28488, 23702, 832, , 28488, 25000, 28087, 27889, 0, 
224, 1, 4, 136, -1, 175, 351, 22.5, 30, ABpraapaaa, 237, 28305, 34872, 1232, , 28305, 25000, 27566, 27590, 0, 
225, 1, 328, 122, -1, 489, 158, 17.0, 29, Capapa, 259, 26962, 33109, 1228, , 26962, 25000, 29447, 29443, 0, 
226, 1, 173, 226, -1, 316, 120, 20.3, 28, ABplaappap, 254, 27773, 29550, 1064, , 27773, 25000, 27844, 27883, 0, 
227, 1, 27, 118, -1, 156, 185, 20.4, 29, ABalapaaap, 264, 26806, 30988, 1156, , 26806, 25000, 27365, 27425, 0, 
228, 1, 169, 264, -1, 257, 363, 19.1, 31, ABpraapapp, 119, 28593, 42318, 1480, , 28593, 25000, 28213, 28354, 0, 
229, 1, 381, 340, -1, 374, 305, 11.0, 27, MSpppaap, 233, 26806, 27664, 1032, , 26806, 25000, 28189, 28309, 0, 
230, 1, 158, 108, -1, 347, 124, 19.3, 29, ABplaapppa, 239, 27498, 29368, 1068, , 27498, 25000, 28544, 28487, 0, 
231, 1, 213, 62, -1, 388, 258, 10.9, 30, MSpapapp, 306, 38866, 52702, 1356, , 38866, 25000, 30950, 30849, 0, 
232, 1, 76, 190, -1, 340, 206, 9.1, 27, ABalpappppp, 264, 29285, 26591, 908, , 29285, 25000, 29868, 30008, 0, 
233, 1, 257, 363, -1, 458, 353, 13.4, 29, Cppaaa, 291, 28039, 32413, 1156, , 28039, 25000, 28490, 28492, 0, 
234, 1, 67, 305, -1, 144, 313, 20.7, 29, ABalapppaa, 251, 26308, 28097, 1068, , 26308, 25000, 27673, 27425, 0, 
235, 1, 364, 301, -1, 374, 344, 13.5, 27, Dpapa, 259, 27706, 24825, 896, , 27706, 25000, 28588, 28608, 0, 
236, 1, 299, 202, 399, 289, 286, 18.7, 31, MSpaaapp, 160, 27550, 37689, 1368, , 27550, 25000, 28344, 28353, 0, 
237, 1, 327, 276, -1, 283, 330, 25.8, 29, ABarpapapp, 280, 28399, 31580, 1112, , 28399, 25000, 29094, 29113, 0, 
238, 1, 62, 10, -1, 181, 285, 16.2, 25, ABaraappaa, 84, 27068, 19056, 704, , 27068, 25000, 27523, 27473, 0, 
239, 1, 341, 312, -1, 294, 379, 17.7, 28, ABpraaapppp, 270, 27403, 29157, 1064, , 27403, 25000, 27925, 27972, 0, 
240, 1, 25, 80, -1, 243, 185, 20.4, 29, ABplaapapa, 375, 28003, 32372, 1156, , 28003, 25000, 28348, 28442, 0, 
241, 1, 343, 204, -1, 533, 359, 19.6, 28, ABarpppppa, 279, 27472, 27142, 988, , 27472, 25000, 27940, 27936, 0, 
242, 1, 165, 157, -1, 468, 251, 7.4, 29, ABprpapppp, 208, 27585, 31888, 1156, , 27585, 25000, 30820, 30547, 0, 
243, 1, 55, 337, -1, 145, 262, 17.7, 29, MSaaaaaa, 216, 27424, 29289, 1068, , 27424, 25000, 27793, 27713, 0, 
244, 1, 209, 302, -1, 170, 325, 13.5, 25, ABalaapppa, 222, 27757, 21317, 768, , 27757, 25000, 27767, 27839, 0, 
245, 1, 389, 106, -1, 288, 242, 18.4, 27, MSaaapap, 225, 28809, 28463, 988, , 28809, 25000, 28401, 28393, 0, 
246, 1, 170, 244, -1, 405, 281, 14.5, 31, Earpa, 305, 28597, 35231, 1232, , 28597, 25000, 29814, 29824, 0, 
247, 1, 258, 283, -1, 301, 281, 12.4, 29, ABaraapppp, 132, 27513, 31805, 1156, , 27513, 25000, 28591, 28676, 0, 
248, 1, 52, 59, -1, 253, 123, 19.2, 27, ABplpaapap, 365, 26465, 22972, 868, , 26465, 25000, 27771, 27825, 0, 
249, 1, 112, 32, -1, 387, 111, 13.7, 28, ABplppapaa, -124, 27411, 29165, 1064, , 27411, 25000, 27956, 27982, 0, 
250, 1, 264, 213, -1, 592, 186, 16.2, 31, Cpapaa, 289, 28094, 41130, 1464, , 28094, 25000, 28269, 28269, 0, 
251, 1, 366, 60, -1, 150, 304, 9.5, 26, ABalaapaaa, 240, 28340, 25393, 896, , 28340, 25000, 28140, 28180, 0, 
252, 1, 107, 223, -1, 437, 407, 15.2, 27, ABprapaapp, 245, 27824, 24151, 868, , 27824, 25000, 27953, 27960, 0, 
253, 0, 232, -1, -1, 175, 347, 11.0, 26, , 220, 754, 24101, 852, , 28288, 25000, 27664, 27534, 0, 
254, 1, 346, 208, -1, 547, 243, 6.5, 27, ABprpppppp, 264, 35484, 31794, 896, , 35484, 25000, 35230, 35422, 0, 
255, 1, 20, 86, -1, 239, 344, 17.4, 27, ABpraapapa, 142, 27301, 26973, 988, , 27301, 25000, 27797, 27754, 0, 
256, 1, 108, 275, -1, 433, 306, 5.3, 26, ABprppaapp, 421, 35026, 29982, 856, , 35026, 25000, 34160, 34176, 0, 
257, 1, 84, 212, -1, 234, 265, 9.4, 27, ABarapaapa, 133, 28469, 28127, 988, , 28469, 25000, 27990, 27995, 0, 
258, 1, 187, 225, -1, 280, 366, 9.1, 25, ABprpaaapa, 250, 26330, 18115, 688, , 26330, 25000, 28291, 28384, 0, 
259, 1, 242, 252, -1, 201, 166, 24.5, 34, ABplaapaap, 339, 28011, 47282, 1688, , 28011, 25000, 27710, 27682, 0, 
260, 1, 11, 198, -1, 177, 280, 13.0, 26, ABaraaapaa, 261, 27318, 23275, 852, , 27318, 25000, 28034, 28178, 0, 
261, 1, 142, 14, -1, 429, 109, 14.1, 27, ABplppapap, 241, 27373, 24855, 908, , 27373, 25000, 27528, 27540, 0, 
262, 1, 113, 100, -1, 236, 384, 14.1, 27, ABpraaaapp, -63, 26468, 24033, 908, , 26468, 25000, 27767, 27760, 0, 
263, 1, 251, 313, -1, 425, 288, 19.5, 31, Epraa, 314, 27064, 33343, 1232, , 27064, 25000, 28517, 28548, 0, 
264, 1, 196, 28, -1, 227, 279, 16.5, 29, ABaraappap, 32, 26934, 29089, 1080, , 26934, 25000, 28247, 28315, 0, 
265, 1, 227, 124, -1, 461, 141, 9.1, 28, ABplpppaaa, 260, 27449, 29865, 1088, , 27449, 25000, 27915, 27925, 0, 
266, 1, 357, 109, -1, 549, 223, 23.6, 32, Caaapa, 324, 28383, 42121, 1484, , 28383, 25000, 27887, 27887, 0, 
267, 1, 128, 156, -1, 398, 320, 6.0, 26, ABprppaapa, 124, 32851, 27989, 852, , 32851, 25000, 32459, 32404, 0, 
268, 1, 273, 27, -1, 452, 273, 10.9, 31, Z2, 179, 27127, 40148, 1480, , 27127, 25000, 28401, 28395, 0, 
269, 1, 81, 291, -1, 504, 341, 14.6, 29, Cppapa, 259, 27477, 31763, 1156, , 27477, 25000, 28644, 28650, 0, 
270, 1, 372, 52, -1, 234, 219, 21.5, 28, MSapappa, 208, 27418, 29611, 1080, , 27418, 25000, 28302, 28205, 0, 
271, 1, 336, 110, -1, 299, 404, 15.0, 24, ABpraappaa, 216, 28286, 17198, 608, , 28286, 25000, 27212, 27341, 0, 
272, 1, 353, 372, -1, 434, 190, 22.5, 28, Dappa, 280, 28082, 30329, 1080, , 28082, 25000, 29503, 29525, 0, 
273, 1, 377, 185, -1, 320, 348, 17.7, 27, MSppppap, 272, 28055, 25923, 924, , 28055, 25000, 27907, 27902, 0, 
274, 1, 155, 259, -1, 370, 333, 21.5, 26, MSpppppp, 236, 27080, 24264, 896, , 27080, 25000, 28413, 28391, 0, 
275, 1, 253, 141, -1, 363, 245, 12.5, 26, MSpapapa, 41, 34513, 30924, 896, , 34513, 25000, 32684, 32228, 0, 
276, 1, 325, 7, -1, 403, 241, 19.4, 32, Ealap, -75, 27676, 41071, 1484, , 27676, 25000, 28231, 28167, 0, 
277, 1, 33, 227, -1, 195, 157, 10.9, 27, ABalaaaalp, 245, 27301, 24789, 908, , 27301, 25000, 27578, 27654, 0, 
278, 1, 307, 135, -1, 464, 396, 13.2, 27, ABprappaaa, -246, 26585, 23076, 868, , 26585, 25000, 27911, 27906, 0, 
279, 1, 287, 24, -1, 265, 270, 22.2, 27, MSpaaapa, 269, 28191, 24470, 868, , 28191, 25000, 27877, 27741, 0, 
280, 1, 17, 253, -1, 228, 317, 6.4, 28, ABarapppaa, 137, 33296, 32896, 988, , 33296, 25000, 35031, 35532, 0, 
281, 1, 313, 228, -1, 408, 327, 9.4, 28, MSpapppa, 281, 27698, 27366, 988, , 27698, 25000, 29069, 29234, 0, 
282, 1, 191, 314, -1, 419, 231, 5.5, 29, ABplpapppa, 263, 35063, 37868, 1080, , 35063, 25000, 33773, 33847, 0, 
283, 0, 101, -1, -1, 333, 264, 5.0, 24, , 184, -1621, 21216, 608, , 34895, 25000, 35663, 36516, 0, 
284, 1, 7, 149, -1, 213, 363, 16.2, 27, ABpraaapap, 258, 27397, 23781, 868, , 27397, 25000, 28073, 28141, 0, 
285, 1, 28, 394, 405, 499, 178, 6.5, 26, ABplpppapa, 188, 32031, 28700, 896, , 32031, 25000, 34484, 34487, 0, 
286, 1, 223, 239, -1, 365, 181, 6.3, 27, ABplpappaap, 211, 30959, 28606, 924, , 30959, 25000, 34470, 34699, 0, 
287, 1, 177, 170, -1, 165, 242, 13.2, 26, ABalpaapaa, 246, 27175, 21631, 796, , 27175, 25000, 28382, 28434, 0, 
288, 1, 288, 343, -1, 349, 301, 18.5, 34, Earaa, 314, 27231, 45966, 1688, , 27231, 25000, 29168, 29196, 0, 
289, 1, 384, 48, -1, 304, 307, 5.5, 28, ABarappapa, 125, 35942, 38817, 1080, , 35942, 25000, 33745, 34062, 0, 
290, 1, 119, 98, -1, 311, 119, 11.9, 28, ABplpaaaap, 18, 26157, 28459, 1088, , 26157, 25000, 27358, 27287, 0, 
291, 1, 72, 235, -1, 437, 200, 26.4, 32, ABarppaapp, 329, 28084, 41677, 1484, , 28084, 25000, 28485, 28501, 0, 
292, 1, 303, 152, -1, 201, 267, 12.1, 24, ABaraaapapa, 200, 27864, 16830, 604, , 27864, 25000, 27915, 27973, 0, 
293, 1, 157, 214, -1, 243, 266, 14.0, 25, ABaraapppaa, 154, 27344, 20891, 764, , 27344, 25000, 28178, 28175, 0, 
294, 1, 80, 268, -1, 248, 192, 11.4, 23, MSapaapa, 178, 28897, 18494, 640, , 28897, 25000, 28031, 28089, 0, 
295, 1, 109, 148, -1, 212, 369, 12.1, 26, ABpraaaaap, 225, 28295, 22636, 800, , 28295, 25000, 27630, 27722, 0, 
296, 1, 120, 364, -1, 266, 353, 11.5, 26, ABprpaapaa, 180, 27007, 24198, 896, , 27007, 25000, 27838, 28018, 0, 
297, 1, 281, 395, -1, 469, 344, 20.8, 28, Dpppp, 286, 28039, 29497, 1052, , 28039, 25000, 28061, 28098, 0, 
298, 1, 143, 260, -1, 239, 360, 11.2, 27, ABpraaaapa, 229, 26947, 23390, 868, , 26947, 25000, 28015, 27986, 0, 
299, 1, 88, 218, -1, 445, 301, 15.8, 32, Earpp, 298, 28726, 46192, 1608, , 28726, 25000, 29449, 29423, 0, 
300, 1, 65, 267, -1, 177, 268, 9.1, 27, ABaraaaaap, 268, 27376, 24857, 908, , 27376, 25000, 28328, 28217, 0, 
301, 0, 154, -1, -1, 158, 243, 24.3, 23, , 190, 1005, 17447, 592, , 29471, 25000, 28447, 28466, 0, 
302, 1, 295, 133, -1, 249, 199, 17.3, 25, MSapapaa, 229, 29531, 22562, 764, , 29531, 25000, 28750, 28730, 0, 
303, 1, 229, 15, -1, 476, 236, 17.2, 32, Eplap, 166, 28092, 45172, 1608, , 28092, 25000, 28528, 28456, 0, 
304, 1, 240, 391, -1, 250, 306, 16.1, 25, MSpaapaa, 256, 28090, 19326, 688, , 28090, 25000, 28445, 28439, 0, 
305, 1, 30, 362, -1, 171, 206, 14.1, 27, MSapaaaa, 48, 28555, 25928, 908, , 28555, 25000, 28653, 28667, 0, 
306, 1, 139, 154, -1, 350, 368, 9.6, 28, ABprppaaaa, 674, 27789, 27456, 988, , 27789, 25000, 28430, 28359, 0, 
307, 1, 92, 230, -1, 256, 156, 19.0, 24, ABalpppppap, 239, 26725, 16249, 608, , 26725, 25000, 28169, 28315, 0, 
308, 1, 180, 303, -1, 473, 286, 19.4, 32, Eprap, 319, 28230, 41893, 1484, , 28230, 25000, 27984, 27925, 0, 
309, 1, 349, 92, -1, 479, 119, 11.4, 27, ABplppappp, 97, 26982, 26658, 988, , 26982, 25000, 27995, 27988, 0, 
310, 1, 38, 166, -1, 193, 245, 16.8, 30, ABaraapaap, 182, 27536, 36348, 1320, , 27536, 25000, 28745, 28868, 0, 
311, 1, 51, 286, -1, 579, 232, 8.6, 25, Cpappv, 241, 28130, 23404, 832, , 28130, 25000, 28419, 28617, 0, 
312, 1, 210, 322, -1, 174, 352, 16.7, 32, ABalappapp, 136, 27274, 43202, 1584, , 27274, 25000, 27650, 27650, 0, 
313, 1, 279, 324, -1, 209, 240, 19.3, 26, MSaaapaaa, 197, 28107, 24060, 856, , 28107, 25000, 27853, 27921, 0, 
314, 1, 243, 388, -1, 258, 219, 12.6, 25, ABalpaaapp, 200, 29119, 24227, 832, , 29119, 25000, 28664, 28671, 0, 
315, 1, 272, 321, -1, 180, 348, 14.1, 29, ABalaapppp, 262, 27622, 33367, 1208, , 27622, 25000, 27399, 27427, 0, 
316, 1, 92, 171, -1, 234, 166, 16.9, 24, ABalpppppaa, 193, 28737, 17357, 604, , 28737, 25000, 28374, 28542, 0, 
317, 1, 321, 113, -1, 545, 320, 10.2, 27, ABprapppaa, -258, 26561, 23055, 868, , 26561, 25000, 28175, 28142, 0, 
318, 1, 36, 206, -1, 239, 202, 26.7, 27, ABplaaapaa, 186, 27676, 25573, 924, , 27676, 25000, 28763, 28817, 0, 
319, 1, 400, 257, -1, 512, 268, 5.7, 25, ABprpppapa, 185, 35682, 27261, 764, , 35682, 25000, 36516, 36640, 0, 
320, 1, 22, 119, -1, 202, 298, 6.9, 27, ABaraaappp, 207, 32261, 29293, 908, , 32261, 25000, 33707, 34661, 0, 
321, 1, 351, 194, -1, 497, 270, 13.5, 32, Eprpp, 310, 28617, 40979, 1432, , 28617, 25000, 28867, 28990, 0, 
322, 1, 330, 201, -1, 344, 302, 25.4, 29, ABarpaappa, 298, 27387, 31659, 1156, , 27387, 25000, 28313, 28270, 0, 
323, 1, 391, 25, -1, 376, 274, 13.9, 22, MSpapaapp, 137, 32448, 15056, 464, , 32448, 25000, 31248, 31435, 0, 
324, 1, 91, 262, -1, 324, 365, 24.5, 31, ABarpapppp, 280, 28233, 34783, 1232, , 28233, 25000, 28351, 28388, 0, 
325, 1, 241, 67, -1, 259, 307, 13.0, 26, MSppapaa, 266, 27001, 23005, 852, , 27001, 25000, 27887, 28068, 0, 
326, 1, 138, 241, -1, 249, 294, 20.1, 26, MSpaaaapp, 227, 28818, 23054, 800, , 28818, 25000, 28193, 28202, 0, 
327, 1, 87, 41, 365, 274, 260, 11.4, 31, ABarapaapp, 233, 27848, 37094, 1332, , 27848, 25000, 28276, 28348, 0, 
328, 1, 373, 153, -1, 276, 185, 15.1, 26, MSapapap, 208, 27426, 21941, 800, , 27426, 25000, 28361, 28366, 0, 
329, 1, 219, 284, -1, 269, 320, 5.1, 27, ABarapppap, 276, 37829, 34349, 908, , 37829, 25000, 36547, 36812, 0, 
330, 1, 301, 114, -1, 506, 263, 25.5, 33, Caaaap, 333, 29148, 47336, 1624, , 29148, 25000, 28072, 28120, 0, 
331, 1, 162, 66, -1, 456, 170, 12.5, 30, Capaap, 261, 27489, 33867, 1232, , 27489, 25000, 28261, 28354, 0, 
332, 1, 111, 167, -1, 216, 348, 9.6, 28, ABpraaaaaa, 87, 27673, 27341, 988, , 27673, 25000, 28190, 28316, 0, 
333, 1, 16, 240, -1, 356, 327, 7.6, 26, ABprpapaap, 240, 28028, 23319, 832, , 28028, 25000, 30845, 30450, 0, 
334, 1, 74, 5, -1, 600, 252, 17.4, 32, Cpapap, -215, 28195, 41841, 1484, , 28195, 25000, 28774, 28806, 0, 
335, 1, 337, 23, -1, 312, 171, 13.1, 27, MSapaapp, 270, 28409, 25795, 908, , 28409, 25000, 27656, 27640, 0, 
336, 1, 361, 56, -1, 423, 311, 25.6, 32, Cpaaaa, -85, 27960, 41493, 1484, , 27960, 25000, 28333, 28357, 0, 
337, 1, 298, 316, -1, 458, 184, 7.0, 29, ABplppppap, 240, 29975, 36809, 1228, , 29975, 25000, 31537, 31747, 0, 
338, 1, 176, 389, -1, 280, 323, 12.3, 25, MSppapap, 217, 26970, 20605, 764, , 26970, 25000, 27822, 27792, 0, 
339, 1, 82, 367, -1, 244, 353, 7.4, 26, ABalaapapp, 91, 27740, 23080, 832, , 27740, 25000, 30903, 30892, 0, 
340, 1, 57, 30, -1, 170, 194, 25.0, 29, ABplaapaaa, 269, 27325, 33555, 1228, , 27325, 25000, 27915, 27775, 0, 
341, 1, 252, 4, -1, 320, 185, 18.5, 27, Daaaa, 226, 27317, 24476, 896, , 27317, 25000, 28311, 28537, 0, 
342, 1, 308, 101, -1, 365, 383, 19.2, 31, ABprapaaap, 402, 27915, 40867, 1464, , 27915, 25000, 28303, 28288, 0, 
343, 1, 289, 355, -1, 326, 402, 16.2, 27, ABpraappap, 99, 26637, 23121, 868, , 26637, 25000, 27830, 27671, 0, 
344, 1, 202, 203, -1, 403, 178, 7.3, 29, ABplpapapp, 215, 27878, 29774, 1068, , 27878, 25000, 30925, 31579, 0, 
345, 1, 326, 139, -1, 401, 359, 16.6, 28, Dppaa, 129, 29564, 29209, 988, , 29564, 25000, 28457, 28452, 0, 
346, 1, 319, 222, -1, 162, 205, 9.1, 27, ABalpaappa, 199, 29269, 26576, 908, , 29269, 25000, 28790, 28891, 0, 
347, 1, 332, 300, -1, 291, 305, 15.6, 27, MSpaapap, -49, 27209, 26882, 988, , 27209, 25000, 27916, 27930, 0, 
348, 1, 255, 79, -1, 463, 396, 20.5, 29, ABarppppap, 291, 27957, 30194, 1080, , 27957, 25000, 27821, 27851, 0, 
349, 1, 150, 127, -1, 495, 349, 7.4, 26, ABprppappp, 246, 28024, 23316, 832, , 28024, 25000, 30412, 30192, 0, 
350, 1, 344, 132, -1, 144, 332, 17.6, 27, ABalappapa, 267, 27226, 26899, 988, , 27226, 25000, 27518, 27479, 0, 
351, 1, 380, 44, -1, 243, 161, 14.9, 27, ABplpaapaa, 269, 26889, 24415, 908, , 26889, 25000, 28346, 28129, 0, 
352, 1, 15, 317, -1, 311, 197, 20.6, 25, MSapppap, 213, 27165, 22601, 832, , 27165, 25000, 27690, 27522, 0, 
353, 1, 324, 336, -1, 314, 222, 18.5, 26, MSaaappa, 205, 30324, 27170, 896, , 30324, 25000, 28872, 28939, 0, 
354, 1, 297, 188, -1, 292, 294, 10.0, 24, MSppaapa, -14, 27275, 16583, 608, , 27275, 25000, 28786, 28583, 0, 
355, 1, 126, 178, -1, 591, 209, 21.1, 33, Caaapp, 334, 27752, 48178, 1736, , 27752, 25000, 28078, 28078, 0, 
356, 1, 117, 361, -1, 411, 348, 20.4, 29, Dpppa, 289, 27717, 32041, 1156, , 27717, 25000, 28289, 28293, 0, 
357, 1, 306, 219, -1, 421, 207, 12.2, 32, Z3, 320, 28014, 45046, 1608, , 28014, 25000, 28403, 28432, 0, 
358, 1, 271, 360, -1, 391, 163, 11.8, 27, MSaapppa, 265, 27280, 23679, 868, , 27280, 25000, 27341, 27397, 0, 
359, 1, 200, 36, -1, 553, 224, 9.4, 28, Caapa, 250, 27238, 26911, 988, , 27238, 25000, 28615, 28636, 0, 
360, 1, 71, 338, -1, 558, 142, 16.5, 28, ABarppappp, 18, 26915, 29068, 1080, , 26915, 25000, 28203, 28200, 0, 
361, 1, 356, 398, -1, 207, 170, 21.7, 33, ABalppppap, 289, 27570, 47861, 1736, , 27570, 25000, 28004, 28168, 0, 
362, 1, 292, 350, -1, 323, 224, 23.0, 25, MSappppa, 147, 27658, 21131, 764, , 27658, 25000, 28176, 28251, 0, 
363, 1, 248, 330, -1, 122, 242, 16.2, 28, ABalaaapar, 245, 27453, 28881, 1052, , 27453, 25000, 27170, 27074, 0, 
364, 1, 167, 126, -1, 225, 136, 12.2, 26, ABalppaapp, 224, 27609, 21977, 796, , 27609, 25000, 27743, 27702, 0, 
365, 1, 329, 254, -1, 233, 266, 22.3, 27, MSaaaapa, 89, 28179, 26037, 924, , 28179, 25000, 28227, 28244, 0, 
366, 1, 10, 116, -1, 272, 384, 21.2, 27, ABarpappap, 71, 28363, 24619, 868, , 28363, 25000, 27969, 27934, 0, 
367, 1, 305, 163, -1, 238, 174, 23.7, 30, ABplaapapp, 78, 27121, 35474, 1308, , 27121, 25000, 28674, 28832, 0, 
368, 1, 246, 386, -1, 134, 243, 20.0, 25, ABalappaap, 429, 27275, 20838, 764, , 27275, 25000, 27324, 27213, 0, 
369, 1, 8, 97, -1, 377, 247, 5.2, 31, ABprpappap, 142, 35098, 51383, 1464, , 35098, 25000, 33479, 33955, 0, 
370, 1, 116, 8, -1, 353, 225, 17.4, 25, MSaapaapp, 191, 30286, 25198, 832, , 30286, 25000, 30574, 30630, 0, 
371, 1, 216, 94, -1, 309, 217, 14.8, 26, MSaapaapa, 159, 31472, 25052, 796, , 31472, 25000, 30474, 30337, 0, 
372, 1, 312, 269, -1, 448, 158, 25.2, 29, ABarppapap, 281, 29664, 32986, 1112, , 29664, 25000, 27840, 27850, 0, 
373, 1, 96, 351, -1, 442, 372, 23.5, 32, ABarpppapp, 312, 27843, 39871, 1432, , 27843, 25000, 28094, 28093, 0, 
374, 1, 23, 184, -1, 308, 245, 5.7, 28, ABarapapap, 272, 34779, 37005, 1064, , 34779, 25000, 34293, 34832, 0, 
375, 1, 122, 328, -1, 400, 143, 15.6, 26, Daapp, -88, 28022, 23314, 832, , 28022, 25000, 28384, 28450, 0, 
376, 1, 156, 309, -1, 369, 156, 14.0, 25, MSappapp, 207, 28174, 21525, 764, , 28174, 25000, 27848, 27879, 0, 
377, 1, 129, 345, -1, 581, 204, 12.0, 31, Caappd, 500, 27158, 42910, 1580, , 27158, 25000, 28013, 28097, 0, 
378, 1, 367, 237, -1, 227, 255, 12.7, 24, ABaraaapapp, 229, 27330, 19240, 704, , 27330, 25000, 28168, 28113, 0, 
379, 1, 393, 392, -1, 351, 385, 23.8, 25, ABarpppaaa, 226, 28281, 19910, 704, , 28281, 25000, 28195, 28239, 0, 
380, 1, 64, 298, -1, 494, 322, 25.4, 33, Cpaaap, 321, 27013, 44302, 1640, , 27013, 25000, 28274, 28274, 0, 
381, 1, 387, 51, -1, 369, 186, 27.0, 22, ABarppaaap, 106, 30740, 11804, 384, , 30740, 25000, 29075, 29075, 0, 
382, 1, 181, 327, -1, 587, 317, 15.9, 29, ABarpppppp, 4, 27816, 33602, 1208, , 27816, 25000, 28615, 28714, 0, 
383, 1, 279, 358, -1, 257, 254, 19.2, 26, MSaaapaap, 444, 27564, 21941, 796, , 27564, 25000, 28289, 28106, 0, 
384, 0, 9, -1, -1, 130, 272, 19.5, 26, , 210, 170, 24551, 896, , 27401, 25000, 27293, 27231, 0, 
385, 1, 208, 373, -1, 326, 149, 14.9, 23, MSappapa, 442, 27401, 13591, 496, , 27401, 25000, 27871, 27830, 0, 
386, 1, 300, 400, -1, 214, 352, 22.0, 23, ABalappppp, 61, 26748, 13695, 512, , 26748, 25000, 27694, 27848, 0, 
387, 1, 371, 117, -1, 258, 212, 6.8, 24, ABalpappapa, 144, 32881, 21570, 656, , 32881, 25000, 32668, 31828, 0, 
388, 1, 342, 71, -1, 282, 354, 15.4, 25, ABpraaapppa, 426, 27209, 22638, 832, , 27209, 25000, 28063, 27960, 0, 
389, 1, 267, 346, -1, 191, 336, 9.9, 22, ABalaappap, -3, 28399, 13177, 464, , 28399, 25000, 28131, 28177, 0, 
390, 1, 370, 256, -1, 308, 167, 17.0, 23, MSapppaa, 315, 27391, 14024, 512, , 27391, 25000, 27909, 28085, 0, 
391, 1, 174, 131, -1, 273, 176, 19.5, 26, ABalppppppa, 146, 26336, 23597, 896, , 26336, 25000, 27845, 27878, 0, 
392, 0, 392, -1, -1, 89, 262, 14.3, 24, , -129, 1872, 19799, 704, , 28124, 25000, 26487, 26252, 0, 
393, 1, 101, 307, -1, 337, 246, 4.4, 24, ABprpappaa, -45, 34403, 24082, 700, , 34403, 25000, 34403, 34314, 0, 
394, 1, 239, 243, -1, 383, 205, 23.2, 27, MSappppp, 270, 27363, 23751, 868, , 27363, 25000, 28299, 28342, 0, 
395, 1, 394, 342, -1, 165, 167, 12.6, 22, ABalppaaap, -70, 27774, 15887, 572, , 27774, 25000, 27948, 27933, 0, 
396, 1, 269, 326, -1, 397, 124, 20.5, 27, ABplaapppp, 187, 27837, 24942, 896, , 27837, 25000, 28035, 28008, 0, 
397, 0, 166, -1, -1, 226, 331, 8.45, 23, , 176, 1565, 19089, 632, , 30204, 25000, 28712, 28639, 0, 
398, 1, 395, 401, -1, 197, 288, 19.0, 22, MSpaaaapa, 0, 27875, 10704, 384, , 27875, 25000, 28561, 28549, 0, 
399, 1, 397, 402, -1, 357, 399, 16.0, 26, ABpraapppa, 238, 27315, 23272, 852, , 27315, 25000, 27831, 27857, 0, 
400, 1, 398, 403, -1, 181, 238, 25.0, 22, ABalapapap, 184, 27911, 10718, 384, , 27911, 25000, 27961, 27915, 0, 
401, 1, 399, 404, -1, 175, 181, 18.0, 27, ABalapaapp, 216, 26735, 27591, 1032, , 26735, 25000, 27440, 27584, 0, 
