1, 1, 85, 156, -1, 327, 191, 24.5, 30, ABplapaaaa, 251, 27271, 33598, 1232, , 27271, 25000, 28099, 28157, 0, 
2, 1, 126, 9, -1, 551, 356, 12.4, 26, ABprapapap, 259, 28249, 23503, 832, , 28249, 25000, 28018, 28036, 0, 
3, 1, 196, 66, -1, 326, 303, 7.8, 26, ABprpapaaa, -9, 28290, 22519, 796, , 28290, 25000, 30408, 30447, 0, 
4, 1, 341, 287, -1, 318, 190, 18.5, 27, Daaaa, 189, 28067, 25148, 896, , 28067, 25000, 28709, 28923, 0, 
5, 1, 334, 72, -1, 596, 249, 17.2, 31, Cpapap, 302, 27120, 39704, 1464, , 27120, 25000, 28431, 28425, 0, 
6, 1, 87, 350, -1, 167, 298, 19.3, 28, MSpaaaaa, 229, 27430, 29185, 1064, , 27430, 25000, 27877, 27877, 0, 
7, 1, 276, 302, -1, 405, 238, 19.2, 32, Ealap, 306, 28453, 45752, 1608, , 28453, 25000, 29178, 29250, 0, 
8, 1, 370, 326, -1, 354, 225, 17.2, 25, MSaapaapp, 220, 32232, 22691, 704, , 32232, 25000, 30426, 30378, 0, 
9, 1, 8, 182, -1, 385, 405, 18.2, 26, ABprapaapa, -70, 28044, 22323, 796, , 28044, 25000, 27597, 27587, 0, 
10, 1, 238, 208, -1, 179, 284, 16.1, 29, ABaraappaa, 53, 26439, 31938, 1208, , 26439, 25000, 27732, 27638, 0, 
11, 1, 1, 120, -1, 345, 368, 21.3, 30, ABprapaaaa, 305, 27431, 35880, 1308, , 27431, 25000, 27789, 27692, 0, 
12, 1, 3, 37, -1, 289, 176, 6.3, 29, ABalpapapa, 233, 37932, 40511, 1068, , 37932, 25000, 35937, 36151, 0, 
13, 1, 217, 356, -1, 440, 371, 16.8, 27, Dppap, 274, 27448, 23825, 868, , 27448, 25000, 28654, 28654, 0, 
14, 1, 261, 18, -1, 428, 110, 14.5, 27, ABplppapap, 333, 28676, 25694, 896, , 28676, 25000, 27804, 27805, 0, 
15, 1, 303, 167, -1, 478, 234, 17.6, 31, Eplap, 299, 26929, 35869, 1332, , 26929, 25000, 28310, 28330, 0, 
16, 1, 218, 60, -1, 408, 368, 7.6, 29, ABprppapaa, 285, 27831, 32173, 1156, , 27831, 25000, 30412, 30413, 0, 
17, 1, 154, 296, -1, 566, 266, 7.9, 25, ABprappppp, -6, 27921, 17758, 636, , 27921, 25000, 30662, 30652, 0, 
18, 0, -1, -1, -1, 349, 200, 5.3, 23, , 197, 1629, 22699, 592, , 38343, 25000, 36827, 36714, 0, 
19, 0, 170, -1, -1, 525, 264, 6.8, 24, , -130, 1770, 22373, 656, , 34105, 25000, 32576, 32335, 0, 
20, 1, 76, 257, 392, 378, 211, 9.3, 30, MSaappa, 232, 27542, 36025, 1308, , 27542, 25000, 28536, 28530, 0, 
21, 1, 29, 211, -1, 275, 329, 9.7, 27, ABprpaaaaa, -41, 28484, 26319, 924, , 28484, 25000, 28023, 28146, 0, 
22, 1, 122, 89, -1, 525, 376, 12.6, 27, ABprappapp, -23, 27938, 27603, 988, , 27938, 25000, 27699, 27713, 0, 
23, 1, 335, 147, -1, 310, 172, 13.2, 27, MSapaapp, 263, 27577, 23937, 868, , 27577, 25000, 28574, 28556, 0, 
24, 1, 279, 301, -1, 268, 272, 22.3, 27, MSpaaapa, 246, 30026, 27744, 924, , 30026, 25000, 27968, 27943, 0, 
25, 1, 323, 47, -1, 374, 278, 14.5, 25, MSpapaapp, 204, 31486, 24181, 768, , 31486, 25000, 30474, 30558, 0, 
26, 1, 35, 351, -1, 499, 137, 8.7, 27, ABplpppaap, 237, 27938, 25815, 924, , 27938, 25000, 28251, 28301, 0, 
27, 1, 268, 268, -1, 450, 269, 10.7, 32, Z2, 321, 27300, 43243, 1584, , 27300, 25000, 28603, 28630, 0, 
28, 1, 264, 314, -1, 225, 275, 16.7, 29, ABaraappap, 290, 27326, 29184, 1068, , 27326, 25000, 28024, 28005, 0, 
29, 1, 30, 149, -1, 188, 316, 7.6, 26, ABalaapaap, 216, 28028, 23319, 832, , 28028, 25000, 31037, 31054, 0, 
30, 1, 340, 160, -1, 165, 198, 25.0, 29, ABplaapaaa, 272, 27748, 34075, 1228, , 27748, 25000, 28493, 28516, 0, 
31, 1, 220, 109, -1, 227, 248, 5.3, 27, ABarapaaap, 73, 38560, 35629, 924, , 38560, 25000, 35342, 35426, 0, 
32, 1, 249, 137, -1, 386, 109, 14.2, 28, ABplppapaa, 235, 26832, 28227, 1052, , 26832, 25000, 27672, 27669, 0, 
33, 0, 52, -1, -1, 492, 201, 6.4, 26, , 237, 1508, 28938, 832, , 34781, 25000, 32864, 33273, 0, 
34, 1, 100, 318, -1, 515, 160, 9.8, 26, ABplapppap, 96, 27371, 21787, 796, , 27371, 25000, 27434, 27506, 0, 
35, 1, 50, 288, -1, 431, 178, 7.4, 28, ABplppppaa, 153, 29022, 28674, 988, , 29022, 25000, 31338, 31510, 0, 
36, 1, 359, 330, -1, 552, 220, 9.4, 28, Caapa, 227, 28503, 28161, 988, , 28503, 25000, 28236, 28270, 0, 
37, 0, 190, -1, -1, 367, 404, 13.4, 24, , 211, -495, 19438, 700, , 27769, 25000, 28228, 28264, 0, 
38, 1, 47, 11, -1, 344, 166, 22.9, 29, ABplapaaap, 288, 27625, 33371, 1208, , 27625, 25000, 28592, 28602, 0, 
39, 1, 213, 30, -1, 236, 223, 8.7, 28, ABalpappaa, 246, 28494, 30318, 1064, , 28494, 25000, 28756, 28768, 0, 
40, 1, 55, 74, -1, 531, 203, 7.1, 28, ABplpppppp, 218, 31104, 33841, 1088, , 31104, 25000, 34356, 34499, 0, 
41, 1, 327, 188, -1, 286, 258, 12.3, 26, ABarapaappp, 199, 27345, 23407, 856, , 27345, 25000, 27885, 27989, 0, 
42, 1, 223, 78, -1, 203, 202, 25.7, 26, ABalapappp, 219, 27621, 23644, 856, , 27621, 25000, 28228, 28273, 0, 
43, 1, 82, 176, -1, 308, 355, 8.8, 28, ABprpaaapp, -174, 28102, 29563, 1052, , 28102, 25000, 27882, 27858, 0, 
44, 1, 351, 40, -1, 251, 155, 15.0, 29, ABplpaapaa, 77, 26660, 32739, 1228, , 26660, 25000, 27993, 28130, 0, 
45, 1, 199, 170, -1, 161, 254, 20.6, 27, MSaaaaapa, 230, 26950, 26627, 988, , 26950, 25000, 27987, 28009, 0, 
46, 1, 167, 59, -1, 273, 219, 22.0, 26, MSapappp, 262, 27627, 23538, 852, , 27627, 25000, 28037, 28053, 0, 
47, 1, 20, 322, -1, 228, 214, 11.3, 26, ABalpaaapa, 254, 27164, 23252, 856, , 27164, 25000, 28060, 28135, 0, 
48, 1, 289, 295, -1, 297, 302, 5.4, 29, ABarappapa, 43, 36068, 41695, 1156, , 36068, 25000, 34656, 34788, 0, 
49, 1, 91, 46, -1, 399, 284, 5.4, 27, ABprpapapp, 247, 36923, 36480, 988, , 36923, 25000, 35352, 35304, 0, 
50, 0, 156, -1, -1, 371, 304, 16.2, 24, , 189, -671, 19001, 656, , 28965, 25000, 29665, 29636, 0, 
51, 1, 381, 207, -1, 364, 186, 26.1, 25, ABarppaaap, 243, 28813, 19823, 688, , 28813, 25000, 28510, 28519, 0, 
52, 1, 270, 38, -1, 234, 221, 21.6, 27, MSapappa, 251, 27336, 27008, 988, , 27336, 25000, 28357, 28398, 0, 
53, 1, 54, 368, -1, 216, 187, 14.6, 27, MSapaaap, 180, 28581, 28238, 988, , 28581, 25000, 27955, 27970, 0, 
54, 1, 194, 159, -1, 431, 159, 20.0, 27, Dapap, 206, 27338, 28213, 1032, , 27338, 25000, 28083, 28111, 0, 
55, 1, 44, 289, -1, 135, 188, 15.6, 29, ABalaaapal, 243, 26725, 30894, 1156, , 26725, 25000, 27609, 27624, 0, 
56, 1, 336, 264, -1, 418, 313, 25.6, 33, Cpaaaa, 274, 28609, 46918, 1640, , 28609, 25000, 28131, 28159, 0, 
57, 1, 172, 366, -1, 212, 243, 22.7, 26, MSaaaaapp, 207, 27284, 23355, 856, , 27284, 25000, 28053, 28183, 0, 
58, 1, 69, 226, -1, 212, 332, 23.2, 29, ABarpapaap, 290, 27372, 30438, 1112, , 27372, 25000, 27976, 28069, 0, 
59, 1, 248, 14, -1, 250, 120, 19.5, 28, ABplpaapap, 39, 28205, 30461, 1080, , 28205, 25000, 27453, 27490, 0, 
60, 1, 251, 54, -1, 149, 299, 9.3, 27, ABalaapaaa, 228, 26853, 24812, 924, , 26853, 25000, 28371, 28435, 0, 
61, 1, 144, 361, -1, 447, 268, 5.6, 27, ABprppppaa, 179, 34102, 33693, 988, , 34102, 25000, 33763, 33873, 0, 
62, 1, 231, 222, -1, 384, 256, 10.5, 30, MSpapapp, 298, 35606, 43867, 1232, , 35606, 25000, 30698, 30742, 0, 
63, 1, 72, 115, -1, 307, 163, 9.2, 27, ABplpapaaa, 205, 28991, 25164, 868, , 28991, 25000, 28651, 28809, 0, 
64, 1, 17, 284, -1, 213, 331, 13.9, 25, ABpraaapaa, 113, 27048, 18609, 688, , 27048, 25000, 27971, 27978, 0, 
65, 1, 184, 175, -1, 297, 149, 19.7, 28, ABplpaappa, 263, 27641, 29410, 1064, , 27641, 25000, 28354, 28375, 0, 
66, 1, 331, 82, -1, 454, 170, 12.6, 30, Capaap, -28, 27928, 32285, 1156, , 27928, 25000, 28731, 28674, 0, 
67, 1, 325, 200, -1, 257, 303, 13.1, 26, MSppapaa, 259, 28124, 22499, 800, , 28124, 25000, 28312, 28187, 0, 
68, 1, 111, 150, -1, 477, 283, 5.5, 28, ABprppppap, 275, 34407, 37160, 1080, , 34407, 25000, 32875, 32924, 0, 
69, 0, 83, -1, -1, 377, 119, 18.9, 24, , -65, -1452, 16602, 604, , 27487, 25000, 28756, 28939, 0, 
70, 1, 130, 242, -1, 281, 392, 12.2, 28, ABprpaapap, 227, 27029, 28435, 1052, , 27029, 25000, 26953, 27022, 0, 
71, 1, 388, 354, -1, 280, 349, 15.2, 24, ABpraaapppa, 211, 28559, 18735, 656, , 28559, 25000, 28477, 28614, 0, 
72, 1, 114, 335, -1, 371, 333, 10.4, 26, MSpppapp, 263, 27243, 22666, 832, , 27243, 25000, 28486, 28722, 0, 
73, 1, 16, 385, -1, 413, 354, 11.4, 27, Dpapp, 259, 28572, 28229, 988, , 28572, 25000, 28424, 28413, 0, 
74, 1, 105, 39, -1, 586, 289, 12.6, 29, ABprapappp, 247, 27593, 31897, 1156, , 27593, 25000, 28701, 28704, 0, 
75, 1, 62, 136, -1, 126, 234, 13.3, 26, ABalaaaarl, 216, 26690, 22847, 856, , 26690, 25000, 27493, 27492, 0, 
76, 1, 24, 1, -1, 275, 146, 10.3, 28, ABalppappp, 252, 26895, 28616, 1064, , 26895, 25000, 28142, 28135, 0, 
77, 1, 90, 41, -1, 438, 240, 16.8, 31, Ealpp, 316, 28120, 41167, 1464, , 28120, 25000, 28815, 28905, 0, 
78, 1, 12, 169, -1, 294, 254, 8.8, 28, ABarapappa, 277, 28075, 29535, 1052, , 28075, 25000, 29169, 29347, 0, 
79, 1, 348, 121, -1, 462, 395, 20.4, 29, ABarppppap, 270, 28472, 32914, 1156, , 28472, 25000, 28085, 28099, 0, 
80, 1, 240, 212, -1, 242, 186, 20.3, 30, ABplaapapa, 13, 28197, 36882, 1308, , 28197, 25000, 28269, 28391, 0, 
81, 0, 77, -1, -1, 86, 261, 16.1, 27, , -129, 1205, 25496, 908, , 28079, 25000, 26860, 26874, 0, 
82, 1, 56, 183, -1, 533, 122, 13.4, 29, ABplapappa, -32, 28080, 32460, 1156, , 28080, 25000, 27734, 27714, 0, 
83, 1, 128, 203, -1, 492, 380, 13.6, 27, ABprappaap, -150, 28897, 28550, 988, , 28897, 25000, 27828, 27839, 0, 
84, 1, 216, 148, -1, 468, 321, 10.3, 30, Cppaap, 274, 27467, 35927, 1308, , 27467, 25000, 28590, 28590, 0, 
85, 1, 131, 240, -1, 263, 292, 25.8, 26, ABarpaapaa, 256, 27897, 22206, 796, , 27897, 25000, 29035, 29062, 0, 
86, 1, 255, 96, -1, 241, 342, 17.1, 28, ABpraapapa, 246, 26244, 28553, 1088, , 26244, 25000, 27939, 28083, 0, 
87, 1, 53, 152, -1, 492, 254, 8.5, 28, ABprpppppa, 238, 27708, 29925, 1080, , 27708, 25000, 28191, 28270, 0, 
88, 1, 159, 119, -1, 550, 265, 11.3, 30, Cppppp, 300, 27794, 36354, 1308, , 27794, 25000, 28582, 28612, 0, 
89, 1, 124, 133, -1, 219, 233, 25.2, 30, ABplaaaaap, 287, 27447, 36230, 1320, , 27447, 25000, 27882, 27912, 0, 
90, 1, 134, 311, -1, 225, 191, 6.6, 28, ABalpapaaa, 232, 34499, 34085, 988, , 34499, 25000, 34937, 34670, 0, 
91, 0, 168, -1, -1, 203, 277, 20.3, 24, , 310, 1369, 20700, 704, , 29403, 25000, 27974, 28034, 0, 
92, 1, 309, 24, -1, 474, 117, 12.2, 28, ABplppappp, 340, 28029, 29487, 1052, , 28029, 25000, 27634, 27634, 0, 
93, 1, 186, 103, -1, 458, 368, 8.5, 27, ABprppapap, 301, 28512, 25547, 896, , 28512, 25000, 28836, 28844, 0, 
94, 1, 371, 140, -1, 308, 217, 15.5, 26, MSaapaapa, 169, 32945, 29519, 896, , 32945, 25000, 30554, 30611, 0, 
95, 1, 51, 73, -1, 427, 119, 20.6, 29, ABplapaapp, 259, 26798, 30978, 1156, , 26798, 25000, 27997, 28083, 0, 
96, 1, 176, 61, -1, 214, 135, 15.7, 29, ABalpppapa, 245, 27772, 29660, 1068, , 27772, 25000, 27854, 27859, 0, 
97, 1, 369, 340, -1, 373, 240, 5.2, 30, ABprpappap, 295, 33104, 43697, 1320, , 33104, 25000, 34492, 35228, 0, 
98, 1, 290, 251, -1, 313, 118, 11.8, 28, ABplpaaaap, 262, 26612, 27996, 1052, , 26612, 25000, 27455, 27383, 0, 
99, 0, 117, -1, -1, 205, 150, 13.2, 25, , 210, -611, 19375, 704, , 27521, 25000, 27935, 28132, 0, 
100, 1, 262, 162, -1, 233, 383, 14.2, 28, ABpraaaapp, -264, 27008, 28412, 1052, , 27008, 25000, 27551, 27558, 0, 
101, 1, 342, 117, -1, 360, 382, 18.6, 31, ABprapaaap, 56, 28143, 37487, 1332, , 28143, 25000, 27902, 27924, 0, 
102, 1, 110, 386, -1, 604, 247, 13.5, 30, Cpappd, 301, 27142, 33439, 1232, , 27142, 25000, 28063, 28127, 0, 
103, 1, 147, 108, -1, 342, 120, 14.4, 28, ABplppaaaa, 268, 27962, 27626, 988, , 27962, 25000, 27750, 27777, 0, 
104, 1, 40, 407, -1, 171, 178, 16.3, 30, ABalapaapa, 291, 26335, 34446, 1308, , 26335, 25000, 27993, 28102, 0, 
105, 1, 41, 342, -1, 255, 249, 25.6, 29, ABplaaaapa, 161, 27435, 31715, 1156, , 27435, 25000, 28274, 28197, 0, 
106, 1, 245, 10, -1, 291, 247, 17.8, 27, MSaaapap, 262, 26862, 23316, 868, , 26862, 25000, 28651, 28813, 0, 
107, 1, 66, 124, -1, 332, 330, 5.4, 28, ABarappapp, 399, 36917, 36474, 988, , 36917, 25000, 35700, 36159, 0, 
108, 1, 230, 281, -1, 344, 126, 19.5, 30, ABplaapppa, 243, 27893, 34364, 1232, , 27893, 25000, 28012, 28069, 0, 
109, 1, 266, 355, -1, 546, 227, 24.3, 31, Caaapa, 317, 27620, 37784, 1368, , 27620, 25000, 28341, 28342, 0, 
110, 1, 271, 298, -1, 299, 401, 14.4, 26, ABpraappaa, 209, 27397, 22794, 832, , 27397, 25000, 27784, 27719, 0, 
111, 1, 188, 7, -1, 181, 140, 17.2, 29, ABalpppaap, 221, 27184, 30229, 1112, , 27184, 25000, 27654, 27522, 0, 
112, 1, 14, 94, -1, 165, 254, 16.1, 28, ABaraapaaa, 529, 28170, 30649, 1088, , 28170, 25000, 27350, 27509, 0, 
113, 1, 317, 249, -1, 540, 318, 9.8, 26, ABprapppaa, 226, 28005, 22292, 796, , 28005, 25000, 28298, 28462, 0, 
114, 1, 330, 15, -1, 506, 266, 25.7, 35, Caaaap, 325, 27444, 55986, 2040, , 27444, 25000, 28556, 28571, 0, 
115, 1, 58, 29, -1, 511, 233, 16.6, 33, Eplpa, 43, 28416, 46603, 1640, , 28416, 25000, 28817, 28833, 0, 
116, 1, 366, 377, -1, 270, 385, 20.8, 27, ABarpappap, 247, 27696, 24040, 868, , 27696, 25000, 27745, 27944, 0, 
117, 1, 387, 209, -1, 259, 208, 7.1, 24, ABalpappapa, 215, 27891, 16846, 604, , 27891, 25000, 32345, 31303, 0, 
118, 1, 227, 92, -1, 155, 183, 20.5, 29, ABalapaaap, 298, 27932, 30167, 1080, , 27932, 25000, 27349, 27341, 0, 
119, 1, 320, 36, -1, 196, 293, 6.8, 26, ABaraaappp, 207, 31209, 24842, 796, , 31209, 25000, 33544, 34218, 0, 
120, 1, 211, 331, -1, 563, 346, 17.4, 29, ABprapapaa, 101, 27090, 31316, 1156, , 27090, 25000, 27804, 27831, 0, 
121, 1, 201, 158, -1, 135, 202, 11.7, 25, ABalaaaala, 229, 27408, 20940, 764, , 27408, 25000, 27851, 27837, 0, 
122, 1, 225, 362, -1, 488, 157, 17.1, 29, Capapa, 284, 27360, 33051, 1208, , 27360, 25000, 28355, 28482, 0, 
123, 1, 195, 83, -1, 283, 226, 14.4, 30, ABaraapapp, 186, 27107, 31336, 1156, , 27107, 25000, 28806, 28505, 0, 
124, 1, 265, 293, -1, 457, 139, 9.2, 28, ABplpppaaa, 324, 28042, 29500, 1052, , 28042, 25000, 28397, 28405, 0, 
125, 1, 148, 234, -1, 428, 153, 12.1, 27, MSaapppp, 211, 28971, 26306, 908, , 28971, 25000, 28307, 28292, 0, 
126, 1, 364, 204, -1, 226, 133, 12.3, 25, ABalppaapp, 237, 26694, 20394, 764, , 26694, 25000, 27596, 27699, 0, 
127, 1, 349, 48, -1, 492, 343, 7.3, 26, ABprppappp, 247, 29568, 25310, 856, , 29568, 25000, 31163, 31308, 0, 
128, 1, 208, 165, -1, 577, 191, 9.2, 25, Caappv, 222, 26722, 18812, 704, , 26722, 25000, 28173, 28215, 0, 
129, 1, 98, 206, -1, 480, 319, 5.9, 29, ABprpppaaa, 223, 32218, 36729, 1140, , 32218, 25000, 34873, 35205, 0, 
130, 1, 26, 393, -1, 176, 209, 21.7, 25, ABalapappa, 219, 27983, 21379, 764, , 27983, 25000, 28514, 28500, 0, 
131, 1, 391, 285, -1, 272, 175, 19.6, 24, ABalppppppa, 213, 26926, 18848, 700, , 26926, 25000, 27905, 28067, 0, 
132, 1, 350, 389, -1, 141, 331, 17.1, 26, ABalappapa, 215, 26813, 21450, 800, , 26813, 25000, 27496, 27603, 0, 
133, 1, 302, 339, -1, 248, 198, 17.4, 26, MSapapaa, 219, 27391, 22789, 832, , 27391, 25000, 27748, 27745, 0, 
134, 1, 222, 317, -1, 212, 373, 19.3, 30, ABpraapaap, 201, 27225, 35610, 1308, , 27225, 25000, 27709, 27786, 0, 
135, 1, 278, 122, -1, 463, 390, 12.9, 28, ABprappaaa, -168, 27985, 30448, 1088, , 27985, 25000, 27753, 27564, 0, 
136, 1, 224, 179, -1, 168, 350, 22.4, 30, ABpraapaaa, -76, 26383, 30499, 1156, , 26383, 25000, 27638, 27641, 0, 
137, 1, 92, 218, -1, 254, 256, 7.4, 27, ABarapapaa, 107, 28068, 27731, 988, , 28068, 25000, 31699, 31582, 0, 
138, 1, 103, 282, -1, 297, 113, 16.7, 30, ABplpaappp, 64, 28476, 37246, 1308, , 28476, 25000, 27824, 27833, 0, 
139, 1, 345, 202, -1, 399, 358, 16.5, 28, Dppaa, 208, 28136, 30387, 1080, , 28136, 25000, 28493, 28499, 0, 
140, 1, 75, 100, -1, 314, 387, 10.7, 27, ABprpaappp, 261, 27403, 25320, 924, , 27403, 25000, 27115, 27165, 0, 
141, 1, 275, 245, -1, 361, 247, 12.7, 26, MSpapapa, 234, 36194, 30982, 856, , 36194, 25000, 31872, 31832, 0, 
142, 1, 15, 172, -1, 445, 119, 18.4, 28, ABplappaaa, 248, 26293, 25977, 988, , 26293, 25000, 28095, 28129, 0, 
143, 1, 4, 151, -1, 562, 158, 13.6, 26, ABplapappp, -76, 28061, 23347, 832, , 28061, 25000, 27623, 27623, 0, 
144, 1, 137, 125, -1, 368, 346, 17.6, 26, Dpaap, 332, 27198, 22629, 832, , 27198, 25000, 28862, 28841, 0, 
145, 1, 189, 220, -1, 244, 362, 21.7, 25, ABarpappaa, 219, 27880, 21300, 764, , 27880, 25000, 28315, 28387, 0, 
146, 1, 175, 144, -1, 476, 202, 23.5, 30, Dappp, 301, 27768, 34210, 1232, , 27768, 25000, 28556, 28548, 0, 
147, 1, 185, 400, -1, 204, 222, 14.5, 26, ABalpaapapp, 132, 27154, 24330, 896, , 27154, 25000, 28294, 28351, 0, 
148, 1, 295, 128, -1, 207, 368, 11.9, 24, ABpraaaaap, 239, 26031, 15723, 604, , 26031, 25000, 27516, 27545, 0, 
149, 1, 284, 155, -1, 210, 359, 16.2, 27, ABpraaapap, 239, 27794, 24125, 868, , 27794, 25000, 27758, 27758, 0, 
150, 1, 94, 55, -1, 254, 199, 5.2, 30, ABalpapaap, 306, 37983, 50138, 1320, , 37983, 25000, 36792, 37483, 0, 
151, 1, 11, 184, -1, 280, 119, 21.3, 26, ABplaappaa, 39, 27271, 23344, 856, , 27271, 25000, 27848, 27894, 0, 
152, 1, 292, 367, -1, 201, 267, 12.2, 25, ABaraaapapa, 238, 27598, 19429, 704, , 27598, 25000, 28533, 28783, 0, 
153, 1, 328, 353, -1, 275, 182, 15.1, 26, MSapapap, 252, 27976, 22381, 800, , 27976, 25000, 28182, 28126, 0, 
154, 1, 306, 135, -1, 347, 365, 9.5, 28, ABprppaaaa, 210, 26855, 29003, 1080, , 26855, 25000, 28215, 28127, 0, 
155, 1, 132, 129, -1, 314, 136, 8.6, 28, ABalpapapp, -7, 29001, 28653, 988, , 29001, 25000, 28617, 28653, 0, 
156, 1, 267, 25, -1, 395, 319, 6.0, 25, ABprppaapa, 223, 33154, 25330, 764, , 33154, 25000, 34176, 33851, 0, 
157, 1, 242, 277, -1, 465, 245, 7.5, 28, ABprpapppp, 220, 27916, 30149, 1080, , 27916, 25000, 30097, 30108, 0, 
158, 1, 210, 263, -1, 329, 261, 17.4, 25, MSaaappp, 232, 29406, 24466, 832, , 29406, 25000, 28933, 28934, 0, 
159, 1, 164, 110, -1, 273, 214, 10.8, 27, ABalpapppa, 235, 29204, 25349, 868, , 29204, 25000, 28580, 28734, 0, 
160, 1, 113, 44, -1, 199, 305, 10.4, 26, MSppaaaa, 248, 27945, 23250, 832, , 27945, 25000, 27964, 28062, 0, 
161, 1, 38, 274, -1, 346, 170, 18.3, 28, Daapa, -57, 27817, 29597, 1064, , 27817, 25000, 29413, 29525, 0, 
162, 1, 28, 397, -1, 165, 342, 18.4, 26, ABalappppaa, 208, 28190, 23454, 832, , 28190, 25000, 27732, 27660, 0, 
163, 1, 367, 221, -1, 232, 177, 23.5, 30, ABplaapapp, 264, 27906, 34380, 1232, , 27906, 25000, 28490, 28545, 0, 
164, 1, 6, 213, -1, 364, 197, 21.3, 26, Daaap, 185, 28040, 24002, 856, , 28040, 25000, 28861, 28925, 0, 
165, 1, 140, 216, -1, 259, 172, 26.1, 30, ABplaaapap, 287, 28119, 38129, 1356, , 28119, 25000, 28901, 28925, 0, 
166, 1, 310, 28, -1, 192, 243, 16.9, 29, ABaraapaap, 251, 27745, 33516, 1208, , 27745, 25000, 28184, 28253, 0, 
167, 1, 332, 43, -1, 215, 349, 9.4, 28, ABpraaaaaa, 242, 27610, 27279, 988, , 27610, 25000, 27214, 27286, 0, 
168, 1, 107, 153, -1, 196, 232, 11.8, 24, ABalpaapapa, 229, 27163, 17819, 656, , 27163, 25000, 28193, 28234, 0, 
169, 1, 145, 219, -1, 549, 170, 8.7, 26, ABplappppp, 250, 27571, 23601, 856, , 27571, 25000, 30053, 30104, 0, 
170, 1, 287, 321, -1, 163, 243, 13.3, 27, ABalpaapaa, 266, 26587, 24566, 924, , 26587, 25000, 27747, 27809, 0, 
171, 1, 316, 258, -1, 230, 169, 17.0, 24, ABalpppppaa, -119, 27794, 16899, 608, , 27794, 25000, 27463, 27321, 0, 
172, 1, 181, 3, -1, 301, 370, 14.5, 29, ABprpaappa, 261, 28169, 30423, 1080, , 28169, 25000, 27674, 27715, 0, 
173, 1, 123, 17, -1, 283, 164, 22.5, 29, ABalppppppp, -65, 27732, 29951, 1080, , 27732, 25000, 27883, 27916, 0, 
174, 1, 165, 228, -1, 501, 224, 12.9, 32, Eplpp, 322, 28028, 44172, 1576, , 28028, 25000, 28983, 29054, 0, 
175, 1, 36, 337, -1, 345, 345, 14.8, 26, Dpaaa, 232, 27583, 21956, 796, , 27583, 25000, 28934, 29063, 0, 
176, 1, 106, 6, -1, 291, 139, 14.3, 28, ABplpaaapp, 252, 27723, 29497, 1064, , 27723, 25000, 27507, 27445, 0, 
177, 1, 160, 85, -1, 139, 264, 14.0, 25, ABaraaaapa, -130, 28038, 21421, 764, , 28038, 25000, 27653, 27658, 0, 
178, 1, 355, 81, -1, 588, 212, 21.4, 32, Caaapp, 312, 27859, 41343, 1484, , 27859, 25000, 27914, 27914, 0, 
179, 1, 84, 130, -1, 194, 178, 18.8, 30, ABalppppaa, -103, 26478, 34951, 1320, , 26478, 25000, 27700, 27790, 0, 
180, 1, 93, 139, -1, 144, 280, 23.3, 28, ABarpaaaaa, 275, 27799, 29578, 1064, , 27799, 25000, 27760, 27768, 0, 
181, 0, 149, -1, -1, 238, 297, 25.3, 26, , 454, -1142, 23609, 856, , 27581, 25000, 28610, 28723, 0, 
182, 1, 173, 186, -1, 368, 138, 22.7, 26, ABplapaapa, 225, 27606, 23631, 856, , 27606, 25000, 27688, 27664, 0, 
183, 1, 153, 369, -1, 311, 219, 12.4, 30, MSaapaaa, 174, 31177, 36041, 1156, , 31177, 25000, 30271, 30238, 0, 
184, 1, 374, 16, -1, 303, 243, 5.8, 29, ABarapapap, 48, 34228, 38061, 1112, , 34228, 25000, 34616, 34817, 0, 
185, 1, 273, 271, -1, 321, 348, 17.6, 27, MSppppap, 254, 28868, 28522, 988, , 28868, 25000, 28266, 28367, 0, 
186, 1, 48, 101, -1, 411, 170, 14.7, 25, MSappaap, 217, 29064, 22205, 764, , 29064, 25000, 27993, 27929, 0, 
187, 1, 141, 107, -1, 549, 153, 20.3, 30, ABplapapaa, 247, 27590, 36088, 1308, , 27590, 25000, 28413, 28400, 0, 
188, 1, 354, 64, -1, 289, 291, 10.3, 24, MSppaapa, 218, 27642, 19460, 704, , 27642, 25000, 28875, 28976, 0, 
189, 1, 187, 259, -1, 207, 146, 19.2, 27, ABalpppapp, 175, 26994, 23431, 868, , 26994, 25000, 27390, 27434, 0, 
190, 1, 232, 320, -1, 340, 205, 9.1, 28, ABalpappppp, 244, 29191, 31760, 1088, , 29191, 25000, 29406, 29407, 0, 
191, 1, 65, 323, -1, 142, 314, 12.3, 29, ABalaaappr, 22, 27209, 29059, 1068, , 27209, 25000, 27690, 27707, 0, 
192, 1, 163, 359, -1, 436, 158, 16.5, 29, Capaaa, 279, 27729, 29947, 1080, , 27729, 25000, 28118, 28180, 0, 
193, 1, 81, 243, -1, 303, 213, 6.8, 26, ABalpappapp, 153, 34196, 27220, 796, , 34196, 25000, 32994, 32708, 0, 
194, 1, 321, 4, -1, 495, 263, 13.3, 32, Eprpp, 319, 27342, 43309, 1584, , 27342, 25000, 28643, 28747, 0, 
195, 1, 178, 68, -1, 257, 160, 7.4, 27, ABalppapap, 245, 28318, 27978, 988, , 28318, 25000, 32305, 32436, 0, 
196, 1, 46, 272, -1, 191, 238, 26.7, 30, ABplaaaaaa, 415, 27339, 35760, 1308, , 27339, 25000, 28627, 28862, 0, 
197, 1, 136, 5, -1, 524, 196, 11.1, 28, Capppp, 17, 26990, 29365, 1088, , 26990, 25000, 28376, 28408, 0, 
198, 1, 260, 310, -1, 176, 278, 13.0, 27, ABaraaapaa, 265, 27751, 28639, 1032, , 27751, 25000, 28232, 28421, 0, 
199, 1, 121, 256, -1, 301, 246, 20.8, 29, MSaaaapp, 311, 28297, 31466, 1112, , 28297, 25000, 28399, 28308, 0, 
200, 1, 155, 79, -1, 330, 370, 6.7, 29, ABprpaaaap, 284, 35385, 37791, 1068, , 35385, 25000, 33339, 33710, 0, 
201, 1, 322, 198, -1, 342, 301, 25.5, 31, ABarpaappa, 312, 27931, 34411, 1232, , 27931, 25000, 27984, 27944, 0, 
202, 1, 236, 352, -1, 308, 287, 18.9, 28, MSpaaappp, 204, 27606, 30035, 1088, , 27606, 25000, 28152, 28124, 0, 
203, 1, 344, 278, -1, 401, 175, 7.5, 27, ABplpapapp, 215, 29022, 26004, 896, , 29022, 25000, 30513, 30836, 0, 
204, 1, 241, 246, -1, 532, 356, 19.4, 28, ABarpppppa, 247, 27365, 27037, 988, , 27365, 25000, 28248, 28260, 0, 
205, 1, 63, 69, -1, 192, 212, 9.1, 27, ABalpaaaaa, -309, 29037, 26366, 908, , 29037, 25000, 29041, 29197, 0, 
206, 1, 318, 214, -1, 236, 200, 27.2, 26, ABplaaapaa, 186, 28564, 22737, 796, , 28564, 25000, 28973, 29007, 0, 
207, 1, 150, 35, -1, 279, 275, 5.1, 26, ABarappaap, 247, 35925, 28740, 800, , 35925, 25000, 34433, 34557, 0, 
208, 1, 254, 286, -1, 544, 238, 6.5, 27, ABprpppppp, 252, 34301, 30734, 896, , 34301, 25000, 34891, 35031, 0, 
209, 1, 151, 161, -1, 354, 205, 12.6, 29, MSaapapp, 503, 34455, 39830, 1156, , 34455, 25000, 29573, 29567, 0, 
210, 1, 18, 332, -1, 482, 172, 21.0, 31, Cappaa, 316, 27931, 44131, 1580, , 27931, 25000, 28238, 28285, 0, 
211, 1, 99, 32, -1, 260, 121, 14.7, 25, ABplpaaapa, -29, 26849, 20513, 764, , 26849, 25000, 27591, 27585, 0, 
212, 1, 257, 253, -1, 229, 267, 9.6, 27, ABarapaapa, 154, 27476, 27146, 988, , 27476, 25000, 28438, 28439, 0, 
213, 1, 250, 27, -1, 592, 185, 16.4, 31, Cpapaa, 304, 28368, 37786, 1332, , 28368, 25000, 28043, 28043, 0, 
214, 1, 293, 97, -1, 245, 264, 14.0, 24, ABaraapppaa, 225, 28683, 17439, 608, , 28683, 25000, 28199, 28297, 0, 
215, 1, 127, 241, -1, 497, 112, 18.4, 30, ABplappapp, 269, 29317, 33891, 1156, , 29317, 25000, 27385, 27373, 0, 
216, 1, 198, 185, -1, 246, 279, 6.0, 25, ABarappaaa, 9, 34480, 26343, 764, , 34480, 25000, 34849, 34937, 0, 
217, 1, 10, 305, -1, 329, 145, 11.5, 28, ABplpapaap, 240, 27680, 29894, 1080, , 27680, 25000, 28278, 28311, 0, 
218, 1, 299, 163, -1, 446, 296, 15.9, 32, Earpp, 324, 27826, 43853, 1576, , 27826, 25000, 28597, 28594, 0, 
219, 1, 357, 313, -1, 418, 205, 12.4, 33, Z3, 111, 27381, 44905, 1640, , 27381, 25000, 28433, 28446, 0, 
220, 1, 161, 33, -1, 413, 145, 8.8, 25, ABplppaapp, 254, 26278, 18500, 704, , 26278, 25000, 27788, 27769, 0, 
221, 1, 206, 343, -1, 195, 328, 25.7, 30, ABarpapaaa, 245, 28261, 36965, 1308, , 28261, 25000, 28637, 28764, 0, 
222, 1, 346, 250, -1, 159, 205, 9.3, 26, ABalpaappa, 72, 27364, 23424, 856, , 27364, 25000, 28853, 28947, 0, 
223, 1, 252, 123, -1, 436, 402, 14.4, 27, ABprapaapp, 237, 26959, 26635, 988, , 26959, 25000, 28375, 28461, 0, 
224, 1, 112, 106, -1, 500, 387, 19.3, 28, ABprappapa, 281, 27543, 29306, 1064, , 27543, 25000, 27053, 27045, 0, 
225, 1, 258, 77, -1, 277, 366, 9.1, 26, ABprpaaapa, 71, 28369, 22695, 800, , 28369, 25000, 28099, 28058, 0, 
226, 1, 226, 113, -1, 316, 119, 20.5, 27, ABplaappap, 299, 27575, 24707, 896, , 27575, 25000, 27896, 27848, 0, 
227, 1, 277, 252, -1, 195, 157, 10.7, 27, ABalaaaalp, 251, 28167, 26026, 924, , 28167, 25000, 27819, 27885, 0, 
228, 1, 281, 382, -1, 409, 326, 9.3, 28, MSpapppa, 259, 27748, 29524, 1064, , 27748, 25000, 28731, 28712, 0, 
229, 1, 32, 244, -1, 546, 189, 17.9, 29, Capppa, 37, 27443, 33151, 1208, , 27443, 25000, 28786, 28722, 0, 
230, 1, 307, 365, -1, 260, 151, 19.4, 24, ABalpppppap, 198, 27304, 19113, 700, , 27304, 25000, 28029, 28029, 0, 
231, 1, 119, 178, -1, 205, 296, 24.4, 27, ABarpaaapa, -68, 27962, 27626, 988, , 27962, 25000, 27910, 27953, 0, 
232, 1, 205, 177, -1, 252, 346, 13.9, 28, ABpraaappa, 130, 27338, 29744, 1088, , 27338, 25000, 27756, 27699, 0, 
233, 1, 174, 180, -1, 283, 273, 14.8, 26, ABaraapppap, 213, 26959, 21459, 796, , 26959, 25000, 28238, 28264, 0, 
234, 1, 118, 196, -1, 248, 327, 24.5, 27, ABarpapapa, 224, 28565, 25594, 896, , 28565, 25000, 27792, 27720, 0, 
235, 1, 291, 134, -1, 435, 205, 26.5, 32, ABarppaapp, 307, 27772, 39770, 1432, , 27772, 25000, 27655, 27661, 0, 
236, 1, 74, 112, -1, 567, 332, 10.6, 26, ABprapappa, 249, 26297, 21879, 832, , 26297, 25000, 27790, 27721, 0, 
237, 1, 378, 57, -1, 228, 251, 12.9, 25, ABaraaapapp, 214, 27632, 19011, 688, , 27632, 25000, 27470, 27375, 0, 
238, 1, 171, 304, -1, 337, 229, 26.1, 28, ABarppaaaa, 211, 28198, 30679, 1088, , 28198, 25000, 29197, 29258, 0, 
239, 1, 286, 391, -1, 363, 175, 6.0, 27, ABplpappaap, 197, 35015, 36135, 1032, , 35015, 25000, 35470, 35563, 0, 
240, 1, 333, 95, -1, 352, 324, 7.7, 26, ABprpapaap, 244, 27825, 23818, 856, , 27825, 25000, 30175, 30140, 0, 
241, 1, 326, 192, -1, 246, 295, 20.1, 27, MSpaaaapp, 209, 28409, 25795, 908, , 28409, 25000, 28321, 28521, 0, 
242, 1, 42, 299, -1, 234, 224, 15.1, 25, ABaraapapaa, 239, 28603, 19679, 688, , 28603, 25000, 27508, 27560, 0, 
243, 1, 394, 396, -1, 384, 215, 23.4, 28, MSappppp, 283, 27467, 27137, 988, , 27467, 25000, 28515, 28454, 0, 
244, 1, 246, 116, -1, 407, 279, 14.5, 31, Earpa, 397, 27573, 33970, 1232, , 27573, 25000, 29053, 29010, 0, 
245, 1, 49, 336, -1, 382, 336, 25.6, 31, ABarpppapa, 284, 27733, 36941, 1332, , 27733, 25000, 28189, 28201, 0, 
246, 1, 138, 126, -1, 482, 168, 11.5, 28, Capapp, 424, 28759, 31060, 1080, , 28759, 25000, 28754, 28862, 0, 
247, 1, 79, 315, -1, 401, 392, 13.5, 30, ABpraapppp, 285, 27005, 33270, 1232, , 27005, 25000, 28352, 28417, 0, 
248, 1, 7, 49, -1, 315, 322, 11.0, 24, MSppaapp, 99, 26867, 16335, 608, , 26867, 25000, 27496, 27509, 0, 
249, 1, 95, 215, -1, 299, 325, 7.4, 27, ABarappppp, 264, 28272, 27933, 988, , 28272, 25000, 30744, 30340, 0, 
250, 1, 183, 31, -1, 233, 301, 11.7, 27, MSppaaap, 221, 29340, 27110, 924, , 29340, 25000, 28118, 28192, 0, 
251, 1, 89, 141, -1, 414, 397, 21.0, 30, ABarppppaa, 303, 29171, 39322, 1348, , 29171, 25000, 27641, 27614, 0, 
252, 1, 259, 168, -1, 197, 170, 24.5, 34, ABplaapaap, 310, 27954, 47186, 1688, , 27954, 25000, 27856, 27894, 0, 
253, 1, 280, 80, -1, 225, 311, 6.1, 25, ABarapppaa, 239, 36247, 23053, 636, , 36247, 25000, 35320, 35568, 0, 
254, 1, 365, 145, -1, 230, 269, 22.1, 28, MSaaaapa, 281, 26381, 28703, 1088, , 26381, 25000, 28510, 28632, 0, 
255, 1, 179, 71, -1, 222, 164, 8.6, 26, ABalppapaa, 144, 28011, 23305, 832, , 28011, 25000, 29159, 29221, 0, 
256, 1, 390, 394, -1, 303, 163, 17.0, 22, MSapppaa, 33, 26802, 10292, 384, , 26802, 25000, 27810, 27785, 0, 
257, 1, 319, 338, -1, 509, 266, 5.3, 27, ABprpppapa, 185, 36026, 33288, 924, , 36026, 25000, 36618, 36609, 0, 
258, 1, 204, 12, -1, 251, 310, 8.0, 27, ABarappppa, 250, 28083, 28982, 1032, , 28083, 25000, 29950, 29532, 0, 
259, 1, 274, 308, -1, 368, 334, 21.4, 27, MSpppppp, 205, 28262, 27923, 988, , 28262, 25000, 27938, 27946, 0, 
260, 1, 298, 210, -1, 236, 359, 11.3, 28, ABpraaaapa, 233, 26858, 28577, 1064, , 26858, 25000, 27640, 27731, 0, 
261, 1, 101, 347, -1, 488, 351, 18.3, 30, Cpppaa, 248, 27505, 35977, 1308, , 27505, 25000, 27777, 27795, 0, 
262, 1, 324, 358, -1, 315, 362, 24.4, 31, ABarpapppp, 311, 27902, 37166, 1332, , 27902, 25000, 28401, 28403, 0, 
263, 1, 70, 8, -1, 497, 283, 16.6, 34, Eprpa, 6, 27179, 48378, 1780, , 27179, 25000, 28508, 28672, 0, 
264, 1, 228, 307, -1, 253, 364, 18.5, 31, ABpraapapp, 281, 27615, 34022, 1232, , 27615, 25000, 28188, 28370, 0, 
265, 1, 9, 201, -1, 538, 314, 13.3, 31, Cpppap, 71, 26811, 36678, 1368, , 26811, 25000, 28304, 28340, 0, 
266, 1, 209, 324, -1, 536, 291, 8.4, 27, ABprapppap, 219, 28130, 27792, 988, , 28130, 25000, 28065, 28132, 0, 
267, 1, 300, 328, -1, 181, 261, 9.1, 27, ABaraaaaap, 265, 27871, 25307, 908, , 27871, 25000, 27968, 27798, 0, 
268, 1, 294, 260, -1, 245, 188, 11.8, 23, MSapaapa, 210, 29357, 15853, 540, , 29357, 25000, 29136, 29239, 0, 
269, 1, 372, 374, -1, 448, 160, 25.3, 29, ABarppapap, 268, 27107, 28950, 1068, , 27107, 25000, 28764, 28756, 0, 
270, 1, 139, 99, -1, 520, 314, 6.3, 28, ABprpppaap, 239, 34413, 36615, 1064, , 34413, 25000, 34649, 34769, 0, 
271, 1, 78, 13, -1, 354, 249, 7.2, 29, ABarapapppp, -129, 28342, 31516, 1112, , 28342, 25000, 32841, 32832, 0, 
272, 1, 191, 387, -1, 315, 348, 12.8, 25, MSppppaa, 251, 27974, 19694, 704, , 27974, 25000, 28188, 28180, 0, 
273, 1, 192, 294, -1, 523, 156, 12.9, 24, ABplapppaa, -109, 26526, 16022, 604, , 26526, 25000, 27870, 27858, 0, 
274, 1, 116, 22, -1, 187, 177, 8.8, 28, ABalpaappp, 223, 27703, 29144, 1052, , 27703, 25000, 28741, 28843, 0, 
275, 1, 256, 254, -1, 429, 303, 5.2, 26, ABprppaapp, 189, 34575, 27522, 796, , 34575, 25000, 34509, 34773, 0, 
276, 1, 237, 34, -1, 280, 330, 25.7, 29, ABarpapapp, 107, 28178, 30094, 1068, , 28178, 25000, 28719, 28703, 0, 
277, 1, 200, 142, -1, 370, 300, 6.3, 26, ABprpapapa, 227, 32897, 28160, 856, , 32897, 25000, 33495, 33494, 0, 
278, 1, 152, 174, -1, 503, 292, 9.5, 27, Cppapp, 268, 27475, 24618, 896, , 27475, 25000, 28720, 28803, 0, 
279, 1, 59, 58, -1, 473, 119, 20.3, 28, ABplappaap, -194, 28168, 29971, 1064, , 28168, 25000, 27271, 27353, 0, 
280, 1, 129, 225, -1, 378, 377, 24.4, 32, ABarpppaap, 321, 27127, 40256, 1484, , 27127, 25000, 27846, 27857, 0, 
281, 1, 133, 237, -1, 181, 277, 26.1, 28, ABarpaaaap, 252, 27522, 29944, 1088, , 27522, 25000, 28913, 28981, 0, 
282, 1, 193, 67, -1, 394, 234, 26.5, 35, ABarppaapa, 333, 28560, 56663, 1984, , 28560, 25000, 28851, 28931, 0, 
283, 1, 247, 171, -1, 302, 283, 12.5, 28, ABaraapppp, 131, 28245, 30505, 1080, , 28245, 25000, 29118, 29045, 0, 
284, 1, 329, 291, -1, 265, 315, 5.0, 27, ABarapppap, 148, 36526, 37695, 1032, , 36526, 25000, 36906, 37252, 0, 
285, 1, 86, 166, -1, 482, 152, 24.8, 29, ABplappapa, 87, 30348, 33747, 1112, , 30348, 25000, 28183, 28199, 0, 
286, 1, 311, 187, -1, 576, 229, 8.6, 25, Cpappv, 100, 27572, 22940, 832, , 27572, 25000, 28947, 28967, 0, 
287, 1, 80, 349, -1, 403, 170, 25.5, 30, ABarppapaa, 299, 28442, 35041, 1232, , 28442, 25000, 28308, 28312, 0, 
288, 1, 2, 269, -1, 265, 227, 15.9, 25, ABaraapapap, 103, 27618, 19001, 688, , 27618, 25000, 27964, 28051, 0, 
289, 1, 214, 75, -1, 134, 303, 15.5, 27, ABalaaappl, -125, 26924, 24124, 896, , 26924, 25000, 27894, 27934, 0, 
290, 1, 39, 334, -1, 210, 219, 6.8, 25, ABalpaaaap, 241, 33305, 23447, 704, , 33305, 25000, 34113, 34863, 0, 
291, 1, 269, 327, -1, 503, 339, 14.6, 30, Cppapa, -27, 27600, 31906, 1156, , 27600, 25000, 28667, 28669, 0, 
292, 1, 125, 297, -1, 284, 331, 20.4, 28, MSppappp, 285, 27088, 26763, 988, , 27088, 25000, 28088, 28110, 0, 
293, 1, 157, 300, -1, 396, 304, 17.8, 29, Earap, 244, 28095, 31242, 1112, , 28095, 25000, 28505, 28464, 0, 
294, 0, -1, -1, -1, 329, 263, 4.9, 23, , 222, -3245, 16328, 496, , 32919, 25000, 35932, 36164, 0, 
295, 0, 301, -1, -1, 156, 248, 24.1, 24, , 293, -748, 16578, 604, , 27447, 25000, 28205, 28195, 0, 
296, 1, 22, 223, -1, 390, 252, 7.1, 29, ABprpapppa, 237, 29808, 33981, 1140, , 29808, 25000, 32752, 32739, 0, 
297, 1, 166, 266, -1, 544, 136, 10.8, 25, ABplappppa, -17, 28045, 19744, 704, , 28045, 25000, 27377, 27398, 0, 
298, 1, 380, 2, -1, 491, 324, 25.5, 34, Cpaaap, 344, 27412, 46272, 1688, , 27412, 25000, 28789, 28789, 0, 
299, 1, 96, 346, -1, 336, 235, 14.2, 26, MSaapapa, 250, 33427, 26608, 796, , 33427, 25000, 31349, 31154, 0, 
300, 1, 347, 65, -1, 291, 308, 15.7, 29, MSpaapap, 285, 28408, 30340, 1068, , 28408, 25000, 28223, 28231, 0, 
301, 1, 235, 262, -1, 373, 348, 13.4, 27, Dpapa, 276, 27123, 26798, 988, , 27123, 25000, 27991, 27956, 0, 
302, 1, 244, 181, -1, 170, 321, 13.3, 26, ABalaapppa, 215, 26822, 22960, 856, , 26822, 25000, 27669, 27795, 0, 
303, 1, 308, 70, -1, 477, 289, 19.4, 30, Eprap, 308, 26594, 30743, 1156, , 26594, 25000, 28009, 28039, 0, 
304, 1, 33, 306, -1, 281, 259, 26.0, 29, ABplaaaapp, 239, 28216, 34649, 1228, , 28216, 25000, 28477, 28567, 0, 
305, 1, 234, 239, -1, 141, 314, 20.0, 29, ABalapppaa, 249, 27542, 33821, 1228, , 27542, 25000, 27467, 27420, 0, 
306, 1, 61, 363, -1, 282, 188, 25.6, 28, ABplaaappa, 100, 27531, 27201, 988, , 27531, 25000, 28026, 28004, 0, 
307, 1, 393, 399, -1, 332, 245, 4.3, 27, ABprpappaa, 191, 32540, 30067, 924, , 32540, 25000, 35129, 34984, 0, 
308, 1, 97, 20, -1, 299, 381, 21.7, 30, ABarpapppa, 295, 27330, 35747, 1308, , 27330, 25000, 27971, 28105, 0, 
309, 1, 376, 23, -1, 364, 154, 14.3, 25, MSappapp, 197, 27924, 21334, 764, , 27924, 25000, 28089, 28154, 0, 
310, 1, 177, 380, -1, 575, 262, 21.5, 33, Cpaapp, 333, 28187, 45775, 1624, , 28187, 25000, 28601, 28595, 0, 
311, 1, 13, 50, -1, 440, 338, 6.6, 27, ABprppappa, 195, 29968, 29608, 988, , 29968, 25000, 32610, 32635, 0, 
312, 1, 239, 138, -1, 292, 379, 17.3, 27, ABpraaapppp, 276, 28190, 26048, 924, , 28190, 25000, 28300, 28349, 0, 
313, 1, 263, 333, -1, 426, 289, 20.1, 32, Epraa, 308, 27964, 44071, 1576, , 27964, 25000, 28174, 28197, 0, 
314, 1, 282, 370, -1, 416, 223, 5.4, 28, ABplpapppa, 181, 35945, 35514, 988, , 35945, 25000, 34598, 34633, 0, 
315, 1, 169, 247, -1, 173, 274, 7.4, 26, ABaraaappa, 213, 30415, 25305, 832, , 30415, 25000, 32143, 32857, 0, 
316, 1, 337, 383, -1, 460, 182, 6.1, 28, ABplppppap, 277, 33821, 36797, 1088, , 33821, 25000, 32851, 33064, 0, 
317, 1, 352, 384, -1, 308, 198, 21.2, 24, MSapppap, 248, 28002, 18369, 656, , 28002, 25000, 27884, 27891, 0, 
318, 1, 202, 76, -1, 521, 120, 16.7, 28, ABplapapap, 273, 27286, 29032, 1064, , 27286, 25000, 28381, 28365, 0, 
319, 1, 146, 378, -1, 134, 210, 19.3, 26, ABalapaaaa, 271, 28507, 24402, 856, , 28507, 25000, 27785, 27851, 0, 
320, 1, 60, 265, -1, 374, 163, 9.1, 26, ABplpapapa, 260, 28631, 22905, 800, , 28631, 25000, 28302, 28330, 0, 
321, 1, 315, 345, -1, 178, 348, 13.5, 28, ABalaapppp, 232, 26789, 28932, 1080, , 26789, 25000, 27437, 27428, 0, 
322, 1, 312, 267, -1, 166, 352, 15.4, 30, ABalappapp, 305, 26564, 30708, 1156, , 26564, 25000, 27287, 27289, 0, 
323, 1, 102, 199, -1, 305, 211, 26.4, 29, ABplaaappp, 261, 27821, 32161, 1156, , 27821, 25000, 28490, 28563, 0, 
324, 1, 313, 280, -1, 207, 236, 19.7, 26, MSaaapaaa, 188, 27605, 23630, 856, , 27605, 25000, 28799, 28974, 0, 
325, 1, 68, 98, -1, 175, 145, 14.4, 28, ABalpppaaa, -270, 28244, 27905, 988, , 28244, 25000, 27548, 27611, 0, 
326, 1, 396, 402, -1, 397, 130, 20.6, 23, ABplaapppp, 202, 27873, 17839, 640, , 27873, 25000, 28119, 28221, 0, 
327, 1, 382, 146, -1, 588, 314, 15.6, 28, ABarpppppp, 283, 27146, 26820, 988, , 27146, 25000, 28580, 28689, 0, 
328, 1, 375, 87, -1, 395, 143, 15.9, 26, Daapp, 238, 26999, 21599, 800, , 26999, 25000, 27904, 27908, 0, 
329, 1, 135, 303, -1, 334, 257, 10.4, 29, MSpapaaa, 204, 34829, 40262, 1156, , 34829, 25000, 30890, 30964, 0, 
330, 1, 363, 379, -1, 119, 239, 16.5, 28, ABalaaapar, -156, 26871, 29021, 1080, , 26871, 25000, 27094, 27116, 0, 
331, 1, 43, 62, -1, 336, 183, 15.4, 27, MSappaaa, 280, 27815, 27481, 988, , 27815, 25000, 29533, 29609, 0, 
332, 1, 57, 279, -1, 166, 235, 10.7, 27, ABaraaaaaa, 213, 26879, 24836, 924, , 26879, 25000, 28223, 28254, 0, 
333, 1, 73, 63, -1, 240, 158, 11.2, 28, ABalppappa, 82, 27076, 28484, 1052, , 27076, 25000, 28029, 28139, 0, 
334, 1, 120, 319, -1, 226, 320, 18.7, 27, MSppappa, 278, 26815, 24777, 924, , 26815, 25000, 29119, 29151, 0, 
335, 1, 5, 341, -1, 451, 221, 5.6, 27, ABplpapppp, 422, 34930, 34511, 988, , 34930, 25000, 33723, 33733, 0, 
336, 1, 353, 86, -1, 316, 220, 18.7, 25, MSaaappa, 239, 27449, 20971, 764, , 27449, 25000, 29737, 29948, 0, 
337, 1, 243, 53, -1, 143, 263, 17.7, 28, MSaaaaaa, 220, 28117, 29917, 1064, , 28117, 25000, 27784, 27767, 0, 
338, 1, 360, 276, -1, 561, 140, 16.6, 28, ABarppappp, 280, 27580, 27249, 988, , 27580, 25000, 28137, 28140, 0, 
339, 1, 25, 255, -1, 451, 251, 20.5, 32, Eplaa, 155, 27638, 39577, 1432, , 27638, 25000, 28338, 28370, 0, 
340, 1, 229, 26, -1, 373, 306, 11.5, 27, MSpppaap, 196, 28459, 25499, 896, , 28459, 25000, 28277, 28363, 0, 
341, 1, 45, 232, -1, 511, 177, 16.8, 28, Cappap, 227, 27307, 28727, 1052, , 27307, 25000, 28234, 28199, 0, 
342, 1, 395, 132, -1, 163, 172, 12.6, 27, ABalppaaap, -119, 27096, 26771, 988, , 27096, 25000, 28148, 28069, 0, 
343, 1, 288, 143, -1, 352, 296, 18.5, 35, Earaa, 321, 27512, 54584, 1984, , 27512, 25000, 29268, 29332, 0, 
344, 1, 34, 230, -1, 342, 322, 11.2, 24, MSpppapa, 208, 27119, 17790, 656, , 27119, 25000, 27923, 28215, 0, 
345, 1, 377, 248, -1, 581, 202, 12.3, 32, Caappd, 326, 26802, 42454, 1584, , 26802, 25000, 28136, 28179, 0, 
346, 1, 389, 403, -1, 192, 330, 10.1, 23, ABalaappap, 207, 26994, 13389, 496, , 26994, 25000, 27484, 27462, 0, 
347, 1, 158, 381, -1, 557, 298, 16.8, 30, Cppppa, 275, 27962, 36910, 1320, , 27962, 25000, 28001, 28036, 0, 
348, 1, 67, 316, -1, 453, 286, 25.6, 33, Caaaaa, 325, 27826, 45635, 1640, , 27826, 25000, 27912, 27919, 0, 
349, 1, 108, 205, -1, 321, 194, 5.1, 24, ABplpappaaa, -133, 40661, 24559, 604, , 40661, 25000, 37815, 37551, 0, 
350, 1, 362, 290, -1, 318, 229, 22.7, 25, MSappppa, 196, 27899, 21315, 764, , 27899, 25000, 28152, 28086, 0, 
351, 1, 373, 56, -1, 438, 374, 23.3, 31, ABarpppapp, 284, 27395, 37477, 1368, , 27395, 25000, 28007, 27956, 0, 
352, 1, 197, 21, -1, 365, 257, 19.9, 32, Ealaa, 320, 26972, 42508, 1576, , 26972, 25000, 28671, 28694, 0, 
353, 1, 221, 191, 217, 427, 226, 8.7, 28, MSpappa, 209, 27102, 28837, 1064, , 27102, 25000, 29438, 29439, 0, 
354, 1, 115, 51, -1, 382, 234, 15.6, 32, Ealpa, 316, 29063, 43129, 1484, , 29063, 25000, 30022, 29973, 0, 
355, 1, 343, 357, -1, 325, 401, 15.5, 27, ABpraappap, 251, 26811, 24023, 896, , 26811, 25000, 27579, 27574, 0, 
356, 1, 104, 227, -1, 577, 298, 8.9, 26, ABprappppa, 241, 27786, 22229, 800, , 27786, 25000, 28237, 28274, 0, 
357, 1, 207, 375, -1, 375, 135, 10.6, 26, ABplppaapa, 227, 26177, 21779, 832, , 26177, 25000, 28046, 28144, 0, 
358, 1, 383, 395, -1, 261, 253, 19.3, 26, MSaaapaap, 171, 28396, 24307, 856, , 28396, 25000, 28358, 28436, 0, 
359, 1, 162, 52, -1, 420, 124, 11.4, 27, ABplppappa, 249, 27105, 26780, 988, , 27105, 25000, 27129, 27097, 0, 
360, 1, 358, 312, -1, 390, 159, 12.4, 27, MSaapppa, 62, 26587, 26268, 988, , 26587, 25000, 27887, 27919, 0, 
361, 1, 356, 19, -1, 411, 350, 20.6, 29, Dpppa, 257, 27317, 31578, 1156, , 27317, 25000, 28328, 28328, 0, 
362, 1, 305, 88, -1, 170, 202, 14.0, 27, MSapaaaa, 200, 28270, 29175, 1032, , 28270, 25000, 28655, 28708, 0, 
363, 1, 233, 270, -1, 455, 350, 13.5, 30, Cppaaa, -11, 27933, 34414, 1232, , 27933, 25000, 28707, 28689, 0, 
364, 1, 296, 45, -1, 265, 354, 11.5, 26, ABprpaapaa, 208, 28356, 25407, 896, , 28356, 25000, 27403, 27466, 0, 
365, 1, 327, 235, -1, 260, 252, 10.2, 25, ABarapaappa, 188, 27464, 19335, 704, , 27464, 25000, 28359, 28420, 0, 
366, 1, 21, 325, -1, 140, 271, 10.8, 28, ABalaaaarr, 246, 27187, 28601, 1052, , 27187, 25000, 27500, 27394, 0, 
367, 1, 339, 292, -1, 242, 349, 7.2, 26, ABalaapapp, 252, 29511, 23491, 796, , 29511, 25000, 31236, 31333, 0, 
368, 1, 219, 344, -1, 388, 172, 19.5, 27, Dapaa, 280, 27508, 24647, 896, , 27508, 25000, 28600, 28604, 0, 
369, 1, 88, 164, -1, 319, 264, 7.9, 25, ABarapapppa, 204, 27781, 17669, 636, , 27781, 25000, 30632, 30658, 0, 
370, 1, 203, 102, -1, 321, 269, 14.0, 23, MSpapaapa, 103, 34123, 17471, 512, , 34123, 25000, 31130, 31258, 0, 
371, 1, 37, 118, -1, 207, 261, 6.7, 27, ABarapaaaa, 248, 34008, 31423, 924, , 34008, 25000, 34265, 34098, 0, 
372, 1, 272, 190, -1, 431, 191, 22.4, 28, Dappa, 234, 28955, 28608, 988, , 28955, 25000, 28318, 28314, 0, 
373, 1, 385, 197, -1, 324, 154, 15.0, 23, MSappapa, 234, 29158, 14929, 512, , 29158, 25000, 27918, 27967, 0, 
374, 1, 64, 372, -1, 260, 153, 13.1, 28, ABplpaaaaa, 253, 27727, 30167, 1088, , 27727, 25000, 28003, 28133, 0, 
375, 1, 212, 105, -1, 306, 298, 25.4, 30, ABarpaapap, 496, 28271, 32681, 1156, , 28271, 25000, 28431, 28318, 0, 
376, 0, 253, -1, -1, 173, 342, 10.4, 27, , 206, 473, 27730, 988, , 28067, 25000, 27482, 27594, 0, 
377, 1, 71, 376, -1, 522, 158, 23.7, 29, ABarppappa, 288, 27764, 29652, 1068, , 27764, 25000, 28595, 28593, 0, 
378, 1, 27, 238, -1, 542, 277, 24.1, 33, Cpaapa, 328, 27916, 48462, 1736, , 27916, 25000, 28302, 28314, 0, 
379, 0, 142, -1, -1, 139, 178, 12.5, 25, , 202, 317, 21453, 768, , 27934, 25000, 27530, 27617, 0, 
380, 1, 28, 329, -1, 184, 348, 18.9, 23, ABalappppap, 143, 26978, 13381, 496, , 26978, 25000, 27979, 28050, 0, 
381, 0, 397, -1, -1, 225, 330, 8.0, 25, , 189, -549, 21811, 764, , 28548, 25000, 29478, 29097, 0, 
382, 1, 31, 93, -1, 341, 303, 12.2, 25, MSpppaaa, 82, 27638, 19457, 704, , 27638, 25000, 29160, 29397, 0, 
383, 0, 392, -1, -1, 87, 260, 14.2, 23, , -80, 875, 14671, 540, , 27169, 25000, 26535, 26294, 0, 
384, 1, 23, 231, -1, 368, 268, 25.2, 31, ABarpaappp, 267, 27964, 40940, 1464, , 27964, 25000, 28568, 28630, 0, 
385, 1, 143, 309, -1, 479, 203, 9.1, 27, ABplpppppa, 245, 27486, 24957, 908, , 27486, 25000, 28557, 28557, 0, 
386, 1, 368, 104, -1, 133, 242, 20.1, 25, ABalappaap, 122, 27769, 19105, 688, , 27769, 25000, 27616, 27481, 0, 
387, 1, 182, 348, -1, 305, 200, 9.4, 28, ABalpappppa, 246, 27635, 27303, 988, , 27635, 25000, 29022, 28848, 0, 
388, 1, 314, 401, -1, 256, 220, 12.8, 24, ABalpaaapp, 455, 29093, 19085, 656, , 29093, 25000, 28308, 28305, 0, 
389, 1, 338, 373, -1, 278, 319, 12.0, 24, MSppapap, 209, 28072, 17068, 608, , 28072, 25000, 27365, 27277, 0, 
390, 1, 109, 90, -1, 429, 296, 8.4, 29, MSpapppp, 218, 28245, 32651, 1156, , 28245, 25000, 29182, 28878, 0, 
391, 1, 304, 194, -1, 249, 301, 16.3, 25, MSpaapaa, 97, 27522, 21027, 764, , 27522, 25000, 28198, 28256, 0, 
392, 1, 379, 364, -1, 343, 385, 23.4, 24, ABarpppaaa, -12, 28047, 19633, 700, , 28047, 25000, 28061, 28049, 0, 
393, 0, 384, -1, -1, 126, 271, 19.4, 24, , -116, 919, 19775, 700, , 28250, 25000, 27558, 27331, 0, 
394, 1, 285, 91, -1, 487, 162, 7.2, 24, ABplpppapaa, 61, 28306, 18569, 656, , 28306, 25000, 31648, 31630, 0, 
395, 1, 297, 42, -1, 473, 341, 21.4, 30, Dpppp, -8, 27746, 32074, 1156, , 27746, 25000, 28797, 28861, 0, 
396, 1, 180, 154, -1, 314, 334, 19.8, 28, MSpppppa, 94, 28048, 29506, 1052, , 28048, 25000, 28648, 28677, 0, 
397, 1, 19, 390, -1, 172, 310, 22.5, 28, ABalapppap, -212, 28143, 30394, 1080, , 28143, 25000, 28212, 28278, 0, 
398, 1, 361, 189, -1, 202, 168, 21.9, 33, ABalppppap, 387, 27919, 48468, 1736, , 27919, 25000, 27766, 27884, 0, 
399, 1, 236, 127, -1, 272, 293, 19.0, 26, MSpaaappa, 156, 27114, 23101, 852, , 27114, 25000, 27651, 27797, 0, 
400, 1, 386, 398, -1, 210, 358, 22.0, 24, ABalappppp, 337, 27646, 16809, 608, , 27646, 25000, 27417, 27458, 0, 
401, 1, 398, 404, -1, 194, 291, 19.0, 22, MSpaaaapa, 0, 26742, 10269, 384, , 26742, 25000, 28283, 28315, 0, 
402, 1, 399, 405, -1, 358, 396, 15.0, 26, ABpraapppa, 238, 27403, 23347, 852, , 27403, 25000, 28290, 28362, 0, 
403, 1, 400, 406, -1, 181, 241, 25.0, 22, ABalapapap, 184, 26885, 10324, 384, , 26885, 25000, 27991, 28159, 0, 
404, 1, 401, 388, -1, 171, 178, 18.0, 27, ABalapaapp, 216, 26903, 27764, 1032, , 26903, 25000, 27458, 27864, 0, 
405, 1, 285, 408, -1, 504, 191, 6.0, 24, ABplpppapap, 0, 37283, 22668, 608, , 37283, 25000, 36692, 36800, 0, 
