1, 1, 76, 299, -1, 277, 146, 10.3, 28, ABalppappp, 281, 28326, 30139, 1064, , 28326, 25000, 28502, 28472, 0, 
2, 1, 298, 329, -1, 487, 324, 25.5, 34, Cpaaap, 332, 28249, 47685, 1688, , 28249, 25000, 28329, 28312, 0, 
3, 1, 172, 140, -1, 297, 370, 14.2, 28, ABprpaappa, 46, 26175, 27536, 1052, , 26175, 25000, 27713, 27771, 0, 
4, 1, 194, 41, -1, 489, 261, 12.8, 33, Eprpp, 316, 27103, 47267, 1744, , 27103, 25000, 28345, 28385, 0, 
5, 1, 197, 259, -1, 521, 193, 11.1, 29, Capppp, -101, 27982, 33802, 1208, , 27982, 25000, 28514, 28527, 0, 
6, 1, 176, 256, -1, 289, 137, 14.2, 27, ABplpaaapp, -181, 27377, 23763, 868, , 27377, 25000, 27917, 27847, 0, 
7, 1, 111, 109, -1, 184, 137, 17.4, 28, ABalpppaap, 63, 26825, 26503, 988, , 26825, 25000, 27933, 28036, 0, 
8, 1, 263, 338, -1, 496, 280, 16.6, 33, Eprpa, 334, 27779, 45557, 1640, , 27779, 25000, 28377, 28536, 0, 
9, 1, 2, 71, -1, 549, 354, 12.4, 27, ABprapapap, 230, 26559, 26240, 988, , 26559, 25000, 27281, 27362, 0, 
10, 1, 106, 198, -1, 290, 253, 17.7, 27, MSaaapap, 271, 27536, 25443, 924, , 27536, 25000, 28091, 28083, 0, 
11, 1, 38, 200, -1, 342, 165, 23.1, 30, ABplapaaap, 271, 28389, 38495, 1356, , 28389, 25000, 28564, 28559, 0, 
12, 1, 258, 100, -1, 247, 311, 7.9, 27, ABarappppa, 279, 27910, 25342, 908, , 27910, 25000, 30224, 30137, 0, 
13, 1, 271, 59, -1, 354, 251, 7.5, 27, ABarapapppp, -160, 28883, 25879, 896, , 28883, 25000, 32008, 32211, 0, 
14, 1, 59, 252, -1, 248, 120, 20.1, 28, ABplpaapap, 248, 27044, 29424, 1088, , 27044, 25000, 27481, 27448, 0, 
15, 1, 114, 158, -1, 508, 278, 26.0, 35, Caaaap, 318, 28519, 64224, 2252, , 28519, 25000, 28024, 27914, 0, 
16, 1, 184, 78, -1, 300, 247, 6.2, 28, ABarapapap, 245, 34109, 35883, 1052, , 34109, 25000, 33067, 33442, 0, 
17, 1, 173, 373, -1, 278, 170, 22.4, 29, ABalppppppp, 280, 27283, 31539, 1156, , 27283, 25000, 27896, 27968, 0, 
18, 1, 14, 7, -1, 428, 108, 14.7, 27, ABplppapap, 233, 26246, 24251, 924, , 26246, 25000, 27292, 27270, 0, 
19, 1, 361, 54, -1, 410, 352, 20.5, 28, Dpppa, 287, 28521, 30803, 1080, , 28521, 25000, 28715, 28713, 0, 
20, 1, 308, 156, -1, 293, 379, 21.6, 30, ABarpapppa, 277, 27073, 31296, 1156, , 27073, 25000, 28248, 28210, 0, 
21, 1, 352, 203, -1, 365, 255, 20.0, 33, Ealaa, 314, 30096, 54413, 1808, , 30096, 25000, 28896, 28943, 0, 
22, 1, 274, 314, -1, 187, 176, 9.1, 28, ABalpaappp, 246, 27256, 29655, 1088, , 27256, 25000, 28736, 28841, 0, 
23, 1, 309, 393, -1, 362, 155, 14.5, 26, MSappapp, 242, 28622, 25645, 896, , 28622, 25000, 28768, 28777, 0, 
24, 1, 92, 311, -1, 470, 118, 12.1, 28, ABplppappp, 342, 27524, 29946, 1088, , 27524, 25000, 28009, 28031, 0, 
25, 1, 156, 165, -1, 394, 313, 6.2, 26, ABprppaapa, 211, 34516, 27475, 796, , 34516, 25000, 32462, 32385, 0, 
26, 1, 340, 13, -1, 375, 311, 11.7, 27, MSpppaap, 201, 27080, 25022, 924, , 27080, 25000, 28166, 28302, 0, 
27, 1, 213, 360, -1, 589, 182, 16.6, 31, Cpapaa, 302, 26930, 35871, 1332, , 26930, 25000, 28568, 28575, 0, 
28, 1, 166, 317, -1, 192, 241, 17.3, 29, ABaraapaap, 79, 27710, 29594, 1068, , 27710, 25000, 27717, 27744, 0, 
29, 1, 115, 55, -1, 508, 228, 16.5, 33, Eplpa, 315, 27435, 44555, 1624, , 27435, 25000, 28670, 28855, 0, 
30, 1, 39, 321, -1, 235, 222, 8.7, 29, ABalpappaa, -219, 27772, 29661, 1068, , 27772, 25000, 28732, 28857, 0, 
31, 1, 250, 363, -1, 232, 302, 11.5, 28, MSppaaap, 197, 27498, 29698, 1080, , 27498, 25000, 28278, 28364, 0, 
32, 1, 211, 258, -1, 259, 120, 14.8, 25, ABplpaaapa, 228, 26381, 18572, 704, , 26381, 25000, 27764, 27739, 0, 
33, 1, 220, 50, -1, 413, 146, 8.4, 26, ABplppaapp, 286, 28151, 23422, 832, , 28151, 25000, 28710, 28751, 0, 
34, 1, 276, 300, -1, 277, 330, 25.5, 29, ABarpapapp, 52, 27925, 30159, 1080, , 27925, 25000, 28859, 28780, 0, 
35, 1, 207, 271, -1, 276, 272, 5.1, 26, ABarappaap, 202, 34168, 27334, 800, , 34168, 25000, 35232, 35132, 0, 
36, 1, 119, 19, -1, 192, 289, 6.6, 26, ABaraaappp, 316, 34603, 28790, 832, , 34603, 25000, 34662, 35698, 0, 
37, 1, 12, 183, -1, 288, 175, 6.4, 29, ABalpapapa, 291, 34472, 39850, 1156, , 34472, 25000, 35604, 35879, 0, 
38, 1, 52, 236, -1, 233, 221, 21.6, 27, MSapappa, 242, 28161, 27823, 988, , 28161, 25000, 28645, 28533, 0, 
39, 1, 74, 278, -1, 587, 288, 12.5, 27, ABprapappp, -124, 27703, 24822, 896, , 27703, 25000, 28724, 28737, 0, 
40, 1, 44, 107, -1, 249, 155, 15.2, 28, ABplpaapaa, 118, 27757, 29200, 1052, , 27757, 25000, 28230, 28263, 0, 
41, 1, 77, 355, -1, 440, 239, 16.8, 32, Ealpp, 317, 27712, 44561, 1608, , 27712, 25000, 28588, 28678, 0, 
42, 1, 395, 91, -1, 465, 344, 21.0, 30, Dpppp, 252, 28438, 38334, 1348, , 28438, 25000, 28543, 28538, 0, 
43, 1, 167, 318, -1, 211, 347, 9.3, 26, ABpraaaaaa, 256, 26623, 22789, 856, , 26623, 25000, 28080, 28175, 0, 
44, 1, 160, 208, -1, 197, 303, 10.4, 26, MSppaaaa, 240, 27242, 22665, 832, , 27242, 25000, 28038, 28107, 0, 
45, 1, 364, 199, -1, 262, 353, 11.4, 26, ABprpaapaa, 433, 26825, 22318, 832, , 26825, 25000, 27318, 27508, 0, 
46, 1, 49, 121, -1, 401, 280, 5.3, 27, ABprpapapp, 268, 35371, 32683, 924, , 35371, 25000, 34354, 34181, 0, 
47, 1, 25, 281, -1, 370, 272, 15.1, 25, MSpapaapp, 241, 32703, 22500, 688, , 32703, 25000, 30738, 30777, 0, 
48, 1, 127, 188, -1, 493, 340, 7.0, 27, ABprppappp, 248, 30693, 31675, 1032, , 30693, 25000, 32796, 32555, 0, 
49, 1, 248, 374, -1, 313, 321, 10.9, 25, MSppaapp, 228, 27807, 19131, 688, , 27807, 25000, 28126, 28017, 0, 
50, 1, 311, 111, -1, 440, 339, 6.6, 27, ABprppappa, 186, 30549, 30182, 988, , 30549, 25000, 32858, 32787, 0, 
51, 1, 354, 10, -1, 384, 229, 15.5, 32, Ealpa, 120, 27989, 40080, 1432, , 27989, 25000, 29888, 29818, 0, 
52, 1, 359, 1, -1, 413, 123, 11.5, 26, ABplppappa, 244, 27038, 24226, 896, , 27038, 25000, 27799, 27806, 0, 
53, 1, 337, 389, -1, 146, 262, 18.1, 28, MSaaaaaa, 218, 27255, 29653, 1088, , 27255, 25000, 27459, 27419, 0, 
54, 1, 60, 250, -1, 146, 296, 9.3, 27, ABalaapaaa, 251, 28040, 25909, 924, , 28040, 25000, 28498, 28464, 0, 
55, 1, 150, 173, -1, 251, 201, 5.2, 30, ABalpapaap, 297, 35964, 47473, 1320, , 35964, 25000, 37735, 38466, 0, 
56, 1, 351, 104, -1, 436, 376, 22.9, 31, ABarpppapp, 271, 27912, 41310, 1480, , 27912, 25000, 27919, 27929, 0, 
57, 1, 237, 5, -1, 229, 252, 13.1, 24, ABaraaapapp, 203, 27730, 16749, 604, , 27730, 25000, 28128, 28074, 0, 
58, 1, 279, 282, -1, 471, 119, 20.5, 29, ABplappaap, 121, 27086, 29253, 1080, , 27086, 25000, 27319, 27360, 0, 
59, 1, 46, 319, -1, 274, 220, 21.7, 27, MSapappp, 67, 28525, 26357, 924, , 28525, 25000, 28050, 28065, 0, 
60, 1, 16, 196, -1, 407, 366, 7.6, 29, ABprppapaa, 288, 26873, 31065, 1156, , 26873, 25000, 30601, 30622, 0, 
61, 1, 96, 171, -1, 217, 133, 15.7, 29, ABalpppapa, -126, 27628, 29507, 1068, , 27628, 25000, 28173, 28180, 0, 
62, 1, 331, 75, -1, 337, 182, 15.5, 27, MSappaaa, 229, 29738, 26645, 896, , 29738, 25000, 28836, 28962, 0, 
63, 1, 333, 347, -1, 236, 157, 11.2, 28, ABalppappa, 64, 27046, 28452, 1052, , 27046, 25000, 27873, 27854, 0, 
64, 1, 188, 320, -1, 286, 291, 10.3, 24, MSppaapa, 194, 27402, 19291, 704, , 27402, 25000, 27630, 27746, 0, 
65, 1, 300, 343, -1, 295, 305, 16.0, 28, MSpaapap, 280, 27358, 30860, 1128, , 27358, 25000, 28020, 28039, 0, 
66, 1, 3, 339, -1, 326, 302, 7.9, 26, ABprpapaaa, 351, 27848, 22278, 800, , 27848, 25000, 29781, 29809, 0, 
67, 1, 282, 106, -1, 391, 236, 26.3, 33, ABarppaapa, 322, 28385, 49276, 1736, , 28385, 25000, 28800, 28776, 0, 
68, 1, 195, 348, -1, 259, 157, 7.6, 27, ABalppapap, 94, 28912, 28565, 988, , 28912, 25000, 32145, 32238, 0, 
69, 1, 205, 60, -1, 198, 210, 9.3, 27, ABalpaaaaa, 249, 27528, 25436, 924, , 27528, 25000, 28671, 28764, 0, 
70, 1, 303, 118, -1, 478, 291, 19.3, 32, Eprap, 297, 27481, 43530, 1584, , 27481, 25000, 28323, 28263, 0, 
71, 1, 255, 284, -1, 223, 161, 8.7, 26, ABalppapaa, 255, 30037, 25712, 856, , 30037, 25000, 28400, 28441, 0, 
72, 1, 5, 138, -1, 593, 244, 17.3, 32, Cpapap, 381, 27220, 43116, 1584, , 27220, 25000, 28873, 28890, 0, 
73, 1, 95, 22, -1, 426, 119, 20.7, 29, ABplapaapp, 239, 26496, 28298, 1068, , 26496, 25000, 28215, 28195, 0, 
74, 1, 40, 336, -1, 534, 200, 7.4, 29, ABplpppppp, 236, 30029, 34714, 1156, , 30029, 25000, 32426, 32600, 0, 
75, 1, 289, 234, -1, 133, 297, 15.2, 26, ABalaaappl, 260, 27628, 21992, 796, , 27628, 25000, 28356, 28380, 0, 
76, 1, 318, 29, -1, 518, 123, 17.1, 26, ABplapapap, 379, 27355, 21884, 800, , 27355, 25000, 28482, 28646, 0, 
77, 1, 225, 11, -1, 278, 364, 8.8, 26, ABprpaaapa, 235, 28525, 22706, 796, , 28525, 25000, 27924, 27969, 0, 
78, 1, 42, 327, -1, 199, 206, 25.4, 24, ABalapappp, 237, 28191, 19734, 700, , 28191, 25000, 27661, 27517, 0, 
79, 1, 200, 350, -1, 329, 365, 6.5, 30, ABprpaaaap, 268, 33183, 40881, 1232, , 33183, 25000, 35309, 35929, 0, 
80, 1, 253, 195, -1, 220, 309, 5.9, 26, ABarapppaa, 259, 37080, 29664, 800, , 37080, 25000, 37609, 37992, 0, 
81, 1, 178, 337, -1, 588, 210, 21.3, 32, Caaapp, 304, 27193, 43074, 1584, , 27193, 25000, 28011, 28011, 0, 
82, 1, 66, 112, -1, 451, 167, 12.5, 30, Capaap, 265, 28455, 35057, 1232, , 28455, 25000, 28478, 28685, 0, 
83, 1, 123, 133, -1, 283, 224, 14.6, 30, ABaraapapp, 175, 28768, 33256, 1156, , 28768, 25000, 28150, 28246, 0, 
84, 0, 99, -1, -1, 205, 147, 13.4, 26, , 154, -178, 23416, 832, , 28144, 25000, 28170, 28322, 0, 
85, 1, 177, 229, -1, 140, 261, 14.0, 25, ABaraaaapa, 222, 26872, 20530, 764, , 26872, 25000, 28150, 28278, 0, 
86, 1, 336, 128, -1, 312, 221, 18.7, 23, MSaaappa, 366, 28159, 16670, 592, , 28159, 25000, 29118, 28809, 0, 
87, 1, 328, 58, -1, 391, 143, 16.0, 26, Daapp, 205, 27697, 23598, 852, , 27697, 25000, 28103, 28003, 0, 
88, 1, 362, 20, -1, 170, 201, 14.6, 27, MSapaaaa, 210, 26594, 26275, 988, , 26594, 25000, 28958, 29057, 0, 
89, 1, 22, 169, -1, 521, 374, 13.1, 27, ABprappapp, -20, 27176, 24676, 908, , 27176, 25000, 27642, 27662, 0, 
90, 1, 390, 392, -1, 433, 302, 8.1, 26, MSpapppp, 236, 28145, 22516, 800, , 28145, 25000, 29575, 29118, 0, 
91, 1, 394, 201, -1, 480, 156, 7.2, 24, ABplpppapaa, 162, 28477, 18681, 656, , 28477, 25000, 31111, 31194, 0, 
92, 1, 118, 349, -1, 157, 176, 20.9, 29, ABalapaaap, 70, 26004, 31413, 1208, , 26004, 25000, 27713, 27792, 0, 
93, 1, 382, 312, -1, 344, 301, 11.9, 25, MSpppaaa, 228, 28754, 19783, 688, , 28754, 25000, 29142, 29247, 0, 
94, 1, 112, 226, -1, 166, 252, 16.4, 28, ABaraapaaa, 209, 27693, 27361, 988, , 27693, 25000, 27516, 27697, 0, 
95, 1, 240, 344, -1, 352, 324, 7.5, 26, ABprpapaap, -45, 27586, 24717, 896, , 27586, 25000, 30657, 30103, 0, 
96, 1, 86, 84, -1, 239, 340, 16.7, 28, ABpraapapa, 393, 27739, 29514, 1064, , 27739, 25000, 27864, 28007, 0, 
97, 1, 214, 325, -1, 246, 266, 13.8, 25, ABaraapppaa, 215, 27940, 19670, 704, , 27940, 25000, 28122, 28278, 0, 
98, 1, 325, 255, -1, 175, 144, 14.5, 27, ABalpppaaa, 209, 26902, 24104, 896, , 26902, 25000, 27874, 27816, 0, 
99, 1, 270, 134, -1, 521, 310, 6.3, 27, ABprpppaap, 264, 36383, 33618, 924, , 36383, 25000, 35184, 35371, 0, 
100, 1, 140, 304, -1, 312, 386, 10.4, 27, ABprpaappp, 303, 26630, 26310, 988, , 26630, 25000, 27481, 27503, 0, 
101, 1, 186, 227, -1, 409, 168, 14.8, 25, MSappaap, 254, 28744, 20236, 704, , 28744, 25000, 28609, 28643, 0, 
102, 1, 370, 115, -1, 320, 274, 14.5, 24, MSpapaapa, 93, 36414, 27966, 768, , 36414, 25000, 30624, 30659, 0, 
103, 1, 93, 279, -1, 462, 365, 8.4, 26, ABprppapap, 244, 27469, 22854, 832, , 27469, 25000, 29297, 29230, 0, 
104, 1, 386, 289, -1, 135, 237, 20.4, 26, ABalappaap, 209, 27678, 23028, 832, , 27678, 25000, 27603, 27704, 0, 
105, 1, 375, 326, -1, 304, 297, 25.5, 29, ABarpaapap, 280, 27809, 30034, 1080, , 27809, 25000, 28344, 28401, 0, 
106, 1, 224, 114, -1, 497, 387, 19.1, 28, ABprappapa, 251, 26865, 29229, 1088, , 26865, 25000, 27908, 27959, 0, 
107, 1, 187, 43, -1, 549, 152, 20.1, 29, ABplapapaa, -62, 28251, 34127, 1208, , 28251, 25000, 28016, 28024, 0, 
108, 1, 103, 276, -1, 342, 120, 14.9, 29, ABplppaaaa, 256, 27560, 33293, 1208, , 27560, 25000, 28182, 28076, 0, 
109, 1, 31, 206, -1, 222, 245, 5.4, 27, ABarapaaap, 66, 39194, 38724, 988, , 39194, 25000, 35267, 35392, 0, 
110, 1, 159, 146, -1, 270, 213, 11.2, 28, ABalpapppa, 187, 28542, 30026, 1052, , 28542, 25000, 28241, 28211, 0, 
111, 0, 81, -1, -1, 85, 261, 16.4, 27, , 250, 4612, 30648, 988, , 31020, 25000, 26548, 26408, 0, 
112, 1, 236, 262, -1, 565, 331, 10.4, 26, ABprapappa, 85, 26639, 22164, 832, , 26639, 25000, 27285, 27340, 0, 
113, 1, 226, 44, -1, 314, 120, 20.6, 28, ABplaappap, 98, 29218, 28867, 988, , 29218, 25000, 27963, 27980, 0, 
114, 0, 37, -1, -1, 364, 404, 13.6, 24, , 203, -390, 19222, 700, , 27460, 25000, 27875, 27850, 0, 
115, 1, 63, 82, -1, 311, 164, 9.3, 26, ABplpapaaa, 6, 27743, 23748, 856, , 27743, 25000, 29754, 29897, 0, 
116, 1, 244, 288, -1, 407, 277, 14.3, 31, Earpa, 317, 28083, 38417, 1368, , 28083, 25000, 29646, 29639, 0, 
117, 1, 101, 49, -1, 358, 384, 18.6, 31, ABprapaaap, 271, 28345, 37755, 1332, , 28345, 25000, 28710, 28855, 0, 
118, 1, 371, 167, -1, 205, 260, 6.8, 28, ABarapaaaa, 243, 32565, 34258, 1052, , 32565, 25000, 33083, 32631, 0, 
119, 1, 88, 110, -1, 549, 263, 11.1, 30, Cppppp, 276, 27028, 36650, 1356, , 27028, 25000, 28603, 28623, 0, 
120, 1, 11, 38, -1, 340, 367, 20.9, 29, ABprapaaaa, 181, 27420, 33123, 1208, , 27420, 25000, 28180, 28262, 0, 
121, 1, 79, 117, -1, 458, 395, 19.8, 30, ABarppppap, 299, 26564, 35064, 1320, , 26564, 25000, 28004, 28009, 0, 
122, 1, 135, 177, -1, 462, 391, 12.7, 27, ABprappaaa, 154, 27304, 25229, 924, , 27304, 25000, 27562, 27433, 0, 
123, 1, 223, 211, -1, 436, 400, 14.1, 27, ABprapaapp, 397, 28026, 25448, 908, , 28026, 25000, 27630, 27584, 0, 
124, 1, 107, 264, -1, 335, 329, 5.5, 27, ABarappapp, 275, 37904, 33962, 896, , 37904, 25000, 35346, 35822, 0, 
125, 1, 144, 372, -1, 369, 349, 17.2, 24, Dpaap, 212, 27697, 18169, 656, , 27697, 25000, 28331, 28386, 0, 
126, 1, 246, 246, -1, 480, 165, 11.4, 28, Capapp, 236, 27505, 27175, 988, , 27505, 25000, 28802, 28986, 0, 
127, 1, 399, 69, -1, 267, 292, 18.8, 25, MSpaaappa, 204, 27736, 19526, 704, , 27736, 25000, 28546, 28613, 0, 
128, 1, 148, 270, -1, 203, 364, 11.8, 25, ABpraaaaap, -61, 26678, 18781, 704, , 26678, 25000, 27679, 27793, 0, 
129, 1, 155, 67, -1, 310, 133, 8.7, 27, ABalpapapp, 240, 28530, 26362, 924, , 28530, 25000, 28959, 29036, 0, 
130, 1, 179, 213, -1, 196, 177, 18.7, 28, ABalppppaa, 140, 27567, 29331, 1064, , 27567, 25000, 27804, 27817, 0, 
131, 0, 294, -1, -1, 327, 259, 4.6, 24, , 222, -1585, 23122, 700, , 33031, 25000, 34506, 34616, 0, 
132, 1, 342, 164, -1, 164, 171, 12.6, 28, ABalppaaap, 153, 28234, 27895, 988, , 28234, 25000, 27986, 28094, 0, 
133, 1, 89, 332, -1, 216, 233, 24.9, 31, ABplaaaaap, -55, 28719, 42504, 1480, , 28719, 25000, 28391, 28577, 0, 
134, 1, 235, 224, -1, 431, 207, 26.6, 32, ABarppaapp, 269, 27441, 40722, 1484, , 27441, 25000, 28378, 28380, 0, 
135, 1, 154, 186, -1, 346, 364, 9.3, 28, ABprppaaaa, -332, 27727, 29501, 1064, , 27727, 25000, 28514, 28535, 0, 
136, 1, 75, 315, -1, 125, 232, 13.6, 27, ABalaaaarl, 149, 27830, 27496, 988, , 27830, 25000, 27150, 27197, 0, 
137, 1, 32, 47, -1, 388, 108, 14.4, 28, ABplppapaa, 206, 27897, 27562, 988, , 27897, 25000, 27491, 27491, 0, 
138, 1, 312, 316, -1, 292, 380, 17.2, 28, ABpraaapppp, 276, 27676, 29115, 1052, , 27676, 25000, 27843, 27813, 0, 
139, 1, 180, 61, -1, 146, 283, 23.1, 27, ABarpaaaaa, 249, 27915, 25347, 908, , 27915, 25000, 27440, 27451, 0, 
140, 1, 94, 192, -1, 311, 216, 15.8, 25, MSaapaapa, 190, 31616, 22258, 704, , 31616, 25000, 30368, 30370, 0, 
141, 1, 251, 249, -1, 410, 398, 20.9, 30, ABarppppaa, 286, 28229, 38278, 1356, , 28229, 25000, 27634, 27572, 0, 
142, 1, 277, 66, -1, 369, 295, 6.3, 27, ABprpapapa, 154, 31113, 28748, 924, , 31113, 25000, 33245, 33315, 0, 
143, 1, 343, 24, -1, 357, 297, 18.1, 35, Earaa, 348, 28288, 58500, 2068, , 28288, 25000, 29509, 29552, 0, 
144, 1, 146, 70, -1, 476, 205, 23.6, 30, Dappp, 308, 27096, 31323, 1156, , 27096, 25000, 27608, 27610, 0, 
145, 1, 254, 341, -1, 229, 273, 22.1, 29, MSaaaapa, 277, 27771, 33547, 1208, , 27771, 25000, 28068, 28039, 0, 
146, 1, 327, 391, -1, 585, 312, 15.2, 28, ABarpppppp, 270, 28253, 29722, 1052, , 28253, 25000, 28596, 28548, 0, 
147, 1, 23, 12, -1, 310, 172, 13.2, 26, MSapaapp, 264, 27980, 22272, 796, , 27980, 25000, 28299, 28409, 0, 
148, 1, 84, 202, -1, 466, 326, 10.4, 30, Cppaap, 299, 28114, 32500, 1156, , 28114, 25000, 28953, 28952, 0, 
149, 1, 29, 244, -1, 181, 313, 7.6, 27, ABalaapaap, 214, 29774, 29417, 988, , 29774, 25000, 31455, 31416, 0, 
150, 1, 68, 353, -1, 477, 280, 5.6, 29, ABprppppap, 247, 34285, 39633, 1156, , 34285, 25000, 33305, 32959, 0, 
151, 1, 143, 64, -1, 558, 158, 13.9, 26, ABplapappp, 138, 27443, 21954, 800, , 27443, 25000, 28065, 28095, 0, 
152, 1, 87, 175, -1, 491, 256, 8.7, 28, ABprpppppa, 146, 30068, 31992, 1064, , 30068, 25000, 28341, 28312, 0, 
153, 1, 168, 382, -1, 196, 231, 12.3, 25, ABalpaapapa, 210, 28880, 22064, 764, , 28880, 25000, 27951, 27976, 0, 
154, 1, 396, 230, -1, 311, 325, 20.3, 27, MSpppppa, 227, 27606, 25508, 924, , 27606, 25000, 28522, 28570, 0, 
155, 1, 149, 218, -1, 211, 357, 15.8, 26, ABpraaapap, 176, 27031, 21517, 796, , 27031, 25000, 27340, 27339, 0, 
156, 1, 1, 166, -1, 323, 195, 24.5, 30, ABplapaaaa, 296, 28027, 34529, 1232, , 28027, 25000, 28240, 28329, 0, 
157, 0, 379, -1, -1, 140, 176, 13.0, 24, , 475, -171, 16747, 608, , 27544, 25000, 27770, 27715, 0, 
158, 1, 121, 108, -1, 138, 198, 11.7, 25, ABalaaaala, 167, 27606, 21091, 764, , 27606, 25000, 27723, 27729, 0, 
159, 1, 54, 394, -1, 430, 161, 20.0, 27, Dapap, 238, 27557, 28439, 1032, , 27557, 25000, 28818, 28866, 0, 
160, 1, 30, 51, -1, 161, 209, 25.1, 30, ABplaapaaa, 259, 27871, 37793, 1356, , 27871, 25000, 28578, 28634, 0, 
161, 1, 209, 222, -1, 352, 207, 12.4, 29, MSaapapp, 264, 32923, 38059, 1156, , 32923, 25000, 29932, 29930, 0, 
162, 1, 100, 96, -1, 231, 382, 13.9, 27, ABpraaaapp, -141, 26008, 23615, 908, , 26008, 25000, 27839, 27885, 0, 
163, 1, 218, 359, -1, 448, 295, 16.2, 32, Earpp, 306, 28108, 45197, 1608, , 28108, 25000, 28420, 28458, 0, 
164, 1, 369, 340, -1, 315, 264, 7.7, 24, ABarapapppa, 207, 28121, 19797, 704, , 28121, 25000, 29756, 29926, 0, 
165, 1, 128, 342, -1, 572, 188, 9.3, 26, Caappv, 221, 26439, 22632, 856, , 26439, 25000, 28520, 28542, 0, 
166, 1, 285, 385, -1, 483, 159, 25.2, 30, ABplappapa, 284, 27452, 36237, 1320, , 27452, 25000, 28015, 28048, 0, 
167, 1, 15, 144, -1, 479, 234, 17.6, 32, Eplap, 298, 27134, 40267, 1484, , 27134, 25000, 28394, 28490, 0, 
168, 1, 252, 193, -1, 188, 175, 24.8, 34, ABplaapaap, 96, 27496, 52573, 1912, , 27496, 25000, 27786, 27812, 0, 
169, 1, 78, 243, -1, 291, 256, 9.5, 27, ABarapappa, 248, 27722, 24839, 896, , 27722, 25000, 28354, 28351, 0, 
170, 1, 45, 40, -1, 161, 255, 20.9, 27, MSaaaaapa, 265, 27464, 24937, 908, , 27464, 25000, 27949, 27840, 0, 
171, 1, 283, 143, -1, 303, 287, 12.5, 28, ABaraapppp, 234, 27224, 29402, 1080, , 27224, 25000, 29486, 29389, 0, 
172, 1, 142, 232, -1, 443, 119, 18.4, 29, ABplappaaa, 176, 26436, 30560, 1156, , 26436, 25000, 27631, 27654, 0, 
173, 0, 393, -1, -1, 128, 268, 19.8, 24, , 181, 1172, 18907, 656, , 28822, 25000, 27548, 27650, 0, 
174, 1, 278, 102, -1, 503, 296, 9.6, 28, Cppapp, 277, 29089, 28740, 988, , 29089, 25000, 28589, 28614, 0, 
175, 1, 65, 147, -1, 295, 152, 19.6, 28, ABplpaappa, 232, 27883, 27548, 988, , 27883, 25000, 28014, 28109, 0, 
176, 1, 43, 176, -1, 308, 354, 8.6, 28, ABprpaaapp, 136, 27267, 26940, 988, , 27267, 25000, 28353, 28570, 0, 
177, 1, 232, 254, -1, 247, 344, 13.9, 27, ABpraaappa, 276, 27269, 24760, 908, , 27269, 25000, 28099, 28222, 0, 
178, 1, 231, 297, -1, 204, 298, 24.3, 27, ABarpaaapa, -46, 27761, 25651, 924, , 27761, 25000, 28212, 28268, 0, 
179, 1, 136, 150, -1, 157, 345, 21.7, 29, ABpraapaaa, 260, 27424, 29289, 1068, , 27424, 25000, 27603, 27610, 0, 
180, 1, 233, 99, -1, 279, 276, 14.4, 25, ABaraapppap, 219, 26988, 22454, 832, , 26988, 25000, 27457, 27491, 0, 
181, 1, 302, 8, -1, 166, 319, 13.4, 27, ABalaapppa, 245, 27064, 26739, 988, , 27064, 25000, 28066, 27999, 0, 
182, 1, 9, 407, -1, 382, 406, 17.9, 25, ABprapaapa, 231, 27525, 18937, 688, , 27525, 25000, 27915, 28007, 0, 
183, 1, 82, 367, -1, 531, 121, 13.7, 28, ABplapappa, 291, 27010, 28739, 1064, , 27010, 25000, 27825, 27938, 0, 
184, 1, 151, 162, -1, 280, 121, 21.5, 26, ABplaappaa, 353, 27231, 24399, 896, , 27231, 25000, 28067, 28133, 0, 
185, 1, 216, 190, -1, 243, 279, 5.8, 25, ABarappaaa, 313, 36003, 25346, 704, , 36003, 25000, 35484, 35450, 0, 
186, 1, 182, 42, -1, 367, 138, 22.9, 26, ABplapaapa, -9, 28124, 22499, 800, , 28124, 25000, 28154, 28138, 0, 
187, 1, 286, 141, -1, 579, 227, 8.9, 25, Cpappv, 212, 27302, 18784, 688, , 27302, 25000, 28469, 28552, 0, 
188, 1, 41, 25, -1, 291, 257, 12.1, 26, ABarapaappp, 139, 27515, 22012, 800, , 27515, 25000, 28124, 28271, 0, 
189, 1, 398, 72, -1, 201, 170, 22.3, 32, ABalppppap, -472, 27210, 43101, 1584, , 27210, 25000, 27838, 28045, 0, 
190, 1, 372, 378, -1, 432, 189, 22.0, 26, Dappa, 265, 27350, 23302, 852, , 27350, 25000, 28698, 28706, 0, 
191, 1, 353, 269, -1, 432, 247, 8.5, 24, MSpappap, 157, 28280, 21719, 768, , 28280, 25000, 29008, 29094, 0, 
192, 1, 241, 379, -1, 246, 293, 20.4, 26, MSpaaaapp, 208, 28190, 23454, 832, , 28190, 25000, 28312, 28348, 0, 
193, 0, 91, -1, -1, 203, 280, 20.1, 24, , 23, -253, 17128, 604, , 28358, 25000, 28534, 28611, 0, 
194, 1, 391, 168, -1, 251, 300, 16.3, 25, MSpaapaa, 256, 26797, 20473, 764, , 26797, 25000, 27917, 27935, 0, 
195, 0, 376, -1, -1, 165, 337, 10.5, 26, , 244, 669, 25057, 896, , 27965, 25000, 27358, 27296, 0, 
196, 1, 234, 368, -1, 243, 324, 24.5, 27, ABarpapapa, 197, 28732, 25744, 896, , 28732, 25000, 27858, 27871, 0, 
197, 1, 373, 323, -1, 321, 156, 15.2, 24, MSappapa, 200, 26745, 17545, 656, , 26745, 25000, 27793, 27732, 0, 
198, 1, 201, 248, -1, 338, 305, 25.6, 31, ABarpaappa, 292, 27673, 36861, 1332, , 27673, 25000, 27932, 27981, 0, 
199, 1, 323, 90, -1, 305, 214, 26.5, 30, ABplaaappp, 243, 27567, 33962, 1232, , 27567, 25000, 28483, 28762, 0, 
200, 1, 67, 87, -1, 256, 306, 13.2, 25, MSppapaa, 146, 27578, 19415, 704, , 27578, 25000, 28300, 28431, 0, 
201, 1, 265, 328, -1, 537, 311, 13.4, 32, Cpppap, 257, 26850, 39845, 1484, , 26850, 25000, 28011, 28072, 0, 
202, 1, 139, 242, -1, 397, 360, 16.6, 26, Dppaa, 255, 28362, 23597, 832, , 28362, 25000, 28286, 28303, 0, 
203, 1, 83, 194, -1, 492, 384, 13.9, 26, ABprappaap, 250, 27401, 21921, 800, , 27401, 25000, 27742, 27634, 0, 
204, 1, 126, 215, -1, 224, 131, 12.3, 27, ABalppaapp, 225, 26931, 24884, 924, , 26931, 25000, 27343, 27396, 0, 
205, 1, 349, 119, -1, 320, 197, 5.2, 24, ABplpappaaa, 181, 35623, 23369, 656, , 35623, 25000, 37296, 37269, 0, 
206, 1, 129, 371, -1, 480, 317, 5.7, 29, ABprpppaaa, 223, 37473, 40021, 1068, , 37473, 25000, 35985, 36137, 0, 
207, 1, 51, 377, -1, 354, 182, 26.4, 27, ABarppaaap, 213, 28161, 27823, 988, , 28161, 25000, 28970, 28995, 0, 
208, 1, 10, 6, -1, 179, 285, 16.3, 27, ABaraappaa, 23, 27584, 25488, 924, , 27584, 25000, 27821, 27903, 0, 
209, 1, 117, 26, -1, 261, 203, 7.1, 25, ABalpappapa, 211, 27640, 17579, 636, , 27640, 25000, 31944, 31408, 0, 
210, 1, 260, 257, -1, 235, 358, 11.1, 27, ABpraaaapa, 227, 27607, 25067, 908, , 27607, 25000, 27557, 27828, 0, 
211, 1, 21, 56, -1, 271, 329, 9.6, 28, ABprpaaaaa, 8, 27124, 26799, 988, , 27124, 25000, 28177, 28367, 0, 
212, 1, 80, 4, -1, 241, 186, 20.1, 29, ABplaapapa, 338, 28522, 34454, 1208, , 28522, 25000, 28113, 28183, 0, 
213, 1, 164, 396, -1, 362, 199, 21.4, 28, Daaap, 190, 29210, 28859, 988, , 29210, 25000, 28314, 28329, 0, 
214, 1, 206, 251, -1, 234, 202, 26.9, 27, ABplaaapaa, 217, 27637, 25094, 908, , 27637, 25000, 28477, 28513, 0, 
215, 1, 249, 159, -1, 297, 321, 7.5, 28, ABarappppp, 271, 27585, 29792, 1080, , 27585, 25000, 30682, 30377, 0, 
216, 1, 165, 263, -1, 258, 173, 26.2, 29, ABplaaapap, -191, 30882, 34341, 1112, , 30882, 25000, 28770, 28975, 0, 
217, 1, 353, 122, -1, 421, 206, 8.8, 24, MSpappaa, 201, 27957, 18340, 656, , 27957, 25000, 28978, 29010, 0, 
218, 1, 137, 85, -1, 254, 250, 6.8, 28, ABarapapaa, 236, 32442, 34129, 1052, , 32442, 25000, 33311, 33469, 0, 
219, 1, 169, 113, -1, 548, 166, 8.8, 25, ABplappppp, 17, 28979, 20401, 704, , 28979, 25000, 29040, 29058, 0, 
220, 1, 145, 139, -1, 238, 362, 21.5, 27, ABarpappaa, 35, 28294, 25351, 896, , 28294, 25000, 28085, 28164, 0, 
221, 1, 163, 152, -1, 237, 177, 23.6, 31, ABplaapapp, 246, 27439, 36549, 1332, , 27439, 25000, 28632, 28821, 0, 
222, 1, 62, 245, -1, 382, 258, 10.5, 30, MSpapapp, 411, 39465, 48621, 1232, , 39465, 25000, 30782, 30533, 0, 
223, 1, 296, 387, -1, 389, 250, 7.2, 29, ABprpapppa, 143, 29344, 32631, 1112, , 29344, 25000, 31908, 31364, 0, 
224, 0, 383, -1, -1, 86, 260, 14.5, 25, , 252, 788, 20727, 768, , 26988, 25000, 26801, 26200, 0, 
225, 1, 280, 381, -1, 373, 380, 23.9, 30, ABarpppaap, 249, 27995, 37961, 1356, , 27995, 25000, 27939, 27984, 0, 
226, 1, 58, 130, -1, 208, 331, 22.4, 29, ABarpapaap, 145, 26972, 31180, 1156, , 26972, 25000, 27610, 27569, 0, 
227, 1, 356, 92, -1, 575, 297, 8.8, 25, ABprappppa, 84, 28151, 19818, 704, , 28151, 25000, 27995, 28017, 0, 
228, 1, 174, 97, -1, 500, 223, 12.9, 32, Eplpp, 327, 28720, 45263, 1576, , 28720, 25000, 28538, 28706, 0, 
229, 0, 381, -1, -1, 221, 330, 7.6, 25, , 203, -2429, 24925, 832, , 29958, 25000, 31638, 32387, 0, 
230, 1, 344, 294, -1, 340, 321, 11.3, 24, MSpppapa, 225, 29589, 20831, 704, , 29589, 25000, 27946, 27913, 0, 
231, 1, 384, 120, -1, 361, 269, 25.1, 31, ABarpaappp, 316, 28068, 41540, 1480, , 28068, 25000, 28240, 28246, 0, 
232, 1, 341, 216, -1, 511, 175, 16.7, 29, Cappap, 346, 26502, 28304, 1068, , 26502, 25000, 28430, 28454, 0, 
233, 0, 295, -1, -1, 153, 253, 24.1, 24, , 24, 1631, 17839, 604, , 29535, 25000, 27828, 27904, 0, 
234, 1, 125, 285, -1, 423, 159, 11.5, 27, MSaapppp, 226, 27921, 25017, 896, , 27921, 25000, 28537, 28506, 0, 
235, 1, 365, 309, -1, 258, 252, 9.8, 25, ABarapaappa, 157, 27999, 19711, 704, , 27999, 25000, 28240, 28301, 0, 
236, 0, 18, -1, -1, 347, 200, 5.5, 23, , 186, -131, 23406, 632, , 37035, 25000, 37105, 37166, 0, 
237, 1, 281, 98, -1, 181, 280, 25.9, 27, ABarpaaaap, 231, 27661, 25116, 908, , 27661, 25000, 28526, 28695, 0, 
238, 1, 378, 272, -1, 539, 277, 24.4, 33, Cpaapa, 324, 28292, 46399, 1640, , 28292, 25000, 28576, 28487, 0, 
239, 1, 305, 33, -1, 140, 304, 19.9, 27, ABalapppaa, 269, 27063, 24573, 908, , 27063, 25000, 27864, 27748, 0, 
240, 1, 85, 79, -1, 262, 293, 26.0, 27, ABarpaapaa, 199, 28630, 29546, 1032, , 28630, 25000, 28069, 28094, 0, 
241, 1, 215, 127, -1, 494, 108, 18.3, 28, ABplappapp, 258, 26610, 28313, 1064, , 26610, 25000, 27501, 27552, 0, 
242, 1, 70, 45, -1, 279, 390, 12.0, 27, ABprpaapap, 238, 27830, 28721, 1032, , 27830, 25000, 27186, 27238, 0, 
243, 1, 193, 237, -1, 301, 215, 7.0, 26, ABalpappapp, 217, 31418, 26768, 852, , 31418, 25000, 32716, 32327, 0, 
244, 1, 229, 191, -1, 543, 191, 18.1, 30, Capppa, 227, 27138, 36799, 1356, , 27138, 25000, 28101, 28155, 0, 
245, 1, 141, 240, -1, 363, 249, 12.9, 26, MSpapapa, 262, 38286, 30629, 800, , 38286, 25000, 31928, 31737, 0, 
246, 1, 204, 370, -1, 531, 355, 19.3, 28, ABarpppppa, 258, 26864, 28583, 1064, , 26864, 25000, 28059, 28011, 0, 
247, 1, 315, 3, -1, 167, 269, 7.3, 26, ABaraaappa, -16, 30160, 25817, 856, , 30160, 25000, 32072, 32545, 0, 
248, 1, 345, 241, -1, 579, 197, 12.5, 32, Caappd, 321, 28211, 40398, 1432, , 28211, 25000, 27964, 28003, 0, 
249, 1, 113, 197, -1, 540, 313, 9.9, 25, ABprapppaa, 214, 26805, 18442, 688, , 26805, 25000, 27648, 27741, 0, 
250, 1, 222, 105, -1, 162, 202, 9.2, 26, ABalpaappa, 204, 27833, 22155, 796, , 27833, 25000, 28208, 28194, 0, 
251, 1, 98, 136, -1, 314, 117, 12.1, 28, ABplpaaaap, 344, 27053, 29434, 1088, , 27053, 25000, 27757, 27709, 0, 
252, 1, 227, 21, -1, 193, 156, 10.9, 25, ABalaaaalp, 235, 27750, 19092, 688, , 27750, 25000, 28041, 28035, 0, 
253, 1, 212, 68, -1, 225, 266, 9.6, 26, ABarapaapa, 469, 27292, 22707, 832, , 27292, 25000, 29067, 29152, 0, 
254, 1, 275, 293, -1, 429, 304, 5.3, 27, ABprppaapp, 255, 35699, 32986, 924, , 35699, 25000, 33976, 34275, 0, 
255, 1, 339, 346, -1, 452, 254, 20.9, 34, Eplaa, 340, 27724, 54783, 1976, , 27724, 25000, 28706, 28626, 0, 
256, 1, 199, 366, -1, 303, 247, 20.5, 29, MSaaaapp, 55, 27221, 29399, 1080, , 27221, 25000, 28018, 28201, 0, 
257, 1, 20, 187, -1, 362, 222, 8.7, 25, MSaappaa, 205, 28505, 21778, 764, , 28505, 25000, 28747, 28666, 0, 
258, 1, 171, 204, -1, 229, 168, 17.0, 24, ABalpppppaa, 162, 27375, 16644, 608, , 27375, 25000, 27679, 27608, 0, 
259, 1, 189, 291, -1, 215, 143, 19.4, 30, ABalpppapp, -159, 27457, 31740, 1156, , 27457, 25000, 27609, 27674, 0, 
260, 1, 268, 266, -1, 245, 188, 11.7, 23, MSapaapa, 158, 28725, 17005, 592, , 28725, 25000, 28296, 28346, 0, 
261, 0, 19, -1, -1, 523, 260, 7.0, 24, , 227, 1315, 20991, 608, , 34525, 25000, 33210, 33210, 0, 
262, 1, 301, 148, -1, 371, 350, 13.5, 27, Dpapa, 269, 27020, 24210, 896, , 27020, 25000, 28628, 28712, 0, 
263, 1, 158, 267, -1, 330, 258, 17.4, 26, MSaaappp, 265, 30201, 25127, 832, , 30201, 25000, 29594, 29637, 0, 
264, 1, 56, 93, -1, 415, 310, 25.6, 32, Cpaaaa, 291, 27999, 41551, 1484, , 27999, 25000, 28192, 28115, 0, 
265, 1, 320, 157, -1, 370, 163, 9.2, 27, ABplpapapa, 231, 27295, 23692, 868, , 27295, 25000, 28540, 28640, 0, 
266, 1, 297, 83, -1, 539, 135, 11.0, 25, ABplappppa, 224, 26364, 20142, 764, , 26364, 25000, 27758, 27770, 0, 
267, 1, 322, 174, -1, 166, 352, 15.8, 30, ABalappapp, 279, 27377, 36138, 1320, , 27377, 25000, 27721, 27769, 0, 
268, 1, 27, 233, -1, 449, 275, 10.4, 31, Z2, 282, 27092, 36087, 1332, , 27092, 25000, 28308, 28328, 0, 
269, 1, 288, 142, -1, 263, 231, 16.0, 25, ABaraapapap, 214, 27245, 20815, 764, , 27245, 25000, 27672, 27307, 0, 
270, 1, 363, 273, -1, 452, 352, 13.5, 31, Cppaaa, 264, 27978, 34469, 1232, , 27978, 25000, 28628, 28655, 0, 
271, 1, 185, 62, -1, 317, 345, 17.7, 27, MSppppap, 254, 28447, 26285, 924, , 28447, 25000, 27943, 27969, 0, 
272, 1, 196, 23, -1, 193, 247, 26.6, 29, ABplaaaaaa, 98, 27151, 31386, 1156, , 27151, 25000, 28533, 28669, 0, 
273, 0, 69, -1, -1, 377, 121, 19.4, 24, , -67, 0, 0, 0, , 0, 0, 0, 0, 0, 
274, 1, 161, 324, -1, 346, 166, 18.3, 27, Daapa, 211, 28037, 25906, 924, , 28037, 25000, 29222, 29236, 0, 
275, 0, 362, -1, -1, 174, 179, 15.6, 28, , 448, -339, 27752, 988, , 28089, 25000, 28205, 28428, 0, 
276, 1, 338, 307, -1, 558, 138, 16.6, 27, ABarppappp, 273, 28858, 28512, 988, , 28858, 25000, 28239, 28265, 0, 
277, 1, 157, 322, -1, 463, 243, 7.7, 28, ABprpapppp, 213, 28583, 30412, 1064, , 28583, 25000, 29638, 29294, 0, 
278, 1, 203, 132, -1, 398, 175, 7.3, 27, ABplpapapp, 225, 28840, 26648, 924, , 28840, 25000, 30685, 30837, 0, 
279, 1, 332, 303, -1, 167, 229, 10.7, 27, ABaraaaaaa, 263, 26434, 24425, 924, , 26434, 25000, 28245, 28277, 0, 
280, 1, 324, 400, -1, 205, 239, 20.4, 25, MSaaapaaa, 208, 28859, 24011, 832, , 28859, 25000, 27947, 27960, 0, 
281, 1, 108, 149, -1, 341, 127, 19.9, 29, ABplaapppa, 223, 27514, 33237, 1208, , 27514, 25000, 28244, 28212, 0, 
282, 1, 138, 235, -1, 292, 117, 17.0, 28, ABplpaappp, 28, 27730, 31280, 1128, , 27730, 25000, 27687, 27690, 0, 
283, 0, 181, -1, -1, 232, 292, 25.5, 29, , 232, -1197, 29470, 1080, , 27287, 25000, 28461, 28484, 0, 
284, 1, 64, 207, -1, 211, 331, 13.9, 25, ABpraaapaa, 161, 29060, 19993, 688, , 29060, 25000, 28037, 28060, 0, 
285, 1, 131, 81, -1, 269, 174, 19.6, 25, ABalppppppa, 215, 27311, 22723, 832, , 27311, 25000, 28382, 28405, 0, 
286, 1, 208, 333, -1, 548, 236, 6.6, 27, ABprpppppp, 211, 32468, 32078, 988, , 32468, 25000, 35506, 35611, 0, 
287, 1, 4, 220, -1, 319, 192, 18.5, 26, Daaaa, 213, 27814, 24921, 896, , 27814, 25000, 29160, 28966, 0, 
288, 1, 35, 352, -1, 431, 175, 6.9, 27, ABplppppaa, 113, 31170, 28302, 908, , 31170, 25000, 32036, 32143, 0, 
289, 1, 55, 225, -1, 137, 183, 16.1, 29, ABalaaapal, 252, 27887, 33687, 1208, , 27887, 25000, 27741, 27569, 0, 
290, 1, 350, 265, -1, 320, 223, 21.7, 25, MSappppa, 239, 27113, 20714, 764, , 27113, 25000, 27536, 27654, 0, 
291, 1, 284, 210, -1, 264, 314, 4.8, 26, ABarapppap, 268, 36896, 29369, 796, , 36896, 25000, 36759, 36864, 0, 
292, 1, 367, 30, -1, 242, 348, 7.2, 27, ABalaapapp, 214, 28888, 25075, 868, , 28888, 25000, 32111, 32177, 0, 
293, 1, 124, 261, -1, 456, 137, 9.2, 28, ABplpppaaa, 56, 28233, 29701, 1052, , 28233, 25000, 28506, 28483, 0, 
294, 1, 273, 364, -1, 519, 155, 12.8, 26, ABplapppaa, 355, 27722, 22067, 796, , 27722, 25000, 28046, 28101, 0, 
295, 1, 48, 125, -1, 296, 300, 5.5, 29, ABarappapa, 498, 38208, 41265, 1080, , 38208, 25000, 33384, 33635, 0, 
296, 1, 17, 334, -1, 567, 263, 7.9, 26, ABprappppp, 252, 28339, 22671, 800, , 28339, 25000, 30260, 30429, 0, 
297, 1, 292, 357, -1, 280, 327, 20.4, 29, MSppappp, 278, 27447, 31729, 1156, , 27447, 25000, 28661, 28714, 0, 
298, 1, 110, 34, -1, 302, 401, 13.8, 25, ABpraappaa, 236, 26547, 18689, 704, , 26547, 25000, 27053, 27013, 0, 
299, 1, 242, 283, -1, 235, 223, 15.6, 25, ABaraapapaa, 231, 28355, 23591, 832, , 28355, 25000, 27820, 27886, 0, 
300, 1, 293, 74, -1, 398, 296, 17.8, 32, Earap, 325, 27147, 43653, 1608, , 27147, 25000, 28493, 28626, 0, 
301, 1, 24, 73, -1, 271, 271, 21.9, 27, MSpaaapa, 271, 26221, 23809, 908, , 26221, 25000, 27557, 27567, 0, 
302, 1, 7, 219, -1, 405, 238, 19.2, 33, Ealap, 331, 27666, 48249, 1744, , 27666, 25000, 28714, 28663, 0, 
303, 1, 329, 331, 411, 331, 259, 10.2, 27, MSpapaaa, 266, 34008, 29519, 868, , 34008, 25000, 31249, 31258, 0, 
304, 1, 238, 296, -1, 332, 228, 25.8, 28, ABarppaaaa, 259, 27681, 29120, 1052, , 27681, 25000, 28605, 28651, 0, 
305, 1, 217, 228, -1, 326, 145, 11.6, 26, ABplpapaap, 202, 27965, 23267, 832, , 27965, 25000, 29002, 29319, 0, 
306, 1, 304, 361, -1, 278, 258, 26.3, 29, ABplaaaapp, -160, 27714, 29599, 1068, , 27714, 25000, 28317, 28416, 0, 
307, 1, 264, 151, -1, 255, 364, 18.4, 31, ABpraapapp, 203, 26372, 35128, 1332, , 26372, 25000, 28031, 28165, 0, 
308, 1, 259, 290, -1, 369, 335, 21.4, 28, MSpppppp, 250, 27564, 27233, 988, , 27564, 25000, 28646, 28649, 0, 
309, 1, 385, 103, -1, 476, 202, 9.2, 28, ABplpppppa, 276, 27594, 29029, 1052, , 27594, 25000, 28550, 28550, 0, 
310, 1, 198, 179, -1, 172, 278, 12.8, 26, ABaraaapaa, 241, 26878, 21395, 796, , 26878, 25000, 28028, 27988, 0, 
311, 1, 90, 308, -1, 221, 189, 6.7, 28, ABalpapaaa, -9, 33856, 36023, 1064, , 33856, 25000, 34637, 34949, 0, 
312, 1, 360, 189, -1, 390, 155, 12.5, 26, MSaapppa, 254, 28077, 25157, 896, , 28077, 25000, 28228, 28201, 0, 
313, 1, 219, 180, -1, 418, 207, 12.4, 32, Z3, 323, 27252, 40442, 1484, , 27252, 25000, 28572, 28558, 0, 
314, 1, 28, 126, -1, 225, 276, 16.4, 29, ABaraappap, 167, 27031, 31248, 1156, , 27031, 25000, 28098, 28142, 0, 
315, 1, 247, 89, -1, 398, 393, 13.4, 29, ABpraapppp, 169, 26799, 30980, 1156, , 26799, 25000, 28390, 28377, 0, 
316, 1, 348, 9, -1, 447, 288, 25.5, 34, Caaaaa, 325, 28351, 47856, 1688, , 28351, 25000, 27982, 28028, 0, 
317, 1, 134, 369, -1, 206, 373, 18.6, 30, ABpraapaap, -187, 27396, 31670, 1156, , 27396, 25000, 27754, 27800, 0, 
318, 1, 34, 88, -1, 513, 159, 9.7, 26, ABplapppap, 365, 27567, 23597, 856, , 27567, 25000, 28076, 28192, 0, 
319, 1, 334, 384, -1, 228, 321, 18.6, 27, MSppappa, 258, 28233, 27894, 988, , 28233, 25000, 27750, 27781, 0, 
320, 1, 190, 172, -1, 338, 203, 9.3, 28, ABalpappppp, 273, 28516, 30341, 1064, , 28516, 25000, 29064, 29006, 0, 
321, 1, 170, 57, -1, 163, 240, 13.3, 28, ABalpaapaa, 220, 27634, 29403, 1064, , 27634, 25000, 28059, 28329, 0, 
322, 1, 47, 298, -1, 230, 214, 11.8, 26, ABalpaaapa, 263, 29097, 23161, 796, , 29097, 25000, 28218, 28239, 0, 
323, 1, 191, 124, -1, 138, 312, 12.1, 28, ABalaaappr, 242, 27818, 30266, 1088, , 27818, 25000, 27661, 27544, 0, 
324, 1, 266, 161, -1, 537, 286, 8.1, 26, ABprapppap, 446, 27918, 22334, 800, , 27918, 25000, 29471, 29513, 0, 
325, 1, 366, 28, -1, 138, 269, 10.9, 27, ABalaaaarr, 242, 27488, 24959, 908, , 27488, 25000, 27348, 27262, 0, 
326, 1, 8, 39, -1, 355, 222, 17.0, 24, MSaapaapp, 227, 32003, 19458, 608, , 32003, 25000, 30930, 30845, 0, 
327, 1, 291, 209, -1, 501, 341, 15.1, 31, Cppapa, 306, 26995, 39952, 1480, , 26995, 25000, 28821, 28866, 0, 
328, 1, 267, 217, -1, 180, 260, 9.2, 27, ABaraaaaap, 241, 28465, 24708, 868, , 28465, 25000, 28475, 28397, 0, 
329, 1, 380, 399, -1, 188, 349, 19.4, 24, ABalappppap, 158, 28923, 20246, 700, , 28923, 25000, 27849, 27870, 0, 
330, 1, 36, 182, -1, 552, 217, 9.5, 29, Caapa, 139, 27447, 29643, 1080, , 27447, 25000, 28232, 28388, 0, 
331, 1, 120, 137, -1, 561, 344, 17.4, 29, ABprapapaa, -252, 27278, 31533, 1156, , 27278, 25000, 28034, 28086, 0, 
332, 1, 210, 358, -1, 481, 172, 21.2, 30, Cappaa, -31, 27970, 36921, 1320, , 27970, 25000, 28138, 28146, 0, 
333, 1, 313, 155, -1, 428, 288, 19.9, 31, Epraa, 311, 28095, 41581, 1480, , 28095, 25000, 28010, 28075, 0, 
334, 1, 290, 380, -1, 210, 216, 6.9, 26, ABalpaaaap, 90, 31364, 25091, 800, , 31364, 25000, 33693, 34391, 0, 
335, 1, 72, 405, -1, 368, 332, 10.2, 23, MSpppapp, 111, 28870, 15590, 540, , 28870, 25000, 28377, 28516, 0, 
336, 1, 245, 268, -1, 381, 342, 25.6, 31, ABarpppapa, 269, 28002, 37299, 1332, , 28002, 25000, 28557, 28572, 0, 
337, 1, 175, 36, -1, 341, 343, 14.7, 26, Dpaaa, 263, 27706, 23716, 856, , 27706, 25000, 28387, 28269, 0, 
338, 1, 257, 402, -1, 508, 253, 5.4, 27, ABprpppapa, -189, 38245, 37786, 988, , 38245, 25000, 36047, 36091, 0, 
339, 1, 133, 351, -1, 247, 195, 17.4, 26, MSapapaa, -2, 28167, 23435, 832, , 28167, 25000, 28177, 28094, 0, 
340, 1, 97, 280, -1, 371, 237, 5.4, 31, ABprpappap, 312, 35530, 47326, 1332, , 35530, 25000, 33877, 34568, 0, 
341, 1, 335, 86, -1, 450, 217, 5.8, 27, ABplpapppp, 47, 35067, 30438, 868, , 35067, 25000, 33307, 33343, 0, 
342, 1, 105, 274, -1, 252, 249, 25.5, 29, ABplaaaapa, 441, 28136, 30387, 1080, , 28136, 25000, 28039, 28047, 0, 
343, 1, 221, 178, -1, 197, 333, 25.6, 30, ABarpapaaa, -35, 28316, 32733, 1156, , 28316, 25000, 28408, 28407, 0, 
344, 1, 368, 275, -1, 386, 173, 19.9, 27, Dapaa, 259, 28244, 25646, 908, , 28244, 25000, 28734, 28740, 0, 
345, 1, 321, 401, -1, 177, 346, 13.4, 24, ABalaapppp, 220, 26463, 18524, 700, , 26463, 25000, 27966, 28154, 0, 
346, 1, 299, 116, -1, 338, 232, 14.5, 27, MSaapapa, 98, 34579, 30983, 896, , 34579, 25000, 31261, 30920, 0, 
347, 1, 261, 365, -1, 488, 352, 18.4, 29, Cpppaa, 294, 27525, 31819, 1156, , 27525, 25000, 28287, 28354, 0, 
348, 1, 387, 239, -1, 293, 198, 9.5, 27, ABalpappppa, 203, 28921, 25913, 896, , 28921, 25000, 28528, 28644, 0, 
349, 1, 287, 185, -1, 399, 173, 25.5, 31, ABarppapaa, 257, 28574, 35203, 1232, , 28574, 25000, 28827, 28829, 0, 
350, 1, 6, 37, -1, 171, 296, 19.3, 28, MSpaaaaa, 232, 28620, 30452, 1064, , 28620, 25000, 28098, 28209, 0, 
351, 1, 26, 287, -1, 499, 132, 8.7, 30, ABplpppaap, 253, 28703, 37543, 1308, , 28703, 25000, 28412, 28423, 0, 
352, 1, 202, 292, -1, 318, 287, 19.1, 27, MSpaaappp, 229, 29316, 26619, 908, , 29316, 25000, 28181, 28141, 0, 
353, 1, 153, 170, -1, 276, 181, 14.9, 25, MSapapap, 227, 28185, 19391, 688, , 28185, 25000, 28208, 28181, 0, 
354, 1, 71, 362, -1, 278, 347, 15.0, 24, ABpraaapppa, -61, 29046, 17660, 608, , 29046, 25000, 28097, 28270, 0, 
355, 1, 109, 231, -1, 542, 229, 24.3, 32, Caaapa, 319, 28874, 45737, 1584, , 28874, 25000, 27854, 27860, 0, 
356, 1, 13, 388, -1, 434, 371, 16.8, 29, Dppap, 249, 27638, 30733, 1112, , 27638, 25000, 28765, 28782, 0, 
357, 1, 355, 48, -1, 323, 400, 15.5, 27, ABpraappap, 223, 27208, 24378, 896, , 27208, 25000, 27665, 27702, 0, 
358, 1, 262, 277, -1, 311, 362, 24.4, 30, ABarpapppp, 258, 26588, 30736, 1156, , 26588, 25000, 28173, 28277, 0, 
359, 1, 192, 181, -1, 436, 158, 16.5, 29, Capaaa, 249, 28295, 30559, 1080, , 28295, 25000, 28162, 28076, 0, 
360, 0, 33, -1, -1, 491, 201, 6.4, 27, , 66, 1066, 34177, 988, , 34592, 25000, 33349, 33526, 0, 
361, 1, 61, 80, -1, 448, 265, 5.5, 28, ABprppppaa, 224, 36264, 39165, 1080, , 36264, 25000, 33396, 33604, 0, 
362, 1, 122, 46, -1, 486, 156, 17.4, 29, Capapa, 277, 28119, 32506, 1156, , 28119, 25000, 28452, 28456, 0, 
363, 1, 306, 18, -1, 281, 190, 25.8, 29, ABplaaappa, 231, 28048, 31189, 1112, , 28048, 25000, 28914, 28751, 0, 
364, 1, 392, 313, -1, 337, 382, 23.4, 24, ABarpppaaa, 123, 26739, 18717, 700, , 26739, 25000, 27355, 27466, 0, 
365, 1, 230, 160, -1, 258, 149, 19.6, 24, ABalpppppap, 231, 28430, 19901, 700, , 28430, 25000, 28106, 28209, 0, 
366, 1, 57, 310, -1, 207, 244, 22.9, 27, MSaaaaapp, 239, 28165, 25574, 908, , 28165, 25000, 28281, 28195, 0, 
367, 1, 152, 95, -1, 200, 264, 12.3, 24, ABaraaapapa, 244, 28338, 19950, 704, , 28338, 25000, 28010, 28081, 0, 
368, 1, 53, 253, -1, 218, 187, 14.8, 26, MSapaaap, 231, 26450, 21054, 796, , 26450, 25000, 27574, 27618, 0, 
369, 1, 183, 2, 27, 313, 217, 12.2, 29, MSaapaaa, 197, 31789, 35349, 1112, , 31789, 25000, 29947, 29709, 0, 
370, 1, 314, 330, -1, 415, 222, 5.5, 29, ABplpapppa, 225, 33470, 36148, 1080, , 33470, 25000, 33895, 33950, 0, 
371, 0, 50, -1, -1, 368, 300, 15.6, 23, , 184, 977, 19578, 640, , 30591, 25000, 29399, 29614, 0, 
372, 1, 374, 301, -1, 257, 150, 13.1, 28, ABplpaaaaa, 272, 28052, 30521, 1088, , 28052, 25000, 27644, 27619, 0, 
373, 1, 389, 63, -1, 278, 316, 12.1, 24, MSppapap, 217, 26391, 15940, 604, , 26391, 25000, 28287, 28582, 0, 
374, 1, 269, 375, -1, 446, 163, 25.7, 29, ABarppapap, 287, 26919, 28749, 1068, , 26919, 25000, 28816, 28899, 0, 
375, 1, 357, 65, -1, 372, 135, 10.6, 26, ABplppaapa, 286, 27441, 22831, 832, , 27441, 25000, 27742, 27705, 0, 
376, 1, 377, 286, -1, 521, 159, 23.5, 29, ABarppappa, 281, 26747, 28887, 1080, , 26747, 25000, 28719, 28716, 0, 
377, 1, 116, 153, -1, 267, 384, 20.5, 27, ABarpappap, 234, 28930, 25921, 896, , 28930, 25000, 27719, 27764, 0, 
378, 1, 319, 129, -1, 141, 207, 19.4, 26, ABalapaaaa, 227, 26221, 21816, 832, , 26221, 25000, 27575, 27609, 0, 
379, 1, 330, 345, -1, 121, 239, 16.5, 29, ABalaaapar, 204, 26048, 28132, 1080, , 26048, 25000, 26917, 26862, 0, 
380, 1, 310, 145, -1, 573, 257, 21.5, 33, Cpaapp, 325, 27502, 44664, 1624, , 27502, 25000, 28406, 28412, 0, 
381, 1, 347, 247, -1, 555, 299, 17.1, 31, Cppppa, 275, 27524, 40736, 1480, , 27524, 25000, 28305, 28389, 0, 
382, 1, 228, 184, -1, 407, 324, 9.2, 27, MSpapppa, 271, 28858, 25049, 868, , 28858, 25000, 28887, 28758, 0, 
383, 1, 316, 16, -1, 462, 181, 6.0, 27, ABplppppap, 268, 33991, 35079, 1032, , 33991, 25000, 33206, 33328, 0, 
384, 1, 317, 306, -1, 302, 202, 21.1, 23, MSapppap, 271, 26681, 13234, 496, , 26681, 25000, 27804, 27842, 0, 
385, 1, 73, 212, -1, 409, 353, 11.4, 28, Dpapp, 206, 27845, 27511, 988, , 27845, 25000, 29345, 29399, 0, 
386, 1, 102, 223, -1, 602, 245, 13.5, 31, Cpappd, 290, 26700, 32894, 1232, , 26700, 25000, 28288, 28356, 0, 
387, 1, 272, 135, -1, 315, 349, 12.6, 25, MSppppaa, 157, 27032, 22491, 832, , 27032, 25000, 27528, 27625, 0, 
388, 1, 404, 356, -1, 169, 175, 18.2, 30, ABalapaapp, 243, 27657, 36507, 1320, , 27657, 25000, 27942, 27878, 0, 
389, 1, 132, 77, -1, 133, 328, 16.0, 26, ABalappapa, 266, 27417, 23359, 852, , 27417, 25000, 27604, 27551, 0, 
390, 1, 397, 260, -1, 171, 316, 22.8, 25, ABalapppap, 281, 28946, 20378, 704, , 28946, 25000, 28282, 28336, 0, 
391, 1, 239, 409, -1, 362, 175, 6.5, 26, ABplpappaap, 254, 31116, 27880, 896, , 31116, 25000, 33386, 33480, 0, 
392, 1, 20, 131, -1, 393, 208, 9.9, 25, MSaappap, 515, 28788, 19806, 688, , 28788, 25000, 29320, 29273, 0, 
393, 1, 130, 383, -1, 174, 211, 21.3, 25, ABalapappa, -107, 27262, 20828, 764, , 27262, 25000, 28432, 28454, 0, 
394, 1, 256, 386, -1, 300, 160, 17.0, 22, MSapppaa, 40, 26911, 10334, 384, , 26911, 25000, 28188, 28291, 0, 
395, 1, 358, 214, -1, 262, 252, 19.1, 25, MSaaapaap, 170, 28263, 19445, 688, , 28263, 25000, 28387, 28447, 0, 
396, 1, 243, 163, -1, 387, 223, 24.1, 27, MSappppp, 110, 29490, 26777, 908, , 29490, 25000, 28595, 28860, 0, 
397, 1, 162, 302, -1, 152, 329, 18.2, 24, ABalappppaa, 395, 26409, 17324, 656, , 26409, 25000, 28221, 28164, 0, 
398, 1, 400, 295, -1, 205, 363, 22.0, 29, ABalappppp, 35, 27523, 33798, 1228, , 27523, 25000, 27260, 27226, 0, 
399, 1, 307, 17, -1, 332, 236, 4.9, 21, ABprpappaa, 197, 38649, 13450, 348, , 38649, 25000, 37221, 37221, 0, 
400, 1, 147, 15, -1, 207, 216, 15.0, 22, ABalpaapapp, -279, 28617, 10989, 384, , 28617, 25000, 28252, 28401, 0, 
401, 1, 388, 123, -1, 258, 225, 13.4, 26, ABalpaaapp, -122, 28474, 23690, 832, , 28474, 25000, 28070, 28114, 0, 
402, 1, 326, 390, -1, 399, 134, 20.0, 21, ABplaapppp, 449, 27820, 10683, 384, , 27820, 25000, 27573, 27587, 0, 
403, 1, 346, 376, -1, 186, 330, 10.5, 25, ABalaappap, 464, 27941, 21459, 768, , 27941, 25000, 27639, 27609, 0, 
404, 1, 401, 404, -1, 197, 295, 19.0, 22, MSpaaaapa, 0, 27419, 10529, 384, , 27419, 25000, 28532, 28288, 0, 
405, 1, 402, 406, -1, 355, 397, 16.0, 26, ABpraapppa, 238, 28466, 24253, 852, , 28466, 25000, 28482, 28542, 0, 
406, 1, 403, 408, -1, 179, 247, 25.0, 22, ABalapapap, 184, 26333, 10112, 384, , 26333, 25000, 27892, 27983, 0, 
407, 1, 104, 154, -1, 173, 177, 15.9, 29, ABalapaapa, 291, 28682, 34648, 1208, , 28682, 25000, 28037, 28153, 0, 
408, 1, 405, 410, -1, 506, 194, 6.0, 24, ABplpppapap, 0, 38090, 23159, 608, , 38090, 25000, 36455, 36762, 0, 
