1, 1, 152, 182, -1, 208, 371, 18.7, 30, ABpraapaap, -201, 27155, 35519, 1308, , 27155, 25000, 27824, 27902, 0, 
2, 1, 91, 273, -1, 466, 398, 13.5, 27, ABprappaaa, -109, 27646, 24771, 896, , 27646, 25000, 27871, 27996, 0, 
3, 1, 141, 236, -1, 305, 329, 20.6, 29, MSpppppa, 235, 27557, 31856, 1156, , 27557, 25000, 28651, 28635, 0, 
4, 1, 57, 139, -1, 515, 119, 17.4, 29, ABplapapap, 237, 27414, 31691, 1156, , 27414, 25000, 28592, 28650, 0, 
5, 1, 303, 385, -1, 393, 233, 15.6, 33, Ealpa, 332, 28990, 47544, 1640, , 28990, 25000, 29991, 29635, 0, 
6, 1, 276, 324, -1, 275, 274, 21.5, 28, MSpaaapa, 268, 28119, 30368, 1080, , 28119, 25000, 28134, 28191, 0, 
7, 1, 243, 164, 255, 225, 276, 16.4, 30, ABaraappap, 205, 28219, 32621, 1156, , 28219, 25000, 27865, 27884, 0, 
8, 1, 14, 192, -1, 308, 288, 12.9, 26, ABaraapppp, 129, 28265, 22612, 800, , 28265, 25000, 28678, 28504, 0, 
9, 1, 341, 148, -1, 269, 178, 19.5, 26, ABalppppppa, 230, 26509, 23752, 896, , 26509, 25000, 27811, 27912, 0, 
10, 1, 23, 23, -1, 335, 371, 20.8, 29, ABprapaaaa, 413, 28112, 31261, 1112, , 28112, 25000, 28015, 27979, 0, 
11, 1, 45, 44, -1, 355, 384, 18.2, 30, ABprapaaap, -25, 27523, 36331, 1320, , 27523, 25000, 28303, 28388, 0, 
12, 1, 403, 33, -1, 254, 157, 13.5, 30, ABplpaaaaa, 274, 27136, 33432, 1232, , 27136, 25000, 27851, 27995, 0, 
13, 1, 245, 29, -1, 207, 345, 9.1, 28, ABpraaaaaa, 172, 27773, 30217, 1088, , 27773, 25000, 28086, 28118, 0, 
14, 1, 267, 391, -1, 315, 185, 13.5, 28, MSapaapp, 281, 27425, 29619, 1080, , 27425, 25000, 27978, 28058, 0, 
15, 1, 83, 327, -1, 582, 285, 12.6, 27, ABprapappp, 252, 29171, 28821, 988, , 29171, 25000, 28477, 28472, 0, 
16, 1, 227, 275, -1, 139, 199, 11.6, 25, ABalaaaala, 221, 28267, 23518, 832, , 28267, 25000, 27246, 27259, 0, 
17, 1, 249, 363, -1, 342, 188, 15.5, 28, MSappaaa, 194, 28326, 30592, 1080, , 28326, 25000, 28220, 28262, 0, 
18, 1, 42, 6, -1, 488, 159, 18.2, 29, Capapa, 177, 27762, 30871, 1112, , 27762, 25000, 28754, 28760, 0, 
19, 1, 232, 270, -1, 303, 387, 9.7, 28, ABprpaappp, 231, 26845, 28563, 1064, , 26845, 25000, 27460, 27495, 0, 
20, 1, 275, 180, -1, 258, 256, 19.5, 25, MSaaapaap, 202, 28389, 21803, 768, , 28389, 25000, 28411, 28389, 0, 
21, 1, 6, 193, -1, 165, 258, 16.5, 27, ABaraapaaa, 252, 28493, 25530, 896, , 28493, 25000, 27506, 27628, 0, 
22, 1, 181, 229, -1, 491, 353, 18.3, 31, Cpppaa, 262, 27781, 38004, 1368, , 27781, 25000, 27869, 27902, 0, 
23, 1, 108, 400, -1, 249, 344, 13.6, 30, ABpraaappa, 302, 27603, 31909, 1156, , 27603, 25000, 28442, 28688, 0, 
24, 1, 379, 130, -1, 376, 350, 25.9, 34, ABarpppapa, 305, 29153, 57607, 1976, , 29153, 25000, 28513, 28514, 0, 
25, 1, 154, 73, -1, 439, 343, 6.6, 26, ABprppappa, 257, 30391, 25285, 832, , 30391, 25000, 32681, 32711, 0, 
26, 1, 62, 86, -1, 490, 259, 9.4, 28, ABprpppppa, 246, 27817, 27483, 988, , 27817, 25000, 28015, 28016, 0, 
27, 1, 147, 344, -1, 368, 164, 9.0, 28, ABplpapapa, 212, 28095, 31691, 1128, , 28095, 25000, 28858, 29068, 0, 
28, 1, 187, 366, -1, 468, 120, 20.7, 28, ABplappaap, 245, 28151, 29953, 1064, , 28151, 25000, 27765, 27675, 0, 
29, 1, 66, 67, -1, 255, 123, 14.8, 24, ABplpaaapa, -38, 26297, 17251, 656, , 26297, 25000, 27316, 27288, 0, 
30, 0, 34, -1, -1, 85, 264, 16.0, 27, , 231, 2056, 29758, 1032, , 28835, 25000, 26750, 26779, 0, 
31, 1, 2, 114, -1, 368, 136, 22.3, 26, ABplapaapa, 41, 27606, 23631, 856, , 27606, 25000, 28327, 28286, 0, 
32, 1, 166, 127, -1, 547, 160, 9.3, 26, ABplappppp, 214, 28701, 24568, 856, , 28701, 25000, 28146, 28193, 0, 
33, 1, 211, 351, -1, 167, 275, 13.0, 27, ABaraaapaa, 150, 26605, 27456, 1032, , 26605, 25000, 27907, 27874, 0, 
34, 1, 151, 165, -1, 436, 403, 14.3, 26, ABprapaapp, 84, 27277, 23349, 856, , 27277, 25000, 27597, 27624, 0, 
35, 1, 329, 316, -1, 164, 167, 18.3, 27, ABalapaapp, -110, 27255, 25184, 924, , 27255, 25000, 27083, 27121, 0, 
36, 1, 123, 84, -1, 135, 197, 18.4, 27, ABalapaaaa, 86, 27830, 27496, 988, , 27830, 25000, 27458, 27483, 0, 
37, 1, 132, 17, -1, 246, 315, 7.7, 27, ABarappppa, 270, 28429, 26268, 924, , 28429, 25000, 30855, 30745, 0, 
38, 1, 384, 56, -1, 438, 318, 8.9, 21, MSpapppp, 175, 27417, 9541, 348, , 27417, 25000, 27325, 27325, 0, 
39, 1, 130, 348, -1, 138, 268, 10.9, 28, ABalaaaarr, 171, 27074, 29456, 1088, , 27074, 25000, 26875, 26796, 0, 
40, 1, 311, 403, -1, 475, 319, 5.6, 31, ABprpppaaa, 260, 35389, 47138, 1332, , 35389, 25000, 35320, 35578, 0, 
41, 1, 150, 63, -1, 201, 177, 17.9, 28, ABalppppaa, 172, 27233, 29630, 1088, , 27233, 25000, 27913, 27938, 0, 
42, 1, 296, 225, -1, 131, 298, 15.1, 27, ABalaaappl, 226, 26469, 24034, 908, , 26469, 25000, 27512, 27373, 0, 
43, 1, 398, 218, -1, 322, 357, 12.9, 23, MSppppaa, 165, 27966, 13871, 496, , 27966, 25000, 28537, 28720, 0, 
44, 1, 214, 280, -1, 319, 322, 10.9, 25, MSppaapp, 229, 27818, 19139, 688, , 27818, 25000, 27924, 27899, 0, 
45, 1, 176, 51, -1, 408, 281, 14.5, 31, Earpa, 278, 27612, 34018, 1232, , 27612, 25000, 29177, 29194, 0, 
46, 1, 115, 265, -1, 522, 302, 5.9, 28, ABprpppaap, 280, 37315, 40599, 1088, , 37315, 25000, 35831, 36182, 0, 
47, 1, 12, 146, -1, 533, 361, 19.1, 28, ABarpppppa, 257, 27634, 30066, 1088, , 27634, 25000, 28020, 27995, 0, 
48, 1, 203, 69, -1, 139, 255, 14.0, 24, ABaraaaapa, 225, 27740, 16866, 608, , 27740, 25000, 27239, 27010, 0, 
49, 1, 231, 223, -1, 307, 353, 8.7, 26, ABprpaaapp, -60, 26883, 23012, 856, , 26883, 25000, 27953, 28001, 0, 
50, 1, 183, 35, -1, 432, 113, 14.5, 28, ABplppapap, 239, 26618, 28747, 1080, , 26618, 25000, 28237, 28237, 0, 
51, 1, 106, 65, -1, 403, 354, 11.1, 27, Dpapp, 225, 26345, 23921, 908, , 26345, 25000, 28869, 28929, 0, 
52, 1, 196, 224, -1, 490, 342, 7.2, 27, ABprppappp, 223, 28468, 24710, 868, , 28468, 25000, 31718, 31615, 0, 
53, 1, 396, 94, -1, 325, 235, 5.2, 26, ABprpappaa, 198, 35788, 28487, 796, , 35788, 25000, 34765, 34827, 0, 
54, 1, 168, 340, -1, 312, 345, 18.0, 27, MSppppap, 228, 27213, 28084, 1032, , 27213, 25000, 28563, 28594, 0, 
55, 1, 55, 116, -1, 288, 227, 15.1, 27, ABaraapapp, 260, 28909, 26249, 908, , 28909, 25000, 28547, 28662, 0, 
56, 1, 247, 349, -1, 363, 207, 12.8, 29, MSaapapp, 275, 32985, 36679, 1112, , 32985, 25000, 29704, 29712, 0, 
57, 1, 111, 176, -1, 177, 300, 19.3, 28, MSpaaaaa, 238, 27002, 28730, 1064, , 27002, 25000, 28161, 28221, 0, 
58, 1, 252, 153, -1, 285, 321, 7.1, 25, ABarapppppa, 210, 29211, 18578, 636, , 29211, 25000, 30879, 30802, 0, 
59, 1, 38, 212, -1, 391, 316, 6.3, 25, ABprppaapa, -59, 33162, 25336, 764, , 33162, 25000, 32621, 32727, 0, 
60, 1, 73, 285, -1, 234, 232, 9.6, 28, ABalpappaa, 223, 27451, 27122, 988, , 27451, 25000, 28611, 28621, 0, 
61, 1, 216, 232, -1, 185, 280, 26.3, 28, ABarpaaaap, 245, 27577, 29342, 1064, , 27577, 25000, 29014, 29233, 0, 
62, 1, 312, 298, -1, 264, 334, 9.5, 29, ABprpaaaaa, 130, 28018, 30259, 1080, , 28018, 25000, 28530, 28723, 0, 
63, 1, 385, 210, -1, 246, 355, 6.5, 27, ABalaapapp, 269, 34824, 31202, 896, , 34824, 25000, 35687, 35708, 0, 
64, 1, 159, 47, -1, 395, 175, 25.4, 30, ABarppapaa, 302, 27465, 31749, 1156, , 27465, 25000, 28469, 28469, 0, 
65, 1, 316, 39, -1, 351, 302, 11.8, 25, MSpppaaa, 224, 28777, 20259, 704, , 28777, 25000, 28636, 28646, 0, 
66, 1, 143, 313, -1, 413, 316, 25.5, 32, Cpaaaa, 321, 27483, 39356, 1432, , 27483, 25000, 28375, 28384, 0, 
67, 1, 349, 339, -1, 333, 314, 25.3, 30, ABarpaappa, 300, 28398, 37145, 1308, , 28398, 25000, 28965, 29013, 0, 
68, 0, 264, -1, -1, 368, 401, 12.1, 23, , -15, 1810, 14894, 496, , 30028, 25000, 28313, 28218, 0, 
69, 1, 145, 147, -1, 535, 135, 10.9, 26, ABplappppa, -292, 27361, 21889, 800, , 27361, 25000, 27474, 27438, 0, 
70, 1, 282, 71, -1, 560, 157, 13.9, 26, ABplapappp, 247, 28213, 22570, 800, , 28213, 25000, 27751, 27759, 0, 
71, 1, 88, 409, -1, 365, 284, 14.6, 25, MSpapaapp, 212, 32954, 27418, 832, , 32954, 25000, 30975, 30972, 0, 
72, 1, 96, 171, -1, 401, 329, 9.4, 28, MSpapppa, 279, 28169, 27831, 988, , 28169, 25000, 29047, 29203, 0, 
73, 1, 81, 303, -1, 272, 391, 12.0, 26, ABprpaapap, 185, 28404, 24200, 852, , 28404, 25000, 27410, 27486, 0, 
74, 1, 71, 27, -1, 266, 217, 11.8, 27, ABalpapppa, 492, 27982, 24288, 868, , 27982, 25000, 28780, 28788, 0, 
75, 1, 277, 222, -1, 546, 265, 11.0, 30, Cppppp, 255, 27357, 36877, 1348, , 27357, 25000, 28690, 28743, 0, 
76, 0, 39, -1, -1, 207, 272, 19.8, 24, , 0, -860, 17989, 656, , 27422, 25000, 28350, 28282, 0, 
77, 1, 289, 187, -1, 222, 192, 26.6, 27, ABplaaapaa, 214, 29979, 29619, 988, , 29979, 25000, 28919, 28910, 0, 
78, 1, 15, 240, -1, 321, 224, 18.9, 24, MSaaappa, 224, 30275, 18286, 604, , 30275, 25000, 28429, 28254, 0, 
79, 1, 327, 66, -1, 274, 368, 8.8, 25, ABprpaaapa, 244, 27808, 19577, 704, , 27808, 25000, 27968, 28046, 0, 
80, 1, 79, 75, -1, 424, 123, 20.8, 29, ABplapaapp, 184, 27336, 30398, 1112, , 27336, 25000, 27970, 28040, 0, 
81, 1, 221, 189, -1, 270, 267, 5.1, 26, ABarappaap, 269, 38943, 31154, 800, , 38943, 25000, 34930, 35026, 0, 
82, 1, 336, 80, -1, 412, 151, 8.6, 28, ABplppaapp, 271, 27609, 27278, 988, , 27609, 25000, 28293, 28293, 0, 
83, 1, 378, 233, -1, 261, 312, 4.7, 28, ABarapppap, 287, 37100, 39474, 1064, , 37100, 25000, 36465, 36639, 0, 
84, 1, 375, 291, -1, 190, 177, 8.8, 28, ABalpaappp, 315, 29618, 31158, 1052, , 29618, 25000, 29037, 29180, 0, 
85, 1, 30, 89, -1, 283, 265, 9.7, 27, ABarapappa, 215, 26573, 24553, 924, , 26573, 25000, 28486, 28472, 0, 
86, 1, 306, 99, -1, 484, 112, 17.7, 27, ABplappapp, 113, 26024, 24046, 924, , 26024, 25000, 28391, 28458, 0, 
87, 1, 175, 110, -1, 493, 390, 19.0, 27, ABprappapa, 153, 27836, 28727, 1032, , 27836, 25000, 27797, 27798, 0, 
88, 1, 35, 11, -1, 232, 162, 11.2, 29, ABalppappa, -8, 26871, 29880, 1112, , 26871, 25000, 27851, 28007, 0, 
89, 1, 215, 355, -1, 387, 263, 10.7, 30, MSpapapp, 151, 35116, 45932, 1308, , 35116, 25000, 30771, 30605, 0, 
90, 1, 8, 411, 424, 166, 310, 22.4, 28, ABalapppap, 227, 27600, 27269, 988, , 27600, 25000, 28631, 28700, 0, 
91, 1, 241, 10, -1, 122, 234, 16.6, 29, ABalaaapar, 145, 26887, 31081, 1156, , 26887, 25000, 27285, 27256, 0, 
92, 1, 248, 64, -1, 255, 255, 10.6, 25, ABarapaappa, 233, 27653, 23007, 832, , 27653, 25000, 28359, 28431, 0, 
93, 1, 326, 144, -1, 260, 351, 11.6, 28, ABprpaapaa, 243, 27749, 27416, 988, , 27749, 25000, 28194, 28593, 0, 
94, 1, 348, 319, -1, 274, 226, 21.6, 27, MSapappp, 251, 27715, 27382, 988, , 27715, 25000, 28025, 27984, 0, 
95, 1, 308, 163, -1, 223, 309, 11.9, 26, MSppaaap, 199, 29206, 23365, 800, , 29206, 25000, 28066, 28164, 0, 
96, 1, 87, 350, -1, 341, 327, 5.4, 30, ABarappapp, -79, 36985, 42755, 1156, , 36985, 25000, 34841, 35645, 0, 
97, 1, 184, 300, -1, 495, 132, 8.4, 28, ABplpppaap, 28, 27870, 27536, 988, , 27870, 25000, 29352, 29281, 0, 
98, 1, 357, 122, -1, 234, 360, 10.5, 27, ABpraaaapa, 216, 27772, 24884, 896, , 27772, 25000, 28151, 28339, 0, 
99, 1, 164, 256, -1, 294, 259, 12.7, 25, ABarapaappp, 170, 29759, 22736, 764, , 29759, 25000, 28659, 28665, 0, 
100, 1, 300, 288, -1, 539, 280, 24.5, 31, Cpaapa, 308, 27574, 33971, 1232, , 27574, 25000, 28245, 28312, 0, 
101, 1, 126, 284, -1, 351, 359, 9.4, 30, ABprppaaaa, -20, 27545, 31842, 1156, , 27545, 25000, 28099, 28263, 0, 
102, 1, 60, 254, -1, 278, 343, 15.3, 26, ABpraaapppa, 208, 28050, 24011, 856, , 28050, 25000, 28140, 28224, 0, 
103, 0, 386, -1, -1, 123, 266, 19.5, 24, , 208, 904, 21704, 768, , 28260, 25000, 27440, 27356, 0, 
104, 1, 202, 53, -1, 226, 270, 9.9, 26, ABarapaapa, 264, 29011, 23209, 800, , 29011, 25000, 28135, 28148, 0, 
105, 1, 139, 246, -1, 140, 300, 19.4, 28, ABalapppaa, 271, 26676, 26356, 988, , 26676, 25000, 27185, 27238, 0, 
106, 1, 127, 333, -1, 480, 330, 25.5, 33, Cpaaap, 320, 27762, 45085, 1624, , 27762, 25000, 28546, 28553, 0, 
107, 1, 80, 234, -1, 428, 182, 6.4, 27, ABplppppaa, 240, 30853, 30483, 988, , 30853, 25000, 32491, 32770, 0, 
108, 1, 237, 106, -1, 342, 170, 22.7, 30, ABplapaaap, 80, 28552, 37346, 1308, , 28552, 25000, 28315, 28341, 0, 
109, 1, 162, 54, -1, 238, 225, 16.3, 25, ABaraapapaa, 237, 27890, 21308, 764, , 27890, 25000, 27821, 28190, 0, 
110, 1, 7, 145, -1, 162, 351, 21.4, 29, ABpraapaaa, 107, 27230, 31478, 1156, , 27230, 25000, 27293, 27310, 0, 
111, 1, 206, 9, -1, 368, 141, 10.5, 26, ABplppaapa, -45, 27765, 24877, 896, , 27765, 25000, 27787, 27660, 0, 
112, 1, 54, 79, -1, 517, 178, 15.7, 29, Cappap, 253, 27876, 29772, 1068, , 27876, 25000, 28367, 28380, 0, 
113, 1, 103, 172, -1, 183, 284, 16.7, 27, ABaraappaa, 229, 27350, 25271, 924, , 27350, 25000, 27826, 27734, 0, 
114, 1, 212, 301, -1, 333, 230, 12.6, 24, MSaapaaap, 237, 32851, 22996, 700, , 32851, 25000, 29958, 29786, 0, 
115, 1, 220, 60, -1, 585, 178, 16.5, 30, Cpapaa, 287, 28149, 34679, 1232, , 28149, 25000, 28176, 28182, 0, 
116, 1, 107, 78, -1, 278, 184, 14.3, 25, MSapapap, -162, 27568, 21062, 764, , 27568, 25000, 28058, 27977, 0, 
117, 1, 310, 3, -1, 510, 157, 9.5, 25, ABplapppap, 54, 28087, 21571, 768, , 28087, 25000, 28518, 28627, 0, 
118, 1, 217, 45, -1, 193, 156, 11.0, 26, ABalaaaalp, 245, 26826, 22856, 852, , 26826, 25000, 27706, 27540, 0, 
119, 1, 124, 345, -1, 369, 244, 5.4, 29, ABprpappap, 200, 33945, 39240, 1156, , 33945, 25000, 34205, 34553, 0, 
120, 1, 190, 263, -1, 329, 300, 7.7, 25, ABprpapaaa, 256, 29505, 22542, 764, , 29505, 25000, 29570, 29607, 0, 
121, 1, 134, 104, -1, 178, 308, 7.4, 27, ABalaapaap, 229, 29695, 29339, 988, , 29695, 25000, 31679, 31827, 0, 
122, 1, 146, 379, -1, 273, 375, 17.5, 26, ABpraapappp, 124, 27107, 24288, 896, , 27107, 25000, 28179, 28174, 0, 
123, 1, 44, 95, -1, 257, 167, 24.2, 27, ABplaapappp, 196, 27150, 23566, 868, , 27150, 25000, 27620, 27560, 0, 
124, 0, 84, -1, -1, 375, 300, 16.2, 24, , 194, 143, 19914, 656, , 30357, 25000, 29926, 30214, 0, 
125, 1, 377, 281, -1, 143, 212, 20.6, 22, ABalapappaa, 224, 27397, 15671, 572, , 27397, 25000, 27732, 27690, 0, 
126, 1, 343, 299, -1, 392, 207, 9.9, 26, MSaappap, -148, 28485, 22788, 800, , 28485, 25000, 28934, 28986, 0, 
127, 1, 297, 347, -1, 301, 366, 14.2, 27, ABprpaappa, 111, 27167, 23581, 868, , 27167, 25000, 27759, 27844, 0, 
128, 1, 256, 142, 408, 509, 253, 5.9, 30, ABprpppapa, 198, 35608, 48285, 1356, , 35608, 25000, 36105, 36087, 0, 
129, 1, 68, 124, -1, 452, 143, 8.9, 27, ABplpppaaa, 43, 27630, 25088, 908, , 27630, 25000, 28018, 28039, 0, 
130, 1, 228, 186, -1, 293, 229, 11.2, 24, MSaapaaaa, 161, 30645, 20103, 656, , 30645, 25000, 29231, 29423, 0, 
131, 1, 104, 394, -1, 434, 370, 16.5, 27, Dppap, 258, 27277, 24440, 896, , 27277, 25000, 28442, 28445, 0, 
132, 1, 352, 2, -1, 545, 310, 10.3, 27, ABprapppaa, 205, 26920, 24874, 924, , 26920, 25000, 28170, 28264, 0, 
133, 1, 75, 132, -1, 194, 241, 17.6, 30, ABaraapaap, 150, 28104, 32488, 1156, , 28104, 25000, 28251, 28266, 0, 
134, 1, 339, 52, -1, 550, 149, 20.4, 29, ABplapapaa, 104, 27895, 32247, 1156, , 27895, 25000, 27814, 27813, 0, 
135, 1, 413, 74, -1, 378, 407, 17.4, 25, ABprapaapa, 710, 27315, 22726, 832, , 27315, 25000, 28585, 28677, 0, 
136, 1, 114, 302, -1, 205, 271, 12.6, 24, ABaraaapapa, 241, 28251, 19776, 700, , 28251, 25000, 28566, 28527, 0, 
137, 1, 173, 245, -1, 216, 308, 5.9, 26, ABarapppaa, 227, 36654, 29323, 800, , 36654, 25000, 37083, 37123, 0, 
138, 1, 27, 250, -1, 139, 331, 16.0, 27, ABalappapa, 239, 28096, 28995, 1032, , 28096, 25000, 27562, 27371, 0, 
139, 1, 268, 368, -1, 143, 292, 9.2, 27, ABalaapaaa, 249, 28559, 24789, 868, , 28559, 25000, 28395, 28436, 0, 
140, 1, 355, 208, -1, 172, 260, 7.2, 27, ABaraaappa, 263, 30399, 26386, 868, , 30399, 25000, 32475, 33158, 0, 
141, 1, 382, 108, -1, 145, 270, 17.5, 28, MSaaaaaa, -140, 26398, 28510, 1080, , 26398, 25000, 27430, 27442, 0, 
142, 1, 61, 141, -1, 400, 397, 13.1, 28, ABpraapppp, 261, 28200, 30682, 1088, , 28200, 25000, 28192, 28202, 0, 
143, 1, 101, 294, -1, 200, 302, 24.4, 28, ABarpaaapa, 249, 27572, 27241, 988, , 27572, 25000, 28340, 28330, 0, 
144, 1, 367, 42, -1, 504, 344, 15.3, 32, Cppapa, 747, 28544, 45214, 1584, , 28544, 25000, 28623, 28679, 0, 
145, 1, 156, 227, -1, 238, 131, 11.8, 27, ABalppaapp, 206, 27950, 24261, 868, , 27950, 25000, 26820, 26872, 0, 
146, 1, 381, 387, -1, 325, 200, 5.3, 22, ABplpappaaa, 197, 37828, 19822, 524, , 37828, 25000, 36216, 36193, 0, 
147, 1, 4, 277, -1, 494, 389, 14.1, 25, ABprappaap, 141, 28626, 19695, 688, , 28626, 25000, 27772, 27943, 0, 
148, 1, 285, 7, -1, 289, 119, 16.9, 27, ABplpaappp, -52, 26502, 24064, 908, , 26502, 25000, 27624, 27654, 0, 
149, 1, 257, 413, -1, 385, 116, 14.6, 30, ABplppapaa, 260, 28009, 32378, 1156, , 28009, 25000, 27926, 27931, 0, 
150, 1, 179, 297, -1, 125, 228, 13.1, 25, ABalaaaarl, 208, 26448, 18196, 688, , 26448, 25000, 27252, 27155, 0, 
151, 1, 197, 87, -1, 479, 197, 9.1, 28, ABplpppppa, 17, 27813, 30260, 1088, , 27813, 25000, 28461, 28483, 0, 
152, 1, 317, 152, -1, 322, 201, 24.6, 29, ABplapaaaa, 232, 27380, 31651, 1156, , 27380, 25000, 27932, 27899, 0, 
153, 1, 117, 167, -1, 233, 215, 12.6, 27, ABalpaaapa, 277, 26767, 26446, 988, , 26767, 25000, 28015, 28144, 0, 
154, 1, 153, 72, -1, 422, 161, 11.5, 27, MSaapppp, 251, 26838, 24047, 896, , 26838, 25000, 28439, 28438, 0, 
155, 1, 283, 58, -1, 523, 155, 12.8, 25, ABplapppaa, -17, 27301, 19220, 704, , 27301, 25000, 28203, 28285, 0, 
156, 1, 344, 113, -1, 334, 363, 6.6, 28, ABprpaaaap, 201, 31221, 30846, 988, , 31221, 25000, 33601, 33892, 0, 
157, 1, 94, 329, -1, 364, 357, 12.9, 25, Dpapa, 239, 27273, 18764, 688, , 27273, 25000, 28005, 28095, 0, 
158, 0, 185, -1, -1, 213, 144, 13.4, 24, , 218, 2241, 20678, 700, , 29540, 25000, 27276, 27299, 0, 
159, 1, 263, 292, -1, 449, 171, 12.9, 30, Capaap, 277, 27344, 37079, 1356, , 27344, 25000, 28173, 28304, 0, 
160, 1, 371, 155, -1, 227, 328, 18.4, 25, MSppappa, 200, 28246, 23501, 832, , 28246, 25000, 28182, 28086, 0, 
161, 1, 58, 49, -1, 562, 342, 17.3, 30, ABprapapaa, 287, 28191, 36874, 1308, , 28191, 25000, 28273, 28313, 0, 
162, 1, 383, 414, -1, 432, 168, 20.4, 26, Dapap, 243, 27434, 22825, 832, , 27434, 25000, 28316, 28316, 0, 
163, 1, 251, 247, -1, 419, 175, 14.8, 25, MSappaap, 246, 26026, 18322, 704, , 26026, 25000, 28217, 28277, 0, 
164, 1, 244, 377, -1, 264, 208, 7.0, 23, ABalpappapa, 234, 30199, 15462, 512, , 30199, 25000, 31965, 31679, 0, 
165, 1, 191, 70, -1, 237, 282, 5.7, 26, ABarappaaa, 26, 38611, 33051, 856, , 38611, 25000, 35273, 35302, 0, 
166, 1, 325, 242, -1, 503, 278, 16.8, 32, Eprpa, 329, 28536, 45886, 1608, , 28536, 25000, 28586, 28579, 0, 
167, 1, 218, 4, -1, 201, 353, 15.6, 28, ABpraaapap, 244, 26580, 26261, 988, , 26580, 25000, 27634, 27733, 0, 
168, 1, 136, 304, -1, 261, 159, 7.4, 30, ABalppapap, 759, 28800, 33293, 1156, , 28800, 25000, 32650, 32955, 0, 
169, 1, 51, 380, -1, 359, 161, 14.2, 26, MSappapp, 166, 26961, 21461, 796, , 26961, 25000, 27796, 27813, 0, 
170, 0, 301, -1, -1, 344, 325, 12.1, 23, , 219, -1367, 13293, 496, , 26800, 25000, 28013, 28167, 0, 
171, 1, 129, 68, -1, 290, 121, 20.8, 24, ABplaappaa, 153, 27563, 18081, 656, , 27563, 25000, 28056, 28079, 0, 
172, 1, 281, 259, -1, 428, 209, 26.4, 32, ABarppaapp, 308, 28408, 42158, 1484, , 28408, 25000, 28633, 28718, 0, 
173, 1, 286, 183, -1, 205, 259, 7.5, 28, ABarapaaaa, 250, 31190, 33685, 1080, , 31190, 25000, 31236, 30969, 0, 
174, 1, 269, 62, -1, 258, 154, 19.4, 24, ABalpppppap, 234, 29044, 20331, 700, , 29044, 25000, 27666, 27624, 0, 
175, 1, 63, 160, -1, 298, 247, 6.8, 28, ABarapapap, 109, 31736, 33386, 1052, , 31736, 25000, 33192, 33567, 0, 
176, 1, 17, 15, -1, 317, 135, 8.5, 28, ABalpapapp, 274, 28203, 30459, 1080, , 28203, 25000, 28923, 28974, 0, 
177, 1, 314, 217, -1, 392, 358, 16.1, 27, Dppaa, 279, 28569, 25941, 908, , 28569, 25000, 28187, 28114, 0, 
178, 1, 198, 177, -1, 248, 252, 6.8, 26, ABarapapaa, -48, 32123, 25570, 796, , 32123, 25000, 33306, 32526, 0, 
179, 1, 290, 397, -1, 198, 207, 25.9, 26, ABalapappp, 255, 27623, 22098, 800, , 27623, 25000, 28382, 28431, 0, 
180, 0, 32, -1, -1, 155, 247, 23.3, 25, , 9, 1915, 22634, 764, , 29626, 25000, 27675, 27711, 0, 
181, 1, 182, 126, -1, 523, 160, 23.8, 30, ABarppappa, 288, 28227, 37259, 1320, , 28227, 25000, 28366, 28382, 0, 
182, 0, 330, -1, -1, 497, 182, 6.0, 22, , 145, -2533, 12978, 384, , 33797, 25000, 36251, 36330, 0, 
183, 1, 65, 206, -1, 278, 283, 14.2, 24, ABaraapppap, 234, 26367, 17297, 656, , 26367, 25000, 27453, 27434, 0, 
184, 1, 209, 200, -1, 398, 294, 18.5, 33, Earap, 294, 26962, 43787, 1624, , 26962, 25000, 28876, 28807, 0, 
185, 1, 208, 154, -1, 234, 352, 18.8, 25, ABpraapappa, 165, 27233, 19172, 704, , 27233, 25000, 28468, 28515, 0, 
186, 1, 271, 26, -1, 349, 257, 7.8, 26, ABarapapppp, 248, 28209, 22454, 796, , 28209, 25000, 30308, 30327, 0, 
187, 1, 92, 383, -1, 289, 140, 14.0, 29, ABplpaaapp, 238, 26811, 32924, 1228, , 26811, 25000, 27484, 27468, 0, 
188, 1, 170, 138, -1, 549, 132, 16.4, 27, ABarppappp, -47, 28001, 27665, 988, , 28001, 25000, 28210, 28254, 0, 
189, 1, 53, 140, -1, 405, 401, 20.5, 29, ABarppppaa, 295, 27887, 30118, 1080, , 27887, 25000, 28146, 28153, 0, 
190, 1, 144, 287, 358, 209, 331, 21.5, 31, ABarpapaap, 125, 26627, 32804, 1232, , 26627, 25000, 27774, 27787, 0, 
191, 1, 102, 137, -1, 156, 209, 24.8, 28, ABplaapaaa, 45, 29004, 30512, 1052, , 29004, 25000, 28373, 28351, 0, 
192, 1, 142, 388, -1, 326, 153, 12.2, 25, ABplpapaap, 225, 26763, 18841, 704, , 26763, 25000, 27794, 27778, 0, 
193, 1, 122, 81, -1, 166, 205, 8.7, 26, ABalpaappa, 220, 27669, 23685, 856, , 27669, 25000, 28904, 28945, 0, 
194, 1, 258, 179, -1, 442, 165, 25.6, 30, ABarppapap, 305, 29324, 33898, 1156, , 29324, 25000, 28579, 28584, 0, 
195, 1, 236, 362, -1, 200, 165, 21.3, 30, ABalppppap, 219, 28102, 36757, 1308, , 28102, 25000, 27616, 27636, 0, 
196, 1, 254, 77, -1, 197, 361, 11.6, 26, ABpraaaaap, 256, 27296, 22710, 832, , 27296, 25000, 28094, 28172, 0, 
197, 1, 304, 384, -1, 166, 352, 16.4, 29, ABalappapp, 262, 28453, 32892, 1156, , 28453, 25000, 27892, 27775, 0, 
198, 1, 199, 134, -1, 141, 311, 12.4, 28, ABalaaappr, 282, 27853, 27519, 988, , 27853, 25000, 27672, 27663, 0, 
199, 1, 157, 262, -1, 298, 386, 16.9, 27, ABpraaapppp, 224, 28070, 25488, 908, , 28070, 25000, 27569, 27801, 0, 
200, 1, 318, 369, -1, 476, 260, 5.9, 26, ABprppppapp, 191, 36891, 29513, 800, , 36891, 25000, 32835, 32899, 0, 
201, 1, 366, 330, -1, 180, 259, 9.5, 27, ABaraaaaap, 274, 28256, 25317, 896, , 28256, 25000, 28671, 28576, 0, 
202, 1, 270, 43, -1, 339, 126, 15.5, 30, ABplppaaaa, 136, 27045, 33319, 1232, , 27045, 25000, 27885, 27904, 0, 
203, 1, 331, 271, -1, 494, 222, 12.4, 31, Eplpp, 88, 28428, 37866, 1332, , 28428, 25000, 28728, 28729, 0, 
204, 1, 294, 312, 320, 280, 151, 10.3, 30, ABalppappp, 808, 27369, 35798, 1308, , 27369, 25000, 28175, 28187, 0, 
205, 1, 320, 168, -1, 313, 168, 9.4, 25, ABplpapaaa, 673, 26599, 22130, 832, , 26599, 25000, 28452, 28464, 0, 
206, 1, 50, 136, -1, 191, 216, 8.7, 27, ABalpaaaaa, 230, 28393, 26235, 924, , 28393, 25000, 29148, 29267, 0, 
207, 1, 25, 119, -1, 463, 366, 8.8, 27, ABprppapap, 265, 28188, 24467, 868, , 28188, 25000, 28838, 28841, 0, 
208, 1, 31, 170, -1, 465, 180, 6.4, 28, ABplppppap, 212, 31777, 31396, 988, , 31777, 25000, 32983, 32940, 0, 
209, 1, 33, 269, -1, 384, 325, 12.6, 26, MSpppaap, 236, 27368, 22770, 832, , 27368, 25000, 28687, 28753, 0, 
210, 1, 167, 322, -1, 487, 173, 21.3, 31, Cappaa, 303, 27243, 37268, 1368, , 27243, 25000, 28292, 28283, 0, 
211, 1, 93, 156, -1, 241, 188, 20.1, 30, ABplaapapa, 303, 27677, 37530, 1356, , 27677, 25000, 28003, 28054, 0, 
212, 1, 85, 133, -1, 293, 201, 10.0, 26, ABalpappppa, 112, 27992, 23849, 852, , 27992, 25000, 29308, 29206, 0, 
213, 1, 229, 88, -1, 478, 163, 11.5, 28, Capapp, 246, 27227, 29405, 1080, , 27227, 25000, 28384, 28512, 0, 
214, 1, 402, 282, -1, 241, 190, 11.6, 23, MSapaapa, 136, 28727, 18385, 640, , 28727, 25000, 28062, 28162, 0, 
215, 0, 119, -1, -1, 528, 253, 7.3, 24, , 103, -1401, 21276, 704, , 30222, 25000, 31884, 31623, 0, 
216, 1, 193, 201, -1, 186, 212, 22.2, 25, ABalapappap, 165, 29675, 20891, 704, , 29675, 25000, 28005, 28005, 0, 
217, 1, 67, 20, -1, 146, 276, 22.7, 28, ABarpaaaaa, 273, 27844, 29626, 1064, , 27844, 25000, 28745, 28734, 0, 
218, 1, 116, 175, -1, 168, 207, 14.3, 27, MSapaaaa, 196, 28081, 25947, 924, , 28081, 25000, 28244, 28322, 0, 
219, 1, 18, 248, -1, 219, 246, 5.4, 27, ABarapaaap, 271, 40063, 39582, 988, , 40063, 25000, 36627, 37025, 0, 
220, 1, 224, 109, -1, 189, 287, 6.4, 26, ABaraaappp, 220, 32399, 26956, 832, , 32399, 25000, 35516, 36278, 0, 
221, 1, 226, 173, -1, 334, 262, 17.7, 25, MSaaappp, 232, 28247, 21581, 764, , 28247, 25000, 28863, 28911, 0, 
222, 1, 315, 389, -1, 197, 301, 9.9, 25, MSppaaaa, 244, 27314, 18792, 688, , 27314, 25000, 28331, 28326, 0, 
223, 1, 219, 226, -1, 200, 368, 22.6, 27, ABalappppp, -486, 27070, 26745, 988, , 27070, 25000, 27158, 27085, 0, 
224, 1, 222, 50, -1, 441, 283, 10.4, 30, Z2, 53, 27003, 31216, 1156, , 27003, 25000, 28161, 28185, 0, 
225, 1, 365, 59, -1, 548, 359, 12.2, 27, ABprapapap, 119, 27338, 23729, 868, , 27338, 25000, 27724, 27766, 0, 
226, 1, 41, 326, -1, 211, 231, 24.4, 30, ABplaaaaap, 14, 27616, 31924, 1156, , 27616, 25000, 27792, 27710, 0, 
227, 1, 99, 115, -1, 410, 356, 20.0, 29, Dpppa, 282, 27274, 33493, 1228, , 27274, 25000, 28938, 28938, 0, 
228, 1, 387, 267, -1, 547, 215, 9.4, 30, Caapa, 274, 28490, 32934, 1156, , 28490, 25000, 29391, 29586, 0, 
229, 1, 299, 305, -1, 555, 230, 7.0, 27, ABprpppppp, 74, 30719, 31702, 1032, , 30719, 25000, 33791, 34131, 0, 
230, 1, 178, 12, -1, 298, 292, 5.2, 29, ABarappapa, -4, 36335, 40405, 1112, , 36335, 25000, 34725, 34677, 0, 
231, 1, 29, 328, -1, 571, 265, 8.3, 26, ABprappppp, 240, 28824, 24673, 856, , 28824, 25000, 28985, 29089, 0, 
232, 1, 369, 28, -1, 589, 314, 14.6, 28, ABarpppppp, 280, 28298, 27958, 988, , 28298, 25000, 28339, 28342, 0, 
233, 1, 24, 230, -1, 292, 297, 10.7, 23, MSppaapa, 211, 27008, 15989, 592, , 27008, 25000, 28341, 28460, 0, 
234, 1, 105, 261, -1, 263, 233, 16.5, 26, ABaraapapap, 105, 27164, 24339, 896, , 27164, 25000, 27691, 27956, 0, 
235, 1, 89, 150, -1, 223, 377, 13.7, 28, ABpraaaapp, 187, 25958, 27619, 1064, , 25958, 25000, 27333, 27371, 0, 
236, 1, 340, 321, -1, 361, 226, 9.1, 25, MSaappaa, 179, 27068, 18623, 688, , 27068, 25000, 30078, 30101, 0, 
237, 1, 148, 335, -1, 544, 188, 19.1, 29, Capppa, 295, 27568, 33302, 1208, , 27568, 25000, 28323, 28296, 0, 
238, 1, 120, 5, -1, 352, 181, 25.8, 23, ABarppaaap, 207, 27998, 15119, 540, , 27998, 25000, 28158, 28200, 0, 
239, 1, 345, 82, -1, 256, 305, 16.3, 25, MSpaapaa, 245, 26652, 20362, 764, , 26652, 25000, 27962, 28041, 0, 
240, 1, 400, 8, -1, 220, 187, 22.9, 26, ABplaapappa, 197, 27570, 22056, 800, , 27570, 25000, 28427, 28229, 0, 
241, 1, 260, 129, -1, 588, 233, 17.4, 33, Cpapap, 299, 26493, 43448, 1640, , 26493, 25000, 28552, 28536, 0, 
242, 1, 13, 237, -1, 454, 396, 19.9, 28, ABarppppap, 285, 27429, 29843, 1088, , 27429, 25000, 28167, 28196, 0, 
243, 1, 266, 209, -1, 215, 189, 15.2, 25, MSapaaap, 196, 28057, 19752, 704, , 28057, 25000, 27505, 27571, 0, 
244, 1, 235, 24, -1, 215, 219, 7.6, 25, ABalpaaaap, 217, 29125, 24232, 832, , 29125, 25000, 30409, 31133, 0, 
245, 1, 21, 174, -1, 224, 162, 8.6, 27, ABalppapaa, 30, 27929, 27594, 988, , 27929, 25000, 28833, 28845, 0, 
246, 1, 373, 401, -1, 255, 298, 26.1, 25, ABarpaapaa, 214, 28859, 19855, 688, , 28859, 25000, 28593, 28622, 0, 
247, 1, 171, 315, -1, 318, 195, 18.5, 26, Daaaa, 231, 28426, 25470, 896, , 28426, 25000, 28017, 28106, 0, 
248, 1, 90, 204, -1, 435, 290, 20.3, 31, Epraa, 299, 27880, 38140, 1368, , 27880, 25000, 28416, 28436, 0, 
249, 0, 391, -1, -1, 404, 129, 23.5, 27, , 150, 147, 25572, 896, , 28540, 25000, 28368, 28393, 0, 
250, 1, 3, 111, -1, 343, 130, 20.4, 29, ABplaapppa, 202, 28326, 32745, 1156, , 28326, 25000, 27952, 27822, 0, 
251, 1, 225, 57, -1, 276, 199, 25.4, 29, ABplaaappa, 222, 28446, 32883, 1156, , 28446, 25000, 28156, 28126, 0, 
252, 1, 109, 203, -1, 190, 245, 26.7, 29, ABplaaaaaa, 277, 28221, 30140, 1068, , 28221, 25000, 28748, 29066, 0, 
253, 1, 9, 239, -1, 190, 332, 25.5, 30, ABarpapaaa, 304, 28567, 35194, 1232, , 28567, 25000, 27651, 27715, 0, 
254, 1, 265, 97, -1, 538, 286, 8.1, 26, ABprapppap, -170, 28023, 22418, 800, , 28023, 25000, 28849, 28832, 0, 
255, 1, 86, 272, -1, 519, 122, 13.5, 28, ABplapappa, 249, 26794, 28938, 1080, , 26794, 25000, 28224, 28247, 0, 
256, 1, 238, 373, -1, 366, 350, 17.5, 25, Dpaap, 188, 27714, 21284, 768, , 27714, 25000, 28737, 28806, 0, 
257, 1, 362, 216, -1, 509, 296, 25.4, 32, Caaaap, 315, 27923, 41437, 1484, , 27923, 25000, 28267, 28321, 0, 
258, 1, 346, 279, -1, 170, 318, 12.7, 26, ABalaapppa, 56, 26807, 22947, 856, , 26807, 25000, 28029, 28168, 0, 
259, 1, 361, 21, -1, 221, 135, 16.5, 27, ABalpppapa, 193, 26670, 23896, 896, , 26670, 25000, 27287, 27249, 0, 
260, 1, 313, 307, -1, 305, 370, 24.2, 29, ABarpapppp, 282, 27042, 30071, 1112, , 27042, 25000, 28054, 28155, 0, 
261, 1, 394, 375, -1, 481, 209, 24.1, 30, Dappp, 306, 27994, 37960, 1356, , 27994, 25000, 28133, 28127, 0, 
262, 1, 131, 213, -1, 202, 227, 12.3, 24, ABalpaapapa, 231, 26830, 18888, 704, , 26830, 25000, 28390, 28597, 0, 
263, 1, 52, 117, -1, 160, 179, 21.4, 29, ABalapaaap, 296, 26708, 30875, 1156, , 26708, 25000, 27059, 27116, 0, 
264, 1, 364, 325, -1, 283, 321, 11.5, 26, MSppapap, 197, 26893, 24096, 896, , 26893, 25000, 27995, 28213, 0, 
265, 1, 284, 131, -1, 368, 259, 19.9, 32, Ealaa, 589, 28808, 45402, 1576, , 28808, 25000, 28606, 28602, 0, 
266, 1, 321, 178, -1, 346, 327, 7.9, 27, ABprpapaap, 261, 26961, 24481, 908, , 26961, 25000, 29487, 28726, 0, 
267, 1, 5, 181, -1, 485, 240, 17.6, 31, Eplap, 283, 27429, 36536, 1332, , 27429, 25000, 28164, 28271, 0, 
268, 1, 259, 31, 199, 230, 194, 7.4, 28, ABalpapaaa, 194, 28273, 27934, 988, , 28273, 25000, 32292, 32644, 0, 
269, 1, 163, 195, -1, 406, 128, 11.4, 26, ABplppappa, 223, 28448, 23669, 832, , 28448, 25000, 27015, 27045, 0, 
270, 1, 40, 19, -1, 182, 178, 24.4, 31, ABplaapaap, 205, 28210, 37576, 1332, , 28210, 25000, 28363, 28367, 0, 
271, 1, 26, 135, -1, 237, 324, 24.5, 27, ABarpapapa, 266, 28467, 25506, 896, , 28467, 25000, 28582, 28531, 0, 
272, 1, 137, 238, -1, 428, 311, 5.3, 28, ABprppaapp, 266, 35221, 37475, 1064, , 35221, 25000, 33933, 34035, 0, 
273, 1, 292, 268, -1, 419, 230, 5.8, 27, ABplpapppa, 276, 32622, 28316, 868, , 32622, 25000, 34098, 34130, 0, 
274, 1, 374, 123, -1, 435, 379, 22.8, 30, ABarpppapp, 269, 27214, 35923, 1320, , 27214, 25000, 28226, 28207, 0, 
275, 1, 305, 354, -1, 602, 244, 13.6, 29, Cpappd, 293, 27529, 31823, 1156, , 27529, 25000, 28319, 28335, 0, 
276, 1, 82, 365, -1, 232, 260, 13.2, 24, ABaraaapapp, 196, 26777, 17566, 656, , 26777, 25000, 27735, 27678, 0, 
277, 1, 298, 205, -1, 295, 400, 13.7, 25, ABpraappaa, 220, 26395, 20166, 764, , 26395, 25000, 27370, 27393, 0, 
278, 0, 97, -1, -1, 232, 295, 25.4, 26, , 203, -2295, 22152, 832, , 26625, 25000, 28755, 28920, 0, 
279, 1, 155, 215, 220, 290, 181, 6.7, 30, ABalpapapa, 163, 31968, 41814, 1308, , 31968, 25000, 34852, 35396, 0, 
280, 1, 213, 149, -1, 253, 197, 17.6, 25, MSapapaa, 213, 27520, 22897, 832, , 27520, 25000, 28329, 28658, 0, 
281, 1, 359, 338, -1, 206, 250, 22.6, 25, MSaaaaapp, 380, 28287, 23535, 832, , 28287, 25000, 27897, 28029, 0, 
282, 1, 272, 32, -1, 390, 155, 12.8, 27, MSaapppa, 223, 26744, 23214, 868, , 26744, 25000, 27762, 27676, 0, 
283, 1, 172, 342, -1, 513, 228, 16.4, 33, Eplpa, 326, 27909, 45771, 1640, , 27909, 25000, 29250, 29391, 0, 
284, 1, 174, 405, -1, 426, 201, 8.8, 25, MSpappaa, 229, 28938, 20372, 704, , 28938, 25000, 29385, 29371, 0, 
285, 1, 407, 197, -1, 317, 224, 16.1, 23, MSaapaapa, 233, 36468, 18088, 496, , 36468, 25000, 29149, 29118, 0, 
286, 1, 234, 191, -1, 187, 143, 14.2, 28, ABalpppaaa, 35, 27429, 28855, 1052, , 27429, 25000, 27450, 27541, 0, 
287, 1, 180, 372, -1, 399, 281, 5.5, 28, ABprpapapp, 257, 35289, 38112, 1080, , 35289, 25000, 33812, 33797, 0, 
288, 1, 192, 83, -1, 240, 341, 16.3, 31, ABpraapapa, 277, 27366, 37437, 1368, , 27366, 25000, 28059, 28084, 0, 
289, 1, 335, 221, -1, 252, 216, 4.6, 28, ABalpapaap, 285, 36505, 36067, 988, , 36505, 25000, 36419, 36247, 0, 
290, 1, 113, 96, -1, 481, 152, 6.5, 23, ABplpppapaa, 56, 36875, 23305, 632, , 36875, 25000, 35642, 36157, 0, 
291, 1, 56, 91, -1, 462, 122, 11.6, 28, ABplppappp, 35, 26226, 25911, 988, , 26226, 25000, 28183, 28178, 0, 
292, 1, 69, 252, -1, 299, 155, 20.3, 28, ABplpaappa, 262, 26925, 28648, 1064, , 26925, 25000, 28296, 28406, 0, 
293, 1, 207, 100, -1, 443, 269, 5.8, 28, ABprppppaa, 154, 33428, 35166, 1052, , 33428, 25000, 33062, 33031, 0, 
294, 1, 210, 253, -1, 232, 275, 22.4, 31, MSaaaapa, 212, 27465, 36583, 1332, , 27465, 25000, 28313, 28352, 0, 
295, 1, 36, 98, -1, 270, 334, 25.2, 28, ABarpapapp, 312, 30158, 31726, 1052, , 30158, 25000, 28689, 28659, 0, 
296, 1, 20, 370, -1, 254, 270, 14.1, 25, ABaraapppaa, 206, 30010, 20647, 688, , 30010, 25000, 27852, 27955, 0, 
297, 1, 223, 334, -1, 489, 267, 12.6, 32, Eprpp, 145, 28161, 41791, 1484, , 28161, 25000, 28602, 28652, 0, 
298, 1, 347, 276, -1, 337, 206, 9.6, 27, ABalpappppp, 232, 28553, 28210, 988, , 28553, 25000, 29581, 29631, 0, 
299, 1, 188, 359, -1, 173, 348, 13.5, 28, ABalaapppp, 239, 27470, 29668, 1080, , 27470, 25000, 27408, 27664, 0, 
300, 0, 205, -1, -1, 162, 335, 10.3, 27, , -103, -55, 25152, 924, , 27221, 25000, 27122, 27276, 0, 
301, 1, 100, 85, -1, 309, 253, 20.8, 27, MSaaaapp, 271, 27477, 23850, 868, , 27477, 25000, 27936, 28028, 0, 
302, 1, 368, 318, -1, 533, 194, 6.9, 27, ABplpppppp, 84, 33751, 30646, 908, , 33751, 25000, 34742, 34689, 0, 
303, 1, 47, 38, -1, 505, 302, 9.4, 28, Cppapp, 280, 28934, 28587, 988, , 28934, 25000, 29273, 29307, 0, 
304, 1, 140, 274, -1, 209, 331, 13.4, 26, ABpraaapaa, 122, 27621, 22981, 832, , 27621, 25000, 28117, 28037, 0, 
305, 1, 10, 412, -1, 133, 243, 19.8, 24, ABalappaap, 244, 27811, 18244, 656, , 27811, 25000, 27716, 27680, 0, 
306, 1, 318, 283, -1, 481, 297, 5.4, 26, ABprppppapa, 170, 34744, 28907, 832, , 34744, 25000, 34603, 34677, 0, 
307, 1, 351, 36, -1, 282, 175, 22.1, 28, ABalppppppp, 282, 27890, 30344, 1088, , 27890, 25000, 28052, 28191, 0, 
308, 1, 128, 356, -1, 268, 301, 19.1, 26, MSpaaappa, 218, 27800, 22240, 800, , 27800, 25000, 28009, 28052, 0, 
309, 1, 250, 407, -1, 352, 297, 18.2, 35, Earaa, 285, 27558, 55446, 2012, , 27558, 25000, 29181, 29337, 0, 
310, 1, 307, 332, 367, 321, 120, 12.4, 28, ABplpaaaap, 120, 26687, 26367, 988, , 26687, 25000, 27162, 27132, 0, 
311, 1, 22, 90, -1, 277, 264, 25.7, 29, ABplaaaapp, 291, 28271, 30193, 1068, , 28271, 25000, 28320, 28348, 0, 
312, 1, 274, 378, -1, 250, 251, 26.0, 28, ABplaaaapa, 138, 28547, 32201, 1128, , 28547, 25000, 28874, 28803, 0, 
313, 1, 72, 235, -1, 138, 185, 15.4, 30, ABalaaapal, 262, 27538, 31834, 1156, , 27538, 25000, 27317, 27373, 0, 
314, 1, 323, 128, -1, 461, 351, 21.5, 28, Dpppp, 279, 27605, 29813, 1080, , 27605, 25000, 28213, 28223, 0, 
315, 1, 135, 166, -1, 318, 263, 8.4, 28, ABarapapppa, 102, 27821, 27487, 988, , 27821, 25000, 29321, 29138, 0, 
316, 1, 240, 16, -1, 340, 344, 15.2, 26, Dpaaa, 244, 27828, 22151, 796, , 27828, 25000, 28061, 28117, 0, 
317, 1, 302, 61, -1, 442, 128, 18.6, 28, ABplappaaa, 154, 28317, 27977, 988, , 28317, 25000, 28364, 28392, 0, 
318, 1, 328, 361, -1, 537, 316, 13.4, 31, Cpppap, 60, 28350, 37762, 1332, , 28350, 25000, 28478, 28544, 0, 
319, 1, 28, 331, -1, 344, 166, 18.4, 26, Daapa, 255, 27966, 23268, 832, , 27966, 25000, 28543, 28538, 0, 
320, 1, 76, 25, -1, 176, 176, 14.9, 27, ABalapaapa, 385, 26452, 24018, 908, , 26452, 25000, 27627, 27563, 0, 
321, 1, 279, 162, -1, 230, 137, 21.2, 26, ABalpppappp, -200, 26931, 21437, 796, , 26931, 25000, 27907, 27916, 0, 
322, 1, 342, 41, -1, 525, 381, 13.3, 26, ABprappapp, 256, 27694, 23706, 856, , 27694, 25000, 28139, 28072, 0, 
323, 1, 64, 194, -1, 580, 302, 9.2, 26, ABprappppa, 207, 27335, 21759, 796, , 27335, 25000, 27985, 28009, 0, 
324, 1, 98, 184, -1, 316, 291, 19.2, 27, MSpaaappp, 159, 28259, 24529, 868, , 28259, 25000, 28457, 28618, 0, 
325, 1, 186, 92, -1, 429, 255, 8.4, 24, MSpappap, 193, 26211, 18348, 700, , 26211, 25000, 29278, 29325, 0, 
326, 1, 363, 93, -1, 320, 120, 19.9, 27, ABplaappap, 230, 27499, 24969, 908, , 27499, 25000, 28036, 28002, 0, 
327, 1, 78, 46, -1, 260, 122, 19.8, 27, ABplpaapap, 334, 27780, 24113, 868, , 27780, 25000, 27726, 27649, 0, 
328, 1, 194, 48, -1, 367, 389, 22.9, 29, ABarpppaap, 285, 27621, 33366, 1208, , 27621, 25000, 27649, 27667, 0, 
329, 1, 149, 390, -1, 573, 188, 9.0, 24, Caappv, 224, 27711, 16848, 608, , 27711, 25000, 28605, 28655, 0, 
330, 1, 169, 337, -1, 561, 299, 17.5, 32, Cppppa, 275, 27468, 39334, 1432, , 27468, 25000, 28764, 28770, 0, 
331, 1, 195, 120, -1, 388, 154, 16.1, 25, Daapp, 227, 27263, 18757, 688, , 27263, 25000, 28401, 28440, 0, 
332, 1, 293, 30, -1, 236, 369, 21.9, 25, ABarpappaa, 205, 26376, 18147, 688, , 26376, 25000, 27521, 27601, 0, 
333, 1, 333, 121, -1, 392, 183, 7.0, 27, ABplpapapp, 225, 30256, 31224, 1032, , 30256, 25000, 31426, 31745, 0, 
334, 1, 230, 244, -1, 451, 219, 6.2, 27, ABplpapppp, 215, 31222, 27101, 868, , 31222, 25000, 32785, 33006, 0, 
335, 1, 397, 13, -1, 330, 268, 13.9, 24, MSpapaapa, 196, 33530, 20252, 604, , 33530, 25000, 30427, 30483, 0, 
336, 1, 112, 323, -1, 299, 296, 16.7, 28, MSpaapap, 225, 26793, 28508, 1064, , 26793, 25000, 28110, 28132, 0, 
337, 1, 48, 311, -1, 352, 232, 15.3, 27, MSaapapa, 487, 35820, 33098, 924, , 35820, 25000, 30694, 30445, 0, 
338, 1, 16, 169, -1, 295, 216, 7.0, 24, ABalpappapp, 398, 31382, 19080, 608, , 31382, 25000, 32206, 32383, 0, 
339, 1, 110, 202, -1, 172, 232, 11.1, 27, ABaraaaaaa, 213, 28383, 25772, 908, , 28383, 25000, 28472, 28437, 0, 
340, 1, 309, 308, -1, 436, 166, 17.2, 28, Capaaa, 253, 27324, 28745, 1052, , 27324, 25000, 28757, 28798, 0, 
341, 1, 287, 290, -1, 447, 352, 13.4, 31, Cppaaa, 309, 27908, 37174, 1332, , 27908, 25000, 28902, 28904, 0, 
342, 1, 160, 360, -1, 367, 295, 6.4, 26, ABprpapapa, 232, 31160, 25925, 832, , 31160, 25000, 33072, 33100, 0, 
343, 1, 354, 196, -1, 272, 338, 19.8, 28, MSppappp, 220, 28859, 30360, 1052, , 28859, 25000, 28246, 28284, 0, 
344, 1, 372, 314, -1, 580, 226, 9.3, 26, Cpappv, 255, 26950, 23069, 856, , 26950, 25000, 27974, 28089, 0, 
345, 1, 337, 14, -1, 452, 306, 16.5, 32, Earpp, 201, 27762, 39755, 1432, , 27762, 25000, 29133, 29143, 0, 
346, 1, 380, 251, -1, 576, 201, 12.4, 31, Caappd, 297, 26761, 35646, 1332, , 26761, 25000, 28560, 28601, 0, 
347, 1, 125, 264, -1, 390, 255, 7.4, 29, ABprpapppa, 139, 28325, 32744, 1156, , 28325, 25000, 31154, 30823, 0, 
348, 1, 334, 76, -1, 521, 192, 10.8, 27, Capppp, 262, 26620, 23106, 868, , 26620, 25000, 29032, 29060, 0, 
349, 1, 395, 404, -1, 213, 237, 20.0, 22, MSaaapaaa, 178, 26974, 10358, 384, , 26974, 25000, 28009, 28032, 0, 
350, 1, 201, 243, -1, 293, 385, 21.3, 28, ABarpapppa, 262, 27996, 29788, 1064, , 27996, 25000, 27793, 27853, 0, 
351, 1, 37, 352, -1, 322, 403, 14.4, 27, ABpraappap, 221, 26641, 26321, 988, , 26641, 25000, 27438, 27442, 0, 
352, 1, 19, 157, -1, 260, 385, 20.7, 29, ABarpappap, 63, 27265, 29119, 1068, , 27265, 25000, 28036, 27922, 0, 
353, 1, 255, 357, -1, 358, 280, 24.6, 30, ABarpaappp, 309, 27890, 32241, 1156, , 27890, 25000, 29408, 29404, 0, 
354, 1, 239, 102, -1, 466, 239, 7.9, 29, ABprpapppp, 243, 29168, 33252, 1140, , 29168, 25000, 29853, 29874, 0, 
355, 1, 138, 317, -1, 262, 310, 12.7, 26, MSppapaa, 205, 27697, 23709, 856, , 27697, 25000, 27683, 27836, 0, 
356, 1, 204, 231, -1, 360, 204, 21.9, 27, Daaap, 366, 27155, 24657, 908, , 27155, 25000, 28714, 28729, 0, 
357, 1, 133, 151, -1, 482, 287, 19.4, 33, Eprap, 7, 28507, 46752, 1640, , 28507, 25000, 28136, 28165, 0, 
358, 1, 405, 228, -1, 432, 200, 23.3, 29, Dappa, 289, 27331, 29190, 1068, , 27331, 25000, 28725, 28797, 0, 
359, 1, 353, 293, -1, 238, 213, 22.0, 27, MSapappa, 227, 28807, 29729, 1032, , 28807, 25000, 28114, 28129, 0, 
360, 1, 233, 249, -1, 387, 179, 19.9, 27, Dapaa, 274, 28482, 25862, 908, , 28482, 25000, 28129, 28129, 0, 
361, 1, 49, 107, -1, 412, 374, 7.7, 30, ABprppapaa, 303, 28111, 36769, 1308, , 28111, 25000, 29858, 29891, 0, 
362, 1, 189, 1, -1, 558, 336, 9.8, 26, ABprapappa, 253, 27456, 21855, 796, , 27456, 25000, 28119, 28220, 0, 
363, 1, 121, 34, -1, 472, 328, 10.5, 31, Cppaap, 264, 28049, 34556, 1232, , 28049, 25000, 28453, 28474, 0, 
364, 1, 95, 374, -1, 149, 238, 12.8, 23, ABalpaapaaa, 169, 28993, 15656, 540, , 28993, 25000, 27669, 27823, 0, 
365, 1, 158, 296, -1, 355, 257, 10.9, 25, MSpapaaap, 195, 32233, 22176, 688, , 32233, 25000, 31669, 31543, 0, 
366, 1, 74, 341, -1, 330, 233, 25.3, 27, ABarppaaaa, 242, 28287, 26137, 924, , 28287, 25000, 28784, 28970, 0, 
367, 1, 262, 185, -1, 300, 302, 25.5, 30, ABarpaapap, 306, 28634, 35277, 1232, , 28634, 25000, 28846, 28903, 0, 
368, 1, 406, 395, -1, 187, 242, 14.1, 24, ABalpaapaap, 431, 27560, 16646, 604, , 27560, 25000, 28259, 28239, 0, 
369, 1, 59, 37, -1, 288, 254, 17.9, 30, MSaaapap, 115, 27069, 36706, 1356, , 27069, 25000, 28101, 28235, 0, 
370, 1, 393, 22, -1, 256, 188, 26.5, 31, ABplaaapap, 312, 29408, 36231, 1232, , 29408, 25000, 28767, 28712, 0, 
371, 1, 70, 125, -1, 482, 165, 25.4, 31, ABplappapa, 301, 28491, 37950, 1332, , 28491, 25000, 28249, 28290, 0, 
372, 1, 338, 158, -1, 388, 239, 25.5, 34, ABarppaapa, 340, 27761, 46861, 1688, , 27761, 25000, 28307, 28376, 0, 
373, 1, 118, 309, -1, 371, 339, 21.4, 28, MSpppppp, 258, 27456, 27127, 988, , 27456, 25000, 28575, 28575, 0, 
374, 0, 278, -1, -1, 493, 218, 5.9, 23, , 176, -522, 16677, 496, , 33623, 25000, 34138, 34145, 0, 
375, 0, 370, -1, -1, 381, 123, 18.9, 23, , 211, 952, 14260, 496, , 28750, 25000, 27798, 27798, 0, 
376, 1, 261, 382, -1, 409, 245, 18.9, 31, Ealap, -70, 28766, 42573, 1480, , 28766, 25000, 28568, 28584, 0, 
377, 1, 11, 266, -1, 442, 284, 25.7, 34, Caaaaa, 332, 28161, 53056, 1884, , 28161, 25000, 28452, 28483, 0, 
378, 0, 399, -1, -1, 222, 339, 6.6, 24, , 226, -1205, 22895, 700, , 32707, 25000, 33704, 33912, 0, 
379, 1, 161, 381, -1, 376, 251, 13.7, 25, MSpapapa, 241, 37449, 28611, 764, , 37449, 25000, 31637, 31559, 0, 
380, 1, 200, 343, -1, 455, 252, 20.6, 33, Eplaa, 326, 27765, 45535, 1640, , 27765, 25000, 28130, 28213, 0, 
381, 0, 388, -1, -1, 145, 176, 12.7, 23, , 161, 10, 16357, 592, , 27630, 25000, 27827, 27620, 0, 
382, 1, 291, 418, -1, 589, 215, 21.5, 26, Caaapp, 208, 27237, 24404, 896, , 27237, 25000, 28142, 28172, 0, 
383, 1, 252, 306, -1, 307, 322, 6.9, 24, ABarapppppp, 187, 33891, 20470, 604, , 33891, 25000, 31591, 31917, 0, 
384, 1, 165, 40, -1, 244, 303, 20.4, 27, MSpaaaapp, 197, 27087, 26762, 988, , 27087, 25000, 27940, 28032, 0, 
385, 1, 77, 143, -1, 183, 137, 17.9, 27, ABalpppaap, 244, 27154, 24656, 908, , 27154, 25000, 27256, 27273, 0, 
386, 1, 43, 353, -1, 447, 240, 17.3, 33, Ealpp, 330, 28269, 49075, 1736, , 28269, 25000, 28945, 29069, 0, 
387, 1, 322, 190, -1, 172, 177, 12.4, 29, ABalppaaap, 137, 27438, 31718, 1156, , 27438, 25000, 27687, 27692, 0, 
388, 1, 280, 286, -1, 574, 239, 22.6, 28, Cpaapp, 230, 27684, 27352, 988, , 27684, 25000, 28124, 28254, 0, 
389, 1, 242, 289, -1, 233, 175, 17.4, 25, ABalpppppaa, 68, 27054, 22509, 832, , 27054, 25000, 27766, 27941, 0, 
390, 1, 1, 392, -1, 249, 164, 15.7, 28, ABplpaapaa, -216, 28273, 30082, 1064, , 28273, 25000, 27849, 27803, 0, 
391, 1, 295, 219, -1, 542, 241, 24.3, 32, Caaapa, 326, 27763, 43977, 1584, , 27763, 25000, 28400, 28480, 0, 
392, 1, 358, 188, -1, 317, 164, 14.9, 23, MSappapa, 194, 27766, 13772, 496, , 27766, 25000, 28151, 28300, 0, 
393, 1, 332, 415, -1, 151, 334, 18.7, 23, ABalappppaa, 533, 26541, 15712, 592, , 26541, 25000, 27984, 27947, 0, 
394, 1, 350, 214, -1, 428, 216, 11.7, 32, Z3, 327, 27835, 44090, 1584, , 27835, 25000, 28489, 28549, 0, 
395, 1, 401, 393, -1, 205, 147, 18.7, 24, ABalpppappa, 158, 27169, 19127, 704, , 27169, 25000, 27667, 27513, 0, 
396, 1, 392, 346, -1, 183, 328, 9.5, 26, ABalaappap, 194, 26035, 23327, 896, , 26035, 25000, 28022, 28121, 0, 
397, 1, 319, 398, -1, 354, 227, 17.5, 24, MSaapaapp, 229, 34102, 26190, 768, , 34102, 25000, 30655, 29857, 0, 
398, 1, 389, 278, -1, 167, 255, 20.1, 25, MSaaaaapa, 139, 28680, 19732, 688, , 28680, 25000, 27876, 27854, 0, 
399, 0, 324, -1, -1, 344, 206, 5.9, 23, , 64, 717, 18270, 496, , 36835, 25000, 36397, 36118, 0, 
400, 1, 390, 402, -1, 187, 349, 18.9, 23, ABalappppap, -251, 26431, 13110, 496, , 26431, 25000, 28018, 28087, 0, 
401, 1, 376, 364, -1, 301, 207, 20.9, 22, MSapppap, 356, 28060, 13020, 464, , 28060, 25000, 28234, 28146, 0, 
402, 1, 253, 295, -1, 384, 223, 23.7, 28, MSappppp, 286, 27956, 29745, 1064, , 27956, 25000, 28298, 28257, 0, 
403, 1, 356, 55, -1, 261, 219, 14.1, 25, ABalpaaapp, 124, 27010, 18583, 688, , 27010, 25000, 27863, 28084, 0, 
404, 0, 360, -1, -1, 85, 262, 14.2, 23, , 119, 1318, 14896, 540, , 27585, 25000, 26625, 26267, 0, 
405, 1, 246, 410, -1, 216, 221, 15.1, 25, ABalpaapapp, 157, 26949, 18541, 688, , 26949, 25000, 28357, 28239, 0, 
406, 1, 273, 207, -1, 304, 222, 25.4, 23, ABplaaappp, 56, 28158, 18021, 640, , 28158, 25000, 28540, 28686, 0, 
407, 1, 410, 396, -1, 206, 300, 18.8, 23, MSpaaaapa, 127, 27452, 14824, 540, , 27452, 25000, 27970, 28021, 0, 
408, 1, 408, 386, -1, 302, 158, 17.4, 25, MSapppaa, 259, 27019, 22480, 832, , 27019, 25000, 28271, 28305, 0, 
409, 0, 409, -1, -1, 359, 189, 8.9, 22, , 237, 466, 13913, 464, , 29985, 25000, 29269, 29519, 0, 
410, 0, 388, -1, -1, 155, 160, 12.5, 21, , 318, 1217, 14193, 512, , 27721, 25000, 26941, 26504, 0, 
411, 1, 404, 419, -1, 323, 229, 22.0, 22, MSappppa, 230, 27721, 10645, 384, , 27721, 25000, 28424, 28506, 0, 
412, 1, 411, 420, -1, 364, 334, 11.0, 23, MSpppapp, 111, 26795, 13719, 512, , 26795, 25000, 27983, 27994, 0, 
413, 1, 412, 421, -1, 352, 398, 15.0, 26, ABpraapppa, 238, 28502, 24284, 852, , 28502, 25000, 28403, 28601, 0, 
414, 1, 414, 422, -1, 172, 248, 25.0, 24, ABalapapap, 184, 26905, 16358, 608, , 26905, 25000, 28080, 28149, 0, 
415, 1, 288, 423, -1, 338, 374, 24.0, 24, ABarpppaaa, 224, 28334, 17227, 608, , 28334, 25000, 27951, 28088, 0, 
416, 1, 415, 425, -1, 360, 187, 7.6, 22, ABplpappaap, 232, 29762, 17024, 572, , 29762, 25000, 30831, 30940, 0, 
417, 1, 391, 399, -1, 399, 122, 22.099998, 23, ABplaapppp, 283, 27746, 13762, 496, , 27746, 25000, 27323, 27270, 0, 
418, 1, 416, 18, -1, 506, 199, 6.0, 24, ABplpppapap, 0, 35061, 21317, 608, , 35061, 25000, 35643, 35748, 0, 
419, 1, 417, 426, -1, 316, 263, 10.48, 23, MSpapaaaa, 0, 34612, 21875, 632, , 34612, 25000, 29908, 30264, 0, 
