1, 1, 362, 244, -1, 558, 334, 9.6, 27, ABprapappa, -277, 26776, 26455, 988, , 26776, 25000, 27768, 27773, 0, 
2, 1, 132, 133, -1, 548, 307, 10.5, 27, ABprapppaa, 219, 26799, 24012, 896, , 26799, 25000, 28704, 28832, 0, 
3, 1, 117, 348, -1, 511, 154, 9.7, 27, ABplapppap, 64, 26913, 24868, 924, , 26913, 25000, 28617, 28578, 0, 
4, 1, 167, 230, -1, 201, 350, 15.8, 29, ABpraaapap, 289, 27440, 30513, 1112, , 27440, 25000, 27737, 27814, 0, 
5, 1, 238, 100, -1, 355, 182, 26.5, 26, ABarppaaap, 246, 28485, 25523, 896, , 28485, 25000, 28974, 28997, 0, 
6, 1, 18, 326, -1, 489, 160, 18.3, 30, Capapa, 295, 27342, 35763, 1308, , 27342, 25000, 28916, 28955, 0, 
7, 1, 148, 206, -1, 291, 122, 17.1, 28, ABplpaappp, 213, 26740, 29093, 1088, , 26740, 25000, 27897, 27931, 0, 
8, 1, 240, 281, -1, 219, 186, 23.0, 26, ABplaapappa, 221, 28491, 24274, 852, , 28491, 25000, 27585, 27563, 0, 
9, 1, 111, 53, -1, 368, 142, 10.9, 26, ABplppaapa, 301, 26238, 20990, 800, , 26238, 25000, 27935, 28005, 0, 
10, 1, 91, 210, -1, 123, 233, 16.6, 28, ABalaaapar, 205, 27938, 27603, 988, , 27938, 25000, 27488, 27477, 0, 
11, 1, 88, 75, -1, 228, 163, 11.3, 27, ABalppappa, 260, 28406, 26247, 924, , 28406, 25000, 27868, 27937, 0, 
12, 1, 230, 297, -1, 297, 291, 5.4, 27, ABarappapa, 255, 36184, 35750, 988, , 36184, 25000, 34120, 34143, 0, 
13, 1, 335, 275, -1, 331, 265, 14.5, 24, MSpapaapa, 239, 37799, 29030, 768, , 37799, 25000, 30395, 30494, 0, 
14, 1, 345, 229, -1, 456, 309, 16.7, 32, Earpp, 301, 27470, 43513, 1584, , 27470, 25000, 28872, 28878, 0, 
15, 1, 176, 161, -1, 319, 136, 8.7, 28, ABalpapapp, 53, 27961, 29751, 1064, , 27961, 25000, 28831, 28951, 0, 
16, 1, 316, 374, -1, 341, 344, 15.5, 25, Dpaaa, 255, 28474, 21868, 768, , 28474, 25000, 27906, 27952, 0, 
17, 1, 37, 339, -1, 241, 314, 7.8, 27, ABarappppa, 271, 28865, 25055, 868, , 28865, 25000, 30203, 30174, 0, 
18, 1, 418, 77, -1, 501, 194, 6.2, 24, ABplpppapap, 205, 33311, 21852, 656, , 33311, 25000, 34439, 34300, 0, 
19, 1, 270, 166, -1, 182, 177, 24.4, 31, ABplaapaap, 221, 27695, 36890, 1332, , 27695, 25000, 28258, 28246, 0, 
20, 1, 217, 196, -1, 146, 273, 23.1, 29, ABarpaaaaa, 26, 28174, 34034, 1208, , 28174, 25000, 28040, 28037, 0, 
21, 1, 259, 188, -1, 222, 134, 16.6, 28, ABalpppapa, 351, 27086, 26761, 988, , 27086, 25000, 27848, 27878, 0, 
22, 1, 370, 157, -1, 254, 181, 26.5, 31, ABplaaapap, 230, 28084, 34599, 1232, , 28084, 25000, 29123, 29370, 0, 
23, 1, 10, 30, -1, 334, 368, 20.7, 29, ABprapaaaa, 127, 27049, 28888, 1068, , 27049, 25000, 28468, 28488, 0, 
24, 1, 244, 249, -1, 215, 225, 7.4, 25, ABalpaaaap, 289, 28990, 24120, 832, , 28990, 25000, 31020, 31284, 0, 
25, 1, 320, 240, -1, 180, 172, 14.8, 27, ABalapaapa, 273, 28780, 24981, 868, , 28780, 25000, 27975, 28054, 0, 
26, 1, 186, 354, -1, 347, 257, 8.1, 26, ABarapapppp, 106, 27386, 21909, 800, , 27386, 25000, 29080, 29269, 0, 
27, 1, 74, 178, -1, 268, 218, 11.6, 27, ABalpapppa, 169, 27286, 26959, 988, , 27286, 25000, 28634, 28415, 0, 
28, 1, 232, 299, -1, 590, 312, 14.1, 29, ABarpppppp, 283, 27700, 33461, 1208, , 27700, 25000, 28044, 28044, 0, 
29, 1, 13, 239, -1, 207, 343, 9.2, 26, ABpraaaaaa, -148, 26312, 20944, 796, , 26312, 25000, 28472, 28607, 0, 
30, 1, 332, 5, -1, 236, 373, 21.8, 25, ABarpappaa, 248, 29085, 20476, 704, , 29085, 25000, 28291, 28334, 0, 
31, 1, 268, 175, -1, 213, 202, 7.1, 24, ABalpapaaaa, 173, 30079, 18168, 604, , 30079, 25000, 32897, 33479, 0, 
32, 1, 282, 217, -1, 394, 153, 13.1, 28, MSaapppa, 257, 27464, 29881, 1088, , 27464, 25000, 27428, 27500, 0, 
33, 1, 12, 295, -1, 254, 160, 13.7, 30, ABplpaaaaa, 296, 27267, 35665, 1308, , 27267, 25000, 28104, 28249, 0, 
34, 1, 363, 337, -1, 474, 329, 10.6, 31, Cppaap, 307, 27907, 37172, 1332, , 27907, 25000, 28392, 28374, 0, 
35, 1, 50, 81, -1, 433, 112, 14.3, 27, ABplppapap, 239, 27347, 25269, 924, , 27347, 25000, 27777, 27777, 0, 
36, 1, 307, 389, -1, 278, 176, 22.3, 28, ABalppppppp, 276, 28231, 30038, 1064, , 28231, 25000, 28843, 28764, 0, 
37, 1, 369, 139, 278, 290, 250, 18.0, 29, MSaaapap, 202, 27333, 33565, 1228, , 27333, 25000, 27685, 27720, 0, 
38, 1, 303, 185, -1, 505, 300, 9.3, 28, Cppapp, 205, 28393, 30210, 1064, , 28393, 25000, 29193, 29173, 0, 
39, 1, 65, 277, -1, 355, 302, 11.8, 25, MSpppaaa, 179, 29541, 20797, 704, , 29541, 25000, 28825, 28883, 0, 
40, 1, 384, 8, -1, 244, 303, 20.0, 26, MSpaaaapp, 206, 27040, 23038, 852, , 27040, 25000, 28134, 28278, 0, 
41, 1, 322, 364, -1, 526, 379, 13.3, 25, ABprappapp, 235, 26878, 20535, 764, , 26878, 25000, 28157, 28237, 0, 
42, 1, 144, 271, -1, 507, 341, 15.3, 31, Cppapa, 318, 27140, 37127, 1368, , 27140, 25000, 29080, 29098, 0, 
43, 1, 202, 16, -1, 335, 128, 15.5, 31, ABplppaaaa, 301, 28282, 34844, 1232, , 28282, 25000, 27536, 27566, 0, 
44, 1, 11, 3, -1, 355, 385, 17.7, 30, ABprapaaap, 278, 27170, 35538, 1308, , 27170, 25000, 28569, 28546, 0, 
45, 1, 118, 141, -1, 193, 160, 10.5, 26, ABalaaaalp, 49, 26907, 24109, 896, , 26907, 25000, 28317, 28390, 0, 
46, 1, 327, 45, -1, 258, 120, 19.5, 26, ABplpaapap, 29, 27816, 24923, 896, , 27816, 25000, 27602, 27620, 0, 
47, 1, 64, 254, -1, 397, 175, 25.4, 30, ABarppapaa, 306, 27324, 31587, 1156, , 27324, 25000, 28224, 28241, 0, 
48, 1, 328, 220, -1, 364, 387, 22.8, 29, ABarpppaap, 293, 27518, 30600, 1112, , 27518, 25000, 27338, 27318, 0, 
49, 1, 161, 369, -1, 568, 339, 16.9, 27, ABprapapaa, 258, 27260, 24752, 908, , 27260, 25000, 27965, 27937, 0, 
50, 1, 224, 308, -1, 440, 278, 10.4, 31, Z2, 245, 27236, 36278, 1332, , 27236, 25000, 28725, 28779, 0, 
51, 1, 45, 37, -1, 408, 279, 14.8, 32, Earpa, -20, 28002, 45028, 1608, , 28002, 25000, 29552, 29559, 0, 
52, 1, 134, 221, -1, 551, 153, 20.4, 29, ABplapapaa, 284, 27690, 32010, 1156, , 27690, 25000, 28527, 28573, 0, 
53, 1, 104, 172, -1, 229, 271, 10.1, 26, ABarapaapa, 79, 27610, 22088, 800, , 27610, 25000, 28358, 28440, 0, 
54, 1, 109, 242, -1, 239, 225, 16.5, 26, ABaraapapaa, 197, 27256, 24421, 896, , 27256, 25000, 28292, 28267, 0, 
55, 1, 403, 387, -1, 264, 222, 14.0, 26, ABalpaaapp, 238, 28785, 24525, 852, , 28785, 25000, 28209, 28016, 0, 
56, 1, 38, 307, -1, 442, 314, 9.1, 25, MSpapppp, 248, 28122, 19348, 688, , 28122, 25000, 27842, 27855, 0, 
57, 1, 251, 145, -1, 276, 194, 25.4, 29, ABplaaappa, 238, 27875, 32223, 1156, , 27875, 25000, 28142, 28225, 0, 
58, 1, 155, 255, -1, 525, 152, 12.9, 25, ABplapppaa, 211, 27089, 18637, 688, , 27089, 25000, 27716, 27731, 0, 
59, 1, 225, 98, -1, 548, 359, 12.0, 28, ABprapapap, 268, 27793, 31350, 1128, , 27793, 25000, 27820, 27907, 0, 
60, 1, 115, 27, -1, 584, 180, 16.2, 30, Cpapaa, 300, 27694, 36556, 1320, , 27694, 25000, 28347, 28381, 0, 
61, 1, 317, 170, -1, 443, 123, 18.6, 28, ABplappaaa, 150, 28562, 28219, 988, , 28562, 25000, 28784, 28957, 0, 
62, 1, 174, 128, -1, 257, 154, 19.0, 24, ABalpppppap, 210, 27974, 17008, 608, , 27974, 25000, 27994, 28020, 0, 
63, 1, 41, 110, -1, 204, 174, 17.5, 27, ABalppppaa, 271, 27537, 24673, 896, , 27537, 25000, 27389, 27424, 0, 
64, 1, 92, 67, -1, 257, 256, 10.9, 25, ABarapaappa, 228, 26577, 18285, 688, , 26577, 25000, 27943, 28155, 0, 
65, 1, 51, 74, -1, 398, 355, 11.1, 27, Dpapp, 269, 27139, 24642, 908, , 27139, 25000, 28548, 28578, 0, 
66, 1, 79, 69, -1, 270, 371, 9.0, 26, ABprpaaapa, 240, 28338, 24144, 852, , 28338, 25000, 27591, 27630, 0, 
67, 1, 29, 153, -1, 257, 126, 14.8, 26, ABplpaaapa, 260, 26604, 21177, 796, , 26604, 25000, 27996, 28041, 0, 
68, 1, 171, 125, -1, 285, 122, 21.0, 25, ABplaappaa, 179, 29656, 22657, 764, , 29656, 25000, 27801, 27645, 0, 
69, 1, 48, 47, -1, 137, 255, 13.9, 24, ABaraaaapa, 242, 26679, 16114, 604, , 26679, 25000, 27026, 27142, 0, 
70, 1, 165, 55, -1, 239, 280, 5.8, 26, ABarappaaa, 214, 35422, 28196, 796, , 35422, 25000, 35288, 35117, 0, 
71, 1, 70, 86, -1, 560, 154, 14.2, 27, ABplapappp, -252, 27796, 24127, 868, , 27796, 25000, 28275, 28278, 0, 
72, 1, 154, 399, -1, 422, 163, 11.4, 27, MSaapppp, 235, 27982, 27646, 988, , 27982, 25000, 27631, 27750, 0, 
73, 1, 25, 58, -1, 436, 337, 6.7, 25, ABprppappa, 156, 29632, 22639, 764, , 29632, 25000, 31565, 31636, 0, 
74, 1, 135, 280, -1, 377, 408, 16.8, 24, ABprapaapa, 100, 27977, 18353, 656, , 27977, 25000, 27266, 27335, 0, 
75, 1, 80, 20, -1, 425, 118, 20.6, 29, ABplapaapp, 465, 26798, 30979, 1156, , 26798, 25000, 28061, 27990, 0, 
76, 1, 348, 377, -1, 520, 187, 10.9, 28, Capppp, 279, 26905, 29273, 1088, , 26905, 25000, 28730, 28767, 0, 
77, 1, 196, 234, -1, 198, 359, 11.6, 26, ABpraaaaap, 136, 27734, 23075, 832, , 27734, 25000, 27828, 27869, 0, 
78, 1, 116, 43, -1, 279, 183, 14.0, 24, MSapapap, 242, 28293, 17202, 608, , 28293, 25000, 28048, 28133, 0, 
79, 1, 112, 54, -1, 515, 176, 15.4, 29, Cappap, 291, 27850, 32195, 1156, , 27850, 25000, 28046, 28079, 0, 
80, 1, 82, 318, -1, 412, 150, 8.6, 27, ABplppaapp, 236, 27181, 26855, 988, , 27181, 25000, 28423, 28458, 0, 
81, 1, 193, 212, -1, 166, 206, 8.3, 28, ABalpaappa, 77, 27867, 29651, 1064, , 27867, 25000, 29642, 29810, 0, 
82, 1, 239, 356, -1, 261, 302, 16.3, 25, MSpaapaa, 222, 27626, 21106, 764, , 27626, 25000, 27742, 27781, 0, 
83, 1, 288, 173, -1, 243, 337, 16.3, 31, ABpraapapa, 338, 27461, 37566, 1368, , 27461, 25000, 27864, 27957, 0, 
84, 1, 36, 124, -1, 134, 193, 18.5, 29, ABalapaaaa, 228, 26864, 29013, 1080, , 26864, 25000, 27045, 27060, 0, 
85, 1, 301, 152, -1, 308, 249, 21.3, 27, MSaaaapp, 274, 26473, 24461, 924, , 26473, 25000, 28131, 28078, 0, 
86, 1, 26, 378, -1, 493, 259, 9.3, 28, ABprpppppa, 259, 27932, 29720, 1064, , 27932, 25000, 28966, 28990, 0, 
87, 1, 151, 373, -1, 477, 193, 9.4, 28, ABplpppppa, 282, 27517, 27187, 988, , 27517, 25000, 28305, 28348, 0, 
88, 1, 213, 209, -1, 478, 160, 11.8, 27, Capapp, 248, 27433, 23812, 868, , 27433, 25000, 28855, 28873, 0, 
89, 1, 85, 88, -1, 283, 265, 9.8, 28, ABarapappa, 235, 28612, 30100, 1052, , 28612, 25000, 28179, 28407, 0, 
90, 1, 311, 264, -1, 279, 260, 25.7, 28, ABplaaaapp, 242, 26501, 28197, 1064, , 26501, 25000, 28519, 28602, 0, 
91, 1, 291, 233, -1, 462, 120, 11.5, 27, ABplppappp, 213, 27336, 24493, 896, , 27336, 25000, 27814, 27842, 0, 
92, 1, 325, 315, -1, 429, 256, 8.2, 24, MSpappap, 212, 28369, 18610, 656, , 28369, 25000, 29416, 29616, 0, 
93, 1, 326, 116, -1, 317, 118, 20.0, 27, ABplaappap, 478, 27506, 28386, 1032, , 27506, 25000, 27738, 27697, 0, 
94, 1, 53, 134, 333, 325, 235, 5.4, 28, ABprpappaa, 95, 38160, 37702, 988, , 38160, 25000, 35249, 35299, 0, 
95, 1, 123, 94, -1, 255, 157, 24.3, 28, ABplaapappp, 196, 27878, 29662, 1064, , 27878, 25000, 28152, 28217, 0, 
96, 1, 290, 26, -1, 484, 151, 6.5, 24, ABplpppapaa, -63, 36233, 27827, 768, , 36233, 25000, 33712, 34357, 0, 
97, 1, 254, 103, -1, 538, 284, 7.7, 26, ABprapppap, 228, 28533, 24424, 856, , 28533, 25000, 30010, 29880, 0, 
98, 1, 295, 171, -1, 269, 332, 25.8, 29, ABarpapapp, 286, 29370, 32659, 1112, , 29370, 25000, 28340, 28367, 0, 
99, 1, 86, 160, -1, 487, 111, 17.6, 28, ABplappapp, 130, 28018, 27682, 988, , 28018, 25000, 27822, 27950, 0, 
100, 1, 293, 32, -1, 451, 267, 6.0, 28, ABprppppaa, 277, 33279, 37539, 1128, , 33279, 25000, 33756, 33805, 0, 
101, 0, 375, -1, -1, 383, 123, 18.8, 24, , 400, -256, 19208, 656, , 29280, 25000, 29536, 29536, 0, 
102, 1, 354, 80, -1, 467, 239, 8.2, 28, ABprpapppp, 261, 29085, 30597, 1052, , 29085, 25000, 29890, 29398, 0, 
103, 0, 215, -1, -1, 525, 246, 7.4, 24, , 209, -1097, 21009, 700, , 30013, 25000, 31634, 31110, 0, 
104, 1, 121, 304, -1, 178, 305, 7.5, 27, ABalaapaap, 203, 30059, 26933, 896, , 30059, 25000, 31471, 31538, 0, 
105, 0, 180, -1, -1, 153, 240, 22.8, 25, , 225, 978, 20637, 704, , 29314, 25000, 28258, 28336, 0, 
106, 1, 108, 61, -1, 344, 164, 22.6, 29, ABplapaaap, 5, 27720, 32044, 1156, , 27720, 25000, 28428, 28421, 0, 
107, 1, 361, 238, -1, 410, 368, 8.0, 31, ABprppapaa, 309, 27945, 44153, 1580, , 27945, 25000, 29565, 29621, 0, 
108, 1, 141, 113, -1, 144, 266, 17.3, 26, MSaaaaaa, 194, 26745, 22894, 856, , 26745, 25000, 28011, 27938, 0, 
109, 1, 220, 388, -1, 187, 284, 6.5, 27, ABaraaappp, 218, 32660, 29263, 896, , 32660, 25000, 35102, 36056, 0, 
110, 1, 87, 150, -1, 494, 390, 18.7, 28, ABprappapa, 242, 27893, 29678, 1064, , 27893, 25000, 27877, 27935, 0, 
111, 1, 250, 194, -1, 341, 126, 20.4, 29, ABplaapppa, 205, 27247, 31498, 1156, , 27247, 25000, 27811, 27991, 0, 
112, 0, 158, -1, -1, 218, 136, 13.1, 24, , 400, 2563, 18473, 604, , 30584, 25000, 28068, 28021, 0, 
113, 1, 156, 263, -1, 332, 356, 6.7, 28, ABprpaaaap, 49, 32074, 34127, 1064, , 32074, 25000, 33867, 34369, 0, 
114, 1, 31, 22, -1, 368, 132, 22.1, 26, ABplapaapa, 242, 27239, 21791, 800, , 27239, 25000, 27739, 27809, 0, 
115, 1, 227, 96, -1, 408, 355, 19.7, 29, Dpppa, 248, 26828, 28652, 1068, , 26828, 25000, 28667, 28667, 0, 
116, 1, 55, 165, -1, 292, 221, 15.2, 28, ABaraapapp, 217, 29112, 30626, 1052, , 29112, 25000, 28908, 28763, 0, 
117, 1, 263, 334, -1, 159, 177, 21.2, 29, ABalapaaap, 249, 26811, 29814, 1112, , 26811, 25000, 26881, 26944, 0, 
118, 0, 124, -1, -1, 370, 293, 16.6, 25, , 220, 2155, 26441, 832, , 31780, 25000, 30095, 29625, 0, 
119, 1, 207, 224, -1, 461, 364, 8.7, 27, ABprppapap, 43, 27946, 25822, 924, , 27946, 25000, 28544, 28587, 0, 
120, 1, 331, 345, -1, 387, 152, 16.0, 26, Daapp, 231, 27117, 23104, 852, , 27117, 25000, 28777, 28830, 0, 
121, 1, 333, 106, -1, 392, 184, 7.0, 27, ABplpapapp, 219, 30698, 31680, 1032, , 30698, 25000, 31676, 31905, 0, 
122, 1, 98, 225, -1, 233, 357, 10.6, 28, ABpraaaapa, 161, 27820, 27486, 988, , 27820, 25000, 27966, 28066, 0, 
123, 1, 274, 28, -1, 430, 380, 22.8, 30, ABarpppapp, 303, 28023, 36991, 1320, , 28023, 25000, 27691, 27684, 0, 
124, 1, 129, 36, -1, 452, 140, 8.8, 27, ABplpppaaa, 68, 27199, 23609, 868, , 27199, 25000, 28481, 28490, 0, 
125, 1, 371, 236, -1, 484, 160, 25.3, 31, ABplappapa, 101, 27815, 38051, 1368, , 27815, 25000, 28112, 28114, 0, 
126, 1, 181, 154, -1, 522, 157, 23.9, 28, ABarppappa, 264, 27403, 29814, 1088, , 27403, 25000, 27651, 27659, 0, 
127, 1, 32, 41, -1, 546, 157, 9.2, 25, ABplappppp, 243, 28111, 19790, 704, , 28111, 25000, 29047, 29071, 0, 
128, 1, 314, 410, -1, 455, 349, 21.1, 28, Dpppp, 260, 27537, 29960, 1088, , 27537, 25000, 28337, 28345, 0, 
129, 1, 241, 250, -1, 591, 230, 17.5, 33, Cpapap, 330, 27685, 44960, 1624, , 27685, 25000, 28665, 28723, 0, 
130, 1, 24, 247, -1, 373, 347, 26.0, 35, ABarpppapa, 348, 28629, 64472, 2252, , 28629, 25000, 28476, 28459, 0, 
131, 1, 265, 181, -1, 371, 254, 19.8, 32, Ealaa, 275, 27593, 44369, 1608, , 27593, 25000, 29353, 29296, 0, 
132, 1, 133, 143, 276, 192, 240, 17.6, 31, ABaraapaap, 142, 27222, 36260, 1332, , 27222, 25000, 28058, 28037, 0, 
133, 1, 212, 186, -1, 295, 202, 10.0, 27, ABalpappppa, 255, 28070, 28968, 1032, , 28070, 25000, 28438, 28445, 0, 
134, 1, 198, 21, -1, 138, 308, 12.4, 29, ABalaaappr, 243, 26846, 31034, 1156, , 26846, 25000, 27623, 27565, 0, 
135, 1, 271, 218, -1, 236, 318, 24.7, 28, ABarpapapa, 221, 26837, 28555, 1064, , 26837, 25000, 28007, 27875, 0, 
136, 1, 206, 213, -1, 193, 215, 9.3, 27, ABalpaaaaa, 240, 28137, 25999, 924, , 28137, 25000, 28428, 28537, 0, 
137, 1, 191, 159, -1, 158, 209, 24.7, 29, ABplaapaaa, 338, 28495, 30433, 1068, , 28495, 25000, 27636, 27665, 0, 
138, 1, 188, 355, -1, 549, 130, 16.4, 27, ABarppappp, 556, 27863, 27529, 988, , 27863, 25000, 28433, 28396, 0, 
139, 1, 4, 92, -1, 517, 119, 17.7, 27, ABplapapap, -227, 27186, 25120, 924, , 27186, 25000, 28184, 28162, 0, 
140, 1, 189, 391, -1, 404, 400, 20.4, 29, ABarppppaa, 269, 27395, 31669, 1156, , 27395, 25000, 27749, 27769, 0, 
141, 1, 142, 121, -1, 400, 394, 12.9, 29, ABpraapppp, 228, 27293, 32970, 1208, , 27293, 25000, 28007, 28022, 0, 
142, 1, 128, 63, -1, 505, 267, 5.9, 27, ABprpppapaa, 205, 35724, 32437, 908, , 35724, 25000, 34679, 34797, 0, 
143, 1, 385, 147, -1, 183, 136, 17.5, 29, ABalpppaap, -248, 27666, 29879, 1080, , 27666, 25000, 27377, 27068, 0, 
144, 1, 93, 162, -1, 261, 347, 11.7, 28, ABprpaapaa, -146, 27320, 29069, 1064, , 27320, 25000, 27764, 28042, 0, 
145, 1, 110, 93, -1, 164, 346, 21.5, 29, ABpraapaaa, 206, 27525, 29727, 1080, , 27525, 25000, 27487, 27412, 0, 
146, 1, 47, 321, -1, 535, 359, 18.9, 29, ABarpppppa, 265, 27166, 32817, 1208, , 27166, 25000, 28096, 28101, 0, 
147, 1, 69, 148, -1, 539, 129, 10.9, 25, ABplappppa, 228, 27327, 18801, 688, , 27327, 25000, 27104, 27081, 0, 
148, 1, 9, 357, -1, 269, 180, 19.6, 25, ABalppppppa, 221, 27972, 23273, 832, , 27972, 25000, 28197, 28108, 0, 
149, 1, 280, 120, -1, 257, 196, 17.6, 26, MSapapaa, 11, 29142, 24246, 832, , 29142, 25000, 27880, 27909, 0, 
150, 1, 235, 191, -1, 225, 370, 13.9, 28, ABpraaaapp, 243, 27429, 29843, 1088, , 27429, 25000, 27760, 27751, 0, 
151, 1, 357, 85, -1, 485, 283, 19.5, 32, Eprap, -179, 26924, 38555, 1432, , 26924, 25000, 28120, 28233, 0, 
152, 1, 152, 33, -1, 326, 197, 24.4, 29, ABplapaaaa, -163, 27356, 31624, 1156, , 27356, 25000, 27974, 27893, 0, 
153, 1, 58, 251, -1, 280, 320, 6.6, 25, ABarapppppa, 198, 30913, 25720, 832, , 30913, 25000, 32228, 31949, 0, 
154, 1, 185, 199, -1, 236, 352, 18.7, 24, ABpraapappa, 197, 28665, 20180, 704, , 28665, 25000, 28554, 28713, 0, 
155, 1, 160, 107, -1, 221, 327, 18.4, 26, MSppappa, 192, 28393, 23623, 832, , 28393, 25000, 28024, 28147, 0, 
156, 1, 211, 118, -1, 241, 184, 20.3, 30, ABplaapapa, 271, 27556, 36043, 1308, , 27556, 25000, 27992, 27915, 0, 
157, 1, 352, 155, -1, 258, 382, 20.5, 29, ABarpappap, 239, 27986, 30225, 1080, , 27986, 25000, 28711, 28653, 0, 
158, 1, 372, 72, -1, 392, 238, 25.9, 34, ABarppaapa, 341, 28355, 56029, 1976, , 28355, 25000, 28479, 28518, 0, 
159, 0, 374, -1, -1, 490, 216, 6.0, 24, , 197, -837, 20298, 608, , 33385, 25000, 34077, 34222, 0, 
160, 1, 175, 183, -1, 298, 250, 7.2, 27, ABarapapap, 223, 26529, 23027, 868, , 26529, 25000, 31183, 31292, 0, 
161, 0, 30, -1, -1, 86, 261, 16.0, 27, , -171, 3174, 31158, 1032, , 30192, 25000, 27018, 27018, 0, 
162, 1, 321, 248, -1, 228, 134, 21.3, 28, ABalpppappp, 281, 27138, 28875, 1064, , 27138, 25000, 27277, 27307, 0, 
163, 1, 95, 156, -1, 218, 305, 13.2, 27, MSppaaap, 196, 27528, 23894, 868, , 27528, 25000, 28092, 28203, 0, 
164, 1, 7, 335, -1, 204, 274, 15.9, 24, ABaraappapa, 198, 27834, 16812, 604, , 27834, 25000, 28351, 28432, 0, 
165, 1, 34, 132, -1, 436, 403, 14.2, 26, ABprapaapp, 75, 27298, 21729, 796, , 27298, 25000, 27328, 27342, 0, 
166, 1, 315, 50, -1, 319, 263, 9.0, 28, ABarapapppa, 101, 29714, 33517, 1128, , 29714, 25000, 28880, 28785, 0, 
167, 1, 153, 211, -1, 235, 211, 12.6, 27, ABalpaaapa, 229, 27737, 27404, 988, , 27737, 25000, 28018, 28088, 0, 
168, 1, 205, 176, -1, 310, 168, 9.5, 28, ABplpapaaa, 218, 27868, 30097, 1080, , 27868, 25000, 28916, 28923, 0, 
169, 1, 338, 231, -1, 297, 213, 7.2, 24, ABalpappapp, 221, 28595, 18758, 656, , 28595, 25000, 32009, 32254, 0, 
170, 1, 208, 144, 314, 465, 176, 6.5, 29, ABplppppap, 199, 32709, 35326, 1080, , 32709, 25000, 32986, 32878, 0, 
171, 1, 72, 114, -1, 400, 323, 9.5, 29, MSpapppa, 269, 26790, 28933, 1080, , 26790, 25000, 28896, 28901, 0, 
172, 1, 113, 35, -1, 180, 284, 16.9, 26, ABaraappaa, 227, 26749, 21399, 800, , 26749, 25000, 27255, 27308, 0, 
173, 1, 221, 365, -1, 332, 261, 18.0, 25, MSaaappp, 220, 28284, 21609, 764, , 28284, 25000, 29315, 29382, 0, 
174, 1, 245, 205, -1, 225, 167, 7.9, 26, ABalppapaa, 436, 29153, 23322, 800, , 29153, 25000, 30795, 30880, 0, 
175, 1, 218, 73, -1, 169, 205, 14.3, 27, MSapaaaa, 190, 28498, 26332, 924, , 28498, 25000, 28091, 28049, 0, 
176, 1, 57, 57, -1, 181, 301, 19.7, 27, MSpaaaaa, -46, 27648, 25547, 924, , 27648, 25000, 28041, 28152, 0, 
177, 1, 178, 29, -1, 251, 252, 7.4, 26, ABarapapaa, 276, 28758, 23927, 832, , 28758, 25000, 31549, 31399, 0, 
178, 1, 266, 187, -1, 348, 324, 7.6, 27, ABprpapaap, 84, 26641, 26321, 988, , 26641, 25000, 30938, 29641, 0, 
179, 1, 194, 180, -1, 444, 160, 25.5, 31, ABarppapap, 282, 28358, 34937, 1232, , 28358, 25000, 28469, 28403, 0, 
180, 1, 20, 182, -1, 258, 255, 19.6, 25, MSaaapaap, 202, 28231, 23488, 832, , 28231, 25000, 28401, 28317, 0, 
181, 1, 267, 151, -1, 490, 236, 17.9, 32, Eplap, 268, 27178, 42832, 1576, , 27178, 25000, 28122, 28340, 0, 
182, 1, 1, 198, -1, 204, 366, 19.1, 29, ABpraapaap, 198, 26646, 32188, 1208, , 26646, 25000, 27722, 27774, 0, 
183, 1, 173, 222, -1, 204, 257, 7.6, 28, ABarapaaaa, 236, 29336, 28984, 988, , 29336, 25000, 30669, 30408, 0, 
184, 1, 324, 330, -1, 313, 288, 19.4, 27, MSpaaappp, 241, 27182, 26856, 988, , 27182, 25000, 28300, 28281, 0, 
185, 1, 367, 59, -1, 300, 303, 25.7, 31, ABarpaapap, 260, 28050, 38372, 1368, , 28050, 25000, 28317, 28444, 0, 
186, 1, 130, 261, -1, 297, 227, 11.6, 23, MSaapaaaa, 189, 31338, 20056, 640, , 31338, 25000, 29554, 29653, 0, 
187, 1, 77, 44, -1, 224, 188, 26.6, 27, ABplaaapaa, 207, 28624, 28281, 988, , 28624, 25000, 28778, 29009, 0, 
188, 1, 392, 331, -1, 319, 163, 15.0, 22, MSappapa, 193, 28758, 11043, 384, , 28758, 25000, 28804, 29057, 0, 
189, 1, 81, 215, -1, 273, 263, 5.0, 26, ABarappaap, 339, 34748, 29605, 852, , 34748, 25000, 35652, 35513, 0, 
190, 1, 387, 418, -1, 176, 176, 12.4, 24, ABalppaaap, 186, 27229, 19060, 700, , 27229, 25000, 28400, 28172, 0, 
191, 1, 286, 105, -1, 189, 140, 14.3, 27, ABalpppaaa, 354, 26320, 24320, 924, , 26320, 25000, 27388, 27370, 0, 
192, 1, 8, 112, -1, 310, 282, 13.2, 27, ABaraapppp, 455, 29126, 25281, 868, , 29126, 25000, 28647, 28574, 0, 
193, 1, 21, 38, -1, 163, 251, 16.5, 27, ABaraapaaa, 243, 27893, 24992, 896, , 27893, 25000, 27698, 27843, 0, 
194, 1, 323, 137, -1, 579, 301, 9.2, 26, ABprappppa, 215, 28489, 22677, 796, , 28489, 25000, 28120, 28180, 0, 
195, 1, 269, 216, -1, 404, 126, 11.6, 25, ABplppappa, 32, 27600, 22963, 832, , 27600, 25000, 27515, 27504, 0, 
196, 1, 343, 327, -1, 271, 338, 20.1, 26, MSppappp, 263, 28454, 22763, 800, , 28454, 25000, 28622, 28633, 0, 
197, 1, 285, 177, -1, 318, 219, 16.3, 23, MSaapaapa, 205, 35431, 20975, 592, , 35431, 25000, 30373, 30562, 0, 
198, 0, 76, -1, -1, 207, 277, 19.7, 24, , 198, 2246, 20947, 704, , 29754, 25000, 27480, 27508, 0, 
199, 1, 268, 401, -1, 251, 193, 7.7, 24, ABalpapaaap, 183, 29064, 20461, 704, , 29064, 25000, 30006, 29897, 0, 
200, 1, 184, 382, -1, 398, 291, 18.7, 33, Earap, 328, 26948, 46782, 1736, , 26948, 25000, 28156, 28144, 0, 
201, 1, 216, 344, -1, 186, 208, 22.4, 24, ABalapappap, 181, 28107, 19675, 700, , 28107, 25000, 28188, 28219, 0, 
202, 1, 339, 31, -1, 171, 232, 11.2, 25, ABaraaaaaa, 100, 28683, 20193, 704, , 28683, 25000, 28319, 28302, 0, 
203, 1, 252, 87, -1, 189, 241, 26.9, 30, ABplaaaaaa, 269, 28087, 38086, 1356, , 28087, 25000, 28163, 28423, 0, 
204, 1, 248, 361, -1, 436, 287, 20.1, 31, Epraa, 166, 26825, 39701, 1480, , 26825, 25000, 28221, 28299, 0, 
205, 1, 277, 313, -1, 293, 398, 13.7, 26, ABpraappaa, 32, 27825, 23818, 856, , 27825, 25000, 27023, 27052, 0, 
206, 1, 183, 256, -1, 279, 284, 14.1, 24, ABaraapppap, 218, 27440, 16574, 604, , 27440, 25000, 27735, 27848, 0, 
207, 1, 406, 25, -1, 302, 212, 25.7, 26, ABplaaappp, 212, 27217, 23298, 856, , 27217, 25000, 28106, 28268, 0, 
208, 1, 140, 17, -1, 168, 257, 7.4, 27, ABaraaappa, 238, 28861, 28515, 988, , 28861, 25000, 32031, 32288, 0, 
209, 1, 243, 350, -1, 218, 189, 15.6, 24, MSapaaap, 222, 27620, 19334, 700, , 27620, 25000, 27416, 27384, 0, 
210, 1, 63, 414, -1, 245, 352, 6.7, 26, ABalaapapp, 262, 31002, 26538, 856, , 31002, 25000, 34569, 34582, 0, 
211, 0, 68, -1, -1, 366, 399, 12.0, 23, , 198, -756, 14018, 512, , 27379, 25000, 28214, 28135, 0, 
212, 1, 59, 91, -1, 392, 315, 6.4, 27, ABprppaapa, 126, 31114, 30741, 988, , 31114, 25000, 32600, 32441, 0, 
213, 1, 262, 395, -1, 204, 224, 12.5, 24, ABalpaapapa, 219, 27374, 21023, 768, , 27374, 25000, 27878, 27994, 0, 
214, 1, 394, 375, -1, 431, 215, 11.5, 32, Z3, 320, 27433, 39284, 1432, , 27433, 25000, 28572, 28659, 0, 
215, 1, 279, 71, -1, 312, 177, 6.7, 26, ABalpapapap, 192, 31438, 26911, 856, , 31438, 25000, 36061, 36119, 0, 
216, 1, 257, 78, -1, 510, 295, 25.4, 33, Caaaap, 306, 27180, 44575, 1640, , 27180, 25000, 28096, 28200, 0, 
217, 1, 177, 167, -1, 392, 357, 16.2, 28, Dppaa, 235, 28795, 30292, 1052, , 28795, 25000, 28976, 29047, 0, 
218, 1, 43, 228, -1, 318, 350, 12.8, 23, MSppppaa, 203, 27720, 14969, 540, , 27720, 25000, 27758, 27746, 0, 
219, 1, 391, 320, -1, 541, 241, 23.6, 31, Caaapa, 269, 28068, 37387, 1332, , 28068, 25000, 28310, 28382, 0, 
220, 1, 279, 303, -1, 271, 190, 6.5, 24, ABalpapapaa, 522, 32245, 24764, 768, , 32245, 25000, 34460, 35203, 0, 
221, 1, 289, 169, -1, 252, 219, 4.8, 28, ABalpapaap, 722, 38471, 40471, 1052, , 38471, 25000, 35925, 36085, 0, 
222, 1, 75, 207, -1, 545, 263, 10.9, 29, Cppppp, 273, 27276, 32949, 1208, , 27276, 25000, 28542, 28580, 0, 
223, 1, 49, 346, -1, 303, 350, 8.5, 28, ABprpaaapp, 230, 27521, 29723, 1080, , 27521, 25000, 28511, 28447, 0, 
224, 1, 52, 290, -1, 486, 341, 7.2, 27, ABprppappp, 230, 28924, 25106, 868, , 28924, 25000, 31794, 31721, 0, 
225, 1, 42, 130, -1, 129, 297, 15.1, 27, ABalaaappl, 252, 26720, 24262, 908, , 26720, 25000, 27596, 27663, 0, 
226, 1, 223, 19, -1, 200, 362, 22.5, 26, ABalappppp, 257, 26814, 24025, 896, , 26814, 25000, 27326, 27313, 0, 
227, 1, 145, 351, -1, 242, 131, 11.7, 27, ABalppaapp, -11, 27433, 25348, 924, , 27433, 25000, 27910, 27956, 0, 
228, 1, 358, 126, -1, 436, 196, 23.5, 29, Dappa, 297, 27998, 30238, 1080, , 27998, 25000, 28292, 28321, 0, 
229, 1, 22, 46, -1, 492, 354, 18.5, 30, Cpppaa, 259, 27483, 33859, 1232, , 27483, 25000, 28506, 28538, 0, 
230, 1, 233, 190, -1, 293, 298, 10.7, 23, MSppaapa, -200, 27552, 16311, 592, , 27552, 25000, 28262, 28426, 0, 
231, 1, 356, 379, -1, 364, 198, 21.5, 26, Daaap, 204, 27625, 24752, 896, , 27625, 25000, 28755, 28836, 0, 
232, 1, 61, 302, -1, 185, 275, 26.5, 28, ABarpaaaap, 273, 27707, 29924, 1080, , 27707, 25000, 28029, 28096, 0, 
233, 1, 83, 360, -1, 261, 311, 4.5, 28, ABarapppap, 281, 37470, 40468, 1080, , 37470, 25000, 36506, 36605, 0, 
234, 1, 107, 336, -1, 426, 183, 6.3, 26, ABplppppaa, 268, 31264, 26762, 856, , 31264, 25000, 33447, 33579, 0, 
235, 1, 313, 272, -1, 141, 179, 15.3, 31, ABalaaapal, 254, 27216, 37232, 1368, , 27216, 25000, 27309, 27141, 0, 
236, 1, 3, 332, -1, 306, 323, 20.9, 29, MSpppppa, 160, 26859, 32446, 1208, , 26859, 25000, 28410, 28368, 0, 
237, 1, 242, 381, -1, 452, 394, 19.6, 27, ABarppppap, 261, 28982, 28634, 988, , 28982, 25000, 27900, 27900, 0, 
238, 1, 272, 64, -1, 430, 302, 5.3, 27, ABprppaapp, 248, 33938, 31359, 924, , 33938, 25000, 34155, 34141, 0, 
239, 1, 253, 200, -1, 192, 333, 25.3, 30, ABarpapaaa, -38, 27791, 36351, 1308, , 27791, 25000, 27778, 27706, 0, 
240, 1, 78, 140, -1, 322, 225, 19.2, 23, MSaaappa, 35, 28372, 15321, 540, , 28372, 25000, 28512, 28583, 0, 
241, 0, 161, -1, -1, 550, 315, 18.6, 22, , 170, 265, 0, 0, , 0, 0, 0, 0, 0, 
242, 1, 166, 394, -1, 508, 277, 16.7, 33, Eprpa, 332, 28096, 48775, 1736, , 28096, 25000, 28535, 28600, 0, 
243, 1, 350, 48, -1, 293, 386, 20.9, 29, ABarpapppa, 275, 28459, 34378, 1208, , 28459, 25000, 28715, 28785, 0, 
244, 1, 334, 9, -1, 451, 219, 6.5, 27, ABplpapppp, 400, 32623, 29230, 896, , 32623, 25000, 33353, 33566, 0, 
245, 1, 137, 70, -1, 216, 307, 5.8, 25, ABarapppaa, -87, 37712, 26549, 704, , 37712, 25000, 36857, 37160, 0, 
246, 1, 105, 349, -1, 138, 300, 18.8, 28, ABalapppaa, 280, 28072, 29532, 1052, , 28072, 25000, 27455, 27352, 0, 
247, 1, 163, 201, -1, 419, 177, 15.1, 26, MSappaap, 202, 27721, 22177, 800, , 27721, 25000, 28702, 28846, 0, 
248, 1, 219, 219, -1, 222, 252, 5.4, 26, ABarapaaap, 42, 40084, 33350, 832, , 40084, 25000, 36504, 37037, 0, 
249, 1, 360, 136, -1, 388, 176, 20.1, 27, Dapaa, 239, 27638, 25095, 908, , 27638, 25000, 28522, 28541, 0, 
250, 1, 138, 15, -1, 141, 330, 16.3, 27, ABalappapa, 277, 26776, 24741, 924, , 26776, 25000, 27217, 27312, 0, 
251, 1, 346, 208, -1, 577, 197, 12.4, 32, Caappd, 327, 27438, 40718, 1484, , 27438, 25000, 28553, 28567, 0, 
252, 1, 292, 363, -1, 299, 155, 20.6, 28, ABplpaappa, 208, 28228, 27889, 988, , 28228, 25000, 28620, 28706, 0, 
253, 1, 294, 284, 325, 233, 272, 22.4, 31, MSaaaapa, 187, 28960, 38575, 1332, , 28960, 25000, 27881, 27857, 0, 
254, 1, 102, 204, -1, 278, 342, 15.5, 25, ABpraaapppa, 220, 26398, 20274, 768, , 26398, 25000, 28177, 28285, 0, 
255, 1, 7, 342, -1, 247, 268, 17.2, 25, ABaraappapp, 224, 28287, 19914, 704, , 28287, 25000, 28028, 27998, 0, 
256, 1, 99, 383, -1, 291, 257, 12.7, 24, ABarapaappp, -142, 28817, 20287, 704, , 28817, 25000, 28915, 28889, 0, 
257, 0, 381, -1, -1, 148, 167, 12.8, 22, , 200, 546, 14084, 496, , 28395, 25000, 27907, 27849, 0, 
258, 0, 300, -1, -1, 162, 333, 10.3, 26, , 248, 1444, 24969, 856, , 29169, 25000, 27613, 27725, 0, 
259, 1, 172, 34, -1, 432, 207, 26.5, 31, ABarppaapp, -195, 28730, 35395, 1232, , 28730, 25000, 28158, 28164, 0, 
260, 0, 378, -1, -1, 219, 338, 6.8, 25, , -27, -2194, 23513, 704, , 33399, 25000, 35091, 35593, 0, 
261, 1, 234, 286, -1, 265, 231, 16.4, 25, ABaraapapap, 213, 27894, 23208, 832, , 27894, 25000, 28209, 28270, 0, 
262, 1, 199, 396, -1, 299, 380, 17.4, 28, ABpraaapppp, 220, 26796, 26474, 988, , 26796, 25000, 27521, 27603, 0, 
263, 1, 120, 119, -1, 330, 296, 7.7, 27, ABprpapaaa, 354, 28111, 25975, 924, , 28111, 25000, 29938, 30208, 0, 
264, 1, 347, 164, -1, 396, 246, 7.5, 24, ABprpapppa, 173, 27374, 21023, 768, , 27374, 25000, 31103, 30872, 0, 
265, 1, 46, 323, -1, 520, 299, 5.8, 28, ABprpppaap, 259, 39587, 41645, 1052, , 39587, 25000, 36964, 37496, 0, 
266, 1, 377, 338, -1, 443, 297, 26.0, 34, Caaaaa, 339, 27094, 53971, 1992, , 27094, 25000, 28548, 28649, 0, 
267, 1, 228, 99, -1, 545, 215, 9.6, 28, Caapa, 281, 26571, 26252, 988, , 26571, 25000, 28863, 28939, 0, 
268, 1, 273, 223, -1, 420, 233, 5.7, 28, ABplpapppa, 279, 34375, 36575, 1064, , 34375, 25000, 34599, 34825, 0, 
269, 1, 209, 273, -1, 385, 323, 13.2, 26, MSpppaap, 267, 27466, 21863, 796, , 27466, 25000, 28777, 28717, 0, 
270, 1, 19, 10, -1, 302, 384, 10.3, 27, ABprpaappp, 236, 27604, 25506, 924, , 27604, 25000, 27197, 27154, 0, 
271, 1, 203, 12, -1, 496, 222, 12.3, 31, Eplpp, 605, 27661, 37840, 1368, , 27661, 25000, 28406, 28415, 0, 
272, 1, 255, 269, -1, 522, 119, 13.6, 29, ABplapappa, 299, 27367, 31636, 1156, , 27367, 25000, 28031, 28069, 0, 
273, 1, 2, 310, -1, 465, 394, 13.3, 28, ABprappaaa, 233, 26832, 28549, 1064, , 26832, 25000, 27431, 27439, 0, 
274, 1, 304, 56, -1, 208, 331, 13.5, 25, ABpraaapaa, 2, 27049, 20774, 768, , 27049, 25000, 27575, 27548, 0, 
275, 1, 16, 319, -1, 144, 191, 11.9, 25, ABalaaaala, 234, 26561, 18274, 688, , 26561, 25000, 27320, 27324, 0, 
276, 1, 298, 262, -1, 337, 209, 9.9, 28, ABalpappppp, 252, 27051, 29431, 1088, , 27051, 25000, 29442, 29453, 0, 
277, 1, 147, 24, -1, 495, 386, 14.0, 26, ABprappaap, 247, 26947, 22959, 852, , 26947, 25000, 27954, 27994, 0, 
278, 1, 398, 409, -1, 166, 257, 20.3, 25, MSaaaaapa, 229, 27700, 21163, 764, , 27700, 25000, 27915, 27959, 0, 
279, 1, 258, 347, -1, 167, 314, 12.8, 26, ABalaapppa, 341, 27259, 21698, 796, , 27259, 25000, 27983, 28219, 0, 
280, 1, 44, 288, -1, 320, 317, 11.0, 25, MSppaapp, 129, 27349, 20895, 764, , 27349, 25000, 28353, 28383, 0, 
281, 1, 125, 311, -1, 144, 208, 20.4, 24, ABalapappaa, 178, 27680, 19376, 700, , 27680, 25000, 27511, 27664, 0, 
282, 1, 214, 123, -1, 250, 188, 11.6, 24, MSapaapa, 445, 27880, 19516, 700, , 27880, 25000, 28612, 28631, 0, 
283, 1, 306, 129, -1, 477, 295, 5.3, 25, ABprppppapa, 168, 35571, 27176, 764, , 35571, 25000, 35373, 35088, 0, 
284, 1, 101, 306, -1, 347, 356, 9.5, 29, ABprppaaaa, 36, 27389, 29580, 1080, , 27389, 25000, 28599, 28694, 0, 
285, 1, 60, 293, -1, 237, 229, 9.9, 27, ABalpappaa, 141, 28130, 25542, 908, , 28130, 25000, 28367, 28484, 0, 
286, 1, 388, 370, -1, 573, 239, 22.4, 32, Cpaapp, 289, 26766, 39721, 1484, , 26766, 25000, 28128, 28187, 0, 
287, 1, 190, 385, -1, 192, 322, 21.7, 25, ABarpapaapa, 185, 27592, 21080, 764, , 27592, 25000, 27674, 27640, 0, 
288, 1, 100, 115, -1, 536, 278, 24.6, 31, Cpaapa, 279, 26719, 35590, 1332, , 26719, 25000, 28587, 28657, 0, 
289, 1, 389, 367, -1, 237, 175, 17.6, 24, ABalpppppaa, 213, 27347, 19143, 700, , 27347, 25000, 27121, 27168, 0, 
290, 1, 341, 227, -1, 447, 350, 13.5, 32, Cppaaa, 327, 27123, 38840, 1432, , 27123, 25000, 28841, 28876, 0, 
291, 1, 84, 189, -1, 189, 181, 8.6, 27, ABalpaappp, 206, 27959, 27623, 988, , 27959, 25000, 28813, 28957, 0, 
292, 1, 159, 131, -1, 448, 170, 13.2, 30, Capaap, 141, 26531, 35021, 1320, , 26531, 25000, 28462, 28499, 0, 
293, 1, 359, 7, -1, 239, 211, 22.0, 27, MSapappa, 220, 28620, 29536, 1032, , 28620, 25000, 28069, 28135, 0, 
294, 1, 143, 309, -1, 200, 302, 24.6, 28, ABarpaaapa, 255, 27221, 26894, 988, , 27221, 25000, 28001, 28049, 0, 
295, 1, 402, 421, -1, 386, 212, 24.0, 26, MSappppp, 335, 28066, 23912, 852, , 28066, 25000, 27908, 27855, 0, 
296, 1, 365, 97, -1, 357, 259, 11.1, 26, MSpapaaap, 228, 35003, 28002, 800, , 35003, 25000, 29910, 29841, 0, 
297, 1, 150, 111, -1, 126, 222, 13.0, 26, ABalaaaarl, 129, 25671, 21872, 852, , 25671, 25000, 27056, 26959, 0, 
298, 1, 62, 317, -1, 267, 331, 9.6, 29, ABprpaaaaa, 294, 27592, 31896, 1156, , 27592, 25000, 27940, 28167, 0, 
299, 1, 126, 258, -1, 391, 210, 10.1, 26, MSaappap, 215, 28229, 22583, 800, , 28229, 25000, 28947, 28871, 0, 
300, 1, 97, 4, -1, 498, 131, 8.1, 30, ABplpppaap, 254, 28404, 38516, 1356, , 28404, 25000, 30124, 30287, 0, 
301, 1, 114, 294, -1, 331, 226, 13.0, 24, MSaapaaap, 14, 33281, 20235, 608, , 33281, 25000, 29460, 29438, 0, 
302, 1, 136, 202, -1, 204, 269, 12.9, 24, ABaraaapapa, 246, 26899, 16247, 604, , 26899, 25000, 28514, 28560, 0, 
303, 1, 73, 13, -1, 269, 389, 12.1, 26, ABprpaapap, 249, 27853, 22282, 800, , 27853, 25000, 27107, 27101, 0, 
304, 1, 168, 14, -1, 269, 160, 6.8, 31, ABalppapap, 315, 34436, 50415, 1464, , 34436, 25000, 35453, 35881, 0, 
305, 1, 229, 40, -1, 557, 231, 7.3, 27, ABprpppppp, 229, 29557, 27311, 924, , 29557, 25000, 32509, 32907, 0, 
306, 1, 383, 163, -1, 318, 320, 6.6, 23, ABarapppppp, 139, 31039, 19865, 640, , 31039, 25000, 32400, 32611, 0, 
307, 1, 260, 265, -1, 303, 369, 24.2, 30, ABarpapppp, 295, 27389, 36154, 1320, , 27389, 25000, 28322, 28338, 0, 
308, 1, 340, 235, -1, 436, 162, 17.4, 28, Capaaa, 261, 27437, 27108, 988, , 27437, 25000, 28098, 28132, 0, 
309, 1, 373, 343, -1, 370, 339, 21.5, 29, MSpppppp, 210, 29086, 31413, 1080, , 29086, 25000, 28512, 28532, 0, 
310, 0, 103, -1, -1, 126, 264, 19.5, 24, , -164, 51, 21210, 768, , 27617, 25000, 27596, 27566, 0, 
311, 1, 337, 253, -1, 351, 230, 15.5, 27, MSaapapa, 250, 33732, 30224, 896, , 33732, 25000, 31054, 30576, 0, 
312, 1, 204, 358, -1, 257, 156, 9.6, 25, ABalppapppa, 488, 28530, 23737, 832, , 28530, 25000, 28269, 28346, 0, 
313, 1, 66, 289, -1, 409, 317, 25.5, 33, Cpaaaa, 332, 28357, 46052, 1624, , 28357, 25000, 28091, 28216, 0, 
314, 1, 344, 127, -1, 581, 223, 9.3, 26, Cpappv, 229, 27252, 23328, 856, , 27252, 25000, 29573, 29617, 0, 
315, 1, 247, 193, -1, 322, 193, 18.6, 25, Daaaa, -274, 27764, 23100, 832, , 27764, 25000, 28511, 28486, 0, 
316, 1, 35, 392, -1, 166, 164, 18.1, 25, ABalapaapp, 214, 28496, 19605, 688, , 28496, 25000, 27057, 27078, 0, 
317, 1, 355, 245, -1, 263, 309, 12.8, 26, MSppapaa, 202, 28217, 22461, 796, , 28217, 25000, 27729, 27723, 0, 
318, 1, 302, 266, -1, 528, 194, 6.7, 28, ABplpppppp, 277, 32744, 34840, 1064, , 32744, 25000, 34726, 34901, 0, 
319, 1, 94, 60, -1, 273, 228, 22.1, 26, MSapappp, 225, 29084, 23267, 800, , 29084, 25000, 28116, 28108, 0, 
320, 1, 204, 49, -1, 292, 152, 10.7, 27, ABalppapppp, 183, 29629, 27377, 924, , 29629, 25000, 27912, 28016, 0, 
321, 1, 236, 95, -1, 366, 226, 9.1, 25, MSaappaa, 182, 29203, 20092, 688, , 29203, 25000, 28865, 28991, 0, 
322, 1, 210, 11, -1, 486, 172, 21.4, 31, Cappaa, 296, 28236, 37610, 1332, , 28236, 25000, 28155, 28194, 0, 
323, 1, 336, 376, -1, 301, 300, 16.7, 30, MSpaapap, 198, 28112, 36771, 1308, , 28112, 25000, 28201, 28166, 0, 
324, 1, 6, 257, -1, 275, 271, 21.8, 28, MSpaaapa, 287, 27259, 28676, 1052, , 27259, 25000, 28010, 28114, 0, 
325, 1, 264, 324, -1, 287, 323, 11.7, 24, MSppapap, -67, 26915, 18948, 704, , 26915, 25000, 28528, 28732, 0, 
326, 1, 226, 62, -1, 210, 229, 24.3, 30, ABplaaaaap, 295, 26690, 34911, 1308, , 26690, 25000, 27701, 27776, 0, 
327, 1, 15, 122, -1, 586, 282, 12.4, 27, ABprapappp, 181, 27699, 27367, 988, , 27699, 25000, 28976, 28928, 0, 
328, 1, 231, 42, -1, 572, 263, 8.4, 26, ABprappppp, 10, 26838, 22329, 832, , 26838, 25000, 28787, 28815, 0, 
329, 1, 157, 322, -1, 364, 357, 13.3, 26, Dpapa, 215, 28453, 24356, 856, , 28453, 25000, 28446, 28466, 0, 
330, 1, 201, 312, -1, 185, 258, 9.6, 26, ABaraaaaap, 72, 28627, 23818, 832, , 28627, 25000, 27776, 27738, 0, 
331, 1, 319, 135, -1, 346, 164, 18.6, 27, Daapa, 251, 27796, 27462, 988, , 27796, 25000, 28889, 28874, 0, 
332, 1, 310, 108, -1, 343, 119, 12.8, 25, ABplpaaaapp, 192, 27909, 19648, 704, , 27909, 25000, 27457, 27370, 0, 
333, 1, 106, 241, -1, 480, 329, 25.5, 33, Cpaaap, 337, 27965, 45415, 1624, , 27965, 25000, 28111, 28150, 0, 
334, 1, 297, 359, -1, 487, 269, 12.6, 31, Eprpp, 227, 26808, 35708, 1332, , 26808, 25000, 28533, 28506, 0, 
335, 1, 237, 386, -1, 544, 188, 19.4, 29, Capppa, 243, 27242, 31492, 1156, , 27242, 25000, 28259, 28285, 0, 
336, 0, 278, -1, -1, 229, 289, 25.7, 26, , 211, -588, 23714, 856, , 27703, 25000, 28344, 28291, 0, 
337, 1, 330, 142, -1, 563, 299, 17.6, 31, Cppppa, 250, 28179, 37534, 1332, , 28179, 25000, 28215, 28228, 0, 
338, 1, 281, 298, -1, 203, 248, 22.4, 25, MSaaaaapp, 378, 27087, 22536, 832, , 27087, 25000, 27571, 27660, 0, 
339, 1, 67, 328, -1, 332, 310, 25.4, 30, ABarpaappa, 115, 26644, 30801, 1156, , 26644, 25000, 28418, 28350, 0, 
340, 1, 54, 117, -1, 312, 342, 18.3, 25, MSppppap, 224, 27495, 21006, 764, , 27495, 25000, 28026, 28012, 0, 
341, 1, 366, 174, -1, 332, 232, 25.2, 27, ABarppaaaa, 211, 27953, 24263, 868, , 27953, 25000, 28546, 28560, 0, 
342, 1, 283, 362, -1, 514, 227, 16.3, 33, Eplpa, 182, 27474, 47695, 1736, , 27474, 25000, 28820, 29001, 0, 
343, 1, 380, 398, -1, 457, 252, 20.8, 33, Eplaa, 324, 27984, 48804, 1744, , 27984, 25000, 28232, 28233, 0, 
344, 1, 27, 305, -1, 371, 162, 8.6, 24, ABplpapapa, 245, 27424, 19197, 700, , 27424, 25000, 28049, 28200, 0, 
345, 1, 119, 232, -1, 372, 242, 5.5, 30, ABprpappap, 201, 35962, 44305, 1232, , 35962, 25000, 34006, 34258, 0, 
346, 1, 396, 415, -1, 183, 322, 9.8, 24, ABalaappap, 183, 27578, 18091, 656, , 27578, 25000, 27939, 28058, 0, 
347, 1, 127, 316, -1, 302, 364, 14.4, 29, ABprpaappa, 215, 27484, 31772, 1156, , 27484, 25000, 27663, 27741, 0, 
348, 1, 39, 384, -1, 140, 263, 10.8, 29, ABalaaaarr, 239, 28451, 31638, 1112, , 28451, 25000, 27560, 27461, 0, 
349, 1, 56, 23, -1, 366, 209, 12.9, 28, MSaapapp, -122, 34898, 37969, 1088, , 34898, 25000, 29461, 29430, 0, 
350, 1, 96, 341, -1, 347, 324, 5.4, 30, ABarappapp, 301, 38851, 44912, 1156, , 38851, 25000, 35053, 36370, 0, 
351, 1, 33, 83, -1, 169, 271, 13.0, 26, ABaraaapaa, 228, 28131, 23968, 852, , 28131, 25000, 27761, 27798, 0, 
352, 1, 351, 291, -1, 321, 400, 14.0, 27, ABpraappap, 101, 26557, 27407, 1032, , 26557, 25000, 27318, 27280, 0, 
353, 1, 386, 397, -1, 455, 239, 17.3, 33, Ealpp, 330, 28433, 49360, 1736, , 28433, 25000, 28685, 28790, 0, 
354, 1, 275, 168, -1, 600, 240, 13.5, 29, Cpappd, 269, 27294, 29477, 1080, , 27294, 25000, 28194, 28210, 0, 
355, 1, 89, 146, -1, 391, 264, 11.2, 30, MSpapapp, 452, 36170, 47744, 1320, , 36170, 25000, 30310, 30218, 0, 
356, 1, 308, 158, -1, 268, 296, 19.3, 26, MSpaaappa, 126, 26978, 23093, 856, , 26978, 25000, 28171, 28381, 0, 
357, 1, 353, 279, -1, 355, 280, 24.6, 31, ABarpaappp, 308, 28009, 37308, 1332, , 28009, 25000, 28325, 28390, 0, 
358, 1, 190, 76, -1, 226, 337, 22.1, 26, ABarpapaapp, 197, 27904, 22323, 800, , 27904, 25000, 27990, 28067, 0, 
359, 1, 299, 380, -1, 170, 344, 13.6, 27, ABalaapppp, 192, 27154, 26828, 988, , 27154, 25000, 27860, 27905, 0, 
360, 1, 342, 184, -1, 367, 291, 6.1, 27, ABprpapapa, 205, 31235, 28361, 908, , 31235, 25000, 33141, 33088, 0, 
361, 1, 318, 366, -1, 537, 311, 13.5, 32, Cpppap, 324, 26701, 38236, 1432, , 26701, 25000, 28517, 28601, 0, 
362, 1, 195, 371, -1, 197, 154, 20.7, 25, ABalppppap, 206, 29455, 22504, 764, , 29455, 25000, 27786, 27561, 0, 
363, 1, 17, 300, -1, 346, 187, 15.7, 26, MSappaaa, 195, 27652, 23670, 856, , 27652, 25000, 29209, 29235, 0, 
364, 1, 401, 416, -1, 303, 206, 21.2, 24, MSapppap, 40, 27146, 17808, 656, , 27146, 25000, 28215, 28243, 0, 
365, 1, 276, 267, -1, 231, 258, 13.3, 24, ABaraaapapp, 158, 27953, 19679, 704, , 27953, 25000, 29007, 29203, 0, 
366, 1, 28, 283, -1, 471, 118, 20.5, 27, ABplappaap, 283, 26504, 23748, 896, , 26504, 25000, 28328, 28369, 0, 
367, 1, 310, 352, -1, 299, 119, 11.4, 24, ABplpaaaapa, 201, 27217, 19052, 700, , 27217, 25000, 26992, 27002, 0, 
368, 1, 139, 197, -1, 145, 288, 9.3, 26, ABalaapaaa, 256, 27893, 23876, 856, , 27893, 25000, 28297, 28305, 0, 
369, 1, 200, 260, -1, 478, 247, 5.8, 26, ABprppppapp, 182, 37655, 29973, 796, , 37655, 25000, 32986, 33253, 0, 
370, 1, 296, 292, -1, 255, 268, 13.9, 25, ABaraapppaa, 258, 26776, 18422, 688, , 26776, 25000, 28357, 28385, 0, 
371, 0, 170, -1, -1, 343, 324, 12.2, 23, , 193, 346, 15112, 540, , 27985, 25000, 27594, 27639, 0, 
372, 1, 287, 18, -1, 401, 282, 5.5, 27, ABprpapapp, 249, 36787, 32961, 896, , 36787, 25000, 34801, 34814, 0, 
373, 1, 256, 243, -1, 365, 347, 17.8, 25, Dpaap, 230, 27814, 19581, 704, , 27814, 25000, 28912, 29048, 0, 
374, 1, 364, 65, -1, 150, 235, 13.1, 23, ABalpaapaaa, -138, 27183, 13483, 496, , 27183, 25000, 27836, 27972, 0, 
375, 1, 261, 138, -1, 480, 208, 24.0, 31, Dappp, 298, 28828, 45549, 1580, , 28828, 25000, 28652, 28659, 0, 
376, 0, 399, -1, -1, 346, 207, 6.4, 23, , 207, 3261, 24185, 640, , 37789, 25000, 34930, 34528, 0, 
377, 1, 164, 412, -1, 269, 217, 6.9, 24, ABalpappapa, 200, 31228, 18862, 604, , 31228, 25000, 31753, 31611, 0, 
378, 1, 312, 237, -1, 248, 248, 26.2, 28, ABplaaaapa, 254, 28342, 29816, 1052, , 28342, 25000, 29105, 29213, 0, 
379, 1, 122, 195, -1, 275, 370, 17.3, 27, ABpraapappp, 242, 28119, 25982, 924, , 28119, 25000, 28258, 28506, 0, 
380, 1, 169, 406, -1, 361, 161, 14.4, 25, MSappapp, 209, 27691, 23039, 832, , 27691, 25000, 28757, 28833, 0, 
381, 1, 379, 89, -1, 374, 250, 13.8, 26, MSpapapa, 235, 34567, 27515, 796, , 34567, 25000, 30582, 30618, 0, 
382, 1, 376, 259, -1, 414, 242, 18.8, 32, Ealap, 322, 28201, 45348, 1608, , 28201, 25000, 29063, 29096, 0, 
383, 1, 187, 226, -1, 286, 139, 13.8, 28, ABplpaaapp, 201, 27118, 28528, 1052, , 27118, 25000, 27580, 27658, 0, 
384, 1, 197, 270, -1, 164, 352, 16.4, 29, ABalappapp, 290, 26689, 30852, 1156, , 26689, 25000, 27352, 27495, 0, 
385, 1, 5, 329, -1, 395, 231, 15.5, 33, Ealpa, 322, 28140, 45700, 1624, , 28140, 25000, 29987, 29872, 0, 
386, 1, 408, 301, -1, 298, 163, 17.3, 25, MSapppaa, 248, 28407, 21703, 764, , 28407, 25000, 28274, 28261, 0, 
387, 1, 146, 282, -1, 328, 202, 5.1, 22, ABplpappaaa, 163, 38987, 18090, 464, , 38987, 25000, 37594, 37726, 0, 
388, 1, 192, 268, -1, 327, 150, 12.2, 25, ABplpapaap, 247, 27696, 19498, 704, , 27696, 25000, 28251, 28251, 0, 
389, 1, 222, 39, -1, 202, 297, 10.0, 24, MSppaaaa, 240, 27067, 16457, 608, , 27067, 25000, 28368, 28394, 0, 
390, 1, 329, 101, -1, 570, 186, 8.8, 24, Caappv, 238, 28267, 18543, 656, , 28267, 25000, 28628, 28635, 0, 
391, 1, 14, 90, -1, 319, 183, 13.6, 27, MSapaapp, 265, 26911, 26588, 988, , 26911, 25000, 28646, 28743, 0, 
392, 1, 390, 84, -1, 247, 166, 15.8, 27, ABplpaapaa, 237, 26952, 23394, 868, , 26952, 25000, 27916, 28039, 0, 
393, 1, 395, 408, -1, 200, 138, 18.3, 25, ABalpppappa, 165, 28925, 22099, 764, , 28925, 25000, 27596, 27433, 0, 
394, 1, 131, 79, -1, 434, 371, 16.5, 26, Dppap, 60, 27584, 24715, 896, , 27584, 25000, 29193, 29215, 0, 
395, 1, 368, 51, -1, 191, 239, 14.4, 26, ABalpaapaap, 87, 28543, 23748, 832, , 28543, 25000, 28276, 28311, 0, 
396, 1, 407, 405, -1, 211, 299, 18.0, 23, MSpaaaapa, 130, 26990, 13819, 512, , 26990, 25000, 28389, 28349, 0, 
397, 1, 179, 296, -1, 201, 202, 26.0, 23, ABalapappp, 97, 28033, 14353, 512, , 28033, 25000, 28198, 28419, 0, 
398, 1, 397, 413, -1, 354, 223, 17.9, 23, MSaapaapp, 26, 33411, 16572, 496, , 33411, 25000, 31277, 31000, 0, 
399, 1, 417, 422, -1, 398, 123, 21.3, 22, ABplaapppp, 209, 28145, 14748, 524, , 28145, 25000, 27581, 27685, 0, 
400, 1, 23, 203, -1, 249, 337, 14.0, 25, ABpraaappa, 246, 28423, 21715, 764, , 28423, 25000, 27116, 27220, 0, 
401, 1, 246, 274, -1, 259, 297, 26.2, 26, ABarpaapaa, 453, 28975, 23064, 796, , 28975, 25000, 28468, 28450, 0, 
402, 1, 400, 372, -1, 183, 341, 18.7, 24, ABalappppap, 391, 27635, 19455, 704, , 27635, 25000, 27518, 27455, 0, 
403, 1, 40, 393, -1, 477, 316, 5.6, 32, ABprpppaaa, 5, 35966, 53374, 1484, , 35966, 25000, 35071, 35198, 0, 
404, 1, 349, 431, -1, 211, 231, 20.0, 22, MSaaapaaa, 197, 27680, 10629, 384, , 27680, 25000, 27464, 27558, 0, 
405, 1, 284, 192, -1, 426, 201, 8.9, 24, MSpappaa, 23, 28030, 16930, 604, , 28030, 25000, 29404, 29593, 0, 
406, 0, 309, -1, -1, 349, 301, 18.6, 26, , 236, 915, 24669, 832, , 29650, 25000, 28682, 28735, 0, 
407, 1, 309, 411, -1, 356, 291, 18.5, 33, Earaa, 340, 28409, 46136, 1624, , 28409, 25000, 29066, 29236, 0, 
408, 1, 128, 403, -1, 521, 232, 5.3, 23, ABprpppapap, 461, 46164, 27329, 592, , 46164, 25000, 40017, 40017, 0, 
409, 1, 71, 420, -1, 365, 283, 14.5, 24, MSpapaapp, 167, 36208, 27808, 768, , 36208, 25000, 31143, 31114, 0, 
410, 1, 405, 400, -1, 220, 219, 15.1, 27, ABalpaapapp, 124, 28104, 25518, 908, , 28104, 25000, 27929, 28035, 0, 
411, 1, 90, 340, -1, 145, 307, 21.4, 26, ABalapppapa, 128, 28041, 23330, 832, , 28041, 25000, 27567, 27656, 0, 
412, 1, 305, 6, -1, 138, 241, 19.9, 24, ABalappaap, 209, 27715, 16740, 604, , 27715, 25000, 27575, 27564, 0, 
413, 1, 149, 179, -1, 374, 131, 15.1, 28, ABplppapaa, 265, 29482, 32076, 1088, , 29482, 25000, 28325, 28514, 0, 
414, 1, 162, 390, -1, 433, 166, 20.5, 27, Dapap, -287, 27900, 24998, 896, , 27900, 25000, 28136, 28136, 0, 
415, 1, 393, 417, -1, 154, 329, 18.0, 23, ABalappppaa, 537, 26789, 13716, 512, , 26789, 25000, 27882, 28095, 0, 
416, 0, 409, -1, -1, 357, 182, 9.1, 23, , 406, -585, 14271, 496, , 28772, 25000, 29073, 29357, 0, 
417, 0, -1, -1, -1, 161, 152, 13.0, 20, , 336, -1661, 8151, 316, , 25794, 25000, 27610, 27455, 0, 
418, 1, 382, 424, -1, 593, 224, 21.0, 26, Caaapp, 208, 27189, 23165, 852, , 27189, 25000, 27519, 27544, 0, 
419, 1, 411, 425, -1, 334, 224, 22.0, 22, MSappppa, 230, 28214, 10834, 384, , 28214, 25000, 29591, 29591, 0, 
420, 1, 412, 426, -1, 360, 326, 11.0, 23, MSpppapp, 111, 27127, 13889, 512, , 27127, 25000, 27821, 27783, 0, 
421, 1, 413, 427, -1, 351, 398, 14.0, 26, ABpraapppa, 238, 27365, 23315, 852, , 27365, 25000, 28584, 28706, 0, 
422, 1, 414, 428, -1, 171, 246, 25.0, 24, ABalapapap, 184, 27344, 16625, 608, , 27344, 25000, 27974, 27931, 0, 
423, 1, 415, 429, -1, 335, 370, 24.0, 24, ABarpppaaa, 224, 27107, 16481, 608, , 27107, 25000, 28013, 28070, 0, 
424, 1, 90, 430, -1, 182, 311, 24.0, 22, ABalapppapp, 0, 27615, 10604, 384, , 27615, 25000, 27561, 27859, 0, 
425, 1, 416, 407, -1, 361, 189, 7.2000003, 24, ABplpappaap, 232, 28171, 18480, 656, , 28171, 25000, 31756, 31985, 0, 
426, 1, 419, 432, -1, 317, 263, 10.72, 23, MSpapaaaa, 0, 33590, 19885, 592, , 33590, 25000, 28938, 29086, 0, 
