1, 0, 104, -1, -1, 164, 334, 9.7, 26, , 150, 1434, 24832, 856, , 29009, 25000, 27447, 27575, 0, 
2, 1, 415, 424, -1, 185, 324, 9.5, 23, ABalaappap, 110, 27152, 17160, 632, , 27152, 25000, 28272, 28199, 0, 
3, 1, 206, 359, -1, 306, 127, 17.3, 26, ABplpaappp, 187, 26291, 22505, 856, , 26291, 25000, 28329, 28387, 0, 
4, 1, 369, 272, -1, 570, 340, 17.2, 28, ABprapapaa, 86, 26440, 27815, 1052, , 26440, 25000, 27793, 27799, 0, 
5, 1, 4, 302, -1, 505, 137, 8.5, 30, ABplpppaap, 112, 27804, 34254, 1232, , 27804, 25000, 29028, 29107, 0, 
6, 1, 174, 193, -1, 323, 240, 25.1, 27, ABarppaaaa, 276, 28292, 25689, 908, , 28292, 25000, 28751, 28765, 0, 
7, 1, 283, 125, -1, 465, 120, 20.6, 28, ABplappaap, 234, 27306, 26978, 988, , 27306, 25000, 28043, 28126, 0, 
8, 1, 237, 371, -1, 241, 258, 26.1, 27, ABplaaaapa, 273, 28291, 25688, 908, , 28291, 25000, 28425, 28452, 0, 
9, 1, 253, 325, -1, 346, 231, 15.4, 27, MSaapapa, 264, 33615, 33212, 988, , 33615, 25000, 31433, 31067, 0, 
10, 0, 52, -1, -1, 160, 245, 22.7, 26, , 256, -2, 24240, 856, , 28318, 25000, 28221, 28320, 0, 
11, 1, 384, 368, -1, 138, 260, 10.4, 27, ABalaaaarr, 275, 27134, 26808, 988, , 27134, 25000, 27570, 27546, 0, 
12, 1, 406, 396, -1, 357, 164, 14.7, 25, MSappapp, 192, 27664, 21135, 764, , 27664, 25000, 28190, 28097, 0, 
13, 1, 159, 134, -1, 151, 220, 24.6, 28, ABplaapaaa, 261, 28518, 28176, 988, , 28518, 25000, 28555, 28552, 0, 
14, 1, 16, 162, -1, 332, 132, 15.1, 30, ABplppaaaa, 223, 26706, 36214, 1356, , 26706, 25000, 28089, 28138, 0, 
15, 1, 3, 19, -1, 348, 386, 17.2, 30, ABprapaaap, 1, 27442, 36223, 1320, , 27442, 25000, 28176, 28236, 0, 
16, 1, 410, 297, -1, 455, 350, 20.5, 29, Dpppp, 281, 28829, 31135, 1080, , 28829, 25000, 28685, 28669, 0, 
17, 1, 267, 349, -1, 232, 263, 13.6, 27, ABaraaapapp, -179, 27062, 26737, 988, , 27062, 25000, 27847, 28117, 0, 
18, 1, 245, 382, -1, 264, 312, 12.6, 26, MSppapaa, 201, 26613, 22142, 832, , 26613, 25000, 27746, 27889, 0, 
19, 1, 172, 357, -1, 228, 265, 10.4, 27, ABarapaapa, 127, 27120, 26795, 988, , 27120, 25000, 28462, 28506, 0, 
20, 1, 360, 60, -1, 256, 302, 4.8, 28, ABarapppap, 286, 38036, 40014, 1052, , 38036, 25000, 35903, 35703, 0, 
21, 1, 142, 234, -1, 560, 299, 17.4, 30, Cppppa, 249, 27367, 31636, 1156, , 27367, 25000, 27955, 27966, 0, 
22, 1, 147, 118, -1, 186, 136, 17.6, 30, ABalpppaap, 254, 27376, 31647, 1156, , 27376, 25000, 27496, 27672, 0, 
23, 0, 287, -1, -1, 221, 133, 13.1, 24, , 88, -970, 16188, 604, , 26801, 25000, 27755, 27771, 0, 
24, 1, 301, 64, -1, 295, 165, 17.5, 25, MSapppaa, 207, 27328, 20988, 768, , 27328, 25000, 28424, 28437, 0, 
25, 1, 74, 419, -1, 393, 352, 10.4, 25, Dpapp, 234, 27081, 22531, 832, , 27081, 25000, 28520, 28452, 0, 
26, 1, 211, 276, -1, 235, 202, 13.3, 27, ABalpaaapa, 170, 27407, 25324, 924, , 27407, 25000, 27987, 28137, 0, 
27, 1, 217, 373, -1, 395, 153, 14.3, 29, MSaapppa, 231, 26714, 28531, 1068, , 26714, 25000, 27957, 27887, 0, 
28, 1, 95, 67, -1, 364, 222, 9.6, 24, MSaappaa, 203, 27663, 19364, 700, , 27663, 25000, 29242, 29292, 0, 
29, 0, 149, -1, -1, 156, 165, 12.6, 23, , 197, 1123, 17985, 640, , 28102, 25000, 27184, 26979, 0, 
30, 1, 70, 348, -1, 211, 300, 5.8, 26, ABarapppaa, 260, 39459, 31409, 796, , 39459, 25000, 36816, 36856, 0, 
31, 1, 92, 58, -1, 518, 124, 18.5, 28, ABplapapap, -6, 27197, 29373, 1080, , 27197, 25000, 27994, 28050, 0, 
32, 1, 398, 84, -1, 458, 261, 21.5, 34, Eplaa, 346, 27519, 46452, 1688, , 27519, 25000, 28227, 28323, 0, 
33, 1, 116, 201, -1, 315, 124, 20.4, 29, ABplaappap, 404, 27166, 31404, 1156, , 27166, 25000, 28229, 28413, 0, 
34, 1, 22, 138, -1, 364, 133, 22.0, 27, ABplapaapa, -160, 28200, 29102, 1032, , 28200, 25000, 28102, 28281, 0, 
35, 1, 179, 46, 430, 384, 115, 14.8, 29, ABplppapaa, -153, 27955, 31086, 1112, , 27955, 25000, 27158, 27165, 0, 
36, 1, 41, 211, -1, 548, 156, 9.5, 25, ABplappppp, 141, 27232, 20914, 768, , 27232, 25000, 28475, 28501, 0, 
37, 1, 212, 93, -1, 163, 212, 8.6, 27, ABalpaappa, 86, 26741, 26420, 988, , 26741, 25000, 29391, 29455, 0, 
38, 1, 121, 190, -1, 400, 392, 12.5, 29, ABpraapppp, 227, 28249, 30509, 1080, , 28249, 25000, 27894, 27943, 0, 
39, 1, 401, 59, -1, 255, 185, 7.4, 25, ABalpapaaap, 191, 30048, 25000, 832, , 30048, 25000, 31513, 31690, 0, 
40, 1, 277, 275, -1, 359, 304, 11.7, 27, MSpppaaa, 268, 28434, 26273, 924, , 28434, 25000, 28381, 28475, 0, 
41, 1, 33, 243, -1, 318, 206, 24.3, 28, ABplapaaaa, 251, 27000, 28728, 1064, , 27000, 25000, 28232, 28314, 0, 
42, 1, 153, 166, -1, 256, 124, 15.5, 26, ABplpaaapa, 188, 27616, 24744, 896, , 27616, 25000, 27497, 27455, 0, 
43, 1, 223, 92, -1, 422, 230, 6.0, 27, ABplpapppa, 236, 32737, 33785, 1032, , 32737, 25000, 33484, 33135, 0, 
44, 1, 137, 127, -1, 578, 302, 9.2, 25, ABprappppa, 110, 27636, 19456, 704, , 27636, 25000, 27753, 27768, 0, 
45, 1, 362, 262, -1, 518, 222, 16.3, 33, Eplpa, 328, 28400, 49303, 1736, , 28400, 25000, 29209, 29235, 0, 
46, 1, 308, 194, -1, 437, 276, 10.3, 31, Z2, 293, 28002, 38307, 1368, , 28002, 25000, 28835, 28841, 0, 
47, 1, 341, 345, -1, 350, 316, 5.3, 31, ABarappapp, 133, 35939, 49165, 1368, , 35939, 25000, 33931, 34626, 0, 
48, 1, 284, 351, -1, 212, 285, 22.5, 25, MSaaaapaa, 194, 27906, 21432, 768, , 27906, 25000, 27834, 27838, 0, 
49, 1, 389, 204, -1, 275, 180, 23.1, 28, ABalppppppp, 272, 28277, 30765, 1088, , 28277, 25000, 28558, 28602, 0, 
50, 1, 175, 81, -1, 209, 194, 6.3, 24, ABalpapaaaa, 202, 37020, 26062, 704, , 37020, 25000, 37055, 37910, 0, 
51, 1, 61, 97, -1, 340, 170, 22.7, 32, ABplapaaap, 518, 28426, 45026, 1584, , 28426, 25000, 28410, 28382, 0, 
52, 1, 48, 236, -1, 291, 388, 19.9, 29, ABarpapppa, 136, 27808, 33592, 1208, , 27808, 25000, 28154, 28208, 0, 
53, 1, 20, 197, -1, 420, 123, 21.0, 29, ABplapaapp, 152, 27208, 33412, 1228, , 27208, 25000, 27747, 27861, 0, 
54, 1, 297, 49, -1, 293, 283, 5.9, 26, ABarappapa, 134, 36298, 29038, 800, , 36298, 25000, 35430, 35498, 0, 
55, 1, 34, 165, -1, 421, 205, 26.1, 30, ABarppaapp, 305, 28355, 38450, 1356, , 28355, 25000, 28211, 28325, 0, 
56, 1, 200, 179, -1, 187, 345, 24.3, 30, ABarpapaaa, -297, 27774, 36328, 1308, , 27774, 25000, 27346, 27323, 0, 
57, 1, 408, 91, -1, 199, 143, 19.0, 23, ABalpppappa, 200, 27131, 13891, 512, , 27131, 25000, 27687, 27791, 0, 
58, 1, 94, 327, -1, 246, 160, 23.9, 27, ABplaapappp, -413, 29385, 26682, 908, , 29385, 25000, 28244, 28352, 0, 
59, 1, 291, 7, -1, 322, 396, 12.8, 27, ABpraappap, 214, 26925, 23371, 868, , 26925, 25000, 27772, 27556, 0, 
60, 1, 181, 74, -1, 376, 253, 19.8, 32, Ealaa, 310, 27356, 43988, 1608, , 27356, 25000, 28994, 28929, 0, 
61, 1, 234, 107, -1, 195, 355, 11.2, 25, ABpraaaaap, 222, 27548, 19394, 704, , 27548, 25000, 27508, 27487, 0, 
62, 1, 236, 366, -1, 478, 167, 25.6, 32, ABplappapa, 325, 27085, 40194, 1484, , 27085, 25000, 28399, 28410, 0, 
63, 1, 125, 238, -1, 283, 121, 20.6, 25, ABplaappaa, 221, 27161, 22598, 832, , 27161, 25000, 28140, 28092, 0, 
64, 0, 102, -1, -1, 369, 297, 16.6, 27, , 224, 1075, 30321, 988, , 30689, 25000, 29512, 29614, 0, 
65, 1, 344, 30, -1, 185, 215, 22.1, 24, ABalapappap, 163, 27599, 16670, 604, , 27599, 25000, 28218, 28204, 0, 
66, 1, 207, 330, -1, 543, 262, 10.6, 30, Cppppp, 270, 27198, 31441, 1156, , 27198, 25000, 28333, 28298, 0, 
67, 1, 305, 251, -1, 368, 164, 9.5, 28, ABplpapapa, 235, 26194, 28290, 1080, , 26194, 25000, 28297, 28276, 0, 
68, 1, 49, 160, -1, 292, 136, 10.1, 24, ABalppapppp, 157, 28073, 16956, 604, , 28073, 25000, 27624, 27646, 0, 
69, 1, 188, 379, 381, 227, 135, 17.4, 29, ABalpppapa, 214, 27560, 31859, 1156, , 27560, 25000, 28059, 28066, 0, 
70, 1, 280, 229, -1, 375, 407, 16.1, 24, ABprapaapa, 273, 26512, 16013, 604, , 26512, 25000, 29263, 29301, 0, 
71, 1, 133, 10, -1, 546, 305, 10.0, 26, ABprapppaa, 250, 27923, 23790, 852, , 27923, 25000, 27998, 28034, 0, 
72, 1, 71, 215, -1, 321, 176, 6.8, 28, ABalpapapap, 215, 33017, 34734, 1052, , 33017, 25000, 34630, 35162, 0, 
73, 1, 302, 3, -1, 184, 286, 26.5, 29, ABarpaaaap, 259, 26897, 29049, 1080, , 26897, 25000, 28883, 28914, 0, 
74, 1, 205, 70, -1, 229, 165, 8.3, 26, ABalppapaa, 76, 27902, 23884, 856, , 27902, 25000, 29196, 29191, 0, 
75, 1, 64, 9, -1, 428, 298, 5.3, 26, ABprppaapp, 266, 35028, 29984, 856, , 35028, 25000, 35175, 35118, 0, 
76, 1, 165, 32, -1, 293, 233, 15.2, 30, ABaraapapp, 266, 28455, 37561, 1320, , 28455, 25000, 29077, 29016, 0, 
77, 1, 370, 185, -1, 569, 244, 22.5, 37, Cpaapp, 357, 28287, 69473, 2456, , 28287, 25000, 28475, 28347, 0, 
78, 1, 339, 283, -1, 238, 308, 8.0, 27, ABarappppa, 225, 27242, 28114, 1032, , 27242, 25000, 30006, 30196, 0, 
79, 1, 123, -1, -1, 257, 179, 11.9, 23, MSapaapa, 160, 28155, 13965, 496, , 28155, 25000, 28190, 28137, 0, 
80, 1, 288, 299, -1, 319, 318, 11.0, 25, MSppaapp, 192, 27262, 20828, 764, , 27262, 25000, 28253, 28273, 0, 
81, 1, 322, 109, -1, 368, 358, 13.3, 24, Dpapa, 148, 28119, 19796, 704, , 28119, 25000, 27958, 27991, 0, 
82, 1, 374, 265, -1, 338, 342, 15.4, 25, Dpaaa, 232, 29001, 24129, 832, , 29001, 25000, 28075, 28093, 0, 
83, 1, 91, 271, -1, 386, 311, 6.4, 27, ABprppaapa, -183, 31992, 31608, 988, , 31992, 25000, 33533, 33648, 0, 
84, 1, 10, 106, 139, 299, 378, 10.0, 28, ABprpaappp, 180, 26998, 30454, 1128, , 26998, 25000, 28180, 28237, 0, 
85, 1, 131, 207, -1, 450, 174, 13.6, 30, Capaap, 308, 28802, 33295, 1156, , 28802, 25000, 28452, 28601, 0, 
86, 1, 127, 157, -1, 582, 223, 9.5, 26, Cpappv, 264, 28009, 25096, 896, , 28009, 25000, 28311, 28254, 0, 
87, 1, 81, 101, -1, 428, 115, 14.9, 27, ABplppapap, 239, 28211, 25616, 908, , 28211, 25000, 28330, 28330, 0, 
88, 1, 244, 51, -1, 554, 334, 9.4, 27, ABprapappa, 252, 26937, 26614, 988, , 26937, 25000, 28100, 28092, 0, 
89, 1, 248, 120, -1, 220, 137, 21.6, 28, ABalpppappp, -222, 28060, 27723, 988, , 28060, 25000, 27716, 27644, 0, 
90, 1, 143, 292, -1, 177, 234, 17.1, 26, ABaraapaapa, 203, 27060, 21648, 800, , 27060, 25000, 27964, 28129, 0, 
91, 1, 310, 147, -1, 464, 396, 12.7, 27, ABprappaaa, 152, 26956, 24907, 924, , 26956, 25000, 27998, 28149, 0, 
92, 1, 45, 394, -1, 272, 122, 18.2, 24, ABplpaapapp, 220, 28154, 18469, 656, , 28154, 25000, 27981, 27877, 0, 
93, 1, 103, 388, -1, 535, 279, 7.6, 26, ABprapppap, 257, 28584, 23782, 832, , 28584, 25000, 30829, 30545, 0, 
94, 1, 96, 111, -1, 406, 356, 19.9, 28, Dpppa, 282, 27767, 30211, 1088, , 27767, 25000, 28286, 28286, 0, 
95, 1, 265, 307, -1, 299, 379, 23.3, 28, ABarpapppp, 282, 27866, 29649, 1064, , 27866, 25000, 28137, 28122, 0, 
96, 1, 325, 253, -1, 257, 273, 22.4, 27, MSaaaapap, 190, 28531, 28189, 988, , 28531, 25000, 28514, 28526, 0, 
97, 1, 45, 184, -1, 254, 128, 20.5, 27, ABplpaapapa, 235, 27460, 24604, 896, , 27460, 25000, 27635, 27690, 0, 
98, 1, 256, 264, -1, 274, 279, 13.9, 24, ABaraapppap, 213, 27684, 16721, 604, , 27684, 25000, 27432, 27372, 0, 
99, 1, 155, 128, -1, 254, 386, 19.8, 28, ABarpappap, 270, 27240, 28657, 1052, , 27240, 25000, 28026, 28129, 0, 
100, 1, 156, 377, -1, 214, 304, 14.3, 26, MSppaaap, 250, 26699, 22854, 856, , 26699, 25000, 28177, 28314, 0, 
101, 1, 338, 296, -1, 434, 290, 26.4, 31, Caaaaa, 278, 28540, 38015, 1332, , 28540, 25000, 27920, 27914, 0, 
102, 1, 9, 182, -1, 453, 217, 6.5, 28, ABplpapppp, 272, 34945, 37741, 1080, , 34945, 25000, 32891, 33068, 0, 
103, 1, 251, 312, -1, 278, 319, 6.1, 26, ABarapppppa, 256, 33964, 27171, 800, , 33964, 25000, 34353, 34240, 0, 
104, 1, 318, 25, -1, 412, 149, 9.0, 26, ABplppaapp, 259, 27480, 23413, 852, , 27480, 25000, 28224, 28224, 0, 
105, 1, 323, 6, -1, 519, 299, 5.7, 28, ABprpppaap, 279, 39522, 42051, 1064, , 39522, 25000, 37123, 37394, 0, 
106, 1, 239, 417, -1, 208, 339, 8.8, 27, ABpraaaaaa, 124, 28763, 24966, 868, , 28763, 25000, 28706, 28831, 0, 
107, 1, 6, 408, -1, 134, 242, 20.1, 25, ABalappaap, 246, 27219, 18727, 688, , 27219, 25000, 27284, 27298, 0, 
108, 1, 230, 2, -1, 198, 345, 15.5, 28, ABpraaapap, 275, 27325, 29511, 1080, , 27325, 25000, 27579, 27644, 0, 
109, 1, 334, 143, -1, 154, 183, 21.3, 29, ABalapaaap, 264, 26721, 28538, 1068, , 26721, 25000, 27311, 27336, 0, 
110, 1, 166, 181, -1, 179, 188, 24.5, 30, ABplaapaap, 147, 27777, 34221, 1232, , 27777, 25000, 28524, 28570, 0, 
111, 1, 37, 192, -1, 408, 279, 14.5, 32, Earpa, 319, 28540, 40869, 1432, , 28540, 25000, 29857, 29902, 0, 
112, 1, 84, 352, -1, 250, 164, 16.4, 31, ABplpaapaa, 278, 28335, 37742, 1332, , 28335, 25000, 27499, 27581, 0, 
113, 1, 304, 189, -1, 175, 300, 7.4, 27, ABalaapaap, -13, 29509, 29155, 988, , 29509, 25000, 32330, 32447, 0, 
114, 1, 19, 294, -1, 196, 359, 21.4, 27, ABalappppp, 206, 27045, 26720, 988, , 27045, 25000, 27523, 27594, 0, 
115, 1, 151, 356, -1, 496, 239, 18.0, 31, Eplap, 275, 27704, 43773, 1580, , 27704, 25000, 28552, 28723, 0, 
116, 1, 319, 44, -1, 143, 186, 11.9, 26, ABalaaaala, 238, 27608, 22086, 800, , 27608, 25000, 27482, 27548, 0, 
117, 1, 210, 108, -1, 121, 230, 16.3, 29, ABalaaapar, 208, 26560, 28366, 1068, , 26560, 25000, 27060, 27025, 0, 
118, 1, 87, 116, -1, 183, 250, 26.7, 29, ABplaaaaaa, 218, 27801, 29692, 1068, , 27801, 25000, 28748, 28921, 0, 
119, 1, 40, 14, -1, 559, 233, 7.3, 27, ABprpppppp, 275, 29877, 27606, 924, , 29877, 25000, 32067, 32324, 0, 
120, 1, 152, 29, -1, 302, 256, 20.8, 29, MSaaaapp, 258, 28111, 31259, 1112, , 28111, 25000, 28044, 27899, 0, 
121, 1, 44, 71, -1, 215, 195, 26.7, 27, ABplaaapaa, 232, 28564, 26393, 924, , 28564, 25000, 29093, 29345, 0, 
122, 1, 76, 324, -1, 224, 344, 21.5, 28, ABarpapaapp, 166, 28105, 30353, 1080, , 28105, 25000, 27967, 28116, 0, 
123, 1, 371, 33, -1, 207, 163, 22.6, 28, ABalppppapp, -439, 28496, 28154, 988, , 28496, 25000, 28171, 28203, 0, 
124, 1, 216, 28, -1, 402, 129, 11.9, 26, ABplppappa, 39, 27133, 21706, 800, , 27133, 25000, 27174, 27190, 0, 
125, 1, 99, 285, -1, 545, 213, 9.8, 29, Caapa, 287, 27629, 30724, 1112, , 27629, 25000, 28692, 28726, 0, 
126, 1, 88, 203, -1, 285, 263, 10.3, 30, ABarapappa, 299, 27760, 36310, 1308, , 27760, 25000, 28258, 28311, 0, 
127, 1, 295, 85, -1, 247, 157, 13.8, 29, ABplpaaaaa, 75, 28192, 31349, 1112, , 28192, 25000, 27674, 27822, 0, 
128, 1, 392, 152, -1, 164, 172, 17.9, 28, ABalapaapp, 194, 27540, 29963, 1088, , 27540, 25000, 27441, 27425, 0, 
129, 1, 388, 339, -1, 184, 275, 6.3, 25, ABaraaappp, 224, 33533, 25619, 764, , 33533, 25000, 35432, 36255, 0, 
130, 1, 12, 75, -1, 492, 222, 12.3, 31, Eplpp, 315, 26973, 36899, 1368, , 26973, 25000, 29232, 29270, 0, 
131, 1, 93, 244, -1, 155, 346, 20.9, 29, ABpraapaaa, 195, 26630, 32169, 1208, , 26630, 25000, 27637, 27582, 0, 
132, 1, 118, 198, -1, 236, 185, 20.7, 28, ABplaapapa, 714, 27343, 29093, 1064, , 27343, 25000, 27786, 27829, 0, 
133, 1, 28, 335, -1, 431, 386, 22.4, 29, ABarpppapp, 267, 26777, 30954, 1156, , 26777, 25000, 27777, 27781, 0, 
134, 1, 293, 191, -1, 240, 219, 9.8, 28, ABalpappaa, -35, 27477, 28906, 1052, , 27477, 25000, 27849, 27856, 0, 
135, 1, 193, 26, -1, 320, 199, 18.7, 25, Daaaa, 238, 29322, 22402, 764, , 29322, 25000, 29200, 29185, 0, 
136, 1, 224, 170, -1, 457, 356, 8.3, 26, ABprppapap, 129, 27421, 23472, 856, , 27421, 25000, 29132, 29152, 0, 
137, 1, 281, 23, -1, 216, 179, 24.1, 27, ABplaapappa, 201, 27541, 25007, 908, , 27541, 25000, 28178, 28382, 0, 
138, 1, 180, 133, -1, 439, 165, 25.7, 29, ABarppapap, -96, 28320, 30246, 1068, , 28320, 25000, 28103, 28154, 0, 
139, 1, 110, 210, -1, 202, 176, 18.4, 28, ABalppppaa, 191, 26827, 26505, 988, , 26827, 25000, 27518, 27397, 0, 
140, 1, 59, 293, -1, 296, 310, 25.5, 30, ABarpaapap, 250, 27682, 34104, 1232, , 27682, 25000, 28834, 28812, 0, 
141, 1, 373, 176, -1, 478, 190, 9.5, 29, ABplpppppa, 238, 28658, 30951, 1080, , 28658, 25000, 28637, 28542, 0, 
142, 1, 241, 225, -1, 474, 331, 25.4, 34, Cpaaap, 334, 27891, 49646, 1780, , 27891, 25000, 28453, 28517, 0, 
143, 1, 221, 224, -1, 553, 153, 21.2, 30, ABplapapaa, 266, 26420, 34874, 1320, , 26420, 25000, 27866, 27867, 0, 
144, 1, 394, 306, -1, 508, 281, 16.8, 33, Eprpa, 339, 27785, 48457, 1744, , 27785, 25000, 28733, 28711, 0, 
145, 1, 197, 140, -1, 144, 285, 8.7, 26, ABalaapaaa, 263, 28713, 24578, 856, , 28713, 25000, 28686, 28731, 0, 
146, 1, 15, 53, -1, 139, 321, 15.6, 28, ABalappapa, 281, 26496, 26178, 988, , 26496, 25000, 27153, 27228, 0, 
147, 1, 371, 223, -1, 180, 164, 21.2, 25, ABalppppapa, -438, 28115, 19793, 704, , 28115, 25000, 27333, 27218, 0, 
148, 1, 79, 78, -1, 430, 374, 16.1, 26, Dppap, 261, 27623, 22098, 800, , 27623, 25000, 28489, 28492, 0, 
149, 1, 54, 154, -1, 516, 174, 15.4, 30, Cappap, 295, 27228, 31475, 1156, , 27228, 25000, 28663, 28705, 0, 
150, 1, 357, 80, -1, 269, 187, 20.0, 25, ABalppppppa, 239, 26815, 20487, 764, , 26815, 25000, 27211, 27245, 0, 
151, 0, 66, -1, -1, 381, 122, 19.2, 24, , 254, -301, 18400, 656, , 28049, 25000, 28221, 28350, 0, 
152, 1, 232, 155, -1, 395, 227, 5.4, 25, ABprpappapp, 197, 36356, 30248, 832, , 36356, 25000, 34495, 34646, 0, 
153, 1, 343, 135, -1, 363, 345, 21.4, 28, MSpppppp, 285, 27947, 27612, 988, , 27947, 25000, 28307, 28307, 0, 
154, 1, 263, 112, -1, 335, 352, 6.4, 29, ABprpaaaap, 201, 30448, 35198, 1156, , 30448, 25000, 34373, 34743, 0, 
155, 1, 26, 174, -1, 483, 150, 6.5, 24, ABplpppapaa, 216, 34125, 26208, 768, , 34125, 25000, 33970, 34403, 0, 
156, 1, 250, 386, -1, 592, 223, 18.1, 31, Cpapap, 305, 27720, 41026, 1480, , 27720, 25000, 28254, 28344, 0, 
157, 1, 365, 16, -1, 340, 265, 18.4, 25, MSaaappp, 229, 27746, 23085, 832, , 27746, 25000, 29403, 29346, 0, 
158, 1, 275, 391, -1, 333, 266, 14.1, 25, MSpapaapa, 216, 35350, 24321, 688, , 35350, 25000, 30360, 30326, 0, 
159, 1, 218, 354, -1, 227, 316, 24.6, 28, ABarpapapa, 227, 27828, 27494, 988, , 27828, 25000, 28185, 28204, 0, 
160, 1, 279, 364, -1, 354, 290, 24.5, 33, ABarpaappp, 318, 27368, 44446, 1624, , 27368, 25000, 28719, 28839, 0, 
161, 1, 140, 96, -1, 324, 231, 19.5, 24, MSaaappa, 219, 28353, 21775, 768, , 28353, 25000, 28926, 28853, 0, 
162, 1, 413, 361, -1, 354, 227, 17.9, 25, MSaapaapp, 239, 35240, 24245, 688, , 35240, 25000, 29873, 29594, 0, 
163, 1, 366, 250, -1, 536, 309, 13.3, 32, Cpppap, 320, 27780, 44003, 1584, , 27780, 25000, 28301, 28339, 0, 
164, 1, 269, 317, -1, 525, 121, 14.2, 27, ABplapappa, -113, 28244, 24516, 868, , 28244, 25000, 27866, 28024, 0, 
165, 1, 219, 167, -1, 227, 238, 5.6, 26, ABarapaaap, 379, 37724, 31386, 832, , 37724, 25000, 36733, 37470, 0, 
166, 1, 75, 145, -1, 224, 165, 11.8, 25, ABalppappa, -181, 27305, 19223, 704, , 27305, 25000, 27692, 27664, 0, 
167, 1, 227, 353, -1, 447, 353, 13.4, 32, Cppaaa, 284, 27469, 40764, 1484, , 27469, 25000, 28547, 28555, 0, 
168, 1, 222, 39, -1, 209, 252, 7.6, 26, ABarapaaaa, 254, 27883, 23199, 832, , 27883, 25000, 31673, 31608, 0, 
169, 1, 183, 314, -1, 306, 238, 7.6, 24, ABarapapapp, 191, 28614, 20030, 700, , 28614, 25000, 30033, 30278, 0, 
170, 1, 255, 12, -1, 525, 153, 13.7, 26, ABplapppaa, -4, 28099, 24053, 856, , 28099, 25000, 27907, 27976, 0, 
171, 1, 229, 277, -1, 467, 314, 17.2, 32, Earpp, 309, 27843, 44772, 1608, , 27843, 25000, 28893, 28869, 0, 
172, 1, 58, 132, -1, 430, 335, 6.4, 26, ABprppappa, 261, 30847, 25665, 832, , 30847, 25000, 33852, 33928, 0, 
173, 1, 154, 61, -1, 514, 164, 24.2, 28, ABarppappa, 261, 27766, 29210, 1052, , 27766, 25000, 28968, 28978, 0, 
174, 1, 53, 123, -1, 369, 143, 11.5, 27, ABplppaapa, 255, 26157, 23437, 896, , 26157, 25000, 27849, 28042, 0, 
175, 1, 382, 421, -1, 402, 297, 18.3, 33, Earap, 328, 27384, 47539, 1736, , 27384, 25000, 28557, 28752, 0, 
176, 1, 163, 180, -1, 318, 318, 6.3, 24, ABarapppppp, 183, 31754, 22355, 704, , 31754, 25000, 32877, 33082, 0, 
177, 1, 161, 13, -1, 323, 129, 9.2, 28, ABalpapapp, 257, 29072, 30584, 1052, , 29072, 25000, 28027, 28057, 0, 
178, 1, 266, 31, -1, 534, 194, 7.0, 27, ABplpppppp, 263, 32391, 33427, 1032, , 32391, 25000, 33735, 33887, 0, 
179, 1, 307, 280, -1, 441, 310, 8.9, 26, MSpapppp, 269, 27209, 21767, 800, , 27209, 25000, 28853, 28786, 0, 
180, 1, 69, 249, -1, 272, 362, 8.2, 25, ABprpaaapa, 232, 28105, 19786, 704, , 28105, 25000, 28738, 28724, 0, 
181, 1, 316, 149, -1, 300, 367, 14.3, 29, ABprpaappa, 142, 27349, 29209, 1068, , 27349, 25000, 27624, 27704, 0, 
182, 1, 324, 172, -1, 286, 322, 11.2, 26, MSppapap, 234, 27275, 21711, 796, , 27275, 25000, 27967, 27739, 0, 
183, 1, 268, 231, -1, 322, 148, 11.9, 24, ABplpapaap, 237, 28088, 16965, 604, , 28088, 25000, 28186, 28307, 0, 
184, 1, 313, 332, -1, 293, 399, 13.0, 24, ABpraappaa, 343, 27635, 16802, 608, , 27635, 25000, 26930, 26899, 0, 
185, 1, 7, 90, -1, 230, 209, 22.4, 27, MSapappa, -36, 26969, 26645, 988, , 26969, 25000, 27998, 28060, 0, 
186, 1, 213, 171, -1, 200, 208, 9.9, 27, ABalpaaaaa, 264, 27338, 24823, 908, , 27338, 25000, 28714, 28722, 0, 
187, 0, 109, -1, -1, 527, 249, 6.8, 24, , 186, 1538, 22660, 656, , 34543, 25000, 33395, 33005, 0, 
188, 1, 119, 76, -1, 325, 292, 7.6, 27, ABprpapaaa, 202, 29078, 28729, 988, , 29078, 25000, 30305, 30348, 0, 
189, 1, 300, 260, -1, 347, 190, 16.1, 26, MSappaaa, 178, 26999, 21599, 800, , 26999, 25000, 28052, 28180, 0, 
190, 1, 231, 295, -1, 298, 205, 7.4, 24, ABalpappapp, 222, 28121, 19685, 700, , 28121, 25000, 31354, 31466, 0, 
191, 1, 62, 11, -1, 208, 241, 23.6, 33, ABplaaaaap, 217, 28296, 46406, 1640, , 28296, 25000, 28086, 28200, 0, 
192, 1, 198, 226, -1, 221, 374, 18.1, 27, ABpraapaapp, 203, 27369, 24851, 908, , 27369, 25000, 28364, 28374, 0, 
193, 1, 194, 341, -1, 342, 127, 20.0, 30, ABplaapppa, 199, 27335, 36848, 1348, , 27335, 25000, 28047, 28298, 0, 
194, 1, 176, 38, -1, 311, 162, 9.4, 29, ABplpapaaa, 235, 27255, 31507, 1156, , 27255, 25000, 28709, 28762, 0, 
195, 0, 404, -1, -1, 549, 316, 18.2, 23, , 221, -1069, 14569, 540, , 26980, 25000, 27913, 28049, 0, 
196, 1, 314, 102, -1, 456, 153, 7.1, 25, ABplppppapa, 197, 28890, 18374, 636, , 28890, 25000, 32094, 32246, 0, 
197, 1, 376, 405, -1, 279, 299, 15.6, 26, MSpaapapa, 179, 27120, 22564, 832, , 27120, 25000, 28865, 28901, 0, 
198, 1, 387, 233, -1, 266, 216, 14.1, 29, ABalpaaapp, 267, 27795, 33576, 1208, , 27795, 25000, 27942, 27909, 0, 
199, 1, 345, 257, -1, 384, 154, 16.5, 27, Daapp, 229, 27952, 25045, 896, , 27952, 25000, 27837, 28011, 0, 
200, 1, 407, 27, -1, 363, 194, 6.7, 26, ABplpappaap, 247, 32947, 28203, 856, , 32947, 25000, 32803, 32987, 0, 
201, 1, 83, 328, -1, 170, 268, 13.0, 28, ABaraaapaa, 193, 26643, 30053, 1128, , 26643, 25000, 27907, 28008, 0, 
202, 1, 386, 336, -1, 548, 192, 20.1, 29, Capppa, 295, 27219, 32880, 1208, , 27219, 25000, 28397, 28409, 0, 
203, 1, 145, 342, -1, 268, 198, 25.6, 28, ABplaaappa, 222, 27635, 27303, 988, , 27635, 25000, 28120, 28178, 0, 
204, 1, 43, 300, -1, 281, 177, 13.9, 25, MSapapap, 232, 28190, 19395, 688, , 28190, 25000, 28030, 28052, 0, 
205, 1, 335, 98, -1, 198, 264, 16.0, 24, ABaraappapa, 185, 27523, 16734, 608, , 27523, 25000, 27973, 28048, 0, 
206, 1, 150, 99, -1, 492, 395, 18.6, 29, ABprappapa, 36, 27093, 31319, 1156, , 27093, 25000, 28316, 28395, 0, 
207, 1, 169, 241, -1, 250, 212, 5.0, 27, ABalpapaap, -14, 36206, 37365, 1032, , 36206, 25000, 36653, 36846, 0, 
208, 1, 17, 219, -1, 175, 250, 7.5, 27, ABaraaappa, -39, 29614, 26534, 896, , 29614, 25000, 31183, 31290, 0, 
209, 1, 78, 4, -1, 502, 303, 25.1, 33, Caaaap, 330, 28604, 49657, 1736, , 28604, 25000, 28121, 28194, 0, 
210, 1, 276, 362, -1, 212, 240, 18.7, 25, ABaraapaapp, 173, 27390, 20926, 764, , 27390, 25000, 28242, 28221, 0, 
211, 1, 50, 242, -1, 316, 260, 9.1, 27, ABarapapppa, 252, 28971, 26306, 908, , 28971, 25000, 29784, 29361, 0, 
212, 1, 321, 186, -1, 533, 363, 18.8, 29, ABarpppppa, 713, 27392, 30460, 1112, , 27392, 25000, 28168, 28182, 0, 
213, 1, 107, 282, -1, 213, 331, 18.1, 26, MSppappa, 230, 26898, 21518, 800, , 26898, 25000, 27816, 27808, 0, 
214, 1, 311, 369, -1, 153, 214, 20.1, 24, ABalapappaa, 211, 26402, 15947, 604, , 26402, 25000, 27602, 27663, 0, 
215, 1, 184, 156, -1, 364, 279, 5.9, 28, ABprpapapa, 142, 34110, 37112, 1088, , 34110, 25000, 33023, 32902, 0, 
216, 1, 35, 235, -1, 178, 279, 17.3, 27, ABaraappaa, 50, 27824, 25709, 924, , 27824, 25000, 27871, 27782, 0, 
217, 1, 30, 315, -1, 327, 371, 20.2, 28, ABprapaaaa, 101, 27039, 28445, 1052, , 27039, 25000, 28548, 28580, 0, 
218, 1, 259, 121, -1, 415, 244, 18.5, 31, Ealap, 289, 28006, 34504, 1232, , 28006, 25000, 29222, 29322, 0, 
219, 1, 347, 316, -1, 164, 310, 11.6, 24, ABalaapppa, 216, 27563, 19294, 700, , 27563, 25000, 27652, 28046, 0, 
220, 1, 27, 232, -1, 584, 188, 16.3, 29, Cpapaa, 276, 27597, 29474, 1068, , 27597, 25000, 28225, 28264, 0, 
221, 1, 320, 164, -1, 546, 243, 24.4, 33, Caaapa, 333, 29746, 48783, 1640, , 29746, 25000, 28315, 28370, 0, 
222, 1, 298, 367, -1, 197, 260, 22.2, 25, MSaaaaapp, 212, 27714, 19511, 704, , 27714, 25000, 28086, 28321, 0, 
223, 1, 56, 142, -1, 209, 331, 13.2, 25, ABpraaapaa, 248, 26511, 18664, 704, , 26511, 25000, 27432, 27435, 0, 
224, 1, 327, 68, -1, 265, 339, 20.3, 26, MSppappp, 244, 28447, 24351, 856, , 28447, 25000, 28232, 28276, 0, 
225, 1, 13, 183, -1, 265, 388, 11.7, 27, ABprpaapap, 13, 27747, 25638, 924, , 27747, 25000, 27350, 27389, 0, 
226, 1, 226, 308, 395, 287, 135, 14.4, 30, ABplpaaapp, 161, 27208, 31452, 1156, , 27208, 25000, 27859, 27914, 0, 
227, 1, 178, 18, -1, 268, 212, 11.6, 27, ABalpapppa, 226, 27869, 27535, 988, , 27869, 25000, 28482, 28255, 0, 
228, 1, 209, 110, -1, 476, 161, 11.8, 27, Capapp, 35, 26336, 22860, 868, , 26336, 25000, 28115, 28158, 0, 
229, 1, 380, 423, -1, 177, 326, 13.2, 29, ABalaapppp, 226, 26466, 29430, 1112, , 26466, 25000, 27772, 27909, 0, 
230, 1, 132, 266, -1, 434, 401, 13.2, 25, ABprapaapp, 244, 26585, 18716, 704, , 26585, 25000, 27797, 27891, 0, 
231, 1, 77, 390, -1, 500, 186, 6.9, 24, ABplpppapap, 197, 32550, 19660, 604, , 32550, 25000, 33070, 33349, 0, 
232, 1, 158, 273, -1, 264, 305, 19.4, 26, MSpaaappa, 247, 27302, 22715, 832, , 27302, 25000, 28376, 28529, 0, 
233, 1, 296, 399, -1, 193, 218, 26.5, 27, ABalapappp, 272, 28009, 25096, 896, , 28009, 25000, 28772, 28812, 0, 
234, 0, 82, -1, -1, 366, 395, 11.4, 23, , 306, 1390, 18779, 640, , 29342, 25000, 27941, 27952, 0, 
235, 1, 115, 150, -1, 531, 277, 25.8, 35, Cpaapa, 347, 27622, 55576, 2012, , 27622, 25000, 28750, 28828, 0, 
236, 1, 122, 144, -1, 583, 280, 12.3, 27, ABprapappp, 243, 26925, 24879, 924, , 26925, 25000, 28494, 28448, 0, 
237, 1, 204, 333, -1, 281, 340, 15.5, 26, ABpraaapppa, 238, 26740, 23959, 896, , 26740, 25000, 27796, 27862, 0, 
238, 1, 57, 17, -1, 181, 305, 20.0, 27, MSpaaaaa, 266, 27424, 28302, 1032, , 27424, 25000, 28238, 28331, 0, 
239, 1, 55, 37, -1, 234, 272, 5.8, 26, ABarappaaa, 22, 36366, 28947, 796, , 36366, 25000, 36009, 35958, 0, 
240, 1, 247, 228, -1, 376, 358, 25.9, 33, ABarpppapa, 326, 27574, 47869, 1736, , 27574, 25000, 28436, 28429, 0, 
241, 1, 342, 323, -1, 242, 269, 17.3, 26, ABaraappapp, 529, 28426, 24333, 856, , 28426, 25000, 27745, 27712, 0, 
242, 0, 2, -1, -1, 209, 280, 19.3, 23, , 205, 332, 16376, 592, , 27662, 25000, 27306, 27330, 0, 
243, 1, 130, 387, -1, 128, 289, 14.4, 26, ABalaaappl, 663, 26392, 21958, 832, , 26392, 25000, 27288, 27298, 0, 
244, 1, 352, 22, -1, 306, 113, 12.2, 26, ABplpaaaapa, 193, 26879, 21396, 796, , 26879, 25000, 27336, 27346, 0, 
245, 1, 416, 431, -1, 299, 212, 21.0, 24, MSapppap, 33, 27199, 16537, 608, , 27199, 25000, 28334, 28337, 0, 
246, 1, 396, 62, -1, 295, 383, 16.8, 24, ABpraaapppp, 222, 26520, 17397, 656, , 26520, 25000, 27719, 27785, 0, 
247, 1, 225, 141, -1, 232, 359, 10.3, 28, ABpraaaapa, 278, 27812, 29592, 1064, , 27812, 25000, 28166, 28201, 0, 
248, 1, 89, 54, -1, 371, 252, 14.0, 25, MSpapapa, 860, 37041, 28299, 764, , 37041, 25000, 31437, 31424, 0, 
249, 1, 349, 89, -1, 135, 297, 18.3, 30, ABalapppaa, 233, 26430, 34571, 1308, , 26430, 25000, 27088, 27278, 0, 
250, 1, 195, 153, -1, 269, 371, 16.7, 27, ABpraapappp, 156, 28186, 26044, 924, , 28186, 25000, 28399, 28484, 0, 
251, 1, 105, 69, -1, 197, 140, 14.5, 27, ABalpppaaa, 270, 27192, 24364, 896, , 27192, 25000, 27652, 27686, 0, 
252, 1, 354, 217, -1, 346, 254, 8.3, 27, ABarapapppp, 259, 28891, 26695, 924, , 28891, 25000, 29696, 29365, 0, 
253, 1, 63, 35, -1, 495, 273, 5.4, 25, ABprpppapaa, 191, 34831, 28979, 832, , 34831, 25000, 34428, 34328, 0, 
254, 1, 36, 115, -1, 453, 136, 9.5, 29, ABplpppaaa, -81, 26371, 28481, 1080, , 26371, 25000, 27917, 27889, 0, 
255, 0, 1, -1, -1, 85, 263, 16.0, 27, , 153, 1450, 29347, 1032, , 28437, 25000, 26987, 26987, 0, 
256, 1, 128, 239, -1, 259, 159, 19.3, 24, ABalpppppap, 236, 27614, 19440, 704, , 27614, 25000, 27611, 27637, 0, 
257, 1, 405, 380, -1, 210, 300, 17.6, 24, MSpaaaapa, 206, 26654, 18658, 700, , 26654, 25000, 28395, 28345, 0, 
258, 1, 254, 87, -1, 386, 179, 25.5, 29, ABarppapaa, 285, 29060, 31385, 1080, , 29060, 25000, 28728, 28655, 0, 
259, 1, 160, 114, -1, 486, 114, 18.1, 28, ABplappapp, 68, 27287, 29688, 1088, , 27287, 25000, 27849, 27859, 0, 
260, 1, 271, 213, -1, 509, 345, 15.2, 29, Cppapa, 298, 27253, 30305, 1112, , 27253, 25000, 28974, 28999, 0, 
261, 1, 67, 245, -1, 259, 249, 11.5, 24, ABarapaappa, 251, 27497, 21118, 768, , 27497, 25000, 27727, 27771, 0, 
262, 1, 183, 177, -1, 280, 250, 7.1, 24, ABarapapapa, 181, 29935, 18081, 604, , 29935, 25000, 31432, 31658, 0, 
263, 1, 38, 77, -1, 160, 248, 16.3, 30, ABaraapaaa, 244, 27500, 35970, 1308, , 27500, 25000, 27900, 27980, 0, 
264, 1, 292, 79, -1, 251, 272, 13.9, 26, ABaraapppaa, 161, 26569, 21255, 800, , 26569, 25000, 27841, 27987, 0, 
265, 1, 111, 258, -1, 126, 217, 12.7, 27, ABalaaaarl, -218, 27161, 25097, 924, , 27161, 25000, 27075, 27131, 0, 
266, 1, 198, 36, -1, 179, 358, 18.4, 25, ABpraapaapa, 179, 27162, 22599, 832, , 27162, 25000, 27624, 27629, 0, 
267, 1, 85, 288, -1, 491, 285, 19.7, 32, Eprap, 289, 29110, 46110, 1584, , 29110, 25000, 28406, 28430, 0, 
268, 1, 272, 105, -1, 141, 178, 15.3, 30, ABalaaapal, 154, 27560, 36048, 1308, , 27560, 25000, 27123, 27121, 0, 
269, 1, 157, 218, -1, 246, 184, 26.4, 29, ABplaaapap, -174, 28388, 32816, 1156, , 28388, 25000, 29564, 29902, 0, 
270, 1, 333, 320, -1, 335, 247, 5.4, 25, ABprpappaap, 162, 37213, 30961, 832, , 37213, 25000, 35641, 36204, 0, 
271, 1, 264, 248, -1, 274, 273, 25.8, 30, ABplaaaapp, 259, 28444, 37546, 1320, , 28444, 25000, 28963, 28985, 0, 
272, 1, 348, 163, -1, 516, 155, 10.4, 28, ABplapppap, 257, 27737, 27404, 988, , 27737, 25000, 27599, 27581, 0, 
273, 1, 173, 21, -1, 242, 338, 16.1, 30, ABpraapapa, 1, 27847, 37760, 1356, , 27847, 25000, 27884, 27866, 0, 
274, 1, 60, 247, -1, 273, 234, 22.1, 27, MSapappp, 261, 29608, 26884, 908, , 29608, 25000, 28100, 28175, 0, 
275, 1, 201, 322, -1, 426, 186, 15.7, 25, MSappaap, 229, 27757, 21206, 764, , 27757, 25000, 28888, 28940, 0, 
276, 1, 190, 124, -1, 300, 300, 10.5, 24, MSppaapa, 429, 27695, 21270, 768, , 27695, 25000, 28255, 28320, 0, 
277, 1, 117, 413, -1, 307, 340, 18.2, 26, MSppppap, 222, 28024, 22307, 796, , 28024, 25000, 27621, 27571, 0, 
278, 1, 51, 402, -1, 189, 231, 14.3, 25, ABalpaapaap, 83, 26885, 20540, 764, , 26885, 25000, 28772, 28781, 0, 
279, 1, 257, 168, -1, 285, 283, 20.7, 27, MSpaaapa, 125, 28617, 26442, 924, , 28617, 25000, 27963, 27927, 0, 
280, 1, 11, 131, -1, 487, 178, 21.6, 33, Cappaa, 337, 27748, 45507, 1640, , 27748, 25000, 28159, 28243, 0, 
281, 1, 397, 274, -1, 460, 244, 17.5, 32, Ealpp, 643, 27917, 39977, 1432, , 27917, 25000, 28334, 28469, 0, 
282, 1, 196, 169, -1, 138, 277, 22.2, 26, ABarpaaaaa, -270, 27786, 22118, 796, , 27786, 25000, 27619, 27628, 0, 
283, 1, 46, 47, -1, 490, 357, 18.5, 30, Cpppaa, 340, 27000, 33264, 1232, , 27000, 25000, 28355, 28401, 0, 
284, 1, 23, 82, -1, 363, 212, 13.3, 28, MSaapapp, 274, 36192, 38508, 1064, , 36192, 25000, 29513, 29481, 0, 
285, 1, 235, 310, -1, 441, 165, 17.4, 29, Capaaa, -210, 27444, 31725, 1156, , 27444, 25000, 28141, 28232, 0, 
286, 1, 171, 350, -1, 265, 341, 25.6, 30, ABarpapapp, 260, 27911, 32265, 1156, , 27911, 25000, 29224, 29250, 0, 
287, 1, 356, 161, -1, 254, 303, 16.5, 25, MSpaapaa, 246, 29056, 22315, 768, , 29056, 25000, 28369, 28538, 0, 
288, 1, 317, 148, -1, 258, 324, 9.4, 30, ABprpaaaaa, 267, 27292, 31550, 1156, , 27292, 25000, 28223, 28283, 0, 
289, 1, 208, 406, -1, 572, 203, 12.5, 31, Caappd, 193, 27262, 33587, 1232, , 27262, 25000, 28023, 28066, 0, 
290, 1, 86, 86, -1, 562, 158, 15.1, 28, ABplapappp, 680, 29467, 32060, 1088, , 29467, 25000, 27972, 27969, 0, 
291, 1, 299, 188, -1, 584, 314, 13.7, 29, ABarpppppp, 291, 27558, 29432, 1068, , 27558, 25000, 28254, 28307, 0, 
292, 1, 29, 48, -1, 249, 246, 7.8, 26, ABarapapaa, -146, 29040, 23116, 796, , 29040, 25000, 30638, 30479, 0, 
293, 1, 144, 358, -1, 474, 193, 6.1, 25, ABplppppapp, 189, 32882, 20913, 636, , 32882, 25000, 33073, 33237, 0, 
294, 1, 124, 319, -1, 130, 205, 18.4, 27, ABalapaaaa, 146, 27957, 27622, 988, , 27957, 25000, 27010, 26992, 0, 
295, 1, 358, 55, -1, 252, 146, 10.0, 24, ABalppapppa, 184, 26164, 15908, 608, , 26164, 25000, 28724, 28643, 0, 
296, 1, 260, 100, -1, 485, 240, 5.4, 25, ABprppppapp, 298, 33893, 28199, 832, , 33893, 25000, 34802, 34891, 0, 
297, 1, 113, 255, -1, 143, 263, 16.9, 27, MSaaaaaa, 202, 27861, 25298, 908, , 27861, 25000, 27313, 27479, 0, 
298, 1, 273, 311, -1, 406, 333, 13.1, 30, MSpppaap, 271, 27558, 37368, 1356, , 27558, 25000, 29119, 29151, 0, 
299, 1, 25, 404, -1, 293, 216, 26.0, 26, ABplaaappp, 215, 28228, 24050, 852, , 28228, 25000, 28439, 28497, 0, 
300, 1, 106, 63, -1, 393, 181, 7.5, 27, ABplpapapp, 184, 29686, 26599, 896, , 29686, 25000, 30825, 30918, 0, 
301, 1, 202, 389, -1, 204, 263, 13.4, 25, ABaraaapapa, 214, 27484, 22867, 832, , 27484, 25000, 27834, 27871, 0, 
302, 1, 185, 66, -1, 501, 302, 9.4, 29, Cppapp, 368, 28521, 32970, 1156, , 28521, 25000, 28938, 28981, 0, 
303, 1, 238, 221, -1, 407, 364, 7.7, 30, ABprppapaa, 285, 27458, 35915, 1308, , 27458, 25000, 30059, 30138, 0, 
304, 0, 285, -1, -1, 496, 208, 6.8, 23, , 163, -940, 16450, 540, , 30463, 25000, 31491, 31403, 0, 
305, 1, 242, 303, -1, 241, 219, 16.9, 25, ABaraapapaa, 257, 27583, 18977, 688, , 27583, 25000, 28083, 28288, 0, 
306, 1, 326, 304, -1, 491, 163, 18.7, 30, Capapa, 276, 27726, 36266, 1308, , 27726, 25000, 28452, 28393, 0, 
307, 1, 8, 284, -1, 241, 301, 20.2, 26, MSpaaaapp, 172, 27682, 22035, 796, , 27682, 25000, 28392, 28395, 0, 
308, 1, 432, 407, -1, 319, 263, 11.2, 24, MSpapaaaa, 200, 35445, 23252, 656, , 35445, 25000, 29253, 29221, 0, 
309, 1, 73, 83, -1, 172, 201, 14.3, 28, MSapaaaa, 157, 28609, 30440, 1064, , 28609, 25000, 28723, 28786, 0, 
310, 1, 186, 410, -1, 293, 200, 10.1, 27, ABalpappppa, 225, 27290, 24779, 908, , 27290, 25000, 28567, 28637, 0, 
311, 1, 80, 290, -1, 472, 241, 8.4, 28, ABprpapppp, 239, 27736, 27403, 988, , 27736, 25000, 29627, 29683, 0, 
312, 1, 355, 418, -1, 550, 131, 16.9, 27, ABarppappp, 226, 29013, 26344, 908, , 29013, 25000, 27683, 27742, 0, 
313, 1, 412, 269, -1, 266, 209, 7.1, 24, ABalpappapa, 208, 29402, 17759, 604, , 29402, 25000, 31787, 31557, 0, 
314, 1, 274, 72, -1, 248, 310, 26.5, 28, ABarpaapaa, 199, 27668, 29881, 1080, , 27668, 25000, 29004, 29084, 0, 
315, 1, 289, 370, -1, 405, 323, 25.3, 33, Cpaaaa, 326, 26478, 45966, 1736, , 26478, 25000, 28508, 28510, 0, 
316, 0, -1, -1, -1, 339, 325, 12.2, 24, , 213, 1420, 18992, 656, , 28951, 25000, 27434, 27531, 0, 
317, 1, 411, 278, -1, 364, 298, 18.8, 33, Earaa, 339, 27802, 48487, 1744, , 27802, 25000, 28989, 28975, 0, 
318, 1, 220, 200, -1, 360, 393, 22.1, 28, ABarpppaap, 248, 27866, 30318, 1088, , 27866, 25000, 27841, 27850, 0, 
319, 0, 246, -1, -1, 220, 332, 6.3, 24, , 323, -2529, 23853, 704, , 33882, 25000, 35809, 36411, 0, 
320, 1, 182, 425, -1, 264, 249, 19.9, 25, MSaaapaap, 362, 28276, 19454, 688, , 28276, 25000, 28447, 28414, 0, 
321, 1, 376, 416, -1, 331, 301, 16.8, 24, MSpaapapp, 212, 27886, 18293, 656, , 27886, 25000, 28768, 28778, 0, 
322, 1, 391, 222, -1, 401, 403, 19.8, 30, ABarppppaa, 299, 27218, 35928, 1320, , 27218, 25000, 27393, 27393, 0, 
323, 1, 146, 40, -1, 388, 255, 11.6, 29, MSpapapp, 288, 34522, 39908, 1156, , 34522, 25000, 30867, 30583, 0, 
324, 1, 203, 384, -1, 249, 339, 13.5, 31, ABpraaappa, 310, 27869, 34335, 1232, , 27869, 25000, 27570, 27616, 0, 
325, 0, 265, -1, -1, 331, 373, 22.9, 24, , 223, 585, 17586, 604, , 29116, 25000, 28502, 28531, 0, 
326, 1, 65, 427, -1, 153, 236, 13.4, 22, ABalpaapaaa, 186, 27871, 15942, 572, , 27871, 25000, 27258, 27192, 0, 
327, 1, 424, 45, -1, 587, 253, 19.5, 32, Caaapp, 299, 27694, 39658, 1432, , 27694, 25000, 28476, 28452, 0, 
328, 1, 329, 88, -1, 393, 227, 15.5, 31, Ealpa, 160, 28093, 34611, 1232, , 28093, 25000, 30097, 30016, 0, 
329, 1, 24, 113, -1, 494, 388, 13.9, 26, ABprappaap, 246, 26735, 21388, 800, , 26735, 25000, 27596, 27595, 0, 
330, 1, 303, 151, -1, 276, 180, 6.1, 24, ABalpapapaa, 197, 35036, 21162, 604, , 35036, 25000, 36691, 37973, 0, 
331, 1, 136, 343, -1, 385, 179, 20.2, 27, Dapaa, 271, 28354, 24611, 868, , 28354, 25000, 28616, 28630, 0, 
332, 1, 393, 318, -1, 475, 315, 5.7, 31, ABprpppaaa, 222, 35442, 48484, 1368, , 35442, 25000, 34593, 34917, 0, 
333, 1, 364, 52, -1, 522, 376, 12.6, 26, ABprappapp, 227, 28040, 23329, 832, , 28040, 25000, 27205, 27280, 0, 
334, 1, 336, 178, -1, 432, 178, 7.0, 28, ABplppppaa, 178, 29670, 33468, 1128, , 29670, 25000, 31863, 32117, 0, 
335, 1, 114, 409, -1, 397, 314, 9.2, 28, MSpapppa, 268, 27337, 28759, 1052, , 27337, 25000, 28608, 28632, 0, 
336, 1, 331, 422, -1, 317, 162, 15.0, 23, MSappapa, 250, 28422, 14552, 512, , 28422, 25000, 27784, 27860, 0, 
337, 1, 215, 50, -1, 271, 253, 4.8, 26, ABarappaap, 268, 36219, 28830, 796, , 36219, 25000, 36404, 36584, 0, 
338, 1, 262, 301, -1, 332, 208, 10.3, 29, ABalpappppp, 192, 27844, 29737, 1068, , 27844, 25000, 29886, 29437, 0, 
339, 1, 135, 136, -1, 342, 166, 18.5, 26, Daapa, 289, 27045, 24232, 896, , 27045, 25000, 29074, 29051, 0, 
340, 1, 112, 220, -1, 307, 285, 13.4, 26, ABaraapppp, 453, 29037, 24159, 832, , 29037, 25000, 28511, 28272, 0, 
341, 1, 346, 43, -1, 314, 351, 8.9, 27, ABprpaaappp, 171, 28145, 25556, 908, , 28145, 25000, 28733, 28970, 0, 
342, 1, 21, 263, -1, 135, 304, 11.6, 29, ABalaaappr, 275, 27984, 32349, 1156, , 27984, 25000, 27224, 27198, 0, 
343, 0, 252, -1, -1, 222, 287, 25.7, 25, , 204, -310, 21252, 764, , 27817, 25000, 28102, 28127, 0, 
344, 1, 100, 321, -1, 348, 190, 26.7, 30, ABarppaaap, 259, 29646, 38777, 1308, , 29646, 25000, 28558, 28559, 0, 
345, 1, 233, 287, -1, 462, 122, 12.3, 28, ABplppappp, 217, 26951, 28676, 1064, , 26951, 25000, 27977, 27997, 0, 
346, 1, 363, 8, 428, 297, 161, 20.6, 30, ABplpaappa, 229, 28994, 33517, 1156, , 28994, 25000, 28069, 28178, 0, 
347, 1, 18, 289, -1, 401, 277, 5.6, 27, ABprpapapp, 237, 36013, 35581, 988, , 36013, 25000, 34538, 34694, 0, 
348, 1, 141, 246, -1, 199, 157, 10.2, 26, ABalaaaalp, 60, 27500, 21890, 796, , 27500, 25000, 27486, 27426, 0, 
349, 1, 330, 130, -1, 315, 299, 19.5, 26, MSpaaappp, 62, 26917, 24118, 896, , 26917, 25000, 28344, 28269, 0, 
350, 1, 294, 270, -1, 328, 217, 12.3, 25, MSaapaaap, 214, 36414, 27820, 764, , 36414, 25000, 29350, 29524, 0, 
351, 1, 351, 411, -1, 247, 129, 12.4, 28, ABalppaapp, -15, 26874, 26552, 988, , 26874, 25000, 27526, 27520, 0, 
352, 1, 315, 360, -1, 428, 250, 8.5, 24, MSpappap, 202, 29728, 22831, 768, , 29728, 25000, 28104, 28117, 0, 
353, 1, 108, 281, -1, 355, 114, 12.6, 24, ABplpaaaapp, 183, 27743, 19420, 700, , 27743, 25000, 27410, 27471, 0, 
354, 1, 378, 334, -1, 494, 267, 9.1, 28, ABprpppppa, 529, 27841, 30291, 1088, , 27841, 25000, 28938, 29024, 0, 
355, 1, 148, 95, -1, 543, 130, 11.7, 28, ABplappppa, 227, 26092, 27762, 1064, , 26092, 25000, 27872, 27913, 0, 
356, 1, 309, 206, -1, 189, 309, 24.2, 28, ABarpaaapa, 43, 28044, 29502, 1052, , 28044, 25000, 27913, 28041, 0, 
357, 1, 177, 400, -1, 321, 227, 16.2, 23, MSaapaapa, 233, 31639, 17085, 540, , 31639, 25000, 31237, 31321, 0, 
358, 1, 381, 57, -1, 450, 400, 19.1, 29, ABarppppap, 132, 26535, 32054, 1208, , 26535, 25000, 28424, 28422, 0, 
359, 1, 361, 122, -1, 433, 288, 19.3, 31, Epraa, 105, 26718, 36550, 1368, , 26718, 25000, 28619, 28710, 0, 
360, 1, 5, 117, -1, 229, 377, 21.5, 26, ABarpappaa, -2, 27253, 24419, 896, , 27253, 25000, 27869, 27859, 0, 
361, 1, 414, 432, -1, 244, 348, 6.3, 25, ABalaapapp, 251, 34488, 26349, 764, , 34488, 25000, 36126, 36126, 0, 
362, 1, 98, 268, -1, 547, 359, 12.0, 26, ABprapapap, 254, 27779, 23668, 852, , 27779, 25000, 27992, 28095, 0, 
363, 1, 42, 240, -1, 571, 266, 8.7, 26, ABprappppp, 405, 27617, 23640, 856, , 27617, 25000, 28473, 28578, 0, 
364, 1, 375, 205, -1, 431, 213, 11.4, 32, Z3, 47, 27247, 40434, 1484, , 27247, 25000, 28325, 28347, 0, 
365, 1, 47, 259, -1, 136, 249, 13.3, 26, ABaraaaapa, 203, 27643, 23662, 856, , 27643, 25000, 27311, 27237, 0, 
366, 1, 14, 41, -1, 273, 156, 7.9, 28, ABalppapap, 86, 28564, 31078, 1088, , 28564, 25000, 31228, 31256, 0, 
367, 1, 270, 104, -1, 156, 350, 15.7, 29, ABalappapp, 292, 26597, 28406, 1068, , 26597, 25000, 27099, 27117, 0, 
368, 1, 359, 187, -1, 484, 263, 12.5, 31, Eprpp, 150, 27998, 34493, 1232, , 27998, 25000, 29048, 29084, 0, 
369, 1, 164, 158, -1, 390, 249, 7.6, 30, ABprpapppa, 228, 29965, 34640, 1156, , 29965, 25000, 31103, 30917, 0, 
370, 1, 32, 5, -1, 453, 260, 6.1, 29, ABprppppaa, 184, 33056, 37684, 1140, , 33056, 25000, 33241, 33322, 0, 
371, 1, 337, 129, -1, 474, 332, 10.8, 31, Cppaap, 246, 27413, 40132, 1464, , 27413, 25000, 28707, 28689, 0, 
372, 1, 162, 403, -1, 262, 346, 10.8, 26, ABprpaapaa, 211, 28992, 23078, 796, , 28992, 25000, 27470, 27628, 0, 
373, 1, 377, 286, -1, 521, 188, 11.0, 29, Capppp, 210, 27414, 33664, 1228, , 27414, 25000, 28723, 28730, 0, 
374, 1, 97, 346, -1, 352, 261, 10.9, 27, MSpapaaap, 214, 36988, 33585, 908, , 36988, 25000, 29943, 29927, 0, 
375, 0, 68, -1, -1, 342, 211, 6.7, 24, , 182, 510, 24310, 704, , 34531, 25000, 34461, 34021, 0, 
376, 1, 249, 420, -1, 214, 214, 7.7, 26, ABalpaaaap, 229, 28216, 24153, 856, , 28216, 25000, 30777, 30852, 0, 
377, 1, 31, 94, -1, 175, 228, 11.4, 26, ABaraaaaaa, 261, 28895, 24041, 832, , 28895, 25000, 28018, 28046, 0, 
378, 1, 385, 426, -1, 182, 330, 21.2, 23, ABarpapaapa, 186, 26707, 14422, 540, , 26707, 25000, 27714, 27955, 0, 
379, 1, 189, 175, -1, 184, 180, 8.6, 28, ABalpaappp, 250, 27134, 26808, 988, , 27134, 25000, 28256, 28302, 0, 
380, 1, 282, 326, -1, 324, 215, 5.1, 22, ABplpappaaa, 226, 37052, 17192, 464, , 37052, 25000, 36579, 36703, 0, 
381, 1, 395, 374, -1, 208, 220, 12.7, 25, ABalpaapapa, 192, 26384, 20157, 764, , 26384, 25000, 28419, 28716, 0, 
382, 1, 240, 126, -1, 182, 167, 15.2, 27, ABalapaapa, 58, 27597, 23954, 868, , 27597, 25000, 27892, 28044, 0, 
383, 1, 134, 196, -1, 296, 219, 5.1, 24, ABprpappaaa, 193, 35427, 21398, 604, , 35427, 25000, 35343, 35760, 0, 
384, 1, 328, 195, -1, 329, 316, 25.5, 32, ABarpaappa, 104, 27707, 39676, 1432, , 27707, 25000, 28462, 28370, 0, 
385, 1, 168, 20, -1, 598, 236, 13.6, 30, Cpappd, 274, 28340, 32761, 1156, , 28340, 25000, 27843, 27863, 0, 
386, 1, 290, 73, -1, 485, 338, 6.7, 27, ABprppappp, 228, 30962, 28609, 924, , 30962, 25000, 33032, 32783, 0, 
387, 1, 192, 216, -1, 423, 202, 9.0, 25, MSpappaa, 238, 28281, 21607, 764, , 28281, 25000, 29041, 29204, 0, 
388, 1, 187, 42, -1, 347, 318, 7.5, 27, ABprpapaap, 238, 26520, 23762, 896, , 26520, 25000, 30003, 29006, 0, 
389, 1, 258, 375, -1, 384, 205, 10.4, 26, MSaappap, 246, 27909, 23220, 832, , 27909, 25000, 29184, 29156, 0, 
390, 1, 191, 146, 365, 220, 371, 13.5, 29, ABpraaaapp, 188, 27807, 30032, 1080, , 27807, 25000, 27350, 27378, 0, 
391, 1, 72, 298, -1, 379, 250, 25.6, 32, ABarppaapa, 318, 28090, 41686, 1484, , 28090, 25000, 28827, 28788, 0, 
392, 1, 306, 331, -1, 345, 350, 9.6, 29, ABprppaaaa, 506, 27145, 31380, 1156, , 27145, 25000, 28348, 28403, 0, 
393, 1, 90, 159, -1, 320, 178, 13.8, 28, MSapaapp, 22, 27007, 28411, 1052, , 27007, 25000, 28257, 28273, 0, 
394, 1, 383, 363, -1, 288, 260, 12.4, 26, ABarapaappp, -144, 28749, 23919, 832, , 28749, 25000, 28462, 28243, 0, 
395, 1, 367, 313, -1, 238, 179, 17.9, 22, ABalpppppaa, 107, 27455, 12739, 464, , 27455, 25000, 27856, 27475, 0, 
396, 1, 409, 435, -1, 168, 268, 19.9, 24, MSaaaaapa, 13, 28219, 17044, 604, , 28219, 25000, 27732, 27583, 0, 
397, 1, 129, 378, -1, 470, 292, 5.4, 24, ABprppppapa, 163, 35560, 24892, 700, , 35560, 25000, 34201, 34115, 0, 
398, 1, 399, 344, -1, 420, 159, 12.1, 26, MSaapppp, 262, 27245, 21796, 800, , 27245, 25000, 28623, 28901, 0, 
399, 1, 243, 414, -1, 361, 351, 17.5, 25, Dpaap, 180, 28408, 21817, 768, , 28408, 25000, 28238, 28174, 0, 
400, 1, 403, 199, -1, 519, 229, 5.5, 24, ABprpppapap, 449, 40293, 30945, 768, , 40293, 25000, 38323, 38312, 0, 
401, 0, 77, -1, -1, 486, 174, 5.7, 22, , 216, 616, 19534, 524, , 37279, 25000, 35895, 36663, 0, 
402, 1, 332, 137, -1, 303, 329, 20.5, 26, MSpppppa, 270, 28096, 25174, 896, , 28096, 25000, 27506, 27431, 0, 
403, 1, 120, 372, -1, 266, 196, 17.8, 24, MSapapaa, 207, 26122, 17136, 656, , 26122, 25000, 28217, 28384, 0, 
404, 1, 101, 212, -1, 570, 187, 8.8, 24, Caappv, 211, 27822, 18251, 656, , 27822, 25000, 28423, 28430, 0, 
405, 1, 138, 227, -1, 479, 212, 24.3, 29, Dappp, 292, 27520, 29391, 1068, , 27520, 25000, 27776, 27779, 0, 
406, 1, 139, 252, -1, 315, 265, 17.5, 23, MSaaapapp, 169, 30574, 19323, 632, , 30574, 25000, 29119, 29289, 0, 
407, 1, 286, 329, -1, 268, 230, 16.4, 26, ABaraapapap, 211, 27174, 22609, 832, , 27174, 25000, 28066, 28338, 0, 
408, 1, 39, 385, -1, 203, 292, 9.6, 25, MSppaaaa, 224, 26334, 21910, 832, , 26334, 25000, 28537, 28563, 0, 
409, 1, 199, 347, -1, 234, 349, 18.1, 24, ABpraapappa, 209, 26944, 16274, 604, , 26944, 25000, 27893, 28056, 0, 
410, 1, 170, 267, -1, 440, 127, 19.2, 29, ABplappaaa, 229, 26706, 29697, 1112, , 26706, 25000, 27597, 27716, 0, 
411, 1, 167, 209, -1, 390, 355, 15.9, 27, Dppaa, 272, 28148, 25558, 908, , 28148, 25000, 28497, 28438, 0, 
412, 1, 346, 34, -1, 285, 338, 7.2, 25, ABprpaaappa, 131, 29278, 20612, 704, , 29278, 25000, 31058, 31017, 0, 
413, 1, 278, 309, -1, 269, 261, 17.4, 24, MSaaapapa, 195, 27884, 19519, 700, , 27884, 25000, 27949, 28136, 0, 
414, 1, 232, 56, -1, 356, 242, 6.0, 24, ABprpappapa, -150, 32836, 19964, 608, , 32836, 25000, 34155, 34130, 0, 
415, 1, 379, 214, -1, 358, 204, 21.5, 26, Daaap, 33, 27261, 24426, 896, , 27261, 25000, 28284, 28297, 0, 
416, 1, 390, 15, -1, 431, 170, 21.0, 28, Dapap, 154, 29054, 32773, 1128, , 29054, 25000, 28022, 28042, 0, 
417, 1, 228, 401, -1, 322, 351, 12.8, 22, MSppppaa, 162, 29569, 14666, 496, , 29569, 25000, 27894, 27927, 0, 
418, 1, 312, 291, -1, 189, 258, 10.0, 25, ABaraaaaap, 42, 27602, 21088, 764, , 27602, 25000, 28373, 28175, 0, 
419, 1, 400, 412, -1, 220, 224, 15.2, 24, ABalpaapapp, 160, 26841, 17608, 656, , 26841, 25000, 27930, 27984, 0, 
420, 1, 261, 397, -1, 294, 222, 12.3, 23, MSaapaaaa, 496, 32306, 19125, 592, , 32306, 25000, 29335, 29402, 0, 
421, 1, 350, 429, -1, 212, 190, 16.3, 25, MSapaaap, 79, 27656, 21129, 764, , 27656, 25000, 28062, 28165, 0, 
422, 0, 423, -1, -1, 169, 146, 12.7, 22, , 363, 180, 14594, 524, , 27851, 25000, 27441, 27671, 0, 
423, 1, 340, 340, -1, 135, 305, 20.5, 25, ABalapppapa, 349, 26142, 20077, 768, , 26142, 25000, 27622, 27924, 0, 
424, 1, 418, 305, -1, 183, 164, 12.4, 30, ABalppaaap, -193, 26765, 30940, 1156, , 26765, 25000, 27993, 28169, 0, 
425, 0, 353, -1, -1, 120, 258, 18.8, 22, , 209, 442, 13482, 496, , 27181, 25000, 26842, 26739, 0, 
426, 0, 419, -1, -1, 168, 269, 23.8, 24, , 3, -914, 17722, 656, , 27015, 25000, 27853, 27929, 0, 
427, 1, 417, 436, -1, 150, 322, 17.7, 23, ABalappppaa, 389, 26556, 15721, 592, , 26556, 25000, 27687, 27859, 0, 
428, 1, 420, 433, -1, 364, 284, 14.7, 23, MSpapaapp, 179, 32699, 19358, 592, , 32699, 25000, 30166, 30120, 0, 
429, 1, 421, 256, -1, 382, 230, 22.9, 26, MSappppp, 181, 29049, 23239, 800, , 29049, 25000, 29276, 29409, 0, 
430, 1, 425, 437, -1, 326, 237, 22.0, 22, MSappppa, 230, 27427, 10532, 384, , 27427, 25000, 28585, 28665, 0, 
431, 1, 426, 438, -1, 360, 327, 11.0, 23, MSpppapp, 111, 28070, 14372, 512, , 28070, 25000, 27440, 27664, 0, 
432, 1, 422, 439, -1, 388, 133, 21.0, 22, ABplaapppp, 836, 27406, 10524, 384, , 27406, 25000, 28412, 28669, 0, 
433, 1, 126, 440, -1, 430, 198, 23.0, 28, Dappa, 268, 28379, 32011, 1128, , 28379, 25000, 28194, 28183, 0, 
434, 1, 427, 441, -1, 348, 396, 14.0, 26, ABpraapppa, 238, 27950, 23813, 852, , 27950, 25000, 27991, 28145, 0, 
435, 1, 428, 442, -1, 166, 257, 25.0, 24, ABalapapap, 184, 27441, 16684, 608, , 27441, 25000, 28274, 28263, 0, 
436, 1, 429, 434, -1, 333, 376, 24.0, 24, ABarpppaaa, 224, 26709, 16239, 608, , 26709, 25000, 28347, 28396, 0, 
437, 1, 372, 443, -1, 174, 336, 18.0, 24, ABalappppap, 95, 27878, 16950, 608, , 27878, 25000, 27771, 28013, 0, 
438, 1, 430, 444, -1, 178, 323, 24.0, 22, ABalapppapp, 0, 26688, 10248, 384, , 26688, 25000, 27927, 28307, 0, 
439, 1, 431, 398, -1, 219, 241, 20.866667, 24, MSaaapaaa, 197, 27275, 16474, 604, , 27275, 25000, 27597, 27886, 0, 
