1, 1, 339, 215, -1, 183, 269, 6.3, 26, ABaraaappp, 201, 34077, 29170, 856, , 34077, 25000, 36001, 36790, 0, 
2, 1, 252, 316, -1, 314, 271, 17.3, 24, MSaaapapp, 229, 30006, 21124, 704, , 30006, 25000, 29009, 29025, 0, 
3, 1, 36, 65, -1, 171, 359, 18.2, 26, ABpraapaapa, 65, 27031, 21517, 796, , 27031, 25000, 28046, 27940, 0, 
4, 1, 13, 161, -1, 323, 124, 9.9, 27, ABalpapapp, 136, 27801, 25243, 908, , 27801, 25000, 27640, 27604, 0, 
5, 1, 287, 292, -1, 461, 115, 12.4, 29, ABplppappp, 228, 26976, 31184, 1156, , 26976, 25000, 27972, 28032, 0, 
6, 1, 401, 10, -1, 321, 345, 13.5, 24, MSppppaa, 185, 27478, 21103, 768, , 27478, 25000, 27616, 27554, 0, 
7, 1, 315, 13, -1, 328, 370, 20.2, 29, ABprapaaaa, 202, 27152, 30193, 1112, , 27152, 25000, 27561, 27615, 0, 
8, 1, 62, 302, -1, 294, 380, 16.5, 28, ABpraaapppp, 133, 28386, 30657, 1080, , 28386, 25000, 27743, 27907, 0, 
9, 1, 306, 252, -1, 512, 280, 16.6, 32, Eprpa, 323, 28273, 41957, 1484, , 28273, 25000, 29139, 29274, 0, 
10, 1, 23, 62, -1, 222, 183, 23.3, 25, ABplaapappa, 245, 27363, 20905, 764, , 27363, 25000, 27944, 27792, 0, 
11, 0, 65, -1, -1, 376, 301, 16.4, 26, , 200, -391, 24529, 832, , 29482, 25000, 29790, 29873, 0, 
12, 1, 178, 280, -1, 450, 177, 7.3, 25, ABplppppaap, 175, 28330, 21644, 764, , 28330, 25000, 30564, 30531, 0, 
13, 1, 221, 114, -1, 410, 357, 7.6, 28, ABprppapaa, 243, 27587, 27256, 988, , 27587, 25000, 29825, 29825, 0, 
14, 1, 164, 76, -1, 543, 255, 24.5, 32, Caaapa, 294, 27704, 39672, 1432, , 27704, 25000, 28164, 28177, 0, 
15, 1, 150, 268, -1, 529, 280, 25.7, 33, Cpaapa, 305, 29200, 50691, 1736, , 29200, 25000, 28557, 28668, 0, 
16, 0, 254, -1, -1, 85, 261, 16.0, 27, , 149, 2673, 30679, 1032, , 29728, 25000, 27055, 27055, 0, 
17, 1, 112, 331, -1, 349, 357, 6.8, 24, ABprpaaaapp, 181, 31280, 20520, 656, , 31280, 25000, 32566, 32597, 0, 
18, 1, 144, 16, -1, 582, 275, 12.1, 26, ABprapappp, 254, 26229, 20983, 800, , 26229, 25000, 28487, 28489, 0, 
19, 1, 352, 75, -1, 245, 164, 16.6, 32, ABplpaapaa, 75, 26976, 40033, 1484, , 26976, 25000, 28084, 28307, 0, 
20, 1, 50, 185, -1, 275, 247, 4.9, 27, ABarappaap, 352, 35196, 31958, 908, , 35196, 25000, 35299, 35681, 0, 
21, 1, 234, 278, -1, 566, 297, 17.4, 30, Cppppa, 217, 26889, 31084, 1156, , 26889, 25000, 28716, 28768, 0, 
22, 1, 51, 228, -1, 555, 331, 9.1, 26, ABprapappa, 255, 26508, 21206, 800, , 26508, 25000, 28015, 28021, 0, 
23, 1, 29, 45, -1, 308, 257, 21.0, 27, MSaaaapp, 211, 26792, 27649, 1032, , 26792, 25000, 28015, 28035, 0, 
24, 1, 253, 78, -1, 261, 272, 21.7, 27, MSaaaapap, 218, 27470, 25382, 924, , 27470, 25000, 28292, 28300, 0, 
25, 1, 14, 54, -1, 555, 221, 7.5, 28, ABprpppppp, 287, 29856, 32245, 1080, , 29856, 25000, 31930, 32185, 0, 
26, 1, 99, 257, -1, 489, 394, 18.7, 30, ABprappapa, 258, 27663, 36183, 1308, , 27663, 25000, 27795, 27798, 0, 
27, 1, 19, 137, -1, 350, 385, 17.2, 29, ABprapaaap, 342, 27474, 30551, 1112, , 27474, 25000, 28575, 28604, 0, 
28, 1, 276, 351, -1, 239, 200, 13.2, 26, ABalpaaapa, 235, 27245, 21687, 796, , 27245, 25000, 27952, 28039, 0, 
29, 1, 227, 390, -1, 474, 217, 25.0, 30, Dappp, 300, 27298, 36798, 1348, , 27298, 25000, 28218, 28172, 0, 
30, 1, 255, 102, -1, 147, 261, 17.6, 27, MSaaaaaa, 195, 27146, 26820, 988, , 27146, 25000, 27505, 27315, 0, 
31, 1, 280, 190, -1, 442, 314, 8.9, 26, MSpapppp, 260, 28696, 22957, 800, , 28696, 25000, 28445, 28452, 0, 
32, 1, 37, 72, -1, 240, 263, 5.6, 26, ABarappaaa, 240, 38125, 31720, 832, , 38125, 25000, 35959, 36240, 0, 
33, 1, 106, 275, -1, 322, 380, 9.5, 25, ABprpaapppp, 175, 28553, 21929, 768, , 28553, 25000, 28001, 27946, 0, 
34, 1, 52, 79, -1, 521, 373, 11.9, 26, ABprappapp, 246, 27289, 21831, 800, , 27289, 25000, 27368, 27273, 0, 
35, 1, 238, 306, -1, 280, 120, 20.2, 29, ABplaappaa, -303, 26936, 29953, 1112, , 26936, 25000, 27550, 27552, 0, 
36, 1, 42, 353, -1, 346, 320, 7.4, 27, ABprpapaap, -157, 28365, 28025, 988, , 28365, 25000, 30524, 30480, 0, 
37, 1, 266, 27, -1, 433, 395, 12.5, 26, ABprapaapp, 438, 27704, 24823, 896, , 27704, 25000, 27982, 27872, 0, 
38, 1, 35, 409, -1, 503, 266, 5.5, 24, ABprpppapaa, 194, 35263, 27082, 768, , 35263, 25000, 35044, 34651, 0, 
39, 1, 258, 180, -1, 136, 218, 12.4, 26, ABalaaaarl, 70, 26850, 22339, 832, , 26850, 25000, 27710, 27767, 0, 
40, 1, 293, 172, -1, 296, 316, 25.5, 31, ABarpaapap, 237, 27443, 33810, 1232, , 27443, 25000, 28417, 28545, 0, 
41, 1, 114, 61, -1, 481, 115, 18.4, 28, ABplappapp, 115, 28077, 27740, 988, , 28077, 25000, 28383, 28390, 0, 
42, 1, 212, 37, -1, 572, 178, 9.4, 25, Caappv, 469, 27944, 23249, 832, , 27944, 25000, 27922, 27885, 0, 
43, 1, 175, 266, -1, 181, 185, 9.0, 28, ABalpaappp, 260, 27668, 31209, 1128, , 27668, 25000, 28978, 29105, 0, 
44, 1, 148, 262, -1, 255, 327, 9.4, 31, ABprpaaaaa, 43, 26665, 35518, 1332, , 26665, 25000, 27919, 28154, 0, 
45, 1, 250, 263, -1, 541, 306, 13.4, 32, Cpppap, 328, 27394, 40653, 1484, , 27394, 25000, 28581, 28569, 0, 
46, 1, 268, 103, -1, 548, 354, 11.6, 26, ABprapapap, 248, 26262, 21850, 832, , 26262, 25000, 27738, 27856, 0, 
47, 1, 17, 49, -1, 188, 308, 19.9, 28, MSpaaaaa, 236, 28008, 30473, 1088, , 28008, 25000, 28513, 28579, 0, 
48, 1, 421, 236, -1, 407, 295, 17.5, 33, Earap, 320, 27873, 45265, 1624, , 27873, 25000, 28665, 28843, 0, 
49, 1, 105, 314, -1, 143, 173, 15.4, 30, ABalaaapal, 275, 27085, 31310, 1156, , 27085, 25000, 27200, 27179, 0, 
50, 1, 387, 152, -1, 131, 287, 14.0, 27, ABalaaappl, 262, 27010, 27874, 1032, , 27010, 25000, 27505, 27442, 0, 
51, 1, 364, 298, -1, 347, 295, 24.3, 31, ABarpaappp, 295, 27376, 37451, 1368, , 27376, 25000, 28304, 28406, 0, 
52, 1, 381, 412, -1, 212, 145, 16.0, 25, ABalpppapav, 194, 27255, 20823, 764, , 27255, 25000, 27890, 27867, 0, 
53, 0, 337, -1, -1, 155, 245, 23.9, 24, , 192, 375, 17145, 604, , 28386, 25000, 28028, 28011, 0, 
54, 1, 323, 151, -1, 241, 268, 17.3, 26, ABaraappapp, 298, 28114, 24066, 856, , 28114, 25000, 28230, 28182, 0, 
55, 1, 32, 98, -1, 294, 226, 15.5, 30, ABaraapapp, -140, 27519, 33903, 1232, , 27519, 25000, 28950, 29103, 0, 
56, 1, 185, 260, -1, 563, 235, 22.7, 32, Cpaapp, 276, 27523, 43596, 1584, , 27523, 25000, 28410, 28335, 0, 
57, 1, 113, 361, -1, 494, 385, 13.6, 26, ABprappaap, 234, 28344, 23582, 832, , 28344, 25000, 27357, 27240, 0, 
58, 1, 353, 23, -1, 453, 351, 13.6, 31, Cppaaa, 287, 27524, 36662, 1332, , 27524, 25000, 28478, 28539, 0, 
59, 1, 155, 250, -1, 389, 214, 5.1, 25, ABprpappapp, 187, 38852, 24710, 636, , 38852, 25000, 35029, 35110, 0, 
60, 1, 271, 159, -1, 386, 310, 6.6, 28, ABprppaapa, 425, 31895, 31512, 988, , 31895, 25000, 32884, 33336, 0, 
61, 1, 367, 113, -1, 203, 261, 22.1, 25, MSaaaaapp, 76, 27131, 18666, 688, , 27131, 25000, 28605, 28611, 0, 
62, 1, 54, 291, -1, 371, 253, 14.1, 26, MSpapapa, 232, 37330, 29864, 800, , 37330, 25000, 31237, 31030, 0, 
63, 0, 208, -1, -1, 382, 120, 19.2, 23, , -60, -706, 15188, 540, , 28126, 25000, 28653, 28832, 0, 
64, 1, 301, 447, -1, 329, 202, 10.0, 28, ABalpappppp, 279, 28664, 32333, 1128, , 28664, 25000, 29433, 29255, 0, 
65, 1, 28, 77, -1, 401, 125, 12.5, 27, ABplppappa, 249, 26783, 23998, 896, , 26783, 25000, 27649, 27616, 0, 
66, 1, 162, 395, -1, 351, 125, 14.9, 25, ABplppaaaap, 184, 26494, 18228, 688, , 26494, 25000, 27900, 27972, 0, 
67, 1, 349, 434, -1, 236, 266, 14.1, 25, ABaraaapapp, 216, 26544, 18262, 688, , 26544, 25000, 28034, 28032, 0, 
68, 1, 396, 300, -1, 360, 163, 14.5, 26, MSappapp, 187, 28465, 25505, 896, , 28465, 25000, 28534, 28499, 0, 
69, 1, 77, 120, -1, 168, 251, 16.5, 29, ABaraapaaa, 528, 28018, 30259, 1080, , 28018, 25000, 27560, 27609, 0, 
70, 1, 141, 223, -1, 227, 355, 10.5, 26, ABpraaaapa, 257, 27365, 24519, 896, , 27365, 25000, 28167, 28177, 0, 
71, 1, 257, 290, -1, 382, 152, 16.6, 26, Daapp, 194, 28018, 23311, 832, , 28018, 25000, 29105, 29169, 0, 
72, 0, 119, -1, -1, 494, 205, 6.9, 22, , 191, 151, 13962, 464, , 30091, 25000, 30743, 29940, 0, 
73, 1, 74, 164, -1, 379, 254, 20.4, 33, Ealaa, 331, 27341, 44839, 1640, , 27341, 25000, 28650, 28685, 0, 
74, 1, 317, 91, -1, 519, 117, 14.4, 28, ABplapappa, 293, 27178, 26852, 988, , 27178, 25000, 28000, 28120, 0, 
75, 1, 92, 315, -1, 421, 225, 5.9, 27, ABplpapppa, 242, 34461, 31291, 908, , 34461, 25000, 33653, 33645, 0, 
76, 1, 127, 378, -1, 579, 297, 9.0, 25, ABprappppa, 222, 27764, 21212, 764, , 27764, 25000, 27978, 27941, 0, 
77, 1, 123, 131, -1, 369, 140, 11.7, 26, ABplppaapa, -9, 28145, 24092, 856, , 28145, 25000, 27722, 27695, 0, 
78, 1, 39, 258, -1, 208, 246, 7.5, 27, ABarapaaaa, -64, 29780, 26683, 896, , 29780, 25000, 31394, 31205, 0, 
79, 1, 107, 73, -1, 194, 348, 10.6, 26, ABpraaaaap, 137, 27319, 22729, 832, , 27319, 25000, 27818, 27844, 0, 
80, 1, 303, 360, -1, 249, 220, 16.8, 27, ABaraapapaa, 264, 26328, 22853, 868, , 26328, 25000, 28317, 28525, 0, 
81, 1, 169, 22, -1, 143, 279, 22.0, 26, ABarpaaaaa, 99, 28201, 24027, 852, , 28201, 25000, 27925, 27972, 0, 
82, 1, 58, 55, -1, 514, 121, 18.5, 27, ABplapapap, 247, 27048, 24235, 896, , 27048, 25000, 28205, 28315, 0, 
83, 1, 44, 93, -1, 144, 186, 11.7, 25, ABalaaaala, -11, 26971, 20606, 764, , 26971, 25000, 27742, 27783, 0, 
84, 1, 408, 407, -1, 139, 246, 20.2, 24, ABalappaap, 212, 26779, 17567, 656, , 26779, 25000, 27338, 27256, 0, 
85, 1, 216, 202, -1, 420, 199, 9.3, 26, MSpappaa, 233, 29306, 25086, 856, , 29306, 25000, 28859, 28771, 0, 
86, 1, 75, 382, -1, 495, 221, 12.3, 31, Eplpp, 305, 29205, 39952, 1368, , 29205, 25000, 28709, 28703, 0, 
87, 1, 304, 243, -1, 492, 163, 18.9, 29, Capapa, 288, 27939, 33750, 1208, , 27939, 25000, 28260, 28282, 0, 
88, 1, 378, 97, -1, 473, 276, 5.5, 24, ABprppppapa, 213, 36105, 27729, 768, , 36105, 25000, 33400, 33491, 0, 
89, 1, 101, 89, -1, 436, 117, 14.6, 28, ABplppapap, 105, 28033, 27697, 988, , 28033, 25000, 27479, 27603, 0, 
90, 0, 279, -1, -1, 219, 130, 12.8, 24, , 375, 1230, 18924, 656, , 28848, 25000, 27638, 27618, 0, 
91, 1, 203, 175, -1, 286, 259, 10.4, 29, ABarapappa, 251, 27339, 31604, 1156, , 27339, 25000, 29046, 28803, 0, 
92, 1, 137, 272, -1, 298, 328, 20.5, 26, MSpppppa, 222, 28163, 25234, 896, , 28163, 25000, 28224, 28289, 0, 
93, 1, 172, 173, -1, 290, 324, 10.9, 25, MSppapap, 214, 27173, 18695, 688, , 27173, 25000, 28563, 28621, 0, 
94, 1, 18, 69, -1, 270, 209, 12.4, 29, ABalpapppa, 154, 27926, 32282, 1156, , 27926, 25000, 27932, 28008, 0, 
95, 1, 86, 239, -1, 562, 159, 15.6, 28, ABplapappp, 83, 27009, 26685, 988, , 27009, 25000, 28400, 28454, 0, 
96, 1, 166, 53, -1, 247, 126, 15.7, 29, ABplpaaapa, -33, 27254, 29107, 1068, , 27254, 25000, 27695, 27698, 0, 
97, 1, 10, 28, -1, 548, 302, 9.8, 25, ABprapppaa, 210, 27734, 19525, 704, , 27734, 25000, 28232, 28357, 0, 
98, 1, 391, 64, -1, 334, 263, 13.8, 24, MSpapaapa, 212, 33761, 22147, 656, , 33761, 25000, 31126, 30956, 0, 
99, 1, 362, 109, -1, 217, 241, 18.5, 26, ABaraapaapp, 238, 28744, 25755, 896, , 28744, 25000, 29016, 28978, 0, 
100, 1, 143, 123, -1, 149, 185, 20.9, 28, ABalapaaap, 270, 26866, 29230, 1088, , 26866, 25000, 27326, 27362, 0, 
101, 1, 140, 207, -1, 148, 276, 8.4, 26, ABalaapaaa, 226, 28769, 23936, 832, , 28769, 25000, 28823, 28941, 0, 
102, 1, 422, 234, -1, 309, 176, 15.9, 23, MSappapa, 192, 27524, 13652, 496, , 27524, 25000, 27546, 27552, 0, 
103, 1, 430, 375, -1, 411, 109, 15.7, 24, ABplppapaap, -119, 27466, 19336, 704, , 27466, 25000, 27559, 27514, 0, 
104, 1, 188, 204, -1, 584, 313, 13.3, 27, ABarpppppp, 268, 27615, 25516, 924, , 27615, 25000, 27979, 27990, 0, 
105, 1, 3, 154, -1, 182, 284, 26.5, 29, ABarpaaaap, 47, 27149, 29321, 1080, , 27149, 25000, 28990, 29134, 0, 
106, 1, 111, 327, -1, 403, 355, 19.5, 29, Dpppa, 282, 28203, 30459, 1080, , 28203, 25000, 28813, 28796, 0, 
107, 1, 218, 362, -1, 243, 177, 26.5, 29, ABplaaapap, 264, 30412, 32845, 1080, , 30412, 25000, 29084, 29180, 0, 
108, 1, 192, 35, -1, 408, 274, 13.9, 30, Earpa, 142, 28044, 38027, 1356, , 28044, 25000, 29562, 29547, 0, 
109, 1, 417, 196, -1, 209, 335, 8.3, 26, ABpraaaaaa, 254, 28475, 24375, 856, , 28475, 25000, 29294, 29355, 0, 
110, 1, 358, 246, -1, 476, 189, 5.6, 24, ABplppppapp, 434, 34866, 24406, 700, , 34866, 25000, 33395, 33607, 0, 
111, 1, 102, 40, -1, 455, 145, 7.1, 25, ABplppppapa, 205, 28053, 17842, 636, , 28053, 25000, 32152, 32392, 0, 
112, 1, 60, 36, -1, 262, 292, 4.9, 29, ABarapppap, 138, 35940, 40972, 1140, , 35940, 25000, 34819, 34576, 0, 
113, 1, 2, 213, -1, 198, 351, 15.4, 28, ABpraaapap, 151, 26511, 26193, 988, , 26511, 25000, 27859, 27842, 0, 
114, 1, 284, 220, -1, 245, 301, 20.2, 26, MSpaaaapp, 250, 27094, 21567, 796, , 27094, 25000, 27975, 27945, 0, 
115, 1, 204, 48, -1, 275, 186, 23.2, 27, ABalppppppp, 272, 27961, 24270, 868, , 27961, 25000, 27649, 27816, 0, 
116, 1, 25, 41, -1, 411, 147, 9.4, 28, ABplppaapp, 249, 27303, 26975, 988, , 27303, 25000, 27874, 27865, 0, 
117, 1, 273, 282, -1, 270, 300, 19.4, 26, MSpaaappa, 230, 27897, 23210, 832, , 27897, 25000, 27722, 27833, 0, 
118, 1, 244, 125, -1, 153, 344, 20.5, 29, ABpraapaaa, 251, 27490, 29689, 1080, , 27490, 25000, 27043, 27076, 0, 
119, 1, 226, 270, -1, 217, 373, 17.9, 25, ABpraapaapp, 204, 26328, 18114, 688, , 26328, 25000, 27659, 27649, 0, 
120, 1, 70, 400, -1, 228, 164, 8.3, 29, ABalppapaa, 21, 28040, 29947, 1068, , 28040, 25000, 30086, 30180, 0, 
121, 1, 219, 105, -1, 172, 248, 8.2, 27, ABaraaappa, 233, 28333, 24593, 868, , 28333, 25000, 29189, 29223, 0, 
122, 1, 108, 121, -1, 127, 232, 16.3, 27, ABalaaapar, 274, 27537, 25444, 924, , 27537, 25000, 27296, 27280, 0, 
123, 1, 200, 283, -1, 358, 388, 22.0, 29, ABarpppaap, 246, 27769, 34100, 1228, , 27769, 25000, 28002, 28050, 0, 
124, 1, 281, 194, -1, 351, 115, 12.0, 23, ABplpaaaapp, 272, 27256, 13955, 512, , 27256, 25000, 27882, 27936, 0, 
125, 1, 142, 369, -1, 211, 334, 13.1, 27, ABpraaapaa, 230, 28608, 25976, 908, , 28608, 25000, 27768, 27941, 0, 
126, 1, 171, 265, -1, 205, 209, 9.6, 28, ABalpaaaaa, 251, 26791, 26470, 988, , 26791, 25000, 28297, 28252, 0, 
127, 1, 267, 85, -1, 437, 125, 19.3, 29, ABplappaaa, 248, 28139, 30052, 1068, , 28139, 25000, 28008, 28038, 0, 
128, 1, 187, 158, -1, 481, 263, 12.6, 31, Eprpp, 74, 28506, 37970, 1332, , 28506, 25000, 28478, 28515, 0, 
129, 1, 359, 148, -1, 310, 130, 17.6, 26, ABplpaappp, 57, 27456, 22843, 832, , 27456, 25000, 28273, 28316, 0, 
130, 1, 207, 170, -1, 449, 169, 13.8, 29, Capaap, 118, 27561, 30648, 1112, , 27561, 25000, 28741, 28862, 0, 
131, 1, 302, 168, -1, 499, 131, 8.7, 30, ABplpppaap, 196, 28808, 37681, 1308, , 28808, 25000, 28189, 28224, 0, 
132, 1, 236, 201, -1, 288, 390, 19.8, 28, ABarpapppa, 280, 27714, 29155, 1052, , 27714, 25000, 27750, 27788, 0, 
133, 0, 338, -1, -1, 225, 331, 5.7, 25, , 241, -379, 29637, 764, , 38792, 25000, 38839, 39171, 0, 
134, 1, 21, 52, -1, 238, 341, 16.2, 30, ABpraapapa, 271, 27198, 35902, 1320, , 27198, 25000, 27639, 27818, 0, 
135, 1, 81, 322, -1, 212, 194, 6.1, 24, ABalpapaaaa, 227, 36861, 22264, 604, , 36861, 25000, 36840, 37646, 0, 
136, 1, 214, 417, -1, 361, 203, 21.4, 26, Daaap, 240, 28212, 23472, 832, , 28212, 25000, 28810, 28799, 0, 
137, 1, 12, 219, -1, 527, 147, 13.9, 25, ABplapppaa, 18, 27439, 18878, 688, , 27439, 25000, 27919, 28028, 0, 
138, 1, 100, 357, -1, 491, 233, 5.0, 25, ABprppppapp, -92, 33572, 25649, 764, , 33572, 25000, 33804, 33541, 0, 
139, 1, 386, 11, -1, 587, 218, 18.8, 34, Cpapap, 322, 27767, 53090, 1912, , 27767, 25000, 28494, 28570, 0, 
140, 1, 48, 68, -1, 247, 252, 9.2, 29, ABarapapaa, 161, 27537, 30621, 1112, , 27537, 25000, 28612, 28659, 0, 
141, 1, 167, 30, -1, 233, 237, 6.4, 26, ABarapaaap, 74, 32834, 27318, 832, , 32834, 25000, 34907, 35152, 0, 
142, 1, 235, 81, -1, 182, 283, 17.1, 26, ABaraappaa, 57, 26816, 21453, 800, , 26816, 25000, 27891, 27842, 0, 
143, 1, 295, 398, -1, 297, 197, 7.3, 25, ABalpappapp, 217, 29164, 22281, 764, , 29164, 25000, 31871, 32123, 0, 
144, 1, 220, 214, -1, 307, 283, 13.2, 27, ABaraapppp, 239, 27530, 23896, 868, , 27530, 25000, 29186, 29027, 0, 
145, 1, 289, 330, -1, 400, 269, 5.4, 28, ABprpapapp, 191, 35354, 34930, 988, , 35354, 25000, 33867, 33827, 0, 
146, 1, 357, 31, -1, 229, 267, 10.8, 28, ABarapaapa, -35, 29024, 30533, 1052, , 29024, 25000, 28477, 28672, 0, 
147, 1, 134, 128, -1, 147, 220, 24.1, 29, ABplaapaaa, 279, 26861, 32448, 1208, , 26861, 25000, 28173, 28172, 0, 
148, 1, 335, 44, -1, 428, 386, 21.6, 29, ABarpppapp, 284, 28095, 32478, 1156, , 28095, 25000, 27740, 27775, 0, 
149, 1, 90, 88, -1, 229, 216, 22.7, 26, MSapappa, 249, 27034, 23141, 856, , 27034, 25000, 27551, 27613, 0, 
150, 1, 49, 111, -1, 291, 283, 5.9, 24, ABarappapaa, -133, 37118, 22419, 604, , 37118, 25000, 35202, 35047, 0, 
151, 1, 243, 142, -1, 317, 210, 23.8, 30, ABplapaaaa, 343, 27614, 36450, 1320, , 27614, 25000, 28196, 28139, 0, 
152, 1, 56, 342, -1, 358, 233, 6.3, 26, ABprpappapa, 192, 35361, 30269, 856, , 35361, 25000, 34946, 35105, 0, 
153, 1, 117, 367, -1, 229, 377, 21.0, 24, ABarpappaa, 166, 28975, 17617, 608, , 28975, 25000, 27196, 27179, 0, 
154, 1, 308, 377, -1, 267, 139, 14.4, 25, ABplpaaappa, 167, 27745, 23084, 832, , 27745, 25000, 27961, 28021, 0, 
155, 1, 16, 317, -1, 341, 259, 18.5, 26, MSaaappp, 185, 28368, 25418, 896, , 28368, 25000, 29196, 29142, 0, 
156, 1, 11, 439, -1, 200, 235, 22.5, 25, ABplaaaaapa, 122, 28375, 21792, 768, , 28375, 25000, 27858, 27960, 0, 
157, 1, 241, 56, -1, 251, 209, 4.7, 28, ABalpapaap, 365, 41296, 43939, 1064, , 41296, 25000, 37979, 38277, 0, 
158, 1, 63, 184, -1, 392, 179, 7.8, 28, ABplpapapp, 239, 29512, 31047, 1052, , 29512, 25000, 30253, 30378, 0, 
159, 1, 9, 329, -1, 429, 293, 5.3, 27, ABprppaapp, 10, 35223, 32546, 924, , 35223, 25000, 33759, 33680, 0, 
160, 1, 224, 414, -1, 551, 151, 21.5, 29, ABplapapaa, 291, 27224, 29402, 1080, , 27224, 25000, 27927, 27901, 0, 
161, 1, 11, 212, -1, 223, 245, 25.6, 26, ABplaaaaapp, 204, 28325, 23566, 832, , 28325, 25000, 28568, 28536, 0, 
162, 1, 170, 119, -1, 458, 345, 8.0, 25, ABprppapap, 255, 28024, 21410, 764, , 28024, 25000, 29376, 29384, 0, 
163, 1, 109, 376, -1, 363, 350, 13.0, 24, Dpapa, 212, 27202, 16539, 608, , 27202, 25000, 28533, 28539, 0, 
164, 1, 300, 209, -1, 285, 171, 13.6, 25, MSapapap, 236, 27583, 22949, 832, , 27583, 25000, 27946, 27992, 0, 
165, 1, 368, 374, -1, 142, 253, 10.5, 27, ABalaaaarr, 79, 27450, 24595, 896, , 27450, 25000, 27920, 27890, 0, 
166, 1, 132, 176, -1, 427, 329, 6.2, 25, ABprppappa, -99, 31521, 22191, 704, , 31521, 25000, 33574, 33685, 0, 
167, 1, 283, 165, 415, 236, 302, 7.6, 28, ABarappppa, 183, 26716, 26395, 988, , 26716, 25000, 30060, 30074, 0, 
168, 1, 394, 411, -1, 270, 119, 17.9, 23, ABplpaapapp, 231, 28022, 13899, 496, , 28022, 25000, 26959, 26973, 0, 
169, 1, 249, 206, -1, 269, 360, 8.3, 28, ABprpaaapa, 342, 28269, 30078, 1064, , 28269, 25000, 29243, 29407, 0, 
170, 1, 290, 2, -1, 477, 233, 8.2, 28, ABprpapppp, 203, 27279, 28698, 1052, , 27279, 25000, 29896, 29521, 0, 
171, 1, 341, 461, -1, 339, 124, 20.3, 29, ABplaapppa, 234, 27706, 29590, 1068, , 27706, 25000, 28200, 28261, 0, 
172, 1, 126, 95, -1, 187, 173, 15.5, 26, ABalapaapa, 249, 27461, 24605, 896, , 27461, 25000, 27737, 27882, 0, 
173, 0, 202, -1, -1, 336, 325, 12.0, 23, , 198, 1693, 15173, 512, , 29635, 25000, 27806, 27942, 0, 
174, 1, 124, -1, -1, 297, 296, 10.2, 23, MSppaapa, 166, 28944, 15630, 540, , 28944, 25000, 28603, 28735, 0, 
175, 1, 145, 60, -1, 222, 163, 11.6, 27, ABalppappa, 199, 26829, 26507, 988, , 26829, 25000, 27935, 28003, 0, 
176, 1, 263, 96, -1, 136, 299, 10.9, 28, ABalaaappr, 259, 26697, 29046, 1088, , 26697, 25000, 27473, 27442, 0, 
177, 1, 43, 104, -1, 316, 348, 9.2, 26, ABprpaaappp, 179, 28132, 22393, 796, , 28132, 25000, 28563, 28542, 0, 
178, 1, 333, 116, -1, 284, 339, 15.3, 26, ABpraaapppa, 222, 27797, 23794, 856, , 27797, 25000, 27980, 28108, 0, 
179, 1, 242, 110, -1, 309, 249, 9.2, 26, ABarapapppa, 208, 28315, 22539, 796, , 28315, 25000, 29540, 29585, 0, 
180, 1, 20, 157, -1, 599, 238, 14.1, 30, Cpappd, 300, 27344, 37078, 1356, , 27344, 25000, 28351, 28351, 0, 
181, 1, 163, 242, -1, 515, 157, 10.7, 26, ABplapppap, 250, 27986, 23956, 856, , 27986, 25000, 28312, 28277, 0, 
182, 1, 184, 341, -1, 254, 128, 21.2, 29, ABplpaapapa, 261, 26803, 29805, 1112, , 26803, 25000, 27943, 28256, 0, 
183, 1, 272, 208, -1, 570, 336, 17.3, 29, ABprapapaa, 249, 27041, 28880, 1068, , 27041, 25000, 27341, 27372, 0, 
184, 1, 116, 143, -1, 183, 247, 26.8, 29, ABplaaaaaa, 539, 27196, 30242, 1112, , 27196, 25000, 28797, 28901, 0, 
185, 1, 72, 135, -1, 244, 320, 26.6, 29, ABarpaapaa, 239, 27913, 32267, 1156, , 27913, 25000, 29188, 29340, 0, 
186, 1, 82, 132, -1, 360, 212, 13.4, 31, MSaapapp, 159, 32140, 42810, 1332, , 32140, 25000, 30138, 29915, 0, 
187, 1, 245, 336, -1, 261, 248, 12.2, 24, ABarapaappa, 247, 26500, 17384, 656, , 26500, 25000, 28048, 28185, 0, 
188, 1, 135, 289, -1, 357, 339, 21.4, 28, MSpppppp, 252, 27502, 27172, 988, , 27502, 25000, 28204, 27987, 0, 
189, 1, 193, 338, -1, 315, 244, 25.3, 26, ABarppaaaa, 243, 27773, 23774, 856, , 27773, 25000, 28958, 28964, 0, 
190, 1, 162, 178, -1, 323, 138, 15.7, 25, ABplppaaaaa, 183, 28334, 21647, 764, , 28334, 25000, 28133, 28188, 0, 
191, 1, 350, 20, -1, 266, 341, 25.5, 31, ABarpapapp, 256, 27654, 34070, 1232, , 27654, 25000, 28615, 28684, 0, 
192, 1, 248, 403, -1, 272, 277, 25.7, 30, ABplaaaapp, 227, 27098, 35444, 1308, , 27098, 25000, 28214, 28222, 0, 
193, 1, 419, 287, -1, 393, 344, 10.4, 25, Dpapp, 253, 27826, 23151, 832, , 27826, 25000, 28468, 28487, 0, 
194, 1, 403, 389, -1, 262, 343, 11.1, 27, ABprpaapaa, 262, 26637, 24186, 908, , 26637, 25000, 28210, 28737, 0, 
195, 1, 231, 193, -1, 316, 143, 12.5, 28, ABplpapaap, 247, 27368, 29557, 1080, , 27368, 25000, 28054, 28549, 0, 
196, 1, 129, 397, -1, 478, 329, 11.0, 32, Cppaap, 256, 27033, 46173, 1708, , 27033, 25000, 28495, 28483, 0, 
197, 1, 183, 366, -1, 267, 385, 11.3, 27, ABprpaapap, 323, 27051, 24995, 924, , 27051, 25000, 27676, 27760, 0, 
198, 1, 239, 267, -1, 257, 162, 19.2, 25, ABalpppppap, 140, 27094, 19074, 704, , 27094, 25000, 27760, 27861, 0, 
199, 1, 217, 127, -1, 340, 252, 8.3, 28, ABarapapppp, 250, 28188, 29992, 1064, , 28188, 25000, 30302, 29835, 0, 
200, 1, 55, 12, -1, 252, 146, 10.4, 24, ABalppapppa, 149, 27234, 19064, 700, , 27234, 25000, 28036, 27788, 0, 
201, 1, 330, 87, -1, 543, 261, 10.3, 30, Cppppp, 282, 27352, 35776, 1308, , 27352, 25000, 28533, 28487, 0, 
202, 1, 61, 346, -1, 515, 159, 24.6, 29, ABarppappa, 272, 26853, 31042, 1156, , 26853, 25000, 28250, 28272, 0, 
203, 1, 30, 222, -1, 184, 212, 21.6, 25, ABalapappap, 201, 28147, 23418, 832, , 28147, 25000, 28374, 28389, 0, 
204, 1, 7, 333, -1, 322, 394, 12.9, 26, ABpraappap, 415, 27156, 21725, 800, , 27156, 25000, 27382, 27411, 0, 
205, 1, 159, 241, -1, 328, 170, 13.3, 25, MSapaapp, 259, 26878, 20535, 764, , 26878, 25000, 28537, 28618, 0, 
206, 1, 331, 310, -1, 345, 346, 9.8, 29, ABprppaaaa, 288, 28979, 32225, 1112, , 28979, 25000, 28303, 28180, 0, 
207, 1, 373, 380, -1, 395, 151, 14.5, 28, MSaapppa, 277, 28154, 30406, 1080, , 28154, 25000, 28126, 28134, 0, 
208, 1, 348, 313, -1, 212, 292, 5.3, 26, ABarapppaa, 104, 37860, 32408, 856, , 37860, 25000, 37344, 37568, 0, 
209, 1, 66, 67, -1, 503, 300, 9.3, 28, Cppapp, -61, 27493, 29253, 1064, , 27493, 25000, 29060, 29033, 0, 
210, 1, 115, 71, -1, 454, 131, 9.6, 29, ABplpppaaa, 262, 27856, 32202, 1156, , 27856, 25000, 28061, 28115, 0, 
211, 1, 67, 352, -1, 360, 220, 9.7, 24, MSaappaa, 202, 28075, 19765, 704, , 28075, 25000, 28774, 28754, 0, 
212, 0, 392, -1, -1, 121, 258, 19.1, 23, , 193, 635, 13969, 496, , 28163, 25000, 27436, 27528, 0, 
213, 1, 210, 363, -1, 202, 186, 17.9, 24, ABalppppaav, 222, 27490, 16604, 604, , 27490, 25000, 27522, 27696, 0, 
214, 1, 153, 139, -1, 265, 369, 17.0, 25, ABpraapappp, 169, 27296, 20854, 764, , 27296, 25000, 28245, 28171, 0, 
215, 0, 237, -1, -1, 366, 388, 10.8, 24, , 203, -439, 18154, 656, , 27674, 25000, 28118, 28113, 0, 
216, 1, 320, 388, -1, 333, 248, 5.4, 24, ABprpappaap, 216, 36327, 25429, 700, , 36327, 25000, 35825, 36117, 0, 
217, 1, 377, 256, -1, 212, 309, 14.6, 27, MSppaaap, 210, 28177, 27839, 988, , 28177, 25000, 28288, 28251, 0, 
218, 1, 310, 347, -1, 442, 166, 18.1, 29, Capaaa, 280, 27098, 32734, 1208, , 27098, 25000, 28496, 28517, 0, 
219, 1, 191, 244, -1, 235, 230, 10.1, 24, ABalpappaaa, 232, 27589, 16664, 604, , 27589, 25000, 28321, 28244, 0, 
220, 1, 318, 130, -1, 474, 305, 5.6, 28, ABprpppaaa, 249, 33723, 33318, 988, , 33723, 25000, 33515, 33541, 0, 
221, 1, 5, 436, -1, 467, 242, 6.0, 24, ABprppppaap, 195, 34650, 21067, 608, , 34650, 25000, 33291, 33700, 0, 
222, 1, 85, 106, -1, 241, 155, 14.3, 26, ABplpaaaaa, 260, 28418, 24326, 856, , 28418, 25000, 27993, 28414, 0, 
223, 1, 332, 238, -1, 296, 394, 12.0, 23, ABpraappaa, 196, 26807, 13725, 512, , 26807, 25000, 27010, 27079, 0, 
224, 1, 154, 155, -1, 512, 170, 15.2, 29, Cappap, 15, 28612, 31816, 1112, , 28612, 25000, 28413, 28424, 0, 
225, 1, 342, 348, -1, 267, 202, 26.1, 28, ABplaaappa, 146, 27840, 30290, 1088, , 27840, 25000, 28544, 28610, 0, 
226, 1, 46, 14, -1, 369, 110, 15.5, 26, ABplppapaaa, -186, 28770, 25778, 896, , 28770, 25000, 27809, 27828, 0, 
227, 1, 345, 183, -1, 353, 321, 4.6, 30, ABarappapp, -24, 37122, 42913, 1156, , 37122, 25000, 35934, 36405, 0, 
228, 1, 6, 354, -1, 519, 292, 5.5, 28, ABprpppaap, 427, 42056, 45420, 1080, , 42056, 25000, 37953, 38310, 0, 
229, 1, 418, 112, -1, 546, 132, 17.3, 26, ABarppappp, 256, 28091, 24046, 856, , 28091, 25000, 28342, 28306, 0, 
230, 0, 173, -1, -1, 165, 327, 9.2, 24, , 204, -139, 18279, 656, , 27864, 25000, 28012, 28003, 0, 
231, 1, 152, 344, -1, 173, 162, 18.5, 25, ABalapaappp, 267, 27111, 20821, 768, , 27111, 25000, 27416, 27377, 0, 
232, 1, 260, 350, -1, 349, 189, 16.5, 25, MSappaaa, 174, 27938, 21456, 768, , 27938, 25000, 29575, 29742, 0, 
233, 1, 110, 384, -1, 475, 160, 11.6, 27, Capapp, 260, 27971, 27635, 988, , 27971, 25000, 28922, 28948, 0, 
234, 1, 206, 9, -1, 184, 305, 24.2, 29, ABarpaaapa, 278, 27755, 30864, 1112, , 27755, 25000, 28249, 28346, 0, 
235, 1, 296, 343, -1, 437, 300, 25.4, 32, Caaaaa, 329, 28104, 41706, 1484, , 28104, 25000, 28097, 28135, 0, 
236, 1, 316, 167, -1, 167, 301, 11.0, 26, ABalaapppa, 209, 28093, 23935, 852, , 28093, 25000, 27796, 27851, 0, 
237, 1, 138, 150, -1, 364, 133, 21.5, 26, ABplapaapa, -227, 27578, 24710, 896, , 27578, 25000, 28017, 28319, 0, 
238, 1, 181, 297, -1, 201, 184, 25.4, 26, ABplaapaapp, 183, 27637, 22994, 832, , 27637, 25000, 29027, 28921, 0, 
239, 1, 165, 288, -1, 418, 204, 25.7, 29, ABarppaapp, 209, 27167, 29014, 1068, , 27167, 25000, 28076, 28187, 0, 
240, 1, 247, 301, -1, 274, 241, 22.5, 27, MSapappp, 271, 26790, 24004, 896, , 26790, 25000, 28111, 28189, 0, 
241, 1, 147, 200, -1, 465, 393, 12.8, 26, ABprappaaa, 134, 28227, 22469, 796, , 28227, 25000, 27180, 27190, 0, 
242, 1, 87, 179, -1, 388, 182, 25.6, 28, ABarppapaa, 274, 28434, 28093, 988, , 28434, 25000, 28654, 28659, 0, 
243, 1, 93, 191, -1, 169, 216, 7.9, 26, ABalpaappa, 257, 28725, 22980, 800, , 28725, 25000, 31551, 31810, 0, 
244, 1, 416, 94, -1, 333, 297, 16.4, 25, MSpaapapp, 227, 28052, 23339, 832, , 28052, 25000, 28437, 28421, 0, 
245, 1, 118, 57, -1, 184, 138, 17.6, 28, ABalpppaap, 76, 27348, 27020, 988, , 27348, 25000, 26899, 26885, 0, 
246, 1, 59, 383, -1, 252, 185, 6.9, 23, ABalpapaaap, 227, 33349, 16541, 496, , 33349, 25000, 35122, 35413, 0, 
247, 1, 139, 396, -1, 288, 374, 9.3, 24, ABprpaapppa, 198, 28777, 20259, 704, , 28777, 25000, 27823, 27752, 0, 
248, 1, 205, 4, -1, 431, 206, 11.6, 32, Z3, 308, 28536, 42348, 1484, , 28536, 25000, 28584, 28622, 0, 
249, 1, 412, 345, -1, 224, 220, 15.4, 25, ABalpaapapp, 205, 26923, 22400, 832, , 26923, 25000, 28491, 28594, 0, 
250, 1, 223, 385, -1, 170, 159, 22.2, 24, ABalppppapa, 89, 27918, 18314, 656, , 27918, 25000, 27418, 27473, 0, 
251, 1, 366, 372, -1, 475, 164, 25.6, 31, ABplappapa, 272, 27327, 36399, 1332, , 27327, 25000, 27655, 27674, 0, 
252, 1, 177, 47, -1, 277, 250, 7.7, 25, ABarapapapa, 195, 30445, 23260, 764, , 30445, 25000, 30583, 30097, 0, 
253, 1, 174, 217, -1, 484, 149, 6.0, 24, ABplpppapaa, 242, 41919, 25487, 608, , 41919, 25000, 37364, 37499, 0, 
254, 1, 198, 224, -1, 236, 190, 20.6, 30, ABplaapapa, 264, 28269, 32679, 1156, , 28269, 25000, 28127, 28191, 0, 
255, 1, 407, 381, -1, 317, 260, 11.0, 22, MSpapaaaa, 165, 35659, 13693, 384, , 35659, 25000, 29712, 29808, 0, 
256, 1, 319, 51, -1, 134, 216, 18.9, 25, ABalapaaaa, 207, 28263, 19445, 688, , 28263, 25000, 27185, 27086, 0, 
257, 1, 98, 1, -1, 200, 271, 15.7, 25, ABaraappapa, 198, 28630, 21873, 764, , 28630, 25000, 27789, 27806, 0, 
258, 1, 292, 25, -1, 184, 233, 17.2, 26, ABaraapaapa, 187, 27589, 21961, 796, , 27589, 25000, 27519, 27547, 0, 
259, 1, 307, 307, -1, 298, 381, 23.2, 30, ABarpapppp, 305, 27541, 36354, 1320, , 27541, 25000, 27528, 27445, 0, 
260, 1, 388, 355, -1, 536, 274, 7.5, 28, ABprapppap, 178, 29656, 32029, 1080, , 29656, 25000, 31117, 31077, 0, 
261, 1, 79, 24, -1, 255, 279, 14.1, 25, ABaraapppaa, -169, 29004, 19955, 688, , 29004, 25000, 27868, 28036, 0, 
262, 1, 168, 221, -1, 296, 289, 20.7, 28, MSpaaapa, 268, 27993, 29785, 1064, , 27993, 25000, 28726, 28706, 0, 
263, 1, 120, 406, -1, 223, 138, 21.7, 25, ABalpppappp, 209, 26415, 20181, 764, , 26415, 25000, 28164, 28380, 0, 
264, 1, 96, 3, -1, 325, 230, 19.1, 25, MSaaappa, 112, 28651, 19712, 688, , 28651, 25000, 29057, 28927, 0, 
265, 1, 433, 410, -1, 363, 282, 14.8, 24, MSpapaapp, 197, 34877, 22879, 656, , 34877, 25000, 30818, 30570, 0, 
266, 1, 312, 117, -1, 279, 310, 5.9, 24, ABarapppppa, 51, 34623, 20912, 604, , 34623, 25000, 34819, 34355, 0, 
267, 1, 157, 394, -1, 583, 214, 9.7, 27, Cpappv, 268, 27361, 25282, 924, , 27361, 25000, 28468, 28545, 0, 
268, 1, 94, 108, -1, 183, 226, 11.6, 26, ABaraaaaaa, 51, 28768, 23935, 832, , 28768, 25000, 27878, 27805, 0, 
269, 1, 196, 379, -1, 301, 212, 4.6, 25, ABprpappaaa, 233, 36357, 30249, 832, , 36357, 25000, 36090, 36050, 0, 
270, 1, 133, 359, -1, 436, 168, 25.7, 29, ABarppapap, 290, 27067, 28908, 1068, , 27067, 25000, 28473, 28395, 0, 
271, 0, 1, -1, -1, 336, 202, 6.8, 23, , 62, -1303, 17425, 540, , 32269, 25000, 34238, 33572, 0, 
272, 1, 346, 203, -1, 345, 261, 10.6, 27, MSpapaaap, 222, 36044, 35611, 988, , 36044, 25000, 31021, 31233, 0, 
273, 1, 427, 428, -1, 160, 236, 13.8, 23, ABalpaapaaa, 180, 28311, 15288, 540, , 28311, 25000, 28057, 28364, 0, 
274, 1, 428, 216, -1, 277, 162, 20.2, 24, ABplpaappaa, 201, 27806, 18241, 656, , 27806, 25000, 27883, 28133, 0, 
275, 1, 83, 356, -1, 180, 198, 13.9, 27, MSapaaaa, 175, 28426, 25811, 908, , 28426, 25000, 29114, 29210, 0, 
276, 1, 275, 368, -1, 361, 306, 12.1, 27, MSpppaaa, 275, 28225, 25628, 908, , 28225, 25000, 28909, 28870, 0, 
277, 1, 195, 364, -1, 326, 312, 25.7, 30, ABarpaappa, 277, 27657, 36176, 1308, , 27657, 25000, 28280, 28281, 0, 
278, 0, 355, -1, -1, 218, 282, 19.1, 23, , 223, 69, 13663, 496, , 27546, 25000, 27382, 27477, 0, 
279, 1, 375, 122, -1, 382, 208, 10.5, 25, MSaappap, 203, 29738, 22839, 768, , 29738, 25000, 29095, 28988, 0, 
280, 1, 213, 373, -1, 515, 346, 15.5, 29, Cppapa, 474, 28095, 30343, 1080, , 28095, 25000, 28892, 28880, 0, 
281, 1, 186, 101, -1, 535, 363, 18.8, 28, ABarpppppa, 352, 27117, 28527, 1052, , 27117, 25000, 28183, 28183, 0, 
282, 1, 47, 332, -1, 491, 353, 18.5, 30, Cpppaa, 65, 27259, 33583, 1232, , 27259, 25000, 28639, 28635, 0, 
283, 1, 265, 133, -1, 341, 344, 15.6, 26, Dpaaa, 234, 27800, 23130, 832, , 27800, 25000, 28157, 28109, 0, 
284, 1, 229, 8, -1, 376, 401, 15.1, 25, ABprapaapa, 478, 28775, 19797, 688, , 28775, 25000, 28231, 28193, 0, 
285, 1, 189, 156, -1, 178, 295, 7.2, 26, ABalaapaap, 334, 30503, 24280, 796, , 30503, 25000, 32274, 32170, 0, 
286, 1, 269, 429, -1, 265, 210, 6.9, 25, ABalpappapa, 244, 30272, 19253, 636, , 30272, 25000, 33091, 32687, 0, 
287, 1, 336, 100, -1, 546, 190, 20.3, 30, Capppa, 299, 27965, 36578, 1308, , 27965, 25000, 28187, 28178, 0, 
288, 1, 324, 18, -1, 225, 345, 21.8, 26, ABarpapaapp, 39, 26617, 21187, 796, , 26617, 25000, 28416, 28402, 0, 
289, 1, 57, 413, -1, 447, 401, 18.7, 29, ABarppppap, 290, 27061, 28901, 1068, , 27061, 25000, 27722, 27696, 0, 
290, 1, 314, 160, -1, 310, 230, 7.1, 24, ABarapapapp, 188, 28598, 17273, 604, , 28598, 25000, 32081, 32329, 0, 
291, 1, 291, 107, -1, 193, 252, 10.1, 25, ABaraaaaap, 259, 29583, 20353, 688, , 29583, 25000, 28386, 28258, 0, 
292, 1, 232, 248, -1, 583, 192, 16.6, 29, Cpapaa, 237, 26870, 31062, 1156, , 26870, 25000, 28701, 28732, 0, 
293, 1, 76, 391, -1, 325, 294, 7.9, 27, ABprpapaaa, 271, 28133, 25545, 908, , 28133, 25000, 30298, 30225, 0, 
294, 1, 327, 29, -1, 244, 165, 23.8, 26, ABplaapappp, 198, 27950, 22248, 796, , 27950, 25000, 28790, 28787, 0, 
295, 1, 328, 240, -1, 175, 267, 13.1, 30, ABaraaapaa, 139, 27573, 37389, 1356, , 27573, 25000, 27836, 27865, 0, 
296, 1, 410, 432, -1, 290, 202, 10.1, 26, ABalpappppa, 212, 27423, 21938, 800, , 27423, 25000, 28428, 28381, 0, 
297, 1, 246, 74, -1, 192, 159, 10.2, 26, ABalaaaalp, 220, 27676, 22030, 796, , 27676, 25000, 27992, 28126, 0, 
298, 1, 228, 229, -1, 371, 364, 25.5, 33, ABarpppapa, 338, 27322, 44371, 1624, , 27322, 25000, 28328, 28334, 0, 
299, 0, 383, -1, -1, 497, 170, 7.5, 24, , 162, 2560, 24645, 768, , 32090, 25000, 30499, 29530, 0, 
300, 1, 136, 225, -1, 347, 168, 18.5, 26, Daapa, 259, 27804, 24912, 896, , 27804, 25000, 29348, 29333, 0, 
301, 1, 251, 273, -1, 365, 164, 10.1, 29, ABplpapapa, 263, 27978, 33797, 1208, , 27978, 25000, 28174, 28236, 0, 
302, 1, 423, 5, 443, 174, 325, 12.7, 27, ABalaapppp, 183, 27707, 25601, 924, , 27707, 25000, 27341, 27336, 0, 
303, 1, 71, 261, -1, 220, 204, 26.5, 26, ABplaaapaa, 210, 29229, 26189, 896, , 29229, 25000, 29015, 29153, 0, 
304, 1, 194, 146, -1, 440, 272, 9.8, 30, Z2, 112, 27420, 36195, 1320, , 27420, 25000, 28667, 28649, 0, 
305, 1, 130, 365, -1, 322, 303, 19.4, 26, MSpaaappp, 245, 28845, 23999, 832, , 28845, 25000, 28709, 28699, 0, 
306, 1, 311, 227, -1, 423, 330, 12.7, 27, MSpppaap, 264, 27522, 25430, 924, , 27522, 25000, 28940, 28968, 0, 
307, 1, 259, 39, -1, 143, 249, 13.4, 25, ABaraaaapa, 208, 27213, 22641, 832, , 27213, 25000, 28073, 28295, 0, 
308, 1, 69, 7, -1, 192, 141, 14.4, 28, ABalpppaaa, 255, 27721, 27388, 988, , 27721, 25000, 27424, 27297, 0, 
309, 1, 40, 226, -1, 381, 252, 10.8, 28, MSpapapp, 109, 31117, 32735, 1052, , 31117, 25000, 30975, 30646, 0, 
310, 1, 97, 32, 427, 345, 172, 22.9, 29, ABplapaaap, 443, 28060, 33897, 1208, , 28060, 25000, 28781, 28879, 0, 
311, 1, 286, 162, -1, 524, 188, 11.3, 28, Capppp, 255, 27657, 29427, 1064, , 27657, 25000, 28367, 28311, 0, 
312, 1, 222, 293, -1, 400, 402, 19.4, 28, ABarppppaa, 275, 27735, 27402, 988, , 27735, 25000, 27628, 27650, 0, 
313, 1, 73, 294, -1, 487, 330, 6.5, 27, ABprppappp, 269, 30243, 27098, 896, , 30243, 25000, 33456, 33305, 0, 
314, 1, 125, 15, -1, 466, 124, 21.5, 28, ABplappaap, -238, 27154, 29326, 1080, , 27154, 25000, 27615, 27624, 0, 
315, 1, 385, 90, -1, 207, 290, 9.5, 25, MSppaaaa, 222, 28939, 22225, 768, , 28939, 25000, 28357, 28417, 0, 
316, 1, 122, 80, -1, 435, 295, 19.5, 31, Epraa, 310, 27310, 33646, 1232, , 27310, 25000, 28106, 28137, 0, 
317, 1, 180, 304, -1, 312, 320, 6.0, 24, ABarapppppp, 184, 32431, 19718, 608, , 32431, 25000, 34196, 34335, 0, 
318, 1, 380, 446, -1, 213, 303, 17.4, 24, MSpaaaapa, -56, 27121, 18985, 700, , 27121, 25000, 28152, 28166, 0, 
319, 1, 360, 195, -1, 429, 244, 8.4, 25, MSpappap, 367, 29494, 24539, 832, , 29494, 25000, 29424, 29608, 0, 
320, 1, 78, 138, -1, 433, 373, 15.6, 27, Dppap, 161, 27569, 27238, 988, , 27569, 25000, 28983, 29072, 0, 
321, 1, 156, 50, -1, 365, 280, 6.1, 28, ABprpapapa, 191, 33025, 35931, 1088, , 33025, 25000, 33968, 33949, 0, 
322, 1, 38, 141, -1, 305, 161, 9.7, 27, ABplpapaaa, 266, 27874, 25756, 924, , 27874, 25000, 28741, 28773, 0, 
323, 1, 4, 235, -1, 499, 305, 24.4, 33, Caaaap, 333, 27721, 45462, 1640, , 27721, 25000, 28272, 28289, 0, 
324, 1, 104, 147, -1, 158, 348, 14.7, 28, ABalappapp, 233, 27461, 29218, 1064, , 27461, 25000, 27514, 27545, 0, 
325, 1, 334, 230, -1, 489, 267, 9.3, 28, ABprpppppa, 250, 27862, 29645, 1064, , 27862, 25000, 28859, 28815, 0, 
326, 1, 277, 259, -1, 469, 304, 17.3, 32, Earpp, 326, 28953, 45862, 1584, , 28953, 25000, 28912, 29003, 0, 
327, 1, 80, 153, -1, 270, 194, 20.4, 27, ABalppppppa, 241, 25995, 25683, 988, , 25995, 25000, 28226, 28500, 0, 
328, 1, 128, 198, -1, 254, 389, 19.2, 27, ABarpappap, 75, 26672, 23151, 868, , 26672, 25000, 27422, 27432, 0, 
329, 1, 158, 92, 324, 389, 242, 7.3, 29, ABprpapppa, 180, 28687, 30638, 1068, , 28687, 25000, 32011, 31947, 0, 
330, 1, 399, 86, -1, 191, 220, 25.2, 26, ABalapappp, 258, 28325, 22547, 796, , 28325, 25000, 28509, 28651, 0, 
331, 1, 209, 326, -1, 390, 356, 15.6, 26, Dppaa, 251, 27119, 22563, 832, , 27119, 25000, 28752, 28752, 0, 
332, 1, 53, 166, -1, 151, 314, 14.6, 26, ABalappapa, -122, 27358, 22762, 832, , 27358, 25000, 27549, 27656, 0, 
333, 0, 103, -1, -1, 523, 240, 6.9, 24, , 194, -44, 19764, 604, , 32722, 25000, 32926, 32766, 0, 
334, 1, 41, 33, -1, 272, 157, 8.1, 29, ABalppapap, 175, 29514, 35653, 1208, , 29514, 25000, 30829, 30966, 0, 
335, 1, 88, 38, -1, 397, 227, 15.1, 31, Ealpa, 295, 27974, 41402, 1480, , 27974, 25000, 29580, 29451, 0, 
336, 1, 365, 430, -1, 196, 368, 12.3, 24, ABpraaaappa, 185, 26530, 18677, 704, , 26530, 25000, 27508, 27452, 0, 
337, 0, 24, -1, -1, 257, 177, 12.1, 24, , 167, -637, 17267, 604, , 28588, 25000, 28981, 29225, 0, 
338, 1, 240, 255, -1, 572, 258, 8.4, 26, ABprappppp, 255, 28638, 23827, 832, , 28638, 25000, 28413, 28439, 0, 
339, 1, 197, 237, -1, 420, 124, 21.5, 30, ABplapaapp, 269, 26429, 32560, 1232, , 26429, 25000, 27895, 27880, 0, 
340, 1, 149, 299, 371, 296, 369, 14.4, 30, ABprpaappa, 257, 27141, 31375, 1156, , 27141, 25000, 27959, 27945, 0, 
341, 1, 262, 309, -1, 509, 220, 16.3, 33, Eplpa, 335, 27316, 47421, 1736, , 27316, 25000, 29354, 29412, 0, 
342, 1, 406, 19, -1, 574, 207, 12.6, 31, Caappd, 311, 27237, 36280, 1332, , 27237, 25000, 28606, 28655, 0, 
343, 1, 31, 199, -1, 542, 184, 7.5, 28, ABplpppppp, 163, 29593, 31960, 1080, , 29593, 25000, 31401, 31446, 0, 
344, 1, 351, 340, -1, 216, 289, 22.6, 25, MSaaaapaa, 222, 27353, 22758, 832, , 27353, 25000, 28559, 28636, 0, 
345, 1, 429, 393, -1, 198, 207, 18.4, 24, MSapaaap, 200, 26227, 18359, 700, , 26227, 25000, 28001, 28025, 0, 
346, 1, 45, 337, -1, 585, 260, 19.5, 33, Caaapp, 332, 28079, 45600, 1624, , 28079, 25000, 28317, 28366, 0, 
347, 1, 434, 84, -1, 328, 371, 23.1, 27, ABarpppaaa, 251, 26831, 24363, 908, , 26831, 25000, 27868, 28117, 0, 
348, 1, 285, 43, -1, 546, 214, 10.4, 29, Caapa, 296, 28010, 32380, 1156, , 28010, 25000, 28522, 28522, 0, 
349, 1, 131, 124, -1, 486, 184, 22.5, 34, Cappaa, 294, 27069, 45692, 1688, , 27069, 25000, 28223, 28316, 0, 
350, 1, 413, 399, -1, 306, 340, 18.2, 29, MSppppap, 218, 27744, 30851, 1112, , 27744, 25000, 28226, 28196, 0, 
351, 1, 371, 408, -1, 244, 268, 26.2, 27, ABplaaaapa, 122, 28570, 24799, 868, , 28570, 25000, 28507, 28610, 0, 
352, 1, 363, 323, -1, 289, 254, 12.7, 24, ABarapaappp, 221, 27217, 19161, 704, , 27217, 25000, 28244, 28318, 0, 
353, 1, 179, 370, -1, 184, 344, 23.9, 31, ABarpapaaa, 95, 26911, 39828, 1480, , 26911, 25000, 27537, 27485, 0, 
354, 1, 382, 425, -1, 269, 314, 12.5, 27, MSppapaa, 203, 26683, 23908, 896, , 26683, 25000, 28008, 28168, 0, 
355, 1, 282, 211, -1, 213, 336, 18.3, 25, MSppappa, 227, 26924, 20570, 764, , 26924, 25000, 27939, 28051, 0, 
356, 1, 121, 21, -1, 415, 245, 18.4, 31, Ealap, 118, 27544, 36689, 1332, , 27544, 25000, 28656, 28661, 0, 
357, 1, 176, 83, -1, 479, 192, 9.3, 28, ABplpppppa, 440, 28360, 30175, 1064, , 28360, 25000, 28438, 28428, 0, 
358, 1, 68, 171, -1, 264, 339, 20.6, 26, MSppappp, 246, 28114, 23391, 832, , 28114, 25000, 28389, 28438, 0, 
359, 1, 190, 99, -1, 401, 388, 12.2, 29, ABpraapppp, 251, 27351, 30414, 1112, , 27351, 25000, 28553, 28592, 0, 
360, 1, 329, 205, -1, 276, 228, 17.3, 24, ABaraapapap, 202, 28591, 20128, 704, , 28591, 25000, 27931, 27907, 0, 
361, 1, 89, 144, -1, 130, 294, 17.4, 27, ABalapppaa, 271, 26537, 26219, 988, , 26537, 25000, 27251, 27227, 0, 
362, 1, 432, 136, -1, 250, 341, 5.7, 26, ABalaapapp, 79, 40203, 34414, 856, , 40203, 25000, 37380, 37490, 0, 
363, 1, 181, 271, -1, 166, 191, 23.6, 25, ABplaapaapa, 192, 27769, 23104, 832, , 27769, 25000, 27529, 27423, 0, 
364, 1, 211, 177, -1, 548, 150, 10.4, 24, ABplappppp, 226, 28179, 19725, 700, , 28179, 25000, 28306, 28260, 0, 
365, 1, 436, 448, -1, 151, 322, 17.9, 22, ABalappppaa, 156, 28028, 13005, 464, , 28028, 25000, 28579, 28567, 0, 
366, 1, 161, 349, -1, 259, 307, 16.6, 25, MSpaapaa, 240, 27692, 23040, 832, , 27692, 25000, 27318, 27345, 0, 
367, 0, 261, -1, -1, 154, 161, 12.6, 23, , 58, 986, 18087, 640, , 28261, 25000, 27332, 27275, 0, 
368, 1, 354, 303, -1, 220, 322, 25.2, 25, ABarpapapa, 242, 27955, 19680, 704, , 27955, 25000, 28293, 28288, 0, 
369, 1, 298, 318, -1, 376, 259, 25.4, 31, ABarppaapa, 283, 28066, 37384, 1332, , 28066, 25000, 28993, 28976, 0, 
370, 1, 160, 420, -1, 290, 130, 10.3, 24, ABalppapppp, 280, 28395, 19990, 704, , 28395, 25000, 27749, 27736, 0, 
371, 1, 15, 274, -1, 434, 174, 21.6, 28, Dapap, 3, 28270, 27931, 988, , 28270, 25000, 28274, 28254, 0, 
372, 1, 288, 247, -1, 491, 281, 19.7, 33, Eprap, 300, 27443, 47641, 1736, , 27443, 25000, 28308, 28536, 0, 
373, 1, 225, 6, -1, 471, 333, 25.6, 34, Cpaaap, 347, 28504, 50737, 1780, , 28504, 25000, 28295, 28340, 0, 
374, 1, 299, 264, -1, 315, 313, 11.7, 24, MSppaapp, -231, 29031, 20438, 704, , 29031, 25000, 28130, 28268, 0, 
375, 1, 22, 186, -1, 302, 113, 13.1, 26, ABplpaaaapa, 54, 26016, 20813, 800, , 26016, 25000, 27252, 27402, 0, 
376, 1, 395, 192, -1, 304, 136, 14.4, 26, ABplpaaappp, -170, 26983, 22450, 832, , 26983, 25000, 27313, 27469, 0, 
377, 1, 95, 312, -1, 531, 124, 11.8, 27, ABplappppa, 204, 27665, 24013, 868, , 27665, 25000, 27587, 27631, 0, 
378, 1, 215, 321, -1, 321, 165, 7.1, 27, ABalpapapap, 56, 31769, 28846, 908, , 31769, 25000, 34020, 34284, 0, 
379, 1, 405, 452, -1, 286, 299, 15.0, 22, MSpaapapa, 160, 27297, 10482, 384, , 27297, 25000, 28269, 28174, 0, 
380, 1, 325, 218, -1, 344, 227, 15.8, 27, MSaapapa, 146, 35634, 30930, 868, , 35634, 25000, 30907, 30744, 0, 
381, 1, 294, 444, 459, 198, 361, 20.5, 25, ABalappppp, 234, 27598, 21195, 768, , 27598, 25000, 27772, 27758, 0, 
382, 1, 33, 66, -1, 206, 160, 22.4, 27, ABalppppapp, 212, 28795, 28449, 988, , 28795, 25000, 27410, 27502, 0, 
383, 1, 402, 423, -1, 194, 232, 14.4, 24, ABalpaapaap, 248, 26760, 18732, 700, , 26760, 25000, 27415, 27395, 0, 
384, 1, 343, 253, -1, 388, 182, 20.4, 28, Dapaa, 239, 28156, 27818, 988, , 28156, 25000, 28266, 28299, 0, 
385, 1, 152, 285, -1, 161, 193, 17.2, 25, ABalapaappa, 194, 28263, 19897, 704, , 28263, 25000, 27586, 27659, 0, 
386, 1, 361, 440, -1, 359, 228, 18.0, 22, MSaapaapp, 224, 34729, 13336, 384, , 34729, 25000, 30492, 30092, 0, 
387, 1, 356, 34, -1, 499, 242, 18.2, 31, Eplap, 202, 27912, 40863, 1464, , 27912, 25000, 28425, 28691, 0, 
388, 1, 390, 460, -1, 505, 177, 5.9, 28, ABplpppapap, 268, 37305, 40588, 1088, , 37305, 25000, 36556, 36560, 0, 
389, 1, 8, 82, -1, 314, 163, 21.9, 26, ABplpaappap, 190, 28430, 22744, 800, , 28430, 25000, 28870, 28950, 0, 
390, 1, 191, 419, -1, 260, 204, 9.3, 24, ABalpappaap, 189, 29243, 20587, 704, , 29243, 25000, 28433, 28497, 0, 
391, 0, 230, -1, -1, 219, 292, 25.8, 24, , 210, 187, 18971, 656, , 28919, 25000, 28681, 28732, 0, 
392, 1, 274, 126, -1, 463, 246, 17.3, 33, Ealpp, 329, 27601, 47916, 1736, , 27601, 25000, 28490, 28528, 0, 
393, 1, 370, 46, -1, 400, 322, 25.0, 33, Cpaaaa, 325, 27699, 50079, 1808, , 27699, 25000, 28177, 28151, 0, 
394, 1, 26, 325, -1, 315, 199, 18.8, 24, Daaaa, 38, 28532, 18717, 656, , 28532, 25000, 28217, 28251, 0, 
395, 1, 270, 231, -1, 329, 207, 12.3, 25, MSaapaaap, 206, 32101, 24525, 764, , 32101, 25000, 29316, 29178, 0, 
396, 1, 151, 279, -1, 282, 178, 5.5, 24, ABalpapapaa, 191, 42677, 32776, 768, , 42677, 25000, 39804, 40198, 0, 
397, 1, 5, 296, -1, 439, 264, 5.8, 24, ABprppppaaa, 180, 33349, 21877, 656, , 33349, 25000, 33179, 33139, 0, 
398, 1, 182, 335, -1, 450, 210, 6.0, 27, ABplpapppp, 273, 35115, 36239, 1032, , 35115, 25000, 34017, 33847, 0, 
399, 1, 84, 115, -1, 455, 266, 21.3, 33, Eplaa, 306, 27577, 47873, 1736, , 27577, 25000, 28577, 28635, 0, 
400, 1, 146, 386, -1, 235, 374, 13.7, 24, ABpraaaappp, 193, 28423, 20010, 704, , 28423, 25000, 27773, 27829, 0, 
401, 1, 309, 118, -1, 276, 257, 18.1, 23, MSaaapapa, 198, 26367, 13078, 496, , 26367, 25000, 28571, 28445, 0, 
402, 1, 398, 334, -1, 226, 248, 21.9, 23, MSaaapaaa, 182, 28605, 14188, 496, , 28605, 25000, 28051, 28308, 0, 
403, 1, 264, 308, -1, 278, 275, 13.9, 24, ABaraapppap, -229, 27525, 16625, 604, , 27525, 25000, 27862, 27914, 0, 
404, 1, 326, 311, -1, 323, 207, 5.1, 23, ABplpappaaa, 206, 37194, 18448, 496, , 37194, 25000, 36948, 37073, 0, 
405, 1, 256, 145, -1, 389, 229, 24.0, 28, MSappppp, -120, 28649, 32316, 1128, , 28649, 25000, 28290, 28315, 0, 
406, 1, 379, 42, -1, 241, 129, 18.8, 25, ABalpppapad, 208, 26962, 18981, 704, , 26962, 25000, 27786, 28025, 0, 
407, 1, 389, 424, -1, 209, 269, 13.0, 23, ABaraaapapa, 513, 28668, 14678, 512, , 28668, 25000, 28385, 28364, 0, 
408, 1, 426, 281, -1, 179, 330, 21.1, 22, ABarpapaapa, 43, 27901, 12946, 464, , 27901, 25000, 28378, 28173, 0, 
409, 1, 425, 405, -1, 270, 243, 20.0, 24, MSaaapaap, 22, 28288, 17199, 608, , 28288, 25000, 28087, 28370, 0, 
410, 1, 420, 277, -1, 222, 208, 7.7, 25, ABalpaaaap, 67, 29563, 22586, 764, , 29563, 25000, 30206, 30203, 0, 
411, 1, 199, 401, -1, 520, 216, 5.5, 25, ABprpppapap, -96, 41466, 31846, 768, , 41466, 25000, 38058, 37996, 0, 
412, 1, 372, 189, -1, 271, 192, 17.7, 25, MSapapaa, 353, 27389, 20925, 764, , 27389, 25000, 28162, 28188, 0, 
413, 1, 400, 437, -1, 322, 227, 15.9, 22, MSaapaapa, 158, 32108, 14898, 464, , 32108, 25000, 31488, 31096, 0, 
414, 1, 414, 435, -1, 359, 350, 18.4, 26, Dpaap, -31, 31335, 26071, 832, , 31335, 25000, 28364, 28415, 0, 
415, 1, 34, 197, -1, 283, 340, 6.3, 25, ABprpaaappa, 162, 33154, 25330, 764, , 33154, 25000, 33986, 34355, 0, 
416, 1, 384, 418, -1, 250, 343, 13.6, 31, ABpraaappa, 396, 27275, 36330, 1332, , 27275, 25000, 27808, 28072, 0, 
417, 1, 49, 392, -1, 318, 280, 5.9, 25, ABarappapap, 174, 32885, 20915, 636, , 32885, 25000, 35503, 35909, 0, 
418, 1, 278, 245, -1, 366, 292, 18.8, 35, Earaa, 75, 28252, 56843, 2012, , 28252, 25000, 29158, 29205, 0, 
419, 1, 322, 320, -1, 430, 188, 15.7, 23, MSappaap, 342, 26649, 15776, 592, , 26649, 25000, 28570, 28508, 0, 
420, 1, 321, 140, -1, 349, 190, 27.2, 30, ABarppaaap, 177, 30612, 40408, 1320, , 30612, 25000, 28553, 28537, 0, 
421, 1, 64, 129, -1, 291, 160, 17.6, 23, MSapppaa, 244, 27734, 17750, 640, , 27734, 25000, 27561, 27522, 0, 
422, 1, 369, 421, -1, 153, 218, 20.8, 22, ABalapappaa, 326, 28897, 14333, 496, , 28897, 25000, 27529, 27525, 0, 
423, 1, 397, 431, -1, 298, 213, 12.4, 23, MSaapaaaa, 169, 31505, 20163, 640, , 31505, 25000, 28908, 28821, 0, 
424, 1, 411, 70, -1, 245, 131, 11.6, 28, ABalppaapp, 343, 27783, 27450, 988, , 27783, 25000, 27535, 27560, 0, 
425, 0, 415, -1, -1, 550, 319, 18.7, 22, , 350, -1131, 13884, 524, , 26496, 25000, 27540, 27627, 0, 
426, 1, 313, 387, -1, 234, 182, 18.0, 22, ABalpppppaa, 260, 25620, 9838, 384, , 25620, 25000, 28276, 28185, 0, 
427, 1, 344, 404, -1, 418, 158, 12.5, 27, MSaapppp, 95, 27770, 24882, 896, , 27770, 25000, 28500, 28571, 0, 
428, 1, 424, 433, -1, 189, 318, 8.1, 25, ABalaappap, 112, 30132, 20731, 688, , 30132, 25000, 28858, 28815, 0, 
429, 1, 340, 426, -1, 141, 306, 20.4, 25, ABalapppapa, 90, 27388, 22787, 832, , 27388, 25000, 27609, 27491, 0, 
430, 1, 347, 295, -1, 237, 354, 18.2, 24, ABpraapappa, 198, 27250, 17876, 656, , 27250, 25000, 28015, 28528, 0, 
431, 1, 297, 169, -1, 447, 357, 20.0, 30, Dpppp, -25, 28899, 38956, 1348, , 28899, 25000, 28250, 28225, 0, 
432, 1, 112, 402, -1, 313, 346, 6.4, 24, ABprpaaaapa, -182, 29429, 20600, 700, , 29429, 25000, 34226, 34512, 0, 
433, 1, 374, 276, -1, 217, 221, 13.0, 23, ABalpaapapa, 65, 28113, 14394, 512, , 28113, 25000, 27857, 27912, 0, 
434, 0, 393, -1, -1, 171, 145, 12.7, 22, , 47, 214, 14293, 524, , 27277, 25000, 27172, 27063, 0, 
435, 1, 210, 58, -1, 206, 158, 19.8, 24, ABalppppaad, -1, 29076, 19074, 656, , 29076, 25000, 27783, 27815, 0, 
436, 1, 201, 174, -1, 306, 131, 21.3, 24, ABplaappap, 85, 27314, 19229, 704, , 27314, 25000, 28493, 28553, 0, 
437, 1, 442, 181, -1, 171, 260, 23.8, 23, ABalapapap, -161, 27717, 14967, 540, , 27717, 25000, 27995, 27995, 0, 
438, 1, 178, 187, -1, 417, 176, 7.2, 24, ABplppppaaa, -188, 28052, 18402, 656, , 28052, 25000, 30907, 30745, 0, 
439, 1, 91, 328, -1, 196, 137, 19.9, 25, ABalpppappa, -277, 28826, 19832, 688, , 28826, 25000, 26826, 26628, 0, 
440, 1, 27, 450, -1, 359, 189, 6.9, 27, ABplpappaap, 148, 31706, 28789, 908, , 31706, 25000, 32878, 32923, 0, 
441, 1, 305, 422, -1, 186, 169, 12.9, 22, ABalppaaap, -259, 26657, 12369, 464, , 26657, 25000, 27808, 27801, 0, 
442, 1, 409, 163, -1, 391, 306, 8.8, 31, MSpapppa, 317, 29024, 42491, 1464, , 29024, 25000, 29819, 29920, 0, 
443, 1, 404, 441, -1, 301, 201, 26.4, 27, ABplaaappp, 18, 28659, 28315, 988, , 28659, 25000, 28499, 28687, 0, 
444, 1, 431, 449, -1, 303, 211, 21.0, 22, MSapppap, 110, 27177, 10436, 384, , 27177, 25000, 28198, 28244, 0, 
445, 1, 437, 232, -1, 335, 235, 22.6, 24, MSappppa, 240, 28914, 20240, 700, , 28914, 25000, 28559, 28636, 0, 
446, 1, 435, 451, -1, 173, 271, 20.0, 23, MSaaaaapa, 1229, 26713, 13677, 512, , 26713, 25000, 27488, 27481, 0, 
447, 1, 233, 442, -1, 269, 212, 14.4, 27, ABalpaaapp, -2, 27299, 26971, 988, , 27299, 25000, 27901, 28155, 0, 
448, 1, 438, 453, -1, 357, 319, 11.0, 23, MSpppapp, 111, 28125, 14400, 512, , 28125, 25000, 27944, 27999, 0, 
449, 1, 439, 454, -1, 390, 126, 21.0, 24, ABplaapppp, 836, 27028, 16433, 608, , 27028, 25000, 27672, 27859, 0, 
450, 1, 440, 455, -1, 431, 206, 24.0, 28, Dappa, 268, 27956, 31534, 1128, , 27956, 25000, 28064, 28093, 0, 
451, 1, 441, 456, -1, 349, 388, 14.0, 26, ABpraapppa, 238, 27748, 23641, 852, , 27748, 25000, 28126, 28167, 0, 
452, 1, 443, 457, -1, 182, 336, 18.0, 24, ABalappppap, 95, 28411, 17274, 608, , 28411, 25000, 27745, 28181, 0, 
453, 1, 444, 458, -1, 177, 330, 23.0, 22, ABalapppapp, 0, 28117, 10797, 384, , 28117, 25000, 27964, 28581, 0, 
