1, 1, 257, 296, -1, 205, 271, 15.9, 24, ABaraappapa, 215, 27311, 16496, 604, , 27311, 25000, 28418, 28572, 0, 
2, 1, 170, 59, 264, 479, 230, 8.1, 29, ABprpapppp, 189, 29096, 35148, 1208, , 29096, 25000, 29344, 29264, 0, 
3, 1, 264, 125, -1, 324, 229, 19.1, 24, MSaaappa, 206, 28368, 17134, 604, , 28368, 25000, 28487, 28411, 0, 
4, 1, 248, 331, -1, 430, 202, 11.7, 32, Z3, 325, 26610, 42151, 1584, , 26610, 25000, 28484, 28597, 0, 
5, 1, 302, 243, -1, 176, 341, 12.8, 25, ABalaappppp, 157, 26682, 18784, 704, , 26682, 25000, 27633, 27569, 0, 
6, 1, 373, 46, -1, 472, 333, 25.6, 35, Cpaaap, 356, 28328, 54730, 1932, , 28328, 25000, 28505, 28577, 0, 
7, 1, 308, 169, -1, 192, 139, 14.4, 29, ABalpppaaa, 257, 26360, 30472, 1156, , 26360, 25000, 27357, 27298, 0, 
8, 1, 284, 16, -1, 375, 402, 14.6, 25, ABprapaapa, 236, 26321, 21899, 832, , 26321, 25000, 28343, 28414, 0, 
9, 1, 234, 436, -1, 185, 300, 23.8, 28, ABarpaaapa, 255, 26902, 28301, 1052, , 26902, 25000, 28289, 28366, 0, 
10, 1, 6, 136, -1, 317, 347, 13.0, 24, MSppppaa, 220, 26840, 16319, 608, , 26840, 25000, 27985, 27983, 0, 
11, 1, 139, 289, -1, 589, 221, 19.1, 33, Cpapap, 307, 27137, 47109, 1736, , 27137, 25000, 28589, 28566, 0, 
12, 1, 200, 152, -1, 256, 147, 10.8, 25, ABalppapppa, 222, 27918, 19654, 704, , 27918, 25000, 28743, 28723, 0, 
13, 1, 7, 144, -1, 327, 370, 19.9, 29, ABprapaaaa, 203, 27924, 33732, 1208, , 27924, 25000, 27946, 27988, 0, 
14, 1, 226, 259, -1, 374, 103, 15.8, 26, ABplppapaaa, 184, 26196, 20852, 796, , 26196, 25000, 27705, 27667, 0, 
15, 1, 314, 324, -1, 465, 123, 21.4, 28, ABplappaap, 272, 27350, 27022, 988, , 27350, 25000, 27627, 27610, 0, 
16, 1, 18, 153, -1, 582, 274, 12.0, 27, ABprapappp, 260, 28075, 28973, 1032, , 28075, 25000, 28663, 28666, 0, 
17, 0, 391, -1, -1, 215, 294, 25.8, 24, , 239, -1109, 18247, 656, , 27816, 25000, 28906, 28925, 0, 
18, 1, 288, 18, -1, 226, 345, 22.0, 26, ABarpapaapp, 221, 28245, 24065, 852, , 28245, 25000, 28208, 28244, 0, 
19, 1, 342, 321, -1, 576, 199, 13.4, 27, Caappd, 204, 27288, 26961, 988, , 27288, 25000, 27625, 27635, 0, 
20, 1, 191, 82, -1, 265, 344, 25.5, 31, ABarpapapp, 287, 28600, 35235, 1232, , 28600, 25000, 28565, 28592, 0, 
21, 1, 356, 286, -1, 415, 242, 18.4, 31, Ealap, 308, 27853, 37100, 1332, , 27853, 25000, 28857, 28855, 0, 
22, 1, 81, 140, -1, 147, 279, 22.2, 26, ABarpaaaaa, 264, 28347, 22564, 796, , 28347, 25000, 27703, 27684, 0, 
23, 1, 58, 403, -1, 453, 351, 13.6, 30, Cppaaa, 297, 27973, 32337, 1156, , 27973, 25000, 28327, 28365, 0, 
24, 1, 261, 273, -1, 255, 281, 14.2, 26, ABaraapppaa, 199, 27847, 22166, 796, , 27847, 25000, 27814, 27851, 0, 
25, 1, 258, 332, -1, 185, 231, 17.0, 26, ABaraapaapa, 218, 27594, 23510, 852, , 27594, 25000, 28062, 28198, 0, 
26, 0, 367, -1, -1, 154, 165, 12.4, 24, , 204, 478, 19522, 700, , 27889, 25000, 27544, 27411, 0, 
27, 1, 37, 335, -1, 433, 393, 12.3, 26, ABprapaapp, 530, 26814, 22953, 856, , 26814, 25000, 27960, 27920, 0, 
28, 1, 97, 200, -1, 549, 300, 9.7, 25, ABprapppaa, 94, 28365, 21671, 764, , 28365, 25000, 28123, 28148, 0, 
29, 1, 294, 314, -1, 245, 167, 24.2, 26, ABplaapappp, 225, 28613, 22776, 796, , 28613, 25000, 28512, 28482, 0, 
30, 1, 141, 89, -1, 235, 233, 6.4, 26, ABarapaaap, 429, 35252, 29330, 832, , 35252, 25000, 33278, 33440, 0, 
31, 1, 146, 116, -1, 234, 264, 11.1, 27, ABarapaapa, -127, 27205, 24702, 908, , 27205, 25000, 27886, 28021, 0, 
32, 1, 310, 328, -1, 331, 179, 21.9, 26, ABplapaaapa, 210, 28478, 22782, 800, , 28478, 25000, 29014, 28975, 0, 
33, 1, 334, 107, 462, 275, 154, 8.2, 31, ABalppapap, 177, 29043, 42519, 1464, , 29043, 25000, 30616, 30574, 0, 
34, 1, 387, 186, -1, 505, 244, 18.5, 22, Eplap, 148, 27324, 13990, 512, , 27324, 25000, 29063, 29105, 0, 
35, 1, 108, 310, -1, 407, 271, 13.8, 31, Earpa, 304, 28678, 41984, 1464, , 28678, 25000, 30069, 30007, 0, 
36, 1, 112, 385, -1, 261, 287, 5.2, 28, ABarapppap, 182, 36846, 38762, 1052, , 36846, 25000, 34433, 34194, 0, 
37, 1, 42, 372, -1, 572, 177, 9.9, 24, Caappv, 212, 29377, 17744, 604, , 29377, 25000, 28665, 28632, 0, 
38, 1, 335, 12, -1, 395, 222, 15.0, 31, Ealpa, 453, 28909, 45676, 1580, , 28909, 25000, 29324, 29353, 0, 
39, 1, 307, 128, -1, 144, 246, 13.4, 25, ABaraaaapa, 196, 27524, 22900, 832, , 27524, 25000, 27931, 27786, 0, 
40, 1, 111, 311, -1, 456, 146, 6.8, 26, ABplppppapa, 228, 32113, 25562, 796, , 32113, 25000, 33152, 33525, 0, 
41, 1, 116, 48, -1, 414, 147, 9.6, 26, ABplppaapp, 219, 27999, 23295, 832, , 27999, 25000, 27923, 27952, 0, 
42, 1, 406, 204, -1, 244, 134, 18.9, 23, ABalpppapad, 235, 28230, 14002, 496, , 28230, 25000, 27903, 27941, 0, 
43, 1, 348, 227, -1, 551, 212, 10.4, 30, Caapa, 291, 27358, 31626, 1156, , 27358, 25000, 28580, 28634, 0, 
44, 1, 148, 52, -1, 425, 388, 21.2, 29, ABarpppapp, 240, 27621, 30714, 1112, , 27621, 25000, 28095, 28090, 0, 
45, 1, 23, 315, -1, 308, 254, 20.8, 29, MSaaaapp, 208, 27555, 30641, 1112, , 27555, 25000, 27896, 28014, 0, 
46, 1, 393, 199, -1, 402, 325, 25.3, 33, Cpaaaa, 335, 27706, 48098, 1736, , 27706, 25000, 28495, 28607, 0, 
47, 1, 252, 356, -1, 278, 244, 7.4, 24, ABarapapapa, 225, 28283, 19798, 700, , 28283, 25000, 31459, 31024, 0, 
48, 1, 115, 241, -1, 276, 174, 23.0, 25, ABalppppppp, 249, 27242, 20813, 764, , 27242, 25000, 28569, 28486, 0, 
49, 1, 47, 5, -1, 198, 304, 20.2, 28, MSpaaaaa, 255, 28138, 29601, 1052, , 28138, 25000, 28445, 28540, 0, 
50, 1, 321, 268, 418, 367, 279, 6.0, 25, ABprpapapa, 141, 32419, 24768, 764, , 32419, 25000, 33687, 33674, 0, 
51, 1, 256, 194, -1, 133, 212, 19.2, 26, ABalapaaaa, 237, 28612, 22775, 796, , 28612, 25000, 27138, 27227, 0, 
52, 1, 134, 342, -1, 238, 342, 15.9, 29, ABpraapapa, 328, 26601, 32134, 1208, , 26601, 25000, 27885, 28112, 0, 
53, 1, 96, 117, -1, 245, 127, 16.2, 28, ABplpaaapa, 62, 27315, 28735, 1052, , 27315, 25000, 27728, 27595, 0, 
54, 1, 25, 417, -1, 556, 220, 7.4, 29, ABprpppppp, 220, 29344, 33922, 1156, , 29344, 25000, 31756, 32000, 0, 
55, 1, 82, 237, -1, 515, 119, 18.9, 27, ABplapapap, -60, 27361, 24844, 908, , 27361, 25000, 28580, 28623, 0, 
56, 1, 157, 187, -1, 253, 205, 4.8, 28, ABalpapaap, 255, 38319, 40312, 1052, , 38319, 25000, 38088, 38440, 0, 
57, 1, 245, 251, -1, 187, 134, 18.0, 29, ABalpppaap, 78, 27757, 34085, 1228, , 27757, 25000, 27213, 27220, 0, 
58, 1, 435, 88, -1, 206, 151, 20.0, 23, ABalppppaad, -20, 27576, 14119, 512, , 27576, 25000, 27676, 27843, 0, 
59, 0, 90, -1, -1, 219, 129, 12.7, 24, , 51, 495, 19502, 704, , 27702, 25000, 27132, 27207, 0, 
60, 1, 175, 416, 439, 222, 159, 11.6, 27, ABalppappa, -120, 26521, 26203, 988, , 26521, 25000, 27922, 28024, 0, 
61, 1, 41, 175, -1, 482, 114, 18.4, 28, ABplappapp, 254, 28274, 27935, 988, , 28274, 25000, 28222, 28261, 0, 
62, 1, 10, 402, -1, 223, 186, 23.1, 23, ABplaapappa, -291, 28790, 14280, 496, , 28790, 25000, 29144, 29275, 0, 
63, 0, 230, -1, -1, 167, 328, 9.2, 24, , -22, 2170, 19687, 656, , 30011, 25000, 27855, 27841, 0, 
64, 1, 98, 103, -1, 334, 260, 13.8, 24, MSpapaapa, 238, 38902, 25520, 656, , 38902, 25000, 31420, 30973, 0, 
65, 1, 3, 212, -1, 169, 357, 18.1, 26, ABpraapaapa, 375, 26883, 21506, 800, , 26883, 25000, 27137, 27117, 0, 
66, 1, 382, 158, -1, 211, 162, 22.7, 25, ABalppppapp, 206, 27208, 20787, 764, , 27208, 25000, 28351, 28205, 0, 
67, 1, 209, 31, -1, 505, 302, 9.3, 28, Cppapp, -311, 27734, 29509, 1064, , 27734, 25000, 28848, 28894, 0, 
68, 1, 140, 302, -1, 252, 247, 9.4, 28, ABarapapaa, 206, 27372, 27044, 988, , 27372, 25000, 28383, 28489, 0, 
69, 1, 94, 298, -1, 270, 206, 12.3, 28, ABalpapppa, 192, 26623, 28327, 1064, , 26623, 25000, 28140, 27866, 0, 
70, 1, 424, 279, -1, 248, 127, 12.1, 29, ABalppaapp, 250, 26863, 32450, 1208, , 26863, 25000, 27388, 27355, 0, 
71, 1, 210, 207, -1, 450, 136, 9.5, 29, ABplpppaaa, 211, 28314, 30579, 1080, , 28314, 25000, 28429, 28429, 0, 
72, 1, 32, 224, -1, 236, 260, 5.4, 26, ABarappaaa, 225, 35195, 29282, 832, , 35195, 25000, 36060, 35777, 0, 
73, 1, 79, 110, -1, 193, 347, 10.6, 25, ABpraaaaap, 180, 27659, 23012, 832, , 27659, 25000, 27375, 27375, 0, 
74, 1, 297, 261, -1, 191, 160, 10.4, 26, ABalaaaalp, 239, 28246, 23501, 832, , 28246, 25000, 27901, 28084, 0, 
75, 1, 19, 361, -1, 242, 165, 16.7, 32, ABplpaapaa, 382, 27144, 42996, 1584, , 27144, 25000, 27991, 28160, 0, 
76, 1, 14, 171, -1, 540, 257, 24.4, 32, Caaapa, 277, 27342, 40575, 1484, , 27342, 25000, 28092, 28202, 0, 
77, 1, 65, 113, -1, 402, 124, 12.9, 26, ABplppappa, 69, 27466, 21973, 800, , 27466, 25000, 27830, 27736, 0, 
78, 1, 24, 234, -1, 262, 277, 22.0, 26, MSaaaapap, 225, 28127, 23964, 852, , 28127, 25000, 28475, 28552, 0, 
79, 1, 34, 73, -1, 524, 374, 11.8, 26, ABprappapp, -68, 27813, 22139, 796, , 27813, 25000, 27477, 27506, 0, 
80, 1, 316, 415, -1, 435, 291, 19.5, 33, Epraa, 198, 27752, 45069, 1624, , 27752, 25000, 28498, 28642, 0, 
81, 1, 142, 32, -1, 183, 281, 17.1, 27, ABaraappaa, 178, 27747, 25194, 908, , 27747, 25000, 28048, 28043, 0, 
82, 1, 389, 196, -1, 312, 161, 22.0, 26, ABplpaappap, 191, 28931, 24649, 852, , 28931, 25000, 28304, 28306, 0, 
83, 1, 357, 105, -1, 481, 188, 9.6, 27, ABplpppppa, 370, 27508, 27178, 988, , 27508, 25000, 28572, 28560, 0, 
84, 1, 347, 400, -1, 328, 373, 23.3, 29, ABarpppaaa, 241, 29164, 31147, 1068, , 29164, 25000, 27709, 27853, 0, 
85, 1, 127, 56, -1, 440, 124, 19.5, 29, ABplappaaa, 227, 27308, 29493, 1080, , 27308, 25000, 28100, 28181, 0, 
86, 1, 330, 408, -1, 191, 216, 24.9, 27, ABalapappp, 206, 27781, 25225, 908, , 27781, 25000, 28402, 28345, 0, 
87, 1, 201, 278, -1, 543, 257, 10.3, 30, Cppppp, 209, 26869, 35145, 1308, , 26869, 25000, 28692, 28683, 0, 
88, 1, 149, 92, -1, 228, 217, 23.1, 27, MSapappa, 219, 28447, 25830, 908, , 28447, 25000, 27868, 27915, 0, 
89, 1, 89, 235, -1, 438, 119, 14.6, 28, ABplppapap, 218, 27251, 26924, 988, , 27251, 25000, 27743, 27862, 0, 
90, 1, 315, 341, -1, 210, 286, 9.6, 25, MSppaaaa, 236, 27653, 23007, 832, , 27653, 25000, 27944, 28003, 0, 
91, 1, 74, 44, -1, 521, 116, 14.5, 30, ABplapappa, 292, 27326, 33666, 1232, , 27326, 25000, 27901, 28080, 0, 
92, 1, 329, 267, -1, 400, 238, 6.8, 25, ABprpapppap, 172, 31936, 22483, 704, , 31936, 25000, 31834, 31866, 0, 
93, 1, 83, 161, -1, 143, 190, 11.7, 25, ABalaaaala, 239, 26626, 20342, 764, , 26626, 25000, 27499, 27551, 0, 
94, 1, 244, 142, -1, 335, 295, 16.3, 25, MSpaapapp, 208, 29408, 22468, 764, , 29408, 25000, 28801, 28752, 0, 
95, 1, 172, 297, -1, 186, 172, 15.9, 25, ABalapaapa, 12, 27100, 18645, 688, , 27100, 25000, 27484, 27648, 0, 
96, 1, 176, 25, -1, 138, 296, 10.7, 28, ABalaaappr, 283, 26776, 28490, 1064, , 26776, 25000, 27472, 27391, 0, 
97, 1, 88, 219, -1, 476, 273, 5.5, 24, ABprppppapa, 191, 36710, 28193, 768, , 36710, 25000, 33982, 33716, 0, 
98, 1, 55, 303, -1, 295, 220, 15.5, 27, ABaraapapp, 244, 27417, 24566, 896, , 27417, 25000, 29372, 29557, 0, 
99, 1, 359, 277, -1, 401, 388, 11.9, 29, ABpraapppp, 205, 27361, 33052, 1208, , 27361, 25000, 28223, 28210, 0, 
100, 1, 287, 288, -1, 546, 191, 20.6, 30, Capppa, 289, 27984, 32350, 1156, , 27984, 25000, 28010, 28037, 0, 
101, 1, 281, 151, -1, 531, 363, 18.7, 29, ABarpppppa, 239, 27699, 29582, 1068, , 27699, 25000, 27902, 27874, 0, 
102, 1, 30, 81, -1, 150, 260, 17.6, 28, MSaaaaaa, 213, 27641, 27309, 988, , 27641, 25000, 27969, 27970, 0, 
103, 1, 46, 119, -1, 549, 353, 11.5, 27, ABprapapap, 258, 27867, 24969, 896, , 27867, 25000, 27564, 27533, 0, 
104, 1, 177, 225, -1, 311, 344, 8.9, 25, ABprpaaappp, 198, 28352, 19506, 688, , 28352, 25000, 29133, 29093, 0, 
105, 1, 121, 294, -1, 175, 243, 8.1, 25, ABaraaappa, 255, 28145, 19364, 688, , 28145, 25000, 29138, 29191, 0, 
106, 1, 222, 410, -1, 241, 152, 14.4, 26, ABplpaaaaa, 52, 28025, 23317, 832, , 28025, 25000, 27565, 27869, 0, 
107, 1, 291, 319, -1, 197, 249, 10.2, 26, ABaraaaaap, -4, 28015, 22300, 796, , 28015, 25000, 28864, 28910, 0, 
108, 1, 268, 282, -1, 186, 224, 11.7, 26, ABaraaaaaa, 251, 27467, 23512, 856, , 27467, 25000, 27947, 28109, 0, 
109, 1, 99, 306, -1, 216, 241, 18.8, 26, ABaraapaapp, 235, 27910, 22216, 796, , 27910, 25000, 27896, 27929, 0, 
110, 1, 179, 94, -1, 309, 248, 8.9, 25, ABarapapppa, 124, 28346, 19502, 688, , 28346, 25000, 29093, 29154, 0, 
111, 1, 150, 148, -1, 287, 275, 5.8, 24, ABarappapaa, 190, 37776, 24781, 656, , 37776, 25000, 35373, 35144, 0, 
112, 1, 229, 100, -1, 547, 131, 17.7, 26, ABarppappp, 266, 27058, 23162, 856, , 27058, 25000, 27899, 27799, 0, 
113, 1, 61, 349, -1, 207, 260, 22.2, 25, MSaaaaapp, 208, 25903, 18236, 704, , 25903, 25000, 28062, 27837, 0, 
114, 1, 13, 172, -1, 410, 360, 7.5, 28, ABprppapaa, 184, 29558, 31923, 1080, , 29558, 25000, 30152, 30162, 0, 
115, 1, 399, 250, -1, 455, 265, 21.4, 34, Eplaa, 318, 28033, 49899, 1780, , 28033, 25000, 28849, 28900, 0, 
116, 1, 178, 120, -1, 282, 341, 15.2, 26, ABpraaapppa, 222, 27557, 21935, 796, , 27557, 25000, 28159, 28022, 0, 
117, 1, 266, 438, -1, 280, 305, 6.1, 24, ABarapppppa, 187, 33836, 20437, 604, , 33836, 25000, 33869, 33205, 0, 
118, 1, 401, 205, -1, 280, 256, 18.1, 23, MSaaapapa, 202, 28609, 14190, 496, , 28609, 25000, 27762, 27867, 0, 
119, 1, 162, 34, -1, 458, 345, 7.6, 25, ABprppapap, 138, 28674, 23857, 832, , 28674, 25000, 29205, 29195, 0, 
120, 1, 69, 380, -1, 171, 249, 16.5, 30, ABaraapaaa, 239, 27041, 33314, 1232, , 27041, 25000, 27619, 27796, 0, 
121, 1, 122, 343, -1, 128, 234, 16.6, 27, ABalaaapar, 124, 26913, 26590, 988, , 26913, 25000, 27073, 27002, 0, 
122, 1, 279, 38, -1, 383, 208, 10.2, 26, MSaappap, 233, 28289, 22518, 796, , 28289, 25000, 29039, 29160, 0, 
123, 1, 100, 65, -1, 151, 182, 20.8, 29, ABalapaaap, 226, 27938, 31067, 1112, , 27938, 25000, 27448, 27401, 0, 
124, 1, 349, 440, -1, 488, 188, 22.7, 31, Cappaa, 317, 27815, 38051, 1368, , 27815, 25000, 28090, 28113, 0, 
125, 1, 118, 255, -1, 147, 341, 20.2, 29, ABpraapaaa, 262, 27069, 30101, 1112, , 27069, 25000, 27311, 27370, 0, 
126, 1, 392, 370, -1, 463, 246, 17.4, 32, Ealpp, 328, 28020, 41581, 1484, , 28020, 25000, 28608, 28616, 0, 
127, 1, 199, 213, -1, 342, 250, 8.2, 27, ABarapapppp, 264, 27775, 24109, 868, , 27775, 25000, 29798, 29341, 0, 
128, 1, 147, 17, -1, 146, 219, 24.2, 29, ABplaapaaa, -8, 27674, 30773, 1112, , 27674, 25000, 28239, 28162, 0, 
129, 1, 421, 190, -1, 293, 161, 17.7, 25, MSapppaa, 203, 27798, 21238, 764, , 27798, 25000, 28360, 28427, 0, 
130, 1, 220, 228, -1, 477, 303, 5.6, 27, ABprpppaaa, 259, 34835, 34417, 988, , 34835, 25000, 33589, 33804, 0, 
131, 1, 77, 78, -1, 371, 139, 11.9, 26, ABplppaapa, 31, 27554, 22043, 800, , 27554, 25000, 27646, 27673, 0, 
132, 1, 186, 147, 182, 361, 210, 13.4, 31, MSaapapp, 219, 29889, 39812, 1332, , 29889, 25000, 29416, 29348, 0, 
133, 1, 283, 61, -1, 339, 341, 15.5, 27, Dpaaa, 210, 27994, 25083, 896, , 27994, 25000, 28404, 28474, 0, 
134, 0, 16, -1, -1, 85, 261, 16.0, 27, , 457, 3864, 31295, 1032, , 30325, 25000, 26461, 26461, 0, 
135, 1, 185, 424, -1, 245, 324, 26.4, 29, ABarpaapaa, 123, 27858, 32204, 1156, , 27858, 25000, 28799, 28843, 0, 
136, 1, 362, 455, -1, 252, 340, 5.1, 22, ABalaapapp, 385, 41427, 19222, 464, , 41427, 25000, 40179, 40497, 0, 
137, 1, 27, 6, -1, 351, 384, 16.9, 31, ABprapaaap, 106, 28834, 42674, 1480, , 28834, 25000, 28215, 28221, 0, 
138, 1, 320, 127, -1, 430, 374, 15.6, 27, Dppap, 254, 28055, 27718, 988, , 28055, 25000, 28916, 28962, 0, 
139, 1, 214, 166, -1, 266, 368, 17.1, 26, ABpraapappp, 161, 27065, 21652, 800, , 27065, 25000, 28192, 28348, 0, 
140, 1, 420, 62, -1, 345, 196, 26.5, 29, ABarppaaap, 258, 27981, 30219, 1080, , 27981, 25000, 28862, 28887, 0, 
141, 1, 322, 209, -1, 307, 159, 9.9, 27, ABplpapaaa, 244, 29014, 26345, 908, , 29014, 25000, 29073, 29154, 0, 
142, 1, 151, 176, -1, 315, 207, 24.2, 31, ABplapaaaa, 302, 27404, 40119, 1464, , 27404, 25000, 28190, 28143, 0, 
143, 1, 184, 198, -1, 186, 244, 26.9, 29, ABplaaaaaa, -44, 27030, 32652, 1208, , 27030, 25000, 28664, 28739, 0, 
144, 1, 361, 115, 394, 131, 291, 17.4, 28, ABalapppaa, -57, 27033, 26709, 988, , 27033, 25000, 27131, 27083, 0, 
145, 1, 405, 359, -1, 388, 227, 23.8, 29, MSappppp, 219, 28121, 31271, 1112, , 28121, 25000, 28646, 28656, 0, 
146, 1, 304, 242, -1, 440, 270, 9.7, 31, Z2, 183, 27906, 38175, 1368, , 27906, 25000, 28867, 28901, 0, 
147, 1, 324, 384, -1, 161, 348, 14.7, 28, ABalappapp, 281, 26809, 28525, 1064, , 26809, 25000, 27049, 27101, 0, 
148, 1, 129, 260, -1, 306, 126, 17.3, 26, ABplpaappp, 209, 27103, 23200, 856, , 27103, 25000, 28038, 28334, 0, 
149, 0, 173, -1, -1, 337, 322, 11.9, 22, , 178, 690, 13374, 464, , 28823, 25000, 27936, 28133, 0, 
150, 1, 237, 72, -1, 364, 132, 21.7, 27, ABplapaapa, 57, 27688, 25584, 924, , 27688, 25000, 27846, 27985, 0, 
151, 1, 54, 96, -1, 241, 268, 17.3, 26, ABaraappapp, 249, 27839, 23830, 856, , 27839, 25000, 28273, 28242, 0, 
152, 1, 50, 375, -1, 135, 285, 13.9, 27, ABalaaappl, 238, 26485, 24048, 908, , 26485, 25000, 27871, 27821, 0, 
153, 1, 327, 265, -1, 272, 195, 20.5, 26, ABalppppppa, 33, 27589, 24720, 896, , 27589, 25000, 28242, 28278, 0, 
154, 1, 105, 236, -1, 180, 285, 26.5, 29, ABarpaaaap, -225, 28584, 30871, 1080, , 28584, 25000, 28689, 28760, 0, 
155, 1, 224, 291, -1, 509, 170, 15.6, 28, Cappap, 275, 27901, 27566, 988, , 27901, 25000, 28487, 28570, 0, 
156, 1, 285, 232, -1, 175, 290, 7.1, 26, ABalaapaap, 219, 30566, 24453, 800, , 30566, 25000, 33612, 33862, 0, 
157, 1, 180, 13, -1, 597, 239, 14.4, 30, Cpappd, 292, 27607, 31914, 1156, , 27607, 25000, 28491, 28491, 0, 
158, 1, 128, 80, -1, 481, 261, 12.7, 31, Eprpp, 310, 26811, 36677, 1368, , 26811, 25000, 28615, 28602, 0, 
159, 1, 60, 354, -1, 383, 312, 6.8, 27, ABprppaapa, 272, 30026, 26063, 868, , 30026, 25000, 32231, 32247, 0, 
160, 1, 290, 344, -1, 314, 230, 6.8, 24, ABarapapapp, 199, 30995, 20333, 656, , 30995, 25000, 31770, 31927, 0, 
161, 1, 4, 271, -1, 325, 126, 9.8, 28, ABalpapapp, 197, 27219, 28634, 1052, , 27219, 25000, 27903, 27948, 0, 
162, 1, 311, 429, -1, 522, 187, 11.3, 26, Capppp, 287, 26825, 22962, 856, , 26825, 25000, 28334, 28416, 0, 
163, 1, 442, 184, -1, 397, 306, 9.3, 28, MSpapppa, 244, 27806, 29586, 1064, , 27806, 25000, 29201, 29260, 0, 
164, 1, 73, 263, -1, 378, 251, 20.2, 33, Ealaa, 182, 28154, 49101, 1744, , 28154, 25000, 28828, 28874, 0, 
165, 1, 167, 173, -1, 246, 297, 7.5, 23, ABarappppap, 163, 28516, 18022, 632, , 28516, 25000, 29832, 29994, 0, 
166, 1, 332, 350, -1, 155, 313, 15.4, 28, ABalappapa, 282, 27065, 26740, 988, , 27065, 25000, 27531, 27406, 0, 
167, 1, 236, 50, -1, 173, 300, 10.7, 27, ABalaapppa, 323, 27767, 25657, 924, , 27767, 25000, 27675, 27695, 0, 
168, 1, 131, 40, 444, 500, 130, 9.0, 29, ABplpppaap, 192, 28220, 34654, 1228, , 28220, 25000, 28784, 28795, 0, 
169, 1, 431, 114, -1, 446, 357, 20.1, 30, Dpppp, 231, 27173, 36847, 1356, , 27173, 25000, 28147, 28174, 0, 
170, 1, 130, 165, -1, 452, 167, 14.2, 29, Capaap, 295, 27495, 30574, 1112, , 27495, 25000, 28303, 28225, 0, 
171, 1, 358, 248, -1, 265, 340, 20.4, 26, MSppappp, 258, 27567, 22936, 832, , 27567, 25000, 28810, 28820, 0, 
172, 1, 40, 378, -1, 296, 313, 25.5, 31, ABarpaapap, 299, 28380, 34964, 1232, , 28380, 25000, 28964, 28967, 0, 
173, 1, 93, 422, -1, 289, 324, 10.7, 25, MSppapap, 200, 27450, 20972, 764, , 27450, 25000, 28203, 28277, 0, 
174, 1, 436, 280, -1, 314, 124, 20.3, 30, ABplaappap, 269, 27458, 35915, 1308, , 27458, 25000, 27853, 28109, 0, 
175, 1, 91, 19, -1, 286, 262, 10.3, 28, ABarapappa, -192, 27364, 29115, 1064, , 27364, 25000, 28401, 28250, 0, 
176, 1, 166, 322, -1, 430, 328, 6.2, 26, ABprppappa, 262, 32827, 26130, 796, , 32827, 25000, 31688, 31710, 0, 
177, 1, 364, 133, -1, 548, 149, 10.5, 26, ABplappppp, 51, 28011, 25098, 896, , 28011, 25000, 28625, 28596, 0, 
178, 1, 190, 75, -1, 323, 142, 15.8, 24, ABplppaaaaa, 166, 28430, 18650, 656, , 28430, 25000, 27116, 26988, 0, 
179, 1, 242, 283, -1, 386, 184, 25.7, 28, ABarppapaa, 204, 28470, 30292, 1064, , 28470, 25000, 28241, 28204, 0, 
180, 1, 39, 327, -1, 134, 215, 13.1, 26, ABalaaaarl, 76, 29285, 23428, 800, , 29285, 25000, 26940, 26975, 0, 
181, 1, 437, 412, 443, 174, 260, 24.0, 25, ABalapapap, 201, 27853, 21280, 764, , 27853, 25000, 27783, 27806, 0, 
182, 0, 174, -1, -1, 295, 300, 9.7, 23, , 18, -868, 16434, 592, , 27760, 25000, 28565, 28628, 0, 
183, 1, 227, 181, -1, 352, 319, 5.3, 31, ABarappapp, 306, 36601, 50070, 1368, , 36601, 25000, 34773, 35862, 0, 
184, 1, 158, 162, 454, 397, 178, 7.5, 29, ABplpapapp, 210, 27906, 30139, 1080, , 27906, 25000, 30885, 31029, 0, 
185, 1, 20, 174, -1, 278, 240, 4.8, 27, ABarappaap, 276, 35817, 31089, 868, , 35817, 25000, 35463, 35954, 0, 
186, 1, 375, 276, -1, 312, 109, 13.1, 26, ABplpaaaapa, 221, 26725, 21380, 800, , 26725, 25000, 28006, 28122, 0, 
187, 1, 438, 364, -1, 424, 176, 7.0, 24, ABplppppaaa, 186, 30413, 18491, 608, , 30413, 25000, 31536, 31930, 0, 
188, 0, 388, -1, -1, 508, 182, 5.6, 24, , 188, 2139, 29512, 700, , 42160, 25000, 38581, 40021, 0, 
189, 1, 412, 43, -1, 271, 193, 17.4, 25, MSapapaa, 230, 29353, 24422, 832, , 29353, 25000, 28508, 28522, 0, 
190, 1, 31, 64, -1, 447, 311, 9.0, 26, MSpapppp, 240, 28184, 24013, 852, , 28184, 25000, 28453, 28469, 0, 
191, 1, 243, 22, -1, 175, 211, 7.8, 25, ABalpaappa, 239, 28082, 19770, 704, , 28082, 25000, 31455, 31614, 0, 
192, 1, 376, 441, -1, 304, 134, 14.4, 27, ABplpaaappp, 143, 27473, 27143, 988, , 27473, 25000, 27873, 27857, 0, 
193, 1, 195, 337, -1, 321, 144, 12.5, 27, ABplpapaap, 215, 26099, 23385, 896, , 26099, 25000, 28132, 28276, 0, 
194, 1, 124, 51, -1, 350, 113, 11.9, 23, ABplpaaaapp, 272, 26583, 13185, 496, , 26583, 25000, 27549, 27589, 0, 
195, 1, 319, 353, -1, 436, 242, 8.2, 25, MSpappap, 222, 27446, 19322, 704, , 27446, 25000, 28984, 29149, 0, 
196, 1, 109, 266, -1, 208, 332, 8.3, 28, ABpraaaaaa, -276, 29208, 31077, 1064, , 29208, 25000, 29604, 29734, 0, 
197, 1, 415, 222, -1, 280, 336, 6.3, 25, ABprpaaappa, -150, 31702, 24220, 764, , 31702, 25000, 35161, 35341, 0, 
198, 1, 328, 157, -1, 256, 389, 19.1, 27, ABarpappap, 220, 26930, 24452, 908, , 26930, 25000, 27928, 28003, 0, 
199, 1, 343, 202, 383, 547, 179, 7.7, 28, ABplpppppp, 245, 28965, 30819, 1064, , 28965, 25000, 30962, 31008, 0, 
200, 1, 241, 134, -1, 464, 390, 12.6, 25, ABprappaaa, 142, 29064, 24181, 832, , 29064, 25000, 27173, 27254, 0, 
201, 1, 132, 274, -1, 289, 391, 19.5, 27, ABarpapppa, 262, 27758, 24871, 896, , 27758, 25000, 27717, 27730, 0, 
202, 1, 85, 55, -1, 428, 198, 9.4, 26, MSpappaa, 268, 27728, 23070, 832, , 27728, 25000, 28913, 29414, 0, 
203, 1, 272, 146, -1, 342, 260, 10.9, 28, MSpapaaap, 256, 34028, 37022, 1088, , 34028, 25000, 30900, 30369, 0, 
204, 1, 104, 106, -1, 583, 313, 13.3, 28, ABarpppppp, 271, 27071, 28804, 1064, , 27071, 25000, 28497, 28431, 0, 
205, 1, 360, 256, -1, 272, 230, 16.7, 24, ABaraapapap, 178, 27818, 19584, 704, , 27818, 25000, 27723, 27883, 0, 
206, 1, 169, 135, -1, 268, 358, 7.8, 27, ABprpaaapa, 36, 28774, 24976, 868, , 28774, 25000, 30176, 30297, 0, 
207, 1, 101, 87, -1, 146, 270, 8.3, 26, ABalaapaaa, 59, 28168, 24112, 856, , 28168, 25000, 29020, 29124, 0, 
208, 1, 183, 123, -1, 571, 337, 16.9, 29, ABprapapaa, 112, 27818, 33604, 1208, , 27818, 25000, 27703, 27716, 0, 
209, 1, 164, 329, -1, 286, 170, 13.7, 26, MSapapap, 220, 28022, 23987, 856, , 28022, 25000, 28418, 28438, 0, 
210, 0, 215, -1, -1, 368, 384, 10.4, 23, , 78, 1472, 19157, 640, , 29933, 25000, 28443, 28461, 0, 
211, 1, 355, 346, -1, 215, 336, 18.1, 26, MSppappa, 222, 27308, 21846, 800, , 27308, 25000, 27901, 27874, 0, 
212, 1, 161, 68, -1, 222, 246, 25.9, 27, ABplaaaaapp, 210, 27503, 24973, 908, , 27503, 25000, 28092, 28156, 0, 
213, 1, 113, 430, -1, 198, 354, 15.2, 27, ABpraaapap, 86, 27160, 23575, 868, , 27160, 25000, 27614, 27657, 0, 
214, 1, 144, 231, -1, 306, 280, 13.2, 26, ABaraapppp, 253, 28572, 22743, 796, , 28572, 25000, 28312, 28297, 0, 
215, 1, 1, 122, -1, 181, 266, 6.2, 26, ABaraaappp, 230, 35427, 28200, 796, , 35427, 25000, 37292, 38082, 0, 
216, 1, 274, 203, -1, 276, 160, 20.3, 23, ABplpaappaa, 158, 29145, 17254, 592, , 29145, 25000, 27966, 28019, 0, 
217, 1, 253, 326, -1, 483, 149, 6.2, 24, ABplpppapaa, 210, 32971, 21629, 656, , 32971, 25000, 35769, 35993, 0, 
218, 1, 380, 67, -1, 345, 223, 16.0, 28, MSaapapa, 263, 33809, 38136, 1128, , 33809, 25000, 31038, 30862, 0, 
219, 1, 137, 109, -1, 527, 148, 14.0, 25, ABplapppaa, 307, 27539, 21040, 764, , 27539, 25000, 27342, 27198, 0, 
220, 1, 114, 42, -1, 250, 302, 19.9, 25, MSpaaaapp, 202, 28593, 19672, 688, , 28593, 25000, 28271, 28327, 0, 
221, 1, 262, 365, -1, 298, 289, 20.7, 29, MSpaaapa, -28, 27402, 29265, 1068, , 27402, 25000, 27834, 27926, 0, 
222, 1, 203, 453, -1, 183, 212, 21.9, 23, ABalapappap, 206, 27230, 13506, 496, , 27230, 25000, 28628, 28729, 0, 
223, 1, 70, 47, -1, 227, 355, 10.4, 27, ABpraaaapa, 112, 27499, 27169, 988, , 27499, 25000, 27352, 27489, 0, 
224, 1, 254, 69, -1, 232, 191, 20.5, 31, ABplaapapa, 78, 27413, 33773, 1232, , 27413, 25000, 28296, 28093, 0, 
225, 1, 300, 23, -1, 348, 166, 18.5, 26, Daapa, 212, 28049, 25132, 896, , 28049, 25000, 28963, 28996, 0, 
226, 1, 309, 363, -1, 379, 249, 11.1, 28, MSpapapp, 210, 30496, 33180, 1088, , 30496, 25000, 31131, 31001, 0, 
227, 1, 306, 178, -1, 425, 326, 12.3, 26, MSpppaap, 233, 27485, 23527, 856, , 27485, 25000, 29173, 29208, 0, 
228, 1, 22, 54, -1, 555, 330, 8.8, 26, ABprapappa, 237, 27587, 21959, 796, , 27587, 25000, 27955, 27928, 0, 
229, 1, 298, 419, -1, 370, 364, 25.4, 33, ABarpppapa, 290, 28583, 46876, 1640, , 28583, 25000, 28587, 28584, 0, 
230, 1, 325, 164, -1, 490, 267, 9.0, 29, ABprpppppa, 67, 27316, 33544, 1228, , 27316, 25000, 28584, 28644, 0, 
231, 1, 395, 71, -1, 324, 206, 12.3, 26, MSaapaaap, 181, 32791, 28069, 856, , 32791, 25000, 29688, 29697, 0, 
232, 1, 445, 435, -1, 332, 236, 22.7, 26, MSappppa, 224, 29091, 24902, 856, , 29091, 25000, 28535, 28680, 0, 
233, 0, 72, -1, -1, 498, 206, 6.9, 22, , 209, -285, 14127, 464, , 30446, 25000, 31424, 30731, 0, 
234, 1, 102, -1, -1, 311, 175, 15.9, 24, MSappapa, 237, 28358, 17128, 604, , 28358, 25000, 28204, 28261, 0, 
235, 1, 323, 348, -1, 501, 314, 24.0, 33, Caaaap, 333, 28145, 50887, 1808, , 28145, 25000, 28762, 28767, 0, 
236, 1, 48, 431, -1, 406, 291, 17.4, 31, Earap, 290, 28218, 37587, 1332, , 28218, 25000, 28924, 29036, 0, 
237, 1, 339, 101, -1, 420, 125, 21.5, 30, ABplapaapp, 264, 28491, 35101, 1232, , 28491, 25000, 27714, 27607, 0, 
238, 1, 223, 27, -1, 298, 389, 11.7, 23, ABpraappaa, 214, 28416, 16822, 592, , 28416, 25000, 27102, 27213, 0, 
239, 1, 95, 208, -1, 557, 156, 15.9, 27, ABplapappp, 114, 27787, 25231, 908, , 27787, 25000, 27728, 27741, 0, 
240, 1, 295, 39, -1, 175, 265, 13.2, 28, ABaraaapaa, 190, 27653, 29091, 1052, , 27653, 25000, 27856, 27916, 0, 
241, 1, 205, 357, -1, 339, 168, 12.9, 22, MSapaapp, 148, 28580, 13261, 464, , 28580, 25000, 28570, 28688, 0, 
242, 1, 181, 192, -1, 514, 155, 11.3, 26, ABplapppap, 268, 26880, 23009, 856, , 26880, 25000, 27689, 27781, 0, 
243, 1, 87, 295, -1, 494, 165, 19.3, 29, Capapa, -91, 27720, 29605, 1068, , 27720, 25000, 28312, 28280, 0, 
244, 1, 219, 220, -1, 230, 229, 10.4, 24, ABalpappaaa, 232, 27670, 19369, 700, , 27670, 25000, 28187, 28315, 0, 
245, 1, 418, 358, -1, 367, 291, 19.1, 35, Earaa, 343, 28803, 59564, 2068, , 28803, 25000, 29364, 29411, 0, 
246, 1, 110, 193, -1, 479, 186, 5.5, 24, ABplppppapp, 198, 34602, 26574, 768, , 34602, 25000, 34260, 34208, 0, 
247, 1, 372, 393, -1, 494, 281, 19.5, 32, Eprap, 313, 28433, 40716, 1432, , 28433, 25000, 28790, 28796, 0, 
248, 1, 292, 369, -1, 582, 196, 16.6, 30, Cpapaa, 300, 28239, 32644, 1156, , 28239, 25000, 28041, 27987, 0, 
249, 0, 63, -1, -1, 382, 122, 19.5, 23, , 259, 891, 18807, 632, , 29758, 25000, 28835, 28867, 0, 
250, 1, 59, 376, -1, 393, 216, 5.2, 23, ABprpappapp, 197, 35993, 19436, 540, , 35993, 25000, 35253, 35170, 0, 
251, 0, 171, -1, -1, 336, 127, 21.8, 27, , 193, -277, 23750, 868, , 27362, 25000, 27661, 27639, 0, 
252, 1, 9, 97, -1, 511, 276, 16.4, 33, Eprpa, 339, 28071, 46037, 1640, , 28071, 25000, 29187, 29245, 0, 
253, 1, 384, 254, -1, 386, 180, 20.4, 28, Dapaa, 222, 28032, 27696, 988, , 28032, 25000, 28943, 28949, 0, 
254, 0, 333, -1, -1, 520, 237, 7.0, 24, , 48, -893, 19212, 608, , 31599, 25000, 32452, 32492, 0, 
255, 1, 338, 316, -1, 573, 256, 8.5, 26, ABprappppp, 28, 28904, 25898, 896, , 28904, 25000, 28450, 28434, 0, 
256, 1, 217, 240, -1, 211, 311, 14.5, 27, MSppaaap, 232, 27203, 24374, 896, , 27203, 25000, 28301, 28447, 0, 
257, 1, 26, 70, -1, 487, 395, 18.7, 29, ABprappapa, 34, 27679, 29561, 1068, , 27679, 25000, 27889, 27874, 0, 
258, 1, 78, 4, -1, 212, 243, 7.8, 26, ABarapaaaa, 199, 29492, 23476, 796, , 29492, 25000, 30858, 30977, 0, 
259, 1, 326, 308, -1, 467, 305, 17.4, 32, Earpp, 323, 29108, 43196, 1484, , 29108, 25000, 28715, 28818, 0, 
260, 1, 56, 108, -1, 562, 232, 23.0, 31, Cpaapp, 307, 26884, 42476, 1580, , 26884, 25000, 28282, 28335, 0, 
261, 1, 303, 104, -1, 218, 203, 26.6, 26, ABplaaapaa, -276, 30700, 25542, 832, , 30700, 25000, 28839, 28872, 0, 
262, 1, 44, 130, -1, 255, 324, 8.7, 29, ABprpaaaaa, 182, 27528, 29400, 1068, , 27528, 25000, 28343, 28407, 0, 
263, 1, 45, 145, -1, 541, 307, 13.3, 32, Cpppap, -32, 27582, 43690, 1584, , 27582, 25000, 28240, 28229, 0, 
264, 1, 374, 330, -1, 316, 306, 11.8, 23, MSppaapp, 230, 26822, 14484, 540, , 26822, 25000, 27957, 28037, 0, 
265, 1, 126, 66, -1, 208, 206, 10.1, 27, ABalpaaaaa, 266, 27117, 24622, 908, , 27117, 25000, 28340, 28386, 0, 
266, 1, 43, 334, -1, 186, 182, 9.0, 26, ABalpaappp, 297, 28269, 24085, 852, , 28269, 25000, 28526, 28521, 0, 
267, 1, 198, 154, -1, 254, 167, 19.2, 24, ABalpppppap, 157, 27660, 18145, 656, , 27660, 25000, 28055, 27833, 0, 
268, 1, 15, 420, -1, 525, 282, 25.6, 33, Cpaapa, 333, 27505, 45109, 1640, , 27505, 25000, 28742, 28809, 0, 
269, 0, 278, -1, -1, 222, 286, 19.4, 24, , 200, -913, 19000, 700, , 27143, 25000, 27951, 28056, 0, 
270, 1, 119, 239, -1, 214, 372, 17.7, 24, ABpraapaapp, 221, 27203, 19151, 704, , 27203, 25000, 28214, 28237, 0, 
271, 1, 363, 132, -1, 159, 189, 23.6, 25, ABplaapaapa, 198, 28167, 23435, 832, , 28167, 25000, 28567, 28505, 0, 
272, 1, 92, 1, -1, 299, 330, 20.7, 24, MSpppppa, 176, 27101, 19079, 704, , 27101, 25000, 28349, 28497, 0, 
273, 1, 301, 95, -1, 365, 160, 9.7, 28, ABplpapapa, 251, 27810, 29590, 1064, , 27810, 25000, 27944, 27992, 0, 
274, 1, 371, 149, -1, 432, 176, 21.7, 28, Dapap, 274, 27953, 29742, 1064, , 27953, 25000, 28497, 28498, 0, 
275, 1, 33, 301, -1, 321, 376, 8.8, 26, ABprpaapppp, 114, 28405, 22610, 796, , 28405, 25000, 28257, 28220, 0, 
276, 1, 433, 391, -1, 219, 222, 13.6, 24, ABalpaapapa, 477, 27081, 18957, 700, , 27081, 25000, 28417, 28438, 0, 
277, 1, 410, 111, -1, 227, 204, 8.0, 25, ABalpaaaap, 222, 30106, 23001, 764, , 30106, 25000, 29253, 29199, 0, 
278, 1, 21, 386, -1, 565, 296, 17.2, 29, Cppppa, 238, 28066, 31209, 1112, , 28066, 25000, 28189, 28192, 0, 
279, 1, 396, 284, -1, 284, 174, 5.6, 25, ABalpapapaa, 197, 45982, 38257, 832, , 45982, 25000, 39759, 40332, 0, 
280, 1, 12, 269, -1, 454, 177, 7.1, 24, ABplppppaap, 165, 28987, 17508, 604, , 28987, 25000, 30598, 30656, 0, 
281, 1, 408, 347, -1, 187, 329, 20.5, 24, ABarpapaapa, 216, 27482, 21106, 768, , 27482, 25000, 28128, 28077, 0, 
282, 1, 117, 390, -1, 275, 300, 19.3, 24, MSpaaappa, 201, 26739, 18824, 704, , 26739, 25000, 28153, 28110, 0, 
283, 1, 123, 352, -1, 357, 389, 21.7, 28, ABarpppaap, 281, 26613, 28316, 1064, , 26613, 25000, 27872, 27887, 0, 
284, 0, -1, -1, -1, 258, 176, 12.5, 23, , 193, -515, 17620, 632, , 27880, 25000, 28356, 28395, 0, 
285, 1, 385, 414, -1, 161, 198, 17.3, 25, ABalapaappa, 183, 28037, 21420, 764, , 28037, 25000, 28253, 28261, 0, 
286, 0, 53, -1, -1, 155, 247, 24.0, 26, , 71, 351, 24095, 852, , 28281, 25000, 28028, 27930, 0, 
287, 1, 193, 401, -1, 391, 343, 10.5, 25, Dpapp, 229, 27973, 21483, 768, , 27973, 25000, 28691, 28665, 0, 
288, 1, 239, 189, -1, 416, 206, 25.4, 29, ABarppaapp, 281, 26952, 31157, 1156, , 26952, 25000, 27784, 27730, 0, 
289, 1, 188, 338, -1, 355, 341, 21.5, 27, MSpppppp, 278, 28790, 25796, 896, , 28790, 25000, 28430, 28430, 0, 
290, 1, 71, 170, -1, 383, 148, 17.0, 24, Daapp, 247, 27044, 16443, 608, , 27044, 25000, 28028, 28172, 0, 
291, 1, 62, 11, -1, 370, 255, 14.4, 27, MSpapapa, 202, 35237, 34814, 988, , 35237, 25000, 30430, 30332, 0, 
292, 1, 5, 29, -1, 453, 116, 12.2, 29, ABplppappp, 284, 28002, 31138, 1112, , 28002, 25000, 27404, 27389, 0, 
293, 1, 312, 272, -1, 397, 402, 19.1, 29, ABarppppaa, 289, 27101, 32738, 1208, , 27101, 25000, 27903, 27936, 0, 
294, 1, 313, 112, -1, 492, 330, 6.4, 27, ABprppappp, 225, 31097, 30724, 988, , 31097, 25000, 34149, 34171, 0, 
295, 1, 430, 304, -1, 237, 356, 18.3, 24, ABpraapappa, 195, 27429, 19310, 704, , 27429, 25000, 28365, 28690, 0, 
296, 1, 397, 188, -1, 439, 264, 5.7, 24, ABprppppaaa, 175, 35854, 25241, 704, , 35854, 25000, 34032, 34035, 0, 
297, 1, 238, 139, -1, 202, 178, 25.5, 26, ABplaapaapp, 220, 28658, 25678, 896, , 28658, 25000, 29184, 29029, 0, 
298, 1, 51, 141, -1, 345, 296, 24.3, 32, ABarpaappp, 270, 27525, 43600, 1584, , 27525, 25000, 28755, 28739, 0, 
299, 1, 340, 379, -1, 282, 358, 12.7, 25, ABprpaappaa, 186, 27921, 21332, 764, , 27921, 25000, 27998, 28076, 0, 
300, 1, 68, 21, -1, 358, 162, 15.2, 25, MSappapp, 251, 28351, 19959, 704, , 28351, 25000, 28743, 28763, 0, 
301, 1, 240, 218, -1, 275, 242, 22.5, 28, MSapappp, 282, 27863, 30092, 1080, , 27863, 25000, 28056, 28058, 0, 
302, 1, 8, 206, -1, 292, 383, 16.3, 28, ABpraaapppp, 190, 28350, 30164, 1064, , 28350, 25000, 27377, 27514, 0, 
303, 1, 368, 374, -1, 217, 323, 25.1, 26, ABarpapapa, 258, 28643, 22914, 800, , 28643, 25000, 28425, 28505, 0, 
304, 1, 317, 313, -1, 309, 314, 5.6, 24, ABarapppppp, 183, 37676, 26373, 700, , 37676, 25000, 35495, 35521, 0, 
305, 0, 133, -1, -1, 225, 327, 5.6, 25, , 255, 3503, 35668, 832, , 42870, 25000, 38892, 39367, 0, 
306, 1, 35, 36, -1, 287, 118, 19.8, 26, ABplaappaa, 235, 27652, 22011, 796, , 27652, 25000, 28498, 28292, 0, 
307, 1, 259, 339, -1, 300, 380, 22.7, 29, ABarpapppp, 945, 27390, 29252, 1068, , 27390, 25000, 28141, 28055, 0, 
308, 1, 403, 409, -1, 277, 282, 13.6, 22, ABaraapppap, 166, 26801, 15330, 572, , 26801, 25000, 27482, 27355, 0, 
309, 1, 341, 404, -1, 511, 219, 16.5, 34, Eplpa, 339, 28840, 48682, 1688, , 28840, 25000, 28969, 29034, 0, 
310, 1, 206, 201, -1, 337, 341, 9.5, 30, ABprppaaaa, 301, 26928, 33175, 1232, , 26928, 25000, 28412, 28266, 0, 
311, 1, 404, 318, -1, 323, 203, 5.0, 23, ABplpappaaa, 202, 39697, 20325, 512, , 39697, 25000, 36747, 37213, 0, 
312, 1, 377, 191, -1, 532, 122, 12.0, 26, ABplappppa, 228, 26592, 22656, 852, , 26592, 25000, 27051, 27074, 0, 
313, 1, 208, 223, -1, 210, 287, 5.4, 27, ABarapppaa, 51, 35512, 35086, 988, , 35512, 25000, 36493, 36649, 0, 
314, 1, 49, 35, -1, 146, 172, 15.4, 29, ABalaaapal, 82, 26316, 30421, 1156, , 26316, 25000, 27285, 27276, 0, 
315, 1, 75, 423, -1, 426, 225, 5.9, 29, ABplpapppa, 183, 33245, 37899, 1140, , 33245, 25000, 33563, 33986, 0, 
316, 1, 2, 396, -1, 313, 272, 17.1, 24, MSaaapapp, 214, 28449, 17183, 604, , 28449, 25000, 28346, 28329, 0, 
317, 1, 155, 252, -1, 340, 255, 18.4, 26, MSaaappp, -169, 29358, 24426, 832, , 29358, 25000, 28489, 28406, 0, 
318, 1, 369, 28, -1, 374, 262, 25.5, 30, ABarppaapa, 307, 27899, 34371, 1232, , 27899, 25000, 28475, 28463, 0, 
319, 0, 11, -1, -1, 380, 304, 16.3, 24, , 157, 346, 21099, 704, , 29970, 25000, 29351, 29624, 0, 
320, 1, 419, 371, -1, 434, 184, 16.0, 22, MSappaap, 184, 27680, 10629, 384, , 27680, 25000, 28292, 28223, 0, 
321, 1, 378, 247, -1, 324, 160, 7.1, 28, ABalpapapap, 233, 31166, 33909, 1088, , 31166, 25000, 35025, 35302, 0, 
322, 1, 135, 238, -1, 214, 191, 6.3, 23, ABalpapaaaa, 207, 38431, 22751, 592, , 38431, 25000, 38162, 38954, 0, 
323, 1, 352, 197, -1, 288, 255, 12.8, 25, ABarapaappp, 221, 27814, 19581, 704, , 27814, 25000, 28072, 27926, 0, 
324, 1, 329, 60, -1, 377, 250, 7.6, 25, ABprpapppaa, 179, 27977, 23277, 832, , 27977, 25000, 30943, 30612, 0, 
325, 1, 394, 177, -1, 316, 197, 18.6, 25, Daaaa, 174, 27459, 22846, 832, , 27459, 25000, 28221, 28267, 0, 
326, 1, 331, 399, -1, 390, 355, 15.5, 26, Dppaa, 245, 28685, 25702, 896, , 28685, 25000, 28542, 28503, 0, 
327, 1, 106, 102, -1, 403, 354, 19.6, 29, Dpppa, -9, 28269, 32679, 1156, , 28269, 25000, 28240, 28238, 0, 
328, 1, 439, 3, -1, 198, 131, 20.9, 28, ABalpppappa, 361, 27663, 30097, 1088, , 27663, 25000, 27205, 27218, 0, 
329, 1, 159, 312, -1, 429, 296, 5.4, 27, ABprppaapp, 336, 36752, 36311, 988, , 36752, 25000, 34516, 34454, 0, 
330, 1, 145, 214, -1, 402, 272, 5.3, 28, ABprpapapp, 176, 35722, 38008, 1064, , 35722, 25000, 33294, 33188, 0, 
331, 1, 17, 37, -1, 352, 356, 6.9, 24, ABprpaaaapp, 207, 30570, 18464, 604, , 30570, 25000, 32225, 32324, 0, 
332, 1, 282, 216, -1, 489, 353, 18.3, 30, Cpppaa, 208, 27769, 36322, 1308, , 27769, 25000, 28248, 28262, 0, 
333, 1, 204, 180, -1, 324, 391, 12.1, 26, ABpraappap, 106, 27433, 21946, 800, , 27433, 25000, 27390, 27450, 0, 
334, 1, 402, 450, -1, 229, 246, 22.0, 23, MSaaapaaa, 222, 27092, 13871, 512, , 27092, 25000, 27428, 27399, 0, 
335, 1, 398, 160, -1, 456, 210, 6.4, 26, ABplpapppp, -44, 32060, 26674, 832, , 32060, 25000, 32805, 33033, 0, 
336, 1, 187, 168, -1, 262, 246, 12.4, 25, ABarapaappa, -107, 27756, 23093, 832, , 27756, 25000, 28127, 28186, 0, 
337, 1, 346, 389, -1, 587, 263, 19.6, 34, Caaapp, 344, 27326, 48641, 1780, , 27326, 25000, 28084, 28124, 0, 
338, 1, 189, 317, -1, 313, 246, 24.9, 26, ABarppaaaa, 215, 29284, 23427, 800, , 29284, 25000, 29034, 29091, 0, 
339, 0, 271, -1, -1, 336, 197, 7.2, 23, , 211, -79, 17468, 540, , 32348, 25000, 32360, 32427, 0, 
340, 1, 344, 382, -1, 219, 289, 22.7, 24, MSaaaapaa, 194, 27706, 19505, 704, , 27706, 25000, 27797, 27720, 0, 
341, 1, 182, 14, -1, 258, 126, 21.3, 29, ABplpaapapa, 84, 27645, 29525, 1068, , 27645, 25000, 28007, 27912, 0, 
342, 1, 152, 90, -1, 362, 234, 6.0, 26, ABprpappapa, 213, 36574, 31161, 852, , 36574, 25000, 34745, 35187, 0, 
343, 1, 235, 229, -1, 434, 313, 24.7, 30, Caaaaa, 305, 27767, 36319, 1308, , 27767, 25000, 28188, 28255, 0, 
344, 1, 231, 33, -1, 172, 158, 19.0, 24, ABalapaappp, -51, 27100, 16477, 608, , 27100, 25000, 27257, 27334, 0, 
345, 1, 249, 458, -1, 226, 222, 16.4, 22, ABalpaapapp, 149, 27502, 15731, 572, , 27502, 25000, 28417, 28261, 0, 
346, 1, 202, 159, -1, 514, 161, 24.6, 28, ABarppappa, 259, 26931, 26608, 988, , 26931, 25000, 28552, 28581, 0, 
347, 1, 218, 405, -1, 441, 166, 18.4, 29, Capaaa, 293, 27401, 31675, 1156, , 27401, 25000, 27783, 27790, 0, 
348, 1, 225, 249, -1, 270, 198, 26.2, 29, ABplaaappa, 100, 28699, 31913, 1112, , 28699, 25000, 28373, 28654, 0, 
349, 1, 366, 57, -1, 263, 305, 16.8, 26, MSpaapaa, 259, 26917, 21426, 796, , 26917, 25000, 27799, 27782, 0, 
350, 1, 232, 373, -1, 357, 187, 16.5, 27, MSappaaa, 201, 28073, 25153, 896, , 28073, 25000, 29155, 29232, 0, 
351, 1, 28, 63, -1, 238, 200, 13.4, 26, ABalpaaapa, 499, 26388, 21955, 832, , 26388, 25000, 27277, 27417, 0, 
352, 1, 211, 91, -1, 360, 216, 9.4, 24, MSaappaa, 199, 27747, 19423, 700, , 27747, 25000, 29313, 29400, 0, 
353, 1, 36, 432, -1, 343, 319, 7.5, 27, ABprpapaap, 267, 27696, 24816, 896, , 27696, 25000, 30572, 30213, 0, 
354, 1, 228, 351, -1, 521, 288, 5.6, 28, ABprpppaap, -29, 40017, 39537, 988, , 40017, 25000, 37914, 38382, 0, 
355, 1, 260, 210, -1, 539, 271, 7.5, 28, ABprapppap, 225, 29788, 32171, 1080, , 29788, 25000, 31257, 31354, 0, 
356, 1, 275, 262, -1, 190, 191, 13.8, 27, MSapaaaa, 192, 28200, 24478, 868, , 28200, 25000, 28200, 28264, 0, 
357, 1, 138, 395, -1, 491, 231, 4.8, 24, ABprppppapp, 235, 32483, 21309, 656, , 32483, 25000, 35336, 35355, 0, 
358, 0, 212, -1, -1, 126, 255, 19.0, 23, , -70, -385, 13977, 512, , 27299, 25000, 28057, 27684, 0, 
359, 1, 270, 388, -1, 434, 172, 25.5, 28, ABarppapap, 247, 28426, 30700, 1080, , 28426, 25000, 27937, 27905, 0, 
360, 1, 80, 355, -1, 249, 221, 17.0, 26, ABaraapapaa, -90, 28303, 24114, 852, , 28303, 25000, 27636, 27728, 0, 
361, 1, 57, 163, -1, 495, 383, 13.7, 26, ABprappaap, 256, 27599, 23625, 856, , 27599, 25000, 27619, 27616, 0, 
362, 1, 107, 179, -1, 245, 179, 26.5, 29, ABplaaapap, 273, 27989, 30228, 1080, , 27989, 25000, 29367, 29666, 0, 
363, 1, 213, 121, -1, 197, 188, 18.1, 24, ABalppppaav, 174, 28329, 17111, 604, , 28329, 25000, 28136, 28243, 0, 
364, 1, 277, 167, -1, 325, 317, 26.3, 30, ABarpaappa, 253, 29381, 38430, 1308, , 29381, 25000, 29473, 29683, 0, 
365, 1, 305, 428, -1, 323, 305, 19.2, 26, MSpaaappp, 255, 27055, 21536, 796, , 27055, 25000, 28415, 28494, 0, 
366, 1, 197, 58, -1, 268, 383, 10.9, 26, ABprpaapap, 250, 26910, 21528, 800, , 26910, 25000, 27701, 27726, 0, 
367, 1, 153, 30, -1, 230, 379, 20.6, 24, ABarpappaa, 201, 26904, 18833, 700, , 26904, 25000, 27501, 27485, 0, 
368, 1, 276, 290, -1, 363, 308, 12.4, 28, MSpppaaa, 264, 27186, 26860, 988, , 27186, 25000, 28599, 28786, 0, 
369, 1, 125, 411, -1, 213, 332, 12.7, 27, ABpraaapaa, 248, 27917, 25795, 924, , 27917, 25000, 27512, 27400, 0, 
370, 1, 353, 183, -1, 184, 342, 23.5, 31, ABarpapaaa, 277, 27936, 34417, 1232, , 27936, 25000, 27614, 27619, 0, 
371, 1, 340, 309, -1, 313, 371, 14.9, 24, ABprpaappap, 232, 27806, 16795, 604, , 27806, 25000, 27447, 27215, 0, 
372, 1, 251, 53, -1, 472, 162, 25.5, 30, ABplappapa, 288, 26567, 32731, 1232, , 26567, 25000, 28123, 28110, 0, 
373, 1, 280, 150, -1, 516, 345, 15.5, 30, Cppapa, 226, 28149, 34680, 1232, , 28149, 25000, 28448, 28432, 0, 
374, 1, 165, 221, -1, 144, 246, 10.5, 27, ABalaaaarr, 271, 26253, 23523, 896, , 26253, 25000, 27443, 27460, 0, 
375, 1, 103, 9, -1, 414, 104, 15.9, 24, ABplppapaap, 190, 26762, 16164, 604, , 26762, 25000, 27416, 27474, 0, 
376, 1, 163, 129, -1, 364, 349, 12.6, 25, Dpapa, 203, 27901, 23214, 832, , 27901, 25000, 28223, 28235, 0, 
377, 1, 154, 285, -1, 270, 139, 14.3, 24, ABplpaaappa, 175, 27942, 19671, 704, , 27942, 25000, 27647, 27740, 0, 
378, 1, 76, 7, -1, 578, 292, 8.8, 24, ABprappppa, 228, 26300, 17253, 656, , 26300, 25000, 28138, 28146, 0, 
379, 1, 269, 217, -1, 300, 203, 4.7, 25, ABprpappaaa, 215, 35645, 27233, 764, , 35645, 25000, 36966, 36874, 0, 
380, 1, 207, 74, -1, 396, 148, 14.6, 28, MSaapppa, 249, 27177, 26851, 988, , 27177, 25000, 28295, 28201, 0, 
381, 1, 255, 437, -1, 317, 259, 11.1, 22, MSpapaaaa, 224, 38168, 17710, 464, , 38168, 25000, 30073, 30042, 0, 
382, 1, 86, 360, -1, 496, 220, 12.4, 32, Eplpp, 319, 26819, 39799, 1484, , 26819, 25000, 28766, 28818, 0, 
383, 1, 246, 226, -1, 249, 178, 7.0, 23, ABalpapaaap, 298, 30883, 15812, 512, , 30883, 25000, 34098, 34283, 0, 
384, 1, 233, 287, -1, 475, 158, 11.8, 28, Capapp, 78, 27260, 28678, 1052, , 27260, 25000, 28663, 28688, 0, 
385, 1, 250, 156, -1, 173, 162, 22.2, 25, ABalppppapa, 218, 29112, 20495, 704, , 29112, 25000, 28030, 28054, 0, 
386, 1, 400, 2, -1, 234, 377, 13.7, 24, ABpraaaappp, 126, 27670, 19480, 704, , 27670, 25000, 27860, 27860, 0, 
387, 1, 426, 84, -1, 231, 182, 18.5, 24, ABalpppppaa, 272, 28210, 21665, 768, , 28210, 25000, 28429, 28707, 0, 
388, 1, 216, 427, -1, 333, 244, 5.0, 23, ABprpappaap, 452, 38010, 19461, 512, , 38010, 25000, 36144, 36296, 0, 
389, 1, 194, 336, -1, 261, 346, 10.5, 26, ABprpaapaa, 214, 27335, 24492, 896, , 27335, 25000, 27664, 27846, 0, 
390, 1, 29, 421, -1, 470, 221, 25.3, 30, Dappp, 237, 27840, 36415, 1308, , 27840, 25000, 28026, 28026, 0, 
391, 1, 293, 433, -1, 321, 290, 8.2, 26, ABprpapaaa, 257, 27491, 21883, 796, , 27491, 25000, 29994, 29682, 0, 
392, 1, 417, 215, -1, 330, 282, 5.5, 25, ABarappapap, 181, 35871, 27549, 768, , 35871, 25000, 34990, 35122, 0, 
393, 1, 345, 392, -1, 198, 212, 19.5, 27, MSapaaap, 203, 26653, 23881, 896, , 26653, 25000, 28056, 28254, 0, 
394, 1, 267, 406, -1, 584, 211, 9.9, 26, Cpappv, 217, 26930, 21544, 800, , 26930, 25000, 28123, 28133, 0, 
395, 1, 66, 381, -1, 356, 119, 14.9, 24, ABplppaaaap, 189, 27978, 16899, 604, , 27978, 25000, 28160, 28349, 0, 
396, 1, 247, 258, -1, 289, 376, 9.0, 24, ABprpaapppa, 224, 27469, 16701, 608, , 27469, 25000, 28153, 28049, 0, 
397, 1, 196, 138, -1, 482, 332, 11.1, 32, Cppaap, 264, 27079, 42676, 1576, , 27079, 25000, 28581, 28598, 0, 
398, 1, 143, 131, -1, 299, 196, 7.3, 25, ABalpappapp, 215, 28264, 21594, 764, , 28264, 25000, 31284, 31234, 0, 
399, 1, 350, 333, -1, 308, 341, 17.9, 27, MSppppap, 230, 27793, 25236, 908, , 27793, 25000, 28050, 28053, 0, 
400, 1, 120, 155, -1, 228, 159, 8.4, 28, ABalppapaa, 269, 27581, 27250, 988, , 27581, 25000, 29127, 28986, 0, 
401, 1, 411, 425, -1, 521, 209, 6.3, 24, ABprpppapap, 209, 35939, 25301, 704, , 35939, 25000, 35549, 35385, 0, 
402, 1, 432, 362, -1, 312, 343, 6.0, 23, ABprpaaaapa, 208, 33291, 17045, 512, , 33291, 25000, 36556, 36888, 0, 
403, 1, 192, 366, -1, 270, 277, 25.8, 31, ABplaaaapp, 248, 29317, 42920, 1464, , 29317, 25000, 28730, 28768, 0, 
404, 1, 427, 293, -1, 421, 156, 12.9, 26, MSaapppp, 224, 28254, 22603, 800, , 28254, 25000, 27990, 28140, 0, 
405, 1, 409, 413, -1, 273, 246, 20.5, 26, MSaaapaap, 264, 28180, 25249, 896, , 28180, 25000, 28094, 28327, 0, 
406, 1, 263, 257, -1, 226, 140, 21.9, 25, ABalpppappp, 249, 28455, 19577, 688, , 28455, 25000, 28158, 27870, 0, 
407, 1, 84, 471, -1, 139, 248, 20.4, 23, ABalappaap, 237, 28347, 18142, 640, , 28347, 25000, 28105, 28143, 0, 
408, 1, 351, 275, -1, 240, 273, 26.3, 26, ABplaaaapa, 242, 27400, 23454, 856, , 27400, 25000, 28966, 28917, 0, 
409, 1, 38, 305, -1, 505, 261, 5.3, 23, ABprpppapaa, 201, 35535, 21037, 592, , 35535, 25000, 36152, 36022, 0, 
410, 1, 265, 345, -1, 363, 283, 15.1, 22, MSpapaapp, 208, 30707, 14248, 464, , 30707, 25000, 30558, 30478, 0, 
411, 1, 168, 118, -1, 267, 122, 18.0, 22, ABplpaapapp, 242, 29125, 11184, 384, , 29125, 25000, 27806, 27949, 0, 
412, 1, 52, 244, -1, 208, 151, 16.1, 25, ABalpppapav, -126, 28169, 19380, 688, , 28169, 25000, 27570, 27710, 0, 
413, 1, 289, 99, -1, 445, 401, 18.0, 30, ABarppppap, 294, 28802, 38825, 1348, , 28802, 25000, 28161, 28170, 0, 
414, 1, 160, 281, -1, 551, 154, 21.6, 30, ABplapapaa, 298, 27446, 31728, 1156, , 27446, 25000, 27820, 27833, 0, 
415, 1, 167, 367, -1, 224, 300, 7.5, 24, ABarappppaa, 161, 28729, 22064, 768, , 28729, 25000, 31114, 31067, 0, 
416, 0, 425, -1, -1, 556, 313, 18.8, 27, , 79, -912, 23729, 868, , 27338, 25000, 28261, 28250, 0, 
417, 1, 136, 323, -1, 358, 202, 21.5, 26, Daaap, 178, 27670, 24792, 896, , 27670, 25000, 28804, 28821, 0, 
418, 1, 416, 185, 368, 249, 335, 13.5, 29, ABpraaappa, 88, 27731, 29950, 1080, , 27731, 25000, 27706, 27695, 0, 
419, 1, 390, 26, -1, 262, 202, 9.3, 24, ABalpappaap, 211, 27322, 19235, 704, , 27322, 25000, 28669, 28862, 0, 
420, 1, 370, 233, -1, 290, 130, 10.4, 24, ABalppapppp, 183, 28354, 19848, 700, , 28354, 25000, 27875, 27966, 0, 
421, 1, 422, 299, -1, 151, 214, 21.0, 23, ABalapappaa, 118, 27449, 14054, 512, , 27449, 25000, 28006, 28202, 0, 
422, 1, 441, 445, -1, 186, 163, 13.0, 21, ABalppaaap, 184, 27089, 10402, 384, , 27089, 25000, 27783, 27612, 0, 
423, 1, 383, 211, -1, 194, 230, 14.4, 24, ABalpaapaap, 56, 28374, 19862, 700, , 28374, 25000, 27698, 27837, 0, 
424, 1, 407, 447, -1, 210, 268, 13.3, 23, ABaraaapapa, 161, 26481, 15677, 592, , 26481, 25000, 28244, 28374, 0, 
425, 1, 354, 270, -1, 276, 315, 12.4, 28, MSppapaa, 300, 28279, 27940, 988, , 28279, 25000, 28067, 28131, 0, 
426, 1, 429, 470, -1, 146, 306, 20.5, 25, ABalapppapa, -69, 27634, 21223, 768, , 27634, 25000, 27736, 27719, 0, 
427, 1, 310, 126, -1, 365, 162, 23.5, 27, ABplapaaapp, 179, 27796, 24905, 896, , 27796, 25000, 28295, 28288, 0, 
428, 1, 273, 397, -1, 163, 231, 13.9, 23, ABalpaapaaa, 78, 27669, 13724, 496, , 27669, 25000, 27121, 27183, 0, 
429, 1, 286, 451, -1, 266, 208, 7.0, 23, ABalpappapa, 207, 30398, 15564, 512, , 30398, 25000, 31781, 31552, 0, 
430, 1, 336, 10, -1, 199, 368, 12.0, 24, ABpraaaappa, 235, 27548, 16749, 608, , 27548, 25000, 26413, 26447, 0, 
431, 1, 423, 340, -1, 296, 209, 12.5, 23, MSaapaaaa, -142, 33176, 20967, 632, , 33176, 25000, 29443, 29845, 0, 
432, 1, 296, 98, -1, 287, 205, 9.6, 25, ABalpappppa, 173, 27986, 23284, 832, , 27986, 25000, 27879, 28023, 0, 
433, 1, 428, 230, -1, 190, 313, 7.7, 22, ABalaappap, 127, 29498, 15457, 524, , 29498, 25000, 29891, 29889, 0, 
434, 1, 67, 245, -1, 235, 272, 14.3, 25, ABaraaapapp, 129, 27488, 21001, 764, , 27488, 25000, 28247, 28312, 0, 
435, 1, 414, 85, -1, 363, 350, 17.9, 25, Dpaap, 254, 27295, 18779, 688, , 27295, 25000, 28397, 28458, 0, 
436, 1, 221, 41, -1, 466, 243, 5.4, 24, ABprppppaap, 219, 35781, 25047, 700, , 35781, 25000, 33508, 33628, 0, 
437, 1, 413, 426, -1, 324, 229, 15.9, 22, MSaapaapa, 159, 33556, 15570, 464, , 33556, 25000, 30935, 30365, 0, 
438, 0, 434, -1, -1, 167, 149, 12.9, 23, , 286, 448, 13748, 496, , 27718, 25000, 27449, 27270, 0, 
439, 1, 156, 83, -1, 200, 234, 22.6, 24, ABplaaaaapa, 225, 27504, 19253, 700, , 27504, 25000, 27856, 27824, 0, 
440, 1, 386, 473, -1, 359, 231, 17.9, 21, MSaapaapp, 293, 31256, 10877, 348, , 31256, 25000, 30938, 30243, 0, 
441, 1, 443, 292, -1, 299, 201, 25.9, 26, ABplaaappp, 45, 27813, 22250, 800, , 27813, 25000, 28325, 28285, 0, 
442, 1, 447, 76, -1, 267, 213, 14.4, 26, ABalpaaapp, -33, 28004, 23299, 832, , 28004, 25000, 28212, 28372, 0, 
443, 1, 302, 387, -1, 170, 310, 12.8, 24, ABalaappppa, -22, 28111, 18441, 656, , 28111, 25000, 27145, 27053, 0, 
444, 1, 381, 442, -1, 212, 367, 20.1, 23, ABalapppppp, 131, 26885, 13335, 496, , 26885, 25000, 27438, 27550, 0, 
445, 0, 299, -1, -1, 499, 181, 7.5, 25, , 135, -1249, 22211, 768, , 28921, 25000, 31349, 30170, 0, 
446, 1, 318, 124, -1, 209, 307, 17.0, 22, MSpaaaapa, 318, 27820, 10683, 384, , 27820, 25000, 28096, 28134, 0, 
447, 1, 64, 49, -1, 329, 205, 10.2, 29, ABalpappppp, -346, 28888, 32123, 1112, , 28888, 25000, 29353, 29246, 0, 
448, 1, 365, 300, -1, 159, 319, 17.2, 24, ABalappppaa, 216, 27299, 17908, 656, , 27299, 25000, 28029, 28078, 0, 
449, 1, 444, 398, -1, 300, 210, 20.8, 22, MSapppap, 104, 25823, 12808, 496, , 25823, 25000, 27479, 27458, 0, 
450, 1, 440, 457, -1, 364, 191, 6.7, 27, ABplpappaap, 173, 31475, 29083, 924, , 31475, 25000, 33192, 33227, 0, 
451, 1, 446, 195, -1, 178, 271, 20.1, 24, MSaaaaapa, 1315, 27714, 16739, 604, , 27714, 25000, 27867, 27839, 0, 
452, 1, 379, 459, -1, 289, 301, 14.8, 24, MSpaapapa, 113, 27444, 18003, 656, , 27444, 25000, 27942, 27875, 0, 
453, 1, 448, 463, -1, 359, 320, 11.0, 23, MSpppapp, 111, 26582, 13610, 512, , 26582, 25000, 28132, 28321, 0, 
454, 1, 449, 464, -1, 396, 131, 21.0, 24, ABplaapppp, 836, 28926, 17587, 608, , 28926, 25000, 28269, 28343, 0, 
455, 1, 450, 465, -1, 429, 220, 23.0, 28, Dappa, 268, 27406, 30914, 1128, , 27406, 25000, 27904, 27891, 0, 
456, 1, 451, 466, -1, 350, 390, 13.0, 26, ABpraapppa, 238, 28165, 23997, 852, , 28165, 25000, 28142, 28315, 0, 
457, 1, 452, 467, -1, 178, 334, 18.0, 24, ABalappppap, 95, 29456, 17909, 608, , 29456, 25000, 27739, 27672, 0, 
458, 1, 453, 468, -1, 177, 325, 23.0, 22, ABalapppapp, 0, 27034, 10381, 384, , 27034, 25000, 27586, 27947, 0, 
459, 1, 381, 469, -1, 173, 351, 20.0, 22, ABalapppppa, 0, 26505, 10178, 384, , 26505, 25000, 27375, 27417, 0, 
460, 1, 388, 472, -1, 503, 190, 6.0, 26, ABplpppapap, 268, 37065, 31579, 852, , 37065, 25000, 36087, 35789, 0, 
461, 1, 171, 452, -1, 339, 124, 19.95, 27, ABplaapppa, 234, 26756, 24187, 904, , 26756, 25000, 28306, 28473, 0, 
