1, 1, 272, 218, -1, 306, 330, 20.8, 26, MSpppppa, 179, 28394, 22602, 796, , 28394, 25000, 28047, 28119, 0, 
2, 1, 386, 391, -1, 232, 378, 13.8, 25, ABpraaaappp, 222, 28287, 19914, 704, , 28287, 25000, 27685, 27686, 0, 
3, 1, 328, 146, -1, 194, 135, 21.5, 28, ABalpppappa, 45, 27449, 29645, 1080, , 27449, 25000, 27219, 27095, 0, 
4, 1, 258, 99, -1, 213, 246, 8.3, 26, ABarapaaaa, 260, 29041, 24859, 856, , 29041, 25000, 29638, 29565, 0, 
5, 1, 49, 44, -1, 203, 305, 20.5, 29, MSpaaaaa, 270, 28522, 30804, 1080, , 28522, 25000, 27930, 27953, 0, 
6, 1, 137, 196, 357, 350, 384, 16.5, 31, ABprapaaap, 252, 27851, 34313, 1232, , 27851, 25000, 28342, 28432, 0, 
7, 1, 378, 153, -1, 579, 296, 8.8, 25, ABprappppa, 236, 27503, 19362, 704, , 27503, 25000, 28061, 28060, 0, 
8, 0, 358, -1, -1, 126, 266, 19.1, 23, , 171, 1907, 14278, 496, , 28786, 25000, 26876, 26879, 0, 
9, 1, 375, 209, -1, 413, 104, 15.8, 24, ABplppapaap, 232, 26814, 17590, 656, , 26814, 25000, 27590, 27436, 0, 
10, 1, 430, 72, -1, 198, 370, 12.2, 25, ABpraaaappa, 213, 27071, 19058, 704, , 27071, 25000, 27672, 27594, 0, 
11, 1, 291, 242, -1, 372, 259, 13.9, 26, MSpapapa, -115, 35931, 28745, 800, , 35931, 25000, 31002, 31207, 0, 
12, 1, 38, 400, -1, 396, 230, 14.9, 30, Ealpa, 299, 27184, 36861, 1356, , 27184, 25000, 29163, 29205, 0, 
13, 1, 157, 245, -1, 598, 240, 13.9, 29, Cpappd, 296, 27897, 33700, 1208, , 27897, 25000, 28444, 28444, 0, 
14, 1, 341, 248, -1, 251, 125, 20.7, 28, ABplpaapapa, 27, 26625, 28329, 1064, , 26625, 25000, 27294, 27217, 0, 
15, 0, -1, -1, -1, 290, 303, 9.4, 23, , 201, -1018, 17477, 640, , 27308, 25000, 28301, 28326, 0, 
16, 1, 8, 36, -1, 374, 402, 14.2, 26, ABprapaapa, 211, 26891, 21405, 796, , 26891, 25000, 27275, 27311, 0, 
17, 1, 128, 183, -1, 147, 225, 24.3, 29, ABplaapaaa, 3, 27183, 29031, 1068, , 27183, 25000, 28234, 28366, 0, 
18, 1, 18, 249, -1, 226, 344, 21.7, 26, ABarpapaapp, 189, 27252, 23328, 856, , 27252, 25000, 28404, 28460, 0, 
19, 1, 175, 24, -1, 285, 265, 10.4, 27, ABarapappa, -166, 29018, 28670, 988, , 29018, 25000, 28541, 28621, 0, 
20, 0, 210, -1, -1, 368, 386, 10.2, 23, , 200, -753, 15015, 540, , 27806, 25000, 28585, 28559, 0, 
21, 1, 300, 383, -1, 355, 165, 15.5, 25, MSappapp, 215, 29195, 22422, 768, , 29195, 25000, 27918, 27901, 0, 
22, 1, 191, 150, -1, 179, 216, 7.8, 26, ABalpaappa, 225, 29764, 23692, 796, , 29764, 25000, 30906, 31147, 0, 
23, 1, 225, 385, -1, 346, 168, 18.3, 27, Daapa, 225, 30471, 28155, 924, , 30471, 25000, 29241, 29245, 0, 
24, 0, 249, -1, -1, 381, 124, 19.5, 23, , 248, -6, 18307, 632, , 28967, 25000, 28775, 28973, 0, 
25, 1, 96, 13, -1, 140, 296, 10.7, 29, ABalaaappr, 279, 26718, 28535, 1068, , 26718, 25000, 28226, 28278, 0, 
26, 1, 419, 387, -1, 261, 200, 9.2, 25, ABalpappaap, 200, 27710, 19508, 704, , 27710, 25000, 28533, 28549, 0, 
27, 1, 238, 29, -1, 295, 389, 11.5, 24, ABpraappaa, 197, 26426, 20295, 768, , 26426, 25000, 27331, 27426, 0, 
28, 1, 318, 55, -1, 371, 264, 25.5, 31, ABarppaapa, 278, 26707, 32903, 1232, , 26707, 25000, 28515, 28448, 0, 
29, 1, 292, 345, -1, 451, 123, 12.3, 31, ABplppappp, 254, 27112, 37089, 1368, , 27112, 25000, 27518, 27599, 0, 
30, 1, 367, 265, -1, 233, 380, 20.6, 24, ABarpappaa, 205, 26724, 18707, 700, , 26724, 25000, 27735, 27621, 0, 
31, 1, 67, 188, -1, 505, 303, 9.5, 28, Cppapp, 280, 26976, 29134, 1080, , 26976, 25000, 28985, 29001, 0, 
32, 1, 81, 96, -1, 184, 281, 17.3, 27, ABaraappaa, -46, 26495, 24481, 924, , 26495, 25000, 27470, 27479, 0, 
33, 1, 344, 162, -1, 171, 157, 19.3, 24, ABalapaappp, 203, 27714, 19511, 704, , 27714, 25000, 27341, 27186, 0, 
34, 1, 119, 143, -1, 461, 345, 7.3, 25, ABprppapap, 250, 28524, 21792, 764, , 28524, 25000, 30247, 30304, 0, 
35, 1, 314, 282, -1, 147, 174, 15.6, 29, ABalaaapal, 94, 27284, 31540, 1156, , 27284, 25000, 27279, 27186, 0, 
36, 1, 306, 70, -1, 285, 118, 19.7, 24, ABplaappaa, 202, 26986, 18998, 704, , 26986, 25000, 27988, 27968, 0, 
37, 1, 331, 272, -1, 351, 364, 6.9, 24, ABprpaaaapp, 195, 33339, 20137, 604, , 33339, 25000, 32915, 32915, 0, 
38, 1, 122, 341, -1, 383, 212, 9.9, 26, MSaappap, 233, 27664, 22131, 800, , 27664, 25000, 29901, 29912, 0, 
39, 1, 240, 157, -1, 178, 266, 13.2, 28, ABaraaapaa, 133, 26881, 28279, 1052, , 26881, 25000, 28282, 28413, 0, 
40, 1, 168, 240, -1, 484, 130, 8.9, 25, ABplpppaapa, 195, 27828, 19146, 688, , 27828, 25000, 27851, 27842, 0, 
41, 1, 436, 372, -1, 468, 246, 5.0, 24, ABprppppaap, 187, 36372, 22114, 608, , 36372, 25000, 34231, 34431, 0, 
42, 1, 220, 212, -1, 252, 303, 19.9, 24, MSpaaaapp, 246, 27849, 16821, 604, , 27849, 25000, 27955, 28096, 0, 
43, 1, 189, 45, -1, 271, 193, 17.5, 25, MSapapaa, 203, 29331, 22526, 768, , 29331, 25000, 27922, 27986, 0, 
44, 1, 91, 423, -1, 519, 117, 14.4, 27, ABplapappa, 362, 27499, 27169, 988, , 27499, 25000, 27307, 27362, 0, 
45, 0, 59, -1, -1, 217, 138, 12.2, 24, , 53, 1404, 18713, 656, , 28526, 25000, 27267, 27122, 0, 
46, 1, 6, 175, -1, 469, 331, 25.6, 35, Cpaaap, 75, 27477, 53086, 1932, , 27477, 25000, 28560, 28627, 0, 
47, 1, 223, 311, -1, 225, 353, 10.2, 27, ABpraaaapa, 99, 26339, 22862, 868, , 26339, 25000, 27928, 28014, 0, 
48, 1, 41, 25, -1, 411, 151, 9.3, 27, ABplppaapp, -262, 28614, 26439, 924, , 28614, 25000, 27894, 27860, 0, 
49, 1, 447, 416, -1, 326, 208, 9.7, 29, ABalpappppp, 276, 28965, 30935, 1068, , 28965, 25000, 29545, 29256, 0, 
50, 1, 167, 154, -1, 176, 304, 10.6, 28, ABalaapppa, 328, 26355, 26039, 988, , 26355, 25000, 28178, 28231, 0, 
51, 1, 194, 74, -1, 346, 117, 11.7, 24, ABplpaaaapp, 214, 27771, 19551, 704, , 27771, 25000, 27858, 27868, 0, 
52, 1, 44, 256, -1, 423, 389, 21.2, 29, ABarpppapp, -48, 29226, 32499, 1112, , 29226, 25000, 27523, 27408, 0, 
53, 1, 372, 135, -1, 471, 162, 25.4, 30, ABplappapa, 78, 27447, 31729, 1156, , 27447, 25000, 28189, 28202, 0, 
54, 1, 228, 144, -1, 552, 332, 8.6, 25, ABprapappa, -12, 27832, 23156, 832, , 27832, 25000, 28146, 28126, 0, 
55, 1, 202, 48, -1, 430, 198, 9.2, 27, MSpappaa, 265, 28169, 24451, 868, , 28169, 25000, 28872, 29101, 0, 
56, 1, 85, 460, -1, 440, 125, 19.5, 29, ABplappaaa, -150, 28158, 30411, 1080, , 28158, 25000, 27949, 28120, 0, 
57, 1, 349, 449, -1, 267, 311, 16.9, 26, MSpaapaa, 242, 28978, 23182, 800, , 28978, 25000, 28330, 28359, 0, 
58, 1, 366, 64, -1, 265, 381, 10.7, 27, ABprpaapap, 54, 27175, 25110, 924, , 27175, 25000, 27440, 27435, 0, 
59, 1, 2, 205, -1, 484, 216, 8.9, 24, ABprpappppp, 173, 28811, 17402, 604, , 28811, 25000, 28546, 28609, 0, 
60, 1, 324, 128, -1, 370, 260, 7.5, 25, ABprpapppaa, 191, 30424, 23366, 768, , 30424, 25000, 30231, 30296, 0, 
61, 1, 133, 15, -1, 340, 340, 15.6, 26, Dpaaa, 231, 27806, 23135, 832, , 27806, 25000, 28616, 28574, 0, 
62, 1, 140, 47, -1, 347, 194, 26.2, 29, ABarppaaap, 251, 28929, 32169, 1112, , 28929, 25000, 28745, 28835, 0, 
63, 1, 351, 111, -1, 239, 201, 13.6, 27, ABalpaaapa, 210, 26557, 26238, 988, , 26557, 25000, 27978, 28081, 0, 
64, 1, 190, 418, -1, 445, 318, 9.2, 26, MSpapppp, 259, 27039, 21523, 796, , 27039, 25000, 28787, 28798, 0, 
65, 1, 123, 283, -1, 153, 184, 20.7, 29, ABalapaaap, 245, 26743, 28562, 1068, , 26743, 25000, 27437, 27382, 0, 
66, 1, 265, 43, -1, 209, 209, 10.3, 27, ABalpaaaaa, 357, 26856, 24815, 924, , 26856, 25000, 28577, 28560, 0, 
67, 1, 218, 292, -1, 347, 225, 15.5, 29, MSaapapa, -149, 38314, 41379, 1080, , 38314, 25000, 30527, 30417, 0, 
68, 1, 212, 61, -1, 225, 248, 26.4, 29, ABplaaaaapp, 198, 29336, 33912, 1156, , 29336, 25000, 28357, 28261, 0, 
69, 1, 224, 5, -1, 231, 192, 20.7, 32, ABplaapapa, -49, 27482, 43532, 1584, , 27482, 25000, 27781, 27981, 0, 
70, 1, 257, 8, -1, 483, 396, 18.7, 28, ABprappapa, -170, 27084, 28817, 1064, , 27084, 25000, 28239, 28217, 0, 
71, 1, 231, 301, -1, 322, 205, 12.5, 27, MSaapaaap, 181, 33626, 30129, 896, , 33626, 25000, 29698, 29411, 0, 
72, 1, 150, 129, -1, 362, 131, 21.6, 27, ABplapaapa, 130, 27878, 27543, 988, , 27878, 25000, 28012, 28107, 0, 
73, 1, 79, 229, -1, 520, 376, 12.1, 26, ABprappapp, -102, 27750, 22200, 800, , 27750, 25000, 27640, 27648, 0, 
74, 1, 380, 156, -1, 395, 152, 14.5, 30, MSaapppa, 235, 26876, 33111, 1232, , 26876, 25000, 28082, 28213, 0, 
75, 1, 178, 59, -1, 323, 142, 16.0, 24, ABplppaaaaa, 177, 27898, 16962, 608, , 27898, 25000, 28282, 28350, 0, 
76, 1, 442, 462, -1, 268, 214, 14.5, 27, ABalpaaapp, 232, 27902, 25000, 896, , 27902, 25000, 27878, 27849, 0, 
77, 0, 339, -1, -1, 334, 202, 7.0, 23, , 227, 1843, 16987, 512, , 33178, 25000, 31542, 31335, 0, 
78, 1, 131, 192, -1, 368, 144, 11.8, 26, ABplppaapa, 198, 26529, 21117, 796, , 26529, 25000, 27565, 27598, 0, 
79, 0, 134, -1, -1, 85, 262, 16.0, 27, , -433, 1924, 29854, 1032, , 28928, 25000, 27004, 27004, 0, 
80, 1, 158, 323, -1, 481, 261, 13.1, 32, Eprpp, 305, 27119, 42739, 1576, , 27119, 25000, 28559, 28575, 0, 
81, 1, 102, 124, -1, 150, 266, 18.3, 29, MSaaaaaa, 156, 26628, 28439, 1068, , 26628, 25000, 27310, 27286, 0, 
82, 1, 20, 38, -1, 266, 343, 25.3, 30, ABarpapapp, 252, 30203, 39505, 1308, , 30203, 25000, 28962, 29102, 0, 
83, 1, 439, 375, -1, 201, 234, 22.7, 25, ABplaaaaapa, 208, 27243, 20814, 764, , 27243, 25000, 27646, 27749, 0, 
84, 1, 387, 187, -1, 224, 183, 18.4, 25, ABalpppppaa, 210, 26351, 21924, 832, , 26351, 25000, 27687, 27640, 0, 
85, 1, 435, 439, -1, 365, 350, 18.0, 25, Dpaap, 238, 27455, 20976, 764, , 27455, 25000, 28567, 28584, 0, 
86, 0, 284, -1, -1, 263, 177, 12.9, 24, , 177, -206, 17211, 604, , 28495, 25000, 28397, 28701, 0, 
87, 1, 207, 199, -1, 145, 271, 8.5, 27, ABalaapaaa, 260, 28506, 25541, 896, , 28506, 25000, 28617, 28693, 0, 
88, 1, 58, 202, -1, 207, 152, 20.0, 23, ABalppppaad, 229, 28604, 14645, 512, , 28604, 25000, 27795, 27882, 0, 
89, 1, 30, 117, -1, 232, 233, 6.5, 26, ABarapaaap, 214, 34595, 30997, 896, , 34595, 25000, 34909, 35179, 0, 
90, 1, 342, 331, -1, 365, 238, 5.3, 25, ABprpappapa, 201, 33657, 25714, 764, , 33657, 25000, 35693, 35896, 0, 
91, 1, 352, 119, -1, 359, 217, 9.3, 24, MSaappaa, 208, 29581, 20825, 704, , 29581, 25000, 29597, 29711, 0, 
92, 1, 88, 42, -1, 228, 220, 23.5, 26, MSapappa, 259, 28109, 25186, 896, , 28109, 25000, 28232, 28216, 0, 
93, 0, 17, -1, -1, 215, 298, 25.6, 24, , 214, 828, 20970, 700, , 29957, 25000, 29126, 29129, 0, 
94, 1, 110, 320, -1, 306, 250, 8.8, 25, ABarapapppa, 149, 28223, 19869, 704, , 28223, 25000, 29207, 29391, 0, 
95, 1, 273, 9, -1, 362, 162, 9.5, 28, ABplpapapa, 196, 28358, 30627, 1080, , 28358, 25000, 28657, 28809, 0, 
96, 1, 151, 60, -1, 244, 271, 17.2, 26, ABaraappapp, 144, 26405, 21018, 796, , 26405, 25000, 27586, 27761, 0, 
97, 1, 252, 399, -1, 514, 275, 16.8, 33, Eprpa, 337, 28607, 49890, 1744, , 28607, 25000, 29251, 29216, 0, 
98, 1, 432, 18, -1, 285, 207, 9.6, 27, ABalpappppa, 129, 27055, 26730, 988, , 27055, 25000, 29020, 29258, 0, 
99, 1, 413, 20, -1, 441, 401, 17.8, 29, ABarppppap, 248, 28535, 31731, 1112, , 28535, 25000, 27961, 27984, 0, 
100, 1, 112, 241, -1, 543, 132, 17.5, 27, ABarppappp, 225, 27629, 24756, 896, , 27629, 25000, 27592, 27548, 0, 
101, 1, 237, 277, -1, 421, 126, 21.4, 29, ABplapaapp, 130, 27233, 31481, 1156, , 27233, 25000, 27595, 27636, 0, 
102, 1, 327, 414, -1, 399, 355, 20.0, 27, Dpppa, 256, 27968, 28863, 1032, , 27968, 25000, 28119, 28120, 0, 
103, 1, 64, 4, -1, 336, 262, 13.5, 25, MSpapaapa, 256, 34414, 26430, 768, , 34414, 25000, 31149, 30810, 0, 
104, 1, 261, 28, -1, 217, 202, 26.7, 25, ABplaaapaa, 278, 28437, 21726, 764, , 28437, 25000, 29157, 29183, 0, 
105, 1, 83, 130, -1, 481, 188, 9.7, 29, ABplpppppa, 255, 27284, 29139, 1068, , 27284, 25000, 28059, 28074, 0, 
106, 1, 204, 138, -1, 581, 316, 13.1, 29, ABarpppppp, 259, 28969, 34995, 1208, , 28969, 25000, 28119, 28164, 0, 
107, 1, 33, 398, -1, 282, 156, 8.2, 25, ABalppapapp, 185, 28831, 20297, 704, , 28831, 25000, 29482, 29868, 0, 
108, 1, 260, 339, -1, 559, 230, 23.4, 31, Cpaapp, 287, 28283, 37673, 1332, , 28283, 25000, 28479, 28508, 0, 
109, 1, 219, 32, -1, 529, 149, 13.6, 25, ABplapppaa, 218, 26572, 22108, 832, , 26572, 25000, 27332, 27334, 0, 
110, 1, 73, 106, -1, 193, 345, 10.6, 25, ABpraaaaap, 176, 27358, 22762, 832, , 27358, 25000, 27933, 28088, 0, 
111, 1, 277, 355, -1, 225, 203, 8.0, 25, ABalpaaaap, 213, 29657, 22658, 764, , 29657, 25000, 29519, 29335, 0, 
112, 1, 294, 223, -1, 492, 332, 6.3, 26, ABprppappp, 319, 33210, 28428, 856, , 33210, 25000, 36369, 36573, 0, 
113, 1, 77, 120, -1, 400, 128, 12.6, 25, ABplppappa, 242, 27617, 22977, 832, , 27617, 25000, 27434, 27483, 0, 
114, 1, 169, 381, -1, 447, 355, 20.2, 29, Dpppp, 227, 27854, 30974, 1112, , 27854, 25000, 28403, 28407, 0, 
115, 1, 144, 472, -1, 129, 283, 16.5, 24, ABalapppaaa, 208, 26971, 20714, 768, , 26971, 25000, 26924, 26988, 0, 
116, 1, 31, 276, -1, 233, 262, 11.4, 27, ABarapaapa, 278, 27435, 27106, 988, , 27435, 25000, 28538, 28554, 0, 
117, 1, 53, 82, -1, 240, 124, 15.7, 27, ABplpaaapa, 15, 27345, 25267, 924, , 27345, 25000, 27461, 27461, 0, 
118, 1, 411, 102, -1, 263, 128, 17.7, 23, ABplpaapapp, 202, 29041, 17192, 592, , 29041, 25000, 27552, 27604, 0, 
119, 1, 103, 90, -1, 545, 355, 11.2, 27, ABprapapap, 161, 27001, 23437, 868, , 27001, 25000, 27408, 27382, 0, 
120, 1, 116, 173, -1, 286, 344, 15.4, 27, ABpraaapppa, 220, 27948, 27613, 988, , 27948, 25000, 27449, 27458, 0, 
121, 1, 363, 194, -1, 193, 191, 18.5, 24, ABalppppaav, 165, 27680, 21258, 768, , 27680, 25000, 27443, 27312, 0, 
122, 1, 215, 179, -1, 177, 264, 6.4, 28, ABaraaappp, 290, 34288, 33877, 988, , 34288, 25000, 36045, 36925, 0, 
123, 1, 208, 137, -1, 570, 339, 17.0, 29, ABprapapaa, 273, 27134, 33320, 1228, , 27134, 25000, 27477, 27475, 0, 
124, 1, 446, 366, -1, 216, 306, 17.7, 23, MSpaaaapa, 230, 28090, 16629, 592, , 28090, 25000, 28271, 28338, 0, 
125, 1, 3, 104, -1, 324, 231, 18.9, 24, MSaaappa, 164, 29356, 17731, 604, , 29356, 25000, 29170, 29060, 0, 
126, 1, 427, 294, -1, 367, 161, 23.5, 28, ABplapaaapp, 211, 28208, 30465, 1080, , 28208, 25000, 28641, 28703, 0, 
127, 1, 138, 236, -1, 429, 374, 15.5, 26, Dppap, 258, 27469, 24612, 896, , 27469, 25000, 28757, 28821, 0, 
128, 1, 39, 133, -1, 145, 250, 14.0, 25, ABaraaaapa, 224, 27538, 21039, 764, , 27538, 25000, 27453, 27591, 0, 
129, 1, 376, 309, -1, 362, 348, 12.4, 25, Dpapa, 190, 28149, 23420, 832, , 28149, 25000, 28213, 28211, 0, 
130, 1, 262, 336, -1, 251, 328, 8.6, 29, ABprpaaaaa, 157, 27491, 31780, 1156, , 27491, 25000, 28316, 28496, 0, 
131, 1, 398, 31, -1, 300, 201, 7.1, 25, ABalpappapp, 249, 29418, 18710, 636, , 29418, 25000, 31774, 31327, 0, 
132, 1, 271, 182, -1, 154, 195, 23.7, 25, ABplaapaapa, 837, 26652, 20362, 764, , 26652, 25000, 27369, 27289, 0, 
133, 1, 177, 76, -1, 548, 152, 10.6, 25, ABplappppp, 203, 27417, 22811, 832, , 27417, 25000, 27882, 27806, 0, 
134, 1, 200, 378, -1, 462, 393, 12.6, 26, ABprappaaa, 250, 27565, 22934, 832, , 27565, 25000, 28003, 28166, 0, 
135, 1, 206, 189, -1, 263, 358, 7.8, 27, ABprpaaapa, 35, 28571, 24800, 868, , 28571, 25000, 29758, 29955, 0, 
136, 1, 10, 88, -1, 315, 350, 12.9, 25, MSppppaa, 198, 27010, 18583, 688, , 27010, 25000, 28143, 28149, 0, 
137, 0, 286, -1, -1, 151, 254, 24.1, 26, , 218, 211, 22932, 800, , 28665, 25000, 28098, 28454, 0, 
138, 1, 397, 227, -1, 482, 334, 11.1, 32, Cppaap, 291, 27632, 43548, 1576, , 27632, 25000, 28843, 28852, 0, 
139, 1, 297, 305, -1, 198, 175, 25.8, 26, ABplaapaapp, 220, 27964, 22259, 796, , 27964, 25000, 28287, 28292, 0, 
140, 1, 22, 264, -1, 143, 290, 22.3, 26, ABarpaaaaa, 286, 28237, 24171, 856, , 28237, 25000, 28106, 28129, 0, 
141, 1, 298, 437, -1, 346, 292, 24.3, 31, ABarpaappp, 302, 28056, 38381, 1368, , 28056, 25000, 28016, 28142, 0, 
142, 1, 94, 444, -1, 334, 295, 16.1, 23, MSpaapapp, 233, 27952, 13864, 496, , 27952, 25000, 28809, 28598, 0, 
143, 0, 269, -1, -1, 222, 283, 19.5, 24, , 206, -1153, 20476, 768, , 26661, 25000, 27658, 27814, 0, 
144, 1, 13, 115, -1, 328, 370, 19.9, 28, ABprapaaaa, 225, 27332, 29737, 1088, , 27332, 25000, 28113, 28109, 0, 
145, 1, 263, 379, -1, 543, 307, 13.4, 32, Cpppap, 263, 27430, 40706, 1484, , 27430, 25000, 28242, 28299, 0, 
146, 1, 203, 430, -1, 340, 262, 10.7, 27, MSpapaaap, 214, 37668, 34805, 924, , 37668, 25000, 31114, 30734, 0, 
147, 1, 132, 79, -1, 352, 208, 12.4, 26, MSaapappa, 169, 29861, 24844, 832, , 29861, 25000, 30000, 29986, 0, 
148, 1, 111, 78, -1, 285, 273, 5.5, 24, ABarappapaa, 172, 34770, 26703, 768, , 34770, 25000, 33845, 33551, 0, 
149, 1, 274, 58, -1, 435, 181, 22.4, 28, Dapap, 280, 28134, 27796, 988, , 28134, 25000, 28517, 28490, 0, 
150, 1, 373, 373, -1, 517, 346, 15.5, 30, Cppapa, 81, 28588, 35220, 1232, , 28588, 25000, 28510, 28517, 0, 
151, 1, 101, 193, -1, 533, 366, 18.7, 29, ABarpppppa, 291, 27039, 28878, 1068, , 27039, 25000, 28010, 28014, 0, 
152, 1, 12, 155, -1, 260, 150, 10.6, 25, ABalppapppa, 207, 27944, 23249, 832, , 27944, 25000, 28201, 28321, 0, 
153, 1, 16, 382, -1, 581, 278, 12.1, 28, ABprapappp, 230, 28155, 30633, 1088, , 28155, 25000, 28193, 28212, 0, 
154, 1, 267, 67, -1, 251, 172, 19.1, 23, ABalpppppap, 209, 29544, 14654, 496, , 29544, 25000, 27130, 27183, 0, 
155, 1, 400, 149, -1, 223, 161, 8.5, 28, ABalppapaa, 344, 27486, 29685, 1080, , 27486, 25000, 28956, 28964, 0, 
156, 1, 385, 317, -1, 172, 166, 22.4, 27, ABalppppapa, 180, 28271, 27932, 988, , 28271, 25000, 27540, 27606, 0, 
157, 1, 198, 362, -1, 256, 389, 19.1, 27, ABarpappap, 240, 27718, 25168, 908, , 27718, 25000, 28468, 28579, 0, 
158, 1, 66, 27, -1, 213, 166, 22.6, 25, ABalppppapp, 163, 28268, 23519, 832, , 28268, 25000, 27663, 27675, 0, 
159, 1, 346, 136, -1, 514, 161, 24.8, 28, ABarppappa, 282, 27690, 29130, 1052, , 27690, 25000, 28107, 28132, 0, 
160, 1, 335, 215, -1, 457, 213, 6.6, 26, ABplpapppp, 235, 32341, 26908, 832, , 32341, 25000, 32331, 32333, 0, 
161, 1, 93, 57, -1, 143, 189, 12.2, 26, ABalaaaala, 252, 27528, 21912, 796, , 27528, 25000, 27668, 27640, 0, 
162, 1, 184, 296, -1, 391, 178, 8.0, 24, ABplpapappa, 191, 27873, 16947, 608, , 27873, 25000, 29364, 29271, 0, 
163, 1, 361, 127, -1, 494, 387, 13.8, 26, ABprappaap, 25, 27126, 21592, 796, , 27126, 25000, 28052, 28049, 0, 
164, 1, 230, 232, -1, 491, 265, 9.4, 30, ABprpppppa, 245, 27667, 31983, 1156, , 27667, 25000, 28659, 28662, 0, 
165, 1, 170, 284, -1, 452, 166, 14.4, 29, Capaap, 294, 26702, 30867, 1156, , 26702, 25000, 28358, 28403, 0, 
166, 1, 139, 389, -1, 267, 372, 17.1, 27, ABpraapappp, 249, 27578, 25041, 908, , 27578, 25000, 28109, 27995, 0, 
167, 1, 364, 134, -1, 325, 316, 25.4, 31, ABarpaappa, 291, 27375, 36464, 1332, , 27375, 25000, 28293, 28396, 0, 
168, 1, 336, 53, -1, 260, 247, 12.5, 25, ABarapaappa, 199, 28292, 21728, 768, , 28292, 25000, 27781, 27923, 0, 
169, 1, 7, 86, -1, 196, 138, 14.4, 28, ABalpppaaa, 263, 27265, 26938, 988, , 27265, 25000, 27726, 27809, 0, 
170, 1, 290, 244, -1, 379, 150, 17.1, 24, Daapp, 249, 26859, 16223, 604, , 26859, 25000, 28140, 28212, 0, 
171, 1, 76, 87, -1, 542, 270, 24.0, 33, Caaapa, 300, 28069, 50748, 1808, , 28069, 25000, 28212, 28267, 0, 
172, 1, 114, 163, 166, 411, 362, 7.6, 27, ABprppapaa, -107, 29057, 28708, 988, , 29057, 25000, 29946, 29960, 0, 
173, 1, 165, 125, -1, 253, 297, 7.5, 23, ABarappppap, 164, 29128, 18409, 632, , 29128, 25000, 29538, 29128, 0, 
174, 1, 185, 84, -1, 277, 239, 5.3, 28, ABarappaap, 306, 38291, 40742, 1064, , 38291, 25000, 34064, 34457, 0, 
175, 1, 61, 23, -1, 481, 114, 18.4, 28, ABplappapp, 198, 28066, 27729, 988, , 28066, 25000, 27367, 27330, 0, 
176, 1, 142, 274, -1, 316, 209, 24.2, 32, ABplapaaaa, 41, 28103, 45189, 1608, , 28103, 25000, 27797, 27802, 0, 
177, 1, 325, 438, -1, 315, 201, 18.6, 24, Daaaa, 203, 27189, 19032, 700, , 27189, 25000, 28635, 28638, 0, 
178, 1, 227, 327, -1, 428, 324, 12.5, 26, MSpppaap, 264, 28842, 25842, 896, , 28842, 25000, 29252, 29250, 0, 
179, 1, 362, 410, -1, 247, 177, 26.3, 32, ABplaaapap, -122, 28958, 45870, 1584, , 28958, 25000, 29514, 29872, 0, 
180, 1, 333, 310, -1, 322, 393, 11.7, 27, ABpraappap, 248, 26446, 24436, 924, , 26446, 25000, 27551, 27648, 0, 
181, 1, 183, 33, -1, 357, 322, 5.4, 32, ABarappapp, 321, 35886, 53255, 1484, , 35886, 25000, 34379, 35115, 0, 
182, 1, 132, 100, -1, 378, 209, 13.5, 28, MSaapappp, 217, 28367, 30636, 1080, , 28367, 25000, 29933, 30082, 0, 
183, 1, 370, 41, -1, 188, 349, 23.0, 28, ABarpapaaa, 278, 28294, 31916, 1128, , 28294, 25000, 27858, 27775, 0, 
184, 1, 163, 376, -1, 394, 303, 9.4, 28, MSpapppa, 205, 27007, 26683, 988, , 27007, 25000, 28590, 28641, 0, 
185, 1, 418, 450, -1, 238, 333, 13.4, 24, ABpraaappaa, 160, 27474, 19232, 700, , 27474, 25000, 27896, 27849, 0, 
186, 1, 34, 269, -1, 499, 236, 18.5, 30, Eplap, 288, 27498, 33877, 1232, , 27498, 25000, 28857, 28903, 0, 
187, 1, 56, 325, -1, 251, 204, 5.1, 28, ABalpapaap, 376, 40245, 43787, 1088, , 40245, 25000, 38426, 38893, 0, 
188, 1, 296, 291, -1, 440, 266, 5.5, 24, ABprppppaaa, 183, 35206, 27038, 768, , 35206, 25000, 34221, 34202, 0, 
189, 1, 288, 360, -1, 415, 202, 25.1, 30, ABarppaapp, 294, 28456, 38587, 1356, , 28456, 25000, 28338, 28319, 0, 
190, 1, 129, 354, -1, 293, 160, 17.9, 25, MSapppaa, 177, 28270, 19450, 688, , 28270, 25000, 27754, 27777, 0, 
191, 1, 312, 238, -1, 537, 124, 11.8, 27, ABplappppa, -310, 27749, 24086, 868, , 27749, 25000, 27178, 27243, 0, 
192, 1, 242, 243, -1, 515, 156, 11.0, 27, ABplapppap, -367, 28379, 29287, 1032, , 28379, 25000, 27702, 27852, 0, 
193, 1, 246, 394, -1, 479, 184, 5.1, 24, ABplppppapp, 205, 36737, 22189, 604, , 36737, 25000, 35400, 35429, 0, 
194, 1, 51, 307, -1, 132, 213, 19.1, 26, ABalapaaaa, 128, 26238, 20990, 800, , 26238, 25000, 27200, 27210, 0, 
195, 1, 451, 195, -1, 181, 270, 20.5, 26, MSaaaaapa, -177, 27973, 25064, 896, , 27973, 25000, 27308, 27329, 0, 
196, 1, 82, 140, -1, 311, 159, 22.0, 23, ABplpaappap, 216, 28455, 14569, 512, , 28455, 25000, 27536, 27536, 0, 
197, 1, 323, 333, -1, 288, 254, 12.9, 24, ABarapaappp, 207, 26694, 16123, 604, , 26694, 25000, 28189, 28127, 0, 
198, 1, 143, 425, -1, 188, 247, 26.7, 29, ABplaaaaaa, 295, 29513, 31520, 1068, , 29513, 25000, 28582, 28654, 0, 
199, 1, 46, 340, -1, 401, 321, 25.4, 34, Cpaaaa, 344, 27919, 49695, 1780, , 27919, 25000, 28261, 28262, 0, 
200, 1, 28, 321, -1, 548, 302, 9.9, 25, ABprapppaa, 201, 28020, 19278, 688, , 28020, 25000, 28437, 28427, 0, 
201, 1, 310, 225, -1, 332, 341, 9.4, 29, ABprppaaaa, -22, 27203, 31447, 1156, , 27203, 25000, 27539, 27515, 0, 
202, 1, 199, 142, -1, 561, 179, 8.6, 26, ABplppppppp, 189, 28447, 23668, 832, , 28447, 25000, 28957, 29110, 0, 
203, 1, 216, 322, -1, 274, 158, 20.5, 24, ABplpaappaa, 186, 25819, 19829, 768, , 25819, 25000, 27481, 27375, 0, 
204, 1, 42, 452, -1, 243, 143, 18.5, 24, ABalpppapad, 200, 27626, 21217, 768, , 27626, 25000, 27713, 27836, 0, 
205, 1, 118, 114, -1, 281, 261, 17.9, 22, MSaaapapa, 204, 26797, 12434, 464, , 26797, 25000, 27964, 27908, 0, 
206, 1, 302, 116, -1, 289, 383, 15.9, 27, ABpraaapppp, 244, 27653, 25109, 908, , 27653, 25000, 28416, 28539, 0, 
207, 1, 71, 49, 224, 447, 140, 9.5, 30, ABplpppaaa, 210, 27559, 33953, 1232, , 27559, 25000, 28006, 28042, 0, 
208, 1, 239, 97, -1, 553, 157, 15.9, 29, ABplapappp, -47, 27935, 33745, 1208, , 27935, 25000, 28207, 28338, 0, 
209, 1, 141, 233, -1, 307, 162, 9.9, 27, ABplpapaaa, 278, 28422, 25807, 908, , 28422, 25000, 28722, 28866, 0, 
210, 1, 355, 132, -1, 538, 275, 7.6, 28, ABprapppap, 240, 28699, 28355, 988, , 28699, 25000, 30895, 30881, 0, 
211, 1, 423, 186, -1, 194, 229, 14.8, 25, ABalpaapaap, 17, 28438, 20020, 704, , 28438, 25000, 28065, 28128, 0, 
212, 1, 65, 95, -1, 170, 362, 18.3, 26, ABpraapaapa, 206, 28696, 24564, 856, , 28696, 25000, 27830, 27847, 0, 
213, 1, 127, 122, -1, 339, 250, 8.1, 27, ABarapapppp, 111, 28468, 25849, 908, , 28468, 25000, 30210, 29650, 0, 
214, 1, 330, 160, 395, 407, 273, 5.9, 24, ABprpapapp, 228, 34680, 20947, 604, , 34680, 25000, 33760, 33677, 0, 
215, 1, 392, 131, -1, 328, 285, 5.4, 26, ABarappapap, 188, 36629, 30475, 832, , 36629, 25000, 36397, 37322, 0, 
216, 1, 332, 226, 258, 489, 353, 18.4, 30, Cpppaa, 305, 28599, 33060, 1156, , 28599, 25000, 28201, 28198, 0, 
217, 1, 379, 210, -1, 300, 200, 4.7, 24, ABprpappaaa, 232, 38801, 27316, 704, , 38801, 25000, 36876, 36887, 0, 
218, 1, 301, 92, -1, 274, 244, 22.5, 29, MSapappp, 280, 27618, 29827, 1080, , 27618, 25000, 28112, 28206, 0, 
219, 1, 97, 408, -1, 476, 273, 5.4, 25, ABprppppapa, 190, 35377, 29434, 832, , 35377, 25000, 33806, 33310, 0, 
220, 1, 244, 112, -1, 232, 226, 10.7, 23, ABalpappaaa, 191, 29637, 17545, 592, , 29637, 25000, 27912, 27934, 0, 
221, 1, 374, 278, -1, 144, 248, 10.7, 27, ABalaaaarr, 52, 28232, 26086, 924, , 28232, 25000, 27389, 27217, 0, 
222, 1, 197, 46, -1, 279, 335, 6.3, 26, ABprpaaappa, 221, 32686, 27979, 856, , 32686, 25000, 35017, 35583, 0, 
223, 1, 313, 37, -1, 210, 285, 5.4, 27, ABarapppaa, 277, 39276, 38805, 988, , 39276, 25000, 36615, 36827, 0, 
224, 1, 72, 176, -1, 232, 262, 5.9, 27, ABarappaaa, 365, 35979, 32669, 908, , 35979, 25000, 35417, 34970, 0, 
225, 1, 104, 93, -1, 306, 348, 8.7, 24, ABprpaaappp, 194, 29173, 20538, 704, , 29173, 25000, 28284, 28449, 0, 
226, 1, 383, 197, -1, 246, 179, 6.9, 24, ABalpapaaap, -13, 31629, 19104, 604, , 31629, 25000, 35184, 35605, 0, 
227, 1, 43, 50, -1, 551, 216, 10.2, 29, Caapa, 296, 27408, 30478, 1112, , 27408, 25000, 29076, 28939, 0, 
228, 1, 130, 299, -1, 481, 300, 5.6, 29, ABprpppaaa, 197, 33894, 39181, 1156, , 33894, 25000, 34174, 33966, 0, 
229, 1, 343, 228, -1, 430, 325, 24.6, 30, Caaaaa, 255, 27938, 32296, 1156, , 27938, 25000, 28321, 28366, 0, 
230, 1, 433, 34, -1, 186, 316, 7.5, 23, ABalaappap, 171, 31592, 19966, 632, , 31592, 25000, 31199, 31594, 0, 
231, 1, 214, 10, -1, 306, 282, 13.1, 27, ABaraapppp, 167, 27126, 24630, 908, , 27126, 25000, 28890, 28690, 0, 
232, 1, 156, 319, -1, 175, 291, 7.0, 26, ABalaapaap, 5, 30157, 25694, 852, , 30157, 25000, 34467, 35048, 0, 
233, 1, 420, 52, -1, 286, 133, 10.5, 24, ABalppapppp, 176, 29492, 22650, 768, , 29492, 25000, 27723, 27699, 0, 
234, 1, 78, 411, -1, 263, 278, 22.0, 26, MSaaaapap, 419, 28022, 23875, 852, , 28022, 25000, 28733, 28667, 0, 
235, 1, 89, 26, -1, 437, 119, 14.6, 29, ABplppapap, 264, 27401, 31675, 1156, , 27401, 25000, 27917, 28068, 0, 
236, 1, 154, 343, -1, 181, 284, 26.5, 30, ABarpaaaap, 286, 28719, 35382, 1232, , 28719, 25000, 29147, 29215, 0, 
237, 1, 55, 81, -1, 512, 120, 18.8, 27, ABplapapap, 271, 27217, 23624, 868, , 27217, 25000, 27674, 27778, 0, 
238, 1, 322, 3, -1, 212, 190, 6.4, 24, ABalpapaaaa, 241, 34366, 24056, 700, , 34366, 25000, 38460, 39400, 0, 
239, 1, 270, 285, -1, 210, 374, 17.8, 25, ABpraapaapp, 235, 28125, 19800, 704, , 28125, 25000, 27450, 27454, 0, 
240, 1, 256, 374, -1, 209, 313, 14.8, 29, MSppaaap, 5, 28379, 31557, 1112, , 28379, 25000, 28263, 28421, 0, 
241, 1, 48, 409, -1, 277, 172, 23.2, 26, ABalppppppp, 255, 28260, 22495, 796, , 28260, 25000, 27829, 27833, 0, 
242, 1, 146, 171, -1, 440, 273, 9.7, 32, Z2, 319, 28182, 44641, 1584, , 28182, 25000, 28499, 28554, 0, 
243, 1, 5, 363, -1, 176, 350, 13.0, 24, ABalaappppp, 157, 28865, 17550, 608, , 28865, 25000, 27188, 27177, 0, 
244, 1, 412, 459, -1, 206, 150, 16.6, 24, ABalpppapav, 206, 26557, 18590, 700, , 26557, 25000, 27697, 27796, 0, 
245, 1, 434, 271, -1, 244, 273, 14.8, 34, ABaraaapapp, 307, 27352, 52297, 1912, , 27352, 25000, 27888, 28067, 0, 
246, 0, 234, -1, -1, 305, 174, 16.3, 23, , -50, 688, 16564, 592, , 27980, 25000, 27394, 27292, 0, 
247, 1, 321, 356, -1, 320, 162, 7.0, 28, ABalpapapap, 51, 31359, 35373, 1128, , 31359, 25000, 34461, 34779, 0, 
248, 1, 171, 83, -1, 265, 342, 20.6, 27, MSppappp, 265, 27689, 27357, 988, , 27689, 25000, 28150, 28140, 0, 
249, 1, 348, 110, -1, 271, 197, 26.2, 30, ABplaaappa, 114, 27772, 36659, 1320, , 27772, 25000, 28733, 28635, 0, 
250, 1, 115, 358, -1, 456, 264, 21.5, 33, Eplaa, 326, 27523, 44698, 1624, , 27523, 25000, 28419, 28379, 0, 
251, 1, 57, 250, -1, 187, 135, 18.3, 28, ABalpppaap, 388, 28805, 30648, 1064, , 28805, 25000, 27732, 27877, 0, 
252, 1, 317, 158, -1, 342, 255, 18.2, 26, MSaaappp, 206, 28652, 22807, 796, , 28652, 25000, 29382, 29271, 0, 
253, 0, 319, -1, -1, 377, 304, 16.4, 25, , 163, 723, 25232, 832, , 30327, 25000, 29637, 29604, 0, 
254, 1, 253, 239, -1, 385, 180, 20.4, 28, Dapaa, 272, 28675, 28331, 988, , 28675, 25000, 28741, 28751, 0, 
255, 1, 125, 19, -1, 146, 343, 19.9, 29, ABpraapaaa, 249, 27599, 33340, 1208, , 27599, 25000, 27602, 27628, 0, 
256, 1, 205, 405, -1, 276, 233, 16.9, 25, ABaraapapap, 204, 27554, 18957, 688, , 27554, 25000, 27821, 28069, 0, 
257, 1, 406, 231, -1, 227, 143, 22.0, 26, ABalpppappp, 47, 28669, 24426, 852, , 28669, 25000, 27975, 28142, 0, 
258, 1, 396, 217, -1, 287, 378, 8.5, 23, ABprpaapppa, 188, 27266, 17232, 632, , 27266, 25000, 28182, 28027, 0, 
259, 1, 14, 313, -1, 380, 108, 15.5, 26, ABplppapaaa, 62, 27488, 24629, 896, , 27488, 25000, 27574, 27648, 0, 
260, 1, 148, 268, -1, 302, 126, 17.0, 25, ABplpaappp, 226, 28601, 21851, 764, , 28601, 25000, 27917, 28003, 0, 
261, 1, 74, 288, -1, 181, 164, 10.3, 28, ABalaaaalp, 231, 26785, 28499, 1064, , 26785, 25000, 27473, 27517, 0, 
262, 1, 356, 77, -1, 200, 190, 13.5, 28, MSapaaaa, 177, 26910, 29063, 1080, , 26910, 25000, 27819, 27914, 0, 
263, 1, 164, 68, -1, 380, 250, 20.0, 34, Ealaa, 331, 28175, 56125, 1992, , 28175, 25000, 29112, 29180, 0, 
264, 1, 2, 85, -1, 473, 247, 8.2, 24, ABprpappppa, 161, 29020, 19037, 656, , 29020, 25000, 28882, 28893, 0, 
265, 1, 153, 235, -1, 272, 194, 20.6, 26, ABalppppppa, 51, 26933, 22408, 832, , 26933, 25000, 27224, 27292, 0, 
266, 1, 196, 147, -1, 207, 336, 8.0, 28, ABpraaaaaa, 37, 28587, 32246, 1128, , 28587, 25000, 30393, 30556, 0, 
267, 1, 92, 436, -1, 403, 239, 7.0, 25, ABprpapppap, 206, 30704, 23458, 764, , 30704, 25000, 32581, 32618, 0, 
268, 1, 50, 468, -1, 385, 291, 5.5, 23, ABprpapapap, 155, 39886, 25208, 632, , 39886, 25000, 34513, 34574, 0, 
269, 1, 280, 369, -1, 454, 180, 7.1, 23, ABplppppaap, 193, 30401, 15079, 496, , 30401, 25000, 30653, 30556, 0, 
270, 1, 425, 434, -1, 273, 321, 12.9, 27, MSppapaa, 7, 28044, 25464, 908, , 28044, 25000, 27839, 27859, 0, 
271, 1, 161, 98, -1, 324, 131, 10.2, 28, ABalpapapp, 267, 29136, 30651, 1052, , 29136, 25000, 28330, 28352, 0, 
272, 1, 293, 351, -1, 396, 400, 19.1, 28, ABarppppaa, 227, 29118, 31680, 1088, , 29118, 25000, 27734, 27710, 0, 
273, 1, 24, 352, -1, 258, 286, 14.2, 25, ABaraapppaa, 181, 27416, 19301, 704, , 27416, 25000, 28097, 28464, 0, 
274, 1, 201, 348, -1, 293, 394, 19.1, 28, ABarpapppa, 261, 27268, 29668, 1088, , 27268, 25000, 27866, 27981, 0, 
275, 1, 408, 350, -1, 240, 278, 26.2, 27, ABplaaaapa, 128, 28260, 24530, 868, , 28260, 25000, 28322, 28507, 0, 
276, 1, 186, 170, -1, 310, 112, 13.0, 26, ABplpaaaapa, 205, 27366, 23316, 852, , 27366, 25000, 27322, 27292, 0, 
277, 1, 99, 420, -1, 399, 388, 12.0, 30, ABpraapppp, 199, 27832, 37517, 1348, , 27832, 25000, 27850, 27962, 0, 
278, 1, 87, 148, -1, 542, 260, 10.5, 29, Cppppp, 276, 27762, 29983, 1080, , 27762, 25000, 28558, 28571, 0, 
279, 1, 70, 121, -1, 247, 126, 12.1, 28, ABalppaapp, -296, 27723, 30163, 1088, , 27723, 25000, 26938, 26951, 0, 
280, 1, 174, 316, -1, 314, 121, 19.5, 28, ABplaappap, 247, 28219, 30477, 1080, , 28219, 25000, 27841, 27848, 0, 
281, 1, 414, 404, -1, 547, 155, 21.8, 29, ABplapapaa, 178, 28574, 31774, 1112, , 28574, 25000, 27812, 27815, 0, 
282, 1, 108, 103, -1, 187, 226, 12.1, 27, ABaraaaaaa, 61, 26443, 24010, 908, , 26443, 25000, 28470, 28695, 0, 
283, 1, 179, 286, -1, 382, 184, 25.6, 29, ABarppapaa, 227, 27547, 31844, 1156, , 27547, 25000, 29019, 28889, 0, 
284, 1, 279, 216, -1, 283, 176, 5.7, 24, ABalpapapaa, 214, 41119, 28948, 704, , 41119, 25000, 38675, 38636, 0, 
285, 1, 377, 198, -1, 271, 137, 14.2, 25, ABplpaaappa, 220, 27099, 19078, 704, , 27099, 25000, 28394, 28288, 0, 
286, 1, 21, 203, -1, 416, 242, 18.4, 31, Ealap, 300, 27357, 36440, 1332, , 27357, 25000, 28499, 28606, 0, 
287, 1, 384, 89, -1, 477, 158, 11.9, 28, Capapp, 211, 28501, 31009, 1088, , 28501, 25000, 28634, 28669, 0, 
288, 1, 100, 334, -1, 548, 192, 20.5, 29, Capppa, 241, 28175, 30429, 1080, , 28175, 25000, 28495, 28523, 0, 
289, 1, 11, 300, -1, 586, 215, 19.4, 34, Cpapap, 339, 28015, 49866, 1780, , 28015, 25000, 28723, 28738, 0, 
290, 1, 368, 314, -1, 364, 303, 11.8, 26, MSpppaaa, 266, 28706, 22850, 796, , 28706, 25000, 28257, 28293, 0, 
291, 1, 155, 201, -1, 510, 171, 15.5, 30, Cappap, 244, 27539, 33928, 1232, , 27539, 25000, 28446, 28482, 0, 
292, 1, 441, 63, -1, 304, 192, 26.0, 27, ABplaaappp, 237, 29782, 30735, 1032, , 29782, 25000, 28940, 29136, 0, 
293, 1, 404, 428, -1, 421, 159, 12.8, 25, MSaapppp, 248, 26885, 18927, 704, , 26885, 25000, 28756, 28762, 0, 
294, 1, 105, 185, -1, 173, 244, 8.4, 26, ABaraaappa, 234, 27844, 23166, 832, , 27844, 25000, 28873, 28967, 0, 
295, 1, 243, 344, -1, 495, 166, 19.5, 30, Capapa, 279, 27413, 33773, 1232, , 27413, 25000, 28297, 28300, 0, 
296, 1, 1, 7, -1, 207, 276, 16.1, 24, ABaraappapa, 64, 28164, 17011, 604, , 28164, 25000, 27363, 27394, 0, 
297, 1, 95, 254, -1, 185, 174, 16.3, 25, ABalapaapa, -41, 26427, 20190, 764, , 26427, 25000, 27038, 27013, 0, 
298, 1, 69, 75, -1, 269, 207, 12.2, 28, ABalpapppa, 263, 27894, 29344, 1052, , 27894, 25000, 28189, 28126, 0, 
299, 1, 421, 451, -1, 151, 217, 21.0, 22, ABalapappaa, 213, 28010, 10756, 384, , 28010, 25000, 28026, 28303, 0, 
300, 1, 448, 458, -1, 160, 314, 18.0, 23, ABalappppaa, 174, 27160, 13906, 512, , 27160, 25000, 27662, 27618, 0, 
301, 1, 275, 289, -1, 320, 375, 9.0, 25, ABprpaapppp, 429, 28010, 21400, 764, , 28010, 25000, 28015, 28146, 0, 
302, 1, 68, 275, 402, 250, 247, 9.5, 28, ABarapapaa, 243, 27920, 30154, 1080, , 27920, 25000, 28128, 28197, 0, 
303, 1, 98, 69, -1, 296, 220, 15.5, 29, ABaraapapp, 261, 29027, 31349, 1080, , 29027, 25000, 28367, 28336, 0, 
304, 1, 295, 118, -1, 232, 358, 18.1, 24, ABpraapappa, 198, 27386, 16541, 604, , 27386, 25000, 27843, 27902, 0, 
305, 1, 409, 207, -1, 508, 262, 5.2, 24, ABprpppapaa, 224, 37858, 24835, 656, , 37858, 25000, 37530, 37017, 0, 
306, 1, 109, 370, -1, 217, 244, 19.1, 26, ABaraapaapp, 234, 27896, 22317, 800, , 27896, 25000, 27808, 27874, 0, 
307, 0, 63, -1, -1, 167, 333, 9.5, 24, , 203, 1313, 21984, 768, , 28625, 25000, 27363, 27312, 0, 
308, 1, 259, 332, -1, 465, 301, 17.4, 31, Earpp, 291, 27102, 36100, 1332, , 27102, 25000, 28598, 28656, 0, 
309, 1, 371, 263, -1, 318, 378, 14.9, 24, ABprpaappap, 346, 26719, 16138, 604, , 26719, 25000, 28152, 28296, 0, 
310, 1, 35, 113, -1, 406, 274, 13.7, 31, Earpa, 30, 28836, 39448, 1368, , 28836, 25000, 29745, 29805, 0, 
311, 1, 40, 255, -1, 456, 153, 6.7, 25, ABplppppapa, 243, 30948, 23644, 764, , 30948, 25000, 33223, 33586, 0, 
312, 1, 329, 298, -1, 435, 299, 5.4, 26, ABprppaapp, 255, 35097, 29201, 832, , 35097, 25000, 35043, 35064, 0, 
313, 1, 304, 456, -1, 303, 315, 5.2, 24, ABarapppppp, 117, 36977, 24257, 656, , 36977, 25000, 36584, 36651, 0, 
314, 1, 29, 6, -1, 247, 171, 23.9, 28, ABplaapappp, 253, 28199, 30681, 1088, , 28199, 25000, 28075, 28108, 0, 
315, 1, 45, 22, 397, 305, 256, 20.7, 29, MSaaaapp, 218, 26845, 28670, 1068, , 26845, 25000, 27716, 27740, 0, 
316, 1, 255, 190, -1, 573, 258, 8.6, 25, ABprappppp, 254, 27169, 22605, 832, , 27169, 25000, 28283, 28303, 0, 
317, 1, 338, 39, -1, 315, 246, 25.2, 26, ABarppaaaa, 234, 27802, 22130, 796, , 27802, 25000, 27849, 27901, 0, 
318, 1, 311, 465, -1, 325, 203, 5.1, 23, ABplpappaaa, 204, 37139, 18421, 496, , 37139, 25000, 36444, 36301, 0, 
319, 1, 107, 453, -1, 193, 252, 10.5, 27, ABaraaaaap, 272, 27071, 24256, 896, , 27071, 25000, 27895, 28033, 0, 
320, 0, 26, -1, -1, 156, 161, 13.3, 24, , 74, -223, 19390, 704, , 27543, 25000, 27783, 27766, 0, 
321, 1, 19, 442, -1, 582, 205, 12.9, 23, Caappd, 206, 27238, 13510, 496, , 27238, 25000, 27645, 27665, 0, 
322, 1, 176, 315, -1, 429, 332, 6.2, 26, ABprppappa, 264, 30573, 24336, 796, , 30573, 25000, 33267, 33366, 0, 
323, 1, 417, 443, -1, 360, 205, 21.4, 25, Daaap, 188, 28680, 23862, 832, , 28680, 25000, 28674, 28720, 0, 
324, 1, 15, 145, -1, 466, 123, 21.5, 28, ABplappaap, 120, 27306, 29490, 1080, , 27306, 25000, 27093, 27079, 0, 
325, 0, 254, -1, -1, 523, 240, 7.1, 24, , 63, 148, 19248, 604, , 31868, 25000, 31549, 31720, 0, 
326, 1, 217, 222, -1, 485, 147, 6.5, 24, ABplpppapaa, 210, 33897, 26033, 768, , 33897, 25000, 35795, 36124, 0, 
327, 1, 180, 421, -1, 134, 218, 13.0, 25, ABalaaaarl, 93, 26465, 20219, 764, , 26465, 25000, 27242, 27233, 0, 
328, 1, 32, 126, -1, 333, 183, 21.5, 27, ABplapaaapa, 268, 28301, 25358, 896, , 28301, 25000, 28264, 28337, 0, 
329, 1, 209, 213, -1, 289, 170, 13.9, 24, MSapapap, 239, 28272, 17076, 604, , 28272, 25000, 28204, 28216, 0, 
330, 1, 264, 257, -1, 316, 305, 11.5, 25, MSppaapp, 224, 27586, 21186, 768, , 27586, 25000, 27945, 27996, 0, 
331, 1, 4, 123, -1, 431, 205, 11.6, 32, Z3, 315, 26825, 39808, 1484, , 26825, 25000, 28435, 28485, 0, 
332, 1, 25, 337, -1, 189, 234, 17.2, 26, ABaraapaapa, 250, 27619, 21985, 796, , 27619, 25000, 27751, 27876, 0, 
333, 1, 399, 393, -1, 309, 344, 17.9, 27, MSppppap, 233, 26383, 23956, 908, , 26383, 25000, 28214, 28284, 0, 
334, 1, 266, 260, -1, 177, 191, 9.3, 27, ABalpaappp, 267, 27538, 25445, 924, , 27538, 25000, 28133, 28164, 0, 
335, 1, 27, 169, -1, 431, 394, 12.1, 26, ABprapaapp, -101, 26676, 21341, 800, , 26676, 25000, 28152, 28068, 0, 
336, 1, 389, 152, -1, 259, 345, 10.8, 26, ABprpaapaa, 203, 26833, 21359, 796, , 26833, 25000, 27717, 27917, 0, 
337, 1, 193, 461, -1, 323, 146, 13.0, 24, ABplpapaap, 217, 26974, 16400, 608, , 26974, 25000, 28915, 29082, 0, 
338, 1, 289, 16, -1, 354, 339, 21.5, 27, MSpppppp, 241, 27356, 24511, 896, , 27356, 25000, 28190, 28190, 0, 
339, 1, 307, 392, -1, 299, 383, 22.5, 29, ABarpapppp, 221, 27469, 29667, 1080, , 27469, 25000, 27884, 27788, 0, 
340, 1, 431, 267, -1, 296, 208, 12.5, 23, MSaapaaaa, 200, 30886, 19520, 632, , 30886, 25000, 29844, 30080, 0, 
341, 1, 90, 141, -1, 214, 293, 9.8, 26, MSppaaaa, 206, 26549, 21133, 796, , 26549, 25000, 28574, 28409, 0, 
342, 1, 52, 35, -1, 240, 347, 16.2, 31, ABpraapapa, 2, 28486, 41703, 1464, , 28486, 25000, 27540, 27664, 0, 
343, 1, 121, 184, -1, 128, 237, 16.6, 27, ABalaaapar, 229, 27738, 27405, 988, , 27738, 25000, 26696, 26693, 0, 
344, 1, 160, 2, -1, 312, 233, 6.4, 25, ABarapapapp, -101, 32054, 26669, 832, , 32054, 25000, 33437, 33674, 0, 
345, 1, 410, 401, -1, 363, 283, 15.5, 25, MSpapaapp, 209, 34978, 26863, 768, , 34978, 25000, 30535, 30450, 0, 
346, 1, 211, 377, -1, 216, 337, 18.4, 25, MSppappa, 207, 27234, 22659, 832, , 27234, 25000, 27793, 27695, 0, 
347, 1, 281, 251, -1, 188, 328, 20.5, 24, ABarpapaapa, 210, 28346, 21770, 768, , 28346, 25000, 27983, 27533, 0, 
348, 1, 235, 346, -1, 499, 323, 24.3, 32, Caaaap, 325, 27949, 44271, 1584, , 27949, 25000, 28464, 28464, 0, 
349, 1, 113, 312, -1, 211, 261, 22.6, 26, MSaaaaapp, 204, 27475, 22859, 832, , 27475, 25000, 28133, 28142, 0, 
350, 1, 166, 71, -1, 151, 313, 15.1, 28, ABalappapa, 247, 26897, 29264, 1088, , 26897, 25000, 28071, 28004, 0, 
351, 1, 354, 365, -1, 520, 290, 5.6, 29, ABprpppaap, 363, 40629, 46967, 1156, , 40629, 25000, 37258, 37535, 0, 
352, 1, 283, 426, -1, 357, 392, 21.5, 30, ABarpppaap, 249, 26472, 32614, 1232, , 26472, 25000, 27570, 27576, 0, 
353, 1, 195, 159, -1, 438, 244, 8.4, 24, MSpappap, 220, 26764, 18735, 700, , 26764, 25000, 28892, 28859, 0, 
354, 1, 159, 204, -1, 380, 320, 7.3, 29, ABprppaapa, -56, 28144, 30058, 1068, , 28144, 25000, 31089, 30773, 0, 
355, 1, 360, 51, -1, 251, 223, 17.4, 27, ABaraapapaa, 233, 28150, 27812, 988, , 28150, 25000, 28154, 28148, 0, 
356, 1, 47, 280, -1, 276, 244, 7.4, 24, ABarapapapa, 202, 28147, 19703, 700, , 28147, 25000, 30952, 29340, 0, 
357, 1, 241, 261, -1, 340, 173, 13.4, 26, MSapaapp, 260, 28339, 23578, 832, , 28339, 25000, 28622, 28538, 0, 
358, 1, 245, 139, -1, 368, 291, 18.7, 36, Earaa, 343, 29424, 65204, 2216, , 29424, 25000, 29212, 28996, 0, 
359, 1, 145, 359, -1, 387, 226, 23.8, 27, MSappppp, 302, 28211, 24487, 868, , 28211, 25000, 28711, 28670, 0, 
360, 1, 382, 94, -1, 494, 217, 12.6, 30, Eplpp, 306, 26830, 31016, 1156, , 26830, 25000, 29274, 29324, 0, 
361, 1, 75, 464, -1, 237, 168, 16.9, 33, ABplpaapaa, 312, 26945, 46776, 1736, , 26945, 25000, 27422, 27631, 0, 
362, 1, 402, 287, -1, 310, 346, 5.6, 24, ABprpaaaapa, -193, 38973, 27281, 700, , 38973, 25000, 37140, 37170, 0, 
363, 1, 226, 266, 415, 379, 246, 11.1, 29, MSpapapp, 188, 31291, 37800, 1208, , 31291, 25000, 30922, 30758, 0, 
364, 1, 187, 396, -1, 427, 176, 6.3, 25, ABplppppaaa, 210, 32763, 25031, 764, , 32763, 25000, 32307, 32875, 0, 
365, 1, 221, 109, -1, 297, 293, 20.7, 29, MSpaaapa, -32, 27967, 29869, 1068, , 27967, 25000, 28210, 28353, 0, 
366, 1, 403, 253, -1, 269, 278, 25.7, 30, ABplaaaapp, 222, 27941, 36547, 1308, , 27941, 25000, 28720, 28756, 0, 
367, 1, 415, 221, -1, 214, 303, 7.4, 24, ABarappppaa, 165, 31163, 21814, 700, , 31163, 25000, 31370, 31294, 0, 
368, 1, 418, 281, -1, 255, 348, 14.0, 24, ABpraaappap, 58, 28222, 17159, 608, , 28222, 25000, 27581, 27348, 0, 
369, 1, 248, 206, -1, 582, 200, 16.5, 31, Cpapaa, 291, 27018, 33286, 1232, , 27018, 25000, 28552, 28591, 0, 
370, 1, 126, 164, -1, 464, 243, 17.7, 32, Ealpp, 303, 27485, 43537, 1584, , 27485, 25000, 28540, 28561, 0, 
371, 1, 320, 297, -1, 435, 187, 15.7, 24, MSappaap, 243, 29077, 20470, 704, , 29077, 25000, 28860, 28926, 0, 
372, 1, 37, 234, -1, 575, 180, 10.5, 24, Caappv, 247, 28057, 21548, 768, , 28057, 25000, 28163, 28249, 0, 
373, 1, 350, 429, -1, 359, 190, 16.8, 27, MSappaaa, 214, 28379, 24633, 868, , 28379, 25000, 29059, 29034, 0, 
374, 1, 303, 338, -1, 219, 325, 25.1, 26, ABarpapapa, 208, 27913, 22330, 800, , 27913, 25000, 28416, 28523, 0, 
375, 1, 152, 161, -1, 134, 287, 13.9, 27, ABalaaappl, 260, 27992, 25417, 908, , 27992, 25000, 27914, 27985, 0, 
376, 1, 250, 347, -1, 390, 215, 5.5, 24, ABprpappapp, 180, 36141, 27756, 768, , 36141, 25000, 35070, 34840, 0, 
377, 0, 305, -1, -1, 227, 328, 5.6, 25, , 133, 608, 32743, 832, , 39355, 25000, 38299, 38747, 0, 
378, 1, 172, 40, -1, 294, 311, 25.4, 29, ABarpaapap, 164, 27434, 31714, 1156, , 27434, 25000, 28893, 29041, 0, 
379, 1, 299, 65, -1, 281, 357, 12.7, 24, ABprpaappaa, -243, 27253, 19186, 704, , 27253, 25000, 27821, 27761, 0, 
380, 1, 120, 30, -1, 169, 251, 16.8, 29, ABaraapaaa, 175, 28063, 31206, 1112, , 28063, 25000, 27320, 27456, 0, 
381, 1, 395, 180, -1, 358, 120, 14.5, 26, ABplppaaaap, 181, 27583, 24714, 896, , 27583, 25000, 27600, 27670, 0, 
382, 1, 340, 252, -1, 223, 287, 22.5, 25, MSaaaapaa, 206, 28374, 21791, 768, , 28374, 25000, 28387, 28365, 0, 
383, 1, 199, 174, -1, 527, 195, 6.3, 24, ABplppppppa, 163, 32344, 22770, 704, , 32344, 25000, 35833, 35777, 0, 
384, 1, 147, 361, -1, 157, 345, 15.2, 27, ABalappapp, -4, 26326, 22851, 868, , 26326, 25000, 27920, 27988, 0, 
385, 1, 36, 246, -1, 257, 284, 5.5, 30, ABarapppap, 208, 36719, 45238, 1232, , 36719, 25000, 33817, 34287, 0, 
386, 1, 278, 295, -1, 564, 301, 17.5, 29, Cppppa, 111, 27281, 29464, 1080, , 27281, 25000, 27854, 27850, 0, 
387, 1, 443, 403, -1, 169, 309, 13.0, 25, ABalaappppa, 183, 27891, 21309, 764, , 27891, 25000, 27709, 27818, 0, 
388, 1, 359, 308, -1, 431, 167, 26.0, 29, ABarppapap, 293, 28455, 34943, 1228, , 28455, 25000, 28075, 28093, 0, 
389, 1, 337, 262, -1, 584, 267, 19.6, 33, Caaapp, 330, 27613, 45285, 1640, , 27613, 25000, 28423, 28425, 0, 
390, 1, 282, 56, -1, 276, 306, 19.3, 24, MSpaaappa, 221, 26997, 19006, 704, , 26997, 25000, 28254, 28114, 0, 
391, 1, 276, 329, -1, 222, 224, 14.0, 25, ABalpaapapa, 167, 27369, 20910, 764, , 27369, 25000, 28482, 28579, 0, 
392, 1, 393, 167, -1, 196, 214, 19.6, 27, MSapaaap, 87, 27912, 27577, 988, , 27912, 25000, 28196, 28306, 0, 
393, 1, 247, 208, -1, 493, 278, 19.4, 31, Eprap, 164, 28566, 38050, 1332, , 28566, 25000, 28395, 28441, 0, 
394, 1, 144, 211, -1, 134, 309, 19.4, 24, ABalapppaap, 188, 26376, 18463, 700, , 26376, 25000, 26967, 26961, 0, 
395, 1, 357, 435, -1, 492, 233, 5.1, 25, ABprppppapp, 204, 34610, 22012, 636, , 34610, 25000, 34462, 34210, 0, 
396, 1, 316, 384, -1, 315, 270, 16.8, 24, MSaaapapp, 209, 28567, 18740, 656, , 28567, 25000, 28692, 28689, 0, 
397, 1, 428, 433, -1, 163, 233, 14.0, 23, ABalpaapaaa, 194, 26230, 13430, 512, , 26230, 25000, 27630, 27719, 0, 
398, 1, 449, 448, -1, 295, 211, 20.9, 23, MSapppap, 234, 26571, 13179, 496, , 26571, 25000, 27436, 27469, 0, 
399, 1, 326, 105, -1, 388, 356, 15.2, 27, Dppaa, 270, 28765, 24968, 868, , 28765, 25000, 28814, 28820, 0, 
400, 1, 84, 368, -1, 328, 371, 23.3, 28, ABarpppaaa, 235, 27989, 29780, 1064, , 27989, 25000, 27775, 27780, 0, 
401, 1, 287, 306, -1, 390, 339, 10.6, 25, Dpapp, 248, 28691, 23871, 832, , 28691, 25000, 28264, 28275, 0, 
402, 1, 62, 290, -1, 224, 188, 23.4, 22, ABplaapappa, 188, 27255, 15590, 572, , 27255, 25000, 28070, 27793, 0, 
403, 1, 23, 270, -1, 452, 354, 13.6, 29, Cppaaa, 254, 26233, 30325, 1156, , 26233, 25000, 28244, 28221, 0, 
404, 1, 309, 424, -1, 513, 222, 16.4, 34, Eplpa, 256, 27889, 49643, 1780, , 27889, 25000, 28879, 29070, 0, 
405, 1, 347, 91, -1, 441, 166, 18.5, 28, Capaaa, 283, 26992, 29151, 1080, , 26992, 25000, 28285, 28286, 0, 
406, 1, 394, 101, -1, 585, 214, 9.7, 26, Cpappv, 225, 26357, 22562, 856, , 26357, 25000, 27886, 27981, 0, 
407, 0, 149, -1, -1, 334, 324, 11.9, 23, , 313, -945, 13576, 496, , 27371, 25000, 28034, 28316, 0, 
408, 1, 86, 230, -1, 190, 216, 25.4, 28, ABalapappp, 185, 28509, 28167, 988, , 28509, 25000, 28424, 28355, 0, 
409, 1, 308, 273, -1, 280, 279, 14.2, 26, ABaraapppap, 121, 26597, 21171, 796, , 26597, 25000, 27716, 27760, 0, 
410, 1, 106, 220, -1, 237, 155, 14.6, 28, ABplpaaaaa, 212, 26487, 26169, 988, , 26487, 25000, 28257, 28402, 0, 
411, 1, 369, 80, -1, 208, 330, 12.9, 27, ABpraaapaa, 237, 27214, 24710, 908, , 27214, 25000, 27724, 27907, 0, 
412, 1, 181, 422, -1, 155, 270, 22.6, 23, ABalapapapa, 159, 27180, 17395, 640, , 27180, 25000, 28198, 28153, 0, 
413, 1, 405, 445, -1, 275, 248, 20.5, 24, MSaaapaap, -320, 27633, 21222, 768, , 27633, 25000, 28125, 28145, 0, 
414, 1, 285, 364, -1, 158, 200, 17.2, 26, ABalapaappa, 184, 28891, 22997, 796, , 28891, 25000, 28384, 28427, 0, 
415, 1, 80, 419, -1, 432, 289, 19.4, 33, Epraa, 334, 27535, 45157, 1640, , 27535, 25000, 28303, 28350, 0, 
416, 1, 60, 330, -1, 238, 157, 11.4, 23, ABalppappap, 195, 27100, 17344, 640, , 27100, 25000, 27726, 27695, 0, 
417, 1, 54, 247, -1, 554, 222, 7.4, 30, ABprpppppp, 178, 30016, 34698, 1156, , 30016, 25000, 32954, 33554, 0, 
418, 1, 50, 11, -1, 350, 279, 6.8, 24, ABprpapapaa, 193, 32419, 21267, 656, , 32419, 25000, 32539, 32787, 0, 
419, 1, 229, 371, -1, 369, 362, 25.6, 33, ABarpppapa, 329, 26965, 44222, 1640, , 26965, 25000, 28785, 28785, 0, 
420, 1, 268, 388, -1, 521, 285, 25.5, 34, Cpaapa, 233, 27780, 46892, 1688, , 27780, 25000, 28620, 28748, 0, 
421, 1, 390, 214, -1, 476, 221, 25.5, 37, Dappp, 278, 27657, 67925, 2456, , 27657, 25000, 28299, 28375, 0, 
422, 1, 173, 54, -1, 290, 327, 10.8, 24, MSppapap, 242, 27274, 17892, 656, , 27274, 25000, 27742, 27793, 0, 
423, 1, 315, 62, 328, 422, 221, 5.8, 28, ABplpapppa, 188, 36911, 38830, 1052, , 36911, 25000, 33970, 33957, 0, 
424, 1, 135, 302, -1, 243, 327, 26.2, 29, ABarpaapaa, 249, 27278, 30333, 1112, , 27278, 25000, 28902, 28954, 0, 
425, 1, 401, 457, -1, 515, 217, 6.8, 22, ABprpppapap, 22, 31673, 15710, 496, , 31673, 25000, 33268, 33346, 0, 
426, 1, 437, 1, -1, 323, 233, 15.9, 23, MSaapaapa, 91, 31113, 15432, 496, , 31113, 25000, 30636, 30006, 0, 
427, 1, 388, 279, -1, 334, 249, 5.1, 24, ABprpappaap, 218, 35248, 21290, 604, , 35248, 25000, 35299, 35768, 0, 
428, 1, 365, 413, -1, 325, 304, 19.0, 25, MSpaaappp, 249, 27444, 20967, 764, , 27444, 25000, 28026, 28151, 0, 
429, 1, 162, 417, -1, 525, 189, 11.1, 27, Capppp, 238, 27018, 24532, 908, , 27018, 25000, 28871, 28898, 0, 
430, 1, 213, 219, -1, 199, 355, 15.3, 29, ABpraaapap, 253, 27207, 29057, 1068, , 27207, 25000, 27572, 27482, 0, 
431, 1, 236, 431, -1, 409, 290, 16.8, 33, Earap, 333, 27317, 47640, 1744, , 27317, 25000, 28689, 28702, 0, 
432, 1, 353, 304, -1, 332, 321, 7.4, 27, ABprpapaap, 229, 28581, 28238, 988, , 28581, 25000, 30086, 29861, 0, 
433, 1, 391, 12, -1, 315, 290, 7.7, 26, ABprpapaaa, 261, 28853, 24698, 856, , 28853, 25000, 30727, 30356, 0, 
434, 0, 407, -1, -1, 128, 255, 20.9, 22, , 127, -783, 12110, 464, , 26099, 25000, 26972, 26882, 0, 
435, 1, 232, 412, -1, 333, 236, 22.6, 26, MSappppa, 264, 27379, 22779, 832, , 27379, 25000, 28157, 28228, 0, 
436, 1, 9, 178, -1, 185, 300, 24.2, 27, ABarpaaapa, 277, 28006, 24309, 868, , 28006, 25000, 28258, 28192, 0, 
437, 1, 381, 165, -1, 316, 263, 11.2, 22, MSpapaaaa, 170, 37113, 18408, 496, , 37113, 25000, 30943, 30767, 0, 
438, 1, 117, 349, -1, 279, 303, 6.2, 24, ABarapppppa, 203, 32479, 21306, 656, , 32479, 25000, 33770, 33644, 0, 
439, 1, 60, 259, -1, 200, 168, 11.4, 23, ABalppappaa, 158, 27389, 17529, 640, , 27389, 25000, 27191, 27237, 0, 
440, 1, 124, 303, -1, 488, 191, 23.4, 32, Cappaa, 303, 27210, 40379, 1484, , 27210, 25000, 27740, 27789, 0, 
441, 1, 192, 407, -1, 304, 139, 14.4, 24, ABplpaaappp, 143, 27843, 19490, 700, , 27843, 25000, 28148, 28285, 0, 
442, 1, 444, 353, -1, 214, 371, 20.8, 22, ABalapppppp, 148, 27623, 13701, 496, , 27623, 25000, 27341, 27656, 0, 
443, 1, 181, 14, -1, 187, 251, 23.9, 22, ABalapapapp, 209, 26662, 12371, 464, , 26662, 25000, 27660, 27785, 0, 
444, 1, 168, 335, -1, 521, 136, 8.5, 25, ABplpppaapp, 148, 29630, 22756, 768, , 29630, 25000, 27629, 27648, 0, 
445, 1, 422, 471, -1, 182, 165, 13.6, 24, ABalppaaap, 27, 25954, 18168, 700, , 25954, 25000, 27731, 27772, 0, 
446, 0, 445, -1, -1, 495, 189, 7.2, 32, , 262, -2097, 47462, 1608, , 29516, 25000, 32271, 31613, 0, 
447, 1, 424, 440, -1, 211, 273, 13.5, 23, ABaraaapapa, 248, 27152, 17160, 632, , 27152, 25000, 28313, 28417, 0, 
448, 0, 188, -1, -1, 507, 179, 5.7, 22, , 728, 1789, 21739, 524, , 41487, 25000, 37607, 39698, 0, 
449, 0, 416, -1, -1, 549, 319, 18.4, 22, , 216, -1700, 15220, 572, , 26608, 25000, 28151, 28308, 0, 
450, 1, 334, 447, -1, 233, 240, 22.4, 22, MSaaapaaa, 230, 30538, 17468, 572, , 30538, 25000, 28131, 28075, 0, 
451, 1, 429, 66, -1, 268, 213, 6.7, 22, ABalpappapa, 107, 32529, 17045, 524, , 32529, 25000, 33082, 32374, 0, 
452, 1, 461, 406, -1, 340, 124, 19.6, 30, ABplaapppa, 118, 27575, 31877, 1156, , 27575, 25000, 27904, 27945, 0, 
453, 1, 222, 390, -1, 181, 216, 22.1, 23, ABalapappap, 86, 29087, 14427, 496, , 29087, 25000, 28274, 28241, 0, 
454, 1, 184, 386, -1, 403, 185, 7.0, 23, ABplpapappp, 435, 29439, 15073, 512, , 29439, 25000, 31228, 31644, 0, 
455, 1, 136, 469, -1, 257, 329, 4.9, 22, ABalaapapp, 452, 40694, 18882, 464, , 40694, 25000, 41810, 42260, 0, 
456, 0, 438, -1, -1, 177, 145, 12.4, 20, , -328, 901, 11629, 412, , 28226, 25000, 27310, 27325, 0, 
457, 1, 450, 463, -1, 361, 190, 6.5, 28, ABplpappaap, 118, 31808, 34353, 1080, , 31808, 25000, 33221, 33252, 0, 
458, 1, 345, 446, -1, 224, 211, 16.5, 21, ABalpaapapp, 129, 29326, 15015, 512, , 29326, 25000, 28439, 28542, 0, 
459, 1, 452, 467, -1, 291, 296, 15.5, 23, MSpaapapa, 201, 27092, 17122, 632, , 27092, 25000, 28344, 28506, 0, 
460, 0, 370, -1, -1, 183, 316, 23.7, 22, , 24, -962, 14610, 524, , 27882, 25000, 28555, 28844, 0, 
461, 0, 440, -1, -1, 373, 236, 18.5, 21, , 316, -2016, 14597, 512, , 28510, 25000, 29953, 30526, 0, 
462, 1, 33, 454, -1, 264, 155, 7.9, 24, ABalppapapa, 180, 28157, 17007, 604, , 28157, 25000, 30679, 31089, 0, 
463, 1, 453, 473, -1, 359, 321, 11.0, 23, MSpppapp, 111, 27357, 14007, 512, , 27357, 25000, 27904, 27825, 0, 
464, 1, 454, 474, -1, 393, 131, 22.0, 24, ABplaapppp, 836, 27752, 16873, 608, , 27752, 25000, 28415, 28613, 0, 
465, 1, 455, 342, -1, 423, 220, 23.0, 28, Dappa, 268, 28813, 32501, 1128, , 28813, 25000, 28479, 28445, 0, 
466, 1, 456, 475, -1, 349, 392, 13.0, 26, ABpraapppa, 238, 28062, 23909, 852, , 28062, 25000, 27921, 28063, 0, 
467, 1, 457, 476, -1, 176, 335, 18.0, 24, ABalappppap, 95, 27740, 16866, 608, , 27740, 25000, 28040, 28077, 0, 
468, 1, 458, 466, -1, 177, 325, 23.0, 22, ABalapppapp, 0, 26982, 10361, 384, , 26982, 25000, 28563, 28586, 0, 
469, 1, 459, 477, -1, 178, 352, 20.0, 22, ABalapppppa, 0, 26807, 10294, 384, , 26807, 25000, 28419, 28676, 0, 
470, 1, 426, 478, -1, 156, 312, 21.0, 25, ABalapppapa, -69, 27881, 21301, 764, , 27881, 25000, 28397, 28541, 0, 
471, 1, 407, 455, -1, 138, 251, 20.0, 25, ABalappaap, 237, 26427, 20190, 764, , 26427, 25000, 27741, 27774, 0, 
472, 1, 460, 480, -1, 504, 188, 6.0, 26, ABplpppapap, 268, 37923, 32310, 852, , 37923, 25000, 35014, 35463, 0, 
473, 1, 440, 318, -1, 359, 227, 17.599998, 23, MSaapaapp, 293, 34516, 22090, 640, , 34516, 25000, 31050, 29807, 0, 
