1, 1, 426, 460, -1, 325, 230, 15.9, 23, MSaapaapa, 158, 34022, 16875, 496, , 34022, 25000, 29960, 29813, 0, 
2, 1, 344, 229, -1, 314, 228, 6.1, 25, ABarapapapp, 214, 34961, 22235, 636, , 34961, 25000, 34601, 34721, 0, 
3, 1, 238, 311, -1, 210, 188, 6.3, 24, ABalpapaaaa, -71, 36847, 25940, 704, , 36847, 25000, 37661, 38717, 0, 
4, 1, 103, 275, -1, 341, 260, 13.3, 26, MSpapaapa, 251, 36572, 31306, 856, , 36572, 25000, 30837, 30605, 0, 
5, 1, 69, 255, -1, 232, 191, 20.7, 31, ABplaapapa, 241, 27681, 37867, 1368, , 27681, 25000, 28022, 28156, 0, 
6, 1, 314, 57, -1, 245, 170, 24.1, 26, ABplaapappp, 232, 27423, 21938, 800, , 27423, 25000, 28212, 28354, 0, 
7, 1, 296, 145, -1, 210, 277, 16.0, 24, ABaraappapa, 221, 27559, 16756, 608, , 27559, 25000, 27651, 27789, 0, 
8, 1, 70, 115, -1, 485, 395, 18.7, 29, ABprappapa, 141, 27204, 29054, 1068, , 27204, 25000, 28031, 28052, 0, 
9, 1, 95, 242, 286, 358, 158, 9.5, 25, ABplpapapa, 214, 27613, 21207, 768, , 27613, 25000, 28583, 28583, 0, 
10, 1, 231, 80, -1, 308, 277, 13.5, 27, ABaraapppp, 139, 28968, 25955, 896, , 28968, 25000, 29398, 29198, 0, 
11, 1, 418, 316, -1, 352, 278, 6.6, 24, ABprpapapaa, 158, 32166, 22516, 700, , 32166, 25000, 32534, 32702, 0, 
12, 1, 433, 231, -1, 313, 288, 7.5, 26, ABprpapaaa, 258, 28461, 25501, 896, , 28461, 25000, 30742, 30538, 0, 
13, 1, 25, 128, -1, 142, 295, 10.7, 28, ABalaaappr, 285, 26682, 28390, 1064, , 26682, 25000, 27581, 27620, 0, 
14, 1, 443, 43, -1, 188, 246, 23.9, 23, ABalapapapp, -102, 28234, 14004, 496, , 28234, 25000, 29307, 29193, 0, 
15, 1, 61, 320, -1, 339, 338, 15.6, 27, Dpaaa, 190, 27938, 27603, 988, , 27938, 25000, 27957, 27914, 0, 
16, 1, 338, 426, -1, 353, 339, 21.5, 28, MSpppppp, 220, 27156, 29328, 1080, , 27156, 25000, 28468, 28458, 0, 
17, 0, 45, -1, -1, 224, 136, 11.6, 23, , 195, -14, 17872, 640, , 27925, 25000, 27881, 27939, 0, 
18, 1, 98, 251, -1, 282, 209, 9.5, 25, ABalpappppa, 205, 27529, 21142, 768, , 27529, 25000, 28948, 29301, 0, 
19, 1, 255, 98, -1, 152, 335, 20.1, 29, ABpraapaaa, 232, 28171, 34030, 1208, , 28171, 25000, 27410, 27350, 0, 
20, 1, 99, 417, -1, 445, 402, 17.7, 28, ABarppppap, 278, 27589, 29355, 1064, , 27589, 25000, 28135, 28148, 0, 
21, 0, 325, -1, -1, 521, 231, 7.2, 24, , 194, -2138, 19705, 656, , 30038, 25000, 32089, 32176, 0, 
22, 1, 315, 205, -1, 293, 255, 21.3, 24, MSaaaappa, 203, 28599, 20134, 704, , 28599, 25000, 28096, 28224, 0, 
23, 1, 175, 67, -1, 479, 114, 18.4, 28, ABplappapp, 242, 26736, 26415, 988, , 26736, 25000, 27600, 27521, 0, 
24, 1, 19, 180, -1, 286, 266, 10.5, 28, ABarapappa, 183, 28462, 30739, 1080, , 28462, 25000, 29000, 28794, 0, 
25, 1, 48, 309, -1, 410, 152, 9.4, 27, ABplppaapp, 66, 27818, 27484, 988, , 27818, 25000, 27724, 27769, 0, 
26, 1, 235, 357, -1, 439, 119, 15.1, 29, ABplppapap, 397, 27077, 32709, 1208, , 27077, 25000, 28093, 28088, 0, 
27, 1, 158, 61, -1, 210, 168, 22.6, 24, ABalppppapp, 189, 27181, 19027, 700, , 27181, 25000, 27681, 27887, 0, 
28, 1, 104, 176, -1, 216, 204, 26.7, 27, ABplaaapaa, 257, 29449, 27211, 924, , 29449, 25000, 28913, 29144, 0, 
29, 1, 27, 102, -1, 296, 389, 11.3, 23, ABpraappaa, 102, 27725, 16413, 592, , 27725, 25000, 27977, 27767, 0, 
30, 1, 380, 187, -1, 170, 246, 17.3, 28, ABaraapaaa, 101, 28101, 29899, 1064, , 28101, 25000, 27578, 27711, 0, 
31, 1, 131, 418, -1, 303, 194, 7.1, 25, ABalpappapp, 219, 30248, 19238, 636, , 30248, 25000, 31325, 31084, 0, 
32, 1, 109, 172, -1, 532, 143, 13.9, 25, ABplapppaa, 268, 27094, 18641, 688, , 27094, 25000, 27917, 28150, 0, 
33, 1, 181, 160, -1, 357, 322, 5.5, 28, ABarappapp, 239, 35938, 38813, 1080, , 35938, 25000, 34415, 34788, 0, 
34, 1, 230, 118, -1, 185, 316, 7.3, 24, ABalaappap, 243, 29419, 20711, 704, , 29419, 25000, 31018, 31139, 0, 
35, 1, 342, 10, -1, 240, 345, 15.7, 29, ABpraapapa, 257, 27052, 28892, 1068, , 27052, 25000, 28288, 28343, 0, 
36, 1, 16, 25, -1, 375, 399, 14.1, 26, ABprapaapa, 191, 27571, 22057, 800, , 27571, 25000, 28522, 28635, 0, 
37, 1, 223, 369, -1, 212, 283, 5.3, 27, ABarapppaa, 221, 35083, 32417, 924, , 35083, 25000, 36249, 36569, 0, 
38, 1, 82, 375, -1, 266, 345, 25.1, 30, ABarpapapp, 256, 28091, 38092, 1356, , 28091, 25000, 28892, 28893, 0, 
39, 1, 317, 40, -1, 311, 243, 25.4, 26, ABarppaaaa, 241, 28704, 23882, 832, , 28704, 25000, 29001, 29216, 0, 
40, 1, 378, 185, -1, 292, 309, 25.5, 29, ABarpaapap, 261, 28116, 30365, 1080, , 28116, 25000, 28970, 29051, 0, 
41, 1, 183, 203, -1, 186, 348, 23.2, 29, ABarpapaaa, 397, 27192, 30237, 1112, , 27192, 25000, 27235, 27259, 0, 
42, 1, 92, 127, -1, 233, 219, 23.5, 26, MSapappa, 216, 26866, 24072, 896, , 26866, 25000, 27862, 27820, 0, 
43, 1, 66, 430, -1, 210, 210, 10.3, 27, ABalpaaaaa, 348, 27838, 25722, 924, , 27838, 25000, 28372, 28444, 0, 
44, 1, 5, 199, -1, 206, 302, 20.5, 29, MSpaaaaa, 254, 26963, 29120, 1080, , 26963, 25000, 28355, 28351, 0, 
45, 1, 43, 58, -1, 270, 190, 17.5, 26, MSapapaa, 211, 27117, 24297, 896, , 27117, 25000, 28618, 28651, 0, 
46, 1, 222, 8, -1, 283, 335, 6.2, 24, ABprpaaappa, 209, 33282, 21833, 656, , 33282, 25000, 35684, 35223, 0, 
47, 1, 62, 85, -1, 346, 189, 25.9, 29, ABarppaaap, 292, 27661, 33414, 1208, , 27661, 25000, 28713, 28670, 0, 
48, 1, 55, 312, -1, 431, 195, 9.2, 26, MSpappaa, 231, 28477, 22668, 796, , 28477, 25000, 28712, 28829, 0, 
49, 1, 207, 344, -1, 439, 142, 9.9, 26, ABplpppaaaa, 163, 27638, 22110, 800, , 27638, 25000, 27840, 27844, 0, 
50, 1, 227, 333, -1, 553, 212, 10.2, 29, Caapa, 291, 27987, 31121, 1112, , 27987, 25000, 28174, 28348, 0, 
51, 1, 355, 16, -1, 255, 221, 17.3, 27, ABaraapapaa, 236, 27367, 25287, 924, , 27367, 25000, 27939, 28227, 0, 
52, 1, 233, 317, -1, 286, 131, 10.4, 24, ABalppapppp, 620, 26549, 18584, 700, , 26549, 25000, 28462, 28391, 0, 
53, 1, 168, 144, -1, 260, 247, 12.4, 25, ABarapaappa, 251, 27427, 22819, 832, , 27427, 25000, 28328, 28265, 0, 
54, 1, 422, 248, -1, 286, 324, 10.7, 25, MSppapap, 208, 27164, 20753, 764, , 27164, 25000, 28682, 28648, 0, 
55, 1, 28, 445, -1, 369, 265, 25.5, 31, ABarppaapa, 313, 28310, 34878, 1232, , 28310, 25000, 28911, 28934, 0, 
56, 1, 390, 191, -1, 279, 297, 19.4, 25, MSpaaappa, 221, 26750, 22256, 832, , 26750, 25000, 27928, 27871, 0, 
57, 1, 161, 376, -1, 148, 186, 12.4, 26, ABalaaaala, 232, 27452, 22840, 832, , 27452, 25000, 27590, 27713, 0, 
58, 1, 149, 388, -1, 433, 184, 22.4, 28, Dapap, 248, 28853, 28507, 988, , 28853, 25000, 28131, 28147, 0, 
59, 1, 75, 296, -1, 324, 141, 15.9, 25, ABplppaaaaa, 183, 27067, 18622, 688, , 27067, 25000, 27549, 27746, 0, 
60, 1, 96, 166, -1, 246, 272, 17.4, 27, ABaraappapp, 216, 28578, 28235, 988, , 28578, 25000, 28145, 28156, 0, 
61, 1, 68, 56, -1, 220, 253, 26.1, 27, ABplaaaaapp, 124, 28194, 25600, 908, , 28194, 25000, 28973, 29126, 0, 
62, 1, 423, 124, -1, 418, 209, 6.2, 25, ABplpapppaa, 173, 32041, 22557, 704, , 32041, 25000, 32880, 33377, 0, 
63, 1, 292, 13, -1, 305, 185, 26.2, 27, ABplaaappp, -106, 27179, 23591, 868, , 27179, 25000, 28902, 28971, 0, 
64, 1, 58, 133, -1, 264, 379, 10.9, 27, ABprpaapap, -61, 27463, 24936, 908, , 27463, 25000, 27493, 27478, 0, 
65, 1, 379, 131, -1, 280, 357, 12.6, 25, ABprpaappaa, 104, 27599, 22962, 832, , 27599, 25000, 28364, 28398, 0, 
66, 1, 451, 310, -1, 267, 209, 7.0, 23, ABalpappapa, 230, 30322, 15525, 512, , 30322, 25000, 31325, 31191, 0, 
67, 1, 154, 120, -1, 248, 168, 19.0, 23, ABalpppppap, 188, 28721, 14705, 512, , 28721, 25000, 28283, 28550, 0, 
68, 1, 263, 308, -1, 380, 247, 19.8, 32, Ealaa, 412, 27759, 44637, 1608, , 27759, 25000, 28861, 28706, 0, 
69, 1, 303, 39, -1, 295, 220, 15.7, 31, ABaraapapp, 280, 28126, 38476, 1368, , 28126, 25000, 29215, 29076, 0, 
70, 1, 36, 237, -1, 283, 120, 19.7, 24, ABplaappaa, 241, 27453, 19327, 704, , 27453, 25000, 28118, 28365, 0, 
71, 1, 350, 347, -1, 155, 308, 15.4, 29, ABalappapa, 310, 27407, 31683, 1156, , 27407, 25000, 27220, 27334, 0, 
72, 1, 10, 218, -1, 197, 369, 12.2, 25, ABpraaaappa, -69, 27105, 19082, 704, , 27105, 25000, 27420, 27424, 0, 
73, 0, 307, -1, -1, 165, 332, 9.6, 23, , 190, -1087, 17079, 640, , 26686, 25000, 27771, 27773, 0, 
74, 1, 51, 62, -1, 345, 113, 12.0, 23, ABplpaaaapp, 224, 28221, 14449, 512, , 28221, 25000, 27268, 27269, 0, 
75, 1, 298, 346, -1, 269, 202, 12.4, 28, ABalpapppa, 126, 27525, 27195, 988, , 27525, 25000, 28792, 28586, 0, 
76, 1, 133, 178, -1, 551, 147, 10.8, 25, ABplappppp, 227, 27517, 19372, 704, , 27517, 25000, 27211, 27237, 0, 
77, 1, 262, 279, -1, 207, 186, 13.4, 28, MSapaaaa, 184, 27748, 27415, 988, , 27748, 25000, 28512, 28618, 0, 
78, 1, 148, 129, -1, 289, 271, 5.3, 24, ABarappapaa, 193, 37991, 26746, 704, , 37991, 25000, 35487, 35769, 0, 
79, 1, 147, 354, -1, 345, 208, 11.8, 25, MSaapappa, 166, 31409, 22112, 704, , 31409, 25000, 30546, 30794, 0, 
80, 1, 411, 119, -1, 207, 327, 12.8, 27, ABpraaapaa, 121, 27181, 23593, 868, , 27181, 25000, 28066, 28076, 0, 
81, 1, 237, 263, -1, 511, 118, 18.9, 28, ABplapapap, 73, 27858, 30309, 1088, , 27858, 25000, 28212, 28364, 0, 
82, 1, 117, 84, -1, 242, 123, 15.4, 28, ABplpaaapa, 27, 27420, 27091, 988, , 27420, 25000, 27716, 27584, 0, 
83, 1, 248, 297, -1, 267, 344, 20.6, 26, MSppappp, 405, 28813, 23972, 832, , 28813, 25000, 28395, 28401, 0, 
84, 1, 174, 331, -1, 276, 236, 4.9, 29, ABarappaap, 104, 37654, 42926, 1140, , 37654, 25000, 35325, 35786, 0, 
85, 1, 264, 95, -1, 473, 249, 8.1, 23, ABprpappppa, 169, 28790, 14280, 496, , 28790, 25000, 28392, 28544, 0, 
86, 1, 169, 161, -1, 198, 136, 14.1, 28, ABalpppaaa, 254, 27248, 29646, 1088, , 27248, 25000, 27372, 27439, 0, 
87, 1, 171, 334, -1, 544, 271, 23.3, 31, Caaapa, 220, 27729, 37933, 1368, , 27729, 25000, 28314, 28482, 0, 
88, 1, 136, 466, -1, 314, 348, 12.9, 24, MSppppaa, 228, 27073, 16352, 604, , 27073, 25000, 27759, 27759, 0, 
89, 1, 287, 89, -1, 477, 155, 12.1, 28, Capapp, -78, 27198, 29591, 1088, , 27198, 25000, 28108, 28256, 0, 
90, 1, 119, 423, -1, 544, 351, 11.2, 27, ABprapapap, 259, 27910, 24226, 868, , 27910, 25000, 27937, 28007, 0, 
91, 1, 405, 173, -1, 439, 170, 18.4, 29, Capaaa, 260, 27797, 32133, 1156, , 27797, 25000, 28003, 27966, 0, 
92, 1, 218, 110, -1, 276, 242, 23.1, 29, MSapappp, 261, 27901, 33705, 1208, , 27901, 25000, 28432, 28470, 0, 
93, 1, 225, 104, -1, 301, 348, 8.5, 23, ABprpaaappp, 202, 27089, 17120, 632, , 27089, 25000, 28317, 28404, 0, 
94, 1, 360, 50, -1, 504, 216, 12.9, 31, Eplpp, 318, 27743, 41060, 1480, , 27743, 25000, 29182, 29147, 0, 
95, 1, 212, 246, -1, 167, 359, 18.3, 26, ABpraapaapa, 39, 28860, 24704, 856, , 28860, 25000, 27906, 27815, 0, 
96, 1, 32, 194, -1, 185, 277, 17.3, 27, ABaraappaa, 246, 27284, 25210, 924, , 27284, 25000, 27718, 27642, 0, 
97, 1, 208, 87, -1, 553, 152, 16.4, 29, ABplapappp, 17, 27670, 31987, 1156, , 27670, 25000, 28454, 28533, 0, 
98, 1, 271, 338, -1, 323, 128, 10.4, 27, ABalpapapp, 1, 27214, 26887, 988, , 27214, 25000, 27482, 27525, 0, 
99, 1, 4, 215, -1, 213, 245, 8.3, 26, ABarapaaaa, 204, 27659, 23676, 856, , 27659, 25000, 28918, 28972, 0, 
100, 1, 182, 352, -1, 381, 217, 13.1, 25, MSaapappp, 197, 28608, 19682, 688, , 28608, 25000, 29475, 29427, 0, 
101, 1, 406, 182, -1, 588, 215, 10.0, 25, Cpappv, 224, 26962, 20599, 764, , 26962, 25000, 28673, 28679, 0, 
102, 1, 118, 457, -1, 264, 122, 17.5, 23, ABplpaapapp, 208, 29989, 18953, 632, , 29989, 25000, 27264, 27124, 0, 
103, 1, 282, 38, -1, 190, 226, 12.3, 27, ABaraaaaaa, 61, 27792, 25680, 924, , 27792, 25000, 28696, 28764, 0, 
104, 1, 125, 368, -1, 324, 228, 18.7, 24, MSaaappa, 229, 31774, 22369, 704, , 31774, 25000, 28588, 28592, 0, 
105, 1, 399, 113, -1, 389, 357, 14.9, 27, Dppaa, 258, 26920, 24443, 908, , 26920, 25000, 28682, 28702, 0, 
106, 1, 110, 273, -1, 194, 343, 10.4, 25, ABpraaaaap, -46, 27210, 22639, 832, , 27210, 25000, 27722, 27700, 0, 
107, 0, 77, -1, -1, 336, 199, 6.9, 22, , 191, -1409, 14322, 464, , 30866, 25000, 32527, 32275, 0, 
108, 0, 20, -1, -1, 365, 384, 10.2, 23, , 434, 799, 15375, 540, , 28472, 25000, 27673, 27673, 0, 
109, 1, 365, 240, -1, 300, 287, 20.7, 28, MSpaaapa, 282, 26749, 28461, 1064, , 26749, 25000, 27408, 27516, 0, 
110, 1, 249, 150, -1, 270, 194, 26.3, 29, ABplaaappa, 434, 27874, 29769, 1068, , 27874, 25000, 29147, 29279, 0, 
111, 1, 63, 175, -1, 239, 204, 13.7, 27, ABalpaaapa, 231, 27334, 25257, 924, , 27334, 25000, 28033, 28205, 0, 
112, 1, 220, 130, -1, 232, 231, 10.7, 24, ABalpappaaa, 214, 27777, 19555, 704, , 27777, 25000, 28331, 28420, 0, 
113, 1, 310, 69, -1, 408, 276, 13.7, 30, Earpa, 156, 27948, 36556, 1308, , 27948, 25000, 30143, 30175, 0, 
114, 1, 205, 451, -1, 281, 252, 18.6, 23, MSaaapapa, 229, 26519, 16972, 640, , 26519, 25000, 28264, 28653, 0, 
115, 1, 144, 82, -1, 332, 369, 19.6, 30, ABprapaaaa, 271, 27450, 31732, 1156, , 27450, 25000, 28072, 28007, 0, 
116, 1, 206, 443, -1, 291, 378, 15.8, 26, ABpraaapppp, 241, 26873, 21391, 796, , 26873, 25000, 28332, 28400, 0, 
117, 1, 89, 285, -1, 235, 232, 6.7, 26, ABarapaaap, 812, 32515, 27833, 856, , 32515, 25000, 33217, 33381, 0, 
118, 1, 304, 283, -1, 230, 359, 17.9, 23, ABpraapappa, 276, 27381, 13581, 496, , 27381, 25000, 27829, 28013, 0, 
119, 1, 91, 196, -1, 363, 217, 9.3, 25, MSaappaa, 204, 27813, 21249, 764, , 27813, 25000, 29697, 29807, 0, 
120, 1, 113, 268, -1, 402, 129, 12.8, 26, ABplppappa, 63, 26954, 21455, 796, , 26954, 25000, 27658, 27652, 0, 
121, 1, 279, 204, -1, 250, 126, 11.8, 27, ABalppaapp, 223, 27215, 23623, 868, , 27215, 25000, 27345, 27318, 0, 
122, 1, 213, 447, -1, 340, 248, 7.7, 25, ABarapapppp, 167, 28755, 21969, 764, , 28755, 25000, 32171, 32010, 0, 
123, 1, 331, 393, -1, 434, 205, 11.9, 32, Z3, 315, 27199, 42866, 1576, , 27199, 25000, 29190, 29207, 0, 
124, 1, 81, 107, -1, 151, 268, 18.3, 29, MSaaaaaa, 169, 26734, 28552, 1068, , 26734, 25000, 27094, 27109, 0, 
125, 1, 173, 174, -1, 256, 294, 7.7, 24, ABarappppap, 197, 28753, 20242, 704, , 28753, 25000, 30222, 29772, 0, 
126, 1, 328, 305, -1, 330, 184, 21.7, 26, ABplapaaapa, 258, 27168, 23256, 856, , 27168, 25000, 28308, 28394, 0, 
127, 1, 163, 270, -1, 497, 386, 13.9, 26, ABprappaap, 267, 27140, 21712, 800, , 27140, 25000, 27609, 27711, 0, 
128, 1, 60, 190, -1, 373, 262, 7.5, 26, ABprpapppaa, 189, 30039, 26915, 896, , 30039, 25000, 31414, 31232, 0, 
129, 1, 72, 116, -1, 362, 127, 21.4, 28, ABplapaapa, -12, 28350, 28010, 988, , 28350, 25000, 28095, 28058, 0, 
130, 1, 105, 210, -1, 480, 184, 10.2, 29, ABplpppppa, 15, 27094, 30128, 1112, , 27094, 25000, 28329, 28438, 0, 
131, 1, 215, 252, -1, 328, 286, 5.3, 27, ABarappapap, 423, 35311, 32627, 924, , 35311, 25000, 34956, 35641, 0, 
132, 1, 210, 214, -1, 538, 269, 7.4, 28, ABprapppap, 260, 28714, 28369, 988, , 28714, 25000, 31665, 31497, 0, 
133, 1, 128, 267, -1, 148, 244, 14.1, 26, ABaraaaapa, 140, 27823, 22258, 800, , 27823, 25000, 28275, 28282, 0, 
134, 1, 167, 6, -1, 321, 317, 25.9, 32, ABarpaappa, 266, 28112, 44304, 1576, , 28112, 25000, 28220, 28316, 0, 
135, 1, 53, 70, -1, 469, 163, 25.4, 31, ABplappapa, 280, 27128, 36135, 1332, , 27128, 25000, 28431, 28575, 0, 
136, 1, 159, 123, -1, 510, 164, 25.2, 28, ABarppappa, 275, 27734, 29176, 1052, , 27734, 25000, 28059, 28104, 0, 
137, 1, 123, 184, -1, 573, 335, 17.2, 28, ABprapapaa, 383, 27052, 28459, 1052, , 27052, 25000, 27812, 27790, 0, 
138, 1, 106, 219, -1, 580, 314, 12.8, 34, ABarpppppp, -128, 28457, 54409, 1912, , 28457, 25000, 28071, 28155, 0, 
139, 1, 358, 278, -1, 372, 289, 18.0, 38, Earaa, 380, 29746, 76031, 2556, , 29746, 25000, 29402, 29190, 0, 
140, 1, 196, 93, -1, 310, 159, 22.0, 24, ABplpaappap, 199, 28803, 17512, 608, , 28803, 25000, 28808, 28898, 0, 
141, 1, 341, 379, -1, 218, 293, 9.9, 26, MSppaaaa, 15, 27999, 22399, 800, , 27999, 25000, 28264, 28230, 0, 
142, 1, 202, 54, -1, 565, 177, 8.6, 25, ABplppppppp, -129, 27919, 23229, 832, , 27919, 25000, 28429, 28520, 0, 
143, 1, 34, 142, -1, 463, 341, 7.2, 25, ABprppapap, 571, 28009, 19718, 704, , 28009, 25000, 30785, 30861, 0, 
144, 1, 54, 328, -1, 552, 328, 8.6, 26, ABprapappa, -5, 27667, 23019, 832, , 27667, 25000, 28335, 28335, 0, 
145, 1, 324, 77, -1, 465, 126, 21.5, 28, ABplappaap, 87, 26378, 28488, 1080, , 26378, 25000, 27731, 27699, 0, 
146, 1, 3, 5, -1, 196, 134, 21.5, 26, ABalpppappa, 360, 26158, 23438, 896, , 26158, 25000, 27518, 27496, 0, 
147, 1, 266, 97, -1, 209, 336, 7.8, 26, ABpraaaaaa, 264, 27173, 21630, 796, , 27173, 25000, 30030, 30235, 0, 
148, 1, 278, 372, -1, 545, 254, 10.4, 29, Cppppp, -106, 29888, 34551, 1156, , 29888, 25000, 28146, 28104, 0, 
149, 1, 155, 326, -1, 220, 163, 8.5, 27, ABalppapaa, 249, 29103, 26076, 896, , 29103, 25000, 28736, 28805, 0, 
150, 1, 22, 225, -1, 181, 216, 7.5, 26, ABalpaappa, 211, 27637, 24763, 896, , 27637, 25000, 31616, 32133, 0, 
151, 0, 448, -1, -1, 509, 178, 6.9, 24, , 728, -3378, 17985, 604, , 29776, 25000, 32961, 33154, 0, 
152, 1, 336, 188, -1, 257, 338, 11.2, 25, ABprpaapaa, 212, 27696, 19498, 704, , 27696, 25000, 27941, 27979, 0, 
153, 1, 7, 341, -1, 577, 292, 8.6, 26, ABprappppa, 222, 28328, 23569, 832, , 28328, 25000, 28495, 28624, 0, 
154, 1, 50, 262, -1, 182, 304, 10.6, 27, ABalaapppa, 239, 27570, 27239, 988, , 27570, 25000, 28050, 28124, 0, 
155, 1, 152, 134, -1, 264, 151, 10.6, 25, ABalppapppa, 168, 28194, 23457, 832, , 28194, 25000, 28325, 28540, 0, 
156, 1, 74, 233, -1, 397, 152, 14.6, 29, MSaapppa, 271, 28606, 33068, 1156, , 28606, 25000, 28218, 28274, 0, 
157, 1, 39, 49, -1, 177, 264, 13.5, 29, ABaraaapaa, 136, 27502, 29702, 1080, , 27502, 25000, 27991, 28082, 0, 
158, 1, 252, 280, -1, 347, 252, 17.9, 26, MSaaappp, 220, 28199, 22559, 800, , 28199, 25000, 29334, 29292, 0, 
159, 1, 353, 306, -1, 438, 239, 8.3, 24, MSpappap, 231, 27023, 19024, 704, , 27023, 25000, 29380, 29380, 0, 
160, 1, 214, 157, -1, 397, 288, 5.6, 24, ABprpapappa, 172, 33080, 23156, 700, , 33080, 25000, 34672, 34450, 0, 
161, 1, 375, 126, -1, 135, 284, 13.7, 27, ABalaaappl, -196, 27104, 25044, 924, , 27104, 25000, 27408, 27407, 0, 
162, 1, 33, 27, -1, 170, 154, 19.2, 24, ABalapaappp, 181, 27523, 18055, 656, , 27523, 25000, 27578, 27690, 0, 
163, 1, 172, 337, -1, 392, 360, 7.1, 24, ABprppapaaa, 181, 29700, 17939, 604, , 29700, 25000, 30585, 30585, 0, 
164, 1, 370, 382, -1, 462, 245, 17.6, 32, Ealpp, 315, 27330, 40558, 1484, , 27330, 25000, 28141, 28121, 0, 
165, 1, 437, 453, -1, 315, 262, 11.1, 22, MSpapaaaa, 200, 38670, 17943, 464, , 38670, 25000, 30503, 30653, 0, 
166, 1, 172, 371, -1, 432, 356, 7.5, 24, ABprppapaap, 168, 27378, 21026, 768, , 27378, 25000, 30085, 30169, 0, 
167, 1, 392, 339, -1, 201, 210, 19.8, 24, MSapaaap, 223, 27000, 17712, 656, , 27000, 25000, 27669, 27679, 0, 
168, 0, 246, -1, -1, 309, 178, 16.3, 23, , 189, -357, 16291, 592, , 27519, 25000, 27857, 27876, 0, 
169, 1, 335, 63, -1, 432, 394, 12.0, 26, ABprapaapp, 113, 27295, 23255, 852, , 27295, 25000, 27616, 27770, 0, 
170, 1, 276, 314, -1, 311, 111, 13.1, 25, ABplpaaaapa, 375, 26705, 18373, 688, , 26705, 25000, 27180, 27188, 0, 
171, 1, 242, 318, -1, 439, 274, 9.6, 31, Z2, 14, 27925, 37196, 1332, , 27925, 25000, 28863, 28858, 0, 
172, 0, 24, -1, -1, 381, 121, 19.3, 24, , 192, 803, 21130, 704, , 30014, 25000, 29026, 29211, 0, 
173, 1, 120, 288, -1, 286, 343, 15.3, 25, ABpraaapppa, 389, 27449, 20971, 764, , 27449, 25000, 28001, 27866, 0, 
174, 1, 383, 47, -1, 531, 186, 6.5, 25, ABplppppppa, 161, 34322, 26359, 768, , 34322, 25000, 36044, 36211, 0, 
175, 1, 46, 44, -1, 467, 328, 25.8, 36, Cpaaap, 351, 27531, 62771, 2280, , 27531, 25000, 28287, 28310, 0, 
176, 1, 224, 140, -1, 230, 259, 5.5, 27, ABarappaaa, 226, 37346, 33462, 896, , 37346, 25000, 34948, 35278, 0, 
177, 0, 377, -1, -1, 228, 322, 5.3, 25, , 238, 4405, 32860, 764, , 43010, 25000, 38369, 38605, 0, 
178, 1, 436, 348, -1, 181, 297, 24.0, 27, ABarpaaapa, 272, 29139, 30071, 1032, , 29139, 25000, 28303, 28092, 0, 
179, 1, 122, 209, -1, 182, 265, 6.5, 29, ABaraaappp, -27, 32666, 35279, 1080, , 32666, 25000, 34638, 35572, 0, 
180, 1, 381, 409, -1, 359, 119, 14.5, 26, ABplppaaaap, 205, 27584, 24715, 896, , 27584, 25000, 27617, 27657, 0, 
181, 0, 8, -1, -1, 128, 273, 19.1, 24, , 202, 796, 16983, 604, , 28118, 25000, 27269, 27322, 0, 
182, 1, 132, 277, -1, 156, 195, 23.7, 26, ABplaapaapa, -76, 28099, 24053, 856, , 28099, 25000, 27601, 27591, 0, 
183, 1, 17, 59, -1, 149, 223, 24.3, 30, ABplaapaaa, -29, 27131, 35488, 1308, , 27131, 25000, 28131, 28063, 0, 
184, 1, 343, 101, -1, 130, 233, 16.5, 27, ABalaaapar, 136, 27751, 24865, 896, , 27751, 25000, 27231, 27215, 0, 
185, 1, 294, 340, -1, 177, 244, 8.4, 27, ABaraaappa, -61, 28043, 27706, 988, , 28043, 25000, 28046, 28242, 0, 
186, 1, 211, 413, -1, 194, 228, 15.0, 24, ABalpaapaap, -110, 27863, 16941, 608, , 27863, 25000, 28161, 28561, 0, 
187, 1, 84, 425, -1, 225, 179, 18.1, 24, ABalpppppaa, 236, 28382, 17143, 604, , 28382, 25000, 28042, 28255, 0, 
188, 1, 31, 99, -1, 506, 301, 9.6, 29, Cppapp, 288, 27187, 31428, 1156, , 27187, 25000, 28370, 28388, 0, 
189, 1, 135, 167, -1, 262, 357, 7.8, 26, ABprpaaapa, 358, 30190, 24031, 796, , 30190, 25000, 30597, 30777, 0, 
190, 1, 316, 72, -1, 572, 256, 8.4, 26, ABprappppp, 417, 28531, 23738, 832, , 28531, 25000, 28743, 28805, 0, 
191, 0, 407, -1, -1, 334, 321, 11.9, 22, , 305, -392, 12663, 464, , 27291, 25000, 27702, 27683, 0, 
192, 1, 78, 83, -1, 367, 145, 12.3, 27, ABplppaapa, 261, 27149, 25086, 924, , 27149, 25000, 27678, 27631, 0, 
193, 1, 151, 103, -1, 531, 366, 18.6, 30, ABarpppppa, 452, 27858, 32204, 1156, , 27858, 25000, 27973, 27900, 0, 
194, 1, 121, 211, -1, 196, 188, 18.8, 24, ABalppppaav, 171, 27907, 18307, 656, , 27907, 25000, 28166, 28294, 0, 
195, 1, 195, 226, -1, 182, 266, 20.6, 25, MSaaaaapa, 245, 26701, 22215, 832, , 26701, 25000, 27703, 27743, 0, 
196, 1, 6, 287, -1, 342, 372, 15.9, 26, ABprapaaapa, 191, 28551, 22841, 800, , 28551, 25000, 28150, 28216, 0, 
197, 1, 226, 265, -1, 245, 179, 6.7, 25, ABalpapaaap, 221, 33310, 25449, 764, , 33310, 25000, 34794, 34722, 0, 
198, 1, 285, 335, -1, 272, 135, 14.0, 24, ABplpaaappa, 216, 27344, 16625, 608, , 27344, 25000, 27973, 27972, 0, 
199, 1, 87, 416, -1, 147, 270, 8.4, 25, ABalaapaaa, 282, 28024, 23316, 832, , 28024, 25000, 28800, 28922, 0, 
200, 0, 86, -1, -1, 269, 170, 13.4, 23, , 184, 1609, 19068, 640, , 29794, 25000, 28110, 28185, 0, 
201, 1, 291, 37, -1, 512, 168, 15.5, 28, Cappap, 267, 27650, 29862, 1080, , 27650, 25000, 28245, 28262, 0, 
202, 1, 88, 111, -1, 203, 152, 19.9, 23, ABalppppaad, 216, 26649, 13218, 496, , 26649, 25000, 27534, 27536, 0, 
203, 1, 286, 377, -1, 416, 242, 18.5, 31, Ealap, 291, 27371, 33721, 1232, , 27371, 25000, 28688, 28732, 0, 
204, 1, 354, 396, -1, 381, 316, 7.6, 29, ABprppaapa, 287, 28262, 32671, 1156, , 28262, 25000, 29975, 29672, 0, 
205, 1, 59, 197, -1, 487, 208, 9.2, 24, ABprpappppp, 295, 27181, 17831, 656, , 27181, 25000, 28492, 28652, 0, 
206, 1, 369, 75, -1, 586, 200, 16.7, 31, Cpapaa, 317, 26314, 35997, 1368, , 26314, 25000, 28384, 28391, 0, 
207, 1, 305, 313, -1, 507, 254, 5.2, 24, ABprpppapaa, 191, 38750, 25420, 656, , 38750, 25000, 37697, 37707, 0, 
208, 1, 393, 364, -1, 493, 279, 19.0, 32, Eprap, 305, 28111, 48013, 1708, , 28111, 25000, 28119, 28139, 0, 
209, 1, 9, 258, -1, 416, 105, 15.9, 24, ABplppapaap, -79, 28118, 16983, 604, , 28118, 25000, 27098, 26895, 0, 
210, 1, 217, 106, -1, 301, 193, 4.9, 25, ABprpappaaa, 249, 35983, 22885, 636, , 35983, 25000, 37701, 38082, 0, 
211, 1, 394, 1, -1, 130, 309, 19.5, 22, ABalapppaap, 226, 27387, 14022, 512, , 27387, 25000, 26961, 26961, 0, 
212, 1, 42, 349, -1, 255, 304, 19.8, 25, MSpaaaapp, 205, 27307, 19224, 704, , 27307, 25000, 27635, 27767, 0, 
213, 1, 329, 332, -1, 292, 170, 14.1, 25, MSapapap, 210, 29007, 19957, 688, , 29007, 25000, 28805, 28788, 0, 
214, 1, 421, 139, -1, 473, 226, 25.4, 33, Dappp, 331, 29490, 48364, 1640, , 29490, 25000, 28508, 28492, 0, 
215, 1, 160, 412, -1, 461, 208, 6.7, 26, ABplpapppp, 245, 28944, 24776, 856, , 28944, 25000, 31849, 31918, 0, 
216, 1, 284, 192, -1, 280, 172, 5.9, 24, ABalpapapaa, -150, 40760, 24619, 604, , 40760, 25000, 39078, 39090, 0, 
217, 1, 258, 3, -1, 284, 376, 8.7, 23, ABprpaapppa, 178, 27787, 16450, 592, , 27787, 25000, 28151, 28129, 0, 
218, 1, 1, 414, -1, 304, 326, 21.0, 28, MSpppppa, 203, 27200, 30682, 1128, , 27200, 25000, 27908, 27914, 0, 
219, 1, 430, 201, -1, 195, 354, 15.2, 30, ABpraaapap, 268, 27780, 36669, 1320, , 27780, 25000, 27810, 27787, 0, 
220, 1, 410, 100, 327, 236, 154, 14.4, 28, ABplpaaaaa, 192, 26634, 26314, 988, , 26634, 25000, 27915, 28008, 0, 
221, 1, 367, 122, -1, 216, 301, 7.4, 24, ABarappppaa, 183, 29114, 20380, 700, , 29114, 25000, 30406, 30404, 0, 
222, 1, 326, 404, -1, 495, 144, 7.0, 24, ABplpppapaa, 387, 32956, 20037, 608, , 32956, 25000, 32726, 32979, 0, 
223, 1, 112, 132, -1, 494, 329, 6.3, 26, ABprppappp, 227, 31862, 27274, 856, , 31862, 25000, 35399, 35425, 0, 
224, 1, 207, 415, -1, 466, 129, 9.6, 25, ABplpppaaap, 187, 26990, 22456, 832, , 26990, 25000, 27940, 27954, 0, 
225, 1, 201, 243, -1, 329, 338, 9.2, 29, ABprppaaaa, 363, 28313, 31484, 1112, , 28313, 25000, 28804, 29028, 0, 
226, 1, 216, 266, -1, 472, 361, 17.0, 27, Cpppaaa, 258, 27221, 28092, 1032, , 27221, 25000, 28878, 28905, 0, 
227, 1, 138, 108, -1, 486, 335, 11.3, 32, Cppaap, 254, 27145, 42998, 1584, , 27145, 25000, 28183, 28179, 0, 
228, 1, 229, 15, -1, 429, 327, 24.7, 29, Caaaaa, 293, 28151, 30065, 1068, , 28151, 25000, 28543, 28732, 0, 
229, 1, 73, 66, -1, 523, 373, 12.2, 27, ABprappapp, 241, 26825, 23284, 868, , 26825, 25000, 27373, 27416, 0, 
230, 1, 408, 88, 484, 190, 216, 25.8, 25, ABalapappp, 236, 27416, 19301, 704, , 27416, 25000, 29106, 29299, 0, 
231, 1, 257, 35, -1, 224, 145, 22.0, 26, ABalpppappp, 35, 26932, 22946, 852, , 26932, 25000, 28106, 28274, 0, 
232, 1, 164, 424, -1, 493, 264, 9.4, 30, ABprpppppa, 233, 26726, 30895, 1156, , 26726, 25000, 28506, 28588, 0, 
233, 1, 209, 217, -1, 306, 161, 10.2, 28, ABplpapaaa, 402, 28343, 29817, 1052, , 28343, 25000, 28156, 28221, 0, 
234, 1, 372, 51, -1, 579, 180, 10.8, 24, Caappv, 228, 28186, 18490, 656, , 28186, 25000, 28273, 28406, 0, 
235, 1, 265, 325, -1, 272, 191, 21.1, 26, ABalppppppa, 439, 28506, 22805, 800, , 28506, 25000, 27904, 27931, 0, 
236, 1, 127, 394, -1, 425, 371, 15.5, 26, Dppap, 229, 28261, 25322, 896, , 28261, 25000, 28899, 28909, 0, 
237, 0, 93, -1, -1, 213, 298, 25.5, 24, , 204, -733, 21715, 768, , 28275, 25000, 28765, 29008, 0, 
238, 1, 191, 321, -1, 542, 120, 12.4, 28, ABplappppa, 319, 26504, 26186, 988, , 26504, 25000, 27296, 27269, 0, 
239, 1, 254, 206, -1, 386, 178, 20.3, 28, Dapaa, 225, 26330, 28015, 1064, , 26330, 25000, 28433, 28437, 0, 
240, 1, 40, 406, -1, 492, 122, 9.3, 26, ABplpppaapa, 202, 28572, 24458, 856, , 28572, 25000, 27642, 27650, 0, 
241, 1, 100, 78, -1, 544, 130, 18.2, 27, ABarppappp, 24, 28121, 24409, 868, , 28121, 25000, 28046, 28097, 0, 
242, 1, 11, 227, -1, 378, 260, 13.4, 26, MSpapapa, 259, 36173, 30096, 832, , 36173, 25000, 31004, 31104, 0, 
243, 1, 192, 351, -1, 516, 152, 11.1, 27, ABplapppap, -56, 27731, 25180, 908, , 27731, 25000, 27542, 27597, 0, 
244, 1, 170, 81, -1, 381, 151, 17.2, 24, Daapp, 211, 27349, 17941, 656, , 27349, 25000, 29574, 29561, 0, 
245, 1, 13, 387, -1, 600, 239, 14.2, 29, Cpappd, 278, 27375, 30441, 1112, , 27375, 25000, 28102, 28155, 0, 
246, 1, 385, 33, 253, 258, 281, 5.6, 30, ABarapppap, 189, 37220, 43026, 1156, , 37220, 25000, 35140, 35502, 0, 
247, 1, 417, 359, 456, 558, 217, 7.4, 29, ABprpppppp, 194, 29132, 33677, 1156, , 29132, 25000, 32372, 32521, 0, 
248, 1, 14, 17, -1, 248, 125, 20.3, 29, ABplpaapapa, 72, 28152, 30066, 1068, , 28152, 25000, 27607, 27681, 0, 
249, 1, 18, 434, -1, 221, 345, 21.5, 25, ABarpapaapp, 233, 27404, 21046, 768, , 27404, 25000, 28021, 28109, 0, 
250, 1, 251, 91, -1, 186, 134, 17.7, 28, ABalpppaap, 70, 27445, 29201, 1064, , 27445, 25000, 27148, 27209, 0, 
251, 1, 347, 234, -1, 188, 326, 20.8, 24, ABarpapaapa, 163, 27572, 18087, 656, , 27572, 25000, 27830, 27836, 0, 
252, 1, 382, 435, -1, 222, 289, 22.7, 24, MSaaaapaa, 209, 27131, 19100, 704, , 27131, 25000, 27724, 27719, 0, 
253, 1, 366, 366, -1, 266, 276, 25.8, 30, ABplaaaapp, 109, 28136, 37140, 1320, , 28136, 25000, 28557, 28554, 0, 
254, 1, 297, 256, -1, 191, 173, 16.0, 25, ABalapaapa, 284, 27204, 20784, 764, , 27204, 25000, 28295, 28411, 0, 
255, 1, 311, 422, -1, 466, 149, 7.0, 24, ABplppppapa, -2, 30821, 18739, 608, , 30821, 25000, 32593, 32618, 0, 
256, 1, 52, 302, -1, 424, 387, 21.3, 30, ABarpppapp, 284, 26797, 35050, 1308, , 26797, 25000, 28149, 28041, 0, 
257, 1, 330, 353, -1, 318, 303, 11.7, 25, MSppaapp, 237, 26492, 20240, 764, , 26492, 25000, 28233, 28249, 0, 
258, 1, 216, 403, -1, 502, 343, 19.5, 26, Cpppaap, 305, 28719, 25732, 896, , 28719, 25000, 28254, 28242, 0, 
259, 1, 439, 53, -1, 201, 166, 11.3, 24, ABalppappaa, 488, 26702, 18798, 704, , 26702, 25000, 27898, 28233, 0, 
260, 1, 334, 79, -1, 178, 194, 9.8, 28, ABalpaappp, 177, 26980, 28383, 1052, , 26980, 25000, 28289, 28445, 0, 
261, 1, 357, 370, -1, 349, 175, 13.3, 26, MSapaapp, 259, 27624, 23646, 856, , 27624, 25000, 28557, 28596, 0, 
262, 1, 389, 272, -1, 582, 270, 19.7, 33, Caaapp, 301, 27609, 47929, 1736, , 27609, 25000, 28639, 28641, 0, 
263, 1, 309, 177, -1, 319, 373, 15.2, 24, ABprpaappap, 184, 26584, 17439, 656, , 26584, 25000, 28107, 28073, 0, 
264, 1, 140, 19, -1, 140, 290, 22.6, 27, ABarpaaaaa, 272, 29413, 29060, 988, , 29413, 25000, 27591, 27448, 0, 
265, 1, 30, 156, -1, 234, 379, 20.5, 24, ABarpappaa, 210, 27969, 21480, 768, , 27969, 25000, 27505, 27660, 0, 
266, 1, 363, 282, -1, 401, 244, 10.7, 26, MSpapappp, 179, 33164, 28388, 856, , 33164, 25000, 30153, 30181, 0, 
267, 1, 340, 152, -1, 295, 209, 12.6, 24, MSaapaaaa, 200, 32674, 22872, 700, , 32674, 25000, 29683, 29612, 0, 
268, 1, 260, 189, -1, 296, 127, 16.9, 26, ABplpaappp, 205, 26645, 21316, 800, , 26645, 25000, 28153, 28261, 0, 
269, 1, 186, 121, -1, 502, 234, 18.8, 32, Eplap, 292, 28347, 45582, 1608, , 28347, 25000, 28539, 28688, 0, 
270, 1, 403, 383, -1, 450, 352, 13.5, 29, Cppaaa, 290, 27919, 30153, 1080, , 27919, 25000, 27952, 27960, 0, 
271, 1, 245, 455, -1, 239, 272, 14.4, 28, ABaraaapapp, 201, 27714, 27381, 988, , 27714, 25000, 27766, 27764, 0, 
272, 1, 37, 64, -1, 351, 363, 6.9, 24, ABprpaaaapp, 228, 31629, 19104, 604, , 31629, 25000, 33934, 33934, 0, 
273, 1, 409, 36, -1, 280, 284, 14.0, 22, ABaraapppap, 170, 27784, 10669, 384, , 27784, 25000, 28491, 28558, 0, 
274, 1, 176, 45, -1, 315, 211, 24.4, 33, ABplapaaaa, 263, 28002, 45924, 1640, , 28002, 25000, 28043, 28009, 0, 
275, 1, 302, 269, -1, 261, 246, 8.8, 25, ABarapapaap, 202, 27734, 19525, 704, , 27734, 25000, 28029, 28278, 0, 
276, 1, 116, 31, -1, 230, 261, 11.2, 28, ABarapaapa, 344, 27454, 28882, 1052, , 27454, 25000, 27514, 27632, 0, 
277, 1, 101, 367, -1, 422, 127, 21.1, 29, ABplapaapp, 284, 27671, 33426, 1208, , 27671, 25000, 28257, 28248, 0, 
278, 1, 221, 153, -1, 146, 245, 10.6, 27, ABalaaaarr, 279, 27156, 26830, 988, , 27156, 25000, 27612, 27666, 0, 
279, 1, 427, 154, -1, 334, 250, 4.9, 23, ABprpappaap, 189, 35018, 17369, 496, , 35018, 25000, 37115, 37117, 0, 
280, 1, 356, 228, -1, 279, 242, 7.2, 25, ABarapapapa, 230, 29911, 21057, 704, , 29911, 25000, 32153, 31939, 0, 
281, 1, 368, 386, -1, 259, 353, 14.2, 24, ABpraaappap, 174, 27948, 18334, 656, , 27948, 25000, 27592, 27447, 0, 
282, 1, 35, 411, -1, 150, 169, 15.5, 31, ABalaaapal, 283, 26915, 33159, 1232, , 26915, 25000, 27524, 27490, 0, 
283, 1, 65, 162, -1, 155, 184, 20.6, 29, ABalapaaap, 260, 26329, 30436, 1156, , 26329, 25000, 28040, 28056, 0, 
284, 1, 165, 365, -1, 455, 166, 14.4, 29, Capaap, 170, 28923, 33435, 1156, , 28923, 25000, 28447, 28470, 0, 
285, 1, 239, 147, -1, 204, 372, 18.1, 26, ABpraapaapp, 260, 28351, 22681, 800, , 28351, 25000, 27439, 27463, 0, 
286, 1, 283, 12, -1, 379, 181, 25.5, 29, ABarppapaa, 507, 28224, 30482, 1080, , 28224, 25000, 28292, 28285, 0, 
287, 1, 362, 193, -1, 313, 343, 5.3, 25, ABprpaaaapa, 198, 38264, 29234, 764, , 38264, 25000, 38491, 38665, 0, 
288, 1, 261, 264, -1, 180, 163, 10.2, 28, ABalaaaalp, 52, 26956, 28358, 1052, , 26956, 25000, 27746, 27868, 0, 
289, 1, 301, 294, -1, 318, 371, 9.3, 24, ABprpaapppp, 204, 27023, 19024, 704, , 27023, 25000, 28875, 28964, 0, 
290, 1, 402, 65, -1, 223, 189, 23.6, 25, ABplaapappa, 208, 27546, 22918, 832, , 27546, 25000, 28407, 28541, 0, 
291, 1, 188, 336, -1, 445, 260, 5.1, 23, ABprppppaaa, 222, 36641, 18174, 496, , 36641, 25000, 34755, 34710, 0, 
292, 1, 67, 361, -1, 354, 224, 14.7, 28, MSaapapa, 213, 37362, 39753, 1064, , 37362, 25000, 30883, 30691, 0, 
293, 0, 320, -1, -1, 161, 154, 13.3, 26, , 69, 965, 24202, 856, , 28273, 25000, 27353, 27308, 0, 
294, 1, 126, 151, -1, 366, 160, 23.4, 28, ABplapaaapp, 166, 29104, 28755, 988, , 29104, 25000, 28286, 28256, 0, 
295, 1, 386, 315, -1, 562, 301, 17.5, 31, Cppppa, 284, 27996, 34491, 1232, , 27996, 25000, 28232, 28250, 0, 
296, 1, 162, 398, -1, 383, 170, 8.5, 24, ABplpapappa, 164, 28027, 21525, 768, , 28027, 25000, 28654, 28674, 0, 
297, 1, 371, 465, -1, 438, 190, 16.0, 22, MSappaap, 226, 28016, 10758, 384, , 28016, 25000, 28371, 28436, 0, 
298, 1, 312, 301, -1, 433, 294, 5.4, 27, ABprppaapp, -12, 35557, 35130, 988, , 35557, 25000, 34847, 34883, 0, 
299, 1, 228, 135, -1, 479, 296, 5.7, 30, ABprpppaaa, 200, 32966, 43119, 1308, , 32966, 25000, 33874, 33951, 0, 
300, 1, 289, 208, -1, 584, 210, 19.5, 35, Cpapap, 352, 27816, 55186, 1984, , 27816, 25000, 28338, 28569, 0, 
301, 1, 71, 261, -1, 320, 202, 12.4, 27, MSaapaaap, 179, 32715, 32322, 988, , 32715, 25000, 30007, 29780, 0, 
302, 1, 424, 431, -1, 239, 329, 25.9, 27, ABarpaapaa, 259, 28786, 26138, 908, , 28786, 25000, 28984, 29092, 0, 
303, 1, 440, 137, -1, 490, 190, 23.2, 30, Cappaa, 163, 27620, 36459, 1320, , 27620, 25000, 27702, 27730, 0, 
304, 1, 432, 138, -1, 329, 318, 7.5, 28, ABprpapaap, -26, 29057, 31382, 1080, , 29057, 25000, 31185, 31091, 0, 
305, 1, 139, 92, -1, 197, 177, 25.7, 28, ABplaapaapp, 187, 29184, 31052, 1064, , 29184, 25000, 28538, 28572, 0, 
306, 1, 401, 307, -1, 392, 340, 10.5, 26, Dpapp, 259, 28817, 25820, 896, , 28817, 25000, 29003, 28917, 0, 
307, 1, 194, 223, -1, 136, 210, 19.1, 26, ABalapaaaa, 246, 27048, 21638, 800, , 27048, 25000, 27192, 27199, 0, 
308, 1, 388, 381, -1, 430, 169, 26.0, 30, ABarppapap, 266, 28223, 38045, 1348, , 28223, 25000, 28232, 28230, 0, 
309, 1, 129, 343, -1, 362, 346, 12.3, 25, Dpapa, 223, 26669, 20375, 764, , 26669, 25000, 27989, 28036, 0, 
310, 1, 180, 276, -1, 323, 390, 11.7, 27, ABpraappap, -24, 26654, 24628, 924, , 26654, 25000, 27070, 27113, 0, 
311, 1, 47, 245, -1, 226, 354, 10.3, 28, ABpraaaapa, 20, 28256, 30064, 1064, , 28256, 25000, 27944, 27894, 0, 
312, 1, 349, 362, -1, 209, 260, 22.4, 25, MSaaaaapp, 211, 28095, 23375, 832, , 28095, 25000, 27941, 27945, 0, 
313, 1, 259, 241, -1, 384, 109, 15.3, 26, ABplppapaaa, 66, 27207, 23289, 856, , 27207, 25000, 26964, 27055, 0, 
314, 1, 290, 378, -1, 367, 308, 11.9, 28, MSpppaaa, 253, 27746, 30188, 1088, , 27746, 25000, 28585, 28763, 0, 
315, 1, 322, 71, -1, 426, 326, 6.3, 26, ABprppappa, 257, 30605, 26198, 856, , 30605, 25000, 33593, 33568, 0, 
316, 1, 280, 274, -1, 312, 124, 19.5, 28, ABplaappap, 141, 27994, 30233, 1080, , 27994, 25000, 28325, 28446, 0, 
317, 1, 156, 125, -1, 170, 164, 22.5, 27, ABalppppapa, 203, 28568, 25597, 896, , 28568, 25000, 27921, 28058, 0, 
318, 1, 473, 169, -1, 359, 223, 17.3, 26, MSaapaapp, 245, 33877, 28999, 856, , 33877, 25000, 29880, 29772, 0, 
319, 1, 232, 168, -1, 177, 291, 6.8, 27, ABalaapaap, 203, 31573, 27405, 868, , 31573, 25000, 34604, 35193, 0, 
320, 1, 94, 247, -1, 307, 246, 8.6, 24, ABarapapppa, 215, 28367, 19857, 700, , 28367, 25000, 29878, 29785, 0, 
321, 1, 200, 202, -1, 550, 298, 9.9, 26, ABprapppaa, 238, 26585, 21268, 800, , 26585, 25000, 27950, 28112, 0, 
322, 1, 203, 148, -1, 272, 157, 20.5, 24, ABplpaappaa, 191, 27672, 21252, 768, , 27672, 25000, 28105, 28164, 0, 
323, 1, 80, 257, -1, 481, 256, 12.9, 31, Eprpp, 310, 27552, 40777, 1480, , 27552, 25000, 28948, 28935, 0, 
324, 0, 79, -1, -1, 86, 261, 16.1, 27, , 233, 3593, 27537, 908, , 30327, 25000, 26734, 26734, 0, 
325, 1, 187, 232, -1, 253, 201, 4.9, 28, ABalpapaap, 35, 39218, 42669, 1088, , 39218, 25000, 37853, 38354, 0, 
326, 0, 15, -1, -1, 288, 301, 9.5, 23, , 706, 892, 18140, 632, , 28703, 25000, 27839, 27811, 0, 
327, 1, 178, 7, -1, 435, 319, 12.2, 27, MSpppaap, 262, 26528, 23026, 868, , 26528, 25000, 29516, 29659, 0, 
328, 1, 423, 360, -1, 435, 229, 5.5, 24, ABplpapppap, 148, 34566, 26547, 768, , 34566, 25000, 33058, 33016, 0, 
329, 1, 391, 235, -1, 220, 224, 14.5, 25, ABalpaapapa, 131, 27870, 21404, 768, , 27870, 25000, 28036, 28252, 0, 
330, 1, 416, 449, -1, 242, 157, 11.1, 23, ABalppappap, 185, 27708, 13743, 496, , 27708, 25000, 28103, 28122, 0, 
331, 1, 90, 407, -1, 371, 244, 4.9, 25, ABprpappapa, 247, 38879, 24727, 636, , 38879, 25000, 35964, 35970, 0, 
332, 1, 308, 21, -1, 462, 299, 17.4, 31, Earpp, 312, 27253, 36301, 1332, , 27253, 25000, 29802, 29967, 0, 
333, 1, 197, 179, -1, 288, 253, 13.0, 24, ABarapaappp, 201, 27035, 16437, 608, , 27035, 25000, 29145, 29272, 0, 
334, 1, 288, 42, -1, 548, 190, 20.6, 29, Capppa, 291, 27360, 31628, 1156, , 27360, 25000, 28083, 28122, 0, 
335, 1, 444, 149, -1, 528, 136, 8.1, 25, ABplpppaapp, 154, 27719, 19071, 688, , 27719, 25000, 29126, 29162, 0, 
336, 1, 130, 86, -1, 249, 325, 8.5, 30, ABprpaaaaa, 133, 27917, 34394, 1232, , 27917, 25000, 29039, 29038, 0, 
337, 1, 332, 290, -1, 191, 232, 17.6, 25, ABaraapaapa, 211, 27692, 23040, 832, , 27692, 25000, 27509, 27517, 0, 
338, 1, 374, 260, -1, 215, 326, 24.8, 26, ABarpapapa, 498, 27866, 22181, 796, , 27866, 25000, 28468, 28307, 0, 
339, 1, 108, 432, -1, 557, 229, 23.5, 32, Cpaapp, -12, 28423, 40702, 1432, , 28423, 25000, 28579, 28562, 0, 
340, 1, 199, 4, -1, 400, 318, 25.5, 34, Cpaaaa, 1, 27624, 46630, 1688, , 27624, 25000, 28646, 28698, 0, 
341, 1, 38, 405, -1, 386, 212, 9.8, 26, MSaappap, 215, 29457, 23448, 796, , 29457, 25000, 29722, 30032, 0, 
342, 1, 465, 330, -1, 426, 221, 23.9, 26, Dappa, 267, 27946, 22357, 800, , 27946, 25000, 28068, 28151, 0, 
343, 1, 236, 46, -1, 181, 283, 26.3, 30, ABarpaaaap, 283, 29104, 38068, 1308, , 29104, 25000, 28817, 28935, 0, 
344, 1, 295, 319, -1, 495, 165, 19.6, 30, Capapa, -98, 29236, 33797, 1156, , 29236, 25000, 27923, 27923, 0, 
345, 1, 29, 48, -1, 448, 117, 12.5, 28, ABplppappp, 271, 27074, 29240, 1080, , 27074, 25000, 27644, 27623, 0, 
346, 1, 348, 444, -1, 500, 325, 23.9, 34, Caaaap, 336, 27455, 54252, 1976, , 27455, 25000, 28212, 28156, 0, 
347, 1, 376, 374, -1, 390, 212, 5.6, 23, ABprpappapp, 202, 34634, 22166, 640, , 34634, 25000, 35277, 35343, 0, 
348, 1, 274, 428, -1, 295, 394, 18.7, 27, ABarpapppa, 275, 28317, 26165, 924, , 28317, 25000, 27473, 27345, 0, 
349, 1, 438, 342, -1, 283, 302, 6.1, 24, ABarapppppa, 185, 31904, 19270, 604, , 31904, 25000, 34642, 34399, 0, 
350, 1, 275, 146, -1, 235, 280, 26.4, 28, ABplaaaapa, 127, 28855, 28509, 988, , 28855, 25000, 29109, 29093, 0, 
351, 1, 272, 439, -1, 399, 400, 19.2, 28, ABarppppaa, 273, 28698, 30190, 1052, , 28698, 25000, 27728, 27760, 0, 
352, 1, 273, 230, -1, 258, 285, 14.3, 25, ABaraapppaa, 189, 28601, 21851, 764, , 28601, 25000, 28164, 28144, 0, 
353, 1, 442, 442, -1, 214, 372, 21.4, 22, ABalapppppp, 181, 25981, 14861, 572, , 25981, 25000, 27366, 27274, 0, 
354, 1, 190, 440, -1, 293, 162, 17.8, 24, MSapppaa, 204, 27780, 18224, 656, , 27780, 25000, 27753, 27755, 0, 
355, 1, 111, 136, -1, 222, 202, 7.8, 25, ABalpaaaap, 232, 28053, 19749, 704, , 28053, 25000, 30909, 30542, 0, 
356, 1, 247, 385, -1, 319, 160, 6.9, 27, ABalpapapap, 241, 31981, 29039, 908, , 31981, 25000, 35569, 36127, 0, 
357, 1, 6, 29, -1, 371, 398, 17.2, 26, ABprapaaapp, 206, 27245, 21687, 796, , 27245, 25000, 27885, 27814, 0, 
358, 1, 250, 14, -1, 458, 264, 21.5, 33, Eplaa, 335, 28060, 45570, 1624, , 28060, 25000, 28489, 28501, 0, 
359, 1, 359, 463, -1, 383, 225, 24.1, 28, MSappppp, 282, 28286, 30775, 1088, , 28286, 25000, 28609, 28641, 0, 
360, 1, 189, 355, -1, 408, 198, 25.1, 26, ABarppaapp, 251, 27414, 21931, 800, , 27414, 25000, 27565, 27554, 0, 
361, 1, 384, 259, -1, 159, 340, 15.3, 27, ABalappapp, 196, 27039, 24984, 924, , 27039, 25000, 27384, 27203, 0, 
362, 1, 157, 158, -1, 258, 391, 18.6, 27, ABarpappap, 227, 27607, 27276, 988, , 27607, 25000, 27964, 28031, 0, 
363, 1, 243, 384, -1, 173, 352, 12.8, 25, ABalaappppp, 173, 27190, 19142, 704, , 27190, 25000, 27834, 27764, 0, 
364, 1, 414, 114, -1, 159, 193, 17.2, 25, ABalapaappa, 223, 28490, 20057, 704, , 28490, 25000, 28511, 28524, 0, 
365, 1, 351, 170, -1, 520, 283, 5.5, 29, ABprpppaap, 293, 41376, 44686, 1080, , 41376, 25000, 37117, 37680, 0, 
366, 1, 124, 467, -1, 216, 306, 17.9, 24, MSpaaaapa, 200, 29854, 18032, 604, , 29854, 25000, 28888, 28971, 0, 
367, 0, 143, -1, -1, 225, 284, 19.5, 23, , 219, 1088, 18723, 632, , 29625, 25000, 28339, 28537, 0, 
368, 1, 400, 459, -1, 329, 368, 23.2, 27, ABarpppaaa, 274, 27818, 24146, 868, , 27818, 25000, 27840, 27987, 0, 
369, 1, 269, 181, -1, 455, 175, 7.3, 23, ABplppppaap, 186, 30005, 17763, 592, , 30005, 25000, 30765, 30726, 0, 
370, 1, 306, 238, -1, 220, 244, 18.9, 26, ABaraapaapp, 145, 27516, 22013, 800, , 27516, 25000, 28081, 28139, 0, 
371, 1, 419, 239, -1, 365, 363, 25.5, 33, ABarpppapa, 323, 27332, 44387, 1624, , 27332, 25000, 28046, 28039, 0, 
372, 1, 41, 420, -1, 473, 241, 5.1, 24, ABprppppaap, 215, 34541, 20863, 604, , 34541, 25000, 33112, 33203, 0, 
373, 1, 150, 408, -1, 513, 346, 15.7, 29, Cppapa, 229, 28967, 30937, 1068, , 28967, 25000, 28293, 28305, 0, 
374, 1, 240, 18, -1, 207, 312, 15.0, 26, MSppaaap, 239, 27268, 23232, 852, , 27268, 25000, 28144, 28140, 0, 
375, 1, 83, 163, -1, 205, 229, 22.8, 25, ABplaaaaapa, 217, 29426, 20716, 704, , 29426, 25000, 28242, 28648, 0, 
376, 1, 184, 350, -1, 392, 295, 9.3, 28, MSpapppa, 263, 27919, 29706, 1064, , 27919, 25000, 28709, 28828, 0, 
377, 1, 346, 284, -1, 212, 338, 17.9, 24, MSppappa, 189, 27200, 16429, 604, , 27200, 25000, 27555, 27669, 0, 
378, 1, 134, 322, -1, 464, 392, 12.6, 27, ABprappaaa, 240, 26444, 26127, 988, , 26444, 25000, 27753, 27739, 0, 
379, 1, 145, 222, -1, 543, 306, 13.4, 32, Cpppap, 308, 28760, 42680, 1484, , 28760, 25000, 28507, 28487, 0, 
380, 0, 446, -1, -1, 491, 192, 7.0, 23, , 170, -2345, 14699, 512, , 28709, 25000, 30907, 31054, 0, 
381, 1, 114, 186, -1, 448, 356, 20.4, 31, Dpppp, 312, 27777, 36999, 1332, , 27777, 25000, 28424, 28458, 0, 
382, 1, 153, 23, -1, 582, 277, 12.2, 28, ABprapappp, -31, 28131, 29594, 1052, , 28131, 25000, 28569, 28613, 0, 
383, 1, 21, 458, -1, 351, 163, 16.0, 22, MSappapp, 199, 27010, 10372, 384, , 27010, 25000, 28796, 28764, 0, 
384, 1, 396, 11, -1, 314, 265, 16.9, 24, MSaaapapp, 226, 28288, 17086, 604, , 28288, 25000, 28685, 28681, 0, 
385, 1, 23, 34, -1, 347, 166, 18.6, 26, Daapa, 198, 28032, 23323, 832, , 28032, 25000, 29235, 29226, 0, 
386, 1, 454, 436, -1, 411, 190, 6.5, 23, ABplpapappp, 163, 31389, 19838, 632, , 31389, 25000, 32419, 32581, 0, 
387, 1, 26, 244, -1, 256, 199, 9.5, 26, ABalpappaap, 457, 27445, 24591, 896, , 27445, 25000, 28462, 28626, 0, 
388, 1, 420, 421, -1, 525, 281, 25.4, 34, Cpaapa, 334, 27356, 48693, 1780, , 27356, 25000, 28666, 28718, 0, 
389, 1, 166, 68, -1, 265, 366, 17.3, 26, ABpraapappp, 246, 28387, 24299, 856, , 28387, 25000, 28508, 28678, 0, 
390, 1, 453, 198, -1, 179, 214, 22.2, 24, ABalapappap, 85, 28345, 18594, 656, , 28345, 25000, 28610, 28464, 0, 
391, 1, 2, 112, -1, 228, 380, 13.8, 26, ABpraaaappp, 255, 28231, 22472, 796, , 28231, 25000, 27386, 27378, 0, 
392, 1, 339, 220, -1, 300, 384, 22.3, 28, ABarpapppp, 278, 27185, 28925, 1064, , 27185, 25000, 28431, 28498, 0, 
393, 1, 333, 141, -1, 306, 340, 18.0, 25, MSppppap, 239, 28406, 21702, 764, , 28406, 25000, 28419, 28455, 0, 
394, 1, 193, 324, -1, 481, 177, 5.1, 24, ABplppppapp, 200, 35762, 21600, 604, , 35762, 25000, 36589, 36795, 0, 
395, 1, 214, 400, -1, 419, 253, 5.2, 24, ABprpapappp, 165, 36419, 23891, 656, , 36419, 25000, 35196, 35217, 0, 
396, 1, 364, 207, -1, 430, 166, 6.9, 23, ABplppppaaa, 227, 30097, 14928, 496, , 30097, 25000, 30642, 30593, 0, 
397, 1, 315, 433, -1, 330, 254, 19.9, 24, MSaaaappp, 147, 27573, 16654, 604, , 27573, 25000, 27941, 27765, 0, 
398, 1, 107, 165, -1, 295, 150, 8.0, 24, ABalppapapp, 172, 28668, 17430, 608, , 28668, 25000, 30546, 30761, 0, 
399, 1, 97, 164, -1, 516, 273, 16.4, 33, Eprpa, 325, 28313, 46434, 1640, , 28313, 25000, 28883, 29007, 0, 
400, 1, 12, 392, -1, 395, 228, 15.0, 31, Ealpa, 124, 28507, 45041, 1580, , 28507, 25000, 29157, 29201, 0, 
401, 1, 345, 96, -1, 366, 285, 14.9, 26, MSpapaapp, 80, 34695, 27756, 800, , 34695, 25000, 29834, 29599, 0, 
402, 1, 302, 427, -1, 246, 248, 9.8, 24, ABarapapaaa, 167, 26748, 17547, 656, , 26748, 25000, 27514, 27481, 0, 
403, 1, 387, 271, -1, 161, 309, 12.8, 25, ABalaappppa, 244, 26679, 18782, 704, , 26679, 25000, 27770, 27847, 0, 
404, 1, 281, 171, -1, 546, 155, 22.3, 29, ABplapapaa, 11, 27637, 29516, 1068, , 27637, 25000, 27818, 27853, 0, 
405, 1, 256, 450, -1, 280, 228, 17.3, 27, ABaraapapap, -154, 27363, 25283, 924, , 27363, 25000, 28106, 28340, 0, 
406, 1, 452, 402, -1, 340, 121, 19.5, 30, ABplaapppa, 199, 28843, 35535, 1232, , 28843, 25000, 28474, 28461, 0, 
407, 1, 441, 60, -1, 305, 141, 14.4, 25, ABplpaaappp, 136, 26563, 22100, 832, , 26563, 25000, 27923, 27943, 0, 
408, 1, 219, 363, -1, 477, 266, 5.7, 23, ABprppppapa, 184, 33461, 19809, 592, , 33461, 25000, 33369, 33437, 0, 
409, 1, 241, 380, -1, 277, 167, 23.4, 27, ABalppppppp, 248, 26768, 26447, 988, , 26768, 25000, 27709, 27835, 0, 
410, 1, 179, 216, -1, 243, 177, 26.4, 31, ABplaaapap, 298, 29119, 38787, 1332, , 29119, 25000, 29340, 29662, 0, 
411, 1, 234, 212, -1, 261, 277, 22.1, 27, MSaaaapap, 212, 27798, 25241, 908, , 27798, 25000, 28303, 28328, 0, 
412, 1, 435, 473, -1, 335, 236, 22.4, 25, MSappppa, 198, 28017, 23310, 832, , 28017, 25000, 28161, 28208, 0, 
413, 1, 428, 41, -1, 325, 302, 18.8, 26, MSpaaappp, 234, 27053, 21534, 796, , 27053, 25000, 28419, 28523, 0, 
414, 1, 102, 295, -1, 398, 349, 20.4, 28, Dpppa, 283, 27954, 27619, 988, , 27954, 25000, 28552, 28554, 0, 
415, 1, 363, 399, -1, 357, 248, 10.5, 26, MSpapappa, 164, 30955, 27736, 896, , 30955, 25000, 31214, 30744, 0, 
416, 1, 49, 293, -1, 322, 205, 9.5, 28, ABalpappppp, 287, 29031, 31354, 1080, , 29031, 25000, 29494, 29368, 0, 
417, 1, 429, 55, -1, 528, 184, 11.1, 27, Capppp, 294, 26642, 24191, 908, , 26642, 25000, 28063, 28030, 0, 
418, 1, 64, 183, -1, 443, 318, 9.3, 27, MSpapppp, 273, 26931, 24884, 924, , 26931, 25000, 28880, 28854, 0, 
419, 1, 415, 159, -1, 434, 290, 19.5, 33, Epraa, 320, 29147, 47334, 1624, , 29147, 25000, 28798, 28974, 0, 
420, 1, 277, 30, -1, 402, 387, 11.9, 30, ABpraapppp, 216, 27397, 37151, 1356, , 27397, 25000, 27978, 28012, 0, 
421, 1, 327, 358, -1, 140, 213, 12.9, 26, ABalaaaarl, 214, 26186, 20949, 800, , 26186, 25000, 28059, 28231, 0, 
422, 1, 412, 486, -1, 146, 265, 22.4, 22, ABalapapapa, -370, 28297, 16186, 572, , 28297, 25000, 28420, 28115, 0, 
423, 1, 44, 9, -1, 520, 114, 14.4, 28, ABplapappa, 234, 27379, 27050, 988, , 27379, 25000, 27436, 27548, 0, 
424, 1, 404, 292, -1, 515, 220, 16.3, 35, Eplpa, 351, 27694, 56496, 2040, , 27694, 25000, 29042, 29156, 0, 
425, 1, 198, 90, -1, 183, 249, 26.5, 30, ABplaaaaaa, 268, 27063, 33342, 1232, , 27063, 25000, 29316, 29462, 0, 
426, 1, 352, 28, -1, 357, 391, 21.3, 29, ABarpppaap, 282, 28083, 29993, 1068, , 28083, 25000, 27640, 27664, 0, 
427, 0, 449, -1, -1, 553, 316, 18.1, 22, , 253, -1548, 12351, 464, , 26619, 25000, 27886, 28167, 0, 
428, 1, 293, 52, -1, 424, 158, 13.1, 25, MSaapppp, 212, 27193, 18709, 688, , 27193, 25000, 28564, 28543, 0, 
429, 1, 373, 389, -1, 360, 189, 16.6, 27, MSappaaa, 175, 28419, 28078, 988, , 28419, 25000, 28680, 28823, 0, 
430, 1, 146, 32, -1, 337, 265, 10.7, 27, MSpapaaap, 207, 35839, 33115, 924, , 35839, 25000, 31156, 30357, 0, 
431, 1, 431, 221, -1, 411, 291, 17.1, 32, Earap, 324, 27133, 42761, 1576, , 27133, 25000, 29733, 29779, 0, 
432, 0, 137, -1, -1, 139, 247, 23.4, 26, , 206, 1568, 24343, 832, , 29258, 25000, 27692, 27690, 0, 
433, 1, 397, 224, -1, 166, 231, 14.3, 23, ABalpaapaaa, 198, 28887, 17101, 592, , 28887, 25000, 28647, 28658, 0, 
434, 1, 270, 26, -1, 270, 320, 13.3, 28, MSppapaa, 9, 27560, 29324, 1064, , 27560, 25000, 28072, 28166, 0, 
435, 1, 395, 446, -1, 492, 226, 5.3, 25, ABprppppapp, 173, 35260, 26939, 764, , 35260, 25000, 34872, 34830, 0, 
436, 1, 267, 345, -1, 406, 239, 7.3, 26, ABprpapppap, 181, 29504, 25255, 856, , 29504, 25000, 31695, 31775, 0, 
437, 1, 141, 438, -1, 341, 291, 24.3, 31, ABarpaappp, 292, 26981, 36910, 1368, , 26981, 25000, 28517, 28630, 0, 
438, 1, 177, 291, -1, 316, 197, 18.7, 24, Daaaa, 19, 26967, 18985, 704, , 26967, 25000, 28566, 28565, 0, 
439, 1, 85, 448, -1, 367, 353, 18.0, 24, Dpaap, 754, 27648, 16810, 608, , 27648, 25000, 28279, 28279, 0, 
440, 1, 447, 461, -1, 212, 273, 13.6, 22, ABaraaapapa, -34, 27890, 15953, 572, , 27890, 25000, 27827, 27940, 0, 
441, 0, 253, -1, -1, 380, 306, 17.0, 22, , 87, 385, 11674, 384, , 30401, 25000, 29765, 30016, 0, 
442, 1, 321, 397, -1, 582, 211, 13.3, 25, Caappd, 75, 27241, 20812, 764, , 27241, 25000, 27998, 28058, 0, 
443, 1, 323, 249, -1, 355, 203, 21.5, 26, Daaap, 79, 27167, 24342, 896, , 27167, 25000, 28421, 28511, 0, 
444, 1, 142, 143, -1, 331, 289, 16.1, 23, MSpaapapp, 481, 29585, 14674, 496, , 29585, 25000, 28373, 28503, 0, 
445, 1, 413, 452, -1, 271, 246, 20.4, 24, MSaaapaap, 105, 26611, 18628, 700, , 26611, 25000, 27948, 28086, 0, 
446, 1, 458, 410, -1, 229, 218, 16.5, 27, ABalpaapapp, 103, 26866, 24072, 896, , 26866, 25000, 27913, 27900, 0, 
447, 1, 450, 419, -1, 234, 243, 21.8, 22, MSaaapaaa, 354, 27452, 13616, 496, , 27452, 25000, 28008, 28048, 0, 
448, 1, 398, 437, -1, 297, 210, 21.0, 22, MSapppap, -64, 25648, 9849, 384, , 25648, 25000, 28016, 28005, 0, 
449, 1, 57, 299, -1, 275, 310, 16.7, 26, MSpaapaa, 296, 27655, 23673, 856, , 27655, 25000, 28125, 28296, 0, 
450, 1, 185, 2, -1, 235, 328, 13.6, 24, ABpraaappaa, 417, 29003, 20302, 700, , 29003, 25000, 27630, 27684, 0, 
451, 1, 299, 481, -1, 152, 214, 20.9, 22, ABalapappaa, 642, 28394, 13175, 464, , 28394, 25000, 27683, 27748, 0, 
452, 1, 204, 462, -1, 242, 141, 18.3, 24, ABalpppapad, -185, 27501, 19361, 704, , 27501, 25000, 28015, 28047, 0, 
453, 1, 319, 105, -1, 193, 253, 10.5, 26, ABaraaaaap, -100, 27845, 24949, 896, , 27845, 25000, 28375, 28418, 0, 
454, 1, 462, 373, -1, 253, 157, 7.8, 23, ABalppapapa, 460, 29802, 16093, 540, , 29802, 25000, 30290, 30420, 0, 
455, 1, 471, 471, -1, 133, 248, 19.9, 22, ABalappaap, -36, 27884, 12938, 464, , 27884, 25000, 27145, 27108, 0, 
456, 1, 313, 74, -1, 300, 317, 5.1, 23, ABarapppppp, 405, 39825, 19753, 496, , 39825, 25000, 35933, 36194, 0, 
457, 1, 425, 464, -1, 515, 208, 6.9, 22, ABprpppapap, 342, 31588, 14657, 464, , 31588, 25000, 32716, 32370, 0, 
458, 1, 300, 469, -1, 159, 309, 17.7, 22, ABalappppaa, 322, 26531, 13902, 524, , 26531, 25000, 27647, 27591, 0, 
459, 1, 244, 24, -1, 206, 142, 16.4, 24, ABalpppapav, 189, 27623, 19336, 700, , 27623, 25000, 28038, 28296, 0, 
460, 1, 56, 289, -1, 439, 129, 18.8, 25, ABplappaaa, 157, 27567, 19407, 704, , 27567, 25000, 27838, 27800, 0, 
461, 1, 337, 401, -1, 318, 150, 12.6, 24, ABplpapaap, 25, 26610, 18627, 700, , 26610, 25000, 27679, 27869, 0, 
462, 1, 76, 454, -1, 266, 217, 14.5, 22, ABalpaaapp, 215, 27547, 14104, 512, , 27547, 25000, 28050, 28327, 0, 
463, 1, 457, 109, -1, 363, 188, 6.5, 27, ABplpappaap, 171, 32733, 29329, 896, , 32733, 25000, 33629, 33633, 0, 
464, 1, 361, 395, -1, 237, 166, 16.6, 33, ABplpaapaa, -50, 26663, 43728, 1640, , 26663, 25000, 28431, 28631, 0, 
465, 1, 318, 441, -1, 333, 202, 5.1, 23, ABplpappaaa, 235, 38673, 19182, 496, , 38673, 25000, 35668, 35697, 0, 
466, 1, 468, 472, -1, 175, 325, 23.0, 22, ABalapppapp, 81, 27799, 10675, 384, , 27799, 25000, 28140, 28268, 0, 
467, 1, 459, 474, -1, 295, 295, 15.5, 25, MSpaapapa, 171, 27240, 20920, 768, , 27240, 25000, 28370, 28345, 0, 
468, 1, 268, 329, -1, 383, 300, 5.3, 23, ABprpapapap, 156, 36644, 21693, 592, , 36644, 25000, 34483, 34888, 0, 
469, 1, 455, 155, -1, 259, 322, 5.0, 21, ABalaapapp, 168, 40938, 15720, 384, , 40938, 25000, 39212, 39377, 0, 
470, 0, 456, -1, -1, 186, 140, 12.0, 20, , -60, 2005, 9310, 316, , 29462, 25000, 27564, 27457, 0, 
471, 1, 445, 298, -1, 181, 161, 13.6, 24, ABalppaaap, 196, 27331, 19132, 700, , 27331, 25000, 28221, 28187, 0, 
472, 1, 115, 304, -1, 128, 284, 16.0, 21, ABalapppaaa, 208, 27880, 10706, 384, , 27880, 25000, 27353, 27336, 0, 
473, 1, 463, 477, -1, 353, 320, 11.0, 23, MSpppapp, 111, 27465, 14062, 512, , 27465, 25000, 28084, 28197, 0, 
474, 1, 464, 478, -1, 394, 129, 22.0, 24, ABplaapppp, 836, 27156, 16511, 608, , 27156, 25000, 28141, 28235, 0, 
475, 1, 466, 479, -1, 353, 389, 12.0, 26, ABpraapppa, 238, 27231, 23201, 852, , 27231, 25000, 27917, 27997, 0, 
476, 1, 467, 480, -1, 179, 333, 18.0, 24, ABalappppap, 95, 27289, 16592, 608, , 27289, 25000, 27770, 27736, 0, 
477, 1, 469, 482, -1, 179, 354, 20.0, 22, ABalapppppa, 0, 29997, 11519, 384, , 29997, 25000, 28523, 28309, 0, 
478, 1, 470, 483, -1, 158, 302, 21.0, 25, ABalapppapa, -69, 28064, 21441, 764, , 28064, 25000, 28061, 27994, 0, 
479, 0, 471, -1, -1, 144, 259, 20.0, 25, , 237, -229, 13869, 496, , 27962, 25000, 28232, 28191, 0, 
480, 1, 472, 487, -1, 504, 185, 6.0, 24, ABplpppapap, 268, 34350, 20885, 608, , 34350, 25000, 36008, 36258, 0, 
