1, 1, 218, 202, -1, 201, 369, 11.8, 23, ABpraaaappa, 191, 27230, 14704, 540, , 27230, 25000, 26935, 26837, 0, 
2, 1, 5, 435, -1, 199, 134, 21.5, 23, ABalpppappa, 201, 27625, 17459, 632, , 27625, 25000, 27628, 27709, 0, 
3, 0, 250, -1, -1, 85, 261, 16.2, 27, , 160, 1796, 25238, 868, , 29076, 25000, 27280, 27280, 0, 
4, 1, 444, 154, -1, 497, 329, 24.3, 33, Caaaap, 332, 27312, 47413, 1736, , 27312, 25000, 28456, 28483, 0, 
5, 1, 228, 346, -1, 289, 238, 7.2, 25, ABarapapapa, 202, 27219, 19162, 704, , 27219, 25000, 31624, 31835, 0, 
6, 1, 108, 411, -1, 488, 340, 11.5, 30, Cppaap, 242, 27222, 33537, 1232, , 27222, 25000, 28473, 28467, 0, 
7, 1, 14, 309, -1, 454, 263, 21.4, 33, Eplaa, 332, 27349, 44852, 1640, , 27349, 25000, 28435, 28469, 0, 
8, 1, 445, 131, -1, 361, 259, 25.4, 33, ABarppaapa, 329, 27987, 45899, 1640, , 27987, 25000, 28851, 28813, 0, 
9, 1, 238, 51, -1, 223, 244, 19.0, 26, ABaraapaapp, 140, 26972, 22980, 852, , 26972, 25000, 27635, 27541, 0, 
10, 1, 163, 272, -1, 204, 222, 22.7, 24, ABplaaaaapa, 198, 27756, 19540, 704, , 27756, 25000, 27769, 27812, 0, 
11, 1, 179, 62, -1, 288, 254, 13.3, 24, ABarapaappp, 203, 28058, 19753, 704, , 28058, 25000, 28576, 28649, 0, 
12, 1, 384, 214, -1, 165, 347, 12.6, 24, ABalaappppp, 990, 27801, 19461, 700, , 27801, 25000, 27499, 27472, 0, 
13, 1, 275, 267, -1, 338, 264, 13.5, 26, MSpapaapa, 225, 34452, 30869, 896, , 34452, 25000, 30751, 30718, 0, 
14, 1, 62, 348, -1, 351, 111, 12.6, 24, ABplpaaaapp, 202, 27920, 19544, 700, , 27920, 25000, 27348, 27370, 0, 
15, 1, 159, 278, -1, 431, 292, 19.4, 33, Epraa, 337, 27657, 45358, 1640, , 27657, 25000, 28222, 28372, 0, 
16, 1, 246, 251, -1, 162, 359, 18.4, 26, ABpraapaapa, 221, 27843, 23165, 832, , 27843, 25000, 27115, 27034, 0, 
17, 1, 399, 258, -1, 356, 251, 11.0, 26, MSpapappa, 169, 33469, 28516, 852, , 33469, 25000, 31181, 30777, 0, 
18, 1, 349, 362, -1, 259, 301, 19.9, 25, MSpaaaapp, 217, 28497, 19606, 688, , 28497, 25000, 27666, 27571, 0, 
19, 1, 145, 163, -1, 213, 280, 16.2, 24, ABaraappapa, 204, 27416, 17985, 656, , 27416, 25000, 28384, 28513, 0, 
20, 1, 31, 34, -1, 232, 269, 11.7, 29, ABarapaapa, 290, 27940, 29840, 1068, , 27940, 25000, 28340, 28459, 0, 
21, 0, 200, -1, -1, 160, 329, 9.7, 23, , 1326, 2075, 17180, 592, , 29020, 25000, 27021, 26945, 0, 
22, 1, 27, 156, -1, 166, 156, 18.6, 25, ABalapaappp, 209, 27371, 22773, 832, , 27371, 25000, 27490, 27447, 0, 
23, 1, 6, 303, -1, 312, 320, 24.8, 30, ABarpaappa, 224, 27646, 36493, 1320, , 27646, 25000, 28001, 28011, 0, 
24, 1, 7, 433, -1, 437, 323, 12.5, 26, MSpppaap, 246, 27209, 24379, 896, , 27209, 25000, 29590, 29729, 0, 
25, 1, 376, 401, -1, 146, 189, 12.2, 26, ABalaaaala, 114, 27397, 21808, 796, , 27397, 25000, 27847, 27800, 0, 
26, 1, 273, 124, -1, 189, 347, 10.5, 26, ABpraaaaap, 318, 27879, 24980, 896, , 27879, 25000, 27235, 27188, 0, 
27, 1, 392, 301, -1, 399, 232, 15.1, 31, Ealpa, 283, 28064, 41535, 1480, , 28064, 25000, 29990, 29995, 0, 
28, 1, 45, 135, 352, 313, 215, 24.3, 34, ABplapaaaa, 335, 28070, 52884, 1884, , 28070, 25000, 28365, 28243, 0, 
29, 1, 285, 141, -1, 241, 239, 7.1, 26, ABarapaaap, 165, 28773, 23018, 800, , 28773, 25000, 32210, 32040, 0, 
30, 1, 80, 33, -1, 307, 281, 13.2, 28, ABaraapppp, 256, 27910, 29361, 1052, , 27910, 25000, 29347, 28836, 0, 
31, 1, 121, 215, -1, 495, 234, 17.8, 34, Eplap, 309, 28124, 53773, 1912, , 28124, 25000, 28568, 28872, 0, 
32, 1, 192, 43, -1, 274, 174, 6.0, 23, ABalpapapaa, 203, 39662, 20307, 512, , 39662, 25000, 37510, 37632, 0, 
33, 1, 306, 118, -1, 438, 245, 7.9, 25, MSpappap, 247, 29392, 18693, 636, , 29392, 25000, 29927, 29690, 0, 
34, 0, 254, -1, -1, 230, 282, 19.7, 23, , 207, 1808, 18047, 592, , 30485, 25000, 28519, 28677, 0, 
35, 1, 305, 197, -1, 334, 180, 21.6, 26, ABplapaaapa, -365, 27082, 22532, 832, , 27082, 25000, 28799, 28966, 0, 
36, 1, 9, 20, -1, 519, 115, 14.1, 28, ABplapappa, 261, 28322, 30814, 1088, , 28322, 25000, 28207, 28264, 0, 
37, 1, 75, 75, -1, 588, 210, 17.2, 34, Cpapaa, 344, 27968, 53475, 1912, , 27968, 25000, 28695, 28807, 0, 
38, 1, 283, 2, -1, 224, 362, 17.7, 25, ABpraapappa, 207, 27143, 20737, 764, , 27143, 25000, 28006, 28464, 0, 
39, 1, 52, 204, -1, 426, 159, 13.1, 26, MSaapppp, 241, 28149, 22519, 800, , 28149, 25000, 28630, 28750, 0, 
40, 1, 3, 88, -1, 281, 375, 8.8, 23, ABprpaapppa, 161, 29176, 15755, 540, , 29176, 25000, 27416, 27426, 0, 
41, 1, 227, 61, -1, 381, 260, 12.4, 27, MSpapapa, 127, 36914, 36471, 988, , 36914, 25000, 31630, 31383, 0, 
42, 1, 404, 418, -1, 492, 153, 6.8, 25, ABplpppapaa, 197, 34209, 24083, 704, , 34209, 25000, 33395, 33817, 0, 
43, 1, 439, 441, -1, 394, 400, 19.2, 28, ABarppppaa, 231, 27401, 28826, 1052, , 27401, 25000, 27739, 27818, 0, 
44, 1, 125, 265, -1, 169, 162, 22.2, 25, ABalppppapa, -109, 27317, 19231, 704, , 27317, 25000, 27684, 27844, 0, 
45, 1, 56, 306, -1, 217, 252, 25.9, 25, ABplaaaaapp, 231, 28821, 19829, 688, , 28821, 25000, 28163, 28176, 0, 
46, 1, 140, 201, -1, 238, 261, 5.2, 27, ABarappaaa, 234, 41029, 35613, 868, , 41029, 25000, 35751, 35992, 0, 
47, 1, 270, 192, -1, 492, 387, 14.1, 26, ABprappaap, 64, 26640, 21312, 800, , 26640, 25000, 27465, 27491, 0, 
48, 1, 325, 222, -1, 277, 192, 21.2, 26, ABalppppppa, 229, 27382, 21796, 796, , 27382, 25000, 28119, 28311, 0, 
49, 1, 258, 86, -1, 409, 112, 14.7, 24, ABplppapaap, 190, 26969, 18986, 704, , 26969, 25000, 27229, 27223, 0, 
50, 1, 354, 357, -1, 346, 214, 12.3, 25, MSaapappa, 200, 32822, 25076, 764, , 32822, 25000, 30033, 29939, 0, 
51, 1, 255, 198, -1, 235, 192, 20.7, 28, ABplaapapa, 273, 27394, 29147, 1064, , 27394, 25000, 27851, 27908, 0, 
52, 1, 84, 170, -1, 248, 122, 15.4, 30, ABplpaaapa, 9, 26793, 30973, 1156, , 26793, 25000, 27340, 27500, 0, 
53, 1, 161, 59, -1, 192, 136, 14.3, 28, ABalpppaaa, 242, 26428, 28119, 1064, , 26428, 25000, 27074, 26842, 0, 
54, 1, 88, 416, -1, 203, 219, 27.0, 24, ABalapapppp, 170, 29498, 17935, 608, , 29498, 25000, 28944, 28543, 0, 
55, 1, 92, 257, -1, 193, 181, 25.1, 27, ABplaapaapp, 539, 28489, 25868, 908, , 28489, 25000, 29002, 29056, 0, 
56, 1, 239, 144, -1, 361, 362, 25.5, 32, ABarpppapa, 328, 28250, 40454, 1432, , 28250, 25000, 28238, 28250, 0, 
57, 1, 165, 476, -1, 287, 149, 7.8, 26, ABalppapapp, 118, 29538, 23512, 796, , 29538, 25000, 31045, 31140, 0, 
58, 1, 430, 226, -1, 215, 216, 10.3, 27, ABalpaaaaa, 263, 28043, 25912, 924, , 28043, 25000, 28676, 28679, 0, 
59, 1, 432, 277, -1, 550, 224, 24.4, 33, Cpaapp, 314, 27734, 45484, 1640, , 27734, 25000, 28442, 28442, 0, 
60, 1, 333, 223, -1, 551, 215, 10.3, 27, Caapa, 242, 27371, 25291, 924, , 27371, 25000, 28258, 28299, 0, 
61, 1, 375, 320, -1, 260, 344, 25.3, 29, ABarpapapp, 235, 28711, 30663, 1068, , 28711, 25000, 28832, 28823, 0, 
62, 1, 466, 329, -1, 313, 349, 13.1, 25, MSppppaa, 198, 27650, 19023, 688, , 27650, 25000, 28171, 28204, 0, 
63, 1, 282, 363, -1, 403, 245, 10.4, 26, MSpapappp, 161, 30251, 25169, 832, , 30251, 25000, 30671, 30590, 0, 
64, 1, 367, 47, -1, 419, 128, 21.1, 29, ABplapaapp, -162, 28133, 33985, 1208, , 28133, 25000, 28149, 28132, 0, 
65, 1, 378, 100, -1, 364, 313, 12.0, 28, MSpppaaa, 219, 29801, 33616, 1128, , 29801, 25000, 28190, 28065, 0, 
66, 1, 100, 293, -1, 252, 145, 14.4, 24, ABplpaaaaap, 620, 26711, 18698, 700, , 26711, 25000, 27872, 28067, 0, 
67, 1, 215, 158, -1, 214, 250, 8.3, 26, ABarapaaaa, 114, 28458, 24360, 856, , 28458, 25000, 29322, 29501, 0, 
68, 1, 119, 13, -1, 205, 332, 13.0, 26, ABpraaapaa, 190, 27391, 23337, 852, , 27391, 25000, 28110, 28210, 0, 
69, 1, 87, 422, -1, 550, 155, 16.4, 28, ABplapappp, 130, 28522, 28180, 988, , 28522, 25000, 28539, 28571, 0, 
70, 1, 484, 24, -1, 177, 214, 23.5, 24, ABalapapppa, 178, 26473, 20331, 768, , 26473, 25000, 28374, 28278, 0, 
71, 1, 421, 165, -1, 517, 274, 26.1, 35, Cpaapa, 337, 26953, 55738, 2068, , 26953, 25000, 28507, 28537, 0, 
72, 1, 311, 25, -1, 210, 190, 6.2, 24, ABalpapaaaa, 202, 35811, 23492, 656, , 35811, 25000, 36913, 37615, 0, 
73, 1, 199, 229, -1, 219, 306, 20.2, 29, MSpaaaaa, 220, 27710, 30813, 1112, , 27710, 25000, 28571, 28726, 0, 
74, 1, 279, 353, -1, 218, 185, 12.8, 27, MSapaaaa, 173, 27098, 23521, 868, , 27098, 25000, 28140, 28203, 0, 
75, 1, 47, 317, -1, 530, 191, 6.2, 24, ABplppppppa, 178, 35599, 23353, 656, , 35599, 25000, 37281, 37374, 0, 
76, 1, 328, 81, -1, 554, 335, 9.3, 27, ABprapappa, 258, 27890, 25770, 924, , 27890, 25000, 27795, 27851, 0, 
77, 1, 318, 108, -1, 438, 280, 9.7, 31, Z2, 297, 28176, 38545, 1368, , 28176, 25000, 29054, 29086, 0, 
78, 1, 241, 295, -1, 378, 115, 14.7, 24, ABplppapaaa, 204, 28649, 20169, 704, , 28649, 25000, 27346, 27355, 0, 
79, 1, 346, 150, -1, 269, 204, 12.7, 29, ABalpapppa, 153, 27968, 29870, 1068, , 27968, 25000, 28487, 28327, 0, 
80, 1, 184, 216, -1, 570, 338, 17.7, 28, ABprapapaa, 280, 27442, 29198, 1064, , 27442, 25000, 27925, 27966, 0, 
81, 1, 463, 420, -1, 379, 226, 24.3, 27, MSappppp, 45, 27894, 25774, 924, , 27894, 25000, 27943, 27943, 0, 
82, 1, 115, 11, -1, 480, 392, 19.4, 29, ABprappapa, 255, 29137, 33682, 1156, , 29137, 25000, 27609, 27613, 0, 
83, 1, 353, 395, -1, 326, 306, 11.7, 25, MSppaapp, 221, 27946, 21351, 764, , 27946, 25000, 27976, 28028, 0, 
84, 1, 412, 246, 417, 457, 217, 6.7, 27, ABplpapppp, 187, 29614, 27363, 924, , 29614, 25000, 32291, 32294, 0, 
85, 1, 341, 330, -1, 575, 302, 8.6, 25, ABprappppa, 94, 28524, 23732, 832, , 28524, 25000, 28426, 28398, 0, 
86, 1, 17, 186, -1, 240, 128, 19.4, 28, ABplpaapapa, 75, 27527, 27197, 988, , 27527, 25000, 27794, 27751, 0, 
87, 1, 25, 174, -1, 369, 398, 13.8, 26, ABprapaapa, 504, 28418, 22621, 796, , 28418, 25000, 28770, 28918, 0, 
88, 1, 13, 236, -1, 305, 181, 26.2, 31, ABplaaappp, 267, 28454, 41656, 1464, , 28454, 25000, 29113, 29266, 0, 
89, 1, 194, 69, -1, 184, 279, 17.4, 26, ABaraappaa, 40, 26242, 21833, 832, , 26242, 25000, 27815, 27765, 0, 
90, 1, 223, 228, -1, 142, 213, 18.8, 27, ABalapaaaa, 257, 26904, 23353, 868, , 26904, 25000, 28018, 27943, 0, 
91, 1, 226, 217, -1, 184, 271, 20.7, 27, MSaaaaapa, 269, 26971, 24921, 924, , 26971, 25000, 28069, 28164, 0, 
92, 1, 232, 292, -1, 249, 207, 5.2, 27, ABalpapaap, 35, 39589, 34363, 868, , 39589, 25000, 37258, 37799, 0, 
93, 1, 207, 54, -1, 432, 168, 6.7, 23, ABplppppaaa, 188, 30296, 17935, 592, , 30296, 25000, 31749, 31922, 0, 
94, 1, 102, 60, -1, 291, 389, 11.3, 23, ABpraappaa, 101, 27103, 16045, 592, , 27103, 25000, 27224, 27222, 0, 
95, 1, 187, 266, -1, 174, 249, 16.7, 28, ABaraapaaa, 375, 26617, 28320, 1064, , 26617, 25000, 27419, 27452, 0, 
96, 1, 23, 183, -1, 578, 282, 12.3, 27, ABprapappp, 273, 28077, 25943, 924, , 28077, 25000, 27842, 27867, 0, 
97, 1, 148, 167, -1, 272, 156, 19.9, 25, ABplpaappaa, 250, 27560, 18961, 688, , 27560, 25000, 27891, 27909, 0, 
98, 1, 278, 113, -1, 370, 290, 18.2, 35, Earaa, 352, 27822, 55978, 2012, , 27822, 25000, 29242, 29292, 0, 
99, 0, 76, -1, -1, 333, 331, 12.3, 24, , 206, 416, 19898, 704, , 28264, 25000, 27918, 27848, 0, 
100, 1, 443, 235, -1, 284, 380, 15.9, 26, ABpraaapppp, 16, 27566, 22053, 800, , 27566, 25000, 28649, 28818, 0, 
101, 0, 236, -1, -1, 379, 121, 18.7, 23, , 185, 2937, 18352, 592, , 31000, 25000, 27999, 28063, 0, 
102, 1, 150, 393, -1, 268, 191, 26.3, 28, ABplaaappa, 239, 27714, 29488, 1064, , 27714, 25000, 29417, 29391, 0, 
103, 1, 164, 58, -1, 512, 275, 16.5, 34, Eprpa, 338, 27904, 47102, 1688, , 27904, 25000, 29603, 29893, 0, 
104, 1, 302, 339, -1, 416, 387, 21.5, 27, ABarpppapp, -131, 27613, 24741, 896, , 27613, 25000, 28261, 28293, 0, 
105, 1, 331, 360, -1, 280, 233, 4.7, 28, ABarappaap, 272, 35989, 38292, 1064, , 35989, 25000, 35834, 36195, 0, 
106, 1, 332, 344, -1, 290, 169, 14.0, 24, MSapapap, 202, 27635, 16802, 608, , 27635, 25000, 28500, 28463, 0, 
107, 1, 316, 50, -1, 351, 281, 6.7, 24, ABprpapapaa, 209, 31020, 21838, 704, , 31020, 25000, 33559, 33804, 0, 
108, 0, 391, -1, -1, 222, 136, 11.3, 23, , 196, 591, 16737, 592, , 28272, 25000, 27552, 27681, 0, 
109, 1, 10, 111, -1, 241, 346, 16.1, 29, ABpraapapa, 371, 28032, 33863, 1208, , 28032, 25000, 27910, 27890, 0, 
110, 1, 449, 237, -1, 236, 158, 11.3, 24, ABalppappap, 213, 28722, 20220, 704, , 28722, 25000, 28006, 28159, 0, 
111, 1, 167, 28, -1, 258, 357, 7.6, 27, ABprpaaapa, -9, 28847, 28501, 988, , 28847, 25000, 29649, 29876, 0, 
112, 1, 264, 323, -1, 170, 167, 10.5, 28, ABalaaaalp, 73, 28620, 30910, 1080, , 28620, 25000, 27831, 27778, 0, 
113, 1, 21, 37, -1, 465, 301, 17.6, 31, Earpp, 291, 27702, 36899, 1332, , 27702, 25000, 29005, 29177, 0, 
114, 1, 301, 289, -1, 431, 299, 5.4, 27, ABprppaapp, 142, 34519, 34105, 988, , 34519, 25000, 34883, 34446, 0, 
115, 1, 237, 227, -1, 278, 117, 19.1, 25, ABplaappaa, 228, 27068, 18623, 688, , 27068, 25000, 27778, 27976, 0, 
116, 1, 74, 185, -1, 297, 319, 4.9, 23, ABarapppppp, 192, 36613, 18160, 496, , 36613, 25000, 37832, 37871, 0, 
117, 1, 220, 259, -1, 299, 386, 22.1, 29, ABarpapppp, 238, 27384, 33080, 1208, , 27384, 25000, 28437, 28569, 0, 
118, 1, 320, 379, -1, 335, 335, 16.4, 26, Dpaaa, 165, 28651, 23838, 832, , 28651, 25000, 28064, 28060, 0, 
119, 1, 408, 241, -1, 510, 347, 16.3, 30, Cppapa, 263, 27217, 35600, 1308, , 27217, 25000, 28677, 28703, 0, 
120, 1, 61, 404, -1, 203, 174, 22.5, 27, ABalppppapp, 164, 28031, 25116, 896, , 28031, 25000, 28170, 28405, 0, 
121, 1, 12, 429, -1, 375, 180, 25.8, 27, ABarppapaa, 218, 28308, 24571, 868, , 28308, 25000, 29073, 29055, 0, 
122, 1, 60, 240, -1, 299, 139, 14.5, 26, ABplpaaappp, -153, 28835, 25836, 896, , 28835, 25000, 27973, 27764, 0, 
123, 1, 8, 426, -1, 287, 332, 6.9, 23, ABprpaaappa, 234, 30431, 15094, 496, , 30431, 25000, 31946, 31710, 0, 
124, 1, 178, 97, -1, 550, 153, 9.9, 26, ABplappppp, 264, 27616, 22093, 800, , 27616, 25000, 27992, 28087, 0, 
125, 1, 268, 304, -1, 395, 134, 12.0, 27, ABplppappa, 93, 27655, 28540, 1032, , 27655, 25000, 27544, 27531, 0, 
126, 1, 269, 134, -1, 270, 245, 8.2, 25, ABarapapaap, 207, 29355, 20666, 704, , 29355, 25000, 28038, 28134, 0, 
127, 1, 19, 123, -1, 136, 289, 22.6, 29, ABarpaaaaa, 85, 26869, 31061, 1156, , 26869, 25000, 27574, 27544, 0, 
128, 1, 395, 16, -1, 234, 166, 16.9, 31, ABplpaapaa, 86, 27540, 40759, 1480, , 27540, 25000, 27638, 27457, 0, 
129, 1, 409, 207, -1, 352, 136, 14.4, 25, ABplppaaaap, 232, 27162, 22599, 832, , 27162, 25000, 27764, 27622, 0, 
130, 1, 66, 98, -1, 520, 378, 12.7, 26, ABprappapp, 97, 27451, 23498, 856, , 27451, 25000, 27615, 27563, 0, 
131, 0, -1, -1, -1, 307, 181, 15.9, 23, , 184, -373, 13837, 496, , 27897, 25000, 28156, 28270, 0, 
132, 1, 48, 106, -1, 448, 127, 11.7, 28, ABplppappp, 254, 27023, 28752, 1064, , 27023, 25000, 27444, 27517, 0, 
133, 1, 347, 194, -1, 160, 305, 15.4, 27, ABalappapa, 1054, 26628, 26308, 988, , 26628, 25000, 27861, 27917, 0, 
134, 1, 98, 89, -1, 148, 330, 19.7, 30, ABpraapaaa, -241, 27219, 35603, 1308, , 27219, 25000, 27068, 27071, 0, 
135, 1, 418, 219, -1, 305, 196, 7.3, 25, ABalpappapp, 215, 28442, 21730, 764, , 28442, 25000, 31379, 31124, 0, 
136, 1, 111, 380, -1, 204, 157, 19.5, 24, ABalppppaad, -69, 28630, 21988, 768, , 28630, 25000, 27429, 27396, 0, 
137, 1, 288, 264, -1, 284, 345, 15.6, 24, ABpraaapppa, 249, 29310, 20517, 700, , 29310, 25000, 28276, 28283, 0, 
138, 1, 41, 397, -1, 328, 301, 19.0, 25, MSpaaappp, 227, 27783, 21226, 764, , 27783, 25000, 28551, 28611, 0, 
139, 1, 162, 96, -1, 153, 188, 21.4, 29, ABalapaaap, 226, 27558, 31857, 1156, , 27558, 25000, 27727, 27779, 0, 
140, 1, 242, 230, -1, 373, 162, 9.3, 25, ABplpapapap, 168, 28740, 21957, 764, , 28740, 25000, 28538, 28602, 0, 
141, 1, 434, 443, -1, 210, 346, 21.1, 24, ABarpapaapp, 239, 26076, 15750, 604, , 26076, 25000, 27868, 27898, 0, 
142, 1, 35, 29, -1, 219, 154, 22.1, 25, ABalpppappp, 362, 27256, 18752, 688, , 27256, 25000, 28525, 28788, 0, 
143, 1, 263, 105, -1, 511, 117, 18.7, 27, ABplapapap, 272, 27739, 25631, 924, , 27739, 25000, 28300, 28309, 0, 
144, 1, 91, 116, -1, 184, 136, 18.2, 27, ABalpppaap, 367, 27872, 24193, 868, , 27872, 25000, 27549, 27473, 0, 
145, 1, 388, 438, -1, 435, 185, 22.2, 27, Dapap, 230, 28785, 24985, 868, , 28785, 25000, 28328, 28331, 0, 
146, 1, 276, 203, -1, 319, 389, 11.9, 28, ABpraappap, 235, 28131, 30607, 1088, , 28131, 25000, 27737, 27651, 0, 
147, 1, 289, 218, -1, 433, 124, 18.6, 29, ABplappaaa, 244, 28745, 33229, 1156, , 28745, 25000, 27927, 27837, 0, 
148, 1, 221, 191, -1, 414, 289, 16.9, 35, Earap, 337, 27725, 57335, 2068, , 27725, 25000, 28692, 28784, 0, 
149, 1, 63, 361, -1, 426, 393, 12.2, 26, ABprapaapp, 238, 26945, 21448, 796, , 26945, 25000, 27499, 27565, 0, 
150, 1, 339, 462, -1, 204, 210, 19.7, 23, MSapaaap, 312, 27941, 16541, 592, , 27941, 25000, 28138, 28263, 0, 
151, 1, 326, 157, -1, 217, 166, 8.7, 27, ABalppapaa, 244, 28305, 26154, 924, , 28305, 25000, 28305, 28391, 0, 
152, 1, 206, 46, -1, 392, 174, 19.9, 27, Dapaa, 237, 27593, 25054, 908, , 27593, 25000, 28680, 28665, 0, 
153, 0, -1, -1, -1, 148, 253, 23.2, 27, , 317, 1057, 25265, 868, , 29107, 25000, 27993, 28050, 0, 
154, 1, 422, 315, -1, 465, 156, 7.1, 24, ABplppppapa, -18, 29320, 17709, 604, , 29320, 25000, 30942, 30984, 0, 
155, 1, 196, 57, -1, 367, 220, 9.2, 24, MSaappaa, 213, 29111, 19097, 656, , 29111, 25000, 29074, 29163, 0, 
156, 0, 213, -1, -1, 362, 385, 9.8, 23, , 205, 1297, 15880, 540, , 29407, 25000, 28110, 28110, 0, 
157, 1, 274, 153, -1, 307, 129, 19.6, 28, ABplaappap, 260, 26952, 26629, 988, , 26952, 25000, 28164, 28103, 0, 
158, 1, 158, 90, -1, 252, 392, 18.5, 28, ABarpappap, 219, 27567, 29772, 1080, , 27567, 25000, 27568, 27644, 0, 
159, 0, 117, -1, -1, 267, 172, 13.7, 24, , 180, 544, 20349, 704, , 28905, 25000, 28345, 28361, 0, 
160, 1, 180, 121, -1, 282, 268, 10.5, 27, ABarapappa, -93, 27622, 24749, 896, , 27622, 25000, 28495, 28498, 0, 
161, 1, 172, 71, -1, 533, 145, 13.4, 27, ABplapppaa, 240, 27669, 27337, 988, , 27669, 25000, 27852, 28004, 0, 
162, 1, 292, 42, -1, 509, 220, 15.5, 35, Eplpa, 346, 27290, 54143, 1984, , 27290, 25000, 29014, 29282, 0, 
163, 1, 59, 110, -1, 146, 224, 24.2, 30, ABplaapaaa, 270, 27723, 36594, 1320, , 27723, 25000, 28239, 28267, 0, 
164, 1, 342, 419, -1, 277, 303, 6.2, 23, ABarapppppa, 205, 35043, 18923, 540, , 35043, 25000, 33645, 33927, 0, 
165, 1, 82, 70, -1, 324, 368, 19.8, 31, ABprapaaaa, 279, 28441, 41637, 1464, , 28441, 25000, 27982, 28038, 0, 
166, 1, 380, 151, -1, 279, 165, 23.0, 28, ABalppppppp, 277, 28223, 31836, 1128, , 28223, 25000, 28188, 28356, 0, 
167, 1, 39, 92, -1, 297, 221, 15.6, 31, ABaraapapp, 465, 27988, 37280, 1332, , 27988, 25000, 28964, 28639, 0, 
168, 1, 173, 378, -1, 439, 167, 18.7, 28, Capaaa, 262, 28243, 30051, 1064, , 28243, 25000, 28480, 28485, 0, 
169, 1, 369, 166, -1, 213, 288, 5.2, 28, ABarapppaa, 266, 39538, 41594, 1052, , 39538, 25000, 36654, 36836, 0, 
170, 1, 327, 394, -1, 213, 160, 14.1, 24, ABplpaaaaaa, 172, 28116, 16982, 604, , 28116, 25000, 27871, 27786, 0, 
171, 1, 34, 84, -1, 346, 168, 18.5, 25, Daapa, 217, 27530, 21143, 768, , 27530, 25000, 29129, 29231, 0, 
172, 1, 225, 390, -1, 184, 217, 6.8, 27, ABalpaappa, 268, 31403, 27258, 868, , 31403, 25000, 34635, 34857, 0, 
173, 1, 154, 427, -1, 336, 248, 5.0, 25, ABprpappaap, 215, 38620, 29506, 764, , 38620, 25000, 36785, 37264, 0, 
174, 1, 142, 179, -1, 464, 347, 7.2, 26, ABprppapap, 159, 29329, 23346, 796, , 29329, 25000, 31046, 31099, 0, 
175, 1, 406, 247, -1, 499, 127, 8.3, 25, ABplpppaapa, 181, 29568, 22590, 764, , 29568, 25000, 28369, 28501, 0, 
176, 1, 70, 233, -1, 461, 160, 25.4, 29, ABplappapa, 130, 27525, 31819, 1156, , 27525, 25000, 28604, 28637, 0, 
177, 1, 99, 385, -1, 508, 307, 9.8, 29, Cppapp, 260, 27379, 30445, 1112, , 27379, 25000, 28674, 28728, 0, 
178, 1, 212, 406, -1, 261, 273, 21.9, 26, MSaaaapap, 142, 27763, 22210, 800, , 27763, 25000, 27966, 28003, 0, 
179, 1, 286, 381, -1, 330, 159, 9.7, 24, ABplpapapaa, 151, 28409, 20000, 704, , 28409, 25000, 28648, 28962, 0, 
180, 1, 360, 256, -1, 440, 240, 5.2, 24, ABplpapppap, 210, 36079, 23668, 656, , 36079, 25000, 34895, 35109, 0, 
181, 1, 128, 359, 424, 154, 288, 10.5, 29, ABalaaappr, 213, 28897, 31209, 1080, , 28897, 25000, 28152, 28184, 0, 
182, 1, 322, 281, -1, 459, 395, 13.5, 27, ABprappaaa, 76, 28297, 25354, 896, , 28297, 25000, 27721, 27756, 0, 
183, 1, 262, 446, -1, 186, 311, 10.7, 25, ABalaapppa, 224, 27573, 21066, 764, , 27573, 25000, 28370, 28372, 0, 
184, 1, 146, 22, -1, 228, 284, 26.2, 29, ABplaaaapa, 169, 28688, 31901, 1112, , 28688, 25000, 29085, 29135, 0, 
185, 1, 130, 255, -1, 235, 236, 11.0, 22, ABalpappaaa, 213, 28214, 10834, 384, , 28214, 25000, 28367, 28390, 0, 
186, 1, 166, 12, -1, 250, 270, 17.4, 26, ABaraappapp, -88, 27309, 22721, 832, , 27309, 25000, 28192, 28192, 0, 
187, 1, 132, 285, -1, 491, 332, 6.7, 25, ABprppappp, 294, 32634, 24932, 764, , 32634, 25000, 33146, 33346, 0, 
188, 1, 413, 473, -1, 195, 230, 14.9, 25, ABalpaapaap, 230, 29017, 19964, 688, , 29017, 25000, 27093, 27247, 0, 
189, 1, 257, 9, -1, 480, 257, 12.4, 32, Eprpp, 319, 28076, 41665, 1484, , 28076, 25000, 28827, 28858, 0, 
190, 1, 357, 199, -1, 438, 119, 14.4, 29, ABplppapap, 251, 27589, 31893, 1156, , 27589, 25000, 27610, 27763, 0, 
191, 1, 267, 56, -1, 149, 243, 13.6, 26, ABaraaaapa, 200, 28678, 23860, 832, , 28678, 25000, 27479, 27376, 0, 
192, 1, 93, 327, -1, 308, 166, 21.8, 24, ABplpaappap, 107, 26845, 17610, 656, , 26845, 25000, 28101, 28144, 0, 
193, 1, 245, 243, -1, 226, 338, 9.4, 24, ABpraaaapav, 195, 28299, 19809, 700, , 28299, 25000, 28423, 28526, 0, 
194, 1, 160, 132, 137, 361, 331, 5.6, 31, ABarappapp, 215, 37101, 49418, 1332, , 37101, 25000, 34681, 35036, 0, 
195, 1, 107, 155, -1, 154, 263, 18.4, 28, MSaaaaaa, 188, 27877, 27542, 988, , 27877, 25000, 27361, 27468, 0, 
196, 1, 58, 72, -1, 265, 188, 17.2, 28, MSapapaa, -1, 26795, 28188, 1052, , 26795, 25000, 28419, 28300, 0, 
197, 1, 83, 18, -1, 359, 149, 12.0, 27, ABplppaapa, 49, 28310, 29216, 1032, , 28310, 25000, 27923, 27946, 0, 
198, 1, 344, 399, -1, 433, 151, 9.3, 24, ABplpppaaaa, 189, 28337, 19949, 704, , 28337, 25000, 28143, 28124, 0, 
199, 1, 230, 82, -1, 262, 291, 14.5, 26, ABaraapppaa, 195, 27689, 24809, 896, , 27689, 25000, 28304, 28371, 0, 
200, 1, 252, 373, -1, 326, 289, 4.9, 26, ABarappapap, 246, 37834, 30267, 800, , 37834, 25000, 36344, 36670, 0, 
201, 1, 338, 383, -1, 329, 128, 10.6, 28, ABalpapapp, 158, 27509, 27179, 988, , 27509, 25000, 27672, 27722, 0, 
202, 1, 49, 335, 457, 179, 267, 13.6, 28, ABaraaapaa, 177, 27477, 27147, 988, , 27477, 25000, 27616, 27629, 0, 
203, 0, 195, -1, -1, 156, 156, 13.4, 26, , 199, 2061, 24259, 832, , 29157, 25000, 26993, 27096, 0, 
204, 1, 374, 129, -1, 387, 215, 6.0, 25, ABprpappapp, 189, 33480, 25579, 764, , 33480, 25000, 34615, 34786, 0, 
205, 0, 22, -1, -1, 209, 296, 25.0, 23, , 133, -944, 14288, 512, , 27906, 25000, 28563, 28850, 0, 
206, 1, 310, 392, -1, 269, 207, 7.1, 24, ABalpappapa, -154, 29912, 18067, 604, , 29912, 25000, 31629, 31425, 0, 
207, 1, 309, 196, -1, 404, 156, 9.0, 29, ABplppaapp, 240, 27963, 34338, 1228, , 27963, 25000, 27651, 27635, 0, 
208, 1, 447, 377, -1, 339, 242, 7.8, 26, ABarapapppp, 144, 28578, 22748, 796, , 28578, 25000, 30884, 30589, 0, 
209, 1, 201, 221, 370, 189, 360, 14.7, 29, ABpraaapap, 77, 27595, 29471, 1068, , 27595, 25000, 27871, 27999, 0, 
210, 1, 68, 453, -1, 256, 372, 17.5, 26, ABpraapappp, 222, 26962, 24158, 896, , 26962, 25000, 27723, 27920, 0, 
211, 1, 106, 336, -1, 303, 194, 4.9, 25, ABprpappaaa, 198, 37597, 23912, 636, , 37597, 25000, 38294, 38853, 0, 
212, 1, 104, 30, -1, 298, 350, 8.8, 23, ABprpaaappp, 195, 28207, 15232, 540, , 28207, 25000, 28852, 28714, 0, 
213, 1, 210, 410, -1, 478, 189, 10.3, 29, ABplpppppa, 43, 26635, 28446, 1068, , 26635, 25000, 28478, 28538, 0, 
214, 1, 105, 161, -1, 196, 254, 10.6, 25, ABaraaaaap, 258, 26629, 22155, 832, , 26629, 25000, 28251, 28354, 0, 
215, 1, 358, 321, -1, 138, 216, 13.0, 25, ABalaaaarl, 302, 27590, 21079, 764, , 27590, 25000, 27473, 27380, 0, 
216, 1, 219, 93, -1, 583, 317, 13.6, 29, ABarpppppp, 287, 27355, 31622, 1156, , 27355, 25000, 27667, 27658, 0, 
217, 1, 229, 263, -1, 315, 224, 5.9, 24, ABarapapapp, 262, 37123, 22422, 604, , 37123, 25000, 36044, 36189, 0, 
218, 1, 79, 312, -1, 193, 180, 9.3, 25, ABalpaapppp, 146, 28266, 21595, 764, , 28266, 25000, 28763, 28925, 0, 
219, 1, 233, 302, -1, 398, 154, 14.6, 28, MSaapppa, 212, 26731, 26410, 988, , 26731, 25000, 27781, 27820, 0, 
220, 1, 319, 300, -1, 498, 165, 19.5, 29, Capapa, 296, 27264, 29445, 1080, , 27264, 25000, 28916, 28923, 0, 
221, 1, 336, 200, -1, 451, 273, 5.4, 23, ABprppppaaa, 199, 35863, 22952, 640, , 35863, 25000, 35673, 35748, 0, 
222, 1, 359, 245, -1, 537, 222, 6.5, 24, ABprppppppa, 168, 34204, 26269, 768, , 34204, 25000, 36138, 36407, 0, 
223, 1, 361, 19, -1, 360, 224, 14.6, 27, MSaapapa, 131, 36221, 35786, 988, , 36221, 25000, 30939, 30460, 0, 
224, 1, 64, 365, -1, 349, 367, 6.9, 24, ABprpaaaapp, 24, 29690, 17933, 604, , 29690, 25000, 32104, 32105, 0, 
225, 1, 308, 343, -1, 381, 246, 19.5, 32, Ealaa, 44, 28270, 40483, 1432, , 28270, 25000, 28583, 28672, 0, 
226, 1, 205, 133, -1, 297, 255, 21.2, 23, MSaaaappa, 214, 27970, 15104, 540, , 27970, 25000, 28022, 28256, 0, 
227, 1, 11, 388, -1, 317, 259, 16.8, 23, MSaaapapp, -65, 27135, 14653, 540, , 27135, 25000, 28327, 28341, 0, 
228, 1, 324, 220, -1, 472, 185, 5.1, 25, ABplppppapp, 245, 39266, 24973, 636, , 39266, 25000, 36300, 36298, 0, 
229, 1, 4, 391, -1, 388, 303, 25.1, 34, Cpaaaa, 296, 27309, 53962, 1976, , 27309, 25000, 28813, 28836, 0, 
230, 1, 414, 268, -1, 302, 329, 21.0, 27, MSpppppa, 196, 27388, 28264, 1032, , 27388, 25000, 27844, 27854, 0, 
231, 1, 256, 63, -1, 194, 172, 16.2, 25, ABalapaapa, 235, 27783, 19559, 704, , 27783, 25000, 27527, 27612, 0, 
232, 1, 431, 296, -1, 236, 329, 25.8, 28, ABarpaapaa, 222, 28260, 29729, 1052, , 28260, 25000, 28773, 28995, 0, 
233, 1, 139, 160, -1, 474, 222, 25.6, 33, Dappp, 334, 28245, 46321, 1640, , 28245, 25000, 28334, 28339, 0, 
234, 1, 26, 80, -1, 271, 324, 13.5, 26, MSppapaa, 314, 27348, 24504, 896, , 27348, 25000, 28283, 28326, 0, 
235, 1, 86, 430, -1, 230, 319, 8.3, 25, ABprpaaaaaa, 167, 27869, 21292, 764, , 27869, 25000, 28915, 28970, 0, 
236, 1, 261, 239, -1, 320, 200, 12.5, 26, MSaapaaap, 179, 31732, 28432, 896, , 31732, 25000, 29555, 29403, 0, 
237, 1, 372, 125, -1, 545, 259, 10.6, 30, Cppppp, 98, 26950, 31154, 1156, , 26950, 25000, 28512, 28631, 0, 
238, 1, 175, 162, -1, 238, 209, 13.8, 27, ABalpaaapa, 492, 27971, 24279, 868, , 27971, 25000, 27928, 28045, 0, 
239, 0, 300, -1, -1, 489, 196, 6.9, 23, , 198, -1980, 14797, 496, , 29833, 25000, 31910, 31813, 0, 
240, 1, 174, 10, -1, 254, 299, 7.8, 23, ABarappppap, 205, 28817, 15561, 540, , 28817, 25000, 29684, 29397, 0, 
241, 1, 114, 225, -1, 166, 196, 17.1, 25, ABalapaappa, 192, 28401, 19540, 688, , 28401, 25000, 28201, 28291, 0, 
242, 1, 456, 254, -1, 574, 223, 8.5, 23, ABprppppppp, 229, 26758, 16911, 632, , 26758, 25000, 28955, 29200, 0, 
243, 1, 120, 169, -1, 252, 171, 19.0, 24, ABalpppppap, 189, 27158, 16512, 608, , 27158, 25000, 27549, 27406, 0, 
244, 1, 216, 449, -1, 243, 176, 26.3, 31, ABplaaapap, 273, 31244, 42742, 1368, , 31244, 25000, 29203, 29477, 0, 
245, 1, 423, 423, -1, 547, 358, 12.1, 26, ABprapapap, 347, 26929, 21543, 800, , 26929, 25000, 28199, 28234, 0, 
246, 1, 186, 252, -1, 450, 356, 20.5, 29, Dpppp, 271, 26987, 29146, 1080, , 26987, 25000, 28466, 28466, 0, 
247, 1, 266, 102, -1, 465, 362, 16.7, 26, Cpppaaa, 266, 27279, 23351, 856, , 27279, 25000, 28528, 28566, 0, 
248, 1, 101, 262, -1, 131, 232, 16.4, 26, ABalaaapar, 466, 27507, 22886, 832, , 27507, 25000, 26921, 26911, 0, 
249, 1, 245, 40, -1, 228, 370, 11.8, 24, ABpraaaapad, 196, 26398, 17317, 656, , 26398, 25000, 27494, 27572, 0, 
250, 1, 129, 425, -1, 295, 269, 5.1, 24, ABarappapaa, 195, 40101, 24221, 604, , 40101, 25000, 36166, 35917, 0, 
251, 1, 16, 31, -1, 259, 223, 17.6, 25, ABaraapapaa, 236, 27869, 23187, 832, , 27869, 25000, 28193, 28182, 0, 
252, 1, 183, 67, -1, 451, 322, 9.7, 27, MSpapppp, 255, 27276, 25203, 924, , 27276, 25000, 28400, 28419, 0, 
253, 1, 38, 407, -1, 194, 224, 12.7, 27, ABaraaaaaa, 278, 27128, 25066, 924, , 27128, 25000, 27969, 27798, 0, 
254, 1, 337, 316, -1, 397, 364, 6.9, 24, ABprppapaaa, 246, 31828, 19224, 604, , 31828, 25000, 31672, 31672, 0, 
255, 0, 20, -1, -1, 293, 297, 9.9, 23, , 164, -92, 13925, 496, , 28075, 25000, 28096, 28167, 0, 
256, 0, 323, -1, -1, 133, 271, 19.0, 23, , -109, 1423, 14762, 512, , 28832, 25000, 27529, 27409, 0, 
257, 1, 123, 117, -1, 503, 161, 25.1, 27, ABarppappa, 278, 28893, 26235, 908, , 28893, 25000, 27964, 27972, 0, 
258, 1, 277, 45, -1, 156, 194, 24.3, 24, ABplaapaapa, -110, 28043, 19742, 704, , 28043, 25000, 28381, 28347, 0, 
259, 1, 364, 452, -1, 490, 276, 18.6, 32, Eprap, 300, 27581, 40930, 1484, , 27581, 25000, 28401, 28502, 0, 
260, 1, 416, 49, -1, 148, 264, 8.1, 26, ABalaapaaa, 39, 29276, 23421, 800, , 29276, 25000, 29565, 29673, 0, 
261, 1, 90, 101, -1, 184, 250, 26.4, 29, ABplaaaaaa, 144, 30376, 35115, 1156, , 30376, 25000, 28739, 28763, 0, 
262, 1, 136, 313, -1, 221, 207, 7.9, 25, ABalpaaaap, 29, 28533, 18147, 636, , 28533, 25000, 30277, 30181, 0, 
263, 1, 271, 294, -1, 153, 316, 12.4, 26, ABalaappppa, 226, 28626, 23817, 832, , 28626, 25000, 27937, 27972, 0, 
264, 1, 55, 128, -1, 527, 189, 10.5, 28, Capppp, 224, 27547, 29751, 1080, , 27547, 25000, 28470, 28494, 0, 
265, 1, 71, 211, -1, 423, 333, 6.5, 26, ABprppappa, 48, 29446, 26384, 896, , 29446, 25000, 32734, 32762, 0, 
266, 1, 393, 176, -1, 440, 212, 12.0, 32, Z3, 317, 27671, 47262, 1708, , 27671, 25000, 28670, 28736, 0, 
267, 1, 193, 193, -1, 320, 342, 5.3, 24, ABprpaaaapa, 223, 38163, 26867, 704, , 38163, 25000, 38228, 38387, 0, 
268, 1, 335, 413, -1, 276, 132, 13.4, 25, ABplpaaappa, 198, 27531, 22906, 832, , 27531, 25000, 28019, 27996, 0, 
269, 1, 394, 351, -1, 422, 373, 16.2, 27, Dppap, 3, 27856, 24179, 868, , 27856, 25000, 28164, 28171, 0, 
270, 1, 42, 213, -1, 545, 191, 20.6, 30, Capppa, 298, 27732, 32058, 1156, , 27732, 25000, 28270, 28336, 0, 
271, 1, 373, 326, -1, 249, 160, 7.7, 24, ABalppapapa, 190, 29374, 20679, 704, , 29374, 25000, 30618, 30851, 0, 
272, 1, 122, 398, -1, 209, 303, 7.8, 24, ABarappppaa, 193, 28107, 18438, 656, , 28107, 25000, 29526, 29364, 0, 
273, 1, 248, 284, -1, 289, 322, 11.2, 25, MSppapap, 232, 28483, 20052, 704, , 28483, 25000, 28010, 28116, 0, 
274, 1, 280, 280, -1, 350, 243, 18.4, 27, MSaaappp, 224, 27640, 27308, 988, , 27640, 25000, 29139, 29020, 0, 
275, 1, 403, 337, -1, 505, 345, 20.2, 26, Cpppaap, 262, 27363, 21781, 796, , 27363, 25000, 27704, 27772, 0, 
276, 1, 299, 386, -1, 280, 314, 17.0, 26, MSpaapaa, 242, 28491, 24274, 852, , 28491, 25000, 28550, 28579, 0, 
277, 1, 116, 140, -1, 358, 126, 20.7, 27, ABplapaapa, 18, 27835, 25720, 924, , 27835, 25000, 28670, 28550, 0, 
278, 1, 284, 444, -1, 213, 337, 17.8, 26, MSppappa, 201, 28097, 22365, 796, , 28097, 25000, 28141, 28133, 0, 
279, 1, 189, 184, -1, 294, 129, 16.7, 23, ABplpaappp, 206, 28557, 16906, 592, , 28557, 25000, 28292, 28381, 0, 
280, 1, 247, 14, -1, 305, 246, 8.7, 25, ABarapapppa, 111, 28216, 21557, 764, , 28216, 25000, 29140, 29324, 0, 
281, 1, 387, 119, -1, 594, 234, 14.8, 30, Cpappd, 62, 27791, 36684, 1320, , 27791, 25000, 28690, 28816, 0, 
282, 1, 290, 168, -1, 196, 234, 18.2, 24, ABaraapaapa, -154, 29395, 19283, 656, , 29395, 25000, 27816, 27943, 0, 
283, 1, 436, 299, -1, 416, 188, 6.3, 25, ABplpapappp, 158, 32376, 24735, 764, , 32376, 25000, 33431, 33794, 0, 
284, 1, 214, 342, -1, 540, 270, 7.6, 28, ABprapppap, 259, 28260, 27921, 988, , 28260, 25000, 31098, 31163, 0, 
285, 1, 81, 372, -1, 379, 154, 17.0, 24, Daapp, 191, 27459, 16695, 608, , 27459, 25000, 29147, 29186, 0, 
286, 1, 424, 159, -1, 492, 273, 9.4, 29, ABprpppppa, -33, 27434, 31714, 1156, , 27434, 25000, 28308, 28415, 0, 
287, 1, 202, 319, -1, 548, 307, 10.3, 26, ABprapppaa, -510, 26201, 22428, 856, , 26201, 25000, 28209, 28237, 0, 
288, 1, 46, 286, -1, 174, 279, 26.5, 29, ABarpaaaap, 276, 29455, 31811, 1080, , 29455, 25000, 29344, 29214, 0, 
289, 1, 330, 188, -1, 426, 224, 24.5, 31, Dappa, -134, 27344, 33688, 1232, , 27344, 25000, 28352, 28415, 0, 
290, 1, 33, 52, -1, 238, 291, 5.8, 23, ABarapppapa, 156, 38106, 20577, 540, , 38106, 25000, 35377, 34815, 0, 
291, 1, 182, 91, -1, 590, 223, 10.7, 26, Cpappv, 171, 27325, 23390, 856, , 27325, 25000, 28243, 28438, 0, 
292, 1, 103, 17, -1, 528, 368, 19.2, 29, ABarpppppa, 140, 28059, 31202, 1112, , 28059, 25000, 28014, 28051, 0, 
293, 1, 315, 83, -1, 557, 303, 18.4, 29, Cppppa, 236, 26990, 31200, 1156, , 26990, 25000, 27778, 27771, 0, 
294, 1, 24, 146, -1, 209, 139, 16.1, 24, ABalpppapav, 168, 29719, 17950, 604, , 29719, 25000, 27724, 27844, 0, 
295, 1, 348, 283, -1, 175, 301, 24.3, 29, ABarpaaapa, 268, 27855, 29749, 1068, , 27855, 25000, 28393, 28443, 0, 
296, 1, 240, 178, -1, 304, 283, 20.7, 28, MSpaaapa, 164, 26681, 28389, 1064, , 26681, 25000, 27648, 27688, 0, 
297, 1, 231, 130, -1, 311, 286, 7.6, 25, ABprpapaaa, 197, 27185, 22618, 832, , 27185, 25000, 31196, 30797, 0, 
298, 1, 251, 68, -1, 276, 213, 9.9, 25, ABalpappppa, 252, 26795, 18435, 688, , 26795, 25000, 27813, 27884, 0, 
299, 1, 317, 287, -1, 282, 133, 10.4, 24, ABalppapppp, 40, 27824, 19477, 700, , 27824, 25000, 27625, 27581, 0, 
300, 1, 355, 5, -1, 403, 196, 25.1, 27, ABarppaapp, 277, 28391, 25779, 908, , 28391, 25000, 27740, 27815, 0, 
301, 1, 385, 173, -1, 311, 162, 6.8, 27, ABalpapapap, 246, 34114, 29611, 868, , 34114, 25000, 34374, 35335, 0, 
302, 1, 157, 415, -1, 401, 293, 5.8, 24, ABprpapappa, 210, 34791, 22823, 656, , 34791, 25000, 34531, 34056, 0, 
303, 1, 134, 358, -1, 260, 154, 10.2, 24, ABalppapppa, 206, 27168, 17822, 656, , 27168, 25000, 28083, 27855, 0, 
304, 1, 30, 308, -1, 398, 385, 11.9, 29, ABpraapppp, 216, 27080, 32713, 1208, , 27080, 25000, 28140, 28223, 0, 
305, 0, 390, -1, -1, 229, 324, 5.4, 26, , 261, 1259, 33774, 832, , 40594, 25000, 39117, 39335, 0, 
306, 1, 253, 382, -1, 272, 272, 5.6, 24, ABarapppapp, 164, 38259, 26781, 700, , 38259, 25000, 34395, 33907, 0, 
307, 1, 176, 290, -1, 218, 199, 26.6, 27, ABplaaapaa, 225, 31258, 30883, 988, , 31258, 25000, 29255, 29052, 0, 
308, 1, 417, 74, -1, 440, 404, 18.5, 28, ABarppppap, 280, 27944, 30179, 1080, , 27944, 25000, 27640, 27644, 0, 
309, 1, 65, 279, -1, 221, 192, 23.0, 23, ABplaapappa, 380, 27029, 13839, 512, , 27029, 25000, 27794, 27949, 0, 
310, 1, 365, 164, -1, 460, 163, 14.7, 29, Capaap, -12, 27792, 29682, 1068, , 27792, 25000, 28262, 28327, 0, 
311, 0, 281, -1, -1, 521, 239, 7.0, 24, , 192, -204, 20165, 608, , 33166, 25000, 33037, 33370, 0, 
312, 1, 72, 328, -1, 573, 262, 8.8, 25, ABprappppp, 310, 27422, 19305, 704, , 27422, 25000, 27970, 28015, 0, 
313, 1, 407, 210, -1, 375, 252, 4.7, 26, ABprpappapa, 264, 35835, 30675, 856, , 35835, 25000, 35682, 35664, 0, 
314, 1, 459, 367, -1, 324, 365, 23.2, 28, ABarpppaaa, 263, 27521, 28952, 1052, , 27521, 25000, 27989, 28220, 0, 
315, 1, 18, 115, -1, 206, 314, 15.5, 27, MSppaaap, -29, 27626, 24753, 896, , 27626, 25000, 28255, 28351, 0, 
316, 1, 133, 190, -1, 262, 375, 11.2, 28, ABprpaapap, 143, 27814, 29260, 1052, , 27814, 25000, 27700, 27598, 0, 
317, 1, 86, 189, -1, 264, 333, 9.3, 24, ABprpaaaaap, 116, 28540, 20092, 704, , 28540, 25000, 28257, 28288, 0, 
318, 1, 381, 432, -1, 423, 168, 25.6, 29, ABarppapap, 270, 27497, 31786, 1156, , 27497, 25000, 28410, 28422, 0, 
319, 1, 296, 145, -1, 320, 145, 15.8, 24, ABplppaaaaa, 194, 28666, 18805, 656, , 28666, 25000, 28440, 28323, 0, 
320, 1, 40, 356, -1, 307, 242, 25.2, 25, ABarppaaaa, 248, 29378, 20682, 704, , 29378, 25000, 28293, 28441, 0, 
321, 1, 265, 55, -1, 243, 186, 7.1, 23, ABalpapaaap, 224, 29222, 14494, 496, , 29222, 25000, 30574, 30838, 0, 
322, 1, 112, 73, -1, 224, 382, 14.1, 26, ABpraaaappp, 195, 26866, 21493, 800, , 26866, 25000, 27212, 27213, 0, 
323, 1, 51, 182, -1, 580, 187, 10.4, 27, Caappv, 691, 28002, 27666, 988, , 28002, 25000, 28103, 28202, 0, 
324, 1, 312, 114, -1, 434, 197, 9.3, 26, MSpappaa, 154, 28555, 24443, 856, , 28555, 25000, 28763, 28857, 0, 
325, 1, 415, 77, -1, 474, 130, 8.9, 23, ABplpppaaap, 192, 27857, 13817, 496, , 27857, 25000, 27983, 27829, 0, 
326, 1, 362, 305, -1, 208, 261, 22.6, 26, MSaaaaapp, 215, 27487, 22869, 832, , 27487, 25000, 27938, 28026, 0, 
327, 1, 89, 206, -1, 475, 156, 11.6, 27, Capapp, -107, 28078, 27741, 988, , 28078, 25000, 28363, 28444, 0, 
328, 1, 222, 400, -1, 544, 310, 13.5, 31, Cpppap, 267, 27929, 34409, 1232, , 27929, 25000, 27955, 28049, 0, 
329, 1, 127, 107, -1, 234, 219, 23.6, 27, MSapappa, 221, 28230, 27891, 988, , 28230, 25000, 27873, 27950, 0, 
330, 1, 243, 53, -1, 325, 343, 9.1, 28, ABprppaaaa, -6, 27987, 30450, 1088, , 27987, 25000, 28616, 28626, 0, 
331, 1, 370, 375, -1, 360, 179, 12.8, 27, MSapaapp, -20, 28785, 24985, 868, , 28785, 25000, 28758, 28746, 0, 
332, 1, 151, 311, -1, 365, 165, 23.0, 27, ABplapaaapp, -218, 28704, 29623, 1032, , 28704, 25000, 28970, 28868, 0, 
333, 1, 334, 175, -1, 543, 276, 23.5, 31, Caaapa, 306, 27731, 34164, 1232, , 27731, 25000, 28800, 28840, 0, 
334, 1, 77, 136, -1, 462, 122, 20.8, 28, ABplappaap, 282, 27198, 28612, 1052, , 27198, 25000, 27623, 27491, 0, 
335, 1, 420, 78, -1, 470, 249, 4.9, 23, ABprppppaap, 209, 36204, 17957, 496, , 36204, 25000, 35434, 35419, 0, 
336, 1, 402, 475, -1, 334, 119, 19.6, 25, ABplaapppa, 178, 29922, 24895, 832, , 29922, 25000, 27701, 27745, 0, 
337, 1, 371, 139, -1, 434, 364, 7.6, 25, ABprppapaap, 136, 27526, 22902, 832, , 27526, 25000, 30335, 30317, 0, 
338, 1, 314, 127, -1, 319, 107, 13.2, 25, ABplpaaaapa, 207, 27807, 19576, 704, , 27807, 25000, 27254, 27165, 0, 
339, 1, 78, 369, -1, 543, 126, 17.8, 26, ABarppappp, 42, 26446, 21051, 796, , 26446, 25000, 28115, 28149, 0, 
340, 1, 377, 409, -1, 418, 243, 18.5, 32, Ealap, 277, 27672, 39626, 1432, , 27672, 25000, 28860, 28961, 0, 
341, 1, 234, 341, -1, 184, 322, 20.6, 23, ABarpapaapa, 199, 27491, 17594, 640, , 27491, 25000, 27524, 27655, 0, 
342, 1, 203, 142, -1, 182, 343, 23.3, 30, ABarpapaaa, 259, 27229, 35616, 1308, , 27229, 25000, 27632, 27719, 0, 
343, 1, 141, 152, -1, 301, 342, 18.1, 25, MSppppap, 210, 26515, 18242, 688, , 26515, 25000, 28216, 28150, 0, 
344, 1, 259, 273, -1, 144, 325, 14.8, 26, ABalappappa, 179, 27471, 21867, 796, , 27471, 25000, 27795, 27707, 0, 
345, 1, 168, 396, -1, 178, 287, 6.7, 26, ABalaapaap, 305, 31582, 27034, 856, , 31582, 25000, 35482, 36032, 0, 
346, 1, 137, 437, -1, 506, 195, 22.8, 27, Cappaap, 217, 28008, 24311, 868, , 28008, 25000, 28072, 28085, 0, 
347, 1, 307, 4, -1, 389, 342, 10.4, 26, Dpapp, 260, 28488, 23702, 832, , 28488, 25000, 28506, 28503, 0, 
348, 1, 169, 412, -1, 359, 224, 16.7, 25, MSaapaapp, 237, 35153, 26857, 764, , 35153, 25000, 29877, 29051, 0, 
349, 1, 85, 333, -1, 343, 191, 26.1, 29, ABarppaaap, 286, 28200, 34066, 1208, , 28200, 25000, 29113, 29199, 0, 
350, 1, 209, 205, -1, 188, 262, 6.2, 28, ABaraaappp, 237, 34368, 36155, 1052, , 34368, 25000, 36023, 36723, 0, 
351, 1, 190, 338, -1, 370, 264, 7.3, 25, ABprpapppaa, 225, 29567, 22589, 764, , 29567, 25000, 31966, 31969, 0, 
352, 1, 124, 21, -1, 413, 211, 6.1, 24, ABplpapppaa, 173, 33753, 20387, 604, , 33753, 25000, 34956, 35398, 0, 
353, 1, 191, 314, -1, 282, 298, 19.5, 25, MSpaaappa, 210, 28462, 21859, 768, , 28462, 25000, 27511, 27677, 0, 
354, 1, 197, 271, -1, 491, 213, 9.4, 24, ABprpappppp, 177, 27060, 18942, 700, , 27060, 25000, 28774, 29019, 0, 
355, 1, 32, 95, -1, 334, 268, 10.5, 26, MSpapaaap, 178, 34731, 31119, 896, , 34731, 25000, 31540, 31010, 0, 
356, 1, 29, 209, -1, 372, 397, 17.2, 26, ABprapaaapp, 215, 27352, 21772, 796, , 27352, 25000, 28666, 28807, 0, 
357, 1, 287, 389, -1, 338, 373, 16.5, 27, ABprapaaapa, 167, 27916, 25013, 896, , 27916, 25000, 28098, 28148, 0, 
358, 1, 452, 291, -1, 272, 242, 20.8, 25, MSaaapaap, 203, 28033, 19735, 704, , 28033, 25000, 28058, 28298, 0, 
359, 1, 155, 15, -1, 255, 327, 5.2, 24, ABalaapapp, 212, 40683, 26688, 656, , 40683, 25000, 39062, 38950, 0, 
360, 1, 446, 297, -1, 489, 235, 5.3, 23, ABprppppapp, 227, 37186, 22014, 592, , 37186, 25000, 33300, 33193, 0, 
361, 1, 50, 332, -1, 510, 222, 12.4, 31, Eplpp, 308, 28547, 38025, 1332, , 28547, 25000, 29252, 29471, 0, 
362, 1, 97, 99, -1, 203, 337, 7.6, 27, ABpraaaaaa, 237, 29684, 29328, 988, , 29684, 25000, 30006, 30281, 0, 
363, 1, 67, 180, -1, 479, 114, 17.8, 27, ABplappapp, 246, 26537, 23034, 868, , 26537, 25000, 27317, 27384, 0, 
364, 1, 321, 177, -1, 530, 122, 11.4, 28, ABplappppa, 222, 27981, 27645, 988, , 27981, 25000, 27266, 27284, 0, 
365, 1, 181, 244, -1, 454, 182, 7.6, 24, ABplppppaap, 114, 29397, 20578, 700, , 29397, 25000, 29981, 29953, 0, 
366, 1, 204, 87, -1, 249, 130, 11.4, 28, ABalppaapp, 220, 27630, 27298, 988, , 27630, 25000, 27395, 27330, 0, 
367, 1, 363, 143, -1, 483, 276, 5.4, 24, ABprppppapa, 182, 34361, 24053, 700, , 34361, 25000, 34364, 34305, 0, 
368, 1, 426, 224, -1, 350, 338, 21.6, 27, MSpppppp, 288, 29154, 28804, 988, , 29154, 25000, 28339, 28344, 0, 
369, 1, 260, 79, -1, 209, 325, 25.3, 26, ABarpapapa, 258, 26834, 22970, 856, , 26834, 25000, 28275, 28318, 0, 
370, 1, 188, 238, -1, 247, 337, 11.5, 31, ABprpaapaa, 225, 26974, 33232, 1232, , 26974, 25000, 28383, 28475, 0, 
371, 1, 272, 76, -1, 583, 270, 20.4, 31, Caaapp, 300, 28258, 37640, 1332, , 28258, 25000, 28591, 28593, 0, 
372, 1, 126, 431, -1, 136, 278, 13.3, 26, ABalaaappl, 233, 26468, 22657, 856, , 26468, 25000, 28196, 28165, 0, 
373, 0, 73, -1, -1, 337, 197, 7.5, 23, , 152, -543, 19157, 632, , 30312, 25000, 30994, 30855, 0, 
374, 1, 1, 447, -1, 124, 307, 19.7, 24, ABalapppaap, 174, 26892, 18932, 704, , 26892, 25000, 26981, 26951, 0, 
375, 1, 177, 371, -1, 313, 374, 15.5, 24, ABprpaappap, 206, 26469, 20328, 768, , 26469, 25000, 27922, 28060, 0, 
376, 1, 351, 274, 484, 516, 158, 10.1, 27, ABplapppap, 276, 28233, 25636, 908, , 28233, 25000, 28352, 28379, 0, 
377, 1, 135, 64, -1, 458, 305, 5.7, 25, ABprpppaaaa, 173, 34840, 26618, 764, , 34840, 25000, 33902, 33678, 0, 
378, 1, 442, 451, -1, 209, 370, 22.1, 26, ABalapppppp, 168, 27699, 22159, 800, , 27699, 25000, 27534, 27656, 0, 
379, 1, 170, 434, -1, 523, 288, 6.0, 29, ABprpppaap, 196, 38455, 47223, 1228, , 38455, 25000, 36288, 36542, 0, 
380, 1, 457, 331, -1, 269, 119, 17.4, 25, ABplpaapapp, 232, 27022, 22482, 832, , 27022, 25000, 27780, 28139, 0, 
381, 1, 405, 347, -1, 383, 206, 10.0, 26, MSaappap, 242, 27837, 23717, 852, , 27837, 25000, 29176, 29241, 0, 
382, 1, 382, 408, -1, 460, 236, 17.5, 30, Ealpp, 296, 27097, 33384, 1232, , 27097, 25000, 28573, 28607, 0, 
383, 1, 438, 364, -1, 330, 289, 24.1, 29, ABarpaappp, -139, 29592, 35747, 1208, , 29592, 25000, 28366, 28441, 0, 
384, 1, 411, 35, -1, 146, 177, 15.5, 28, ABalaaapal, -207, 27164, 29337, 1080, , 27164, 25000, 27155, 27070, 0, 
385, 1, 428, 250, -1, 291, 395, 18.7, 27, ABarpapppa, 600, 27340, 25262, 924, , 27340, 25000, 28175, 28270, 0, 
386, 1, 57, 39, -1, 247, 168, 23.8, 27, ABplaapappp, 226, 27526, 23893, 868, , 27526, 25000, 28944, 28915, 0, 
387, 1, 297, 122, -1, 259, 340, 20.6, 27, MSppappp, 143, 27598, 27267, 988, , 27598, 25000, 27525, 27523, 0, 
388, 1, 313, 249, -1, 510, 257, 5.1, 23, ABprpppapaa, 189, 41488, 20578, 496, , 41488, 25000, 38325, 38389, 0, 
389, 1, 340, 138, -1, 176, 242, 8.6, 26, ABaraaappa, 253, 27898, 23211, 832, , 27898, 25000, 28979, 28944, 0, 
390, 1, 398, 171, -1, 383, 172, 7.5, 22, ABplpapappa, 321, 29205, 14953, 512, , 29205, 25000, 29953, 30345, 0, 
391, 1, 149, 325, -1, 529, 151, 7.1, 26, ABplpppaapp, 227, 29818, 23854, 800, , 29818, 25000, 32234, 32425, 0, 
392, 1, 211, 1, -1, 195, 187, 18.9, 24, ABalppppaav, 182, 26955, 16281, 604, , 26955, 25000, 27731, 27777, 0, 
393, 1, 131, 231, -1, 284, 361, 12.6, 24, ABprpaappaa, 205, 26604, 18623, 700, , 26604, 25000, 28119, 28094, 0, 
394, 1, 37, 414, -1, 517, 168, 15.1, 28, Cappap, 243, 27432, 29846, 1088, , 27432, 25000, 27966, 27985, 0, 
395, 1, 465, 234, -1, 446, 189, 15.3, 24, MSappaap, 92, 28311, 19931, 704, , 28311, 25000, 28143, 28061, 0, 
396, 1, 401, 500, -1, 312, 154, 12.5, 28, ABplpapaap, 243, 26899, 29051, 1080, , 26899, 25000, 27751, 27890, 0, 
397, 1, 383, 260, -1, 444, 353, 13.7, 30, Cppaaa, 294, 27589, 36086, 1308, , 27589, 25000, 28371, 28457, 0, 
398, 1, 185, 103, -1, 285, 310, 25.5, 29, ABarpaapap, -162, 27773, 29995, 1080, , 27773, 25000, 28411, 28414, 0, 
399, 1, 389, 94, -1, 366, 189, 16.6, 28, MSappaaa, 25, 28148, 27810, 988, , 28148, 25000, 29157, 29222, 0, 
400, 1, 171, 126, -1, 547, 155, 22.1, 29, ABplapapaa, 284, 26440, 31939, 1208, , 26440, 25000, 27968, 27998, 0, 
401, 1, 95, 384, -1, 476, 257, 7.7, 24, ABprpappppa, 214, 28450, 20029, 704, , 28450, 25000, 29514, 29407, 0, 
402, 1, 113, 354, -1, 383, 357, 15.0, 26, Dppaa, 209, 28148, 23982, 852, , 28148, 25000, 28472, 28465, 0, 
403, 1, 54, 6, -1, 563, 188, 8.3, 24, ABplppppppp, 244, 27889, 19634, 704, , 27889, 25000, 29043, 29048, 0, 
404, 1, 156, 120, -1, 226, 380, 20.5, 26, ABarpappaa, 233, 28345, 25397, 896, , 28345, 25000, 27443, 27415, 0, 
405, 1, 249, 470, -1, 363, 201, 21.4, 26, Daaap, 174, 28605, 23799, 832, , 28605, 25000, 28480, 28484, 0, 
406, 1, 153, 7, -1, 149, 244, 10.6, 27, ABalaaaarr, 254, 27700, 27368, 988, , 27700, 25000, 27959, 27816, 0, 
407, 1, 293, 187, -1, 315, 205, 9.8, 28, ABalpappppp, 276, 28341, 29815, 1052, , 28341, 25000, 28928, 28809, 0, 
408, 1, 396, 36, -1, 383, 325, 7.5, 26, ABprppaapa, -198, 29031, 26012, 896, , 29031, 25000, 29773, 29419, 0, 
409, 1, 304, 464, -1, 128, 271, 16.4, 24, ABalapppaaa, 210, 27350, 19145, 700, , 27350, 25000, 27113, 27100, 0, 
410, 1, 410, 469, -1, 233, 219, 17.1, 23, ABalpaapapp, 223, 26012, 12902, 496, , 26012, 25000, 28293, 28393, 0, 
411, 1, 352, 112, -1, 385, 217, 12.6, 24, MSaapappp, 194, 31021, 21715, 700, , 31021, 25000, 30334, 30518, 0, 
412, 1, 152, 455, -1, 298, 207, 13.0, 22, MSaapaaaa, 202, 32133, 12339, 384, , 32133, 25000, 29345, 29289, 0, 
413, 1, 53, 282, -1, 196, 165, 11.6, 23, ABalppappaa, 186, 28500, 18240, 640, , 28500, 25000, 28094, 28235, 0, 
414, 1, 137, 345, -1, 480, 185, 22.3, 26, Cappaaa, 170, 27617, 23640, 856, , 27617, 25000, 28233, 28408, 0, 
415, 1, 448, 310, -1, 369, 353, 17.9, 25, Dpaap, 220, 27935, 19219, 688, , 27935, 25000, 28146, 28145, 0, 
416, 1, 235, 248, -1, 221, 225, 14.9, 23, ABalpaapapa, 221, 27395, 13588, 496, , 27395, 25000, 27772, 27866, 0, 
417, 1, 144, 27, -1, 260, 252, 12.4, 25, ABarapaappa, 241, 27459, 22846, 832, , 27459, 25000, 28394, 28529, 0, 
418, 1, 458, 450, -1, 350, 168, 16.1, 23, MSappapp, 230, 29617, 14690, 496, , 29617, 25000, 28191, 28191, 0, 
419, 1, 110, 349, -1, 274, 242, 23.3, 28, MSapappp, 252, 27106, 28841, 1064, , 27106, 25000, 28003, 28172, 0, 
420, 1, 368, 3, -1, 328, 224, 18.8, 24, MSaaappa, 202, 28235, 18522, 656, , 28235, 25000, 28799, 28880, 0, 
421, 1, 217, 403, -1, 303, 163, 9.7, 24, ABplpapaaa, 141, 28244, 19884, 704, , 28244, 25000, 28247, 28204, 0, 
422, 1, 147, 298, -1, 201, 372, 18.2, 27, ABpraapaapp, 236, 27353, 23742, 868, , 27353, 25000, 27496, 27602, 0, 
423, 1, 433, 269, -1, 338, 264, 19.7, 25, MSaaaappp, 225, 28209, 21552, 764, , 28209, 25000, 28396, 28383, 0, 
424, 1, 366, 355, -1, 257, 275, 26.1, 30, ABplaaaapp, 268, 28259, 38319, 1356, , 28259, 25000, 29029, 29064, 0, 
425, 1, 69, 65, -1, 407, 278, 13.7, 31, Earpa, 308, 27458, 37562, 1368, , 27458, 25000, 30205, 30064, 0, 
426, 1, 138, 288, -1, 326, 316, 7.3, 27, ABprpapaap, 171, 28380, 26223, 924, , 28380, 25000, 30748, 31013, 0, 
427, 1, 295, 41, -1, 398, 351, 20.6, 29, Dpppa, 296, 27555, 31854, 1156, , 27555, 25000, 28306, 28303, 0, 
428, 1, 244, 181, -1, 249, 204, 10.4, 26, ABalpappaap, 204, 27297, 22711, 832, , 27297, 25000, 28032, 27847, 0, 
429, 1, 44, 242, -1, 457, 312, 25.4, 34, Cpaaap, 332, 28019, 49874, 1780, , 28019, 25000, 28491, 28561, 0, 
430, 0, 303, -1, -1, 421, 322, 25.5, 32, , -113, 0, 0, 0, , 0, 0, 0, 0, 0, 
431, 1, 345, 334, -1, 403, 243, 7.4, 28, ABprpapppap, 223, 29484, 29130, 988, , 29484, 25000, 31545, 31585, 0, 
432, 1, 118, 456, -1, 175, 314, 7.6, 26, ABalaappap, 258, 30448, 25333, 832, , 30448, 25000, 30049, 30158, 0, 
433, 1, 379, 324, -1, 222, 302, 10.9, 22, MSppaaaa, 183, 26653, 12367, 464, , 26653, 25000, 28199, 28221, 0, 
434, 1, 143, 275, -1, 332, 289, 16.1, 23, MSpaapapp, 231, 26728, 13257, 496, , 26728, 25000, 28894, 28921, 0, 
435, 1, 350, 208, -1, 398, 300, 8.7, 25, MSpapppa, 232, 27928, 21337, 764, , 27928, 25000, 28951, 29020, 0, 
436, 1, 460, 195, -1, 331, 222, 15.7, 24, MSaapaapa, 203, 32402, 22811, 704, , 32402, 25000, 29710, 29612, 0, 
437, 1, 79, 109, -1, 170, 213, 10.1, 24, ABalpaapppa, 181, 28512, 17221, 604, , 28512, 25000, 27867, 27888, 0, 
438, 1, 28, 212, -1, 351, 390, 21.5, 28, ABarpppaap, 244, 27686, 29901, 1080, , 27686, 25000, 27781, 27830, 0, 
439, 1, 400, 318, -1, 421, 262, 5.2, 25, ABprpapappp, 167, 33973, 23917, 704, , 33973, 25000, 34767, 34427, 0, 
440, 1, 453, 454, -1, 310, 261, 11.2, 22, MSpapaaaa, 176, 37633, 18666, 496, , 37633, 25000, 29790, 29422, 0, 
441, 1, 294, 32, -1, 311, 373, 9.3, 24, ABprpaapppp, 157, 28554, 20102, 704, , 28554, 25000, 27530, 27360, 0, 
442, 1, 208, 442, -1, 582, 213, 19.8, 35, Cpapap, 548, 27107, 54539, 2012, , 27107, 25000, 28682, 28717, 0, 
443, 1, 435, 467, -1, 221, 290, 22.9, 23, MSaaaapaa, 325, 26091, 12941, 496, , 26091, 25000, 27941, 27921, 0, 
444, 1, 455, 44, -1, 242, 286, 14.5, 26, ABaraaapapp, 134, 27805, 24913, 896, , 27805, 25000, 28176, 28028, 0, 
445, 1, 135, 307, -1, 502, 303, 5.4, 24, ABprpppaaap, 179, 39329, 27530, 700, , 39329, 25000, 38624, 38205, 0, 
446, 1, 464, 350, -1, 513, 216, 7.1, 22, ABprpppapap, 316, 29778, 13817, 464, , 29778, 25000, 31777, 31615, 0, 
447, 1, 441, 253, -1, 334, 201, 5.0, 24, ABplpappaaa, 228, 39574, 24061, 608, , 39574, 25000, 36700, 36587, 0, 
448, 1, 329, 472, -1, 380, 306, 5.8, 22, ABprpapapap, 460, 34065, 16896, 496, , 34065, 25000, 34598, 34726, 0, 
449, 1, 43, 468, -1, 192, 243, 24.0, 22, ABalapapapp, 184, 28263, 10853, 384, , 28263, 25000, 27654, 27615, 0, 
450, 1, 440, 149, -1, 292, 161, 17.8, 24, MSapppaa, -24, 28210, 18506, 656, , 28210, 25000, 28408, 28429, 0, 
451, 1, 427, 276, -1, 241, 254, 9.9, 22, ABarapapaaa, -127, 27873, 12933, 464, , 27873, 25000, 28395, 28586, 0, 
452, 1, 96, 148, -1, 363, 282, 14.4, 22, MSpapaapp, 162, 34455, 19708, 572, , 34455, 25000, 31040, 30933, 0, 
453, 1, 462, 232, -1, 234, 126, 17.5, 25, ABalpppapad, 209, 27012, 20745, 768, , 27012, 25000, 27412, 27846, 0, 
454, 1, 386, 465, -1, 254, 358, 14.0, 23, ABpraaappap, 333, 28357, 14519, 512, , 28357, 25000, 28612, 28550, 0, 
455, 1, 291, 440, -1, 316, 197, 18.9, 22, Daaaa, 278, 27744, 12873, 464, , 27744, 25000, 29053, 29168, 0, 
456, 1, 461, 471, -1, 215, 272, 13.9, 23, ABaraaapapa, 161, 29341, 14553, 496, , 29341, 25000, 28776, 29139, 0, 
457, 1, 425, 85, -1, 224, 181, 18.2, 23, ABalpppppaa, 248, 27691, 14953, 540, , 27691, 25000, 27243, 27404, 0, 
458, 1, 298, 482, -1, 180, 168, 13.8, 23, ABalppaaap, 66, 26904, 14528, 540, , 26904, 25000, 27475, 27347, 0, 
459, 1, 36, 448, -1, 284, 282, 14.4, 27, ABaraapppap, 139, 28097, 27760, 988, , 28097, 25000, 28353, 28735, 0, 
460, 1, 2, 374, -1, 231, 331, 14.2, 23, ABpraaappaa, 96, 28059, 15152, 540, , 28059, 25000, 28014, 27809, 0, 
461, 1, 454, 421, -1, 264, 224, 14.8, 23, ABalpaaapp, -96, 27141, 14656, 540, , 27141, 25000, 27523, 27634, 0, 
462, 1, 343, 405, -1, 363, 351, 12.4, 25, Dpapa, 0, 27587, 22952, 832, , 27587, 25000, 28229, 28321, 0, 
463, 1, 471, 459, -1, 134, 250, 20.4, 22, ABalappaap, 45, 27348, 15643, 572, , 27348, 25000, 27224, 27224, 0, 
464, 1, 469, 493, -1, 159, 307, 18.4, 21, ABalappppaa, 187, 28216, 14785, 524, , 28216, 25000, 27440, 27476, 0, 
465, 1, 437, 461, -1, 295, 214, 20.6, 24, MSapppap, 265, 27463, 19224, 700, , 27463, 25000, 28320, 28345, 0, 
466, 1, 224, 23, -1, 169, 232, 14.0, 23, ABalpaapaaa, 76, 27551, 14106, 512, , 27551, 25000, 27586, 27404, 0, 
467, 0, 429, -1, -1, 507, 188, 7.0, 22, , -231, -273, 12251, 384, , 31904, 25000, 32076, 32177, 0, 
468, 0, 468, -1, -1, 381, 293, 15.8, 22, , 220, -263, 14598, 496, , 29431, 25000, 30098, 29694, 0, 
469, 1, 472, 458, -1, 168, 323, 22.4, 22, ABalapppapp, 122, 27815, 15910, 572, , 27815, 25000, 28470, 28637, 0, 
470, 1, 473, 474, -1, 329, 241, 22.2, 23, MSappppa, 133, 30191, 16303, 540, , 30191, 25000, 27567, 27570, 0, 
471, 1, 450, 480, -1, 286, 230, 17.4, 30, ABaraapapap, -173, 27202, 31446, 1156, , 27202, 25000, 27982, 27995, 0, 
472, 1, 198, 402, -1, 178, 217, 21.4, 23, ABalapappap, 219, 27850, 17824, 640, , 27850, 25000, 27959, 28292, 0, 
473, 0, 470, -1, -1, 404, 315, 9.6, 22, , 135, 337, 0, 0, , 0, 0, 0, 0, 0, 
474, 1, 451, 270, -1, 289, 249, 18.9, 22, MSaaapapa, 192, 29720, 13790, 464, , 29720, 25000, 28128, 28223, 0, 
475, 0, 274, -1, -1, 337, 118, 18.9, 22, , 221, -397, 0, 0, , 0, 0, 0, 0, 0, 
476, 1, 109, 483, -1, 359, 184, 6.3, 28, ABplpappaap, 256, 32471, 34549, 1064, , 32471, 25000, 34608, 34587, 0, 
477, 1, 474, 486, -1, 302, 288, 16.1, 24, MSpaapapa, 150, 26339, 15909, 604, , 26339, 25000, 28244, 28211, 0, 
478, 0, 475, -1, -1, 184, 140, 11.8, 22, , 46, 1623, 14225, 496, , 28679, 25000, 26846, 27056, 0, 
479, 1, 15, 322, -1, 424, 319, 24.0, 28, Caaaaa, 271, 27985, 31567, 1128, , 27985, 25000, 28415, 28350, 0, 
480, 1, 477, 485, -1, 356, 324, 11.0, 23, MSpppapp, 111, 29379, 15042, 512, , 29379, 25000, 27787, 27592, 0, 
481, 1, 478, 487, -1, 385, 125, 22.0, 24, ABplaapppp, 836, 27594, 16777, 608, , 27594, 25000, 28282, 28272, 0, 
482, 1, 419, 488, -1, 229, 250, 21.0, 24, MSaaapaaa, 218, 30188, 18354, 608, , 30188, 25000, 27532, 27763, 0, 
483, 1, 467, 489, -1, 220, 303, 18.0, 22, MSpaaaapa, -97, 27141, 10422, 384, , 27141, 25000, 28388, 28501, 0, 
484, 1, 397, 490, -1, 579, 209, 13.0, 26, Caappd, 216, 27866, 23742, 852, , 27866, 25000, 27917, 28013, 0, 
485, 1, 479, 491, -1, 351, 388, 12.0, 26, ABpraapppa, 238, 27606, 23520, 852, , 27606, 25000, 28485, 28355, 0, 
486, 1, 480, 477, -1, 179, 334, 18.0, 24, ABalappppap, 95, 28516, 17338, 608, , 28516, 25000, 27535, 27489, 0, 
487, 1, 481, 492, -1, 151, 222, 20.0, 22, ABalapappaa, 642, 29982, 11513, 384, , 29982, 25000, 27669, 27873, 0, 
488, 1, 482, 494, -1, 173, 354, 20.0, 22, ABalapppppa, 0, 26570, 10203, 384, , 26570, 25000, 28070, 28041, 0, 
489, 1, 483, 495, -1, 153, 298, 21.0, 25, ABalapppapa, -69, 27826, 21259, 764, , 27826, 25000, 27700, 27894, 0, 
490, 1, 259, 496, -1, 167, 358, 16.0, 24, ABalappappp, 0, 26957, 16390, 608, , 26957, 25000, 27953, 27848, 0, 
491, 0, -1, -1, -1, 149, 258, 20.0, 25, , 237, -229, 13869, 496, , 27962, 25000, 28232, 28191, 0, 
492, 1, 486, 498, -1, 147, 272, 23.0, 22, ABalapapapa, -370, 27513, 10565, 384, , 27513, 25000, 27891, 28133, 0, 
493, 1, 487, 499, -1, 500, 190, 6.0, 24, ABplpppapap, 268, 35944, 21854, 608, , 35944, 25000, 36604, 36850, 0, 
