1, 1, 94, 84, -1, 521, 139, 7.4, 23, ABplpppaapp, 200, 28995, 18557, 640, , 28995, 25000, 31951, 32533, 0, 
2, 1, 127, 29, -1, 148, 248, 10.5, 28, ABalaaaarr, 285, 27709, 29926, 1080, , 27709, 25000, 27543, 27521, 0, 
3, 1, 209, 150, -1, 313, 161, 6.8, 27, ABalpapapap, 235, 32283, 28022, 868, , 32283, 25000, 35599, 36129, 0, 
4, 1, 13, 41, -1, 426, 180, 21.6, 27, Dapap, 239, 27483, 27153, 988, , 27483, 25000, 28111, 28137, 0, 
5, 1, 38, 57, -1, 238, 273, 11.7, 28, ABarapaapa, 64, 27976, 29766, 1064, , 27976, 25000, 28197, 28223, 0, 
6, 1, 223, 125, -1, 533, 142, 21.8, 31, ABplapapaa, 201, 27380, 40084, 1464, , 27380, 25000, 27671, 27673, 0, 
7, 1, 255, 4, -1, 554, 250, 11.4, 28, Cppppp, 276, 27634, 27302, 988, , 27634, 25000, 28239, 28229, 0, 
8, 1, 337, 437, -1, 565, 156, 14.0, 25, ABplapapppp, 243, 26889, 20543, 764, , 26889, 25000, 27969, 27969, 0, 
9, 1, 163, 116, -1, 196, 217, 23.1, 24, ABplaaaaapa, 216, 27038, 16331, 604, , 27038, 25000, 28158, 28193, 0, 
10, 1, 81, 155, -1, 164, 358, 18.2, 24, ABpraapaapa, 52, 27575, 18089, 656, , 27575, 25000, 27249, 27435, 0, 
11, 1, 192, 242, -1, 465, 342, 7.4, 26, ABprppapap, 264, 29305, 24382, 832, , 29305, 25000, 29827, 29925, 0, 
12, 1, 247, 464, -1, 287, 134, 16.3, 24, ABplpaappp, 222, 27324, 19236, 704, , 27324, 25000, 27873, 27823, 0, 
13, 1, 4, 175, -1, 407, 126, 13.6, 23, ABplppapaap, 217, 28170, 18029, 640, , 28170, 25000, 27829, 27918, 0, 
14, 1, 356, 198, -1, 368, 357, 6.6, 24, ABprpaaaapp, 209, 30881, 21617, 700, , 30881, 25000, 34635, 34615, 0, 
15, 1, 17, 214, -1, 351, 159, 22.9, 26, ABplapaaapp, 251, 27663, 22130, 800, , 27663, 25000, 28384, 28403, 0, 
16, 1, 307, 128, -1, 454, 157, 25.4, 30, ABplappapa, 300, 28070, 32449, 1156, , 28070, 25000, 27452, 27477, 0, 
17, 1, 211, 46, -1, 327, 297, 7.1, 24, ABprpapaaap, 185, 27902, 16853, 604, , 27902, 25000, 31359, 31128, 0, 
18, 1, 265, 459, -1, 515, 291, 5.9, 24, ABprpppaapa, 204, 36498, 22045, 604, , 36498, 25000, 35572, 35377, 0, 
19, 1, 169, 368, -1, 386, 170, 19.5, 26, Dapaa, 266, 28789, 25795, 896, , 28789, 25000, 28816, 28834, 0, 
20, 1, 400, 298, -1, 275, 158, 22.7, 28, ABalppppppp, 272, 28545, 30372, 1064, , 28545, 25000, 27818, 27930, 0, 
21, 1, 124, 12, -1, 132, 279, 22.5, 27, ABarpaaaaa, 203, 27133, 24311, 896, , 27133, 25000, 27435, 27435, 0, 
22, 1, 70, 167, -1, 152, 186, 24.2, 26, ABplaapaapa, 231, 27157, 21617, 796, , 27157, 25000, 28109, 28310, 0, 
23, 1, 3, 80, -1, 274, 204, 7.0, 25, ABalpappapa, 241, 30310, 23157, 764, , 30310, 25000, 31837, 31993, 0, 
24, 1, 248, 95, -1, 587, 217, 11.2, 28, Cpappv, 259, 26510, 27889, 1052, , 26510, 25000, 28276, 28449, 0, 
25, 1, 290, 225, -1, 472, 153, 11.3, 29, Capapp, 26, 27904, 29801, 1068, , 27904, 25000, 28508, 28559, 0, 
26, 1, 325, 263, -1, 283, 314, 17.5, 27, MSpaapaa, 271, 27610, 24739, 896, , 27610, 25000, 28574, 28680, 0, 
27, 1, 59, 339, -1, 221, 275, 25.8, 29, ABplaaaapa, 241, 28656, 31865, 1112, , 28656, 25000, 28716, 28764, 0, 
28, 1, 474, 495, -1, 213, 163, 23.2, 24, ABalpppappp, 362, 27854, 18272, 656, , 27854, 25000, 27628, 27565, 0, 
29, 1, 320, 340, -1, 208, 177, 11.0, 24, ABalppappaa, 236, 28590, 17383, 608, , 28590, 25000, 28179, 28173, 0, 
30, 1, 7, 330, -1, 371, 266, 7.1, 24, ABprpapppaa, 246, 28876, 17441, 604, , 28876, 25000, 31376, 31290, 0, 
31, 1, 14, 407, -1, 189, 212, 27.4, 24, ABalapapppp, 215, 27226, 19058, 700, , 27226, 25000, 29888, 29932, 0, 
32, 1, 2, 55, -1, 457, 119, 20.5, 27, ABplappaap, 110, 27758, 24871, 896, , 27758, 25000, 27793, 27822, 0, 
33, 1, 33, 123, -1, 510, 217, 12.6, 32, Eplpp, 242, 27849, 41328, 1484, , 27849, 25000, 29235, 29379, 0, 
34, 1, 111, 111, -1, 250, 213, 5.1, 28, ABalpapaap, 278, 37159, 40429, 1088, , 37159, 25000, 36749, 37307, 0, 
35, 0, 438, -1, -1, 165, 159, 12.4, 24, , 183, 1581, 20301, 700, , 29001, 25000, 27420, 27420, 0, 
36, 1, 187, 100, -1, 333, 249, 7.9, 27, ABarapapppp, 225, 27680, 25133, 908, , 27680, 25000, 30751, 30703, 0, 
37, 1, 24, 190, -1, 334, 181, 21.3, 27, ABplapaaapa, 228, 28373, 26217, 924, , 28373, 25000, 28370, 28462, 0, 
38, 1, 444, 436, -1, 394, 337, 6.0, 24, ABarappappp, 203, 30757, 18700, 608, , 30757, 25000, 34707, 35103, 0, 
39, 1, 350, 89, -1, 285, 141, 7.8, 25, ABalppapapp, 235, 30278, 21316, 704, , 30278, 25000, 30652, 30811, 0, 
40, 1, 91, 323, -1, 522, 375, 12.7, 26, ABprappapp, 1, 27786, 23785, 856, , 27786, 25000, 27677, 27670, 0, 
41, 1, 69, 281, -1, 371, 152, 16.9, 23, Daapp, 202, 26841, 13313, 496, , 26841, 25000, 28601, 28636, 0, 
42, 1, 396, 431, -1, 330, 299, 4.7, 26, ABarappapap, 203, 34822, 29808, 856, , 34822, 25000, 35468, 35432, 0, 
43, 1, 87, 56, -1, 314, 287, 12.8, 28, ABaraapppp, 186, 28642, 30131, 1052, , 28642, 25000, 29150, 29072, 0, 
44, 1, 97, 122, -1, 377, 245, 18.9, 33, Ealaa, 330, 28886, 50146, 1736, , 28886, 25000, 29628, 29559, 0, 
45, 1, 251, 337, -1, 212, 191, 6.0, 23, ABalpapaaaa, 236, 39279, 20111, 512, , 39279, 25000, 38441, 38909, 0, 
46, 1, 384, 10, -1, 193, 171, 16.2, 25, ABalapaapa, 160, 27351, 19255, 704, , 27351, 25000, 27379, 27445, 0, 
47, 1, 228, 454, -1, 552, 218, 8.6, 28, Caapa, 195, 28299, 27959, 988, , 28299, 25000, 29958, 29827, 0, 
48, 1, 416, 22, -1, 292, 345, 9.9, 23, ABprpaaappp, 122, 27341, 13561, 496, , 27341, 25000, 28508, 28606, 0, 
49, 1, 261, 305, -1, 245, 302, 4.9, 23, ABarapppapa, 206, 35331, 17524, 496, , 35331, 25000, 37376, 37195, 0, 
50, 1, 250, 20, -1, 502, 117, 17.3, 27, ABplapapap, 168, 29095, 26884, 924, , 29095, 25000, 27754, 27881, 0, 
51, 0, 132, -1, -1, 162, 248, 22.0, 25, , 235, 910, 22314, 764, , 29207, 25000, 28273, 28297, 0, 
52, 1, 363, 32, -1, 217, 336, 18.5, 25, MSppappa, 229, 27275, 20947, 768, , 27275, 25000, 27456, 27468, 0, 
53, 1, 468, 490, -1, 336, 160, 9.1, 24, ABplpapapaa, 208, 28127, 16989, 604, , 28127, 25000, 29258, 29365, 0, 
54, 1, 287, 203, -1, 462, 292, 18.2, 33, Earpp, 303, 28612, 49899, 1744, , 28612, 25000, 29416, 29551, 0, 
55, 1, 30, 253, -1, 226, 208, 7.7, 26, ABalpaaaap, 174, 28825, 24674, 856, , 28825, 25000, 30408, 30214, 0, 
56, 1, 154, 240, -1, 154, 257, 18.2, 28, MSaaaaaa, 179, 27663, 29101, 1052, , 27663, 25000, 27586, 27760, 0, 
57, 1, 348, 374, -1, 327, 304, 23.8, 25, ABarpaappp, 227, 29308, 20633, 704, , 29308, 25000, 27809, 27769, 0, 
58, 1, 61, 418, -1, 376, 177, 12.1, 26, MSapaapp, 243, 27234, 21787, 800, , 27234, 25000, 28462, 28419, 0, 
59, 1, 278, 71, -1, 546, 148, 17.4, 24, ABplapapppa, 119, 26141, 18299, 700, , 26141, 25000, 28919, 28918, 0, 
60, 1, 107, 341, -1, 429, 127, 18.5, 28, ABplappaaa, 160, 28092, 30339, 1080, , 28092, 25000, 28425, 28472, 0, 
61, 1, 98, 163, -1, 255, 272, 17.4, 26, ABaraappapp, -94, 28321, 23563, 832, , 28321, 25000, 28453, 28502, 0, 
62, 0, 480, -1, -1, 182, 152, 10.9, 21, , -251, -916, 9416, 348, , 27057, 25000, 27840, 27973, 0, 
63, 1, 39, 360, -1, 584, 261, 21.4, 32, Caaapp, 320, 27989, 41536, 1484, , 27989, 25000, 27716, 27716, 0, 
64, 1, 74, 273, -1, 306, 280, 4.6, 24, ABarappapaa, 213, 35587, 24911, 700, , 35587, 25000, 36137, 36424, 0, 
65, 1, 11, 176, -1, 210, 348, 8.4, 25, ABpraaaaaa, 253, 29587, 24616, 832, , 29587, 25000, 28392, 28432, 0, 
66, 1, 151, 481, -1, 169, 190, 16.9, 22, ABalapaappa, 225, 26832, 12450, 464, , 26832, 25000, 27717, 27731, 0, 
67, 1, 25, 462, -1, 233, 162, 8.8, 23, ABalppapaap, 202, 26878, 14514, 540, , 26878, 25000, 28606, 28763, 0, 
68, 1, 166, 354, -1, 343, 137, 15.2, 26, ABplppaaaap, 317, 27726, 22070, 796, , 27726, 25000, 27938, 27877, 0, 
69, 1, 274, 42, -1, 254, 357, 8.3, 27, ABprpaaapa, 140, 27146, 25083, 924, , 27146, 25000, 28452, 28602, 0, 
70, 1, 332, 186, -1, 387, 217, 9.8, 25, MSaappap, 253, 27588, 19422, 704, , 27588, 25000, 29848, 29846, 0, 
71, 1, 75, 239, -1, 269, 278, 21.7, 25, MSaaaapap, 241, 28089, 21460, 764, , 28089, 25000, 28427, 28339, 0, 
72, 1, 259, 313, -1, 331, 116, 11.6, 24, ABplpaaaapa, 201, 27094, 18966, 700, , 27094, 25000, 27120, 27083, 0, 
73, 1, 457, 465, -1, 219, 125, 16.6, 24, ABalpppapad, 199, 28229, 19760, 700, , 28229, 25000, 27139, 27119, 0, 
74, 1, 448, 158, -1, 296, 230, 17.6, 29, ABaraapapap, 146, 27570, 31871, 1156, , 27570, 25000, 27905, 27942, 0, 
75, 1, 191, 359, -1, 183, 306, 11.5, 27, ABalaapppa, 215, 27579, 24711, 896, , 27579, 25000, 27913, 28037, 0, 
76, 1, 109, 353, -1, 167, 164, 17.8, 24, ABalapaappp, -22, 26694, 17511, 656, , 26694, 25000, 27618, 27406, 0, 
77, 1, 245, 194, -1, 379, 124, 14.1, 24, ABplppapaaa, 243, 28306, 17097, 604, , 28306, 25000, 28419, 28440, 0, 
78, 1, 323, 210, -1, 582, 200, 15.5, 31, Cpapaa, 287, 27789, 34236, 1232, , 27789, 25000, 29026, 29113, 0, 
79, 1, 131, 2, -1, 428, 398, 13.8, 27, ABprapaapp, -488, 28591, 24817, 868, , 28591, 25000, 28137, 28277, 0, 
80, 1, 237, 366, -1, 432, 186, 6.4, 23, ABplppppaaa, 195, 30917, 19787, 640, , 30917, 25000, 33106, 33500, 0, 
81, 1, 440, 358, -1, 159, 340, 12.0, 23, ABalaappppp, 213, 28146, 14411, 512, , 28146, 25000, 27664, 27692, 0, 
82, 1, 116, 62, -1, 152, 216, 18.0, 29, ABalapaaaa, 258, 28530, 35035, 1228, , 28530, 25000, 28326, 28270, 0, 
83, 1, 182, 156, -1, 407, 287, 17.2, 33, Earap, 333, 28587, 49855, 1744, , 28587, 25000, 29179, 29345, 0, 
84, 1, 283, 77, -1, 348, 148, 12.0, 27, ABplppaapa, 616, 27850, 28741, 1032, , 27850, 25000, 27737, 27868, 0, 
85, 1, 205, 168, -1, 240, 237, 11.6, 24, ABalpappaaa, 194, 28364, 19855, 700, , 28364, 25000, 28096, 28114, 0, 
86, 1, 193, 357, -1, 242, 383, 12.9, 25, ABprpaapapa, 197, 28673, 19727, 688, , 28673, 25000, 27575, 27703, 0, 
87, 1, 79, 127, -1, 472, 113, 17.2, 27, ABplappapp, 219, 26187, 22730, 868, , 26187, 25000, 28279, 28311, 0, 
88, 1, 47, 69, -1, 233, 307, 21.0, 28, MSpaaaaa, 106, 27922, 31496, 1128, , 27922, 25000, 28248, 28333, 0, 
89, 1, 45, 83, -1, 353, 287, 6.5, 23, ABprpapapaa, 182, 32160, 20325, 632, , 32160, 25000, 32196, 32629, 0, 
90, 1, 55, 391, -1, 336, 220, 18.3, 24, MSaaappa, 189, 28946, 20378, 704, , 28946, 25000, 29212, 29190, 0, 
91, 1, 40, 85, -1, 218, 191, 23.7, 24, ABplaapappa, 224, 28335, 19948, 704, , 28335, 25000, 28063, 28220, 0, 
92, 1, 388, 451, -1, 211, 293, 10.8, 24, MSppaaaa, 220, 27738, 18196, 656, , 27738, 25000, 28128, 28230, 0, 
93, 1, 449, 99, -1, 456, 333, 14.2, 27, MSpppaap, 274, 27207, 23616, 868, , 27207, 25000, 28541, 28761, 0, 
94, 1, 210, 92, -1, 244, 271, 5.9, 25, ABarappaaa, 201, 37066, 23574, 636, , 37066, 25000, 35660, 35611, 0, 
95, 1, 373, 424, -1, 412, 387, 21.5, 29, ABarpppapp, 269, 27473, 29671, 1080, , 27473, 25000, 28114, 28168, 0, 
96, 1, 365, 363, -1, 129, 227, 16.0, 28, ABalaaapar, 257, 27943, 31520, 1128, , 27943, 25000, 27470, 27568, 0, 
97, 1, 351, 427, -1, 231, 167, 11.7, 24, ABalppappap, 200, 26503, 18658, 704, , 26503, 25000, 28276, 28290, 0, 
98, 1, 83, 39, -1, 215, 375, 20.5, 27, ABarpappaa, 236, 27574, 24706, 896, , 27574, 25000, 27887, 27982, 0, 
99, 0, 103, -1, -1, 84, 263, 16.1, 26, , 131, 3044, 23969, 800, , 29961, 25000, 26917, 26917, 0, 
100, 1, 300, 129, -1, 345, 371, 16.8, 25, ABprapaaapa, 249, 28330, 19944, 704, , 28330, 25000, 27853, 27848, 0, 
101, 1, 339, 79, -1, 273, 323, 13.4, 25, MSppapaa, 211, 28553, 23756, 832, , 28553, 25000, 28359, 28478, 0, 
102, 1, 183, 303, -1, 303, 324, 6.6, 23, ABprpapaapa, 166, 30444, 19484, 640, , 30444, 25000, 32943, 32767, 0, 
103, 1, 334, 404, -1, 314, 211, 9.9, 28, ABalpappppp, 285, 28619, 31138, 1088, , 28619, 25000, 28804, 28594, 0, 
104, 1, 415, 21, -1, 437, 221, 11.5, 31, Z3, 317, 28262, 34819, 1232, , 28262, 25000, 28835, 28789, 0, 
105, 1, 120, 34, -1, 582, 321, 13.8, 28, ABarpppppp, 267, 27059, 28466, 1052, , 27059, 25000, 27855, 27858, 0, 
106, 1, 21, 115, -1, 166, 181, 9.6, 27, ABalaaaalp, -344, 26869, 26547, 988, , 26869, 25000, 27499, 27291, 0, 
107, 1, 67, 144, -1, 459, 166, 6.8, 24, ABplppppapa, 205, 30471, 19989, 656, , 30471, 25000, 32170, 32139, 0, 
108, 1, 329, 438, -1, 268, 224, 17.8, 26, ABaraapapaa, -173, 27410, 21818, 796, , 27410, 25000, 27841, 27824, 0, 
109, 1, 233, 120, -1, 340, 259, 13.8, 23, MSpapaapa, 227, 34159, 18446, 540, , 34159, 25000, 30282, 30283, 0, 
110, 1, 73, 301, -1, 167, 346, 14.9, 25, ABpraaapapa, 157, 27847, 19159, 688, , 27847, 25000, 27802, 27662, 0, 
111, 1, 477, 397, -1, 126, 198, 18.3, 25, ABalapaaapa, -31, 27124, 20723, 764, , 27124, 25000, 27123, 27073, 0, 
112, 1, 232, 289, -1, 419, 239, 18.3, 32, Ealap, 173, 28128, 44554, 1584, , 28128, 25000, 28932, 29019, 0, 
113, 1, 347, 470, -1, 227, 283, 23.0, 23, MSaaaapaa, 215, 28105, 14390, 512, , 28105, 25000, 28234, 28312, 0, 
114, 1, 296, 328, -1, 273, 307, 7.1, 23, ABarapppppa, 210, 27647, 13713, 496, , 27647, 25000, 30864, 31028, 0, 
115, 1, 441, 49, -1, 359, 140, 9.7, 23, ABalpapappp, 191, 27975, 16561, 592, , 27975, 25000, 28032, 28032, 0, 
116, 1, 66, 38, -1, 357, 321, 5.1, 24, ABarappappa, 195, 39513, 23866, 604, , 39513, 25000, 36041, 35791, 0, 
117, 1, 175, 394, 467, 317, 365, 20.3, 29, ABprapaaaa, -140, 28754, 30709, 1068, , 28754, 25000, 28148, 28118, 0, 
118, 1, 129, 362, -1, 488, 159, 6.1, 25, ABplpppapaa, 212, 36256, 23059, 636, , 36256, 25000, 37016, 37203, 0, 
119, 1, 330, 209, -1, 576, 225, 8.6, 24, ABprppppppp, 122, 30074, 21052, 700, , 30074, 25000, 29297, 29341, 0, 
120, 1, 343, 164, -1, 192, 142, 13.8, 27, ABalpppaaa, 79, 26729, 23201, 868, , 26729, 25000, 27341, 27309, 0, 
121, 1, 194, 309, -1, 277, 362, 12.7, 24, ABprpaappaa, 377, 28543, 20094, 704, , 28543, 25000, 28305, 28427, 0, 
122, 1, 199, 457, -1, 509, 267, 25.6, 30, Cpaapa, 299, 29098, 33637, 1156, , 29098, 25000, 28202, 28251, 0, 
123, 1, 99, 284, -1, 242, 126, 14.4, 30, ABplpaaapa, 283, 27121, 31352, 1156, , 27121, 25000, 27511, 27472, 0, 
124, 1, 295, 382, 406, 152, 182, 14.7, 26, ABalaaapal, 233, 28568, 24454, 856, , 28568, 25000, 28013, 28081, 0, 
125, 1, 122, 9, -1, 455, 274, 6.0, 24, ABprppppaaa, 266, 35554, 21617, 608, , 35554, 25000, 34084, 33244, 0, 
126, 1, 431, 262, -1, 332, 255, 4.8, 26, ABprpappaap, 250, 37396, 29767, 796, , 37396, 25000, 36768, 37163, 0, 
127, 1, 481, 274, -1, 583, 237, 16.6, 30, Cpappd, 298, 28081, 32462, 1156, , 28081, 25000, 28725, 28753, 0, 
128, 1, 121, 143, -1, 203, 284, 17.9, 24, ABaraappaap, 186, 27632, 16690, 604, , 27632, 25000, 28200, 28366, 0, 
129, 1, 463, 463, -1, 186, 271, 20.6, 25, MSaaaaapa, 243, 27429, 22821, 832, , 27429, 25000, 27943, 27954, 0, 
130, 1, 181, 254, -1, 525, 128, 10.4, 27, ABplappppa, 234, 26744, 26423, 988, , 26744, 25000, 27637, 27712, 0, 
131, 1, 264, 312, -1, 283, 387, 11.2, 24, ABpraappaa, 210, 27006, 17716, 656, , 27006, 25000, 27336, 27266, 0, 
132, 1, 345, 188, -1, 334, 184, 26.4, 30, ABarppaaap, 298, 29609, 34228, 1156, , 29609, 25000, 29100, 29108, 0, 
133, 1, 18, 243, -1, 578, 283, 12.6, 28, ABprapappp, 64, 28151, 27813, 988, , 28151, 25000, 28083, 28101, 0, 
134, 1, 311, 47, -1, 305, 218, 14.9, 29, ABaraapapp, 118, 27753, 33526, 1208, , 27753, 25000, 29277, 29220, 0, 
135, 1, 399, 453, -1, 368, 296, 10.1, 26, MSppaapp, 243, 27976, 22381, 800, , 27976, 25000, 28457, 28416, 0, 
136, 1, 76, 26, -1, 199, 239, 18.3, 26, ABaraapaapa, 242, 27894, 23877, 856, , 27894, 25000, 27966, 28011, 0, 
137, 1, 52, 338, -1, 373, 322, 8.3, 27, ABprppaapa, 75, 28939, 26740, 924, , 28939, 25000, 29101, 29204, 0, 
138, 1, 133, 383, -1, 454, 253, 21.5, 33, Eplaa, 91, 27808, 45160, 1624, , 27808, 25000, 28468, 28493, 0, 
139, 0, 361, -1, -1, 131, 266, 18.9, 23, , 200, 149, 13663, 496, , 27546, 25000, 27249, 27397, 0, 
140, 1, 235, 75, -1, 232, 216, 10.7, 23, ABalpaaaaap, 187, 28157, 16669, 592, , 28157, 25000, 28227, 28329, 0, 
141, 1, 8, 18, -1, 436, 292, 10.3, 31, Z2, 148, 26891, 36787, 1368, , 26891, 25000, 28274, 28288, 0, 
142, 1, 362, 110, -1, 410, 366, 7.3, 24, ABprppapaaa, 210, 28504, 20067, 704, , 28504, 25000, 30318, 30391, 0, 
143, 1, 195, 408, -1, 395, 160, 14.7, 26, MSaapppa, 250, 28690, 24559, 856, , 28690, 25000, 27994, 28034, 0, 
144, 1, 143, 245, -1, 462, 235, 17.7, 30, Ealpp, 303, 28409, 37159, 1308, , 28409, 25000, 28887, 28828, 0, 
145, 1, 376, 380, -1, 366, 218, 14.5, 26, MSaapapa, 225, 35730, 32014, 896, , 35730, 25000, 30867, 29943, 0, 
146, 1, 63, 87, -1, 329, 205, 4.8, 23, ABplpappaaa, 217, 35883, 19377, 540, , 35883, 25000, 37314, 37391, 0, 
147, 1, 180, 307, -1, 361, 117, 11.9, 24, ABplpaaaapp, -2, 27440, 16574, 604, , 27440, 25000, 27731, 27594, 0, 
148, 1, 253, 191, -1, 209, 191, 26.7, 26, ABplaaapaa, 207, 29204, 24999, 856, , 29204, 25000, 29400, 29576, 0, 
149, 1, 16, 31, -1, 295, 343, 18.4, 26, MSppppap, 216, 26843, 22333, 832, , 26843, 25000, 28585, 28563, 0, 
150, 1, 159, 255, -1, 132, 221, 12.8, 26, ABalaaaarl, 242, 26700, 21253, 796, , 26700, 25000, 27279, 27164, 0, 
151, 1, 95, 410, -1, 402, 295, 6.6, 23, ABprpapappa, 192, 32295, 20669, 640, , 32295, 25000, 32418, 32694, 0, 
152, 1, 49, 106, -1, 274, 207, 12.4, 28, ABalpapppa, -137, 28013, 27677, 988, , 28013, 25000, 28186, 27772, 0, 
153, 0, 173, -1, -1, 220, 142, 10.9, 23, , 49, 943, 14029, 496, , 28284, 25000, 27335, 27341, 0, 
154, 1, 168, 72, -1, 194, 366, 17.9, 27, ABpraapaapp, 233, 27233, 24728, 908, , 27233, 25000, 28030, 27994, 0, 
155, 1, 119, 278, -1, 181, 163, 22.3, 24, ABalppppapp, 212, 27193, 19144, 704, , 27193, 25000, 28451, 28675, 0, 
156, 1, 158, 232, -1, 355, 115, 18.4, 26, ABplapaapa, 229, 27513, 22891, 832, , 27513, 25000, 27964, 27897, 0, 
157, 1, 333, 222, -1, 462, 303, 5.6, 24, ABprpppaaaa, 199, 36390, 25473, 700, , 36390, 25000, 34049, 33789, 0, 
158, 1, 202, 201, -1, 363, 399, 13.5, 24, ABprapaapa, 242, 27275, 20947, 768, , 27275, 25000, 27186, 27233, 0, 
159, 1, 359, 235, -1, 438, 190, 9.7, 26, MSpappaa, 224, 28299, 24224, 856, , 28299, 25000, 28748, 28770, 0, 
160, 1, 134, 299, -1, 174, 286, 7.0, 24, ABalaapaap, 210, 30798, 18725, 608, , 30798, 25000, 32126, 32491, 0, 
161, 1, 200, 336, -1, 438, 125, 13.5, 27, ABplppapap, 113, 27939, 25033, 896, , 27939, 25000, 27485, 27502, 0, 
162, 1, 106, 384, -1, 283, 348, 15.9, 24, ABpraaapppa, 240, 27040, 16332, 604, , 27040, 25000, 27889, 27952, 0, 
163, 1, 64, 94, -1, 176, 335, 22.5, 29, ABarpapaaa, 170, 28103, 30351, 1080, , 28103, 25000, 27770, 27801, 0, 
164, 1, 439, 350, -1, 173, 232, 13.9, 23, ABalpaapaaa, 311, 29361, 14563, 496, , 29361, 25000, 28229, 28289, 0, 
165, 1, 137, 36, -1, 285, 394, 18.6, 29, ABarpapppa, 269, 27818, 32158, 1156, , 27818, 25000, 27576, 27669, 0, 
166, 1, 298, 292, -1, 380, 300, 6.8, 22, ABprpapapap, 196, 30036, 14898, 496, , 30036, 25000, 30890, 30717, 0, 
167, 1, 292, 403, -1, 421, 220, 24.5, 29, Dappa, 267, 28287, 30550, 1080, , 28287, 25000, 28555, 28572, 0, 
168, 1, 212, 157, -1, 235, 351, 15.9, 28, ABpraapapa, 82, 27245, 29643, 1088, , 27245, 25000, 27831, 27856, 0, 
169, 1, 56, 37, -1, 408, 123, 19.8, 29, ABplapaapp, -164, 27541, 30626, 1112, , 27541, 25000, 28204, 28284, 0, 
170, 1, 454, 257, -1, 159, 217, 9.6, 24, ABalpaapppa, 193, 28860, 20202, 700, , 28860, 25000, 27988, 27953, 0, 
171, 1, 174, 180, -1, 195, 227, 12.7, 27, ABaraaaaaa, 305, 25848, 23884, 924, , 25848, 25000, 28199, 28445, 0, 
172, 1, 244, 208, -1, 266, 300, 20.0, 24, MSpaaaapp, 219, 28609, 17394, 608, , 28609, 25000, 27943, 28102, 0, 
173, 1, 421, 300, -1, 293, 258, 13.2, 25, ABarapaappp, 197, 29901, 21050, 704, , 29901, 25000, 28160, 28242, 0, 
174, 1, 213, 91, -1, 553, 338, 9.5, 28, ABprapappa, -9, 27356, 29545, 1080, , 27356, 25000, 27799, 27772, 0, 
175, 1, 186, 220, 286, 300, 162, 9.4, 26, ABplpapaaa, 238, 29952, 24920, 832, , 29952, 25000, 28833, 28931, 0, 
176, 1, 289, 276, -1, 327, 201, 12.5, 25, MSaapaaap, 182, 32434, 24909, 768, , 32434, 25000, 30185, 30073, 0, 
177, 1, 6, 93, -1, 179, 142, 18.1, 28, ABalpppaap, 302, 27079, 29462, 1088, , 27079, 25000, 27165, 27275, 0, 
178, 1, 243, 108, -1, 282, 276, 10.5, 26, ABarapappa, -120, 27792, 24902, 896, , 27792, 25000, 28003, 28016, 0, 
179, 1, 82, 86, -1, 545, 278, 8.6, 27, ABprapppap, -127, 26387, 26070, 988, , 26387, 25000, 28780, 28769, 0, 
180, 1, 54, 233, -1, 493, 331, 6.8, 26, ABprppappp, 239, 31339, 24946, 796, , 31339, 25000, 33672, 33831, 0, 
181, 1, 41, 346, -1, 223, 137, 19.9, 26, ABplpaapapa, 246, 27850, 22280, 800, , 27850, 25000, 28115, 28124, 0, 
182, 1, 144, 321, -1, 547, 187, 20.4, 30, Capppa, 285, 26809, 30991, 1156, , 26809, 25000, 28641, 28622, 0, 
183, 1, 96, 74, -1, 149, 241, 13.4, 25, ABaraaaapa, 156, 27582, 22948, 832, , 27582, 25000, 27642, 27585, 0, 
184, 1, 229, 400, -1, 396, 189, 24.5, 27, ABarppaapp, 259, 27938, 25032, 896, , 27938, 25000, 28114, 27900, 0, 
185, 1, 309, 159, -1, 403, 251, 7.3, 24, ABprpapppap, 125, 31835, 22412, 704, , 31835, 25000, 31372, 31336, 0, 
186, 1, 279, 3, -1, 307, 221, 25.8, 27, ABplapaaaap, 304, 26980, 23419, 868, , 26980, 25000, 27823, 27892, 0, 
187, 1, 262, 401, -1, 208, 166, 14.1, 23, ABplpaaaaaa, 217, 29992, 14876, 496, , 29992, 25000, 27579, 27680, 0, 
188, 1, 93, 43, -1, 136, 221, 22.7, 30, ABplaapaaa, 0, 27909, 36505, 1308, , 27909, 25000, 28469, 28529, 0, 
189, 1, 37, 230, -1, 253, 371, 18.1, 26, ABpraapappp, 254, 27508, 22006, 800, , 27508, 25000, 27974, 27926, 0, 
190, 1, 246, 40, -1, 319, 387, 11.0, 27, ABpraappap, 232, 26952, 27814, 1032, , 26952, 25000, 27493, 27400, 0, 
191, 1, 115, 58, -1, 217, 194, 20.2, 24, ABplaapapaa, 213, 27456, 18011, 656, , 27456, 25000, 28656, 28845, 0, 
192, 1, 68, 260, -1, 268, 117, 17.4, 25, ABplaappaa, 77, 26999, 22463, 832, , 26999, 25000, 27997, 28192, 0, 
193, 1, 136, 250, -1, 583, 203, 20.3, 31, Cpapap, 263, 29664, 40580, 1368, , 29664, 25000, 28283, 28321, 0, 
194, 1, 394, 452, -1, 148, 271, 8.3, 26, ABalaapaaa, 208, 28633, 24510, 856, , 28633, 25000, 28797, 28855, 0, 
195, 1, 167, 138, -1, 245, 349, 12.8, 24, ABprpaapaap, 219, 27412, 17982, 656, , 27412, 25000, 27798, 27717, 0, 
196, 1, 88, 415, -1, 452, 197, 14.3, 25, MSappaap, 252, 28814, 22014, 764, , 28814, 25000, 28780, 28780, 0, 
197, 1, 222, 268, -1, 495, 164, 20.2, 29, Capapa, 290, 27944, 31074, 1112, , 27944, 25000, 28393, 28461, 0, 
198, 1, 267, 432, -1, 389, 401, 19.3, 27, ABarppppaa, 445, 26780, 24745, 924, , 26780, 25000, 28655, 28613, 0, 
199, 1, 57, 179, -1, 316, 145, 15.6, 24, ABplppaaaaa, 213, 27907, 19535, 700, , 27907, 25000, 28336, 28361, 0, 
200, 1, 42, 60, -1, 417, 219, 6.5, 25, ABplpapppaa, 202, 32839, 25220, 768, , 32839, 25000, 33659, 34525, 0, 
201, 1, 465, 475, -1, 269, 244, 21.2, 25, MSaaapaap, 255, 29267, 20604, 704, , 29267, 25000, 28244, 28373, 0, 
202, 1, 58, 447, -1, 388, 350, 10.7, 26, Dpapp, 213, 28572, 24458, 856, , 28572, 25000, 28652, 28650, 0, 
203, 1, 291, 293, -1, 436, 137, 10.8, 28, ABplppappp, 180, 26677, 28064, 1052, , 26677, 25000, 27543, 27555, 0, 
204, 1, 138, 288, -1, 316, 282, 21.2, 27, MSpaaapa, 220, 27741, 24079, 868, , 27741, 25000, 27786, 27849, 0, 
205, 1, 482, 496, -1, 193, 369, 21.1, 23, ABalapppppp, -178, 28558, 14165, 496, , 28558, 25000, 27197, 27152, 0, 
206, 1, 85, 196, -1, 187, 180, 24.8, 27, ABplaapaapp, 237, 27276, 23676, 868, , 27276, 25000, 28594, 28611, 0, 
207, 1, 201, 229, -1, 249, 207, 11.2, 24, ABalpappaap, 199, 29037, 19048, 656, , 29037, 25000, 27874, 28310, 0, 
208, 1, 257, 33, -1, 247, 161, 14.5, 24, ABplpaaaaap, 208, 27016, 20748, 768, , 27016, 25000, 28319, 28421, 0, 
209, 1, 141, 372, -1, 366, 288, 18.6, 33, Earaa, 112, 28504, 46746, 1640, , 28504, 25000, 29038, 29176, 0, 
210, 1, 51, 90, -1, 371, 388, 16.6, 24, ABprapaaapp, 200, 29514, 20660, 700, , 29514, 25000, 27798, 27882, 0, 
211, 1, 383, 53, -1, 389, 347, 20.3, 29, Dpppa, 296, 28942, 30910, 1068, , 28942, 25000, 28562, 28667, 0, 
212, 1, 221, 124, -1, 497, 386, 14.6, 26, ABprappaap, 258, 26881, 22365, 832, , 26881, 25000, 28151, 28172, 0, 
213, 1, 220, 295, -1, 166, 263, 13.6, 24, ABaraaapaaa, 228, 28253, 19777, 700, , 28253, 25000, 27719, 27810, 0, 
214, 1, 445, 261, -1, 201, 229, 14.9, 24, ABalpaapaap, 232, 26199, 15824, 604, , 26199, 25000, 27559, 27844, 0, 
215, 1, 128, 114, -1, 262, 325, 10.1, 24, ABprpaaaaap, 100, 27667, 16711, 604, , 27667, 25000, 28123, 28141, 0, 
216, 1, 464, 199, -1, 312, 144, 12.5, 26, ABplpapaap, 80, 27700, 24819, 896, , 27700, 25000, 28144, 28142, 0, 
217, 1, 352, 161, -1, 302, 207, 12.3, 23, MSaapaaaa, 169, 33431, 19791, 592, , 33431, 25000, 29541, 29366, 0, 
218, 1, 236, 320, -1, 441, 400, 19.4, 27, ABarppppap, 276, 28299, 27959, 988, , 28299, 25000, 27907, 27909, 0, 
219, 1, 413, 398, -1, 184, 218, 7.4, 26, ABalpaappa, 265, 30383, 25279, 832, , 30383, 25000, 32402, 32920, 0, 
220, 1, 509, 51, -1, 501, 197, 5.6, 30, ABplpppapap, 276, 36639, 42355, 1156, , 36639, 25000, 36550, 37187, 0, 
221, 1, 62, 335, -1, 184, 260, 6.5, 27, ABaraaappp, 291, 31978, 28652, 896, , 31978, 25000, 35678, 36508, 0, 
222, 1, 473, 326, -1, 163, 300, 9.1, 24, ABalaaapprr, 223, 28472, 17197, 604, , 28472, 25000, 27890, 28018, 0, 
223, 1, 414, 282, 501, 178, 248, 16.5, 27, ABaraapaaa, 220, 26756, 23973, 896, , 26756, 25000, 27746, 27963, 0, 
224, 1, 152, 291, -1, 150, 282, 11.2, 25, ABalaaapprl, 198, 26763, 18841, 704, , 26763, 25000, 27597, 27697, 0, 
225, 1, 322, 238, -1, 264, 256, 12.5, 25, ABarapaappa, 153, 28621, 21981, 768, , 28621, 25000, 28130, 28003, 0, 
226, 1, 378, 405, -1, 249, 171, 18.9, 24, ABalpppppap, 263, 26094, 15761, 604, , 26094, 25000, 27848, 27708, 0, 
227, 1, 114, 367, -1, 510, 262, 8.9, 22, ABprpppppap, 226, 29369, 13627, 464, , 29369, 25000, 28493, 28512, 0, 
228, 1, 108, 306, -1, 300, 247, 25.4, 27, ABarppaaaa, -130, 26176, 25862, 988, , 26176, 25000, 28697, 28932, 0, 
229, 1, 314, 17, -1, 229, 320, 8.9, 24, ABprpaaaaaa, 116, 27945, 16879, 604, , 27945, 25000, 28755, 28933, 0, 
230, 1, 321, 11, -1, 425, 334, 6.4, 27, ABprppappa, 166, 30433, 30068, 988, , 30433, 25000, 33030, 33222, 0, 
231, 1, 135, 187, -1, 210, 260, 22.5, 25, MSaaaaapp, 46, 27927, 21448, 768, , 27927, 25000, 28460, 28660, 0, 
232, 1, 118, 479, -1, 332, 286, 15.9, 23, MSpaapapp, 229, 28885, 14327, 496, , 28885, 25000, 28939, 28936, 0, 
233, 1, 266, 30, -1, 348, 393, 20.8, 26, ABarpppaap, -209, 27310, 21739, 796, , 27310, 25000, 27905, 27905, 0, 
234, 1, 456, 487, -1, 369, 354, 18.1, 23, Dpaap, 216, 26637, 13212, 496, , 26637, 25000, 28058, 27949, 0, 
235, 1, 117, 119, -1, 204, 334, 13.6, 27, ABpraaapaa, 70, 26818, 26496, 988, , 26818, 25000, 27451, 27431, 0, 
236, 1, 275, 390, -1, 144, 201, 11.3, 26, ABalaaaala, 164, 27487, 23529, 856, , 27487, 25000, 27547, 27512, 0, 
237, 1, 358, 174, -1, 276, 314, 25.7, 29, ABarpaapap, 248, 27177, 29025, 1068, , 27177, 25000, 28606, 28636, 0, 
238, 1, 216, 344, -1, 484, 389, 19.9, 29, ABprappapa, 104, 27367, 33059, 1208, , 27367, 25000, 27989, 27951, 0, 
239, 1, 404, 211, -1, 382, 271, 11.9, 25, MSpapapa, 257, 39637, 27270, 688, , 39637, 25000, 31346, 31260, 0, 
240, 1, 161, 236, -1, 300, 254, 21.9, 23, MSaaaappa, 124, 27460, 13620, 496, , 27460, 25000, 27963, 28006, 0, 
241, 1, 203, 221, -1, 224, 320, 26.4, 28, ABarpaapaa, 260, 27543, 27212, 988, , 27543, 25000, 29490, 29473, 0, 
242, 1, 277, 266, -1, 398, 289, 13.8, 29, Earpa, 264, 28759, 31980, 1112, , 28759, 25000, 30066, 29844, 0, 
243, 1, 190, 317, -1, 257, 161, 9.9, 24, ABalppapppa, 233, 28540, 17238, 604, , 28540, 25000, 29346, 29527, 0, 
244, 1, 310, 325, -1, 499, 343, 12.2, 29, Cppaap, 268, 27311, 30370, 1112, , 27311, 25000, 28031, 27994, 0, 
245, 1, 156, 192, -1, 185, 347, 10.9, 26, ABpraaaaap, 250, 28071, 22457, 800, , 28071, 25000, 27207, 27266, 0, 
246, 1, 188, 223, -1, 496, 154, 25.1, 29, ABarppappa, 297, 27036, 32660, 1208, , 27036, 25000, 28053, 28016, 0, 
247, 1, 312, 428, -1, 443, 365, 8.1, 23, ABprppapaap, 204, 27645, 13712, 496, , 27645, 25000, 28391, 28384, 0, 
248, 1, 226, 197, -1, 206, 271, 14.5, 24, ABaraaapaap, 127, 28056, 21547, 768, , 28056, 25000, 27920, 27991, 0, 
249, 1, 235, 392, -1, 198, 216, 9.8, 24, ABalpaaaaaa, 191, 27041, 17739, 656, , 27041, 25000, 28617, 28479, 0, 
250, 1, 470, 460, -1, 470, 188, 5.5, 25, ABplppppapp, 195, 35990, 27640, 768, , 35990, 25000, 34974, 35449, 0, 
251, 1, 179, 65, -1, 237, 210, 14.3, 26, ABalpaaapa, 468, 27946, 23922, 856, , 27946, 25000, 27770, 27817, 0, 
252, 1, 395, 287, -1, 332, 339, 16.3, 25, Dpaaa, 179, 28092, 21462, 764, , 28092, 25000, 28288, 28303, 0, 
253, 1, 271, 15, -1, 316, 374, 15.7, 23, ABprpaappap, 177, 27720, 16410, 592, , 27720, 25000, 28180, 28095, 0, 
254, 1, 234, 132, -1, 477, 247, 12.1, 30, Eprpp, -195, 26474, 35899, 1356, , 26474, 25000, 28990, 29016, 0, 
255, 1, 196, 219, -1, 248, 237, 7.4, 26, ABarapaaap, 253, 31147, 25914, 832, , 31147, 25000, 31667, 31837, 0, 
256, 0, 484, -1, -1, 596, 234, 13.4, 25, , -247, -1940, 22173, 832, , 26650, 25000, 28244, 28590, 0, 
257, 1, 353, 375, -1, 581, 261, 9.3, 25, ABprappppp, 208, 26645, 20357, 764, , 26645, 25000, 27872, 27871, 0, 
258, 1, 288, 28, -1, 387, 360, 14.8, 27, Dppaa, 283, 28738, 24945, 868, , 28738, 25000, 28956, 28925, 0, 
259, 1, 20, 146, -1, 218, 369, 11.3, 25, ABpraaaapad, 198, 27767, 21214, 764, , 27767, 25000, 27354, 27280, 0, 
260, 0, 9, -1, -1, 210, 144, 22.1, 23, , 202, 1572, 14500, 496, , 29234, 25000, 27878, 27662, 0, 
261, 1, 297, 160, -1, 387, 224, 6.0, 24, ABprpappapp, 220, 33863, 20589, 608, , 33863, 25000, 36289, 36455, 0, 
262, 1, 393, 332, 445, 226, 162, 16.4, 27, ABplpaapaa, 441, 27736, 27403, 988, , 27736, 25000, 27119, 27239, 0, 
263, 1, 183, 117, -1, 340, 320, 6.9, 23, ABprpapaapp, 156, 32107, 15925, 496, , 32107, 25000, 31548, 31370, 0, 
264, 1, 380, 296, -1, 543, 231, 5.9, 23, ABprppppppa, -173, 43204, 21429, 496, , 43204, 25000, 38006, 37983, 0, 
265, 1, 105, 267, -1, 331, 296, 18.8, 27, MSpaaappp, 226, 28574, 24802, 868, , 28574, 25000, 28140, 28176, 0, 
266, 0, 409, -1, -1, 316, 182, 15.6, 22, , 177, -734, 16048, 572, , 28056, 25000, 28724, 28790, 0, 
267, 1, 148, 181, -1, 266, 156, 19.0, 24, ABplpaappaa, 184, 28577, 17375, 608, , 28577, 25000, 28242, 28212, 0, 
268, 1, 479, 486, -1, 468, 252, 5.5, 23, ABprppppaap, 205, 38340, 24231, 632, , 38340, 25000, 34059, 33982, 0, 
269, 1, 342, 177, -1, 417, 317, 25.4, 31, Caaaaa, 300, 27842, 37086, 1332, , 27842, 25000, 28954, 28935, 0, 
270, 1, 331, 171, -1, 213, 191, 13.3, 27, MSapaaaa, 43, 28659, 26481, 924, , 28659, 25000, 27947, 27855, 0, 
271, 1, 140, 25, -1, 157, 306, 15.3, 27, ABalappapa, -385, 28019, 25890, 924, , 28019, 25000, 28048, 28327, 0, 
272, 1, 211, 109, -1, 291, 278, 6.8, 23, ABprpapaaaa, 163, 29574, 15970, 540, , 29574, 25000, 32288, 31875, 0, 
273, 1, 139, 102, -1, 152, 339, 19.7, 25, ABpraapaaap, 85, 26075, 19921, 764, , 26075, 25000, 27388, 27431, 0, 
274, 1, 269, 170, -1, 445, 256, 8.3, 23, MSpappap, 234, 28020, 16588, 592, , 28020, 25000, 28797, 28763, 0, 
275, 1, 392, 76, -1, 229, 244, 19.2, 27, ABaraapaapp, 234, 27353, 23742, 868, , 27353, 25000, 28391, 28438, 0, 
276, 1, 313, 389, -1, 549, 305, 14.1, 28, Cpppap, 369, 27167, 29558, 1088, , 27167, 25000, 28523, 28576, 0, 
277, 1, 491, 494, -1, 369, 198, 21.9, 24, Daaap, 386, 29070, 17558, 604, , 29070, 25000, 28602, 28604, 0, 
278, 1, 35, 241, -1, 248, 185, 6.7, 24, ABalpapaaap, 204, 33226, 23391, 704, , 33226, 25000, 35107, 35670, 0, 
279, 1, 302, 434, -1, 232, 327, 14.4, 23, ABpraaappaa, 237, 27598, 17663, 640, , 27598, 25000, 27631, 27766, 0, 
280, 1, 5, 399, -1, 299, 126, 19.0, 27, ABplaappap, 55, 27616, 28500, 1032, , 27616, 25000, 27923, 28035, 0, 
281, 1, 104, 130, -1, 248, 133, 10.7, 27, ABalppaapp, 215, 26619, 24596, 924, , 26619, 25000, 27209, 27195, 0, 
282, 1, 379, 121, -1, 552, 277, 6.1, 24, ABprpppaapp, 187, 34656, 20932, 604, , 34656, 25000, 36233, 36957, 0, 
283, 1, 28, 216, -1, 192, 193, 19.2, 24, ABalppppaav, 346, 27460, 18014, 656, , 27460, 25000, 28156, 28441, 0, 
284, 0, 447, -1, -1, 268, 178, 13.3, 23, , 233, 723, 17439, 592, , 29458, 25000, 28630, 28735, 0, 
285, 1, 368, 442, -1, 246, 127, 17.5, 24, ABplpaapapp, -151, 26798, 20581, 768, , 26798, 25000, 27382, 27396, 0, 
286, 1, 214, 271, -1, 332, 259, 20.2, 24, MSaaaappp, 242, 27213, 17852, 656, , 27213, 25000, 28196, 28230, 0, 
287, 1, 48, 185, -1, 346, 334, 22.0, 27, MSpppppp, 301, 27468, 28347, 1032, , 27468, 25000, 28072, 28063, 0, 
288, 1, 453, 178, -1, 514, 343, 17.4, 32, Cppapa, 307, 28551, 42370, 1484, , 28551, 25000, 28501, 28478, 0, 
289, 1, 423, 302, -1, 429, 298, 5.7, 28, ABprppaapp, 202, 32913, 35019, 1064, , 32913, 25000, 33317, 33590, 0, 
290, 1, 412, 96, -1, 464, 138, 8.0, 23, ABplpppaaap, 214, 27197, 13925, 512, , 27197, 25000, 28935, 28915, 0, 
291, 1, 301, 59, -1, 267, 187, 17.2, 26, MSapapaa, 199, 27643, 22004, 796, , 27643, 25000, 28601, 28590, 0, 
292, 1, 260, 165, -1, 519, 164, 15.4, 29, Cappap, 488, 27638, 31949, 1156, , 27638, 25000, 28511, 28496, 0, 
293, 1, 170, 290, -1, 528, 168, 7.3, 25, ABplapppapp, 125, 29228, 22330, 764, , 29228, 25000, 32130, 32236, 0, 
294, 1, 227, 256, -1, 309, 222, 5.6, 24, ABarapapapp, 200, 37543, 26280, 700, , 37543, 25000, 35488, 35696, 0, 
295, 1, 304, 182, -1, 200, 285, 6.4, 25, ABarapppaaa, 158, 35290, 29361, 832, , 35290, 25000, 34290, 34608, 0, 
296, 1, 15, 101, -1, 292, 299, 19.4, 27, MSpaaappa, 218, 27444, 27115, 988, , 27444, 25000, 28361, 28545, 0, 
297, 1, 10, 378, -1, 462, 397, 14.2, 26, ABprappaaa, 67, 27634, 21997, 796, , 27634, 25000, 27684, 27552, 0, 
298, 1, 263, 189, -1, 315, 365, 24.1, 29, ABarpppaaa, 289, 26691, 32243, 1208, , 26691, 25000, 28804, 28797, 0, 
299, 1, 115, 61, -1, 242, 170, 21.5, 26, ABplaapapap, 205, 27791, 24901, 896, , 27791, 25000, 27897, 27879, 0, 
300, 1, 426, 370, -1, 483, 252, 7.8, 25, ABprpappppa, 232, 28107, 19787, 704, , 28107, 25000, 30174, 29910, 0, 
301, 1, 29, 113, -1, 536, 278, 23.4, 32, Caaapa, -112, 27379, 40631, 1484, , 27379, 25000, 28606, 28484, 0, 
302, 1, 411, 169, -1, 561, 183, 8.8, 25, ABplppppppp, 195, 29537, 20794, 704, , 29537, 25000, 29154, 29382, 0, 
303, 1, 80, 269, -1, 264, 247, 23.7, 28, MSapappp, 286, 27217, 28959, 1064, , 27217, 25000, 28792, 28827, 0, 
304, 1, 112, 228, -1, 433, 152, 8.5, 24, ABplpppaaaa, 123, 28046, 21539, 768, , 28046, 25000, 28154, 28262, 0, 
305, 1, 450, 234, -1, 555, 310, 10.6, 26, ABprapppaa, -328, 27300, 22714, 832, , 27300, 25000, 28268, 28281, 0, 
306, 1, 355, 16, -1, 165, 299, 23.7, 29, ABarpaaapa, 98, 27939, 29839, 1068, , 27939, 25000, 28096, 28188, 0, 
307, 0, 360, -1, -1, 232, 334, 5.8, 26, , 201, 2455, 32847, 796, , 41265, 25000, 38709, 38810, 0, 
308, 1, 459, 172, -1, 241, 222, 17.3, 24, ABalpaapapp, 80, 28364, 19968, 704, , 28364, 25000, 28150, 28473, 0, 
309, 1, 44, 5, -1, 178, 270, 25.7, 27, ABarpaaaap, 232, 27682, 25578, 924, , 27682, 25000, 28030, 27983, 0, 
310, 1, 318, 388, -1, 447, 301, 26.3, 36, Cpaaap, 365, 28762, 63736, 2216, , 28762, 25000, 28323, 28408, 0, 
311, 1, 206, 68, -1, 493, 277, 18.4, 33, Eprap, 294, 27499, 45099, 1640, , 27499, 25000, 28720, 28933, 0, 
312, 1, 43, 183, -1, 187, 317, 20.5, 23, ABarpapaapa, 206, 29127, 18408, 632, , 29127, 25000, 28781, 28938, 0, 
313, 1, 177, 81, -1, 413, 333, 10.2, 26, MSpapppa, 208, 26976, 21473, 796, , 26976, 25000, 29115, 29174, 0, 
314, 1, 478, 297, -1, 269, 228, 14.9, 22, ABalpaaapp, 167, 28138, 13056, 464, , 28138, 25000, 27885, 27894, 0, 
315, 1, 72, 279, -1, 371, 259, 4.7, 26, ABprpappapa, 112, 37769, 32330, 856, , 37769, 25000, 35857, 36061, 0, 
316, 1, 405, 433, -1, 378, 188, 7.2, 23, ABplpapappa, 175, 28863, 15586, 540, , 28863, 25000, 31238, 31548, 0, 
317, 0, 280, -1, -1, 201, 289, 25.3, 24, , 203, 430, 20933, 704, , 29734, 25000, 29073, 29304, 0, 
318, 1, 130, 70, -1, 497, 142, 8.5, 24, ABplpppaapa, 213, 27104, 20816, 768, , 27104, 25000, 28964, 29024, 0, 
319, 1, 386, 449, -1, 427, 367, 17.9, 26, Dppap, 37, 28088, 22470, 800, , 28088, 25000, 28566, 28587, 0, 
320, 1, 371, 244, -1, 302, 178, 25.9, 30, ABplaaappp, 131, 27789, 37682, 1356, , 27789, 25000, 28656, 28743, 0, 
321, 1, 304, 272, -1, 224, 300, 6.3, 24, ABarapppaap, 180, 35091, 24704, 704, , 35091, 25000, 35200, 35001, 0, 
322, 1, 299, 315, -1, 470, 210, 25.0, 31, Dappp, 276, 28195, 44548, 1580, , 28195, 25000, 28564, 28564, 0, 
323, 1, 344, 149, -1, 360, 365, 24.6, 30, ABarpppapa, 102, 27002, 31214, 1156, , 27002, 25000, 28157, 28161, 0, 
324, 1, 436, 304, -1, 303, 370, 9.2, 24, ABprpaapppp, 105, 27419, 17987, 656, , 27419, 25000, 27923, 28164, 0, 
325, 1, 284, 314, -1, 339, 271, 10.5, 24, MSpapaaap, 234, 35314, 27121, 768, , 35314, 25000, 30966, 30920, 0, 
326, 1, 346, 456, -1, 514, 329, 21.3, 29, Cpppaap, 271, 27752, 29639, 1068, , 27752, 25000, 28420, 28477, 0, 
327, 1, 319, 135, -1, 271, 287, 14.1, 23, ABaraapppaa, 212, 27087, 13435, 496, , 27087, 25000, 27649, 27764, 0, 
328, 1, 19, 54, -1, 204, 304, 9.2, 24, ABarappppaa, 156, 26983, 17701, 656, , 26983, 25000, 28175, 28364, 0, 
329, 1, 172, 204, -1, 219, 249, 8.6, 27, ABarapaaaa, 241, 28584, 28241, 988, , 28584, 25000, 29233, 29199, 0, 
330, 1, 27, 24, -1, 314, 195, 22.8, 26, ABplapaaaaa, 219, 30756, 24482, 796, , 30756, 25000, 28338, 28163, 0, 
331, 1, 432, 202, -1, 448, 360, 14.0, 32, Cppaaa, 259, 27370, 46748, 1708, , 27370, 25000, 28369, 28573, 0, 
332, 1, 36, 140, -1, 324, 252, 17.4, 23, MSaaapapp, 192, 27434, 17558, 640, , 27434, 25000, 27917, 27899, 0, 
333, 1, 256, 52, -1, 568, 330, 18.4, 30, ABprapapaa, 391, 27343, 31608, 1156, , 27343, 25000, 27990, 27987, 0, 
334, 1, 165, 283, -1, 526, 146, 13.0, 26, ABplapppaa, 241, 27674, 23578, 852, , 27674, 25000, 28124, 27992, 0, 
335, 1, 89, 45, -1, 248, 277, 26.4, 28, ABplaaaapp, 126, 28243, 27904, 988, , 28243, 25000, 28813, 28965, 0, 
336, 1, 162, 421, -1, 198, 256, 11.3, 27, ABaraaaaap, 261, 26915, 24869, 924, , 26915, 25000, 28414, 28518, 0, 
337, 1, 281, 251, -1, 129, 306, 19.5, 25, ABpraapaaaa, 204, 27061, 20783, 768, , 27061, 25000, 27573, 27579, 0, 
338, 1, 155, 371, -1, 418, 272, 6.4, 25, ABprpapappp, 186, 31939, 26573, 832, , 31939, 25000, 33236, 32893, 0, 
339, 1, 126, 351, -1, 401, 392, 12.5, 30, ABpraapppp, 248, 27308, 33644, 1232, , 27308, 25000, 28035, 28077, 0, 
340, 1, 218, 78, -1, 547, 154, 10.4, 25, ABplappppp, -22, 27287, 22703, 832, , 27287, 25000, 28188, 28196, 0, 
341, 0, 390, -1, -1, 327, 111, 17.8, 24, , 203, -8, 18342, 656, , 27960, 25000, 27964, 27968, 0, 
342, 1, 86, 377, -1, 128, 279, 13.5, 27, ABalaaappl, 232, 26905, 24107, 896, , 26905, 25000, 27254, 27225, 0, 
343, 1, 242, 27, -1, 276, 135, 10.3, 24, ABalppapppp, 204, 27862, 19615, 704, , 27862, 25000, 27612, 27870, 0, 
344, 1, 357, 104, -1, 307, 316, 25.5, 32, ABarpaappa, 284, 28195, 40375, 1432, , 28195, 25000, 29025, 29254, 0, 
345, 1, 146, 430, -1, 434, 167, 18.2, 29, Capaaa, 322, 27715, 30819, 1112, , 27715, 25000, 28559, 28538, 0, 
346, 1, 382, 425, -1, 203, 317, 24.7, 24, ABarpapapa, 200, 27740, 19529, 704, , 27740, 25000, 29854, 29812, 0, 
347, 1, 252, 139, -1, 216, 377, 14.3, 24, ABpraaaappp, 207, 26413, 18595, 704, , 26413, 25000, 27377, 27306, 0, 
348, 1, 157, 19, -1, 404, 167, 8.0, 28, ABplppaapp, 200, 28726, 32403, 1128, , 28726, 25000, 29062, 29017, 0, 
349, 1, 238, 444, -1, 218, 363, 17.9, 23, ABpraapappa, 181, 30915, 15334, 496, , 30915, 25000, 27336, 27666, 0, 
350, 1, 391, 345, -1, 239, 166, 26.1, 31, ABplaaapap, 283, 29191, 43203, 1480, , 29191, 25000, 29444, 29687, 0, 
351, 1, 22, 195, -1, 567, 307, 8.2, 25, ABprappppa, 242, 29700, 20909, 704, , 29700, 25000, 28872, 28936, 0, 
352, 1, 366, 227, -1, 245, 390, 18.8, 29, ABarpappap, 228, 28271, 31437, 1112, , 28271, 25000, 27561, 27552, 0, 
353, 1, 46, 387, -1, 482, 277, 5.4, 25, ABprppppapa, 175, 34873, 29014, 832, , 34873, 25000, 34615, 34264, 0, 
354, 1, 469, 480, -1, 178, 233, 24.0, 22, ABalapapapp, 196, 27604, 10600, 384, , 27604, 25000, 28010, 27710, 0, 
355, 1, 50, 373, -1, 409, 200, 7.4, 23, ABplpapappp, 198, 27369, 17516, 640, , 27369, 25000, 30210, 30443, 0, 
356, 1, 184, 294, -1, 551, 356, 12.7, 26, ABprapapap, 261, 26980, 23095, 856, , 26980, 25000, 27406, 27389, 0, 
357, 1, 354, 212, -1, 263, 187, 26.1, 29, ABplaaappa, 423, 27711, 33475, 1208, , 27711, 25000, 29208, 29287, 0, 
358, 1, 472, 112, -1, 268, 145, 13.1, 24, ABplpaaappa, 229, 27440, 16574, 604, , 27440, 25000, 28618, 28856, 0, 
359, 1, 485, 310, -1, 501, 234, 18.6, 32, Eplap, -299, 27590, 40944, 1484, , 27590, 25000, 28644, 28976, 0, 
360, 1, 230, 141, -1, 360, 248, 11.4, 23, MSpapappa, 233, 32089, 20537, 640, , 32089, 25000, 29956, 29923, 0, 
361, 1, 276, 206, -1, 324, 133, 8.6, 24, ABalpapappa, 149, 29320, 20524, 700, , 29320, 25000, 28696, 28792, 0, 
362, 1, 435, 448, -1, 370, 172, 8.9, 23, ABplpapapap, 203, 27488, 13634, 496, , 27488, 25000, 29175, 29211, 0, 
363, 1, 370, 13, -1, 178, 245, 9.1, 26, ABaraaappa, 273, 27734, 22187, 800, , 27734, 25000, 28713, 28827, 0, 
364, 0, 110, -1, -1, 327, 322, 11.9, 23, , 196, -1899, 13476, 496, , 27169, 25000, 29002, 29068, 0, 
365, 1, 286, 63, -1, 490, 224, 9.3, 25, ABprpappppp, 204, 28327, 21642, 764, , 28327, 25000, 28189, 28164, 0, 
366, 1, 34, 361, -1, 392, 144, 11.1, 27, ABplppappa, 192, 27482, 24954, 908, , 27482, 25000, 28019, 28033, 0, 
367, 1, 147, 200, -1, 312, 344, 10.4, 23, ABprppaaaaa, 162, 29105, 18627, 640, , 29105, 25000, 28277, 28638, 0, 
368, 1, 71, 48, -1, 517, 113, 13.3, 27, ABplapappa, 262, 27675, 25572, 924, , 27675, 25000, 28187, 28130, 0, 
369, 1, 198, 331, -1, 234, 219, 23.7, 26, MSapappa, -46, 27715, 23724, 856, , 27715, 25000, 28226, 28237, 0, 
370, 1, 335, 166, -1, 286, 384, 15.7, 28, ABpraaapppp, 231, 27700, 29473, 1064, , 27700, 25000, 28084, 28255, 0, 
371, 0, 217, -1, -1, 362, 386, 8.7, 23, , 192, 1119, 17759, 592, , 29998, 25000, 28737, 28879, 0, 
372, 1, 418, 322, -1, 295, 174, 13.9, 25, MSapapap, 193, 27372, 18832, 688, , 27372, 25000, 28040, 28100, 0, 
373, 1, 282, 356, -1, 357, 322, 13.3, 27, MSpppaaa, 24, 28527, 26359, 924, , 28527, 25000, 28658, 28712, 0, 
374, 1, 249, 8, -1, 447, 352, 21.7, 30, Dpppp, 306, 27534, 36015, 1308, , 27534, 25000, 28750, 28750, 0, 
375, 1, 31, 414, -1, 479, 191, 10.4, 28, ABplpppppa, 232, 27812, 27478, 988, , 27812, 25000, 28490, 28463, 0, 
376, 1, 150, 205, -1, 249, 301, 7.9, 24, ABarappppap, 208, 28301, 17094, 604, , 28301, 25000, 29359, 29423, 0, 
377, 1, 433, 352, -1, 547, 201, 24.6, 34, Cpaapp, 332, 27853, 49578, 1780, , 27853, 25000, 28483, 28494, 0, 
378, 1, 142, 512, -1, 303, 393, 21.3, 27, ABarpapppp, 242, 27124, 25063, 924, , 27124, 25000, 27759, 27760, 0, 
379, 1, 402, 455, -1, 301, 331, 21.3, 26, MSpppppa, 187, 28384, 24297, 856, , 28384, 25000, 29060, 29101, 0, 
380, 1, 90, 259, -1, 465, 360, 17.9, 26, Cpppaaa, -32, 28255, 22604, 800, , 28255, 25000, 28271, 28231, 0, 
381, 1, 397, 145, -1, 167, 207, 24.8, 24, ABalapapppa, 171, 26927, 17664, 656, , 26927, 25000, 28232, 28238, 0, 
382, 1, 328, 334, -1, 478, 293, 9.9, 24, ABprpppppaa, 196, 27598, 16669, 604, , 27598, 25000, 28597, 28594, 0, 
383, 1, 100, 6, -1, 223, 286, 16.6, 25, ABaraappapa, 204, 27261, 22681, 832, , 27261, 25000, 28311, 28342, 0, 
384, 1, 273, 422, -1, 516, 191, 23.0, 27, Cappaap, 263, 28027, 28924, 1032, , 28027, 25000, 28174, 28153, 0, 
385, 1, 25, 426, -1, 211, 171, 8.5, 23, ABalppapaaa, 195, 27908, 17638, 632, , 27908, 25000, 28663, 28978, 0, 
386, 1, 77, 193, 402, 555, 287, 18.5, 32, Cppppa, 322, 27633, 39570, 1432, , 27633, 25000, 28274, 28288, 0, 
387, 1, 403, 435, -1, 341, 344, 5.3, 24, ABprpaaaapa, -131, 37966, 26728, 704, , 37966, 25000, 37493, 37620, 0, 
388, 1, 239, 217, -1, 258, 164, 7.2, 24, ABalppapapa, -248, 29343, 19249, 656, , 29343, 25000, 32881, 33220, 0, 
389, 0, 306, -1, -1, 303, 303, 9.6, 23, , 166, -1435, 17550, 640, , 27422, 25000, 28732, 28857, 0, 
390, 1, 446, 213, -1, 155, 311, 12.7, 25, ABalaappppa, 214, 27618, 21100, 764, , 27618, 25000, 27434, 27517, 0, 
391, 1, 101, 355, -1, 287, 338, 7.5, 25, ABprpaaappa, 241, 28665, 22015, 768, , 28665, 25000, 29483, 29660, 0, 
392, 0, 425, -1, -1, 295, 281, 15.6, 23, , 213, -398, 17841, 640, , 27877, 25000, 27909, 28275, 0, 
393, 1, 285, 151, -1, 427, 163, 12.9, 26, MSaapppp, 262, 27740, 22192, 800, , 27740, 25000, 28495, 28556, 0, 
394, 1, 327, 64, -1, 441, 232, 5.6, 25, ABplpappppa, 199, 35547, 29575, 832, , 35547, 25000, 34019, 33736, 0, 
395, 1, 164, 396, -1, 306, 163, 21.4, 25, ABplpaappap, 203, 27565, 22934, 832, , 27565, 25000, 28558, 28527, 0, 
396, 1, 377, 489, -1, 166, 169, 20.4, 26, ABalppppapa, 206, 28356, 23592, 832, , 28356, 25000, 27973, 28075, 0, 
397, 1, 417, 450, -1, 354, 258, 25.4, 30, ABarppaapa, 281, 30213, 34926, 1156, , 30213, 25000, 29137, 29126, 0, 
398, 1, 308, 318, -1, 512, 305, 10.0, 29, Cppapp, 93, 27409, 33658, 1228, , 27409, 25000, 29021, 29070, 0, 
399, 1, 293, 381, -1, 517, 260, 5.3, 24, ABprpppapaa, 193, 41447, 29179, 704, , 41447, 25000, 37936, 37973, 0, 
400, 1, 65, 365, -1, 361, 219, 9.1, 24, MSaappaa, 206, 28596, 17272, 604, , 28596, 25000, 29319, 29421, 0, 
401, 1, 419, 476, -1, 133, 266, 16.0, 22, ABalapppaaa, 41, 29323, 11260, 384, , 29323, 25000, 27748, 27772, 0, 
402, 1, 338, 441, -1, 258, 336, 5.4, 25, ABalaapapp, 227, 37952, 31576, 832, , 37952, 25000, 40252, 40353, 0, 
403, 1, 451, 258, -1, 370, 176, 25.4, 28, ABarppapaa, 283, 28794, 28448, 988, , 28794, 25000, 28924, 28954, 0, 
404, 1, 53, 50, -1, 167, 240, 26.4, 30, ABplaaaaaa, 299, 29300, 33871, 1156, , 29300, 25000, 29310, 29543, 0, 
405, 1, 121, 67, -1, 172, 274, 17.0, 24, ABaraappaaa, 106, 27275, 16583, 608, , 27275, 25000, 27768, 27770, 0, 
406, 1, 189, 393, -1, 489, 239, 4.8, 25, ABprppppapp, -133, 36070, 25393, 704, , 36070, 25000, 36162, 35920, 0, 
407, 1, 294, 73, -1, 255, 342, 21.3, 26, MSppappp, 251, 28195, 24135, 856, , 28195, 25000, 28376, 28382, 0, 
408, 1, 324, 131, -1, 290, 322, 11.3, 24, MSppapap, 222, 27338, 19246, 704, , 27338, 25000, 27901, 27823, 0, 
409, 1, 102, 218, -1, 236, 317, 11.3, 24, ABprpaapaaa, 34, 27267, 19196, 704, , 27267, 25000, 27762, 27853, 0, 
410, 1, 317, 153, -1, 194, 310, 15.4, 26, MSppaaap, -91, 27400, 22797, 832, , 27400, 25000, 27766, 27888, 0, 
411, 1, 153, 270, -1, 526, 184, 10.5, 27, Capppp, 163, 27119, 24299, 896, , 27119, 25000, 28444, 28474, 0, 
412, 1, 452, 136, -1, 275, 281, 4.8, 23, ABarapppapp, -320, 36613, 19771, 540, , 36613, 25000, 36130, 36174, 0, 
413, 1, 178, 82, -1, 267, 246, 8.9, 24, ABarapapaap, 202, 28260, 17069, 604, , 28260, 25000, 28679, 28705, 0, 
414, 1, 410, 1, -1, 194, 365, 15.0, 24, ABpraaapapp, 69, 27961, 17000, 608, , 27961, 25000, 27873, 28166, 0, 
415, 1, 149, 327, -1, 295, 168, 17.5, 23, MSapppaa, 215, 28704, 18141, 632, , 28704, 25000, 28030, 28006, 0, 
416, 1, 336, 148, -1, 509, 215, 16.1, 34, Eplpa, 328, 27607, 54551, 1976, , 27607, 25000, 29744, 29954, 0, 
417, 1, 176, 311, -1, 358, 358, 12.4, 24, Dpapa, 18, 27257, 19080, 700, , 27257, 25000, 28782, 28790, 0, 
418, 1, 407, 419, -1, 132, 321, 14.6, 25, ABalappappa, 220, 26339, 21914, 832, , 26339, 25000, 27346, 27180, 0, 
419, 1, 241, 147, -1, 376, 229, 24.1, 29, MSappppp, 292, 28782, 34769, 1208, , 28782, 25000, 28707, 28639, 0, 
420, 1, 268, 473, -1, 208, 237, 25.6, 25, ABplaaaaapp, 113, 28609, 23803, 832, , 28609, 25000, 28334, 28330, 0, 
421, 1, 208, 483, -1, 523, 366, 20.0, 28, ABarpppppa, 85, 28720, 32396, 1128, , 28720, 25000, 28025, 28085, 0, 
422, 1, 240, 343, -1, 313, 349, 13.3, 26, MSppppaa, -73, 27786, 23785, 856, , 27786, 25000, 28469, 28460, 0, 
423, 1, 398, 264, -1, 468, 159, 15.4, 29, Capaap, 68, 27969, 32332, 1156, , 27969, 25000, 28106, 28107, 0, 
424, 1, 272, 439, -1, 463, 169, 21.5, 26, Cappaaa, 240, 29441, 26379, 896, , 29441, 25000, 28324, 28359, 0, 
425, 1, 123, 207, -1, 316, 203, 7.7, 28, ABalpappapp, -46, 29586, 31480, 1064, , 29586, 25000, 30984, 30939, 0, 
426, 1, 429, 319, -1, 505, 269, 15.7, 33, Eprpa, 330, 28414, 49326, 1736, , 28414, 25000, 29182, 29346, 0, 
427, 1, 125, 416, -1, 273, 191, 21.7, 25, ABalppppppa, 243, 28924, 22098, 764, , 28924, 25000, 27872, 27852, 0, 
428, 1, 84, 364, -1, 536, 198, 6.2, 23, ABplppppppa, 191, 36041, 19462, 540, , 36041, 25000, 36509, 36601, 0, 
429, 1, 341, 411, -1, 500, 302, 5.1, 23, ABprpppaaap, 181, 39214, 19450, 496, , 39214, 25000, 38624, 39129, 0, 
430, 1, 422, 277, -1, 311, 198, 19.6, 24, Daaaa, 271, 28409, 19886, 700, , 28409, 25000, 27938, 27912, 0, 
431, 1, 224, 443, -1, 292, 316, 4.9, 24, ABarapppppp, 112, 38510, 23260, 604, , 38510, 25000, 36555, 36864, 0, 
432, 0, 483, -1, -1, 370, 302, 15.9, 23, , 172, 460, 14725, 496, , 29688, 25000, 29536, 29228, 0, 
433, 1, 476, 386, -1, 340, 224, 20.2, 29, MSaaappp, 290, 27416, 30487, 1112, , 27416, 25000, 28468, 28523, 0, 
434, 1, 219, 7, -1, 535, 122, 17.2, 26, ABarppappp, 259, 27299, 21730, 796, , 27299, 25000, 27193, 27098, 0, 
435, 1, 434, 118, -1, 347, 170, 15.0, 24, MSappapp, 282, 27000, 16416, 608, , 27000, 25000, 28127, 28236, 0, 
436, 1, 160, 105, -1, 302, 250, 9.0, 24, ABarapapppa, 569, 28322, 17220, 608, , 28322, 25000, 28382, 28436, 0, 
437, 1, 78, 466, -1, 196, 166, 20.4, 24, ABalppppaad, 222, 27396, 19177, 700, , 27396, 25000, 28412, 28783, 0, 
438, 1, 369, 329, -1, 366, 188, 16.8, 27, MSappaaa, 332, 27719, 24060, 868, , 27719, 25000, 28962, 29043, 0, 
439, 1, 305, 420, -1, 349, 214, 12.6, 24, MSaapappa, 210, 32760, 22932, 700, , 32760, 25000, 30718, 30396, 0, 
440, 1, 467, 446, -1, 167, 211, 21.5, 23, ABalapappap, 4, 27331, 17273, 632, , 27331, 25000, 28898, 28917, 0, 
441, 1, 471, 347, -1, 148, 179, 21.4, 24, ABalapaaapp, 212, 27156, 19009, 700, , 27156, 25000, 27631, 27655, 0, 
442, 1, 207, 369, -1, 287, 221, 22.0, 24, MSapppap, 192, 28329, 17224, 608, , 28329, 25000, 27762, 27867, 0, 
443, 1, 147, 35, -1, 346, 345, 9.1, 23, ABprppaaaap, 123, 26387, 13088, 496, , 26387, 25000, 27959, 28029, 0, 
444, 0, 428, -1, -1, 522, 242, 6.7, 24, , 198, -412, 23758, 704, , 33747, 25000, 34709, 34159, 0, 
445, 1, 424, 458, -1, 247, 254, 10.5, 23, ABarapapaaa, 176, 28492, 18007, 632, , 28492, 25000, 28150, 28098, 0, 
446, 1, 60, 468, -1, 430, 285, 19.7, 33, Epraa, 329, 28146, 48861, 1736, , 28146, 25000, 28433, 28472, 0, 
447, 0, 437, -1, -1, 175, 334, 8.9, 23, , 188, 695, 13896, 496, , 28016, 25000, 27310, 27321, 0, 
448, 1, 215, 412, -1, 261, 380, 9.9, 22, ABprpaapapp, 179, 27627, 12819, 464, , 27627, 25000, 27579, 27223, 0, 
449, 1, 487, 162, -1, 257, 353, 14.6, 23, ABpraaappap, 200, 27364, 17513, 640, , 27364, 25000, 27794, 27913, 0, 
450, 0, 171, -1, -1, 233, 283, 19.3, 25, , 208, 91, 21635, 764, , 28318, 25000, 28118, 28227, 0, 
451, 1, 204, 440, -1, 454, 324, 9.8, 26, MSpapppp, 50, 27618, 21984, 796, , 27618, 25000, 28295, 28302, 0, 
452, 1, 385, 379, -1, 218, 186, 18.1, 24, ABalpppppaa, 242, 27526, 16626, 604, , 27526, 25000, 28085, 28155, 0, 
453, 0, 475, -1, -1, 371, 124, 19.1, 22, , 94, 245, 13384, 464, , 28845, 25000, 28477, 28600, 0, 
454, 1, 408, 246, -1, 491, 323, 24.5, 31, Caaaap, 315, 28201, 34744, 1232, , 28201, 25000, 28114, 28092, 0, 
455, 1, 486, 498, -1, 185, 169, 12.3, 22, ABalppaaap, 199, 27613, 14469, 524, , 27613, 25000, 27899, 27784, 0, 
456, 1, 32, 231, -1, 254, 347, 25.2, 29, ABarpapapp, 256, 28781, 32004, 1112, , 28781, 25000, 28503, 28552, 0, 
457, 1, 270, 477, -1, 288, 245, 7.4, 24, ABarapapapa, 235, 28967, 20277, 700, , 28967, 25000, 30900, 31386, 0, 
458, 1, 381, 324, -1, 516, 217, 6.9, 22, ABprpppapap, 171, 31871, 14788, 464, , 31871, 25000, 32215, 32109, 0, 
459, 1, 389, 103, -1, 386, 286, 24.7, 32, Cpaaaa, 313, 28529, 45190, 1584, , 28529, 25000, 28872, 28905, 0, 
460, 1, 372, 413, -1, 403, 233, 14.7, 32, Ealpa, 321, 29743, 47113, 1584, , 29743, 25000, 29774, 29499, 0, 
461, 1, 430, 252, -1, 416, 162, 25.4, 29, ABarppapap, 289, 27982, 32347, 1156, , 27982, 25000, 28176, 28189, 0, 
462, 1, 427, 461, -1, 478, 210, 7.1, 24, ABplpappppp, 187, 30131, 18199, 604, , 30131, 25000, 30861, 30677, 0, 
463, 1, 12, 173, -1, 191, 367, 12.4, 24, ABpraaaappa, 217, 26320, 18424, 700, , 26320, 25000, 27579, 27174, 0, 
464, 1, 364, 137, -1, 297, 197, 4.5, 25, ABprpappaaa, 60, 37556, 28843, 768, , 37556, 25000, 39165, 39000, 0, 
465, 1, 113, 66, -1, 430, 256, 5.4, 23, ABplpapppap, 175, 36966, 23658, 640, , 36966, 25000, 33863, 33585, 0, 
466, 1, 231, 152, -1, 396, 250, 11.0, 24, MSpapappp, 213, 32993, 20060, 608, , 32993, 25000, 30521, 30118, 0, 
467, 1, 145, 376, -1, 340, 164, 18.4, 25, Daapa, 225, 27889, 23204, 832, , 27889, 25000, 28236, 28263, 0, 
468, 1, 466, 478, -1, 222, 225, 15.7, 24, ABalpaapapa, 200, 27232, 19171, 704, , 27232, 25000, 27660, 27919, 0, 
469, 1, 401, 409, -1, 450, 198, 7.6, 25, ABplppppaap, 191, 29575, 24606, 832, , 29575, 25000, 30274, 30407, 0, 
470, 1, 442, 469, -1, 247, 172, 23.6, 29, ABplaapappp, 77, 28362, 32787, 1156, , 28362, 25000, 28199, 28267, 0, 
471, 1, 387, 492, -1, 330, 240, 23.4, 25, MSappppa, 255, 27809, 23137, 832, , 27809, 25000, 28536, 28550, 0, 
472, 0, 406, -1, -1, 365, 205, 6.4, 22, , -72, -2147, 18387, 572, , 32145, 25000, 34092, 34292, 0, 
473, 1, 258, 429, -1, 251, 290, 14.8, 23, ABaraaapapp, 127, 26944, 14550, 540, , 26944, 25000, 27942, 28278, 0, 
474, 1, 374, 14, -1, 288, 143, 14.6, 25, ABplpaaappp, 194, 28742, 23913, 832, , 28742, 25000, 28305, 28599, 0, 
475, 1, 375, 342, -1, 284, 172, 5.9, 23, ABalpapapaa, 80, 44877, 22259, 496, , 44877, 25000, 39485, 39344, 0, 
476, 1, 367, 280, -1, 369, 279, 14.9, 22, MSpapaapp, 304, 31334, 14539, 464, , 31334, 25000, 31130, 31215, 0, 
477, 1, 23, 499, -1, 335, 220, 15.7, 23, MSaapaapa, 114, 30981, 18341, 592, , 30981, 25000, 30007, 30095, 0, 
478, 1, 349, 126, -1, 274, 206, 9.3, 27, ABalpappppa, 118, 27950, 25826, 924, , 27950, 25000, 28207, 28190, 0, 
479, 1, 326, 265, -1, 224, 339, 10.4, 24, ABpraaaapav, 73, 27123, 18986, 700, , 27123, 25000, 28006, 28046, 0, 
480, 1, 443, 482, -1, 205, 137, 15.5, 25, ABalpppapav, 176, 27195, 20886, 768, , 27195, 25000, 27487, 27451, 0, 
481, 1, 254, 226, -1, 505, 160, 11.0, 23, ABplapppapa, 128, 28045, 14359, 512, , 28045, 25000, 28867, 29048, 0, 
482, 0, 460, -1, -1, 330, 188, 7.8, 22, , 44, 1915, 15935, 496, , 32127, 25000, 29952, 30212, 0, 
483, 1, 225, 417, -1, 577, 190, 9.9, 27, Caappv, 267, 27119, 24624, 908, , 27119, 25000, 28651, 28479, 0, 
484, 1, 462, 88, -1, 386, 220, 12.2, 24, MSaapappp, 166, 34040, 22330, 656, , 34040, 25000, 30473, 30265, 0, 
485, 0, 315, -1, -1, 346, 380, 10.3, 23, , 138, 678, 17065, 592, , 28826, 25000, 28131, 28148, 0, 
486, 1, 185, 133, -1, 274, 244, 4.7, 26, ABarappaap, 144, 37945, 32481, 856, , 37945, 25000, 35157, 35033, 0, 
487, 1, 455, 488, -1, 190, 189, 8.5, 23, ABalpaapppp, -30, 29203, 18456, 632, , 29203, 25000, 28295, 28252, 0, 
488, 1, 92, 497, -1, 296, 251, 19.4, 22, MSaaapapa, 227, 26626, 15230, 572, , 26626, 25000, 27904, 28002, 0, 
489, 1, 26, 471, -1, 185, 316, 7.3, 24, ABalaappap, -136, 29273, 20608, 704, , 29273, 25000, 30830, 30888, 0, 
490, 0, 316, -1, -1, 408, 319, 9.4, 22, , 54, 0, 0, 0, , 0, 0, 0, 0, 0, 
491, 1, 461, 504, -1, 328, 119, 19.5, 23, ABplaapppa, 117, 28644, 18103, 632, , 28644, 25000, 28069, 28116, 0, 
492, 1, 425, 491, -1, 294, 283, 14.0, 23, ABaraapppap, 156, 26438, 13536, 512, , 26438, 25000, 28350, 28461, 0, 
493, 1, 340, 316, -1, 126, 284, 19.0, 22, ABalapppaap, -4, 27219, 10452, 384, , 27219, 25000, 26964, 27108, 0, 
494, 1, 197, 97, -1, 199, 213, 20.0, 23, MSapaaap, 78, 27357, 14007, 512, , 27357, 25000, 28418, 28648, 0, 
495, 1, 420, 472, -1, 209, 346, 21.4, 23, ABarpapaapp, 133, 27238, 17432, 640, , 27238, 25000, 28105, 28250, 0, 
496, 1, 303, 485, -1, 278, 367, 9.3, 22, ABprpaapppa, -113, 29555, 15487, 524, , 29555, 25000, 27488, 27754, 0, 
497, 0, 458, -1, -1, 510, 199, 7.3, 20, , 151, -479, 10761, 368, , 29242, 25000, 31505, 29721, 0, 
498, 1, 488, 349, -1, 179, 326, 17.8, 22, ABalappppap, 425, 29399, 14582, 496, , 29399, 25000, 28568, 28573, 0, 
499, 1, 490, 493, -1, 361, 224, 16.9, 23, MSaapaapp, 235, 35768, 17741, 496, , 35768, 25000, 30608, 30122, 0, 
500, 1, 489, 348, -1, 314, 271, 10.9, 21, MSpapaaaa, 553, 34730, 12086, 348, , 34730, 25000, 31113, 30414, 0, 
501, 1, 492, 500, -1, 133, 247, 20.4, 22, ABalappaap, 480, 26483, 15148, 572, , 26483, 25000, 27914, 27939, 0, 
502, 1, 493, 505, -1, 355, 330, 11.0, 23, MSpppapp, 111, 27533, 14097, 512, , 27533, 25000, 28089, 28381, 0, 
503, 1, 494, 308, -1, 301, 291, 17.0, 22, MSpaapapa, 150, 26445, 10155, 384, , 26445, 25000, 27962, 27980, 0, 
504, 1, 495, 506, -1, 381, 129, 22.0, 24, ABplaapppp, 836, 28561, 17365, 608, , 28561, 25000, 28020, 28038, 0, 
505, 1, 496, 507, -1, 223, 244, 21.0, 24, MSaaapaaa, 218, 27992, 17019, 608, , 27992, 25000, 28260, 28457, 0, 
506, 1, 497, 508, -1, 230, 283, 14.0, 21, ABaraaapapa, 120, 27904, 10715, 384, , 27904, 25000, 27614, 27580, 0, 
507, 1, 498, 509, -1, 226, 308, 18.0, 24, MSpaaaapa, -97, 27579, 16768, 608, , 27579, 25000, 27957, 27909, 0, 
508, 1, 499, 510, -1, 585, 218, 13.0, 26, Caappd, 216, 26745, 22787, 852, , 26745, 25000, 27711, 28037, 0, 
509, 1, 500, 474, -1, 352, 390, 12.0, 24, ABpraapppa, 238, 27905, 16966, 608, , 27905, 25000, 28262, 28483, 0, 
510, 1, 406, 511, -1, 352, 207, 6.0, 23, ABplpappaap, 179, 36693, 18787, 512, , 36693, 25000, 34594, 34465, 0, 
511, 1, 501, 513, -1, 158, 222, 20.0, 22, ABalapappaa, 642, 27422, 10530, 384, , 27422, 25000, 28206, 27949, 0, 
512, 1, 502, 514, -1, 157, 296, 19.0, 23, ABalapppapa, 187, 28520, 14602, 512, , 28520, 25000, 28425, 28643, 0, 
513, 1, 503, 515, -1, 172, 351, 20.0, 22, ABalapppppa, 0, 27430, 10533, 384, , 27430, 25000, 27961, 27872, 0, 
514, 1, 504, 516, -1, 168, 313, 22.0, 22, ABalapppapp, -244, 27031, 10380, 384, , 27031, 25000, 27941, 27766, 0, 
515, 1, 505, 517, -1, 163, 351, 16.5, 24, ABalappappp, 0, 27904, 21430, 768, , 27904, 25000, 27145, 27111, 0, 
516, 1, 506, 518, -1, 154, 303, 17.0, 23, ABalappppaa, 187, 26943, 13795, 512, , 26943, 25000, 28355, 28547, 0, 
517, 1, 508, 519, -1, 146, 261, 24.0, 22, ABalapapapa, -370, 27190, 10441, 384, , 27190, 25000, 28155, 28305, 0, 
