1, 1, 414, 193, -1, 198, 366, 15.3, 24, ABpraaapapp, 229, 26685, 18786, 704, , 26685, 25000, 27817, 28006, 0, 
2, 1, 79, 268, -1, 428, 398, 13.8, 25, ABprapaapp, -104, 27365, 19265, 704, , 27365, 25000, 27720, 27685, 0, 
3, 1, 186, 161, -1, 307, 216, 25.6, 27, ABplapaaaap, 258, 26946, 26623, 988, , 26946, 25000, 28334, 28341, 0, 
4, 1, 7, 323, -1, 554, 255, 11.5, 28, Cppppp, 270, 27969, 30207, 1080, , 27969, 25000, 27770, 27709, 0, 
5, 1, 309, 128, -1, 175, 273, 25.9, 28, ABarpaaaap, 250, 29019, 31573, 1088, , 29019, 25000, 28556, 28600, 0, 
6, 1, 383, 96, -1, 223, 288, 16.3, 26, ABaraappapa, 206, 27720, 23728, 856, , 27720, 25000, 28385, 28662, 0, 
7, 1, 434, 324, -1, 537, 122, 17.2, 26, ABarppappp, 281, 26344, 20970, 796, , 26344, 25000, 27989, 28039, 0, 
8, 1, 374, 327, -1, 447, 354, 21.7, 30, Dpppp, 299, 27999, 36623, 1308, , 27999, 25000, 28540, 28540, 0, 
9, 1, 125, 406, -1, 458, 272, 6.2, 24, ABprppppaaa, 174, 33195, 21776, 656, , 33195, 25000, 33090, 33045, 0, 
10, 1, 46, 165, -1, 195, 171, 16.4, 26, ABalapaapa, 162, 27002, 22466, 832, , 27002, 25000, 27545, 27747, 0, 
11, 1, 230, 251, -1, 426, 332, 6.5, 27, ABprppappa, 269, 31097, 27863, 896, , 31097, 25000, 33072, 32907, 0, 
12, 1, 21, 350, -1, 135, 279, 22.5, 29, ABarpaaaaa, 53, 27667, 29880, 1080, , 27667, 25000, 27793, 27889, 0, 
13, 1, 363, 301, -1, 178, 247, 9.3, 27, ABaraaappa, 270, 28342, 26188, 924, , 28342, 25000, 28862, 28943, 0, 
14, 1, 474, 20, -1, 287, 143, 14.4, 27, ABplpaaappp, 214, 27313, 26985, 988, , 27313, 25000, 28279, 27995, 0, 
15, 1, 253, 359, -1, 319, 375, 15.6, 24, ABprpaappap, 194, 28434, 19904, 700, , 28434, 25000, 28112, 28103, 0, 
16, 1, 306, 277, -1, 167, 298, 23.4, 30, ABarpaaapa, 217, 27793, 32129, 1156, , 27793, 25000, 29110, 29217, 0, 
17, 1, 229, 17, -1, 228, 321, 8.9, 24, ABprpaaaaaa, 105, 29808, 18004, 604, , 29808, 25000, 28757, 28721, 0, 
18, 1, 141, 377, -1, 440, 293, 10.2, 32, Z2, 317, 27136, 43635, 1608, , 27136, 25000, 28549, 28508, 0, 
19, 1, 348, 211, 288, 406, 171, 7.7, 27, ABplppaapp, -112, 27969, 25843, 924, , 27969, 25000, 29541, 29651, 0, 
20, 1, 50, 90, -1, 501, 115, 17.3, 26, ABplapapap, 180, 27689, 23702, 856, , 27689, 25000, 27841, 27760, 0, 
21, 1, 104, 412, -1, 436, 225, 11.2, 30, Z3, 304, 26870, 35468, 1320, , 26870, 25000, 28600, 28583, 0, 
22, 1, 48, 106, -1, 292, 344, 9.5, 25, ABprpaaappp, 116, 28823, 22136, 768, , 28823, 25000, 28269, 28253, 0, 
23, 0, 153, -1, -1, 214, 144, 11.0, 24, , 190, 579, 16868, 608, , 27743, 25000, 27190, 27164, 0, 
24, 1, 330, 375, -1, 318, 194, 23.3, 26, ABplapaaaaa, 19, 27827, 23820, 856, , 27827, 25000, 28230, 28208, 0, 
25, 1, 271, 7, -1, 156, 308, 15.4, 28, ABalappapa, 229, 28377, 28036, 988, , 28377, 25000, 27790, 28039, 0, 
26, 1, 136, 112, -1, 206, 241, 18.3, 26, ABaraapaapa, 202, 27820, 23814, 856, , 27820, 25000, 27885, 28240, 0, 
27, 1, 343, 272, -1, 277, 140, 10.1, 24, ABalppapppp, 225, 27742, 16756, 604, , 27742, 25000, 28300, 28363, 0, 
28, 1, 258, 373, -1, 387, 358, 14.7, 26, Dppaa, 219, 28888, 24728, 856, , 28888, 25000, 28530, 28530, 0, 
29, 1, 2, 340, -1, 146, 250, 10.7, 27, ABalaaaarr, 257, 27403, 25320, 924, , 27403, 25000, 27721, 27699, 0, 
30, 1, 233, 419, -1, 347, 394, 20.8, 27, ABarpppaap, 277, 28357, 24614, 868, , 28357, 25000, 28348, 28436, 0, 
31, 1, 149, 490, -1, 289, 342, 18.5, 25, MSppppap, 195, 27995, 21500, 768, , 27995, 25000, 28251, 28143, 0, 
32, 1, 52, 364, -1, 219, 338, 18.6, 25, MSppappa, 257, 26952, 22424, 832, , 26952, 25000, 28248, 28379, 0, 
33, 1, 208, 31, -1, 245, 163, 14.5, 23, ABplpaaaaap, -30, 28285, 17876, 632, , 28285, 25000, 28027, 28039, 0, 
34, 1, 105, 298, -1, 583, 325, 14.1, 28, ABarpppppp, 276, 27511, 29932, 1088, , 27511, 25000, 28261, 28306, 0, 
35, 1, 443, 320, -1, 348, 353, 8.5, 23, ABprppaaaap, 201, 27968, 17676, 632, , 27968, 25000, 28396, 28394, 0, 
36, 1, 165, 275, -1, 286, 393, 18.8, 31, ABarpapppa, 290, 28452, 41654, 1464, , 28452, 25000, 27615, 27761, 0, 
37, 1, 169, 218, -1, 408, 122, 19.8, 30, ABplapaapp, 150, 27952, 36896, 1320, , 27952, 25000, 27403, 27438, 0, 
38, 1, 116, 66, -1, 362, 320, 4.9, 23, ABarappappa, 198, 36030, 17871, 496, , 36030, 25000, 36316, 36361, 0, 
39, 1, 98, 64, -1, 216, 377, 20.7, 26, ABarpappaa, 217, 27512, 23550, 856, , 27512, 25000, 28121, 28317, 0, 
40, 1, 190, 3, -1, 319, 385, 10.6, 28, ABpraappap, 68, 27891, 27556, 988, , 27891, 25000, 27575, 27540, 0, 
41, 1, 4, 222, -1, 424, 182, 22.2, 27, Dapap, 275, 27858, 24181, 868, , 27858, 25000, 27685, 27681, 0, 
42, 1, 69, 247, -1, 255, 354, 8.0, 27, ABprpaaapa, -6, 27647, 28532, 1032, , 27647, 25000, 29383, 29381, 0, 
43, 1, 188, 154, 296, 136, 223, 22.6, 30, ABplaapaaa, -48, 27253, 31505, 1156, , 27253, 25000, 28146, 28163, 0, 
44, 0, 450, -1, -1, 234, 283, 19.6, 24, , 9, 569, 20246, 700, , 28923, 25000, 28178, 28354, 0, 
45, 1, 335, 213, -1, 247, 278, 26.2, 28, ABplaaaapp, 251, 29361, 30888, 1052, , 29361, 25000, 29388, 29386, 0, 
46, 1, 17, 371, -1, 331, 299, 7.1, 24, ABprpapaaap, 170, 29490, 17812, 604, , 29490, 25000, 31964, 32079, 0, 
47, 1, 134, 115, -1, 304, 221, 14.8, 30, ABaraapapp, 128, 28452, 37557, 1320, , 28452, 25000, 28832, 28825, 0, 
48, 1, 368, 59, -1, 519, 114, 13.4, 27, ABplapappa, 623, 28336, 27996, 988, , 28336, 25000, 27082, 27149, 0, 
49, 1, 115, 58, -1, 366, 144, 9.2, 23, ABalpapappp, 202, 28498, 15389, 540, , 28498, 25000, 28756, 28824, 0, 
50, 1, 404, 163, -1, 172, 240, 26.0, 32, ABplaaaaaa, 288, 27667, 47255, 1708, , 27667, 25000, 28904, 29087, 0, 
51, 1, 220, 151, -1, 500, 194, 5.5, 33, ABplpppapap, 309, 40597, 65930, 1624, , 40597, 25000, 36051, 36515, 0, 
52, 1, 333, 345, -1, 570, 329, 18.5, 29, ABprapapaa, 102, 26721, 28859, 1080, , 26721, 25000, 27578, 27592, 0, 
53, 1, 211, 263, -1, 391, 350, 21.1, 33, Dpppa, 259, 27294, 47382, 1736, , 27294, 25000, 28677, 28717, 0, 
54, 1, 328, 266, -1, 205, 305, 9.2, 24, ABarappppaa, -149, 28485, 18686, 656, , 28485, 25000, 27318, 27549, 0, 
55, 1, 32, 53, -1, 453, 119, 20.2, 27, ABplappaap, 138, 28378, 24632, 868, , 28378, 25000, 27184, 27228, 0, 
56, 1, 43, 26, -1, 317, 288, 12.8, 28, ABaraapppp, -141, 29125, 30640, 1052, , 29125, 25000, 29191, 28953, 0, 
57, 1, 5, 55, -1, 236, 274, 11.9, 28, ABarapaapa, 0, 27068, 29450, 1088, , 27068, 25000, 28107, 28260, 0, 
58, 1, 191, 260, -1, 219, 197, 19.9, 24, ABplaapapaa, -62, 26965, 16287, 604, , 26965, 25000, 28158, 28058, 0, 
59, 1, 291, 76, -1, 269, 188, 16.9, 27, MSapapaa, 198, 26994, 24511, 908, , 26994, 25000, 27984, 28029, 0, 
60, 1, 200, 150, -1, 418, 221, 6.6, 24, ABplpapppaa, -1, 31880, 22316, 700, , 31880, 25000, 33036, 33313, 0, 
61, 1, 299, 107, -1, 247, 169, 21.7, 27, ABplaapapap, 258, 28227, 26082, 924, , 28227, 25000, 28391, 28455, 0, 
62, 1, 82, 129, -1, 152, 209, 17.8, 28, ABalapaaaa, 269, 27535, 28967, 1052, , 27535, 25000, 27346, 27419, 0, 
63, 1, 365, 417, -1, 490, 224, 9.3, 25, ABprpappppp, 198, 27656, 21129, 764, , 27656, 25000, 29184, 29191, 0, 
64, 1, 394, 411, -1, 443, 231, 5.6, 25, ABplpappppa, 214, 36457, 30332, 832, , 36457, 25000, 34550, 34619, 0, 
65, 1, 251, 9, -1, 234, 210, 14.4, 26, ABalpaaapa, 181, 27442, 22832, 832, , 27442, 25000, 27616, 27634, 0, 
66, 1, 465, 15, -1, 431, 254, 5.7, 23, ABplpapppap, 218, 33063, 19573, 592, , 33063, 25000, 34972, 35251, 0, 
67, 1, 405, 321, -1, 173, 271, 16.8, 23, ABaraappaaa, 190, 28333, 15300, 540, , 28333, 25000, 28070, 28141, 0, 
68, 1, 311, 23, -1, 493, 275, 18.6, 31, Eprap, 318, 27375, 36463, 1332, , 27375, 25000, 29039, 28923, 0, 
69, 1, 88, 305, -1, 238, 307, 21.1, 29, MSpaaaaa, 63, 28379, 34282, 1208, , 28379, 25000, 28135, 28309, 0, 
70, 1, 318, 402, -1, 500, 142, 8.9, 24, ABplpppaapa, 223, 28258, 17068, 604, , 28258, 25000, 29279, 29143, 0, 
71, 1, 59, 149, -1, 552, 144, 17.2, 24, ABplapapppa, 92, 28835, 18916, 656, , 28835, 25000, 28075, 28290, 0, 
72, 1, 154, 299, -1, 199, 369, 18.2, 27, ABpraapaapp, 230, 26803, 23265, 868, , 26803, 25000, 27996, 28180, 0, 
73, 1, 407, 413, -1, 252, 342, 21.5, 26, MSppappp, 258, 28578, 25606, 896, , 28578, 25000, 28851, 28870, 0, 
74, 1, 183, 496, -1, 148, 242, 13.5, 25, ABaraaaapa, 195, 27047, 20772, 768, , 27047, 25000, 27563, 27805, 0, 
75, 1, 140, 256, -1, 235, 219, 10.6, 23, ABalpaaaaap, 178, 26248, 16799, 640, , 26248, 25000, 28028, 27994, 0, 
76, 1, 275, 34, -1, 233, 240, 19.3, 27, ABaraapaapp, -102, 28249, 26102, 924, , 28249, 25000, 28360, 28396, 0, 
77, 1, 84, 69, -1, 348, 148, 11.7, 27, ABplppaapa, 233, 27646, 25545, 924, , 27646, 25000, 27848, 27882, 0, 
78, 1, 340, 281, -1, 549, 153, 10.1, 25, ABplappppp, 237, 26273, 18076, 688, , 26273, 25000, 27860, 27935, 0, 
79, 1, 101, 485, -1, 273, 322, 13.2, 26, MSppapaa, 327, 27382, 21796, 796, , 27382, 25000, 28583, 28597, 0, 
80, 1, 23, 452, -1, 272, 205, 7.0, 24, ABalpappapa, 229, 30382, 18472, 608, , 30382, 25000, 31357, 31432, 0, 
81, 1, 313, 138, -1, 413, 330, 10.3, 27, MSpapppa, 277, 27784, 25672, 924, , 27784, 25000, 28677, 28669, 0, 
82, 1, 413, 332, -1, 266, 248, 9.4, 24, ABarapapaap, 226, 28806, 20164, 700, , 28806, 25000, 28534, 28431, 0, 
83, 1, 89, 365, -1, 355, 286, 6.3, 23, ABprpapapaa, 199, 31188, 18463, 592, , 31188, 25000, 34522, 34781, 0, 
84, 1, 1, 310, -1, 522, 138, 7.4, 24, ABplpppaapp, 209, 29617, 20732, 700, , 29617, 25000, 32008, 32452, 0, 
85, 1, 91, 51, -1, 219, 191, 23.6, 25, ABplaapappa, 211, 29268, 24351, 832, , 29268, 25000, 28233, 28618, 0, 
86, 1, 179, 203, -1, 548, 278, 8.5, 27, ABprapppap, 272, 27694, 24814, 896, , 27694, 25000, 28518, 28358, 0, 
87, 1, 146, 379, -1, 329, 208, 4.9, 23, ABplpappaaa, 205, 38121, 18908, 496, , 38121, 25000, 37027, 36699, 0, 
88, 1, 484, 146, -1, 385, 217, 12.0, 23, MSaapappp, 234, 28355, 14518, 512, , 28355, 25000, 28938, 28869, 0, 
89, 1, 39, 399, -1, 286, 144, 7.8, 24, ABalppapapp, 207, 30267, 19855, 656, , 30267, 25000, 30954, 31153, 0, 
90, 1, 210, 334, -1, 370, 388, 16.7, 24, ABprapaaapp, 206, 27676, 19484, 704, , 27676, 25000, 28376, 28393, 0, 
91, 1, 174, 253, -1, 552, 340, 9.5, 27, ABprapappa, 235, 27605, 24734, 896, , 27605, 25000, 27684, 27743, 0, 
92, 1, 94, 348, -1, 245, 270, 6.2, 28, ABarappaaa, 92, 32487, 34176, 1052, , 32487, 25000, 33936, 33896, 0, 
93, 1, 177, 169, -1, 183, 142, 18.1, 28, ABalpppaap, -18, 27145, 29534, 1088, , 27145, 25000, 27395, 27280, 0, 
94, 1, 163, 77, -1, 176, 339, 22.3, 31, ABarpapaaa, -470, 27144, 37133, 1368, , 27144, 25000, 27774, 27823, 0, 
95, 1, 24, 274, -1, 583, 222, 11.1, 32, Cpappv, -239, 27248, 42943, 1576, , 27248, 25000, 27552, 27823, 0, 
96, 1, 290, 459, -1, 466, 139, 7.9, 23, ABplpppaaap, 204, 30690, 15222, 496, , 30690, 25000, 28740, 28693, 0, 
97, 1, 494, 507, -1, 196, 219, 19.9, 23, MSapaaap, 206, 27980, 13878, 496, , 27980, 25000, 27823, 28099, 0, 
98, 0, 284, -1, -1, 268, 177, 13.6, 24, , 189, -780, 19602, 700, , 28003, 25000, 28516, 28783, 0, 
99, 1, 93, 376, -1, 457, 333, 14.5, 26, MSpppaap, 214, 27239, 24406, 896, , 27239, 25000, 28839, 29016, 0, 
100, 1, 36, 242, -1, 334, 251, 7.8, 26, ABarapapppp, -99, 27667, 22023, 796, , 27667, 25000, 31158, 31021, 0, 
101, 1, 296, 65, -1, 293, 299, 19.7, 26, MSpaaappa, 223, 27425, 23476, 856, , 27425, 25000, 28317, 28456, 0, 
102, 1, 273, 293, -1, 153, 345, 19.3, 26, ABpraapaaap, 88, 27327, 23392, 856, , 27327, 25000, 27459, 27496, 0, 
103, 1, 459, 56, -1, 388, 280, 24.7, 32, Cpaaaa, 310, 28636, 45359, 1584, , 28636, 25000, 28466, 28540, 0, 
104, 1, 344, 44, -1, 305, 313, 25.6, 36, ABarpaappa, 357, 27906, 58937, 2112, , 27906, 25000, 28568, 28747, 0, 
105, 1, 436, 6, -1, 304, 254, 8.8, 25, ABarapapppa, 235, 29261, 20600, 704, , 29261, 25000, 29240, 29281, 0, 
106, 1, 152, 33, -1, 274, 206, 12.6, 29, ABalpapppa, 111, 27715, 32038, 1156, , 27715, 25000, 28245, 28238, 0, 
107, 0, 51, -1, -1, 165, 250, 21.4, 26, , 110, 1292, 24472, 832, , 29413, 25000, 28070, 28121, 0, 
108, 1, 178, 178, -1, 284, 277, 10.6, 26, ABarapappa, -178, 27868, 23186, 832, , 27868, 25000, 28077, 27926, 0, 
109, 1, 272, 475, -1, 293, 277, 6.6, 23, ABprpapaaaa, 153, 30839, 19737, 640, , 30839, 25000, 33336, 33178, 0, 
110, 1, 142, 338, -1, 413, 365, 7.3, 24, ABprppapaaa, 169, 29798, 20978, 704, , 29798, 25000, 30575, 30636, 0, 
111, 1, 34, 30, -1, 248, 213, 5.3, 28, ABalpapaap, 278, 36419, 38750, 1064, , 36419, 25000, 37295, 38203, 0, 
112, 1, 358, 228, -1, 267, 146, 13.0, 24, ABplpaaappa, 221, 28505, 17331, 608, , 28505, 25000, 27913, 28135, 0, 
113, 1, 301, 89, -1, 537, 279, 23.6, 32, Caaapa, 288, 27861, 41346, 1484, , 27861, 25000, 28230, 28266, 0, 
114, 1, 215, 57, -1, 263, 328, 10.2, 23, ABprpaaaaap, 203, 28400, 15336, 540, , 28400, 25000, 28213, 28068, 0, 
115, 1, 106, 427, -1, 161, 186, 9.8, 28, ABalaaaalp, 245, 27328, 28749, 1052, , 27328, 25000, 27797, 27788, 0, 
116, 1, 9, 160, -1, 196, 218, 23.0, 24, ABplaaaaapa, 213, 27023, 16430, 608, , 27023, 25000, 28397, 28464, 0, 
117, 1, 263, 47, -1, 344, 323, 6.8, 23, ABprpapaapp, 159, 29933, 16164, 540, , 29933, 25000, 32086, 32012, 0, 
118, 1, 435, 486, -1, 345, 171, 14.6, 23, MSappapp, 215, 28069, 17964, 640, , 28069, 25000, 29022, 28999, 0, 
119, 1, 235, 38, -1, 204, 335, 13.6, 28, ABpraaapaa, 184, 27198, 26872, 988, , 27198, 25000, 27923, 28001, 0, 
120, 1, 109, 398, -1, 342, 261, 13.7, 24, MSpapaapa, 229, 32109, 22605, 704, , 32109, 25000, 30039, 30004, 0, 
121, 1, 282, 391, -1, 554, 278, 6.1, 24, ABprpppaapp, 226, 36018, 21755, 604, , 36018, 25000, 35968, 36667, 0, 
122, 1, 44, 43, -1, 376, 246, 18.9, 32, Ealaa, -110, 28704, 45237, 1576, , 28704, 25000, 29024, 28855, 0, 
123, 1, 33, 113, -1, 514, 219, 12.5, 31, Eplpp, 16, 27386, 33740, 1232, , 27386, 25000, 29327, 29416, 0, 
124, 1, 212, 111, -1, 496, 386, 14.4, 27, ABprappaap, 163, 28294, 27954, 988, , 28294, 25000, 27817, 27814, 0, 
125, 1, 6, 27, -1, 533, 143, 21.7, 28, ABplapapaa, 284, 27962, 29752, 1064, , 27962, 25000, 28058, 28058, 0, 
126, 1, 478, 70, -1, 272, 209, 9.2, 25, ABalpappppa, 249, 28869, 20324, 704, , 28869, 25000, 28675, 28544, 0, 
127, 1, 87, 95, -1, 471, 113, 16.8, 27, ABplappapp, 168, 26982, 23420, 868, , 26982, 25000, 28263, 28317, 0, 
128, 1, 16, 54, -1, 455, 158, 25.3, 29, ABplappapa, 264, 28629, 30576, 1068, , 28629, 25000, 27914, 27908, 0, 
129, 1, 100, 139, -1, 343, 372, 17.2, 25, ABprapaaapa, 232, 28358, 19964, 704, , 28358, 25000, 28031, 28036, 0, 
130, 1, 281, 433, -1, 245, 134, 10.9, 26, ABalppaapp, 228, 26124, 20899, 800, , 26124, 25000, 26990, 26880, 0, 
131, 1, 408, 422, -1, 289, 320, 11.2, 24, MSppapap, 212, 29421, 19300, 656, , 29421, 25000, 28885, 28878, 0, 
132, 1, 254, 269, -1, 478, 243, 12.4, 30, Eprpp, 302, 26779, 30956, 1156, , 26779, 25000, 29153, 29163, 0, 
133, 1, 486, 355, -1, 281, 245, 5.5, 30, ABarappaap, 141, 39313, 48434, 1232, , 39313, 25000, 35071, 35851, 0, 
134, 0, 99, -1, -1, 85, 262, 16.0, 27, , 163, 3010, 30872, 1032, , 29915, 25000, 26905, 26905, 0, 
135, 1, 327, 40, -1, 273, 291, 14.2, 24, ABaraapppaa, 204, 28497, 18694, 656, , 28497, 25000, 28641, 28912, 0, 
136, 1, 412, 244, -1, 275, 281, 4.7, 24, ABarapppapp, 201, 35919, 25287, 704, , 35919, 25000, 36086, 35946, 0, 
137, 1, 464, 352, -1, 296, 196, 4.5, 24, ABprpappaaa, 225, 36195, 27798, 768, , 36195, 25000, 38488, 38291, 0, 
138, 1, 195, 363, -1, 246, 350, 12.4, 24, ABprpaapaap, 184, 28687, 20081, 700, , 28687, 25000, 28256, 28285, 0, 
139, 1, 347, 374, -1, 218, 377, 14.0, 24, ABpraaaappp, 210, 26122, 15882, 608, , 26122, 25000, 27287, 27375, 0, 
140, 1, 332, 351, -1, 325, 250, 17.6, 23, MSaaapapp, 78, 29014, 18569, 640, , 29014, 25000, 28771, 28731, 0, 
141, 1, 360, 447, -1, 359, 247, 11.4, 23, MSpapappa, 219, 34661, 22183, 640, , 34661, 25000, 30405, 30360, 0, 
142, 0, 389, -1, -1, 301, 302, 8.8, 24, , 179, 1660, 19887, 656, , 30316, 25000, 28737, 28656, 0, 
143, 1, 128, 5, -1, 202, 285, 18.0, 24, ABaraappaap, 198, 26663, 16211, 608, , 26663, 25000, 27678, 27717, 0, 
144, 1, 107, 223, -1, 460, 166, 6.6, 23, ABplppppapa, 98, 32906, 21060, 640, , 32906, 25000, 33387, 33723, 0, 
145, 1, 381, 267, -1, 166, 209, 24.7, 24, ABalapapppa, 283, 29776, 20962, 704, , 29776, 25000, 29196, 29262, 0, 
146, 1, 259, 172, -1, 222, 371, 10.7, 25, ABpraaaapad, -53, 27804, 21242, 764, , 27804, 25000, 27414, 27430, 0, 
147, 1, 419, 246, -1, 371, 228, 24.2, 29, MSappppp, 256, 27933, 31062, 1112, , 27933, 25000, 28658, 28668, 0, 
148, 1, 416, 449, -1, 517, 221, 16.1, 34, Eplpa, 340, 28377, 56072, 1976, , 28377, 25000, 29096, 29247, 0, 
149, 1, 323, 200, -1, 361, 362, 24.7, 31, ABarpppapa, 274, 28081, 38415, 1368, , 28081, 25000, 28307, 28316, 0, 
150, 1, 3, 104, -1, 313, 161, 6.8, 26, ABalpapapap, 43, 33814, 26916, 796, , 33814, 25000, 36386, 36999, 0, 
151, 1, 393, 143, -1, 428, 164, 12.8, 26, MSaapppp, 233, 27327, 21752, 796, , 27327, 25000, 28669, 28676, 0, 
152, 1, 466, 460, -1, 393, 251, 11.0, 23, MSpapappp, 74, 29990, 15355, 512, , 29990, 25000, 30419, 29855, 0, 
153, 1, 410, 86, -1, 195, 311, 15.7, 25, MSppaaap, -89, 27568, 21062, 764, , 27568, 25000, 27846, 27876, 0, 
154, 0, 364, -1, -1, 326, 319, 11.4, 23, , 197, -1118, 17330, 640, , 27078, 25000, 28112, 28196, 0, 
155, 1, 10, 434, -1, 166, 358, 17.6, 23, ABpraapaapa, 197, 27169, 17388, 640, , 27169, 25000, 27624, 27791, 0, 
156, 1, 83, 381, -1, 401, 290, 17.3, 33, Earap, 318, 27581, 47881, 1736, , 27581, 25000, 28993, 29184, 0, 
157, 1, 168, 181, -1, 237, 356, 15.8, 30, ABpraapapa, 200, 27947, 36890, 1320, , 27947, 25000, 27647, 27830, 0, 
158, 1, 74, 344, -1, 299, 228, 17.7, 28, ABaraapapap, 123, 28114, 29913, 1064, , 28114, 25000, 28601, 29042, 0, 
159, 1, 185, 168, -1, 402, 253, 7.2, 24, ABprpapppap, 233, 28652, 18796, 656, , 28652, 25000, 31805, 31941, 0, 
160, 1, 261, 239, -1, 386, 222, 6.0, 22, ABprpappapp, 218, 31497, 12095, 384, , 31497, 25000, 34904, 34984, 0, 
161, 1, 217, 484, -1, 304, 205, 11.9, 23, MSaapaaaa, 192, 28667, 14219, 496, , 28667, 25000, 28542, 28503, 0, 
162, 1, 449, 306, -1, 261, 350, 14.4, 24, ABpraaappap, 200, 28970, 20279, 700, , 28970, 25000, 27759, 27962, 0, 
163, 1, 61, 145, -1, 258, 274, 17.2, 27, ABaraappapp, 569, 27079, 23505, 868, , 27079, 25000, 28541, 28557, 0, 
164, 1, 120, 201, -1, 194, 144, 14.0, 26, ABalpppaaa, 183, 27374, 23323, 852, , 27374, 25000, 27032, 27020, 0, 
165, 1, 292, 302, -1, 522, 166, 15.6, 30, Cappap, 305, 27118, 31348, 1156, , 27118, 25000, 29050, 29125, 0, 
166, 1, 370, 221, -1, 287, 386, 15.6, 27, ABpraaapppp, 53, 27649, 27317, 988, , 27649, 25000, 28699, 28781, 0, 
167, 1, 22, 99, -1, 152, 186, 23.8, 26, ABplaapaapa, 131, 28067, 22341, 796, , 28067, 25000, 28098, 28015, 0, 
168, 1, 85, 225, -1, 238, 240, 12.0, 24, ABalpappaaa, 343, 27607, 16785, 608, , 27607, 25000, 27791, 27843, 0, 
169, 1, 302, 304, -1, 559, 185, 8.8, 24, ABplppppppp, 212, 27892, 18297, 656, , 27892, 25000, 29159, 29360, 0, 
170, 1, 274, 261, -1, 446, 260, 8.4, 24, MSpappap, 227, 28491, 19944, 700, , 28491, 25000, 28860, 28902, 0, 
171, 1, 270, 483, -1, 213, 192, 12.9, 27, MSapaaaa, 155, 27447, 24922, 908, , 27447, 25000, 27584, 27809, 0, 
172, 1, 308, 153, -1, 243, 221, 17.3, 24, ABalpaapapp, 192, 28044, 19743, 704, , 28044, 25000, 27687, 27733, 0, 
173, 1, 463, 294, -1, 194, 367, 12.6, 23, ABpraaaappa, -93, 26752, 17121, 640, , 26752, 25000, 27700, 27715, 0, 
174, 1, 237, 41, -1, 276, 311, 25.8, 28, ABarpaapap, 236, 27067, 28474, 1052, , 27067, 25000, 28669, 28764, 0, 
175, 1, 13, 130, -1, 406, 130, 13.5, 24, ABplppapaap, 200, 27172, 20868, 768, , 27172, 25000, 27423, 27491, 0, 
176, 1, 65, 284, -1, 211, 350, 8.4, 25, ABpraaaaaa, 305, 27332, 22740, 832, , 27332, 25000, 28150, 28210, 0, 
177, 1, 269, 62, -1, 418, 319, 25.7, 32, Caaaaa, 329, 28502, 45147, 1584, , 28502, 25000, 28343, 28346, 0, 
178, 1, 288, 4, -1, 515, 343, 17.6, 32, Cppapa, 318, 27629, 41002, 1484, , 27629, 25000, 28434, 28471, 0, 
179, 1, 199, 87, -1, 316, 144, 15.3, 24, ABplppaaaaa, 161, 27450, 19325, 704, , 27450, 25000, 27816, 27786, 0, 
180, 1, 171, 179, -1, 199, 228, 13.2, 28, ABaraaaaaa, 214, 27125, 28536, 1052, , 27125, 25000, 28053, 28160, 0, 
181, 1, 267, 429, -1, 272, 159, 18.9, 25, ABplpaappaa, 226, 27773, 19108, 688, , 27773, 25000, 27921, 27896, 0, 
182, 1, 295, 319, -1, 196, 287, 6.4, 24, ABarapppaaa, 146, 31943, 22360, 700, , 31943, 25000, 34826, 35849, 0, 
183, 1, 312, -1, -1, 189, 317, 20.8, 23, ABarpapaapa, 184, 27783, 15003, 540, , 27783, 25000, 27842, 28185, 0, 
184, 0, 139, -1, -1, 135, 269, 18.8, 24, , 200, 689, 18808, 656, , 28671, 25000, 27779, 27982, 0, 
185, 1, 287, 395, -1, 346, 335, 21.8, 27, MSpppppp, 274, 27903, 24220, 868, , 27903, 25000, 28792, 28768, 0, 
186, 1, 70, 353, -1, 388, 218, 9.8, 25, MSaappap, 244, 28822, 20291, 704, , 28822, 25000, 29169, 29174, 0, 
187, 1, 231, 196, -1, 213, 260, 22.6, 26, MSaaaaapp, 259, 26869, 22355, 832, , 26869, 25000, 28543, 28807, 0, 
188, 1, 132, 259, -1, 340, 179, 26.5, 29, ABarppaaap, 290, 29072, 31398, 1080, , 29072, 25000, 29173, 29124, 0, 
189, 1, 298, 493, -1, 318, 370, 24.6, 29, ABarpppaaa, 280, 28016, 32386, 1156, , 28016, 25000, 27834, 27751, 0, 
190, 1, 37, 187, -1, 336, 181, 21.4, 25, ABplapaaapa, 219, 28510, 23720, 832, , 28510, 25000, 29306, 29349, 0, 
191, 1, 148, 140, -1, 206, 191, 26.6, 26, ABplaaapaa, 211, 28370, 23604, 832, , 28370, 25000, 29783, 29688, 0, 
192, 1, 245, 2, -1, 188, 350, 11.0, 26, ABpraaaaap, -23, 27262, 23227, 852, , 27262, 25000, 27447, 27531, 0, 
193, 1, 386, 372, -1, 565, 275, 17.5, 28, Cppppap, 280, 28295, 30559, 1080, , 28295, 25000, 28213, 28225, 0, 
194, 1, 77, 13, -1, 377, 127, 13.9, 24, ABplppapaaa, 296, 27649, 16700, 604, , 27649, 25000, 28279, 28427, 0, 
195, 1, 351, 22, -1, 565, 311, 8.0, 25, ABprappppa, 251, 28704, 21930, 764, , 28704, 25000, 29410, 29521, 0, 
196, 1, 206, 8, -1, 185, 180, 24.5, 28, ABplaapaapp, 256, 28312, 30577, 1080, , 28312, 25000, 28374, 28433, 0, 
197, 1, 248, 290, -1, 202, 271, 14.7, 24, ABaraaapaap, 134, 27901, 19642, 704, , 27901, 25000, 28162, 28255, 0, 
198, 1, 14, 387, -1, 377, 356, 6.4, 24, ABprpaaaapp, 237, 31187, 21831, 700, , 31187, 25000, 35390, 35432, 0, 
199, 1, 216, 162, -1, 309, 145, 11.9, 25, ABplpapaap, 153, 26823, 18454, 688, , 26823, 25000, 28152, 28076, 0, 
200, 1, 367, 431, -1, 314, 342, 10.1, 23, ABprppaaaaa, 201, 27542, 13661, 496, , 27542, 25000, 29002, 28864, 0, 
201, 1, 158, 188, -1, 361, 398, 13.4, 25, ABprapaapa, 523, 26268, 21855, 832, , 26268, 25000, 27287, 27293, 0, 
202, 1, 331, 36, -1, 447, 361, 14.0, 32, Cppaaa, 286, 27597, 47135, 1708, , 27597, 25000, 28967, 29053, 0, 
203, 1, 54, 329, -1, 459, 291, 17.9, 32, Earpp, 315, 28826, 45429, 1576, , 28826, 25000, 28917, 28979, 0, 
204, 1, 329, 155, 278, 220, 249, 8.6, 28, ABarapaaaa, 219, 29718, 29361, 988, , 29718, 25000, 29316, 29319, 0, 
205, 1, 376, 342, -1, 250, 300, 7.8, 24, ABarappppap, -81, 28130, 18453, 656, , 28130, 25000, 29765, 29425, 0, 
206, 1, 361, 207, -1, 332, 138, 8.0, 24, ABalpapappa, 198, 29197, 17752, 608, , 29197, 25000, 29576, 29697, 0, 
207, 1, 425, 487, -1, 316, 199, 7.7, 29, ABalpappapp, 198, 28667, 30616, 1068, , 28667, 25000, 31213, 31458, 0, 
208, 1, 172, 93, -1, 268, 298, 19.8, 26, MSpaaaapp, 222, 28039, 22319, 796, , 28039, 25000, 28223, 28319, 0, 
209, 1, 119, 158, -1, 575, 228, 8.6, 24, ABprppppppp, 201, 26781, 18747, 700, , 26781, 25000, 29213, 29533, 0, 
210, 1, 78, 450, -1, 581, 200, 15.6, 32, Cpapaa, 308, 28398, 42143, 1484, , 28398, 25000, 28955, 29000, 0, 
211, 1, 239, 68, -1, 380, 272, 12.0, 24, MSpapapa, 72, 41516, 25242, 608, , 41516, 25000, 32071, 32204, 0, 
212, 1, 357, 220, -1, 261, 184, 26.2, 28, ABplaaappa, 257, 28472, 29953, 1052, , 28472, 25000, 28638, 28552, 0, 
213, 1, 390, 464, -1, 160, 312, 12.8, 26, ABalaappppa, 260, 26340, 20967, 796, , 26340, 25000, 27691, 27626, 0, 
214, 1, 15, 116, -1, 352, 156, 22.5, 26, ABplapaaapp, 262, 29089, 26064, 896, , 29089, 25000, 28472, 28552, 0, 
215, 0, 35, -1, -1, 164, 163, 12.4, 28, , 228, 1724, 28929, 988, , 29280, 25000, 27684, 27556, 0, 
216, 1, 283, 317, -1, 191, 198, 19.3, 24, ABalppppaav, 46, 27432, 19312, 704, , 27432, 25000, 28286, 28482, 0, 
217, 1, 388, 230, -1, 254, 164, 7.0, 23, ABalppapapa, 190, 33174, 16985, 512, , 33174, 25000, 33135, 33497, 0, 
218, 1, 409, 424, -1, 237, 315, 11.4, 25, ABprpaapaaa, 46, 28405, 23633, 832, , 28405, 25000, 28904, 28900, 0, 
219, 1, 255, 14, -1, 248, 236, 7.4, 27, ABarapaaap, 212, 31020, 30648, 988, , 31020, 25000, 31518, 31473, 0, 
220, 1, 175, 444, -1, 277, 175, 9.0, 24, ABplpapaaaa, 173, 28949, 17601, 608, , 28949, 25000, 28719, 28784, 0, 
221, 1, 241, 159, -1, 222, 318, 26.2, 29, ABarpaapaa, 240, 29221, 32494, 1112, , 29221, 25000, 30133, 30247, 0, 
222, 1, 157, 91, -1, 464, 305, 5.6, 25, ABprpppaaaa, 195, 37644, 31320, 832, , 37644, 25000, 33566, 33322, 0, 
223, 1, 246, 219, -1, 494, 153, 25.1, 29, ABarppappa, 283, 28243, 34117, 1208, , 28243, 25000, 27703, 27696, 0, 
224, 0, 266, -1, -1, 318, 179, 15.2, 22, , 199, 462, 14459, 496, , 29151, 25000, 28591, 28689, 0, 
225, 1, 25, 262, -1, 475, 153, 11.4, 28, Capapp, 260, 27286, 26959, 988, , 27286, 25000, 28973, 29036, 0, 
226, 1, 481, 71, -1, 509, 160, 11.2, 24, ABplapppapa, 174, 29265, 19198, 656, , 29265, 25000, 28581, 28719, 0, 
227, 1, 352, 410, -1, 246, 390, 19.0, 27, ABarpappap, 231, 27170, 28039, 1032, , 27170, 25000, 28142, 28129, 0, 
228, 1, 304, 508, -1, 435, 155, 8.3, 24, ABplpppaaaa, 225, 27233, 19172, 704, , 27233, 25000, 28094, 28195, 0, 
229, 1, 207, 215, -1, 249, 208, 11.6, 24, ABalpappaap, 194, 27769, 19438, 700, , 27769, 25000, 27497, 27709, 0, 
230, 1, 189, 233, -1, 255, 367, 18.3, 24, ABpraapappp, 206, 27180, 19135, 704, , 27180, 25000, 28100, 28164, 0, 
231, 1, 456, 102, -1, 253, 344, 25.4, 28, ABarpapapp, 282, 27969, 27633, 988, , 27969, 25000, 29027, 29053, 0, 
232, 1, 156, 103, -1, 353, 118, 18.6, 28, ABplapaapa, 411, 26884, 26561, 988, , 26884, 25000, 28087, 28056, 0, 
233, 1, 180, 271, -1, 491, 330, 6.8, 26, ABprppappp, -48, 30569, 24333, 796, , 30569, 25000, 33241, 33580, 0, 
234, 1, 305, 135, -1, 551, 312, 10.5, 25, ABprapppaa, -96, 28253, 21698, 768, , 28253, 25000, 27800, 27663, 0, 
235, 1, 159, 441, -1, 439, 190, 10.1, 27, MSpappaa, 206, 29426, 26719, 908, , 29426, 25000, 29062, 29071, 0, 
236, 1, 240, 125, -1, 303, 250, 21.9, 23, MSaaaappa, 167, 27849, 13813, 496, , 27849, 25000, 28133, 28138, 0, 
237, 0, 371, -1, -1, 354, 385, 8.4, 23, , 286, 501, 18665, 640, , 29164, 25000, 28757, 28663, 0, 
238, 1, 225, 192, -1, 266, 258, 12.8, 24, ABarapaappa, 238, 26540, 17410, 656, , 26540, 25000, 27962, 28157, 0, 
239, 1, 71, 142, -1, 271, 279, 22.0, 27, MSaaaapap, 200, 27783, 28672, 1032, , 27783, 25000, 28278, 28477, 0, 
240, 1, 56, 24, -1, 156, 258, 18.2, 29, MSaaaaaa, 263, 27281, 30337, 1112, , 27281, 25000, 27816, 27782, 0, 
241, 1, 278, 394, -1, 244, 182, 6.8, 24, ABalpapaaap, 281, 31564, 20706, 656, , 31564, 25000, 35102, 35615, 0, 
242, 1, 11, 197, -1, 464, 342, 7.6, 26, ABprppapap, -335, 28212, 23472, 832, , 28212, 25000, 30217, 30412, 0, 
243, 1, 133, 286, -1, 578, 291, 12.6, 27, ABprapappp, 277, 26334, 26018, 988, , 26334, 25000, 28613, 28619, 0, 
244, 1, 320, 311, -1, 300, 175, 25.6, 30, ABplaaappp, 255, 27963, 32325, 1156, , 27963, 25000, 28131, 28039, 0, 
245, 1, 144, 63, -1, 464, 234, 17.5, 31, Ealpp, 311, 27941, 34423, 1232, , 27941, 25000, 29092, 29167, 0, 
246, 1, 454, 383, -1, 491, 329, 24.5, 31, Caaaap, 311, 27909, 34384, 1232, , 27909, 25000, 28557, 28584, 0, 
247, 0, 341, -1, -1, 330, 112, 17.4, 25, , 207, -1620, 22532, 832, , 27082, 25000, 28398, 28702, 0, 
248, 0, 447, -1, -1, 178, 332, 8.7, 23, , 289, 501, 16817, 592, , 28407, 25000, 27919, 27906, 0, 
249, 0, 307, -1, -1, 228, 332, 5.7, 29, , -39, 5360, 46415, 1068, , 43460, 25000, 38092, 38100, 0, 
250, 1, 193, 97, -1, 584, 200, 20.4, 31, Cpapap, 310, 28170, 37523, 1332, , 28170, 25000, 28659, 28658, 0, 
251, 1, 337, 141, -1, 128, 309, 19.2, 25, ABpraapaaaa, 39, 26888, 18929, 704, , 26888, 25000, 27511, 27491, 0, 
252, 1, 461, 186, -1, 417, 161, 25.3, 29, ABarppapap, 164, 28181, 30097, 1068, , 28181, 25000, 28278, 28206, 0, 
253, 1, 55, 119, -1, 227, 205, 8.0, 25, ABalpaaaap, 281, 28386, 21687, 764, , 28386, 25000, 29116, 29148, 0, 
254, 1, 130, 231, -1, 527, 128, 10.6, 26, ABplappppa, 18, 26252, 21842, 832, , 26252, 25000, 27434, 27479, 0, 
255, 1, 150, 166, -1, 129, 225, 12.8, 26, ABalaaaarl, 219, 27786, 22118, 796, , 27786, 25000, 26927, 26853, 0, 
256, 1, 294, 367, -1, 310, 223, 5.6, 25, ABarapapapp, -61, 39333, 32725, 832, , 39333, 25000, 35709, 36033, 0, 
257, 1, 170, 137, -1, 156, 222, 9.5, 24, ABalpaapppa, 183, 27577, 21179, 768, , 27577, 25000, 28091, 28239, 0, 
258, 1, 403, 415, -1, 371, 168, 25.4, 27, ABarppapaa, 257, 30266, 29903, 988, , 30266, 25000, 28975, 29016, 0, 
259, 1, 380, 243, -1, 464, 359, 18.1, 25, Cpppaaa, 224, 26270, 18074, 688, , 26270, 25000, 28379, 28384, 0, 
260, 1, 192, 67, -1, 268, 114, 17.2, 25, ABplaappaa, 328, 28118, 19795, 704, , 28118, 25000, 27946, 27774, 0, 
261, 1, 214, 476, -1, 199, 231, 15.3, 25, ABalpaapaap, 206, 27843, 21272, 764, , 27843, 25000, 27357, 27367, 0, 
262, 1, 126, 84, -1, 329, 258, 4.8, 26, ABprpappaap, 783, 38497, 30644, 796, , 38497, 25000, 36691, 36866, 0, 
263, 1, 26, 18, -1, 287, 316, 17.5, 28, MSpaapaa, 273, 27402, 29594, 1080, , 27402, 25000, 28708, 28663, 0, 
264, 1, 423, 232, -1, 471, 160, 15.6, 30, Capaap, 299, 28411, 32843, 1156, , 28411, 25000, 29057, 29057, 0, 
265, 1, 479, 480, -1, 225, 340, 10.5, 23, ABpraaaapav, 214, 28101, 17760, 632, , 28101, 25000, 28380, 28282, 0, 
266, 1, 242, 255, -1, 399, 286, 14.4, 31, Earpa, 315, 28362, 37778, 1332, , 28362, 25000, 30418, 30537, 0, 
267, 1, 265, 264, -1, 329, 294, 18.8, 26, MSpaaappp, 222, 28006, 22293, 796, , 28006, 25000, 28250, 28363, 0, 
268, 1, 197, 170, -1, 495, 167, 20.3, 29, Capapa, -90, 27822, 29714, 1068, , 27822, 25000, 28273, 28275, 0, 
269, 1, 303, 124, -1, 265, 246, 23.4, 28, MSapappp, 343, 27342, 27014, 988, , 27342, 25000, 28437, 28544, 0, 
270, 1, 411, 1, -1, 528, 185, 10.5, 28, Capppp, 283, 26954, 29110, 1080, , 26954, 25000, 28364, 28324, 0, 
271, 1, 286, 152, -1, 332, 255, 20.4, 25, MSaaaappp, 205, 27399, 22796, 832, , 27399, 25000, 27602, 27659, 0, 
272, 1, 321, 273, -1, 227, 300, 5.9, 24, ABarapppaap, 174, 37197, 22467, 604, , 37197, 25000, 35155, 34596, 0, 
273, 1, 64, 312, -1, 308, 282, 4.5, 23, ABarappapaa, 117, 36195, 22875, 632, , 36195, 25000, 36310, 36072, 0, 
274, 1, 127, 108, -1, 586, 240, 16.5, 30, Cpappd, 269, 28102, 34622, 1232, , 28102, 25000, 28876, 28954, 0, 
275, 0, -1, -1, -1, 212, 151, 22.3, 23, , -61, 1845, 17368, 592, , 29338, 25000, 27758, 27493, 0, 
276, 1, 176, 438, -1, 329, 200, 12.3, 26, MSaapaaap, 223, 30813, 26376, 856, , 30813, 25000, 29320, 29300, 0, 
277, 1, 430, 292, -1, 310, 196, 19.5, 23, Daaaa, 202, 28603, 18077, 632, , 28603, 25000, 28465, 28465, 0, 
278, 1, 155, 366, -1, 180, 159, 22.3, 26, ABalppppapp, 87, 27582, 23610, 856, , 27582, 25000, 27989, 27884, 0, 
279, 1, 315, 392, -1, 372, 257, 4.6, 26, ABprpappapa, 201, 37034, 30812, 832, , 37034, 25000, 36069, 36047, 0, 
280, 1, 476, 314, -1, 363, 286, 15.4, 26, MSpapaapp, 258, 31221, 25976, 832, , 31221, 25000, 29714, 29776, 0, 
281, 1, 41, 389, -1, 368, 152, 16.9, 24, Daapp, 184, 28334, 17114, 604, , 28334, 25000, 28311, 28337, 0, 
282, 1, 223, 202, -1, 164, 244, 15.5, 26, ABaraapaaaa, 209, 27527, 24664, 896, , 27527, 25000, 27526, 27594, 0, 
283, 1, 334, 177, -1, 526, 145, 13.2, 27, ABplapppaa, 227, 27078, 23504, 868, , 27078, 25000, 27688, 27664, 0, 
284, 1, 123, 39, -1, 237, 128, 14.5, 30, ABplpaaapa, -37, 28293, 34857, 1232, , 28293, 25000, 27016, 26863, 0, 
285, 0, 444, -1, -1, 522, 245, 6.7, 25, , 312, -754, 25184, 764, , 32963, 25000, 34437, 33717, 0, 
286, 1, 175, 454, -1, 318, 162, 9.6, 24, ABplpapaaap, 194, 29303, 20512, 700, , 29303, 25000, 29206, 29242, 0, 
287, 1, 252, 445, -1, 332, 338, 16.2, 25, Dpaaa, 200, 29053, 20453, 704, , 29053, 25000, 28060, 28069, 0, 
288, 1, 204, 189, -1, 314, 282, 21.2, 28, MSpaaapa, 266, 27279, 28698, 1052, , 27279, 25000, 28044, 28162, 0, 
289, 1, 112, 12, -1, 417, 245, 18.2, 32, Ealap, 315, 29195, 46946, 1608, , 29195, 25000, 29271, 29371, 0, 
290, 1, 293, 180, -1, 530, 167, 7.3, 26, ABplapppapp, 186, 30016, 25694, 856, , 30016, 25000, 31698, 31765, 0, 
291, 1, 224, 479, -1, 151, 284, 11.2, 26, ABalaaapprl, 93, 27754, 22092, 796, , 27754, 25000, 27902, 27901, 0, 
292, 1, 166, 468, -1, 382, 297, 7.0, 23, ABprpapapap, 188, 28777, 14734, 512, , 28777, 25000, 31842, 32158, 0, 
293, 1, 203, 198, -1, 435, 138, 10.6, 27, ABplppappp, 30, 26666, 26346, 988, , 26666, 25000, 28086, 28155, 0, 
294, 1, 356, 380, -1, 546, 356, 12.4, 26, ABprapapap, 631, 28052, 23339, 832, , 28052, 25000, 27640, 27636, 0, 
295, 1, 213, 21, -1, 166, 262, 13.3, 24, ABaraaapaaa, 86, 27384, 19278, 704, , 27384, 25000, 28195, 28443, 0, 
296, 1, 264, 451, -1, 543, 232, 5.8, 22, ABprppppppa, 125, 39383, 19534, 496, , 39383, 25000, 38496, 38537, 0, 
297, 1, 314, 229, -1, 270, 221, 15.7, 25, ABalpaaapp, 201, 27042, 20660, 764, , 27042, 25000, 27691, 27761, 0, 
298, 1, 20, 236, -1, 275, 154, 22.7, 27, ABalppppppp, 251, 27214, 25146, 924, , 27214, 25000, 28084, 28222, 0, 
299, 1, 160, 191, -1, 170, 289, 7.3, 25, ABalaapaap, 243, 28853, 22044, 764, , 28853, 25000, 31776, 32552, 0, 
300, 1, 173, 226, -1, 293, 257, 13.2, 25, ABarapaappp, 147, 26859, 18909, 704, , 26859, 25000, 28210, 28289, 0, 
301, 1, 110, 117, -1, 169, 346, 14.6, 25, ABpraaapapa, 433, 28281, 23530, 832, , 28281, 25000, 28113, 28232, 0, 
302, 1, 289, 175, 458, 432, 296, 5.8, 29, ABprppaapp, 140, 35223, 39168, 1112, , 35223, 25000, 33044, 32985, 0, 
303, 1, 102, 48, -1, 307, 327, 6.3, 23, ABprpapaapa, 197, 32235, 19083, 592, , 32235, 25000, 33369, 33477, 0, 
304, 1, 324, 474, -1, 304, 366, 8.9, 24, ABprpaapppp, 194, 28634, 17295, 604, , 28634, 25000, 28154, 28338, 0, 
305, 1, 49, 265, -1, 246, 301, 4.8, 23, ABarapppapa, 204, 38481, 20780, 540, , 38481, 25000, 36450, 36041, 0, 
306, 1, 228, 88, -1, 301, 242, 25.5, 26, ABarppaaaa, 206, 28585, 25612, 896, , 28585, 25000, 29007, 29154, 0, 
307, 1, 147, 134, -1, 365, 120, 11.6, 24, ABplpaaaapp, 213, 28299, 19809, 700, , 28299, 25000, 28072, 28093, 0, 
308, 1, 503, 360, -1, 300, 287, 16.4, 23, MSpaapapa, 220, 30980, 19827, 640, , 30980, 25000, 27854, 27911, 0, 
309, 1, 121, 280, -1, 280, 362, 12.7, 25, ABprpaappaa, 199, 27127, 20725, 764, , 27127, 25000, 28439, 28542, 0, 
310, 1, 359, 416, -1, 501, 232, 19.0, 32, Eplap, 318, 26554, 45355, 1708, , 26554, 25000, 29231, 29299, 0, 
311, 1, 417, 287, -1, 358, 355, 12.0, 24, Dpapa, 245, 27877, 16949, 608, , 27877, 25000, 28419, 28389, 0, 
312, 1, 131, 144, -1, 284, 387, 11.2, 23, ABpraappaa, 221, 27663, 14938, 540, , 27663, 25000, 27528, 27387, 0, 
313, 1, 72, 164, -1, 337, 120, 10.9, 24, ABplpaaaapa, 305, 28518, 17225, 604, , 28518, 25000, 27337, 27385, 0, 
314, 1, 325, 289, -1, 338, 271, 10.4, 25, MSpapaaap, 204, 34589, 28778, 832, , 34589, 25000, 31276, 31190, 0, 
315, 1, 322, 397, -1, 468, 211, 25.1, 30, Dappp, 299, 29162, 39544, 1356, , 29162, 25000, 28657, 28657, 0, 
316, 1, 493, 467, -1, 132, 289, 18.3, 21, ABalapppaap, -123, 28485, 13445, 472, , 28485, 25000, 27979, 28191, 0, 
317, 1, 243, 400, -1, 254, 163, 10.1, 24, ABalppapppa, 229, 27482, 16599, 604, , 27482, 25000, 28131, 28208, 0, 
318, 1, 398, 331, -1, 513, 306, 10.1, 29, Cppapp, 259, 27597, 33337, 1208, , 27597, 25000, 29179, 29200, 0, 
319, 1, 426, 227, -1, 507, 269, 15.9, 32, Eprpa, 317, 29258, 46111, 1576, , 29258, 25000, 29002, 29142, 0, 
320, 1, 218, 457, -1, 441, 400, 19.5, 27, ABarppppap, 239, 27050, 24237, 896, , 27050, 25000, 28102, 28111, 0, 
321, 1, 182, 171, -1, 547, 186, 20.4, 29, Capppa, 284, 27392, 31665, 1156, , 27392, 25000, 27992, 28017, 0, 
322, 1, 372, 234, -1, 295, 174, 13.7, 25, MSapapap, 202, 27431, 20957, 764, , 27431, 25000, 28528, 28482, 0, 
323, 1, 40, 50, -1, 520, 377, 12.9, 26, ABprappapp, -52, 28610, 22888, 800, , 28610, 25000, 27198, 26950, 0, 
324, 1, 458, 315, -1, 515, 222, 6.4, 22, ABprpppapap, 144, 31722, 18145, 572, , 31722, 25000, 35295, 35280, 0, 
325, 1, 244, 335, -1, 497, 343, 12.3, 28, Cppaap, 274, 28319, 30131, 1064, , 28319, 25000, 28806, 28806, 0, 
326, 1, 222, 136, -1, 161, 303, 9.2, 25, ABalaaapprr, 219, 26953, 18975, 704, , 26953, 25000, 27759, 27587, 0, 
327, 1, 415, 448, -1, 296, 163, 17.3, 23, MSapppaa, 222, 29203, 17288, 592, , 29203, 25000, 27766, 27859, 0, 
328, 1, 114, 270, -1, 277, 306, 6.9, 23, ABarapppppa, 225, 32294, 16018, 496, , 32294, 25000, 31648, 31599, 0, 
329, 1, 438, 478, -1, 365, 187, 17.2, 26, MSappaaa, 168, 27196, 21648, 796, , 27196, 25000, 28397, 28418, 0, 
330, 1, 30, 341, -1, 371, 265, 7.1, 24, ABprpapppaa, 238, 30639, 18506, 604, , 30639, 25000, 31603, 31441, 0, 
331, 1, 369, 29, -1, 233, 217, 23.5, 26, MSapappa, 244, 28432, 25475, 896, , 28432, 25000, 28627, 28587, 0, 
332, 1, 262, 120, -1, 218, 178, 15.6, 24, ABplpaapaaa, 201, 28137, 19696, 700, , 28137, 25000, 27942, 28104, 0, 
333, 0, 472, -1, -1, 364, 205, 6.4, 22, , 165, -1026, 19194, 572, , 33556, 25000, 33983, 34582, 0, 
334, 1, 382, 157, -1, 482, 294, 9.8, 24, ABprpppppaa, 202, 28035, 18391, 656, , 28035, 25000, 29121, 29179, 0, 
335, 1, 221, 183, -1, 186, 261, 6.5, 25, ABaraaappp, 128, 31682, 24332, 768, , 31682, 25000, 35998, 36754, 0, 
336, 1, 161, 252, -1, 436, 125, 13.5, 30, ABplppapap, 229, 28127, 34652, 1232, , 28127, 25000, 28021, 28025, 0, 
337, 1, 45, 361, -1, 211, 192, 6.3, 23, ABalpapaaaa, 109, 34652, 20514, 592, , 34652, 25000, 37455, 38091, 0, 
338, 1, 137, 209, -1, 372, 323, 7.8, 27, ABprppaapa, 251, 28916, 25099, 868, , 28916, 25000, 29933, 30000, 0, 
339, 1, 27, 127, -1, 218, 274, 26.0, 29, ABplaaaapa, 162, 28467, 34958, 1228, , 28467, 25000, 28981, 29098, 0, 
340, 1, 29, 254, -1, 208, 179, 10.9, 23, ABalppappaa, 325, 26867, 13326, 496, , 26867, 25000, 27448, 27184, 0, 
341, 1, 60, 118, -1, 427, 126, 18.3, 29, ABplappaaa, 223, 27399, 29262, 1068, , 27399, 25000, 27985, 27964, 0, 
342, 1, 475, 295, -1, 282, 173, 5.8, 24, ABalpapapaa, 393, 41277, 27078, 656, , 41277, 25000, 38872, 38831, 0, 
343, 1, 422, 184, -1, 315, 348, 13.2, 25, MSppppaa, 254, 26675, 18779, 704, , 26675, 25000, 28275, 28281, 0, 
344, 1, 238, 32, -1, 483, 390, 19.8, 29, ABprappapa, 104, 27071, 30103, 1112, , 27071, 25000, 28003, 28012, 0, 
345, 1, 350, 195, -1, 236, 166, 25.7, 32, ABplaaapap, 286, 28007, 44363, 1584, , 28007, 25000, 28814, 29037, 0, 
346, 1, 181, 16, -1, 221, 140, 19.8, 24, ABplpaapapa, 191, 27442, 18002, 656, , 27442, 25000, 28082, 28190, 0, 
347, 1, 441, 482, -1, 153, 176, 21.4, 26, ABalapaaapp, 187, 27157, 22595, 832, , 27157, 25000, 28216, 27902, 0, 
348, 1, 500, 488, -1, 312, 275, 10.7, 22, MSpapaaaa, 482, 35031, 18356, 524, , 35031, 25000, 29899, 29838, 0, 
349, 1, 498, 506, -1, 180, 326, 17.4, 22, ABalappppap, 419, 27245, 15584, 572, , 27245, 25000, 27785, 27761, 0, 
350, 1, 164, 368, -1, 175, 230, 13.5, 23, ABalpaapaaa, 194, 28600, 18075, 632, , 28600, 25000, 27470, 27657, 0, 
351, 1, 339, 308, -1, 399, 390, 12.4, 29, ABpraapppp, 217, 27948, 32308, 1156, , 27948, 25000, 28117, 28159, 0, 
352, 1, 377, 210, -1, 548, 205, 25.2, 34, Cpaapp, 334, 27978, 53493, 1912, , 27978, 25000, 28737, 28729, 0, 
353, 1, 76, 469, -1, 169, 166, 18.2, 24, ABalapaappp, 223, 27966, 18346, 656, , 27966, 25000, 27182, 27135, 0, 
354, 1, 68, 132, -1, 341, 138, 14.9, 25, ABplppaaaap, 243, 28388, 19531, 688, , 28388, 25000, 28248, 28467, 0, 
355, 1, 391, 473, -1, 288, 338, 7.7, 25, ABprpaaappa, 256, 29073, 22212, 764, , 29073, 25000, 29220, 29423, 0, 
356, 1, 373, 349, -1, 358, 325, 13.5, 27, MSpppaaa, 273, 27657, 24781, 896, , 27657, 25000, 28601, 28737, 0, 
357, 1, 86, 199, -1, 243, 384, 12.9, 24, ABprpaapapa, 230, 28144, 16999, 604, , 28144, 25000, 27319, 27382, 0, 
358, 1, 81, 81, -1, 160, 340, 11.6, 23, ABalaappppp, 105, 26894, 17212, 640, , 26894, 25000, 27203, 27264, 0, 
359, 1, 75, 343, -1, 183, 307, 11.7, 25, ABalaapppa, 313, 26997, 20626, 764, , 26997, 25000, 27628, 27727, 0, 
360, 1, 63, 94, -1, 583, 263, 21.4, 32, Caaapp, 324, 27990, 41537, 1484, , 27990, 25000, 28611, 28611, 0, 
361, 1, 366, 238, 347, 393, 147, 10.7, 27, ABplppappa, 183, 27815, 25701, 924, , 27815, 25000, 28401, 28506, 0, 
362, 1, 118, 75, -1, 489, 157, 6.3, 24, ABplpppapaa, 25, 34854, 24537, 704, , 34854, 25000, 35408, 35495, 0, 
363, 1, 96, 49, -1, 129, 228, 16.1, 28, ABalaaapar, 138, 26740, 29093, 1088, , 26740, 25000, 27113, 27135, 0, 
364, 1, 428, 390, -1, 536, 197, 6.3, 23, ABplppppppa, 201, 34978, 20707, 592, , 34978, 25000, 35613, 35680, 0, 
365, 1, 400, 382, -1, 360, 216, 9.1, 24, MSaappaa, 246, 28033, 16932, 604, , 28033, 25000, 29118, 29274, 0, 
366, 1, 80, 358, -1, 435, 188, 6.6, 23, ABplppppaaa, 193, 31713, 20296, 640, , 31713, 25000, 32448, 32856, 0, 
367, 1, 227, 240, -1, 509, 266, 8.7, 23, ABprpppppap, 119, 29841, 17666, 592, , 29841, 25000, 29152, 29189, 0, 
368, 1, 19, 307, -1, 388, 168, 19.5, 26, Dapaa, 265, 27940, 25034, 896, , 27940, 25000, 29430, 29450, 0, 
369, 1, 442, 72, -1, 285, 216, 22.4, 22, MSapppap, 188, 28206, 16134, 572, , 28206, 25000, 28256, 28343, 0, 
370, 1, 300, 409, -1, 483, 250, 7.9, 24, ABprpappppa, 240, 27243, 16455, 604, , 27243, 25000, 30330, 30121, 0, 
371, 1, 338, 384, -1, 419, 272, 6.5, 24, ABprpapappp, 199, 30034, 23066, 768, , 30034, 25000, 32276, 32776, 0, 
372, 1, 209, 52, -1, 364, 289, 18.8, 34, Earaa, 259, 28781, 55030, 1912, , 28781, 25000, 29038, 29068, 0, 
373, 1, 355, 436, -1, 408, 203, 7.8, 24, ABplpapappp, 173, 30390, 19936, 656, , 30390, 25000, 30117, 30219, 0, 
374, 1, 57, 46, -1, 333, 314, 24.0, 24, ABarpaappp, 180, 28729, 17467, 608, , 28729, 25000, 28609, 28427, 0, 
375, 1, 257, 214, -1, 580, 264, 9.4, 25, ABprappppp, 234, 28202, 23464, 832, , 28202, 25000, 27827, 27897, 0, 
376, 1, 467, 432, -1, 338, 162, 18.3, 24, Daapa, 243, 29081, 20473, 704, , 29081, 25000, 28321, 28325, 0, 
377, 1, 342, 316, -1, 128, 281, 13.3, 27, ABalaaappl, -107, 27162, 25098, 924, , 27162, 25000, 27344, 27314, 0, 
378, 1, 297, 78, -1, 462, 397, 13.9, 26, ABprappaaa, -12, 28724, 22979, 800, , 28724, 25000, 27481, 27392, 0, 
379, 1, 452, 385, -1, 220, 181, 18.2, 23, ABalpppppaa, 200, 27487, 14843, 540, , 27487, 25000, 28412, 28662, 0, 
380, 1, 145, 156, -1, 369, 217, 14.6, 27, MSaapapa, 259, 37249, 36802, 988, , 37249, 25000, 30434, 30471, 0, 
381, 1, 399, 470, -1, 519, 261, 5.4, 23, ABprpppapaa, 285, 41916, 26826, 640, , 41916, 25000, 38564, 38672, 0, 
382, 1, 124, 414, -1, 164, 165, 15.1, 24, ABalaaapall, 175, 27942, 16877, 604, , 27942, 25000, 27412, 27487, 0, 
383, 1, 138, 404, -1, 454, 251, 21.5, 31, Eplaa, 315, 27972, 34462, 1232, , 27972, 25000, 29011, 29047, 0, 
384, 1, 162, 73, -1, 284, 352, 15.7, 25, ABpraaapppa, 252, 27237, 20809, 764, , 27237, 25000, 28309, 28305, 0, 
385, 0, 62, -1, -1, 182, 153, 10.5, 22, , 135, 857, 14602, 512, , 28520, 25000, 27774, 27663, 0, 
386, 1, 433, 456, -1, 345, 224, 20.3, 27, MSaaappp, 274, 28777, 26590, 924, , 28777, 25000, 29031, 28896, 0, 
387, 1, 353, 465, -1, 483, 276, 5.2, 24, ABprppppapa, 98, 35646, 23384, 656, , 35646, 25000, 34415, 34274, 0, 
388, 1, 310, 245, -1, 447, 290, 25.8, 33, Cpaaap, 334, 28663, 49988, 1744, , 28663, 25000, 28517, 28557, 0, 
389, 1, 276, 408, -1, 543, 301, 14.1, 28, Cpppap, 238, 28877, 31418, 1088, , 28877, 25000, 28420, 28428, 0, 
390, 1, 236, 425, -1, 141, 206, 11.2, 27, ABalaaaala, 875, 27926, 24240, 868, , 27926, 25000, 27292, 27339, 0, 
391, 1, 90, -1, -1, 343, 216, 17.8, 23, MSaaappa, 230, 30602, 16525, 540, , 30602, 25000, 30300, 30363, 0, 
392, 1, 249, 462, -1, 197, 219, 9.8, 23, ABalpaaaaaa, 63, 27022, 14592, 540, , 27022, 25000, 28925, 28849, 0, 
393, 1, 406, 279, -1, 490, 241, 5.0, 24, ABprppppapp, 194, 34821, 21171, 608, , 34821, 25000, 35273, 35260, 0, 
394, 1, 117, 276, -1, 317, 381, 21.8, 27, ABprapaaaap, 205, 27081, 23506, 868, , 27081, 25000, 27534, 27599, 0, 
395, 0, 256, -1, -1, 600, 238, 13.1, 26, , -500, -884, 21800, 800, , 27250, 25000, 27977, 28134, 0, 
396, 1, 395, 337, -1, 306, 161, 21.0, 25, ABplpaappap, 84, 28103, 21471, 764, , 28103, 25000, 28360, 28396, 0, 
397, 1, 111, 248, -1, 128, 200, 18.7, 25, ABalapaaapa, -18, 26389, 20161, 764, , 26389, 25000, 27279, 27341, 0, 
398, 1, 219, 386, -1, 185, 221, 7.2, 26, ABalpaappa, 187, 29348, 23361, 796, , 29348, 25000, 33846, 34454, 0, 
399, 1, 280, 42, -1, 299, 122, 18.7, 27, ABplaappap, -279, 26545, 24528, 924, , 26545, 25000, 28018, 28077, 0, 
400, 1, 184, 428, -1, 395, 190, 24.5, 28, ABarppaapp, 85, 29010, 31331, 1080, , 29010, 25000, 28518, 28354, 0, 
401, 1, 187, 472, -1, 210, 167, 14.0, 22, ABplpaaaaaa, 202, 26833, 10304, 384, , 26833, 25000, 28522, 28588, 0, 
402, 1, 386, 421, -1, 550, 300, 19.8, 27, Cppppaa, 258, 27470, 23844, 868, , 27470, 25000, 28155, 28093, 0, 
403, 1, 167, 235, -1, 418, 218, 24.4, 29, Dappa, -209, 28708, 33187, 1156, , 28708, 25000, 28473, 28495, 0, 
404, 1, 103, 346, -1, 312, 212, 9.8, 28, ABalpappppp, 281, 27097, 28506, 1052, , 27097, 25000, 28812, 28896, 0, 
405, 1, 226, 437, -1, 253, 171, 18.8, 25, ABalpppppap, 215, 27632, 19453, 704, , 27632, 25000, 28173, 28202, 0, 
406, 1, 124, 418, -1, 137, 197, 14.0, 23, ABalaaapalr, 166, 26607, 13623, 512, , 26607, 25000, 27874, 27868, 0, 
407, 1, 31, 105, -1, 189, 215, 27.4, 25, ABalapapppp, 258, 30034, 24988, 832, , 30034, 25000, 29263, 29316, 0, 
408, 1, 143, 101, -1, 397, 158, 14.8, 26, MSaapppa, 247, 27227, 21673, 796, , 27227, 25000, 27635, 27622, 0, 
409, 1, 469, 325, -1, 453, 200, 8.0, 23, ABplppppaap, 197, 27832, 14250, 512, , 27832, 25000, 30661, 30645, 0, 
410, 1, 151, 499, -1, 402, 295, 6.6, 23, ABprpapappa, 221, 31964, 20457, 640, , 31964, 25000, 32305, 32697, 0, 
411, 1, 429, 285, -1, 497, 301, 5.0, 23, ABprpppaaap, 190, 36889, 18887, 512, , 36889, 25000, 37486, 37367, 0, 
412, 1, 448, 407, -1, 259, 380, 9.9, 23, ABprpaapapp, 195, 28135, 13955, 496, , 28135, 25000, 27922, 27883, 0, 
413, 1, 460, 330, -1, 402, 233, 14.6, 31, Ealpa, 317, 27803, 37034, 1332, , 27803, 25000, 29922, 29746, 0, 
414, 1, 375, 194, 435, 478, 193, 10.8, 30, ABplpppppa, 243, 27590, 36419, 1320, , 27590, 25000, 28644, 28540, 0, 
415, 1, 196, 446, -1, 451, 201, 14.1, 25, MSappaap, 247, 28256, 19440, 688, , 28256, 25000, 28527, 28527, 0, 
416, 1, 427, 182, -1, 276, 190, 21.8, 25, ABalppppppa, 234, 28026, 19730, 704, , 28026, 25000, 29174, 29224, 0, 
417, 1, 483, 109, -1, 575, 194, 10.2, 26, Caappv, 198, 27187, 21641, 796, , 27187, 25000, 27967, 28159, 0, 
418, 1, 58, 430, -1, 379, 178, 12.1, 27, MSapaapp, -342, 27548, 25014, 908, , 27548, 25000, 28312, 28354, 0, 
419, 1, 418, 92, -1, 132, 322, 14.4, 25, ABalappappa, 393, 26120, 21732, 832, , 26120, 25000, 27467, 27482, 0, 
420, 1, 439, 489, -1, 348, 215, 13.1, 23, MSaapappa, 291, 29627, 14695, 496, , 29627, 25000, 30316, 29869, 0, 
421, 1, 336, 80, -1, 201, 258, 11.4, 27, ABaraaaaap, 60, 26806, 26484, 988, , 26806, 25000, 28044, 28059, 0, 
422, 1, 384, 37, -1, 516, 194, 23.1, 25, Cappaap, 237, 28203, 19404, 688, , 28203, 25000, 28245, 28274, 0, 
423, 0, 317, -1, -1, 199, 289, 25.0, 24, , 199, 797, 18420, 608, , 30296, 25000, 29139, 29499, 0, 
424, 1, 95, 249, -1, 411, 387, 21.4, 28, ABarpppapp, 310, 27263, 26936, 988, , 27263, 25000, 27748, 27746, 0, 
425, 1, 346, 147, -1, 199, 318, 24.8, 23, ABarpapapa, 539, 27504, 14852, 540, , 27504, 25000, 28540, 28491, 0, 
426, 1, 385, 224, -1, 197, 173, 8.6, 23, ABalppapaaa, 171, 27341, 17498, 640, , 27341, 25000, 28579, 28675, 0, 
427, 1, 97, 25, -1, 230, 168, 11.4, 24, ABalppappap, 200, 28039, 19627, 700, , 28039, 25000, 27842, 27785, 0, 
428, 1, 247, 190, -1, 443, 365, 8.1, 23, ABprppapaap, 201, 28020, 13898, 496, , 28020, 25000, 28912, 28856, 0, 
429, 1, 473, 339, -1, 250, 292, 14.7, 22, ABaraaapapp, 198, 26811, 14049, 524, , 26811, 25000, 28749, 28808, 0, 
430, 1, 345, 216, -1, 435, 167, 18.3, 29, Capaaa, 289, 29574, 31585, 1068, , 29574, 25000, 28422, 28419, 0, 
431, 1, 42, 60, -1, 330, 302, 4.7, 26, ABarappapap, 408, 36002, 30818, 856, , 36002, 25000, 35757, 36036, 0, 
432, 1, 198, 19, -1, 390, 401, 19.3, 28, ABarppppaa, 243, 28466, 30288, 1064, , 28466, 25000, 28354, 28292, 0, 
433, 1, 316, 10, -1, 379, 190, 7.0, 24, ABplpapappa, 200, 29128, 17710, 608, , 29128, 25000, 31586, 31803, 0, 
434, 1, 279, 122, -1, 236, 327, 14.4, 24, ABpraaappaa, 213, 28094, 19666, 700, , 28094, 25000, 28039, 28144, 0, 
435, 1, 387, 208, -1, 345, 347, 5.4, 25, ABprpaaaapa, 154, 38397, 31946, 832, , 38397, 25000, 37572, 37881, 0, 
436, 1, 38, 250, -1, 398, 336, 5.8, 25, ABarappappp, 203, 34422, 24233, 704, , 34422, 25000, 34754, 35332, 0, 
437, 1, 8, 79, -1, 567, 160, 13.4, 27, ABplapapppp, 437, 27186, 26860, 988, , 27186, 25000, 28356, 28356, 0, 
438, 1, 108, 401, -1, 270, 223, 18.3, 26, ABaraapapaa, 252, 27317, 23383, 856, , 27317, 25000, 27893, 27967, 0, 
439, 1, 424, 167, -1, 460, 171, 21.5, 27, Cappaaa, 250, 27724, 24841, 896, , 27724, 25000, 28386, 28430, 0, 
440, 1, 451, 205, -1, 457, 326, 9.6, 25, MSpapppp, 215, 27440, 22830, 832, , 27440, 25000, 28150, 28210, 0, 
441, 1, 402, 303, -1, 256, 335, 5.5, 25, ABalaapapp, 257, 39484, 30324, 768, , 39484, 25000, 38157, 38498, 0, 
442, 1, 285, 123, -1, 244, 122, 17.5, 24, ABplpaapapp, 186, 29009, 22279, 768, , 29009, 25000, 27817, 27967, 0, 
443, 1, 431, 396, -1, 292, 316, 5.0, 23, ABarapppppp, 132, 38377, 19649, 512, , 38377, 25000, 37827, 38015, 0, 
444, 1, 349, 206, -1, 223, 363, 17.8, 26, ABpraapappa, 238, 27069, 21547, 796, , 27069, 25000, 28132, 28566, 0, 
445, 1, 262, 185, -1, 236, 157, 18.0, 23, ABplpaapaap, 205, 27246, 13950, 512, , 27246, 25000, 28348, 28440, 0, 
446, 1, 440, 241, -1, 164, 207, 21.4, 23, ABalapappap, 180, 27848, 17823, 640, , 27848, 25000, 28782, 28938, 0, 
447, 1, 202, 174, -1, 387, 350, 10.7, 25, Dpapp, 53, 29213, 22319, 764, , 29213, 25000, 28552, 28664, 0, 
448, 1, 362, 439, -1, 371, 175, 8.7, 23, ABplpapapap, 200, 28667, 16971, 592, , 28667, 25000, 29224, 29273, 0, 
449, 1, 319, 455, -1, 424, 367, 18.1, 27, Dppap, 257, 28150, 25560, 908, , 28150, 25000, 28490, 28501, 0, 
450, 1, 397, 126, -1, 354, 262, 25.6, 30, ABarppaapa, 254, 26344, 30454, 1156, , 26344, 25000, 28936, 28941, 0, 
451, 1, 92, 388, -1, 212, 296, 10.9, 23, MSppaaaa, 254, 27462, 13621, 496, , 27462, 25000, 27859, 27703, 0, 
452, 1, 194, 318, -1, 148, 273, 8.4, 26, ABalaapaaa, 360, 28672, 23855, 832, , 28672, 25000, 29008, 29111, 0, 
453, 1, 135, 291, -1, 374, 292, 9.5, 28, MSppaapp, 280, 28525, 30807, 1080, , 28525, 25000, 30295, 30215, 0, 
454, 1, 47, 61, 492, 549, 222, 8.7, 28, Caapa, 235, 28044, 29839, 1064, , 28044, 25000, 28645, 28708, 0, 
455, 1, 379, 466, -1, 301, 332, 21.4, 27, MSpppppa, 265, 27081, 26756, 988, , 27081, 25000, 28322, 28341, 0, 
456, 1, 326, 257, -1, 512, 330, 21.3, 29, Cpppaap, 298, 26980, 28815, 1068, , 26980, 25000, 28034, 28101, 0, 
457, 1, 122, 423, -1, 506, 265, 25.5, 32, Cpaapa, -92, 27355, 39173, 1432, , 27355, 25000, 28775, 28834, 0, 
458, 1, 445, 519, -1, 246, 257, 10.5, 25, ABarapapaaa, -82, 28017, 21517, 768, , 28017, 25000, 27887, 27832, 0, 
459, 1, 18, 85, -1, 516, 289, 5.9, 25, ABprpppaapa, 169, 35478, 22564, 636, , 35478, 25000, 35691, 35404, 0, 
460, 1, 250, 443, -1, 472, 188, 5.8, 25, ABplppppapp, 68, 36263, 25529, 704, , 36263, 25000, 34276, 34069, 0, 
461, 1, 462, 83, -1, 483, 208, 7.5, 23, ABplpappppp, 5, 29283, 18507, 632, , 29283, 25000, 30122, 30273, 0, 
462, 1, 67, 28, -1, 233, 159, 8.9, 23, ABalppapaap, 178, 27540, 13660, 496, , 27540, 25000, 28409, 28322, 0, 
463, 1, 129, 354, -1, 193, 275, 20.6, 25, MSaaaaapa, 104, 27651, 23006, 832, , 27651, 25000, 27669, 27735, 0, 
464, 1, 12, 463, 502, 284, 131, 15.9, 22, ABplpaappp, 390, 30015, 13927, 464, , 30015, 25000, 27353, 27308, 0, 
465, 1, 73, 362, -1, 218, 124, 17.0, 24, ABalpppapad, 90, 28720, 17462, 608, , 28720, 25000, 27906, 27570, 0, 
466, 1, 437, 369, -1, 199, 175, 20.4, 24, ABalppppaad, 227, 28640, 20048, 700, , 28640, 25000, 28200, 28067, 0, 
467, 1, 117, 328, -1, 313, 354, 18.9, 26, ABprapaaaaa, 436, 28234, 22587, 800, , 28234, 25000, 28497, 28537, 0, 
468, 1, 446, 82, -1, 432, 287, 20.3, 32, Epraa, 337, 28133, 44562, 1584, , 28133, 25000, 28764, 28902, 0, 
469, 1, 470, 512, -1, 249, 174, 23.6, 26, ABplaapappp, 157, 28695, 23874, 832, , 28695, 25000, 28244, 28425, 0, 
470, 1, 113, 148, -1, 231, 284, 22.9, 23, MSaaaapaa, 96, 27685, 13732, 496, , 27685, 25000, 28529, 28715, 0, 
471, 1, 489, 405, 521, 191, 316, 7.2, 23, ABalaappap, 119, 27793, 15008, 540, , 27793, 25000, 31760, 32021, 0, 
472, 1, 495, 471, -1, 209, 345, 21.5, 23, ABarpapaapp, 353, 28652, 18108, 632, , 28652, 25000, 28587, 28789, 0, 
473, 1, 420, 212, -1, 208, 237, 25.7, 25, ABplaaaaapp, 148, 28402, 21699, 764, , 28402, 25000, 28587, 28644, 0, 
474, 1, 509, 491, -1, 349, 386, 10.8, 29, ABpraapppa, 110, 27524, 30607, 1112, , 27524, 25000, 28090, 28134, 0, 
475, 1, 201, 370, -1, 270, 247, 21.4, 26, MSaaapaap, 180, 27362, 22765, 832, , 27362, 25000, 28301, 28551, 0, 
476, 1, 401, 481, -1, 128, 267, 16.0, 21, ABalapppaaa, 669, 27284, 10477, 384, , 27284, 25000, 26894, 26894, 0, 
477, 1, 457, 98, -1, 287, 245, 7.4, 26, ABarapapapa, 141, 28029, 23320, 832, , 28029, 25000, 31344, 30286, 0, 
478, 1, 468, 500, -1, 226, 234, 15.8, 23, ABalpaapapa, 28, 27222, 14700, 540, , 27222, 25000, 27633, 27743, 0, 
479, 1, 232, 494, -1, 333, 283, 16.0, 21, MSpaapapp, 195, 27208, 10448, 384, , 27208, 25000, 28171, 28046, 0, 
480, 1, 354, 283, -1, 176, 238, 23.8, 23, ABalapapapp, 24, 27043, 14603, 540, , 27043, 25000, 28518, 28507, 0, 
481, 1, 66, 258, -1, 171, 188, 17.0, 21, ABalapaappa, 316, 26872, 10319, 384, , 26872, 25000, 27792, 27920, 0, 
482, 1, 480, 176, -1, 210, 140, 15.9, 22, ABalpppapav, -133, 27608, 12810, 464, , 27608, 25000, 27994, 27826, 0, 
483, 1, 421, 237, -1, 522, 367, 19.9, 28, ABarpppppa, 131, 27394, 29805, 1088, , 27394, 25000, 28046, 28099, 0, 
484, 0, 453, -1, -1, 371, 124, 19.2, 22, , 83, 1148, 14580, 496, , 29395, 25000, 28016, 28247, 0, 
485, 1, 496, 426, -1, 275, 368, 9.3, 22, ABprpaapppa, 207, 27094, 14197, 524, , 27094, 25000, 27572, 27571, 0, 
486, 1, 268, 11, -1, 469, 250, 5.9, 22, ABprppppaap, -436, 34466, 15992, 464, , 34466, 25000, 33971, 34308, 0, 
487, 1, 234, 420, -1, 371, 354, 18.0, 23, Dpaap, 393, 28049, 14361, 512, , 28049, 25000, 28152, 28143, 0, 
488, 1, 487, 131, -1, 179, 196, 8.3, 24, ABalpaapppp, 2, 28369, 19972, 704, , 28369, 25000, 29455, 29735, 0, 
489, 1, 396, 45, -1, 169, 172, 20.5, 25, ABalppppapa, 48, 28079, 21565, 768, , 28079, 25000, 28183, 28273, 0, 
490, 1, 53, 403, -1, 341, 165, 8.5, 22, ABplpapapaa, 4, 27643, 14153, 512, , 27643, 25000, 29561, 29782, 0, 
491, 1, 492, 503, -1, 296, 285, 14.3, 22, ABaraapppap, 154, 28193, 14773, 524, , 28193, 25000, 28387, 28297, 0, 
492, 1, 471, 509, -1, 333, 235, 24.0, 24, MSappppa, 141, 29957, 18214, 608, , 29957, 25000, 28407, 28426, 0, 
493, 1, 499, 515, -1, 363, 229, 16.9, 21, MSaapaapp, 158, 30299, 10544, 348, , 30299, 25000, 30987, 30578, 0, 
494, 1, 277, 517, -1, 369, 194, 21.9, 24, Daaap, 327, 28894, 17452, 604, , 28894, 25000, 28213, 28221, 0, 
495, 1, 28, 495, -1, 212, 172, 22.9, 24, ABalpppappp, 372, 27765, 16770, 604, , 27765, 25000, 28432, 28307, 0, 
496, 1, 205, 333, -1, 194, 367, 21.1, 21, ABalapppppp, -227, 26201, 9118, 348, , 26201, 25000, 27415, 27457, 0, 
497, 1, 488, 505, -1, 292, 250, 19.0, 22, MSaaapapa, 173, 28161, 10814, 384, , 28161, 25000, 28446, 28452, 0, 
498, 1, 455, 498, -1, 186, 175, 12.3, 22, ABalppaaap, -407, 27107, 14204, 524, , 27107, 25000, 27746, 27832, 0, 
499, 1, 477, 378, -1, 331, 225, 15.7, 21, MSaapaapa, 118, 31964, 15087, 472, , 31964, 25000, 30464, 30337, 0, 
500, 1, 501, 520, -1, 133, 248, 19.9, 22, ABalappaap, 331, 28272, 13118, 464, , 28272, 25000, 27712, 27794, 0, 
501, 1, 223, 322, -1, 193, 255, 17.8, 25, ABaraapaaap, 104, 26774, 18849, 704, , 26774, 25000, 27625, 27437, 0, 
502, 0, 497, -1, -1, 508, 207, 7.5, 23, , 144, 999, 19185, 632, , 30356, 25000, 30187, 29357, 0, 
503, 0, 432, -1, -1, 372, 293, 16.349998, 25, , 172, -1899, 21420, 764, , 28037, 25000, 29687, 29936, 0, 
504, 1, 491, 110, -1, 328, 120, 19.25, 23, ABplaapppa, 117, 27596, 16337, 592, , 27596, 25000, 27829, 27947, 0, 
505, 1, 502, 510, -1, 350, 334, 11.0, 23, MSpppapp, 111, 28299, 14489, 512, , 28299, 25000, 28687, 28533, 0, 
506, 1, 504, 511, -1, 376, 125, 22.0, 24, ABplaapppp, 836, 26849, 16324, 608, , 26849, 25000, 28234, 28237, 0, 
507, 1, 505, 513, -1, 219, 242, 22.0, 24, MSaaapaaa, 218, 26893, 16351, 608, , 26893, 25000, 28079, 28425, 0, 
508, 1, 506, 514, -1, 229, 278, 14.0, 21, ABaraaapapa, 120, 26846, 10309, 384, , 26846, 25000, 27705, 28068, 0, 
509, 1, 507, 516, -1, 226, 310, 18.0, 24, MSpaaaapa, -97, 28485, 17319, 608, , 28485, 25000, 28451, 28497, 0, 
510, 1, 508, 100, -1, 587, 226, 13.0, 26, Caappd, 216, 26906, 22924, 852, , 26906, 25000, 27872, 28105, 0, 
511, 1, 510, 518, -1, 347, 210, 7.0, 25, ABplpappaap, 179, 30453, 23266, 764, , 30453, 25000, 33106, 33220, 0, 
512, 1, 378, 336, -1, 303, 393, 20.4, 27, ABarpapppp, 242, 26885, 26562, 988, , 26885, 25000, 27933, 28037, 0, 
513, 1, 511, 522, -1, 158, 221, 20.0, 22, ABalapappaa, 642, 27646, 10616, 384, , 27646, 25000, 27839, 28035, 0, 
514, 1, 512, 523, -1, 158, 298, 19.0, 23, ABalapppapa, 187, 28090, 14382, 512, , 28090, 25000, 27728, 27898, 0, 
515, 1, 513, 524, -1, 178, 347, 20.0, 22, ABalapppppa, 0, 29534, 11341, 384, , 29534, 25000, 27012, 27146, 0, 
516, 1, 514, 525, -1, 171, 314, 22.0, 22, ABalapppapp, -244, 27352, 10503, 384, , 27352, 25000, 28723, 29530, 0, 
517, 1, 515, 526, -1, 154, 349, 16.0, 24, ABalappappp, 0, 28502, 17329, 608, , 28502, 25000, 27408, 27376, 0, 
518, 1, 516, 527, -1, 157, 306, 17.0, 23, ABalappppaa, 187, 27941, 14306, 512, , 27941, 25000, 27896, 28151, 0, 
519, 1, 517, 528, -1, 148, 259, 24.0, 22, ABalapapapa, -370, 26565, 10201, 384, , 26565, 25000, 28289, 28239, 0, 
