1, 1, 270, 275, -1, 530, 188, 10.5, 27, Capppp, 259, 26291, 23557, 896, , 26291, 25000, 28112, 28199, 0, 
2, 1, 192, 435, -1, 190, 351, 10.9, 26, ABpraaaaap, 238, 28634, 22907, 800, , 28634, 25000, 26998, 27091, 0, 
3, 1, 40, 339, -1, 316, 386, 10.5, 27, ABpraappap, 252, 27127, 24306, 896, , 27127, 25000, 27831, 27694, 0, 
4, 1, 178, 306, -1, 510, 343, 17.8, 30, Cppapa, 296, 27689, 36550, 1320, , 27689, 25000, 28175, 28243, 0, 
5, 1, 143, 246, -1, 203, 283, 17.8, 24, ABaraappaap, 181, 27634, 18128, 656, , 27634, 25000, 27855, 27948, 0, 
6, 1, 105, 38, -1, 306, 256, 8.6, 25, ABarapapppa, -54, 28004, 23299, 832, , 28004, 25000, 29127, 29264, 0, 
7, 1, 25, 247, -1, 157, 310, 15.2, 28, ABalappapa, 282, 27517, 28948, 1052, , 27517, 25000, 27279, 27471, 0, 
8, 1, 196, 125, -1, 184, 179, 24.4, 28, ABplaapaapp, 220, 26984, 26660, 988, , 26984, 25000, 28714, 28738, 0, 
9, 1, 65, 179, -1, 233, 214, 14.5, 27, ABalpaaapa, 261, 27531, 24668, 896, , 27531, 25000, 27729, 27695, 0, 
10, 1, 433, 429, -1, 378, 194, 7.0, 22, ABplpapappa, 188, 27721, 10645, 384, , 27721, 25000, 31508, 31913, 0, 
11, 1, 486, 230, -1, 471, 253, 5.6, 23, ABprppppaap, 201, 35588, 22776, 640, , 35588, 25000, 34498, 34546, 0, 
12, 1, 289, 317, -1, 418, 244, 18.2, 32, Ealap, 319, 28254, 45432, 1608, , 28254, 25000, 28794, 28909, 0, 
13, 1, 194, 47, -1, 379, 131, 13.6, 24, ABplppapaaa, 220, 27543, 19280, 700, , 27543, 25000, 28245, 28290, 0, 
14, 1, 219, 225, -1, 248, 234, 7.9, 26, ABarapaaap, 199, 30530, 24424, 800, , 30530, 25000, 29658, 29718, 0, 
15, 1, 66, 444, -1, 434, 256, 5.6, 23, ABplpapppap, 193, 34205, 21891, 640, , 34205, 25000, 36128, 36170, 0, 
16, 1, 346, 28, -1, 218, 143, 20.4, 27, ABplpaapapa, 232, 27239, 26912, 988, , 27239, 25000, 28050, 27992, 0, 
17, 1, 17, 219, -1, 228, 320, 9.1, 24, ABprpaaaaaa, 202, 28040, 16936, 604, , 28040, 25000, 29026, 29390, 0, 
18, 1, 263, 24, -1, 290, 319, 17.6, 28, MSpaapaa, 247, 28402, 28061, 988, , 28402, 25000, 28047, 28182, 0, 
19, 1, 432, 251, -1, 389, 402, 19.4, 27, ABarppppaa, 248, 27312, 26984, 988, , 27312, 25000, 27831, 27851, 0, 
20, 1, 14, 33, -1, 283, 148, 14.4, 25, ABplpaaappp, 229, 27172, 22607, 832, , 27172, 25000, 28126, 28264, 0, 
21, 1, 295, 98, -1, 172, 260, 13.2, 23, ABaraaapaaa, 214, 26931, 14543, 540, , 26931, 25000, 27909, 27810, 0, 
22, 1, 195, 123, -1, 569, 312, 8.2, 26, ABprappppa, 239, 28065, 22340, 796, , 28065, 25000, 28605, 28720, 0, 
23, 1, 68, 377, -1, 497, 275, 18.7, 33, Eprap, 300, 27812, 48281, 1736, , 27812, 25000, 28479, 28544, 0, 
24, 1, 240, 52, -1, 158, 255, 18.3, 27, MSaaaaaa, 158, 27242, 25172, 924, , 27242, 25000, 27711, 27841, 0, 
25, 1, 427, 209, -1, 229, 168, 11.7, 24, ABalppappap, 289, 27388, 19281, 704, , 27388, 25000, 28378, 27843, 0, 
26, 1, 56, 145, -1, 318, 284, 13.2, 28, ABaraapppp, 251, 27974, 29429, 1052, , 27974, 25000, 29436, 29186, 0, 
27, 1, 125, 89, -1, 533, 141, 21.9, 29, ABplapapaa, 223, 27988, 33809, 1208, , 27988, 25000, 28098, 28099, 0, 
28, 1, 462, 232, -1, 232, 157, 8.9, 24, ABalppapaap, 178, 27449, 16579, 604, , 27449, 25000, 28493, 28441, 0, 
29, 1, 331, 128, -1, 235, 218, 23.4, 26, MSapappa, 230, 29344, 24414, 832, , 29344, 25000, 28515, 28508, 0, 
30, 1, 111, 137, -1, 245, 210, 5.4, 29, ABalpapaap, 224, 36216, 41866, 1156, , 36216, 25000, 37423, 37953, 0, 
31, 1, 33, 432, -1, 243, 165, 15.1, 24, ABplpaaaaap, -8, 27391, 16544, 604, , 27391, 25000, 27757, 27845, 0, 
32, 1, 344, 358, -1, 481, 392, 19.6, 28, ABprappapa, 97, 28331, 27991, 988, , 28331, 25000, 27878, 27858, 0, 
33, 1, 106, 283, -1, 278, 205, 12.6, 28, ABalpapppa, 193, 27755, 27422, 988, , 27755, 25000, 28525, 28384, 0, 
34, 1, 76, 301, -1, 237, 240, 19.5, 27, ABaraapaapp, 226, 27545, 24680, 896, , 27545, 25000, 28550, 28648, 0, 
35, 0, 215, -1, -1, 163, 168, 12.0, 23, , 74, 584, 14523, 512, , 28365, 25000, 27757, 27781, 0, 
36, 1, 202, 332, -1, 446, 363, 14.3, 29, Cppaaa, 296, 26878, 28706, 1068, , 26878, 25000, 28204, 28223, 0, 
37, 1, 422, 459, -1, 517, 193, 23.4, 28, Cappaap, 261, 28815, 28469, 988, , 28815, 25000, 28600, 28557, 0, 
38, 1, 119, 122, 512, 206, 339, 13.7, 27, ABpraaapaa, 195, 27212, 25144, 924, , 27212, 25000, 27070, 27107, 0, 
39, 1, 284, 154, -1, 236, 131, 14.4, 28, ABplpaaapa, -69, 28930, 28583, 988, , 28930, 25000, 27369, 27217, 0, 
40, 1, 135, 272, -1, 275, 295, 14.4, 23, ABaraapppaa, 225, 27392, 17531, 640, , 27392, 25000, 28270, 28477, 0, 
41, 1, 174, 195, -1, 278, 314, 25.7, 30, ABarpaapap, 304, 28112, 36770, 1308, , 28112, 25000, 28739, 28827, 0, 
42, 1, 399, 93, -1, 300, 122, 18.3, 27, ABplaappap, 260, 28238, 26092, 924, , 28238, 25000, 28065, 28069, 0, 
43, 1, 122, 322, -1, 379, 243, 18.9, 31, Ealaa, 317, 27672, 40955, 1480, , 27672, 25000, 29144, 28981, 0, 
44, 1, 104, 170, -1, 306, 311, 25.5, 31, ABarpaappa, 272, 28298, 34863, 1232, , 28298, 25000, 28844, 28763, 0, 
45, 1, 489, 114, -1, 172, 176, 20.3, 25, ABalppppapa, -129, 27327, 20878, 764, , 27327, 25000, 27905, 27878, 0, 
46, 1, 374, 311, -1, 327, 325, 24.3, 26, ABarpaappp, 246, 30421, 26040, 856, , 30421, 25000, 27916, 27945, 0, 
47, 1, 117, 164, -1, 342, 320, 6.5, 23, ABprpapaapp, 157, 31195, 19715, 632, , 31195, 25000, 32991, 32737, 0, 
48, 1, 303, 25, -1, 306, 323, 6.4, 23, ABprpapaapa, 153, 32112, 20552, 640, , 32112, 25000, 33001, 32411, 0, 
49, 1, 363, 197, -1, 129, 227, 16.3, 28, ABalaaapar, 122, 26857, 28576, 1064, , 26857, 25000, 27106, 27061, 0, 
50, 1, 323, 171, -1, 521, 377, 12.1, 27, ABprappapp, 234, 28117, 25530, 908, , 28117, 25000, 27858, 27757, 0, 
51, 1, 85, 449, -1, 224, 193, 23.4, 25, ABplaapappa, 91, 29210, 24303, 832, , 29210, 25000, 28532, 28541, 0, 
52, 1, 372, 488, -1, 365, 289, 19.2, 33, Earaa, 334, 27388, 47764, 1744, , 27388, 25000, 29032, 29107, 0, 
53, 1, 55, 53, -1, 455, 119, 20.1, 27, ABplappaap, 253, 27539, 25005, 908, , 27539, 25000, 27416, 27424, 0, 
54, 1, 128, 100, -1, 454, 155, 25.0, 29, ABplappapa, 96, 28549, 35058, 1228, , 28549, 25000, 28710, 28750, 0, 
55, 1, 57, 21, -1, 237, 274, 12.3, 29, ABarapaapa, 76, 27468, 29336, 1068, , 27468, 25000, 28077, 28339, 0, 
56, 1, 103, 260, -1, 388, 278, 24.8, 32, Cpaaaa, 328, 28771, 46263, 1608, , 28771, 25000, 29043, 29091, 0, 
57, 1, 114, 87, -1, 263, 328, 10.1, 24, ABprpaaaaap, 104, 27257, 16463, 604, , 27257, 25000, 28151, 28226, 0, 
58, 1, 49, 235, -1, 371, 146, 8.5, 25, ABalpapappp, 220, 28815, 22130, 768, , 28815, 25000, 28470, 28362, 0, 
59, 1, 48, 378, -1, 522, 115, 13.4, 27, ABplapappa, 621, 28610, 28267, 988, , 28610, 25000, 27603, 27644, 0, 
60, 1, 431, 320, -1, 329, 303, 4.7, 27, ABarappapap, 255, 38032, 35142, 924, , 38032, 25000, 36286, 36525, 0, 
61, 1, 454, 84, -1, 543, 224, 8.2, 23, Caapaa, 179, 26748, 14444, 540, , 26748, 25000, 29234, 29219, 0, 
62, 1, 177, 249, -1, 421, 322, 25.8, 33, Caaaaa, 323, 27618, 48166, 1744, , 27618, 25000, 28254, 28227, 0, 
63, 1, 245, 226, -1, 466, 237, 17.5, 30, Ealpp, -35, 28816, 35501, 1232, , 28816, 25000, 28818, 28942, 0, 
64, 1, 39, 34, -1, 211, 370, 20.6, 26, ABarpappaa, 224, 28304, 23549, 832, , 28304, 25000, 28059, 28135, 0, 
65, 1, 101, 59, -1, 295, 295, 19.7, 26, MSpaaappa, 216, 26511, 22693, 856, , 26511, 25000, 28302, 28511, 0, 
66, 1, 38, 434, -1, 365, 320, 4.8, 24, ABarappappa, 133, 36287, 23804, 656, , 36287, 25000, 35124, 35001, 0, 
67, 1, 260, 333, -1, 271, 115, 16.9, 24, ABplaappaa, 57, 27162, 16406, 604, , 27162, 25000, 28072, 27872, 0, 
68, 1, 211, 398, -1, 379, 272, 11.7, 24, MSpapapa, 239, 41504, 29219, 704, , 41504, 25000, 32265, 32353, 0, 
69, 1, 77, 448, -1, 347, 148, 11.2, 27, ABplppaapa, 200, 26645, 23128, 868, , 26645, 25000, 28098, 28047, 0, 
70, 1, 126, 224, -1, 272, 207, 9.0, 26, ABalpappppa, 243, 27975, 23835, 852, , 27975, 25000, 28828, 28855, 0, 
71, 1, 226, 356, -1, 514, 163, 11.4, 24, ABplapppapa, 202, 27914, 19540, 700, , 27914, 25000, 29020, 29161, 0, 
72, 1, 369, 426, -1, 286, 216, 22.0, 22, MSapppap, 195, 27451, 10541, 384, , 27451, 25000, 28415, 28563, 0, 
73, 1, 384, 37, -1, 285, 353, 15.8, 26, ABpraaapppa, 256, 28193, 22442, 796, , 28193, 25000, 27914, 27885, 0, 
74, 0, 503, -1, -1, 374, 284, 16.8, 28, , 213, -98, 30834, 1052, , 29310, 25000, 29397, 29408, 0, 
75, 1, 362, 159, -1, 493, 160, 6.0, 23, ABplpppapaa, 233, 35344, 18096, 512, , 35344, 25000, 37049, 37187, 0, 
76, 1, 59, 111, -1, 273, 189, 17.2, 26, MSapapaa, 206, 26800, 21333, 796, , 26800, 25000, 28147, 28137, 0, 
77, 1, 94, 72, -1, 179, 338, 21.7, 29, ABarpapaaa, 259, 27669, 29551, 1068, , 27669, 25000, 27676, 27721, 0, 
78, 1, 378, 324, -1, 463, 394, 13.6, 25, ABprappaaa, 256, 28136, 23409, 832, , 28136, 25000, 28170, 28208, 0, 
79, 1, 437, 363, -1, 570, 164, 13.4, 26, ABplapapppp, 261, 28151, 23422, 832, , 28151, 25000, 28222, 28222, 0, 
80, 1, 421, 255, -1, 203, 258, 11.5, 26, ABaraaaaap, 215, 28701, 25716, 896, , 28701, 25000, 27858, 27825, 0, 
81, 1, 358, 229, -1, 163, 341, 11.4, 23, ABalaappppp, 204, 27052, 17313, 640, , 27052, 25000, 27274, 27131, 0, 
82, 1, 468, 310, -1, 429, 283, 19.8, 32, Epraa, 51, 28403, 45672, 1608, , 28403, 25000, 28268, 28310, 0, 
83, 1, 461, 126, -1, 483, 212, 7.3, 23, ABplpappppp, 197, 30850, 18263, 592, , 30850, 25000, 30238, 30436, 0, 
84, 1, 262, 427, -1, 325, 256, 4.5, 25, ABprpappaap, 245, 37155, 28535, 768, , 37155, 25000, 37328, 37362, 0, 
85, 1, 459, 271, -1, 523, 292, 5.9, 25, ABprpppaapa, 206, 37439, 23811, 636, , 37439, 25000, 37389, 37249, 0, 
86, 1, 153, 327, -1, 198, 313, 15.8, 25, MSppaaap, 218, 26493, 18651, 704, , 26493, 25000, 27640, 27579, 0, 
87, 1, 179, 147, -1, 314, 148, 15.1, 24, ABplppaaaaa, 203, 27152, 16400, 604, , 27152, 25000, 28039, 28222, 0, 
88, 1, 306, 413, -1, 299, 238, 25.9, 24, ABarppaaaa, 240, 28089, 16966, 604, , 28089, 25000, 28777, 28760, 0, 
89, 1, 113, 236, -1, 537, 281, 24.1, 32, Caaapa, 327, 27230, 42915, 1576, , 27230, 25000, 28480, 28489, 0, 
90, 1, 20, 31, -1, 503, 116, 17.2, 27, ABplapapap, 47, 28263, 24532, 868, , 28263, 25000, 27747, 27796, 0, 
91, 1, 222, 396, -1, 467, 306, 5.7, 24, ABprpppaaaa, 203, 33580, 23640, 704, , 33580, 25000, 33532, 33349, 0, 
92, 1, 419, 146, -1, 131, 322, 14.2, 25, ABalappappa, 206, 26773, 18848, 704, , 26773, 25000, 27287, 27361, 0, 
93, 1, 208, 259, -1, 270, 299, 19.9, 26, MSpaaaapp, 230, 27730, 22184, 800, , 27730, 25000, 27989, 28152, 0, 
94, 1, 360, 360, -1, 578, 267, 21.4, 32, Caaapp, 308, 28251, 41925, 1484, , 28251, 25000, 28430, 28430, 0, 
95, 1, 127, 29, -1, 473, 111, 16.8, 26, ABplappapp, 246, 27714, 22060, 796, , 27714, 25000, 27445, 27481, 0, 
96, 1, 6, 60, -1, 224, 288, 16.3, 27, ABaraappapa, 126, 27985, 25858, 924, , 27985, 25000, 27984, 28081, 0, 
97, 1, 250, 399, -1, 586, 203, 20.4, 30, Cpapap, -135, 28131, 32520, 1156, , 28131, 25000, 28486, 28566, 0, 
98, 1, 477, 476, -1, 279, 246, 7.6, 26, ABarapapapa, -237, 28978, 24110, 832, , 28978, 25000, 30876, 30179, 0, 
99, 1, 167, 234, -1, 156, 184, 23.8, 26, ABplaapaapa, 132, 27690, 22041, 796, , 27690, 25000, 27535, 27502, 0, 
100, 1, 510, 450, -1, 594, 237, 13.7, 32, Caappd, 170, 27467, 43508, 1584, , 27467, 25000, 27910, 27971, 0, 
101, 1, 408, 278, -1, 398, 158, 15.0, 26, MSaapppa, 240, 27271, 23235, 852, , 27271, 25000, 27661, 27713, 0, 
102, 1, 231, 57, -1, 251, 341, 25.4, 28, ABarpapapp, 266, 28197, 27859, 988, , 28197, 25000, 29194, 29183, 0, 
103, 1, 232, 12, -1, 358, 114, 17.9, 29, ABplapaapa, 246, 28952, 34974, 1208, , 28952, 25000, 28356, 28417, 0, 
104, 1, 150, 233, -1, 310, 160, 7.3, 26, ABalpapapap, 247, 29423, 25186, 856, , 29423, 25000, 32170, 32618, 0, 
105, 1, 407, 39, -1, 187, 215, 27.0, 24, ABalapapppp, 261, 29181, 17742, 608, , 29181, 25000, 29307, 29382, 0, 
106, 1, 22, 156, -1, 292, 345, 9.5, 25, ABprpaaappp, 196, 27204, 20893, 768, , 27204, 25000, 27699, 27755, 0, 
107, 1, 61, 252, -1, 247, 169, 22.0, 27, ABplaapapap, -55, 27462, 28341, 1032, , 27462, 25000, 28416, 28344, 0, 
108, 1, 274, 439, -1, 589, 240, 16.5, 31, Cpappd, 311, 28528, 35146, 1232, , 28528, 25000, 28573, 28798, 0, 
109, 1, 417, 486, -1, 575, 196, 10.3, 26, Caappv, 258, 26463, 22652, 856, , 26463, 25000, 28254, 28287, 0, 
110, 1, 504, 410, -1, 328, 121, 18.5, 24, ABplaapppa, 200, 28820, 22134, 768, , 28820, 25000, 27908, 28113, 0, 
111, 1, 124, 16, -1, 496, 384, 14.2, 26, ABprappaap, 63, 27421, 21827, 796, , 27421, 25000, 28103, 28183, 0, 
112, 1, 26, 178, -1, 207, 239, 18.3, 26, ABaraapaapa, 199, 28242, 24175, 856, , 28242, 25000, 27745, 27913, 0, 
113, 1, 123, 129, -1, 517, 222, 12.3, 32, Eplpp, 321, 27399, 43400, 1584, , 27399, 25000, 29232, 29234, 0, 
114, 0, 107, -1, -1, 165, 249, 21.5, 26, , 131, 1208, 26702, 896, , 29801, 25000, 28481, 28593, 0, 
115, 1, 47, 107, -1, 306, 216, 15.7, 28, ABaraapapp, 167, 28583, 30412, 1064, , 28583, 25000, 28840, 28916, 0, 
116, 1, 214, 119, -1, 353, 152, 22.4, 26, ABplapaaapp, 311, 28234, 23491, 832, , 28234, 25000, 28968, 29045, 0, 
117, 1, 301, 264, -1, 172, 348, 14.5, 25, ABpraaapapa, 209, 28708, 22048, 768, , 28708, 25000, 27813, 27766, 0, 
118, 1, 341, 176, -1, 428, 129, 18.3, 29, ABplappaaa, 150, 27305, 29162, 1068, , 27305, 25000, 27739, 27856, 0, 
119, 1, 253, 155, -1, 227, 206, 8.4, 25, ABalpaaaap, 117, 27697, 23044, 832, , 27697, 25000, 28398, 28347, 0, 
120, 1, 332, 43, -1, 217, 180, 15.5, 24, ABplpaapaaa, 254, 28655, 22007, 768, , 28655, 25000, 27475, 27410, 0, 
121, 0, 183, -1, -1, 195, 311, 20.8, 24, , 168, -987, 17953, 656, , 27367, 25000, 28307, 28354, 0, 
122, 1, 434, 349, -1, 238, 328, 14.4, 24, ABpraaappaa, 196, 26776, 18743, 700, , 26776, 25000, 27538, 27566, 0, 
123, 1, 442, 401, -1, 246, 121, 17.4, 24, ABplpaapapp, 184, 27219, 19053, 700, , 27219, 25000, 28616, 28790, 0, 
124, 1, 269, 446, -1, 265, 244, 23.9, 27, MSapappp, 273, 27521, 24989, 908, , 27521, 25000, 28121, 28093, 0, 
125, 1, 236, 242, -1, 308, 248, 21.8, 24, MSaaaappa, -225, 28579, 18748, 656, , 28579, 25000, 28481, 28586, 0, 
126, 1, 450, 394, -1, 353, 263, 25.6, 29, ABarppaapa, 291, 27374, 31644, 1156, , 27374, 25000, 28469, 28515, 0, 
127, 1, 339, 74, -1, 219, 275, 26.0, 27, ABplaaaapa, 236, 30739, 31723, 1032, , 30739, 25000, 28403, 28458, 0, 
128, 1, 5, 19, -1, 175, 274, 25.8, 29, ABarpaaaap, 263, 27255, 30308, 1112, , 27255, 25000, 28458, 28677, 0, 
129, 1, 62, 94, -1, 153, 211, 18.3, 28, ABalapaaaa, 135, 27827, 29608, 1064, , 27827, 25000, 27685, 27897, 0, 
130, 1, 175, 407, -1, 407, 131, 13.1, 24, ABplppapaap, 140, 27714, 16739, 604, , 27714, 25000, 27811, 28010, 0, 
131, 1, 488, 237, -1, 180, 195, 8.5, 24, ABalpaapppp, 187, 27467, 21095, 768, , 27467, 25000, 28026, 28066, 0, 
132, 1, 354, 206, -1, 338, 136, 14.6, 25, ABplppaaaap, -93, 26489, 22039, 832, , 26489, 25000, 27860, 27894, 0, 
133, 0, 134, -1, -1, 86, 263, 16.0, 26, , 236, 2699, 25557, 852, , 29996, 25000, 27297, 27297, 0, 
134, 1, 307, 344, -1, 370, 123, 10.9, 23, ABplpaaaapp, 6, 28837, 14303, 496, , 28837, 25000, 27589, 27642, 0, 
135, 1, 234, 257, -1, 554, 313, 10.6, 25, ABprapppaa, 209, 27334, 22742, 832, , 27334, 25000, 27988, 28194, 0, 
136, 1, 326, 357, -1, 162, 301, 9.4, 26, ABalaaapprr, 219, 27069, 22521, 832, , 27069, 25000, 28155, 28107, 0, 
137, 1, 257, 65, -1, 155, 223, 9.3, 24, ABalpaapppa, 200, 28974, 20398, 704, , 28974, 25000, 27807, 27863, 0, 
138, 1, 81, 142, -1, 413, 331, 10.2, 29, MSpapppa, 238, 27192, 30237, 1112, , 27192, 25000, 28955, 28992, 0, 
139, 1, 129, 303, -1, 343, 370, 17.3, 25, ABprapaaapa, 255, 27558, 21054, 764, , 27558, 25000, 28693, 28762, 0, 
140, 1, 191, 103, -1, 206, 190, 26.5, 26, ABplaaapaa, 155, 30635, 27449, 896, , 30635, 25000, 29750, 29785, 0, 
141, 1, 251, 374, -1, 129, 311, 19.3, 24, ABpraapaaaa, 17, 27304, 19222, 704, , 27304, 25000, 26662, 26674, 0, 
142, 1, 239, 274, -1, 273, 277, 22.2, 25, MSaaaapap, 215, 28145, 19814, 704, , 28145, 25000, 28644, 28630, 0, 
143, 1, 151, 27, -1, 427, 167, 12.9, 25, MSaapppp, 259, 27047, 18608, 688, , 27047, 25000, 28033, 28025, 0, 
144, 1, 312, 364, -1, 285, 386, 11.2, 23, ABpraappaa, 200, 27402, 14797, 540, , 27402, 25000, 27701, 27525, 0, 
145, 1, 163, 41, -1, 259, 278, 17.3, 27, ABaraappapp, -73, 27285, 25211, 924, , 27285, 25000, 27954, 27932, 0, 
146, 1, 88, 421, -1, 384, 214, 12.0, 22, MSaapappp, 211, 31708, 12176, 384, , 31708, 25000, 30294, 30087, 0, 
147, 1, 425, 307, -1, 198, 316, 25.1, 25, ABarpapapa, 240, 27978, 19249, 688, , 27978, 25000, 29003, 29066, 0, 
148, 1, 470, 256, -1, 235, 280, 22.8, 24, MSaaaapaa, 98, 29348, 19252, 656, , 29348, 25000, 28176, 28256, 0, 
149, 1, 71, 130, -1, 556, 145, 17.2, 24, ABplapapppa, 46, 27416, 17985, 656, , 27416, 25000, 28790, 28877, 0, 
150, 1, 60, 375, -1, 418, 220, 6.5, 24, ABplpapppaa, 210, 32090, 24645, 768, , 32090, 25000, 32522, 32661, 0, 
151, 1, 51, 198, -1, 505, 195, 5.5, 31, ABplpppapap, 258, 39829, 49069, 1232, , 39829, 25000, 36093, 36404, 0, 
152, 1, 271, 379, -1, 334, 255, 20.3, 25, MSaaaappp, 218, 27062, 20675, 764, , 27062, 25000, 28591, 28607, 0, 
153, 1, 172, 445, -1, 244, 219, 17.3, 25, ABalpaapapp, 222, 26043, 19897, 764, , 26043, 25000, 27563, 27635, 0, 
154, 1, 43, 143, -1, 137, 239, 21.9, 26, ABplaapaaaa, 200, 27629, 22103, 800, , 27629, 25000, 28313, 28334, 0, 
155, 1, 204, 215, -1, 207, 246, 8.2, 24, ABarapaaaaa, 197, 28825, 18909, 656, , 28825, 25000, 29785, 29787, 0, 
156, 1, 380, 470, -1, 369, 217, 14.4, 27, MSaapapa, 52, 37628, 37176, 988, , 37628, 25000, 31235, 31174, 0, 
157, 1, 334, 205, -1, 484, 295, 9.7, 23, ABprpppppaa, 231, 28554, 16904, 592, , 28554, 25000, 28190, 28224, 0, 
158, 1, 209, 102, -1, 576, 232, 8.7, 24, ABprppppppp, 183, 28172, 19833, 704, , 28172, 25000, 28620, 28753, 0, 
159, 1, 221, 133, -1, 224, 318, 25.9, 27, ABarpaapaa, 244, 28965, 26300, 908, , 28965, 25000, 29589, 29868, 0, 
160, 1, 116, 140, -1, 199, 218, 22.9, 24, ABplaaaaapa, 210, 28104, 16975, 604, , 28104, 25000, 28078, 28092, 0, 
161, 1, 3, 397, -1, 308, 215, 25.2, 28, ABplapaaaap, 268, 28502, 29984, 1052, , 28502, 25000, 27975, 28022, 0, 
162, 1, 199, 451, 492, 308, 146, 12.0, 24, ABplpapaap, 286, 26225, 15945, 608, , 26225, 25000, 28665, 28577, 0, 
163, 1, 50, 127, -1, 174, 242, 25.5, 31, ABplaaaaaa, 18, 27144, 33442, 1232, , 27144, 25000, 27824, 27934, 0, 
164, 1, 313, 13, -1, 337, 123, 10.0, 26, ABplpaaaapa, 221, 28850, 24580, 852, , 28850, 25000, 27922, 27861, 0, 
165, 1, 10, 183, -1, 194, 174, 16.3, 26, ABalapaapa, 223, 27436, 23485, 856, , 27436, 25000, 27645, 27754, 0, 
166, 1, 255, 277, -1, 130, 226, 13.3, 27, ABalaaaarl, 234, 26666, 24639, 924, , 26666, 25000, 26827, 26774, 0, 
167, 1, 439, 153, -1, 464, 175, 21.6, 27, Cappaaa, 264, 27825, 27491, 988, , 27825, 25000, 27865, 27867, 0, 
168, 1, 159, 326, -1, 403, 251, 7.4, 25, ABprpapppap, 227, 28669, 23853, 832, , 28669, 25000, 31534, 31534, 0, 
169, 1, 93, 73, -1, 183, 143, 18.3, 27, ABalpppaap, -102, 27235, 25165, 924, , 27235, 25000, 27572, 27565, 0, 
170, 1, 268, 168, -1, 501, 169, 20.4, 29, Capapa, 270, 27789, 32124, 1156, , 27789, 25000, 28740, 28734, 0, 
171, 1, 321, 258, -1, 550, 189, 20.4, 30, Capppa, 149, 27371, 31641, 1156, , 27371, 25000, 28221, 28202, 0, 
172, 1, 146, 110, -1, 225, 371, 10.6, 24, ABpraaaapad, -54, 27059, 18941, 700, , 27059, 25000, 27531, 27569, 0, 
173, 0, 184, -1, -1, 139, 274, 19.5, 25, , 241, 1261, 22031, 768, , 28686, 25000, 27558, 27425, 0, 
174, 1, 447, 78, -1, 385, 349, 10.8, 26, Dpapp, 251, 26258, 20901, 796, , 26258, 25000, 28608, 28738, 0, 
175, 1, 302, 381, -1, 414, 296, 5.9, 23, ABprppaappa, 190, 36127, 17919, 496, , 36127, 25000, 32846, 33521, 0, 
176, 1, 482, 393, -1, 213, 143, 16.3, 23, ABalpppapav, 212, 27079, 16031, 592, , 27079, 25000, 28025, 28102, 0, 
177, 1, 283, 314, -1, 532, 146, 13.5, 28, ABplapppaa, 220, 27466, 29663, 1080, , 27466, 25000, 28110, 28273, 0, 
178, 1, 108, 220, -1, 287, 277, 10.7, 26, ABarapappa, 54, 27091, 23190, 856, , 27091, 25000, 28985, 28775, 0, 
179, 1, 180, 268, -1, 201, 227, 13.3, 28, ABaraaaaaa, -87, 26838, 28556, 1064, , 26838, 25000, 28016, 28288, 0, 
180, 1, 290, 91, -1, 530, 170, 7.6, 24, ABplapppapp, 184, 28667, 20067, 700, , 28667, 25000, 30867, 30896, 0, 
181, 1, 157, 76, 261, 240, 357, 15.8, 28, ABpraapapa, 246, 28018, 29475, 1052, , 28018, 25000, 28036, 27885, 0, 
182, 1, 416, 177, -1, 279, 188, 21.9, 25, ABalppppppa, 389, 28651, 19712, 688, , 28651, 25000, 27825, 27879, 0, 
183, 1, 335, 80, -1, 194, 267, 6.2, 27, ABaraaappp, 206, 32082, 27847, 868, , 32082, 25000, 36523, 37128, 0, 
184, 1, 343, 218, -1, 316, 349, 13.1, 25, MSppppaa, 202, 27795, 19123, 688, , 27795, 25000, 27676, 27674, 0, 
185, 1, 445, 68, -1, 238, 155, 18.3, 24, ABplpaapaap, 220, 27271, 19199, 704, , 27271, 25000, 28270, 28231, 0, 
186, 1, 252, 355, -1, 417, 161, 25.1, 30, ABarppapap, 172, 28295, 38368, 1356, , 28295, 25000, 28714, 28841, 0, 
187, 1, 190, 455, -1, 337, 180, 21.4, 26, ABplapaaapa, 320, 27666, 23018, 832, , 27666, 25000, 29002, 28965, 0, 
188, 1, 201, 42, -1, 361, 395, 13.3, 24, ABprapaapa, 139, 27838, 19598, 704, , 27838, 25000, 28023, 27953, 0, 
189, 1, 288, 50, -1, 317, 284, 21.5, 29, MSpaaapa, 152, 28410, 30683, 1080, , 28410, 25000, 28162, 28283, 0, 
190, 1, 428, 329, -1, 444, 362, 8.2, 24, ABprppapaap, 204, 27968, 18347, 656, , 27968, 25000, 28860, 28665, 0, 
191, 1, 299, 3, -1, 172, 288, 7.0, 25, ABalaapaap, 252, 30550, 23340, 764, , 30550, 25000, 33462, 33867, 0, 
192, 1, 238, 71, -1, 267, 260, 13.1, 24, ABarapaappa, 57, 27129, 16386, 604, , 27129, 25000, 28583, 28545, 0, 
193, 1, 1, 328, -1, 194, 369, 15.3, 25, ABpraaapapp, 210, 28140, 21499, 764, , 28140, 25000, 27218, 27046, 0, 
194, 1, 414, 315, -1, 489, 194, 9.7, 26, ABplpppppap, 227, 27340, 23403, 856, , 27340, 25000, 28757, 28768, 0, 
195, 1, 345, 66, -1, 236, 164, 26.3, 30, ABplaaapap, 238, 28609, 37420, 1308, , 28609, 25000, 29094, 29048, 0, 
196, 1, 187, 292, -1, 214, 260, 22.7, 25, MSaaaaapp, 210, 27804, 21242, 764, , 27804, 25000, 28618, 28728, 0, 
197, 1, 242, 366, -1, 465, 342, 7.4, 26, ABprppapap, 649, 28032, 23323, 832, , 28032, 25000, 30040, 30271, 0, 
198, 1, 293, 7, -1, 443, 139, 10.8, 29, ABplppappp, 276, 26937, 29954, 1112, , 26937, 25000, 27786, 27854, 0, 
199, 1, 357, 282, -1, 244, 381, 12.5, 25, ABprpaapapa, 203, 27865, 21400, 768, , 27865, 25000, 27634, 27706, 0, 
200, 1, 149, 55, -1, 362, 361, 24.8, 30, ABarpppapa, 258, 27329, 36074, 1320, , 27329, 25000, 28123, 28143, 0, 
201, 1, 164, 5, -1, 196, 140, 14.1, 26, ABalpppaaa, 200, 27061, 21649, 800, , 27061, 25000, 27519, 27599, 0, 
202, 1, 282, 207, -1, 161, 245, 15.3, 25, ABaraapaaaa, -184, 26304, 20096, 764, , 26304, 25000, 27114, 27061, 0, 
203, 1, 86, 151, -1, 547, 281, 8.6, 28, ABprapppap, 205, 27244, 26917, 988, , 27244, 25000, 28627, 28637, 0, 
204, 0, 142, -1, -1, 302, 302, 9.1, 24, , 211, -328, 17174, 604, , 28434, 25000, 28717, 28762, 0, 
205, 1, 440, 456, -1, 460, 326, 9.6, 27, MSpapppp, 229, 27841, 27507, 988, , 27841, 25000, 28457, 28546, 0, 
206, 1, 444, 116, -1, 223, 361, 17.8, 24, ABpraapappa, 182, 28639, 18787, 656, , 28639, 25000, 27636, 27732, 0, 
207, 1, 206, 241, -1, 336, 145, 7.9, 24, ABalpapappa, 187, 27969, 16893, 604, , 27969, 25000, 29783, 30042, 0, 
208, 1, 435, 4, -1, 350, 347, 5.5, 25, ABprpaaaapa, 474, 37273, 28626, 768, , 37273, 25000, 36398, 36462, 0, 
209, 1, 338, 86, -1, 367, 323, 7.7, 27, ABprppaapa, 454, 27634, 25534, 924, , 27634, 25000, 29623, 29465, 0, 
210, 1, 352, 312, -1, 550, 208, 25.1, 34, Cpaapp, 341, 28830, 56968, 1976, , 28830, 25000, 28482, 28543, 0, 
211, 1, 19, 286, -1, 428, 162, 7.6, 24, ABplppaappp, 187, 28443, 19910, 700, , 28443, 25000, 30172, 30007, 0, 
212, 1, 473, 458, -1, 209, 238, 25.5, 25, ABplaaaaapp, 243, 27751, 21313, 768, , 27751, 25000, 27397, 27483, 0, 
213, 1, 45, 190, -1, 247, 275, 26.2, 29, ABplaaaapp, 270, 27282, 30338, 1112, , 27282, 25000, 28847, 28682, 0, 
214, 1, 375, 227, -1, 581, 264, 9.4, 24, ABprappppp, 233, 28516, 19961, 700, , 28516, 25000, 27579, 27632, 0, 
215, 1, 229, 372, -1, 249, 210, 12.0, 23, ABalpappaap, 229, 27307, 13981, 512, , 27307, 25000, 28153, 28112, 0, 
216, 1, 430, 186, -1, 435, 166, 18.4, 29, Capaaa, 354, 27521, 31814, 1156, , 27521, 25000, 28299, 28315, 0, 
217, 0, 275, -1, -1, 216, 153, 22.2, 24, , 216, 365, 18552, 656, , 28280, 25000, 27774, 27915, 0, 
218, 1, 37, 200, -1, 408, 121, 19.5, 29, ABplapaapp, 260, 27581, 29788, 1080, , 27581, 25000, 27571, 27588, 0, 
219, 1, 223, 158, -1, 495, 152, 24.8, 29, ABarppappa, 292, 26423, 29382, 1112, , 26423, 25000, 28240, 28229, 0, 
220, 1, 212, 408, -1, 259, 185, 26.2, 29, ABplaaappa, 253, 28985, 32231, 1112, , 28985, 25000, 29337, 29383, 0, 
221, 1, 166, 290, -1, 288, 385, 15.5, 27, ABpraaapppp, 262, 27304, 24464, 896, , 27304, 25000, 28449, 28513, 0, 
222, 1, 41, 497, -1, 425, 183, 22.4, 25, Dapap, 193, 27445, 22834, 832, , 27445, 25000, 28507, 28507, 0, 
223, 1, 144, 17, -1, 464, 168, 6.5, 24, ABplppppapa, 317, 30557, 23468, 768, , 30557, 25000, 32770, 32684, 0, 
224, 1, 426, 386, -1, 196, 177, 8.5, 24, ABalppapaaa, 214, 28639, 21995, 768, , 28639, 25000, 28409, 28538, 0, 
225, 1, 168, 136, -1, 241, 242, 12.4, 24, ABalpappaaa, -38, 27700, 19390, 700, , 27700, 25000, 28399, 28107, 0, 
226, 1, 300, 347, -1, 296, 257, 13.5, 25, ABarapaappp, 200, 27372, 21022, 768, , 27372, 25000, 28573, 28673, 0, 
227, 1, 319, 469, -1, 512, 268, 15.9, 32, Eprpa, 322, 28138, 44345, 1576, , 28138, 25000, 29233, 29340, 0, 
228, 1, 112, 391, -1, 261, 153, 13.1, 24, ABplpaaappa, 425, 28520, 17226, 604, , 28520, 25000, 27860, 27918, 0, 
229, 1, 297, 152, -1, 273, 222, 15.6, 28, ABalpaaapp, 111, 27606, 27275, 988, , 27606, 25000, 27449, 27504, 0, 
230, 1, 217, 211, -1, 252, 164, 6.9, 23, ABalppapapa, 50, 32425, 16083, 496, , 32425, 25000, 34455, 34557, 0, 
231, 1, 254, 216, -1, 533, 129, 10.7, 26, ABplappppa, 198, 27381, 23438, 856, , 27381, 25000, 27720, 27769, 0, 
232, 1, 264, 77, -1, 474, 158, 16.0, 30, Capaap, 284, 28505, 38425, 1348, , 28505, 25000, 28632, 28632, 0, 
233, 1, 230, 313, -1, 257, 366, 18.4, 25, ABpraapappp, 290, 27797, 23127, 832, , 27797, 25000, 28469, 28486, 0, 
234, 1, 322, 417, -1, 293, 176, 13.5, 24, MSapapap, 238, 27488, 21111, 768, , 27488, 25000, 28412, 28326, 0, 
235, 1, 403, 90, -1, 418, 216, 24.4, 31, Dappa, 309, 28804, 38367, 1332, , 28804, 25000, 27889, 27945, 0, 
236, 1, 298, 203, -1, 276, 152, 22.9, 27, ABalppppppp, 262, 26895, 24421, 908, , 26895, 25000, 28746, 28686, 0, 
237, 1, 483, 180, -1, 523, 369, 19.6, 28, ABarpppppa, 179, 27396, 27067, 988, , 27396, 25000, 27950, 27918, 0, 
238, 1, 361, 240, -1, 379, 148, 10.3, 23, ABplppappaa, 174, 26917, 15935, 592, , 26917, 25000, 28064, 27600, 0, 
239, 1, 160, 389, -1, 390, 223, 6.0, 23, ABprpappapp, 253, 32434, 16606, 512, , 32434, 25000, 35217, 35159, 0, 
240, 1, 367, 243, -1, 509, 269, 8.6, 24, ABprpppppap, 131, 27686, 19380, 700, , 27686, 25000, 29575, 29569, 0, 
241, 1, 446, 342, -1, 166, 207, 21.6, 23, ABalapappap, 193, 26391, 16890, 640, , 26391, 25000, 28875, 29062, 0, 
242, 1, 100, 199, -1, 335, 247, 7.8, 26, ABarapapppp, 263, 28558, 22732, 796, , 28558, 25000, 30987, 31048, 0, 
243, 1, 259, 248, -1, 463, 359, 18.3, 26, Cpppaaa, 249, 27141, 23233, 856, , 27141, 25000, 28245, 28253, 0, 
244, 1, 136, 161, -1, 274, 276, 4.6, 24, ABarapppapp, 209, 37690, 26383, 700, , 37690, 25000, 36764, 36689, 0, 
245, 1, 388, 208, -1, 448, 287, 25.5, 33, Cpaaap, 335, 28592, 46433, 1624, , 28592, 25000, 28282, 28312, 0, 
246, 1, 147, 433, -1, 372, 225, 24.3, 28, MSappppp, 287, 28758, 30599, 1064, , 28758, 25000, 27990, 28025, 0, 
247, 1, 42, 32, -1, 257, 355, 7.5, 29, ABprpaaapa, 749, 30187, 32602, 1080, , 30187, 25000, 30870, 31109, 0, 
248, 1, 397, 330, -1, 128, 196, 19.0, 25, ABalapaaapa, 238, 25933, 19813, 764, , 25933, 25000, 27203, 27068, 0, 
249, 1, 424, 437, -1, 412, 386, 21.3, 27, ABarpppapp, 238, 27368, 25288, 924, , 27368, 25000, 27972, 27943, 0, 
250, 1, 436, 280, -1, 397, 330, 5.9, 24, ABarappappp, 186, 35189, 21254, 604, , 35189, 25000, 32618, 32848, 0, 
251, 1, 11, 212, -1, 427, 329, 6.4, 27, ABprppappa, 221, 30023, 29663, 988, , 30023, 25000, 32273, 32134, 0, 
252, 1, 336, 368, -1, 441, 128, 13.7, 29, ABplppapap, 224, 27834, 29727, 1068, , 27834, 25000, 27682, 27737, 0, 
253, 1, 91, 172, -1, 557, 340, 9.7, 28, ABprapappa, 239, 27460, 29217, 1064, , 27460, 25000, 27986, 27963, 0, 
254, 1, 340, 85, -1, 208, 177, 11.0, 24, ABalppappaa, -185, 28891, 17566, 608, , 28891, 25000, 28104, 28288, 0, 
255, 1, 266, 163, -1, 401, 285, 14.0, 30, Earpa, 299, 28745, 38748, 1348, , 28745, 25000, 30731, 30583, 0, 
256, 1, 75, 343, -1, 236, 221, 10.9, 23, ABalpaaaaap, 137, 27835, 13806, 496, , 27835, 25000, 27774, 27770, 0, 
257, 1, 456, 201, -1, 508, 330, 21.4, 29, Cpppaap, 292, 28804, 33297, 1156, , 28804, 25000, 28374, 28382, 0, 
258, 1, 481, 175, -1, 166, 195, 16.0, 22, ABalapaappa, 225, 27380, 10514, 384, , 27380, 25000, 28428, 28459, 0, 
259, 1, 188, 457, -1, 336, 179, 26.5, 29, ABarppaaap, 290, 30497, 32937, 1080, , 30497, 25000, 29052, 29165, 0, 
260, 1, 58, 294, -1, 222, 199, 19.8, 25, ABplaapapaa, -14, 28195, 19849, 704, , 28195, 25000, 27780, 27811, 0, 
261, 1, 170, 337, -1, 449, 264, 8.5, 24, MSpappap, 219, 29793, 22881, 768, , 29793, 25000, 29483, 29588, 0, 
262, 1, 225, 300, -1, 480, 155, 11.5, 27, Capapp, 254, 27445, 24591, 896, , 27445, 25000, 28989, 29013, 0, 
263, 1, 53, 191, -1, 391, 347, 21.3, 31, Dpppa, 308, 27376, 37450, 1368, , 27376, 25000, 28485, 28553, 0, 
264, 1, 267, 95, -1, 330, 293, 18.5, 26, MSpaaappp, 436, 27667, 24790, 896, , 27667, 25000, 28269, 28331, 0, 
265, 1, 305, 506, -1, 245, 297, 4.6, 23, ABarapppapa, 39, 36450, 23328, 640, , 36450, 25000, 37290, 37030, 0, 
266, 1, 54, 134, -1, 207, 305, 9.3, 24, ABarappppaa, 190, 27537, 19386, 704, , 27537, 25000, 28354, 28315, 0, 
267, 1, 145, 495, -1, 172, 210, 24.7, 23, ABalapapppa, 194, 29779, 17629, 592, , 29779, 25000, 27647, 27704, 0, 
268, 1, 2, 121, -1, 429, 399, 13.4, 25, ABprapaapp, 45, 27174, 22609, 832, , 27174, 25000, 27534, 27539, 0, 
269, 1, 132, 135, -1, 477, 241, 12.5, 31, Eprpp, 314, 27383, 33736, 1232, , 27383, 25000, 28888, 28899, 0, 
270, 1, 328, 354, -1, 278, 303, 7.1, 24, ABarapppppa, -71, 30616, 18492, 604, , 30616, 25000, 30722, 30392, 0, 
271, 1, 233, 6, -1, 495, 334, 6.7, 25, ABprppappp, -108, 31332, 23938, 764, , 31332, 25000, 34272, 34518, 0, 
272, 1, 27, 23, -1, 279, 139, 10.0, 24, ABalppapppp, 58, 27627, 16797, 608, , 27627, 25000, 28334, 28367, 0, 
273, 1, 272, 276, -1, 227, 297, 5.6, 25, ABarapppaap, 188, 38867, 32337, 832, , 38867, 25000, 35866, 35805, 0, 
274, 1, 95, 106, -1, 589, 223, 11.3, 26, Cpappv, 261, 26876, 23006, 856, , 26876, 25000, 28450, 28451, 0, 
275, 1, 36, 244, -1, 279, 393, 19.1, 28, ABarpapppa, 192, 26902, 29269, 1088, , 26902, 25000, 28069, 28148, 0, 
276, 1, 394, 20, -1, 318, 377, 22.0, 27, ABprapaaaap, 274, 28398, 29307, 1032, , 28398, 25000, 27532, 27702, 0, 
277, 1, 16, 194, -1, 166, 300, 23.3, 30, ABarpaaapa, 220, 27702, 36234, 1308, , 27702, 25000, 28653, 28730, 0, 
278, 1, 204, 485, -1, 239, 252, 10.0, 23, ABarapaaaap, -492, 28988, 14842, 512, , 28988, 25000, 28340, 28449, 0, 
279, 1, 393, 384, -1, 491, 244, 5.2, 24, ABprppppapp, 195, 37398, 24533, 656, , 37398, 25000, 34620, 35227, 0, 
280, 1, 309, 395, -1, 283, 363, 12.7, 24, ABprpaappaa, 218, 26705, 18800, 704, , 26705, 25000, 28080, 28217, 0, 
281, 1, 78, 75, -1, 553, 154, 10.2, 25, ABplappppp, 91, 29135, 20511, 704, , 29135, 25000, 28062, 28128, 0, 
282, 0, 391, -1, -1, 345, 218, 17.5, 24, , 208, -1208, 21782, 768, , 28362, 25000, 29764, 29570, 0, 
283, 1, 480, 501, -1, 179, 238, 23.2, 22, ABalapapapp, 201, 27321, 13551, 496, , 27321, 25000, 27894, 28066, 0, 
284, 1, 176, 26, -1, 211, 348, 8.3, 26, ABpraaaaaa, -72, 27549, 23582, 856, , 27549, 25000, 29008, 28842, 0, 
285, 1, 411, 48, -1, 500, 303, 5.0, 22, ABprpppaaap, 198, 42958, 16496, 384, , 42958, 25000, 40371, 40049, 0, 
286, 1, 243, 269, -1, 579, 290, 12.8, 27, ABprapappp, 224, 27619, 23973, 868, , 27619, 25000, 28580, 28566, 0, 
287, 1, 311, 472, -1, 355, 351, 12.1, 23, Dpapa, 230, 26867, 13326, 496, , 26867, 25000, 28235, 28329, 0, 
288, 1, 19, 101, -1, 390, 175, 7.8, 25, ABplppaappa, 178, 28893, 20341, 704, , 28893, 25000, 29129, 29640, 0, 
289, 1, 314, 166, -1, 341, 273, 10.5, 25, MSpapaaap, 230, 35879, 27555, 768, , 35879, 25000, 30892, 30542, 0, 
290, 1, 197, 124, -1, 199, 272, 14.5, 24, ABaraaapaap, 117, 27926, 21447, 768, , 27926, 25000, 28167, 28105, 0, 
291, 1, 453, 409, -1, 378, 289, 9.2, 26, MSppaapp, 263, 28633, 22792, 796, , 28633, 25000, 29387, 29057, 0, 
292, 1, 277, 318, -1, 313, 194, 19.7, 24, Daaaa, 197, 27305, 19223, 704, , 27305, 25000, 29263, 29256, 0, 
293, 1, 102, 83, -1, 149, 345, 18.9, 25, ABpraapaaap, 205, 26948, 18540, 688, , 26948, 25000, 27583, 27476, 0, 
294, 1, 173, 112, -1, 197, 369, 12.9, 24, ABpraaaappa, 215, 26821, 16200, 604, , 26821, 25000, 27025, 26989, 0, 
295, 1, 342, 239, -1, 282, 173, 5.8, 23, ABalpapapaa, 188, 45317, 24471, 540, , 45317, 25000, 38699, 38406, 0, 
296, 1, 43, 117, -1, 145, 214, 23.7, 26, ABplaapaaap, 196, 27574, 23603, 856, , 27574, 25000, 27901, 27853, 0, 
297, 0, 423, -1, -1, 199, 287, 25.0, 23, , 50, -461, 14851, 512, , 29006, 25000, 29036, 29467, 0, 
298, 1, 34, 361, -1, 584, 326, 14.4, 27, ABarpppppp, 263, 27151, 26825, 988, , 27151, 25000, 27852, 27850, 0, 
299, 1, 72, 238, -1, 195, 367, 17.7, 26, ABpraapaapp, 149, 28078, 24035, 856, , 28078, 25000, 28119, 28119, 0, 
300, 0, 249, -1, -1, 231, 334, 6.1, 25, , 243, -652, 23104, 636, , 36327, 25000, 36597, 36979, 0, 
301, 1, 13, 414, -1, 180, 249, 9.3, 26, ABaraaappa, 208, 28339, 24258, 856, , 28339, 25000, 28461, 28376, 0, 
302, 1, 165, 184, -1, 529, 169, 15.7, 29, Cappap, 253, 26186, 27967, 1068, , 26186, 25000, 28774, 28868, 0, 
303, 1, 441, 385, -1, 257, 325, 5.7, 26, ABalaapapp, 11, 37104, 31761, 856, , 37104, 25000, 36673, 36930, 0, 
304, 1, 169, 250, -1, 558, 187, 9.0, 24, ABplppppppp, 171, 28531, 17347, 608, , 28531, 25000, 28395, 28591, 0, 
305, 1, 69, 10, -1, 237, 305, 20.8, 28, MSpaaaaa, -3, 27010, 28414, 1052, , 27010, 25000, 28413, 28397, 0, 
306, 1, 162, 18, -1, 265, 351, 14.3, 23, ABpraaappap, 168, 27650, 16369, 592, , 27650, 25000, 28182, 28267, 0, 
307, 1, 368, 388, -1, 386, 167, 19.4, 26, Dapaa, 263, 28093, 23373, 832, , 28093, 25000, 28873, 28962, 0, 
308, 1, 351, 367, -1, 398, 392, 12.3, 29, ABpraapppp, 113, 28216, 30135, 1068, , 28216, 25000, 27769, 27822, 0, 
309, 0, 237, -1, -1, 349, 386, 8.3, 23, , 596, 123, 16929, 592, , 28596, 25000, 28299, 28473, 0, 
310, 1, 84, 217, -1, 527, 142, 7.3, 24, ABplpppaapp, 208, 29453, 20735, 704, , 29453, 25000, 31388, 31719, 0, 
311, 1, 244, 406, -1, 300, 174, 25.6, 29, ABplaaappp, 286, 27921, 32277, 1156, , 27921, 25000, 28582, 28504, 0, 
312, 1, 273, 192, -1, 307, 279, 4.7, 23, ABarappapaa, 202, 38346, 22701, 592, , 38346, 25000, 37726, 37795, 0, 
313, 0, 385, -1, -1, 183, 152, 11.0, 22, , 173, 2246, 11317, 384, , 29471, 25000, 27423, 27225, 0, 
314, 1, 280, 302, -1, 358, 286, 14.6, 24, MSpapaapp, 176, 33287, 23301, 700, , 33287, 25000, 30923, 30695, 0, 
315, 1, 324, 480, -1, 522, 223, 6.1, 23, ABprpppapap, 230, 34591, 17157, 496, , 34591, 25000, 36605, 36821, 0, 
316, 1, 377, 69, -1, 130, 281, 13.5, 27, ABalaaappl, 232, 28108, 25185, 896, , 28108, 25000, 27052, 26950, 0, 
317, 1, 216, 325, -1, 193, 198, 19.2, 24, ABalppppaav, 53, 26646, 17480, 656, , 26646, 25000, 27999, 28000, 0, 
318, 1, 452, 96, -1, 148, 274, 8.5, 27, ABalaapaaa, 232, 27951, 25044, 896, , 27951, 25000, 28683, 28629, 0, 
319, 1, 182, 138, -1, 197, 296, 6.3, 24, ABarapppaaa, 122, 36243, 25515, 704, , 36243, 25000, 35670, 36752, 0, 
320, 1, 35, 174, -1, 346, 352, 8.4, 24, ABprppaaaap, 89, 28110, 19677, 700, , 28110, 25000, 28718, 28725, 0, 
321, 1, 67, 189, -1, 173, 270, 16.7, 24, ABaraappaaa, -523, 26909, 18944, 704, , 26909, 25000, 27876, 27707, 0, 
322, 1, 501, 213, -1, 193, 259, 18.6, 25, ABaraapaaap, 180, 27382, 22782, 832, , 27382, 25000, 27826, 27891, 0, 
323, 1, 4, 22, -1, 558, 256, 11.7, 28, Cppppp, 190, 27692, 29464, 1064, , 27692, 25000, 28523, 28453, 0, 
324, 1, 7, 51, -1, 537, 125, 17.2, 26, ABarppappp, 261, 27035, 21520, 796, , 27035, 25000, 28303, 28260, 0, 
325, 1, 409, 471, -1, 452, 201, 8.0, 23, ABplppppaap, 348, 27736, 14201, 512, , 27736, 25000, 29624, 29653, 0, 
326, 0, 98, -1, -1, 265, 181, 14.0, 23, , 203, -553, 14252, 512, , 27836, 25000, 28229, 28389, 0, 
327, 1, 8, 210, -1, 445, 350, 22.1, 30, Dpppp, 272, 28229, 38279, 1356, , 28229, 25000, 28428, 28428, 0, 
328, 1, 467, 308, -1, 316, 355, 18.9, 25, ABprapaaaaa, 217, 27801, 19127, 688, , 27801, 25000, 28010, 28075, 0, 
329, 1, 203, 165, -1, 462, 291, 18.1, 32, Earpp, 26, 26912, 42413, 1576, , 26912, 25000, 28421, 28495, 0, 
330, 1, 413, 416, -1, 402, 236, 14.6, 31, Ealpa, 313, 27709, 36909, 1332, , 27709, 25000, 29999, 29803, 0, 
331, 1, 318, 62, -1, 514, 308, 10.1, 30, Cppapp, 262, 27588, 37409, 1356, , 27588, 25000, 29105, 29142, 0, 
332, 1, 82, 221, -1, 269, 245, 10.2, 22, ABarapapaap, 202, 28466, 14119, 496, , 28466, 25000, 28769, 28870, 0, 
333, 1, 496, 500, -1, 190, 364, 21.1, 22, ABalapppppp, -216, 26543, 12316, 464, , 26543, 25000, 28169, 28246, 0, 
334, 1, 90, 473, -1, 372, 386, 16.9, 24, ABprapaaapp, 216, 28270, 17075, 604, , 28270, 25000, 28699, 28743, 0, 
335, 1, 325, 464, -1, 499, 345, 11.8, 28, Cppaap, 28, 28011, 29468, 1052, , 28011, 25000, 28498, 28520, 0, 
336, 1, 512, 390, -1, 304, 394, 19.5, 28, ABarpapppp, 249, 27142, 29313, 1080, , 27142, 25000, 27436, 27478, 0, 
337, 1, 396, 56, -1, 310, 158, 21.1, 25, ABplpaappap, 87, 28436, 19564, 688, , 28436, 25000, 28272, 28336, 0, 
338, 1, 110, 182, -1, 414, 362, 7.5, 25, ABprppapaaa, 196, 27768, 21326, 768, , 27768, 25000, 30021, 30030, 0, 
339, 1, 429, 70, -1, 250, 291, 14.7, 23, ABaraaapapp, 215, 27774, 16442, 592, , 27774, 25000, 27964, 28406, 0, 
340, 1, 29, 64, -1, 147, 252, 11.0, 28, ABalaaaarr, 277, 26927, 30374, 1128, , 26927, 25000, 27403, 27414, 0, 
341, 1, 330, 131, -1, 370, 264, 6.7, 24, ABprpapppaa, 225, 30455, 21440, 704, , 30455, 25000, 32574, 32637, 0, 
342, 1, 205, 376, -1, 248, 297, 7.9, 24, ABarappppap, 212, 26894, 16244, 604, , 26894, 25000, 29154, 29196, 0, 
343, 1, 359, 288, -1, 190, 309, 11.9, 26, ABalaapppa, -21, 28174, 22539, 800, , 28174, 25000, 27548, 27566, 0, 
344, 1, 158, 425, -1, 304, 228, 18.2, 28, ABaraapapap, 255, 28734, 30228, 1052, , 28734, 25000, 28627, 28596, 0, 
345, 1, 52, 370, -1, 568, 330, 18.5, 29, ABprapapaa, 290, 28910, 31223, 1080, , 28910, 25000, 27685, 27677, 0, 
346, 1, 404, 104, -1, 314, 213, 9.6, 28, ABalpappppp, 286, 27371, 27043, 988, , 27371, 25000, 28746, 28790, 0, 
347, 1, 361, 149, -1, 413, 147, 10.4, 23, ABplppappap, 142, 27205, 17411, 640, , 27205, 25000, 28193, 28226, 0, 
348, 1, 92, 214, 392, 243, 263, 6.2, 26, ABarappaaa, 287, 33771, 26882, 796, , 33771, 25000, 34879, 34966, 0, 
349, 1, 356, 99, -1, 358, 325, 13.5, 27, MSpppaaa, 272, 28205, 25272, 896, , 28205, 25000, 28538, 28683, 0, 
350, 1, 12, 181, -1, 136, 280, 22.5, 29, ABarpaaaaa, 267, 28350, 30618, 1080, , 28350, 25000, 27667, 27703, 0, 
351, 1, 140, 423, -1, 328, 252, 17.6, 23, MSaaapapp, 193, 27853, 17826, 640, , 27853, 25000, 29116, 29173, 0, 
352, 1, 137, 428, -1, 291, 197, 4.4, 24, ABprpappaaa, 172, 38774, 27142, 700, , 38774, 25000, 38246, 37911, 0, 
353, 1, 186, 418, -1, 387, 216, 9.8, 24, MSaappap, 245, 28688, 18819, 656, , 28688, 25000, 29196, 29384, 0, 
354, 1, 463, 14, -1, 197, 275, 20.5, 25, MSaaaaapa, 252, 27267, 20941, 768, , 27267, 25000, 28855, 28940, 0, 
355, 1, 133, 132, -1, 276, 240, 5.3, 28, ABarappaap, 140, 38272, 40721, 1064, , 38272, 25000, 36395, 36880, 0, 
356, 0, 224, -1, -1, 322, 179, 15.1, 23, , 180, -1593, 13237, 496, , 26688, 25000, 28292, 28281, 0, 
357, 0, 23, -1, -1, 216, 142, 11.2, 25, , 57, 659, 19919, 704, , 28294, 25000, 27685, 27635, 0, 
358, 1, 366, 424, -1, 436, 191, 6.5, 23, ABplppppaaa, 210, 31259, 19756, 632, , 31259, 25000, 32162, 32711, 0, 
359, 1, 15, 162, -1, 320, 375, 15.6, 24, ABprpaappap, 194, 27550, 19285, 700, , 27550, 25000, 28431, 28605, 0, 
360, 1, 308, 262, -1, 306, 291, 16.4, 22, MSpaapapa, 159, 26269, 15026, 572, , 26269, 25000, 28033, 27866, 0, 
361, 1, 337, 365, -1, 211, 193, 6.9, 23, ABalpapaaaa, 204, 34665, 17194, 496, , 34665, 25000, 33444, 34030, 0, 
362, 1, 465, 493, -1, 223, 122, 17.3, 23, ABalpppapad, 193, 27961, 16553, 592, , 27961, 25000, 28336, 28484, 0, 
363, 1, 138, 11, -1, 248, 348, 12.4, 24, ABprpaapaap, 150, 28237, 19766, 700, , 28237, 25000, 27609, 27734, 0, 
364, 1, 32, 346, -1, 227, 338, 18.5, 26, MSppappa, 323, 27470, 24613, 896, , 27470, 25000, 27682, 27544, 0, 
365, 1, 83, 463, -1, 354, 284, 6.1, 23, ABprpapapaa, 191, 34306, 17016, 496, , 34306, 25000, 34253, 34768, 0, 
366, 1, 278, 30, -1, 182, 158, 21.8, 24, ABalppppapp, 210, 28168, 18478, 656, , 28168, 25000, 28038, 28104, 0, 
367, 1, 256, 287, -1, 308, 223, 5.6, 24, ABarapapapp, 218, 37796, 26457, 700, , 37796, 25000, 36176, 36247, 0, 
368, 1, 350, 204, -1, 176, 230, 13.6, 24, ABalpaapaaa, 194, 27711, 19398, 700, , 27711, 25000, 28096, 28614, 0, 
369, 1, 466, 479, -1, 204, 177, 20.0, 23, ABalppppaad, 148, 27910, 14290, 512, , 27910, 25000, 27948, 27703, 0, 
370, 1, 475, 443, -1, 277, 245, 21.4, 25, MSaaapaap, 209, 27350, 22755, 832, , 27350, 25000, 28375, 28586, 0, 
371, 1, 46, 188, -1, 332, 299, 7.1, 24, ABprpapaaap, 169, 29715, 17948, 604, , 29715, 25000, 30925, 30399, 0, 
372, 1, 193, 1, -1, 568, 272, 17.3, 28, Cppppap, -91, 27606, 29373, 1064, , 27606, 25000, 28576, 28515, 0, 
373, 1, 28, 461, -1, 387, 360, 14.5, 26, Dppaa, 237, 28256, 25317, 896, , 28256, 25000, 28931, 28937, 0, 
374, 1, 139, 431, -1, 220, 375, 14.0, 24, ABpraaaappp, 203, 26421, 16064, 608, , 26421, 25000, 27163, 27079, 0, 
375, 1, 24, 113, -1, 321, 192, 23.4, 24, ABplapaaaaa, 204, 28261, 19783, 700, , 28261, 25000, 28456, 28527, 0, 
376, 1, 99, 157, -1, 464, 336, 14.7, 26, MSpppaap, 38, 27612, 23636, 856, , 27612, 25000, 28691, 28780, 0, 
377, 1, 18, 254, -1, 441, 293, 10.2, 32, Z2, 325, 27286, 43876, 1608, , 27286, 25000, 28572, 28618, 0, 
378, 1, 499, 514, -1, 332, 226, 15.2, 22, MSaapaapa, 156, 31512, 15630, 496, , 31512, 25000, 29545, 29713, 0, 
379, 1, 87, 263, -1, 328, 209, 4.9, 23, ABplpappaaa, 190, 37661, 18680, 496, , 37661, 25000, 35922, 36026, 0, 
380, 1, 294, 92, -1, 548, 358, 12.3, 26, ABprapapap, 258, 27083, 23183, 856, , 27083, 25000, 28024, 28120, 0, 
381, 1, 156, 466, -1, 406, 286, 17.6, 28, Earap, 274, 28691, 28347, 988, , 28691, 25000, 28782, 28727, 0, 
382, 1, 365, 54, -1, 360, 217, 9.3, 25, MSaappaa, 205, 27158, 20749, 764, , 27158, 25000, 29135, 29165, 0, 
383, 1, 246, 400, -1, 488, 330, 24.8, 32, Caaaap, 322, 28096, 45178, 1608, , 28096, 25000, 28520, 28523, 0, 
384, 1, 371, 316, -1, 419, 271, 6.0, 23, ABprpapappp, 199, 34488, 17658, 512, , 34488, 25000, 33870, 33571, 0, 
385, 1, 379, 2, -1, 223, 179, 18.2, 23, ABalpppppaa, 213, 26820, 14483, 540, , 26820, 25000, 27608, 27718, 0, 
386, 1, 398, 321, 467, 185, 220, 8.1, 26, ABalpaappa, 184, 28365, 22692, 800, , 28365, 25000, 30015, 30487, 0, 
387, 1, 198, 8, -1, 380, 355, 6.6, 24, ABprpaaaapp, 204, 31137, 21796, 700, , 31137, 25000, 33229, 33269, 0, 
388, 1, 451, 79, -1, 215, 291, 10.6, 23, MSppaaaa, 167, 27184, 17398, 640, , 27184, 25000, 28272, 28357, 0, 
389, 1, 281, 273, -1, 370, 152, 16.8, 25, Daapp, 15, 28841, 20304, 704, , 28841, 25000, 28790, 28829, 0, 
390, 1, 364, 266, -1, 541, 198, 6.5, 24, ABplppppppa, 102, 35767, 27469, 768, , 35767, 25000, 35037, 34863, 0, 
391, 1, 121, 108, -1, 558, 275, 6.3, 26, ABprpppaapp, -131, 32801, 28078, 856, , 32801, 25000, 34321, 34999, 0, 
392, 1, 279, 173, -1, 374, 258, 4.6, 27, ABprpappapa, 274, 32503, 32113, 988, , 32503, 25000, 37009, 37182, 0, 
393, 0, 44, -1, -1, 236, 279, 19.3, 24, , 252, 893, 20626, 704, , 29298, 25000, 28355, 28405, 0, 
394, 1, 241, 460, -1, 244, 183, 6.9, 24, ABalpapaaap, 273, 33543, 20260, 604, , 33543, 25000, 34647, 35152, 0, 
395, 1, 185, 453, -1, 348, 334, 22.1, 27, MSpppppp, 274, 27830, 25270, 908, , 27830, 25000, 28516, 28507, 0, 
396, 1, 443, 196, -1, 292, 309, 5.0, 23, ABarapppppp, 209, 42092, 21551, 512, , 42092, 25000, 36680, 37076, 0, 
397, 1, 315, 115, -1, 465, 211, 25.3, 31, Dappp, 313, 27559, 37701, 1368, , 27559, 25000, 28621, 28617, 0, 
398, 1, 120, 462, -1, 344, 262, 13.8, 25, MSpapaapa, 221, 35976, 25327, 704, , 35976, 25000, 30275, 30376, 0, 
399, 1, 89, 169, -1, 283, 142, 8.0, 25, ABalppapapp, 249, 27921, 21332, 764, , 27921, 25000, 29172, 29165, 0, 
400, 1, 317, 304, -1, 253, 165, 10.0, 24, ABalppapppa, 117, 28658, 17424, 608, , 28658, 25000, 28255, 28195, 0, 
401, 1, 438, 380, -1, 273, 223, 18.4, 27, ABaraapapaa, 254, 27010, 26686, 988, , 27010, 25000, 27681, 27795, 0, 
402, 1, 70, 454, -1, 505, 143, 8.9, 24, ABplpppaapa, 205, 28540, 17238, 604, , 28540, 25000, 28076, 27908, 0, 
403, 1, 490, 483, -1, 341, 169, 8.4, 22, ABplpapapaa, 204, 29418, 16827, 572, , 29418, 25000, 29722, 29935, 0, 
404, 1, 383, 298, -1, 456, 248, 21.3, 32, Eplaa, 324, 26776, 42413, 1584, , 26776, 25000, 28870, 28915, 0, 
405, 1, 471, 88, -1, 206, 322, 6.8, 22, ABalaappapp, -1, 33210, 16472, 496, , 33210, 25000, 33948, 33949, 0, 
406, 1, 9, 442, -1, 463, 277, 6.3, 24, ABprppppaaa, 214, 34357, 24187, 704, , 34357, 25000, 33146, 33085, 0, 
407, 1, 412, 309, -1, 258, 377, 9.6, 24, ABprpaapapp, 199, 28421, 19895, 700, , 28421, 25000, 28311, 28322, 0, 
408, 1, 389, 359, -1, 544, 299, 14.4, 30, Cpppap, -24, 27245, 31495, 1156, , 27245, 25000, 28810, 28830, 0, 
409, 1, 370, 193, -1, 483, 250, 7.8, 24, ABprpappppa, 239, 27892, 18297, 656, , 27892, 25000, 29969, 29817, 0, 
410, 1, 227, 61, -1, 243, 390, 19.0, 28, ABarpappap, 250, 27984, 31566, 1128, , 27984, 25000, 27862, 27814, 0, 
411, 1, 64, 160, -1, 446, 232, 6.1, 25, ABplpappppa, 216, 32618, 20745, 636, , 32618, 25000, 34173, 34209, 0, 
412, 1, 21, 289, -1, 436, 228, 11.2, 30, Z3, 230, 28180, 37198, 1320, , 28180, 25000, 28790, 28787, 0, 
413, 1, 73, 185, -1, 252, 341, 21.5, 26, MSppappp, -123, 28292, 25350, 896, , 28292, 25000, 28543, 28541, 0, 
414, 1, 382, 338, -1, 161, 159, 15.3, 24, ABalaaapall, 220, 27348, 19253, 704, , 27348, 25000, 27208, 27225, 0, 
415, 1, 258, 436, -1, 372, 171, 25.7, 29, ABarppapaa, 297, 28851, 30813, 1068, , 28851, 25000, 28710, 28916, 0, 
416, 1, 310, 353, -1, 502, 232, 18.6, 32, Eplap, -58, 26657, 39559, 1484, , 26657, 25000, 28678, 28867, 0, 
417, 1, 63, 81, -1, 487, 225, 9.4, 24, ABprpappppp, 217, 27943, 19560, 700, , 27943, 25000, 29106, 28949, 0, 
418, 1, 406, 144, -1, 137, 199, 14.4, 24, ABalaaapalr, 177, 28249, 19774, 700, , 28249, 25000, 28518, 28554, 0, 
419, 1, 30, 297, -1, 349, 394, 20.9, 26, ABarpppaap, 267, 27224, 21779, 800, , 27224, 25000, 27440, 27443, 0, 
420, 1, 487, 465, -1, 371, 354, 18.5, 24, Dpaap, 212, 27379, 21027, 768, , 27379, 25000, 28707, 28606, 0, 
421, 1, 402, 9, -1, 546, 302, 20.2, 26, Cppppaa, 211, 27913, 22219, 796, , 27913, 25000, 28021, 28026, 0, 
422, 1, 131, 187, -1, 288, 322, 11.4, 26, MSppapap, 254, 28005, 23300, 832, , 28005, 25000, 27550, 27567, 0, 
423, 1, 457, 405, -1, 503, 267, 25.5, 33, Cpaapa, 302, 28266, 45904, 1624, , 28266, 25000, 28685, 28722, 0, 
424, 1, 218, 44, -1, 237, 314, 11.7, 24, ABprpaapaaa, 183, 28136, 19808, 704, , 28136, 25000, 28308, 28409, 0, 
425, 1, 390, 420, -1, 144, 208, 11.5, 27, ABalaaaala, -342, 27500, 24640, 896, , 27500, 25000, 27321, 27308, 0, 
426, 1, 485, 430, -1, 276, 370, 8.9, 22, ABprpaapppa, 214, 26591, 12338, 464, , 26591, 25000, 28739, 28174, 0, 
427, 1, 115, 36, -1, 157, 185, 10.3, 29, ABalaaaalp, 153, 27679, 29561, 1068, , 27679, 25000, 27530, 27559, 0, 
428, 1, 400, 281, -1, 396, 189, 24.9, 28, ABarppaapp, 82, 26780, 29137, 1088, , 26780, 25000, 27857, 27757, 0, 
429, 1, 181, 415, -1, 280, 159, 19.3, 26, ABplpaappaa, 201, 26841, 22976, 856, , 26841, 25000, 28186, 28228, 0, 
430, 1, 418, 371, -1, 382, 178, 11.6, 26, MSapaapp, 395, 28304, 23549, 832, , 28304, 25000, 28411, 28453, 0, 
431, 1, 200, 139, -1, 314, 341, 10.0, 24, ABprppaaaaa, 191, 27576, 16766, 608, , 27576, 25000, 28280, 28391, 0, 
432, 1, 376, 285, -1, 336, 159, 18.1, 23, Daapa, 229, 28026, 13901, 496, , 28026, 25000, 28850, 28850, 0, 
433, 1, 130, 223, -1, 248, 132, 10.9, 24, ABalppaapp, 361, 27366, 16529, 604, , 27366, 25000, 27256, 27269, 0, 
434, 1, 155, 299, -1, 165, 359, 17.8, 23, ABpraapaapa, 196, 27874, 15052, 540, , 27874, 25000, 27662, 27597, 0, 
435, 1, 414, 305, -1, 473, 190, 13.1, 25, ABplpppppaa, 255, 28260, 19443, 688, , 28260, 25000, 28638, 28625, 0, 
436, 1, 373, 340, -1, 410, 198, 7.9, 24, ABplpapappp, 184, 27831, 16810, 604, , 27831, 25000, 30483, 30713, 0, 
437, 1, 405, 267, -1, 258, 174, 19.1, 24, ABalpppppap, 192, 27411, 16556, 604, , 27411, 25000, 27543, 27639, 0, 
438, 1, 276, 419, -1, 330, 201, 12.2, 25, MSaapaaap, 254, 31268, 22013, 704, , 31268, 25000, 29946, 29759, 0, 
439, 1, 448, 362, -1, 369, 177, 8.7, 22, ABplpapapap, 119, 26424, 13846, 524, , 26424, 25000, 28258, 28233, 0, 
440, 0, 285, -1, -1, 529, 250, 6.7, 25, , 34, 1312, 26456, 764, , 34628, 25000, 34095, 33316, 0, 
441, 1, 235, 383, -1, 443, 186, 10.3, 25, MSpappaa, 203, 28055, 21434, 764, , 28055, 25000, 28709, 28700, 0, 
442, 0, 154, -1, -1, 327, 314, 11.2, 24, , -88, 1529, 19214, 656, , 29290, 25000, 27724, 27761, 0, 
443, 1, 460, 148, -1, 473, 190, 5.9, 23, ABplppppapp, 46, 33851, 16790, 496, , 33851, 25000, 34222, 34817, 0, 
444, 1, 220, 474, -1, 275, 175, 8.9, 24, ABplpapaaaa, 164, 30276, 18287, 604, , 30276, 25000, 29472, 29512, 0, 
445, 1, 287, 345, -1, 333, 339, 16.0, 24, Dpaaa, 202, 27141, 16502, 608, , 27141, 25000, 27971, 27917, 0, 
446, 1, 415, 411, -1, 447, 202, 14.1, 25, MSappaap, 252, 28705, 19749, 688, , 28705, 25000, 28521, 28515, 0, 
447, 1, 141, 412, -1, 357, 246, 11.6, 23, MSpapappa, 182, 32791, 20986, 640, , 32791, 25000, 30770, 30530, 0, 
448, 1, 327, 494, -1, 296, 163, 17.2, 22, MSapppaa, 194, 27486, 13633, 496, , 27486, 25000, 28326, 28427, 0, 
449, 1, 148, 351, -1, 517, 218, 15.7, 33, Eplpa, 330, 28437, 49366, 1736, , 28437, 25000, 29303, 29524, 0, 
450, 1, 210, 253, -1, 584, 199, 16.1, 31, Cpapaa, 318, 27347, 40474, 1480, , 27347, 25000, 28966, 28958, 0, 
451, 1, 296, 284, -1, 547, 232, 6.0, 22, ABprppppppa, 192, 38320, 14715, 384, , 38320, 25000, 38853, 39000, 0, 
452, 1, 80, 440, -1, 272, 204, 7.0, 24, ABalpappapa, 221, 30418, 18494, 608, , 30418, 25000, 32657, 33168, 0, 
453, 0, 247, -1, -1, 331, 112, 16.6, 23, , 209, -811, 17622, 640, , 27534, 25000, 28183, 28345, 0, 
454, 1, 286, 477, -1, 318, 159, 9.5, 24, ABplpapaaap, 157, 27464, 21092, 768, , 27464, 25000, 28407, 28284, 0, 
455, 1, 449, 468, -1, 423, 365, 18.0, 25, Dppap, 259, 26959, 20597, 764, , 26959, 25000, 28583, 28583, 0, 
456, 1, 386, 487, -1, 349, 224, 19.8, 28, MSaaappp, 276, 28475, 29956, 1052, , 28475, 25000, 28647, 28756, 0, 
457, 1, 320, 452, -1, 441, 401, 19.2, 27, ABarppppap, 270, 28578, 24806, 868, , 28578, 25000, 28055, 28052, 0, 
458, 1, 302, 481, -1, 446, 299, 5.4, 23, ABprppaappp, 169, 34469, 22060, 640, , 34469, 25000, 34967, 34630, 0, 
459, 1, 96, 270, -1, 472, 142, 8.2, 23, ABplpppaaap, 216, 28743, 15521, 540, , 28743, 25000, 28030, 28054, 0, 
460, 1, 152, 387, -1, 392, 249, 11.1, 23, MSpapappp, 225, 34383, 17054, 496, , 34383, 25000, 31583, 30881, 0, 
461, 0, 484, -1, -1, 372, 118, 19.4, 22, , 115, 1673, 17371, 572, , 30369, 25000, 28770, 28696, 0, 
462, 1, 392, 438, -1, 201, 221, 10.4, 25, ABalpaaaaaa, -91, 27286, 22702, 832, , 27286, 25000, 28377, 28345, 0, 
463, 1, 464, 403, -1, 288, 128, 15.6, 22, ABplpaapppp, 316, 26490, 15152, 572, , 26490, 25000, 27498, 27670, 0, 
464, 1, 213, 118, -1, 159, 316, 12.7, 24, ABalaappppa, 216, 25949, 18268, 704, , 25949, 25000, 27357, 27305, 0, 
465, 1, 387, 348, -1, 485, 277, 5.0, 22, ABprppppapa, 46, 40286, 15470, 384, , 40286, 25000, 35176, 34867, 0, 
466, 1, 455, 293, -1, 304, 334, 21.4, 26, MSpppppa, -486, 27780, 23113, 832, , 27780, 25000, 27809, 27848, 0, 
467, 1, 316, 478, -1, 137, 289, 18.2, 22, ABalapppaap, -217, 28258, 14016, 496, , 28258, 25000, 27479, 27485, 0, 
468, 1, 292, 510, -1, 380, 293, 7.0, 22, ABprpapapap, 136, 28714, 11026, 384, , 28714, 25000, 30644, 31077, 0, 
469, 1, 353, 490, -1, 165, 169, 17.9, 24, ABalapaappp, -376, 27490, 16604, 604, , 27490, 25000, 27582, 27675, 0, 
470, 1, 381, 484, -1, 518, 265, 5.1, 23, ABprpppapaa, 300, 44200, 21923, 496, , 44200, 25000, 39125, 39222, 0, 
471, 1, 472, 35, -1, 208, 339, 20.8, 22, ABarpapaapp, 334, 28135, 13955, 496, , 28135, 25000, 27608, 27578, 0, 
472, 1, 401, 482, -1, 209, 169, 14.0, 24, ABplpaaaaaa, -237, 26454, 16084, 608, , 26454, 25000, 28133, 27470, 0, 
473, 1, 355, 45, -1, 288, 336, 8.0, 24, ABprpaaappa, 47, 28459, 17303, 608, , 28459, 25000, 28125, 28169, 0, 
474, 1, 304, 295, -1, 305, 362, 8.5, 23, ABprpaapppp, 150, 28426, 17965, 632, , 28426, 25000, 29109, 29501, 0, 
475, 1, 109, 402, -1, 290, 274, 6.9, 22, ABprpapaaaa, 58, 29427, 13654, 464, , 29427, 25000, 31606, 31870, 0, 
476, 1, 261, 202, -1, 201, 233, 15.6, 26, ABalpaapaap, 177, 26310, 21890, 832, , 26310, 25000, 27724, 27863, 0, 
477, 0, 248, -1, -1, 182, 336, 8.5, 24, , 159, 362, 22036, 768, , 28693, 25000, 28328, 28331, 0, 
478, 1, 329, 82, -1, 365, 187, 17.5, 28, MSappaaa, 15, 27431, 29626, 1080, , 27431, 25000, 28559, 28615, 0, 
479, 1, 291, 489, -1, 151, 287, 11.2, 26, ABalaaapprl, 74, 29178, 23226, 796, , 29178, 25000, 27957, 27980, 0, 
480, 1, 265, 279, -1, 232, 342, 10.7, 23, ABpraaaapav, 49, 27801, 16458, 592, , 27801, 25000, 27979, 27781, 0, 
481, 1, 476, 120, -1, 132, 265, 16.2, 22, ABalapppaaa, -122, 26494, 13141, 496, , 26494, 25000, 27867, 27867, 0, 
482, 1, 347, 382, -1, 150, 174, 21.1, 22, ABalapaaapp, 184, 27651, 12830, 464, , 27651, 25000, 27219, 27343, 0, 
483, 1, 171, 507, -1, 216, 193, 13.1, 27, MSapaaaa, 13, 29120, 26441, 908, , 29120, 25000, 28077, 27854, 0, 
484, 1, 161, 352, -1, 306, 199, 12.5, 24, MSaapaaaa, 109, 31574, 24249, 768, , 31574, 25000, 29309, 29316, 0, 
485, 1, 79, 265, -1, 281, 323, 13.2, 27, MSppapaa, 204, 27660, 24009, 868, , 27660, 25000, 28493, 28570, 0, 
486, 1, 118, 15, -1, 349, 167, 14.5, 23, MSappapp, 62, 27497, 17378, 632, , 27497, 25000, 28578, 28581, 0, 
487, 1, 207, 109, -1, 312, 201, 7.6, 29, ABalpappapp, 444, 28729, 33211, 1156, , 28729, 25000, 30954, 30999, 0, 
488, 1, 348, 496, -1, 317, 276, 10.7, 24, MSpapaaaa, 162, 35516, 25003, 704, , 35516, 25000, 30320, 29736, 0, 
489, 1, 420, 63, -1, 346, 222, 13.0, 21, MSaapappa, -27, 31549, 12115, 384, , 31549, 25000, 30623, 30591, 0, 
490, 1, 31, 341, -1, 289, 345, 19.0, 22, MSppppap, -123, 27128, 10417, 384, , 27128, 25000, 27957, 28036, 0, 
491, 1, 474, 524, -1, 348, 385, 10.3, 28, ABpraapppa, 348, 27445, 29201, 1064, , 27445, 25000, 27780, 27833, 0, 
492, 1, 454, 334, -1, 556, 219, 9.7, 24, Caapap, 525, 26797, 18865, 704, , 26797, 25000, 28370, 28670, 0, 
493, 1, 189, 58, -1, 318, 371, 24.3, 30, ABarpppaaa, 270, 27779, 36335, 1308, , 27779, 25000, 28133, 28143, 0, 
494, 1, 479, 491, -1, 333, 290, 15.9, 22, MSpaapapp, 145, 28343, 13151, 464, , 28343, 25000, 29069, 29008, 0, 
495, 1, 495, 504, -1, 208, 177, 22.5, 23, ABalpppappp, 313, 29799, 18833, 632, , 29799, 25000, 28201, 28217, 0, 
496, 1, 74, 105, -1, 151, 242, 13.2, 25, ABaraaaapa, -177, 26869, 18916, 704, , 26869, 25000, 27285, 27409, 0, 
497, 0, 333, -1, -1, 369, 212, 7.1, 21, , 159, 2434, 11654, 348, , 33489, 25000, 30637, 31055, 0, 
498, 1, 498, 509, 536, 183, 169, 12.8, 22, ABalppaaap, 423, 27720, 13749, 496, , 27720, 25000, 27939, 28013, 0, 
499, 1, 410, 511, -1, 399, 293, 6.8, 22, ABprpapappa, 140, 28825, 14297, 496, , 28825, 25000, 31387, 30744, 0, 
500, 1, 478, 222, -1, 224, 240, 16.1, 20, ABalpaapapa, 299, 26889, 8497, 316, , 26889, 25000, 27853, 28006, 0, 
501, 0, 323, -1, -1, 505, 347, 13.9, 27, , 330, 0, 0, 0, , 0, 0, 0, 0, 0, 
502, 1, 464, 508, -1, 260, 130, 16.2, 22, ABplpaapppa, 128, 30087, 14923, 496, , 30087, 25000, 27509, 27678, 0, 
503, 1, 491, 422, -1, 299, 295, 14.1, 20, ABaraapppap, 131, 28399, 8974, 316, , 28399, 25000, 27559, 27615, 0, 
504, 0, 418, -1, -1, 388, 163, 13.7, 22, , 156, 140, 0, 0, , 0, 0, 0, 0, 0, 
505, 1, 497, 503, -1, 293, 247, 19.1, 23, MSaaapapa, 234, 29569, 14666, 496, , 29569, 25000, 28567, 28702, 0, 
506, 1, 349, 513, -1, 174, 334, 17.1, 20, ABalappppap, 268, 27525, 8698, 316, , 27525, 25000, 27568, 27532, 0, 
507, 1, 97, 331, -1, 193, 221, 19.3, 24, MSapaaap, 224, 27291, 19213, 704, , 27291, 25000, 27901, 28004, 0, 
508, 1, 228, 231, -1, 448, 158, 8.6, 23, ABplpppaaaa, 186, 30617, 19595, 640, , 30617, 25000, 28223, 28367, 0, 
509, 1, 492, 515, -1, 329, 240, 24.0, 24, MSappppa, 141, 27446, 16687, 608, , 27446, 25000, 27980, 28008, 0, 
510, 1, 505, 516, -1, 348, 325, 11.0, 23, MSpppapp, 111, 26820, 13732, 512, , 26820, 25000, 28066, 28100, 0, 
511, 1, 506, 517, -1, 377, 123, 22.0, 24, ABplaapppp, 836, 27436, 16681, 608, , 27436, 25000, 28526, 28531, 0, 
512, 1, 469, 518, -1, 249, 174, 23.633333, 26, ABplaapappp, 157, 28584, 23782, 832, , 28584, 25000, 28294, 28598, 0, 
513, 1, 507, 519, -1, 232, 242, 22.0, 24, MSaaapaaa, 218, 27572, 16764, 608, , 27572, 25000, 28018, 28248, 0, 
514, 1, 508, 520, -1, 228, 280, 14.0, 23, ABaraaapapa, 120, 26791, 13717, 512, , 26791, 25000, 27849, 28102, 0, 
515, 1, 493, 521, -1, 362, 226, 17.0, 21, MSaapaapp, 158, 31799, 12211, 384, , 31799, 25000, 30629, 30817, 0, 
516, 1, 509, 522, -1, 228, 306, 18.0, 24, MSpaaaapa, -97, 27107, 16481, 608, , 27107, 25000, 27691, 27650, 0, 
517, 1, 494, 523, -1, 365, 195, 23.0, 24, Daaap, 327, 29515, 17945, 608, , 29515, 25000, 27921, 27896, 0, 
518, 1, 511, 525, -1, 347, 212, 7.0, 25, ABplpappaap, 179, 28873, 22059, 764, , 28873, 25000, 32049, 32158, 0, 
519, 1, 458, 526, -1, 250, 260, 11.0, 23, ABarapapaaa, -82, 28277, 14478, 512, , 28277, 25000, 27783, 27798, 0, 
520, 1, 500, 527, -1, 135, 252, 20.0, 24, ABalappaap, 331, 28227, 17162, 608, , 28227, 25000, 27020, 27019, 0, 
521, 1, 471, 528, -1, 180, 316, 9.0, 20, ABalaappapa, 0, 27642, 8735, 316, , 27642, 25000, 28195, 28180, 0, 
522, 1, 513, 529, -1, 155, 223, 20.0, 22, ABalapappaa, 642, 27049, 10387, 384, , 27049, 25000, 28028, 28119, 0, 
523, 1, 514, 530, -1, 161, 296, 19.0, 23, ABalapppapa, 187, 27215, 13934, 512, , 27215, 25000, 28341, 28367, 0, 
524, 1, 515, 531, -1, 180, 343, 20.0, 22, ABalapppppa, 0, 26331, 10111, 384, , 26331, 25000, 27500, 27642, 0, 
525, 1, 516, 532, -1, 170, 314, 22.0, 22, ABalapppapp, -244, 28521, 10952, 384, , 28521, 25000, 28047, 28116, 0, 
526, 1, 517, 533, -1, 151, 346, 16.0, 24, ABalappappp, 0, 29786, 18110, 608, , 29786, 25000, 27522, 27323, 0, 
527, 1, 518, 534, -1, 155, 306, 17.0, 23, ABalappppaa, 187, 27736, 14201, 512, , 27736, 25000, 27677, 27935, 0, 
528, 1, 519, 535, -1, 151, 259, 23.0, 22, ABalapapapa, -370, 28172, 10818, 384, , 28172, 25000, 29091, 29264, 0, 
