1, 1, 372, 229, -1, 568, 273, 17.4, 30, Cppppap, 286, 27771, 32103, 1156, , 27771, 25000, 28728, 28658, 0, 
2, 1, 385, 383, -1, 223, 178, 18.2, 24, ABalpppppaa, 214, 27293, 17904, 656, , 27293, 25000, 27714, 27609, 0, 
3, 1, 191, 190, -1, 168, 291, 7.2, 26, ABalaapaap, 247, 29897, 23798, 796, , 29897, 25000, 32985, 33613, 0, 
4, 1, 208, 266, -1, 352, 346, 5.5, 25, ABprpaaaapa, 200, 38512, 29577, 768, , 38512, 25000, 38054, 38251, 0, 
5, 1, 201, 261, 390, 197, 141, 14.0, 25, ABalpppaaa, 361, 28166, 21519, 764, , 28166, 25000, 27438, 27484, 0, 
6, 1, 271, 214, -1, 488, 330, 6.7, 26, ABprppappp, 247, 31283, 26778, 856, , 31283, 25000, 32501, 32685, 0, 
7, 1, 198, 21, -1, 441, 140, 10.8, 29, ABplppappp, 258, 27246, 30297, 1112, , 27246, 25000, 27438, 27473, 0, 
8, 1, 387, 150, -1, 379, 354, 6.8, 24, ABprpaaaapp, 197, 31020, 20349, 656, , 31020, 25000, 32283, 32195, 0, 
9, 1, 421, 77, -1, 547, 305, 20.4, 28, Cppppaa, 278, 27358, 27030, 988, , 27358, 25000, 28279, 28264, 0, 
10, 1, 305, 95, -1, 239, 304, 21.1, 28, MSpaaaaa, 314, 27686, 30122, 1088, , 27686, 25000, 28584, 28713, 0, 
11, 1, 363, 104, -1, 244, 344, 12.2, 25, ABprpaapaap, 216, 27521, 19375, 704, , 27521, 25000, 28761, 28858, 0, 
12, 1, 103, 234, -1, 354, 114, 17.9, 28, ABplapaapa, 278, 28887, 31429, 1088, , 28887, 25000, 28226, 28284, 0, 
13, 1, 164, 305, -1, 340, 123, 9.9, 24, ABplpaaaapa, 1, 28182, 17022, 604, , 28182, 25000, 28023, 28146, 0, 
14, 1, 354, 370, -1, 193, 270, 20.4, 24, MSaaaaapa, 232, 28099, 19669, 700, , 28099, 25000, 28537, 28561, 0, 
15, 1, 486, 152, -1, 347, 168, 14.5, 22, MSappapp, 199, 27299, 13977, 512, , 27299, 25000, 28265, 28260, 0, 
16, 1, 111, 207, -1, 492, 381, 13.8, 26, ABprappaap, 82, 26337, 20964, 796, , 26337, 25000, 27841, 27946, 0, 
17, 1, 223, 33, -1, 465, 168, 6.9, 24, ABplppppapa, 196, 30707, 18547, 604, , 30707, 25000, 31958, 32317, 0, 
18, 1, 306, 451, -1, 263, 346, 14.2, 23, ABpraaappap, 197, 28774, 15538, 540, , 28774, 25000, 28129, 28134, 0, 
19, 1, 128, 119, -1, 166, 274, 25.8, 28, ABarpaaaap, 274, 28832, 30331, 1052, , 28832, 25000, 28908, 28912, 0, 
20, 1, 276, 168, -1, 315, 377, 21.9, 28, ABprapaaaap, -89, 28696, 31221, 1088, , 28696, 25000, 27945, 27874, 0, 
21, 1, 55, 96, -1, 235, 274, 12.5, 30, ABarapaapa, 392, 27391, 33746, 1232, , 27391, 25000, 28001, 28251, 0, 
22, 1, 323, 44, -1, 557, 251, 11.8, 29, Cppppp, 281, 28022, 31161, 1112, , 28022, 25000, 28448, 28517, 0, 
23, 1, 272, 450, -1, 274, 139, 9.5, 27, ABalppapppp, 277, 27169, 24343, 896, , 27169, 25000, 27988, 28025, 0, 
24, 1, 18, 321, -1, 290, 319, 17.7, 27, MSpaapaa, 269, 28326, 26173, 924, , 28326, 25000, 27823, 27840, 0, 
25, 1, 48, 141, -1, 307, 320, 6.5, 22, ABprpapaapa, 192, 32018, 16393, 512, , 32018, 25000, 32686, 32377, 0, 
26, 1, 284, 311, -1, 207, 345, 8.4, 25, ABpraaaaaa, 242, 27563, 22932, 832, , 27563, 25000, 28489, 28404, 0, 
27, 1, 143, 455, -1, 425, 169, 13.1, 25, MSaapppp, 237, 27969, 19243, 688, , 27969, 25000, 28163, 28168, 0, 
28, 1, 16, 303, -1, 211, 137, 20.4, 28, ABplpaapapa, 289, 27971, 27635, 988, , 27971, 25000, 27762, 27772, 0, 
29, 1, 95, 129, -1, 469, 112, 16.7, 27, ABplappapp, 104, 29009, 26804, 924, , 29009, 25000, 27835, 27856, 0, 
30, 1, 366, 419, -1, 174, 160, 21.6, 24, ABalppppapp, 204, 29604, 20723, 700, , 29604, 25000, 28059, 28047, 0, 
31, 1, 90, 15, -1, 501, 114, 17.2, 27, ABplapapap, 242, 27991, 24296, 868, , 27991, 25000, 28474, 28530, 0, 
32, 1, 247, 25, -1, 254, 351, 7.6, 28, ABprpaaapa, 199, 29774, 29417, 988, , 29774, 25000, 30721, 30707, 0, 
33, 1, 20, 228, -1, 277, 147, 14.4, 27, ABplpaaappp, 206, 29224, 28873, 988, , 29224, 25000, 28110, 28004, 0, 
34, 1, 64, 401, -1, 209, 371, 20.8, 24, ABarpappaa, 217, 28285, 18555, 656, , 28285, 25000, 28278, 28334, 0, 
35, 1, 471, 477, -1, 209, 340, 21.2, 23, ABarpapaapp, 219, 27239, 14709, 540, , 27239, 25000, 27649, 27827, 0, 
36, 1, 427, 382, -1, 157, 190, 9.9, 30, ABalaaaalp, 240, 26666, 36159, 1356, , 26666, 25000, 28286, 28174, 0, 
37, 1, 73, 442, -1, 286, 351, 15.8, 25, ABpraaapppa, 291, 27132, 19101, 704, , 27132, 25000, 27897, 28011, 0, 
38, 1, 6, 180, -1, 305, 257, 8.4, 26, ABarapapppa, 227, 26880, 22364, 832, , 26880, 25000, 29355, 29308, 0, 
39, 1, 105, 259, -1, 182, 209, 26.7, 24, ABalapapppp, 222, 28291, 19917, 704, , 28291, 25000, 29390, 29633, 0, 
40, 0, 282, -1, -1, 345, 222, 17.5, 24, , 236, -10, 22927, 768, , 29853, 25000, 29975, 29863, 0, 
41, 1, 145, 32, -1, 261, 280, 17.4, 28, ABaraappapp, 282, 28008, 27672, 988, , 28008, 25000, 27991, 27926, 0, 
42, 1, 188, 337, -1, 358, 396, 13.0, 25, ABprapaapa, 228, 27403, 20936, 764, , 27403, 25000, 27840, 27874, 0, 
43, 1, 120, 449, -1, 214, 179, 15.5, 24, ABplpaapaaa, 214, 29350, 22541, 768, , 29350, 25000, 27518, 27612, 0, 
44, 1, 424, 380, -1, 233, 315, 11.7, 24, ABprpaapaaa, 218, 29014, 20426, 704, , 29014, 25000, 28331, 28587, 0, 
45, 1, 473, 248, -1, 283, 329, 7.9, 23, ABprpaaappa, 229, 28984, 14376, 496, , 28984, 25000, 28969, 29099, 0, 
46, 0, 300, -1, -1, 230, 332, 6.1, 23, , 228, -852, 18838, 496, , 37980, 25000, 37819, 38832, 0, 
47, 1, 13, 247, -1, 378, 132, 13.8, 25, ABplppapaaa, 361, 28582, 20122, 704, , 28582, 25000, 28334, 28323, 0, 
48, 1, 285, 163, -1, 499, 301, 4.9, 24, ABprpppaaap, 204, 41099, 24824, 604, , 41099, 25000, 38968, 39050, 0, 
49, 0, 217, -1, -1, 210, 154, 21.9, 24, , 203, 607, 17258, 604, , 28573, 25000, 28199, 27966, 0, 
50, 1, 189, 12, 72, 315, 280, 21.7, 27, MSpaaapa, -162, 26864, 24822, 924, , 26864, 25000, 28445, 28402, 0, 
51, 1, 324, 391, -1, 535, 121, 16.9, 26, ABarppappp, 231, 28941, 23153, 800, , 28941, 25000, 28174, 28274, 0, 
52, 1, 24, 368, -1, 157, 253, 18.4, 29, MSaaaaaa, 164, 27581, 31884, 1156, , 27581, 25000, 28046, 28042, 0, 
53, 1, 53, 45, -1, 453, 119, 20.2, 27, ABplappaap, 177, 27229, 23635, 868, , 27229, 25000, 27579, 27602, 0, 
54, 1, 382, 332, -1, 360, 219, 9.3, 23, MSaappaa, 223, 29152, 17258, 592, , 29152, 25000, 28803, 28704, 0, 
55, 1, 200, 212, -1, 357, 364, 24.7, 31, ABarpppapa, 313, 27555, 37695, 1368, , 27555, 25000, 28473, 28487, 0, 
56, 1, 337, 434, -1, 308, 154, 21.2, 25, ABplpaappap, 191, 28425, 20011, 704, , 28425, 25000, 28934, 28984, 0, 
57, 1, 102, 64, -1, 247, 336, 25.3, 28, ABarpapapp, 269, 27940, 29728, 1064, , 27940, 25000, 28787, 28920, 0, 
58, 1, 493, 264, -1, 309, 365, 24.7, 28, ABarpppaaa, 245, 29136, 31001, 1064, , 29136, 25000, 28703, 28740, 0, 
59, 1, 65, 288, -1, 292, 290, 19.9, 25, MSpaaappa, 216, 28093, 19328, 688, , 28093, 25000, 28362, 28482, 0, 
60, 1, 96, 120, -1, 222, 289, 16.4, 27, ABaraappapa, 123, 28234, 27895, 988, , 28234, 25000, 28205, 28398, 0, 
61, 1, 410, 403, -1, 237, 389, 18.9, 28, ABarpappap, 271, 27074, 29456, 1088, , 27074, 25000, 27771, 27801, 0, 
62, 1, 331, 188, -1, 511, 307, 10.2, 30, Cppapp, 217, 27736, 36612, 1320, , 27736, 25000, 29093, 29101, 0, 
63, 1, 489, 481, -1, 345, 216, 12.7, 22, MSaapappa, 186, 31926, 16729, 524, , 31926, 25000, 30268, 29770, 0, 
64, 1, 340, 424, -1, 147, 253, 10.9, 28, ABalaaaarr, 229, 27472, 29890, 1088, , 27472, 25000, 28021, 28070, 0, 
65, 1, 137, 327, -1, 153, 223, 8.9, 22, ABalpaapppa, -93, 29433, 13657, 464, , 29433, 25000, 27761, 27755, 0, 
66, 1, 195, 191, -1, 230, 168, 26.4, 30, ABplaaapap, 280, 28234, 32638, 1156, , 28234, 25000, 29159, 29401, 0, 
67, 0, 442, -1, -1, 326, 311, 11.2, 26, , 230, -1075, 21927, 796, , 27546, 25000, 28780, 28621, 0, 
68, 1, 185, 238, -1, 232, 154, 18.5, 23, ABplpaapaap, 221, 27998, 17695, 632, , 27998, 25000, 27990, 28032, 0, 
69, 1, 316, 6, -1, 131, 282, 13.5, 27, ABalaaappl, 285, 26540, 23780, 896, , 26540, 25000, 27590, 27634, 0, 
70, 1, 339, 457, -1, 248, 293, 14.7, 23, ABaraaapapp, 218, 26944, 15951, 592, , 26944, 25000, 27659, 27667, 0, 
71, 1, 192, 392, -1, 264, 261, 13.3, 25, ABarapaappa, 147, 28817, 22016, 764, , 28817, 25000, 27628, 27629, 0, 
72, 1, 77, 236, -1, 178, 337, 21.4, 28, ABarpapaaa, -186, 27778, 27445, 988, , 27778, 25000, 27658, 27872, 0, 
73, 1, 169, 197, -1, 178, 146, 18.4, 28, ABalpppaap, 276, 26578, 26259, 988, , 26578, 25000, 27488, 27385, 0, 
74, 1, 127, 468, -1, 213, 272, 26.2, 29, ABplaaaapa, 175, 29246, 32522, 1112, , 29246, 25000, 29169, 29160, 0, 
75, 1, 281, 83, -1, 551, 152, 10.1, 25, ABplappppp, 103, 28375, 19522, 688, , 28375, 25000, 28060, 28112, 0, 
76, 1, 181, 140, -1, 253, 367, 15.8, 26, ABpraapapap, 189, 27877, 22190, 796, , 27877, 25000, 28106, 28178, 0, 
77, 1, 232, 186, -1, 474, 156, 16.2, 31, Capaap, 251, 27433, 40162, 1464, , 27433, 25000, 28583, 28594, 0, 
78, 1, 174, 371, -1, 380, 350, 10.8, 26, Dpapp, 194, 27717, 22063, 796, , 27717, 25000, 28803, 28881, 0, 
79, 1, 388, 302, -1, 217, 283, 10.0, 23, MSppaaaa, 200, 28463, 14573, 512, , 28463, 25000, 28378, 28417, 0, 
80, 1, 183, 282, -1, 189, 265, 6.3, 26, ABaraaappp, 190, 34071, 29165, 856, , 34071, 25000, 35704, 35863, 0, 
81, 1, 417, 49, -1, 483, 221, 9.6, 24, ABprpappppp, 202, 28209, 19746, 700, , 28209, 25000, 28638, 28704, 0, 
82, 1, 478, 452, -1, 365, 190, 17.5, 28, MSappaaa, 180, 28272, 30534, 1080, , 28272, 25000, 29204, 29243, 0, 
83, 1, 293, 88, -1, 149, 341, 19.3, 25, ABpraapaaap, 390, 28264, 21594, 764, , 28264, 25000, 27506, 27605, 0, 
84, 1, 61, 376, -1, 533, 223, 7.9, 23, Caapaa, 178, 29700, 14731, 496, , 29700, 25000, 30112, 29864, 0, 
85, 1, 254, 165, -1, 200, 182, 11.2, 24, ABalppappaa, 216, 28162, 18474, 656, , 28162, 25000, 27774, 28032, 0, 
86, 1, 209, 155, -1, 366, 321, 8.0, 27, ABprppaapa, 230, 28385, 29293, 1032, , 28385, 25000, 29994, 29736, 0, 
87, 1, 57, 364, -1, 259, 325, 10.0, 24, ABprpaaaaap, 202, 26661, 16210, 608, , 26661, 25000, 28334, 28613, 0, 
88, 1, 405, 480, -1, 208, 323, 6.5, 22, ABalaappapp, 194, 34330, 17577, 512, , 34330, 25000, 34373, 34640, 0, 
89, 1, 27, 42, -1, 532, 140, 21.9, 29, ABplapapaa, -419, 27667, 33422, 1208, , 27667, 25000, 28004, 28026, 0, 
90, 1, 235, 36, -1, 417, 218, 24.0, 28, Dappa, 280, 28311, 31935, 1128, , 28311, 25000, 29229, 29224, 0, 
91, 1, 180, 276, -1, 524, 169, 8.1, 23, ABplapppapp, 195, 29482, 14623, 496, , 29482, 25000, 29469, 29363, 0, 
92, 1, 380, 114, -1, 546, 357, 12.2, 28, ABprapapap, 281, 26830, 28225, 1052, , 26830, 25000, 28302, 28261, 0, 
93, 1, 42, 102, -1, 297, 119, 17.8, 26, ABplaappap, 251, 28254, 22490, 796, , 28254, 25000, 27612, 27536, 0, 
94, 1, 129, 68, -1, 150, 210, 18.0, 27, ABalapaaaa, 128, 27964, 28859, 1032, , 27964, 25000, 27690, 27804, 0, 
95, 1, 264, 291, -1, 327, 291, 18.6, 27, MSpaaappp, 238, 27964, 27628, 988, , 27964, 25000, 28733, 28514, 0, 
96, 1, 318, 328, -1, 147, 273, 8.4, 27, ABalaapaaa, 35, 29534, 29180, 988, , 29534, 25000, 29124, 29347, 0, 
97, 0, 356, -1, -1, 321, 178, 15.0, 22, , 194, -1281, 10693, 384, , 27846, 25000, 29086, 29127, 0, 
98, 1, 21, 460, -1, 172, 261, 13.4, 24, ABaraaapaaa, 17, 26990, 18893, 700, , 26990, 25000, 27879, 28046, 0, 
99, 1, 349, 268, -1, 358, 326, 13.4, 27, MSpppaaa, 103, 27724, 27391, 988, , 27724, 25000, 28680, 28797, 0, 
100, 1, 54, 47, -1, 449, 152, 24.8, 29, ABplappapa, 274, 28778, 32001, 1112, , 28778, 25000, 28403, 28451, 0, 
101, 1, 288, 182, -1, 387, 174, 7.8, 24, ABplppaappa, 173, 29555, 19388, 656, , 29555, 25000, 29362, 29707, 0, 
102, 1, 158, 427, -1, 572, 230, 8.7, 25, ABprppppppp, 231, 28134, 21494, 764, , 28134, 25000, 29518, 29616, 0, 
103, 1, 140, 329, -1, 203, 191, 26.5, 25, ABplaaapaa, 215, 28010, 21512, 768, , 28010, 25000, 29438, 29684, 0, 
104, 1, 346, 323, -1, 312, 209, 9.6, 28, ABalpappppp, 276, 28614, 28271, 988, , 28614, 25000, 29204, 29210, 0, 
105, 1, 496, 56, -1, 149, 243, 13.4, 26, ABaraaaapa, 221, 27210, 22639, 832, , 27210, 25000, 27682, 27813, 0, 
106, 1, 274, 116, -1, 589, 222, 11.2, 28, Cpappv, 253, 26618, 28002, 1052, , 26618, 25000, 28218, 28380, 0, 
107, 1, 115, 84, -1, 304, 225, 14.6, 29, ABaraapapp, 216, 28313, 32730, 1156, , 28313, 25000, 28069, 28175, 0, 
108, 1, 391, 99, -1, 553, 270, 6.4, 27, ABprpppaapp, 241, 34418, 34005, 988, , 34418, 25000, 34596, 34927, 0, 
109, 1, 487, 420, -1, 317, 201, 7.6, 27, ABalpappapp, 242, 29320, 28968, 988, , 29320, 25000, 31456, 31705, 0, 
110, 1, 172, 316, -1, 227, 371, 10.2, 24, ABpraaaapad, 175, 27098, 17776, 656, , 27098, 25000, 26888, 26732, 0, 
111, 1, 76, 374, -1, 273, 188, 17.2, 26, MSapapaa, -37, 26642, 21207, 796, , 26642, 25000, 28650, 28569, 0, 
112, 1, 294, 57, -1, 193, 370, 12.8, 23, ABpraaaappa, 197, 25548, 13796, 540, , 25548, 25000, 26685, 26708, 0, 
113, 1, 375, 459, -1, 313, 190, 23.5, 24, ABplapaaaaa, 203, 28323, 21752, 768, , 28323, 25000, 27740, 27670, 0, 
114, 1, 45, 487, -1, 165, 178, 19.7, 25, ABalppppapa, 125, 27220, 20796, 764, , 27220, 25000, 28027, 28229, 0, 
115, 1, 397, 319, -1, 468, 212, 25.5, 31, Dappp, 317, 27618, 34025, 1232, , 27618, 25000, 28531, 28531, 0, 
116, 1, 206, 48, -1, 223, 363, 17.8, 23, ABpraapappa, 209, 27711, 14964, 540, , 27711, 25000, 28476, 28827, 0, 
117, 1, 296, 130, -1, 147, 208, 23.6, 25, ABplaapaaap, 185, 26919, 22397, 832, , 26919, 25000, 28225, 28399, 0, 
118, 1, 464, 520, -1, 158, 313, 12.9, 23, ABalaappppa, 232, 27065, 13424, 496, , 27065, 25000, 27755, 27741, 0, 
119, 1, 116, 147, -1, 352, 153, 22.4, 25, ABplapaaapp, 19, 28438, 23660, 832, , 28438, 25000, 28501, 28515, 0, 
120, 1, 481, 404, -1, 130, 266, 16.1, 22, ABalapppaaa, 190, 26369, 12235, 464, , 26369, 25000, 27758, 27852, 0, 
121, 1, 268, 11, -1, 424, 396, 13.3, 25, ABprapaapp, -70, 27310, 20865, 764, , 27310, 25000, 28030, 27993, 0, 
122, 1, 38, 308, -1, 205, 349, 13.6, 24, ABpraaapaad, 165, 27749, 19424, 700, , 27749, 25000, 27668, 27544, 0, 
123, 1, 22, 144, -1, 563, 307, 8.1, 26, ABprappppa, 56, 28489, 22791, 800, , 28489, 25000, 28988, 29049, 0, 
124, 1, 290, 400, -1, 199, 269, 14.4, 23, ABaraaapaap, 192, 26828, 17170, 640, , 26828, 25000, 27894, 27953, 0, 
125, 1, 8, 195, -1, 182, 176, 24.5, 29, ABplaapaapp, 263, 27673, 29887, 1080, , 27673, 25000, 28356, 28421, 0, 
126, 1, 83, 461, -1, 479, 209, 7.6, 24, ABplpappppp, 186, 28239, 19767, 700, , 28239, 25000, 29716, 29968, 0, 
127, 1, 163, 87, -1, 169, 241, 25.4, 30, ABplaaaaaa, -138, 29004, 33529, 1156, , 29004, 25000, 28458, 28564, 0, 
128, 1, 29, 209, -1, 233, 219, 23.5, 26, MSapappa, 199, 27959, 25051, 896, , 27959, 25000, 28726, 28524, 0, 
129, 1, 113, 161, -1, 515, 220, 12.3, 32, Eplpp, 645, 27646, 43791, 1584, , 27646, 25000, 28845, 28927, 0, 
130, 1, 149, 413, -1, 556, 142, 16.9, 24, ABplapapppa, 48, 28147, 17001, 604, , 28147, 25000, 28009, 27932, 0, 
131, 1, 341, 484, -1, 367, 266, 7.0, 24, ABprpapppaa, 236, 29178, 17740, 608, , 29178, 25000, 31924, 31443, 0, 
132, 1, 355, 478, -1, 273, 238, 5.5, 27, ABarappaap, 140, 39353, 35260, 896, , 39353, 25000, 35469, 36054, 0, 
133, 1, 159, 167, -1, 220, 316, 26.0, 26, ABarpaapaa, 232, 28955, 24670, 852, , 28955, 25000, 29598, 29743, 0, 
134, 1, 266, 148, -1, 202, 305, 9.3, 24, ABarappppaa, 180, 28251, 19889, 704, , 28251, 25000, 28925, 28939, 0, 
135, 1, 269, 418, -1, 477, 243, 12.5, 31, Eprpp, 314, 27361, 33709, 1232, , 27361, 25000, 28758, 28774, 0, 
136, 1, 225, 347, -1, 239, 242, 12.6, 23, ABalpappaaa, 52, 26127, 16721, 640, , 26127, 25000, 27536, 27672, 0, 
137, 1, 30, 70, -1, 238, 216, 5.6, 29, ABalpapaap, 210, 38869, 44933, 1156, , 38869, 25000, 35644, 35982, 0, 
138, 1, 319, 464, -1, 195, 298, 6.2, 24, ABarapppaaa, 196, 33700, 22107, 656, , 33700, 25000, 37189, 37500, 0, 
139, 1, 431, 465, -1, 311, 338, 10.1, 23, ABprppaaaaa, 238, 28954, 14361, 496, , 28954, 25000, 28123, 28463, 0, 
140, 1, 160, 115, -1, 195, 219, 23.1, 25, ABplaaaaapa, 367, 27939, 19222, 688, , 27939, 25000, 28485, 28442, 0, 
141, 0, 313, -1, -1, 188, 153, 11.6, 24, , 189, -223, 18936, 700, , 27051, 25000, 27333, 27274, 0, 
142, 1, 138, 389, -1, 410, 334, 10.6, 28, MSpapppa, 286, 27983, 27647, 988, , 27983, 25000, 28700, 28756, 0, 
143, 1, 154, 93, -1, 127, 243, 21.5, 26, ABplaapaaaa, 258, 27863, 24965, 896, , 27863, 25000, 27415, 27442, 0, 
144, 1, 418, 503, -1, 131, 202, 14.6, 24, ABalaaapalr, 204, 27953, 19567, 700, , 27953, 25000, 27933, 27919, 0, 
145, 1, 26, 100, -1, 314, 280, 13.1, 28, ABaraapppp, -145, 28038, 30505, 1088, , 28038, 25000, 28712, 28561, 0, 
146, 1, 92, 416, -1, 131, 325, 14.3, 25, ABalappappa, 222, 27313, 20867, 764, , 27313, 25000, 27383, 27348, 0, 
147, 1, 87, 16, -1, 309, 147, 14.7, 25, ABplppaaaaa, -129, 27199, 20780, 764, , 27199, 25000, 28184, 28214, 0, 
148, 1, 443, 422, -1, 476, 189, 6.1, 23, ABplppppapp, 227, 32357, 16049, 496, , 32357, 25000, 33563, 34396, 0, 
149, 1, 347, 61, -1, 413, 143, 10.2, 23, ABplppappap, 174, 27311, 14748, 540, , 27311, 25000, 27779, 27747, 0, 
150, 0, 133, -1, -1, 84, 261, 16.0, 30, , 461, 3499, 40577, 1348, , 30102, 25000, 26603, 26603, 0, 
151, 1, 203, 13, 521, 545, 279, 9.0, 26, ABprapppap, 203, 29812, 25400, 852, , 29812, 25000, 28745, 28521, 0, 
152, 1, 229, 200, 284, 273, 218, 15.8, 29, ABalpaaapp, 195, 27469, 30546, 1112, , 27469, 25000, 27330, 27241, 0, 
153, 1, 167, 158, -1, 467, 175, 22.1, 27, Cappaaa, 269, 27617, 25076, 908, , 27617, 25000, 28589, 28580, 0, 
154, 1, 39, 244, -1, 236, 130, 14.5, 28, ABplpaaapa, 133, 27925, 30159, 1080, , 27925, 25000, 27697, 27595, 0, 
155, 1, 119, 131, -1, 227, 203, 8.6, 25, ABalpaaaap, 119, 27792, 23123, 832, , 27792, 25000, 28131, 28230, 0, 
156, 1, 106, 127, -1, 287, 342, 9.7, 24, ABprpaaappp, 183, 27351, 19255, 704, , 27351, 25000, 28477, 28676, 0, 
157, 1, 376, 456, -1, 466, 331, 14.7, 26, MSpppaap, 215, 28209, 24147, 856, , 28209, 25000, 28884, 28999, 0, 
158, 1, 219, 283, -1, 495, 150, 25.2, 29, ABarppappa, 291, 27353, 30417, 1112, , 27353, 25000, 28327, 28327, 0, 
159, 1, 75, 53, -1, 491, 159, 6.1, 24, ABplpppapaa, 215, 33386, 20165, 604, , 33386, 25000, 36810, 37172, 0, 
160, 1, 411, 252, -1, 444, 229, 6.5, 24, ABplpappppa, 242, 29835, 22913, 768, , 29835, 25000, 33733, 34188, 0, 
161, 1, 244, 358, -1, 278, 278, 4.5, 24, ABarapppapp, 233, 34448, 26456, 768, , 34448, 25000, 34503, 34503, 0, 
162, 1, 359, 232, -1, 319, 374, 15.3, 23, ABprpaappap, 205, 27142, 16068, 592, , 27142, 25000, 28376, 28407, 0, 
163, 1, 255, 203, -1, 400, 286, 14.3, 30, Earpa, 301, 29783, 38956, 1308, , 29783, 25000, 30198, 30132, 0, 
164, 1, 47, 475, -1, 340, 317, 6.6, 23, ABprpapaapp, 169, 31428, 20114, 640, , 31428, 25000, 33381, 32932, 0, 
165, 1, 329, 453, -1, 464, 293, 18.4, 33, Earpp, 334, 28021, 45954, 1640, , 28021, 25000, 29152, 29190, 0, 
166, 1, 289, 351, -1, 340, 275, 10.7, 26, MSpapaaap, 210, 38548, 32997, 856, , 38548, 25000, 30509, 30451, 0, 
167, 0, 501, -1, -1, 505, 344, 13.8, 27, , 332, 0, 0, 0, , 0, 0, 0, 0, 0, 
168, 1, 170, 482, -1, 504, 167, 20.5, 29, Capapa, 287, 27923, 30157, 1080, , 27923, 25000, 28456, 28474, 0, 
169, 1, 399, 201, -1, 278, 147, 7.6, 24, ABalppapapp, 217, 28460, 19922, 700, , 28460, 25000, 30814, 31568, 0, 
170, 1, 44, 315, -1, 304, 315, 25.6, 30, ABarpaappa, 280, 27494, 31783, 1156, , 27494, 25000, 28612, 28674, 0, 
171, 1, 50, 76, -1, 515, 373, 11.8, 26, ABprappapp, 34, 27541, 21923, 796, , 27541, 25000, 27511, 27618, 0, 
172, 1, 253, 198, -1, 556, 338, 9.8, 27, ABprapappa, 9, 27029, 23461, 868, , 27029, 25000, 27830, 27933, 0, 
173, 1, 392, 309, -1, 376, 257, 4.7, 27, ABprpappapa, 241, 33735, 31171, 924, , 33735, 25000, 35455, 35544, 0, 
174, 1, 320, 402, -1, 342, 351, 8.3, 24, ABprppaaaap, 67, 28460, 20036, 704, , 28460, 25000, 28321, 28322, 0, 
175, 1, 258, 397, -1, 164, 192, 15.7, 22, ABalapaappa, 214, 28000, 14672, 524, , 28000, 25000, 28202, 28327, 0, 
176, 1, 118, 377, -1, 425, 128, 18.2, 29, ABplappaaa, 141, 28064, 31207, 1112, , 28064, 25000, 28088, 27950, 0, 
177, 1, 182, 71, -1, 278, 184, 21.8, 25, ABalppppppa, 121, 27034, 19032, 704, , 27034, 25000, 27868, 27884, 0, 
178, 1, 112, 183, -1, 207, 239, 18.8, 25, ABaraapaapa, -200, 27004, 19011, 704, , 27004, 25000, 28356, 28381, 0, 
179, 1, 9, 446, -1, 232, 212, 14.6, 27, ABalpaaapa, 264, 28031, 27695, 988, , 28031, 25000, 27546, 27545, 0, 
180, 1, 237, 208, -1, 518, 370, 19.3, 28, ABarpppppa, 279, 27206, 28947, 1064, , 27206, 25000, 28001, 27900, 0, 
181, 1, 350, 107, -1, 135, 281, 22.3, 28, ABarpaaaaa, -115, 28372, 30188, 1064, , 28372, 25000, 27765, 27756, 0, 
182, 1, 338, 432, -1, 413, 358, 8.0, 24, ABprppapaaa, 235, 27146, 16505, 608, , 27146, 25000, 28814, 28918, 0, 
183, 1, 165, 278, -1, 189, 174, 15.8, 24, ABalapaapa, 135, 26881, 17634, 656, , 26881, 25000, 28260, 28304, 0, 
184, 1, 302, 82, -1, 527, 168, 16.3, 30, Cappap, 306, 27720, 36258, 1308, , 27720, 25000, 28531, 28510, 0, 
185, 1, 413, 226, -1, 246, 339, 21.8, 27, MSppappp, 151, 26523, 23022, 868, , 26523, 25000, 28229, 28167, 0, 
186, 1, 216, 240, -1, 430, 164, 18.5, 30, Capaaa, 259, 28321, 34892, 1232, , 28321, 25000, 28287, 28348, 0, 
187, 1, 422, 285, -1, 284, 317, 11.1, 25, MSppapap, 262, 27619, 19002, 688, , 27619, 25000, 27824, 27990, 0, 
188, 1, 371, 23, -1, 332, 293, 7.0, 24, ABprpapaaap, 186, 28465, 17307, 608, , 28465, 25000, 32074, 31852, 0, 
189, 1, 321, 19, -1, 174, 268, 16.8, 24, ABaraappaaa, 109, 28610, 18768, 656, , 28610, 25000, 28100, 27686, 0, 
190, 1, 213, 122, -1, 241, 276, 26.1, 28, ABplaaaapp, 132, 28621, 31140, 1088, , 28621, 25000, 28364, 28237, 0, 
191, 1, 263, 66, -1, 392, 351, 21.3, 29, Dpppa, 252, 27932, 29831, 1068, , 27932, 25000, 27948, 27972, 0, 
192, 1, 312, 443, -1, 307, 279, 4.8, 24, ABarappapaa, 203, 36314, 23822, 656, , 36314, 25000, 36342, 36427, 0, 
193, 1, 409, 394, -1, 478, 247, 8.2, 25, ABprpappppa, 89, 28118, 19795, 704, , 28118, 25000, 28997, 29016, 0, 
194, 1, 277, 307, -1, 162, 306, 23.3, 31, ABarpaaapa, 249, 27045, 36997, 1368, , 27045, 25000, 28042, 28186, 0, 
195, 1, 41, 241, -1, 274, 312, 25.7, 29, ABarpaapap, 262, 28176, 30092, 1068, , 28176, 25000, 28557, 28778, 0, 
196, 1, 396, 310, -1, 291, 308, 5.0, 23, ABarapppppp, 231, 37041, 18965, 512, , 37041, 25000, 34673, 34589, 0, 
197, 1, 49, 124, -1, 127, 228, 16.2, 27, ABalaaapar, 127, 27949, 24260, 868, , 27949, 25000, 27556, 27532, 0, 
198, 1, 151, 149, -1, 505, 196, 5.4, 30, ABplpppapap, 448, 41158, 47579, 1156, , 41158, 25000, 37625, 37551, 0, 
199, 1, 242, 296, -1, 333, 242, 8.1, 26, ABarapapppp, 249, 27511, 22009, 800, , 27511, 25000, 30128, 30176, 0, 
200, 1, 218, 7, -1, 406, 120, 19.4, 28, ABplapaapp, 140, 28043, 27706, 988, , 28043, 25000, 28081, 28004, 0, 
201, 1, 257, 172, -1, 506, 332, 21.3, 28, Cpppaap, 275, 28303, 30114, 1064, , 28303, 25000, 27981, 28016, 0, 
202, 1, 476, 340, -1, 200, 232, 15.7, 24, ABalpaapaap, 234, 27740, 19529, 704, , 27740, 25000, 28033, 28304, 0, 
203, 1, 236, 250, -1, 271, 151, 22.8, 27, ABalppppppp, 270, 27374, 23761, 868, , 27374, 25000, 28312, 28377, 0, 
204, 1, 368, 365, -1, 177, 230, 13.7, 23, ABalpaapaaa, -59, 28519, 16883, 592, , 28519, 25000, 28383, 28718, 0, 
205, 1, 157, 193, -1, 483, 293, 9.7, 24, ABprpppppaa, 239, 27801, 19572, 704, , 27801, 25000, 28859, 28892, 0, 
206, 1, 132, 440, -1, 334, 136, 15.0, 24, ABplppaaaap, 241, 27321, 16611, 608, , 27321, 25000, 28100, 28211, 0, 
207, 1, 202, 405, -1, 162, 245, 15.4, 25, ABaraapaaaa, -506, 27944, 23249, 832, , 27944, 25000, 27878, 28010, 0, 
208, 1, 245, 184, -1, 446, 287, 25.5, 32, Cpaaap, 312, 27964, 40044, 1432, , 27964, 25000, 28785, 28759, 0, 
209, 1, 25, 379, -1, 226, 169, 11.7, 23, ABalppappap, 235, 28397, 16811, 592, , 28397, 25000, 27857, 27657, 0, 
210, 1, 327, 362, -1, 447, 350, 22.1, 30, Dpppp, 286, 27682, 37537, 1356, , 27682, 25000, 28787, 28787, 0, 
211, 1, 230, 496, -1, 248, 166, 7.0, 23, ABalppapapa, 205, 31000, 15872, 512, , 31000, 25000, 33535, 34228, 0, 
212, 1, 251, 345, -1, 423, 325, 6.5, 28, ABprppappa, 191, 29898, 32290, 1080, , 29898, 25000, 33136, 33103, 0, 
213, 1, 322, 454, -1, 195, 257, 17.6, 23, ABaraapaaap, 176, 30502, 19521, 640, , 30502, 25000, 27773, 27779, 0, 
214, 1, 348, 9, -1, 261, 263, 6.0, 23, ABarappaaap, 172, 35088, 17965, 512, , 35088, 25000, 34341, 34048, 0, 
215, 1, 155, 243, -1, 201, 244, 8.2, 24, ABarapaaaaa, 117, 27631, 18126, 656, , 27631, 25000, 29167, 29058, 0, 
216, 1, 231, 219, -1, 529, 126, 10.4, 26, ABplappppa, 320, 27477, 22861, 832, , 27477, 25000, 27431, 27326, 0, 
217, 1, 310, 78, -1, 525, 142, 7.4, 23, ABplpppaapp, -36, 30638, 19608, 640, , 30638, 25000, 30975, 31301, 0, 
218, 1, 184, 472, -1, 314, 347, 13.0, 24, MSppppaa, 233, 29260, 17790, 608, , 29260, 25000, 28152, 28165, 0, 
219, 1, 17, 289, -1, 224, 316, 9.1, 24, ABprpaaaaaa, 193, 27548, 16639, 604, , 27548, 25000, 28780, 28824, 0, 
220, 1, 178, 92, -1, 285, 276, 10.8, 26, ABarapappa, 54, 27926, 22229, 796, , 27926, 25000, 27736, 27761, 0, 
221, 1, 332, 132, -1, 268, 249, 9.9, 23, ABarapapaap, 219, 27071, 13427, 496, , 27071, 25000, 28198, 28049, 0, 
222, 1, 500, 348, -1, 228, 238, 16.5, 21, ABalpaapapa, 146, 28066, 14370, 512, , 28066, 25000, 27563, 27541, 0, 
223, 1, 433, 500, -1, 244, 136, 11.2, 25, ABalppaapp, 226, 27621, 19445, 704, , 27621, 25000, 27476, 27508, 0, 
224, 1, 70, 256, -1, 272, 208, 9.5, 26, ABalpappppa, 60, 27564, 24697, 896, , 27564, 25000, 28424, 28449, 0, 
225, 1, 14, 306, -1, 247, 237, 8.2, 28, ABarapaaap, 255, 28603, 30090, 1052, , 28603, 25000, 29391, 29317, 0, 
226, 1, 63, 426, -1, 468, 237, 17.7, 30, Ealpp, 276, 27544, 36028, 1308, , 27544, 25000, 28487, 28514, 0, 
227, 1, 214, 260, -1, 579, 263, 9.4, 25, ABprappppp, 14, 27061, 22515, 832, , 27061, 25000, 28350, 28319, 0, 
228, 0, 204, -1, -1, 301, 299, 9.0, 24, , 365, 1079, 18003, 608, , 29610, 25000, 28741, 28531, 0, 
229, 1, 81, 386, -1, 161, 339, 11.6, 23, ABalaappppp, 236, 26669, 17068, 640, , 26669, 25000, 27492, 27520, 0, 
230, 1, 11, 317, -1, 466, 249, 6.1, 22, ABprppppaap, 194, 32444, 15054, 464, , 32444, 25000, 33235, 33929, 0, 
231, 1, 508, 153, -1, 446, 155, 8.2, 24, ABplpppaaaa, 203, 28590, 18755, 656, , 28590, 25000, 28546, 28793, 0, 
232, 1, 28, 202, -1, 230, 156, 8.7, 23, ABalppapaap, -134, 27372, 16204, 592, , 27372, 25000, 29056, 29121, 0, 
233, 1, 104, 34, -1, 310, 154, 7.7, 27, ABalpapapap, 280, 30008, 27727, 924, , 30008, 25000, 31312, 32004, 0, 
234, 1, 99, 69, -1, 151, 183, 23.8, 25, ABplaapaapa, 455, 28560, 20106, 704, , 28560, 25000, 27921, 28188, 0, 
235, 1, 58, 112, -1, 369, 149, 8.4, 24, ABalpapappp, 220, 28700, 20090, 700, , 28700, 25000, 28665, 28784, 0, 
236, 1, 89, 458, -1, 536, 289, 24.2, 32, Caaapa, 274, 28119, 45215, 1608, , 28119, 25000, 28578, 28570, 0, 
237, 1, 131, 221, -1, 177, 193, 8.2, 23, ABalpaapppp, 201, 30144, 16278, 540, , 30144, 25000, 29006, 29700, 0, 
238, 1, 299, 28, -1, 193, 368, 17.8, 27, ABpraapaapp, 268, 27113, 23534, 868, , 27113, 25000, 27905, 28033, 0, 
239, 1, 295, 438, -1, 278, 173, 5.8, 24, ABalpapapaa, 356, 42154, 27653, 656, , 42154, 25000, 40150, 40334, 0, 
240, 1, 238, 369, -1, 377, 151, 10.5, 23, ABplppappaa, 166, 29188, 18447, 632, , 29188, 25000, 27953, 27999, 0, 
241, 1, 207, 242, -1, 340, 149, 8.2, 24, ABalpapappa, 199, 26477, 17369, 656, , 26477, 25000, 28940, 29133, 0, 
242, 1, 125, 356, -1, 308, 244, 21.9, 24, MSaaaappa, 96, 27962, 16889, 604, , 27962, 25000, 28303, 28362, 0, 
243, 1, 240, 205, -1, 509, 269, 8.8, 24, ABprpppppap, 204, 28328, 18583, 656, , 28328, 25000, 29505, 29518, 0, 
244, 1, 275, 67, -1, 276, 393, 19.2, 28, ABarpapppa, 278, 27875, 29324, 1052, , 27875, 25000, 27923, 27719, 0, 
245, 0, 114, -1, -1, 162, 248, 21.5, 25, , 156, -626, 21829, 768, , 28423, 25000, 28891, 29049, 0, 
246, 1, 5, 249, -1, 201, 283, 17.8, 24, ABaraappaap, 66, 28977, 19009, 656, , 28977, 25000, 28114, 28136, 0, 
247, 1, 7, 137, -1, 158, 312, 15.2, 28, ABalappapa, 283, 28156, 29620, 1052, , 28156, 25000, 27815, 27962, 0, 
248, 1, 243, 30, -1, 458, 358, 18.4, 26, Cpppaaa, 90, 27070, 22522, 832, , 27070, 25000, 28736, 28739, 0, 
249, 1, 62, 218, -1, 417, 318, 25.6, 33, Caaaaa, 328, 28134, 46139, 1640, , 28134, 25000, 28583, 28590, 0, 
250, 1, 304, 353, -1, 556, 187, 9.1, 24, ABplppppppp, 212, 27492, 16605, 604, , 27492, 25000, 29254, 29629, 0, 
251, 1, 19, 39, -1, 385, 400, 19.3, 28, ABarppppaa, 273, 27277, 29023, 1064, , 27277, 25000, 27698, 27690, 0, 
252, 1, 107, 196, -1, 243, 169, 22.0, 26, ABplaapapap, 266, 28041, 23891, 852, , 28041, 25000, 28765, 28914, 0, 
253, 1, 450, 395, -1, 584, 196, 16.3, 31, Cpapaa, 317, 28458, 38930, 1368, , 28458, 25000, 28614, 28627, 0, 
254, 1, 377, 164, -1, 438, 294, 10.1, 32, Z2, 92, 28645, 45145, 1576, , 28645, 25000, 28471, 28529, 0, 
255, 1, 80, 154, -1, 201, 258, 11.6, 25, ABaraaaaap, 260, 28806, 23967, 832, , 28806, 25000, 27847, 27894, 0, 
256, 1, 148, 233, -1, 237, 278, 22.7, 24, MSaaaapaa, 223, 27690, 19494, 704, , 27690, 25000, 27942, 28160, 0, 
257, 1, 135, 80, -1, 551, 310, 10.6, 26, ABprapppaa, 238, 26714, 22226, 832, , 26714, 25000, 28759, 28738, 0, 
258, 1, 171, 179, -1, 551, 188, 20.2, 30, Capppa, 301, 27654, 36503, 1320, , 27654, 25000, 28201, 28256, 0, 
259, 1, 93, 505, -1, 268, 303, 20.0, 25, MSpaaaapp, 463, 28021, 21408, 764, , 28021, 25000, 28789, 28963, 0, 
260, 1, 56, 31, -1, 386, 274, 24.9, 31, Cpaaaa, 312, 28156, 41671, 1480, , 28156, 25000, 28669, 28727, 0, 
261, 1, 181, 97, -1, 220, 347, 15.8, 25, ABpraapapaa, 182, 27402, 19291, 704, , 27402, 25000, 27679, 27540, 0, 
262, 1, 360, 297, -1, 302, 291, 16.5, 24, MSpaapapa, 214, 26592, 20423, 768, , 26592, 25000, 28414, 28290, 0, 
263, 1, 379, 90, -1, 328, 211, 5.0, 22, ABplpappaaa, 185, 37792, 14512, 384, , 37792, 25000, 36766, 37047, 0, 
264, 1, 117, 194, -1, 172, 349, 14.4, 25, ABpraaapapa, 160, 27106, 22552, 832, , 27106, 25000, 27836, 27794, 0, 
265, 1, 485, 298, -1, 277, 322, 13.5, 26, MSppapaa, 191, 28266, 25326, 896, , 28266, 25000, 28144, 28104, 0, 
266, 1, 390, 441, -1, 540, 194, 6.6, 24, ABplppppppa, 196, 32487, 22741, 700, , 32487, 25000, 35442, 35331, 0, 
267, 1, 437, 428, -1, 255, 171, 18.9, 24, ABalpppppap, 210, 29992, 18115, 604, , 29992, 25000, 28496, 28656, 0, 
268, 1, 179, 91, -1, 204, 225, 13.3, 26, ABaraaaaaa, 263, 28150, 24096, 856, , 28150, 25000, 27852, 27857, 0, 
269, 1, 286, 134, -1, 583, 289, 12.5, 28, ABprapappp, 201, 28194, 30450, 1080, , 28194, 25000, 28862, 28854, 0, 
270, 1, 459, 176, -1, 472, 138, 8.6, 25, ABplpppaaap, 195, 28286, 23534, 832, , 28286, 25000, 28247, 28208, 0, 
271, 1, 85, 471, -1, 519, 289, 5.7, 25, ABprpppaapa, 191, 40427, 30886, 764, , 40427, 25000, 38209, 37678, 0, 
272, 1, 40, 489, -1, 274, 291, 14.4, 24, ABaraapppaa, 196, 28767, 20137, 700, , 28767, 25000, 27594, 27579, 0, 
273, 1, 389, 206, -1, 368, 154, 16.9, 24, Daapp, 231, 27679, 16718, 604, , 27679, 25000, 28672, 28662, 0, 
274, 1, 142, 136, -1, 277, 274, 22.2, 25, MSaaaapap, 251, 26790, 18860, 704, , 26790, 25000, 28072, 28143, 0, 
275, 1, 1, 360, -1, 529, 187, 10.3, 28, Capppp, 280, 28011, 29804, 1064, , 28011, 25000, 28561, 28657, 0, 
276, 1, 273, 178, -1, 230, 291, 5.4, 29, ABarapppaap, 264, 38267, 44237, 1156, , 38267, 25000, 35643, 35953, 0, 
277, 1, 166, 334, -1, 125, 229, 12.8, 25, ABalaaaarl, 229, 27044, 19039, 704, , 27044, 25000, 26925, 26881, 0, 
278, 1, 101, 324, -1, 391, 157, 15.0, 25, MSaapppa, 173, 27750, 21201, 764, , 27750, 25000, 28552, 28563, 0, 
279, 1, 480, 98, -1, 228, 341, 10.4, 24, ABpraaaapav, 203, 28501, 19951, 700, , 28501, 25000, 27185, 27270, 0, 
280, 1, 250, 373, -1, 395, 329, 6.2, 24, ABarappappp, 184, 31703, 20797, 656, , 31703, 25000, 33479, 33882, 0, 
281, 1, 428, 128, -1, 393, 184, 24.4, 28, ABarppaapp, 268, 28381, 28040, 988, , 28381, 25000, 28429, 28545, 0, 
282, 1, 199, 123, -1, 241, 382, 12.6, 25, ABprpaapapa, 250, 27392, 22790, 832, , 27392, 25000, 27546, 27697, 0, 
283, 1, 33, 151, -1, 275, 202, 12.6, 26, ABalpapppa, -274, 27286, 22702, 832, , 27286, 25000, 28389, 28333, 0, 
284, 1, 451, 55, -1, 548, 232, 5.9, 23, ABprppppppa, 194, 38595, 19143, 496, , 38595, 25000, 37742, 38189, 0, 
285, 1, 432, 479, -1, 337, 158, 18.1, 24, Daapa, -82, 27066, 16348, 604, , 27066, 25000, 28486, 28508, 0, 
286, 1, 211, 185, -1, 423, 161, 7.6, 23, ABplppaappp, 181, 28033, 17941, 640, , 28033, 25000, 28971, 29031, 0, 
287, 1, 367, 125, -1, 309, 228, 5.6, 24, ABarapapapp, 209, 39079, 27355, 700, , 39079, 25000, 35822, 35959, 0, 
288, 1, 343, 86, -1, 184, 306, 11.8, 25, ABalaapppa, 241, 27909, 19648, 704, , 27909, 25000, 27402, 27320, 0, 
289, 1, 412, 245, -1, 435, 224, 11.3, 30, Z3, 302, 27008, 35326, 1308, , 27008, 25000, 28856, 28850, 0, 
290, 1, 221, 349, -1, 289, 385, 15.6, 25, ABpraaapppp, 254, 27505, 22884, 832, , 27505, 25000, 28309, 28407, 0, 
291, 0, 309, -1, -1, 350, 386, 8.4, 23, , 283, 108, 18396, 640, , 28744, 25000, 28637, 28636, 0, 
292, 1, 196, 467, -1, 214, 260, 22.6, 25, MSaaaaapp, 48, 27677, 23027, 832, , 27677, 25000, 28294, 28280, 0, 
293, 1, 466, 363, -1, 303, 330, 21.4, 26, MSpppppa, 219, 26888, 22371, 832, , 26888, 25000, 27608, 27612, 0, 
294, 1, 260, 299, -1, 219, 198, 20.0, 25, ABplaapapaa, 186, 28486, 21763, 764, , 28486, 25000, 28078, 28337, 0, 
295, 1, 474, 171, -1, 303, 358, 8.3, 22, ABprpaapppp, 224, 29300, 15353, 524, , 29300, 25000, 29083, 29086, 0, 
296, 0, 35, -1, -1, 160, 167, 11.6, 24, , 165, -4, 18996, 700, , 27137, 25000, 27220, 27141, 0, 
297, 1, 419, 181, -1, 345, 392, 21.0, 26, ABarpppaap, 265, 29046, 24747, 852, , 29046, 25000, 27941, 27989, 0, 
298, 1, 404, 169, -1, 454, 246, 21.4, 32, Eplaa, 328, 27499, 40808, 1484, , 27499, 25000, 28696, 28719, 0, 
299, 1, 434, 292, -1, 164, 358, 17.9, 23, ABpraapaapa, 43, 26869, 13327, 496, , 26869, 25000, 27673, 27626, 0, 
300, 1, 262, 274, -1, 478, 157, 11.7, 27, Capapp, -249, 27139, 25076, 924, , 27139, 25000, 28920, 28922, 0, 
301, 1, 34, 145, -1, 238, 237, 19.5, 27, ABaraapaapp, 200, 27781, 24892, 896, , 27781, 25000, 28596, 28586, 0, 
302, 1, 314, 109, -1, 359, 289, 14.8, 23, MSpapaapp, 226, 31528, 17025, 540, , 31528, 25000, 30828, 30871, 0, 
303, 1, 139, 263, -1, 340, 369, 17.2, 24, ABprapaaapa, 224, 28067, 18412, 656, , 28067, 25000, 28738, 28885, 0, 
304, 1, 400, 213, -1, 249, 166, 10.1, 23, ABalppapppa, 227, 27962, 13869, 496, , 27962, 25000, 28586, 28572, 0, 
305, 1, 435, 215, -1, 472, 189, 14.3, 25, ABplpppppaa, 243, 27691, 21156, 764, , 27691, 25000, 28975, 29056, 0, 
306, 1, 4, 393, -1, 510, 342, 17.5, 32, Cppapa, 39, 28582, 40930, 1432, , 28582, 25000, 28442, 28499, 0, 
307, 1, 147, 143, -1, 191, 309, 25.3, 26, ABarpapapa, 237, 28673, 24544, 856, , 28673, 25000, 28567, 28575, 0, 
308, 1, 328, 447, -1, 313, 356, 18.7, 26, ABprapaaaaa, 196, 27203, 23286, 856, , 27203, 25000, 27840, 27863, 0, 
309, 1, 407, 81, -1, 258, 376, 9.6, 23, ABprpaapapp, 923, 28055, 17955, 640, , 28055, 25000, 27649, 27540, 0, 
310, 1, 82, 79, -1, 432, 284, 20.1, 31, Epraa, 25, 27968, 41393, 1480, , 27968, 25000, 29075, 29060, 0, 
311, 1, 46, 372, -1, 327, 326, 24.2, 29, ABarpaappp, 272, 28260, 31425, 1112, , 28260, 25000, 28149, 28200, 0, 
312, 1, 210, 146, -1, 547, 209, 24.8, 34, Cpaapp, 341, 27959, 53458, 1912, , 27959, 25000, 28561, 28560, 0, 
313, 1, 233, 251, -1, 256, 370, 18.3, 26, ABpraapappp, 261, 27853, 23842, 856, , 27853, 25000, 28581, 28634, 0, 
314, 1, 177, 174, -1, 529, 143, 13.4, 27, ABplapppaa, 58, 27499, 27169, 988, , 27499, 25000, 27751, 27836, 0, 
315, 1, 194, 255, -1, 487, 190, 9.9, 24, ABplpppppap, 273, 27046, 16336, 604, , 27046, 25000, 28747, 28743, 0, 
316, 1, 384, 498, -1, 422, 270, 6.4, 23, ABprpapappp, 192, 31595, 20221, 640, , 31595, 25000, 32819, 33177, 0, 
317, 1, 12, 24, -1, 418, 243, 18.2, 31, Ealap, 304, 28497, 41720, 1464, , 28497, 25000, 28968, 28980, 0, 
318, 1, 292, 352, -1, 311, 188, 19.4, 25, Daaaa, 192, 29173, 24272, 832, , 29173, 25000, 29445, 29396, 0, 
319, 0, 440, -1, -1, 525, 249, 7.0, 23, , 189, -1177, 16188, 512, , 31617, 25000, 33078, 32794, 0, 
320, 1, 60, 265, -1, 331, 305, 4.7, 26, ABarappapap, 426, 36940, 31621, 856, , 36940, 25000, 36179, 36359, 0, 
321, 1, 386, 330, -1, 198, 210, 7.7, 23, ABalpaappap, 172, 28799, 17049, 592, , 28799, 25000, 30205, 30704, 0, 
322, 1, 43, 412, -1, 377, 244, 18.8, 31, Ealaa, 195, 28730, 42060, 1464, , 28730, 25000, 28624, 28563, 0, 
323, 0, 357, -1, -1, 216, 141, 11.0, 23, , 57, 2542, 15223, 512, , 29732, 25000, 27266, 27190, 0, 
324, 1, 78, 4, -1, 458, 389, 13.2, 25, ABprappaaa, -337, 26034, 18328, 704, , 26034, 25000, 27280, 27250, 0, 
325, 1, 317, 85, -1, 193, 195, 18.8, 24, ABalppppaav, 60, 26971, 17693, 656, , 26971, 25000, 27745, 28122, 0, 
326, 1, 168, 270, -1, 402, 251, 7.5, 25, ABprpapppap, 245, 27939, 21457, 768, , 27939, 25000, 31843, 31790, 0, 
327, 1, 86, 51, -1, 198, 316, 15.8, 26, MSppaaap, 203, 28666, 22818, 796, , 28666, 25000, 28117, 27962, 0, 
328, 1, 193, 159, -1, 192, 369, 15.4, 24, ABpraaapapp, 215, 27043, 18930, 700, , 27043, 25000, 27631, 27621, 0, 
329, 1, 190, 466, -1, 441, 356, 8.2, 23, ABprppapaap, 230, 27487, 14843, 540, , 27487, 25000, 28437, 28555, 0, 
330, 1, 248, 406, -1, 127, 196, 19.1, 25, ABalapaaapa, 241, 26629, 18321, 688, , 26629, 25000, 27225, 27097, 0, 
331, 1, 507, 508, -1, 188, 222, 18.9, 24, MSapaaap, 200, 27565, 16649, 604, , 27565, 25000, 28271, 28406, 0, 
332, 1, 36, 448, -1, 446, 361, 14.6, 30, Cppaaa, 302, 27653, 31967, 1156, , 27653, 25000, 28120, 28195, 0, 
333, 1, 67, 267, -1, 269, 112, 16.7, 24, ABplaappaa, 63, 26061, 18347, 704, , 26061, 25000, 27487, 27492, 0, 
334, 1, 492, 156, -1, 559, 216, 10.4, 24, Caapap, 183, 27976, 19583, 700, , 27976, 25000, 28671, 28816, 0, 
335, 0, -1, -1, -1, 384, 165, 14.0, 22, , 207, 1018, 11417, 384, , 29732, 25000, 28641, 28714, 0, 
336, 0, 477, -1, -1, 178, 332, 8.6, 23, , -150, 402, 18375, 640, , 28711, 25000, 28267, 28309, 0, 
337, 1, 261, 52, -1, 451, 266, 8.6, 26, MSpappap, 203, 28863, 24014, 832, , 28863, 25000, 29495, 29563, 0, 
338, 1, 414, 431, -1, 162, 155, 15.3, 23, ABalaaapall, 559, 29404, 17407, 592, , 29404, 25000, 27531, 27367, 0, 
339, 1, 3, 230, -1, 312, 381, 10.3, 28, ABpraappap, 242, 28725, 30563, 1064, , 28725, 25000, 28041, 28123, 0, 
340, 1, 436, 473, -1, 408, 197, 8.0, 24, ABplpapappp, 200, 28770, 17492, 608, , 28770, 25000, 29937, 30114, 0, 
341, 1, 490, 142, -1, 289, 346, 19.2, 24, MSppppap, 229, 27343, 17937, 656, , 27343, 25000, 27615, 27800, 0, 
342, 1, 241, 425, -1, 163, 209, 21.4, 23, ABalapappap, 218, 27323, 17487, 640, , 27323, 25000, 28040, 28122, 0, 
343, 1, 256, 222, -1, 235, 220, 10.9, 23, ABalpaaaaap, 194, 27526, 13653, 496, , 27526, 25000, 28612, 28811, 0, 
344, 1, 134, 346, -1, 371, 125, 10.9, 24, ABplpaaaapp, 324, 26864, 16226, 604, , 26864, 25000, 28097, 28065, 0, 
345, 1, 445, 469, -1, 329, 336, 16.1, 24, Dpaaa, 176, 27070, 16350, 604, , 27070, 25000, 28459, 28462, 0, 
346, 1, 364, 463, -1, 233, 338, 18.7, 27, MSppappa, 200, 27992, 25865, 924, , 27992, 25000, 28374, 28515, 0, 
347, 1, 226, 423, -1, 291, 256, 13.4, 24, ABarapaappp, 142, 27037, 18926, 700, , 27037, 25000, 28136, 28193, 0, 
348, 1, 465, 490, -1, 483, 276, 5.2, 22, ABprppppapa, 227, 34665, 17194, 496, , 34665, 25000, 34855, 34915, 0, 
349, 1, 122, 476, -1, 237, 329, 14.3, 24, ABpraaappaa, -10, 28342, 19953, 704, , 28342, 25000, 28052, 28344, 0, 
350, 0, 74, -1, -1, 369, 286, 17.2, 30, , 219, -249, 38630, 1320, , 29265, 25000, 29326, 29514, 0, 
351, 1, 449, 75, -1, 515, 219, 15.6, 31, Eplpa, 316, 27457, 36573, 1332, , 27457, 25000, 29521, 29660, 0, 
352, 1, 484, 18, -1, 306, 193, 12.5, 24, MSaapaaaa, 206, 31479, 24176, 768, , 31479, 25000, 29092, 29119, 0, 
353, 1, 416, 312, -1, 506, 229, 18.9, 32, Eplap, 194, 27754, 43741, 1576, , 27754, 25000, 29419, 29613, 0, 
354, 1, 270, 474, -1, 273, 301, 6.9, 24, ABarapppppa, 217, 30868, 18644, 604, , 30868, 25000, 30692, 30853, 0, 
355, 1, 186, 275, -1, 412, 160, 25.2, 29, ABarppapap, 263, 26933, 29950, 1112, , 26933, 25000, 28763, 28713, 0, 
356, 1, 71, 375, -1, 509, 159, 11.6, 23, ABplapppapa, -188, 26447, 16926, 640, , 26447, 25000, 27605, 27471, 0, 
357, 1, 136, 429, -1, 160, 303, 9.5, 27, ABalaaapprr, 200, 27189, 24361, 896, , 27189, 25000, 28635, 28557, 0, 
358, 1, 32, 46, -1, 475, 390, 19.2, 28, ABprappapa, 279, 27394, 28818, 1052, , 27394, 25000, 27861, 27895, 0, 
359, 1, 408, 407, 408, 546, 299, 14.5, 29, Cpppap, -26, 28187, 30442, 1080, , 28187, 25000, 28583, 28584, 0, 
360, 1, 94, 239, -1, 578, 269, 20.8, 32, Caaapp, 323, 28249, 45425, 1608, , 28249, 25000, 28059, 28091, 0, 
361, 1, 298, 271, -1, 582, 323, 14.1, 27, ABarpppppp, 66, 28600, 25969, 908, , 28600, 25000, 28081, 28079, 0, 
362, 1, 439, 494, -1, 367, 178, 8.9, 22, ABplpapapap, 154, 27429, 12727, 464, , 27429, 25000, 28860, 28724, 0, 
363, 1, 79, 269, -1, 567, 163, 13.2, 25, ABplapapppp, 244, 28295, 19920, 704, , 28295, 25000, 28213, 28213, 0, 
364, 1, 144, 350, -1, 279, 383, 11.0, 24, ABpraappaa, 202, 26459, 16087, 608, , 26459, 25000, 27369, 27354, 0, 
365, 1, 361, 103, -1, 209, 190, 7.0, 24, ABalpapaaaa, 117, 30599, 18604, 608, , 30599, 25000, 33067, 34070, 0, 
366, 1, 197, 224, -1, 460, 338, 7.3, 26, ABprppapap, 245, 28701, 24568, 856, , 28701, 25000, 29933, 30120, 0, 
367, 1, 308, 2, -1, 393, 393, 12.3, 29, ABpraapppp, 246, 27728, 29614, 1068, , 27728, 25000, 28225, 28249, 0, 
368, 1, 252, 253, 304, 438, 131, 13.6, 27, ABplppapap, 241, 27069, 26744, 988, , 27069, 25000, 27363, 27234, 0, 
369, 0, 393, -1, -1, 239, 281, 19.2, 24, , 211, 1828, 19499, 656, , 29724, 25000, 27958, 27896, 0, 
370, 1, 345, 216, -1, 565, 331, 18.4, 29, ABprapapaa, 125, 27672, 31989, 1156, , 27672, 25000, 27499, 27452, 0, 
371, 1, 430, 113, -1, 387, 180, 11.2, 26, MSapaapp, 235, 27376, 21791, 796, , 27376, 25000, 28688, 28768, 0, 
372, 1, 215, 101, -1, 248, 207, 11.8, 24, ABalpappaap, 187, 28758, 18865, 656, , 28758, 25000, 28208, 28388, 0, 
373, 0, 461, -1, -1, 367, 122, 19.7, 22, , 86, -835, 14613, 524, , 27887, 25000, 28818, 28722, 0, 
374, 1, 141, 220, -1, 127, 308, 19.1, 24, ABpraapaaaa, 225, 28084, 16963, 604, , 28084, 25000, 27520, 27512, 0, 
375, 1, 150, 8, -1, 419, 215, 6.9, 23, ABplpapppaa, 204, 31504, 15626, 496, , 31504, 25000, 31442, 32049, 0, 
376, 1, 342, 262, -1, 243, 290, 7.8, 24, ABarappppap, 231, 27602, 18107, 656, , 27602, 25000, 29094, 28735, 0, 
377, 1, 23, 313, -1, 496, 273, 18.9, 33, Eprap, 320, 27707, 48099, 1736, , 27707, 25000, 28643, 28773, 0, 
378, 1, 59, 41, -1, 515, 112, 13.1, 27, ABplapappa, 255, 26224, 23811, 908, , 26224, 25000, 27840, 27914, 0, 
379, 1, 152, 20, -1, 333, 254, 20.2, 25, MSaaaappp, 188, 28996, 20413, 704, , 28996, 25000, 28490, 28615, 0, 
380, 1, 401, 135, -1, 276, 222, 18.4, 26, ABaraapapaa, 266, 27606, 22968, 832, , 27606, 25000, 27650, 27507, 0, 
381, 1, 175, 89, -1, 408, 290, 5.7, 24, ABprppaappa, 150, 35517, 25004, 704, , 35517, 25000, 34735, 35868, 0, 
382, 1, 482, 492, -1, 147, 177, 21.3, 23, ABalapaaapp, 197, 26765, 15845, 592, , 26765, 25000, 27721, 27856, 0, 
383, 1, 441, 286, -1, 445, 184, 10.5, 25, MSpappaa, 207, 28592, 21959, 768, , 28592, 25000, 28581, 28572, 0, 
384, 1, 279, 133, -1, 488, 244, 5.6, 24, ABprppppapp, 201, 34006, 23804, 700, , 34006, 25000, 33928, 33944, 0, 
385, 1, 303, 94, -1, 252, 323, 6.0, 26, ABalaapapp, 159, 37069, 31583, 852, , 37069, 25000, 36307, 36773, 0, 
386, 1, 224, 246, -1, 194, 174, 8.8, 23, ABalppapaaa, 201, 28993, 15656, 540, , 28993, 25000, 28480, 28522, 0, 
387, 1, 460, 22, -1, 391, 248, 11.4, 24, MSpapappp, 208, 31840, 22288, 700, , 31840, 25000, 30788, 30070, 0, 
388, 1, 307, 417, -1, 383, 167, 19.5, 27, Dapaa, 224, 27462, 24606, 896, , 27462, 25000, 28415, 28381, 0, 
389, 1, 239, 17, -1, 389, 225, 6.0, 23, ABprpappapp, 335, 35684, 18270, 512, , 35684, 25000, 35317, 35400, 0, 
390, 1, 336, 166, -1, 305, 395, 19.6, 28, ABarpapppp, 263, 28095, 27758, 988, , 28095, 25000, 27887, 27886, 0, 
391, 1, 228, 162, -1, 258, 156, 13.3, 23, ABplpaaappa, 201, 26615, 15756, 592, , 26615, 25000, 28086, 28125, 0, 
392, 1, 348, 187, -1, 221, 259, 6.0, 23, ABarappaaaa, 151, 35906, 18384, 512, , 35906, 25000, 35784, 35633, 0, 
393, 1, 176, 192, -1, 210, 142, 16.5, 24, ABalpppapav, 203, 26296, 20195, 768, , 26296, 25000, 28643, 28570, 0, 
394, 1, 126, 177, -1, 349, 265, 25.5, 29, ABarppaapa, 289, 27384, 29575, 1080, , 27384, 25000, 29176, 29147, 0, 
395, 1, 280, 359, -1, 279, 360, 12.9, 24, ABprpaappaa, 355, 28237, 17055, 604, , 28237, 25000, 28332, 28260, 0, 
396, 1, 91, 491, -1, 467, 302, 5.6, 23, ABprpppaaaa, 193, 35409, 22662, 640, , 35409, 25000, 34083, 33919, 0, 
397, 1, 161, 126, -1, 311, 213, 25.2, 28, ABplapaaaap, 252, 26749, 28140, 1052, , 26749, 25000, 28078, 28101, 0, 
398, 1, 68, 3, -1, 377, 273, 11.7, 26, MSpapapa, 90, 40998, 35094, 856, , 40998, 25000, 31109, 31140, 0, 
399, 1, 97, 121, -1, 588, 205, 20.6, 33, Cpapap, 330, 28138, 46146, 1640, , 28138, 25000, 28594, 28628, 0, 
400, 1, 383, 1, -1, 492, 338, 24.5, 32, Caaaap, 274, 28220, 40411, 1432, , 28220, 25000, 28485, 28516, 0, 
401, 1, 123, 314, -1, 240, 120, 17.9, 24, ABplpaapapp, 151, 26644, 16093, 604, , 26644, 25000, 28180, 28069, 0, 
402, 1, 475, 35, -1, 288, 275, 6.9, 22, ABprpapaaaa, 337, 31446, 14591, 464, , 31446, 25000, 31418, 31388, 0, 
403, 1, 463, 499, -1, 282, 131, 15.5, 22, ABplpaapppp, 153, 29650, 15181, 512, , 29650, 25000, 28096, 28041, 0, 
404, 0, 326, -1, -1, 262, 179, 14.5, 23, , 220, 1264, 18430, 632, , 29161, 25000, 27699, 27897, 0, 
405, 1, 423, 110, -1, 503, 266, 25.5, 33, Cpaapa, 335, 27705, 44993, 1624, , 27705, 25000, 29043, 29044, 0, 
406, 1, 311, 54, -1, 298, 173, 25.6, 29, ABplaaappp, 236, 27786, 32121, 1156, , 27786, 25000, 29093, 29132, 0, 
407, 1, 130, 470, -1, 405, 134, 12.9, 23, ABplppapaap, 200, 28260, 14017, 496, , 28260, 25000, 27767, 27870, 0, 
408, 1, 220, 277, -1, 255, 187, 26.2, 29, ABplaaappa, 23, 28007, 31144, 1112, , 28007, 25000, 29427, 29548, 0, 
409, 1, 291, 295, -1, 378, 284, 9.2, 28, MSppaapp, 277, 30102, 31667, 1052, , 30102, 25000, 30028, 29488, 0, 
410, 1, 110, 493, -1, 323, 119, 18.2, 22, ABplaapppa, 231, 28250, 14012, 496, , 28250, 25000, 26823, 26993, 0, 
411, 1, 446, 43, -1, 443, 199, 14.4, 25, MSappaap, 250, 27232, 22657, 832, , 27232, 25000, 29220, 29253, 0, 
412, 1, 447, 117, -1, 357, 247, 11.8, 24, MSpapappa, 198, 33465, 21953, 656, , 33465, 25000, 30428, 30362, 0, 
413, 1, 88, 338, -1, 293, 232, 25.6, 24, ABarppaaaa, 235, 27839, 19487, 700, , 27839, 25000, 28510, 28766, 0, 
414, 1, 301, 280, -1, 176, 247, 8.9, 25, ABaraaappa, 227, 27744, 19088, 688, , 27744, 25000, 28038, 28229, 0, 
415, 1, 429, 254, -1, 277, 156, 19.3, 25, ABplpaappaa, 206, 27484, 20998, 764, , 27484, 25000, 28543, 28549, 0, 
416, 1, 330, 290, -1, 400, 239, 14.7, 31, Ealpa, 198, 28943, 39594, 1368, , 28943, 25000, 29803, 29701, 0, 
417, 1, 234, 414, -1, 292, 172, 13.3, 24, MSapapap, 209, 28554, 20102, 704, , 28554, 25000, 28526, 28440, 0, 
418, 1, 353, 287, -1, 385, 217, 9.9, 24, MSaappap, 385, 30679, 18530, 604, , 30679, 25000, 29131, 28948, 0, 
419, 1, 438, 437, -1, 330, 200, 12.1, 25, MSaapaaap, 231, 32003, 22018, 688, , 32003, 25000, 29973, 29597, 0, 
420, 1, 425, 279, -1, 140, 209, 11.6, 26, ABalaaaala, 629, 27008, 22471, 832, , 27008, 25000, 27313, 27229, 0, 
421, 1, 146, 507, -1, 385, 215, 12.0, 23, MSaapappp, 232, 30135, 15429, 512, , 30135, 25000, 30104, 30040, 0, 
422, 1, 503, 173, -1, 294, 291, 14.4, 22, ABaraapppap, 164, 28766, 16454, 572, , 28766, 25000, 27797, 27504, 0, 
423, 1, 351, 189, -1, 326, 252, 17.5, 23, MSaaapapp, 208, 28503, 18014, 632, , 28503, 25000, 28728, 28733, 0, 
424, 1, 358, 387, -1, 436, 190, 6.5, 23, ABplppppaaa, 230, 29894, 18893, 632, , 29894, 25000, 32169, 32179, 0, 
425, 1, 344, 106, -1, 306, 227, 18.1, 27, ABaraapapap, 238, 27792, 25235, 908, , 27792, 25000, 28073, 28121, 0, 
426, 1, 72, 331, -1, 284, 215, 21.9, 22, MSapppap, 15, 27375, 12702, 464, , 27375, 25000, 27790, 27752, 0, 
427, 1, 84, 225, -1, 320, 256, 4.4, 24, ABprpappaap, 201, 35379, 24765, 700, , 35379, 25000, 36154, 36070, 0, 
428, 1, 352, 410, -1, 290, 196, 4.4, 25, ABprpappaaa, 79, 37388, 31107, 832, , 37388, 25000, 38719, 38473, 0, 
429, 1, 10, 59, -1, 380, 197, 7.1, 22, ABplpapappa, 192, 28448, 13200, 464, , 28448, 25000, 31584, 31867, 0, 
430, 1, 426, 211, -1, 274, 364, 9.3, 22, ABprpaapppa, 217, 27979, 14661, 524, , 27979, 25000, 28993, 28879, 0, 
431, 1, 374, 62, -1, 221, 374, 14.1, 23, ABpraaaappp, 322, 27040, 13412, 496, , 27040, 25000, 27539, 27689, 0, 
432, 1, 31, 231, -1, 239, 163, 15.2, 24, ABplpaaaaap, 209, 28213, 18508, 656, , 28213, 25000, 28288, 28299, 0, 
433, 1, 246, 339, -1, 368, 227, 23.9, 27, MSappppp, 278, 27494, 24965, 908, , 27494, 25000, 28115, 28174, 0, 
434, 1, 66, 60, -1, 370, 316, 4.9, 24, ABarappappa, 132, 37364, 22568, 604, , 37364, 25000, 36280, 36422, 0, 
435, 1, 2, 175, -1, 189, 350, 10.8, 25, ABpraaaaap, 253, 27207, 19154, 704, , 27207, 25000, 27199, 27278, 0, 
436, 1, 415, 50, -1, 369, 174, 26.1, 29, ABarppapaa, 238, 30382, 36702, 1208, , 30382, 25000, 29213, 29343, 0, 
437, 1, 249, 27, -1, 410, 386, 21.2, 27, ABarpppapp, 247, 27347, 23737, 868, , 27347, 25000, 28580, 28667, 0, 
438, 1, 462, 430, -1, 206, 223, 10.7, 24, ABalpaaaaaa, 190, 27205, 19152, 704, , 27205, 25000, 27751, 27799, 0, 
439, 1, 108, 341, -1, 589, 242, 16.6, 31, Cpappd, 314, 27205, 36237, 1332, , 27205, 25000, 28756, 28863, 0, 
440, 1, 452, 398, -1, 271, 204, 7.0, 24, ABalpappapa, 204, 30429, 18501, 608, , 30429, 25000, 31751, 32104, 0, 
441, 0, 453, -1, -1, 329, 108, 16.4, 22, , -120, 16, 15686, 572, , 27423, 25000, 27446, 27407, 0, 
442, 1, 406, 433, -1, 461, 272, 6.5, 25, ABprppppaaa, -47, 32714, 25124, 768, , 32714, 25000, 33301, 33574, 0, 
443, 1, 370, 10, -1, 276, 244, 21.1, 23, MSaaapaap, 203, 28351, 14062, 496, , 28351, 25000, 28284, 28289, 0, 
444, 1, 15, 421, -1, 430, 251, 6.2, 23, ABplpapppap, 227, 30648, 16550, 540, , 30648, 25000, 33556, 34154, 0, 
445, 1, 153, 105, -1, 245, 217, 17.9, 23, ABalpaapapp, 190, 28593, 14182, 496, , 28593, 25000, 27797, 27956, 0, 
446, 1, 124, 357, -1, 261, 243, 23.9, 26, MSapappp, 254, 28410, 22728, 800, , 28410, 25000, 28547, 28643, 0, 
447, 0, -1, -1, -1, 197, 302, 20.8, 24, , 191, 795, 19075, 656, , 29078, 25000, 28276, 28283, 0, 
448, 1, 69, 436, -1, 347, 148, 11.6, 29, ABplppaapa, -165, 27013, 31227, 1156, , 27013, 25000, 27980, 27955, 0, 
449, 1, 51, 227, -1, 222, 194, 23.5, 25, ABplaapappa, 256, 29150, 22387, 768, , 29150, 25000, 28824, 29049, 0, 
450, 1, 100, 501, -1, 595, 247, 13.2, 25, Caappd, 158, 27452, 19326, 704, , 27452, 25000, 28609, 28707, 0, 
451, 1, 162, 342, -1, 320, 141, 12.0, 23, ABplpapaapp, 194, 28385, 14533, 512, , 28385, 25000, 28074, 28190, 0, 
452, 1, 457, 281, -1, 438, 400, 18.9, 26, ABarppppap, 91, 27805, 22244, 800, , 27805, 25000, 27804, 27819, 0, 
453, 1, 395, 301, -1, 350, 334, 22.1, 27, MSpppppp, 276, 27218, 24714, 908, , 27218, 25000, 28183, 28199, 0, 
454, 1, 402, 237, -1, 502, 144, 8.8, 23, ABplpppaapa, 203, 28369, 15319, 540, , 28369, 25000, 28326, 28297, 0, 
455, 1, 187, 361, -1, 333, 179, 21.5, 27, ABplapaaapa, 231, 27587, 24718, 896, , 27587, 25000, 28915, 28947, 0, 
456, 1, 205, 445, -1, 455, 329, 10.1, 28, MSpapppp, 236, 27483, 29902, 1088, , 27483, 25000, 28033, 28123, 0, 
457, 1, 259, 384, -1, 336, 174, 26.4, 29, ABarppaaap, 295, 27465, 31749, 1156, , 27465, 25000, 29425, 29293, 0, 
458, 1, 212, 170, -1, 201, 238, 25.5, 26, ABplaaaaapp, 378, 30191, 27051, 896, , 30191, 25000, 28932, 29008, 0, 
459, 1, 37, 355, -1, 514, 194, 23.7, 27, Cappaap, 247, 27823, 25708, 924, , 27823, 25000, 28273, 28284, 0, 
460, 1, 394, 273, -1, 241, 185, 6.9, 24, ABalpapaaap, 201, 31118, 18795, 604, , 31118, 25000, 34337, 35041, 0, 
461, 1, 373, 381, -1, 383, 360, 14.6, 26, Dppaa, 291, 30135, 25072, 832, , 30135, 25000, 28588, 28595, 0, 
462, 1, 398, 138, -1, 343, 262, 13.9, 24, MSpapaapa, 227, 33897, 20474, 604, , 33897, 25000, 30195, 30082, 0, 
463, 1, 365, 199, -1, 355, 284, 5.9, 22, ABprpapapaa, 202, 30606, 14201, 464, , 30606, 25000, 34809, 35138, 0, 
464, 1, 335, 525, -1, 496, 344, 11.9, 27, Cppaap, 242, 26675, 24221, 908, , 26675, 25000, 28698, 28748, 0, 
465, 1, 420, 354, -1, 368, 355, 18.7, 24, Dpaap, 231, 28017, 19724, 704, , 28017, 25000, 27599, 27635, 0, 
466, 1, 381, 37, -1, 403, 287, 18.0, 28, Earap, 288, 28332, 31958, 1128, , 28332, 25000, 28889, 28883, 0, 
467, 1, 386, 210, -1, 177, 228, 10.2, 22, ABalpaappaa, 179, 26577, 13182, 496, , 26577, 25000, 27895, 27933, 0, 
468, 1, 455, 385, -1, 425, 366, 17.8, 25, Dppap, 251, 27839, 19599, 704, , 27839, 25000, 28880, 28860, 0, 
469, 1, 227, 396, -1, 508, 265, 16.2, 33, Eprpa, 331, 27889, 48639, 1744, , 27889, 25000, 29165, 29334, 0, 
470, 1, 156, 65, -1, 366, 216, 14.2, 26, MSaapapa, 246, 36786, 29282, 796, , 36786, 25000, 31892, 31773, 0, 
471, 1, 325, 318, -1, 453, 197, 8.1, 23, ABplppppaap, 224, 29375, 14570, 496, , 29375, 25000, 29419, 29515, 0, 
472, 1, 287, 111, -1, 348, 349, 12.2, 23, Dpapa, -144, 27552, 14878, 540, , 27552, 25000, 28405, 28392, 0, 
473, 1, 334, 204, -1, 371, 384, 16.8, 25, ABprapaaapp, 225, 27016, 19019, 704, , 27016, 25000, 28429, 28482, 0, 
474, 1, 444, 409, -1, 278, 176, 8.4, 24, ABplpapaaaa, 239, 27261, 19083, 700, , 27261, 25000, 29083, 29161, 0, 
475, 0, -1, -1, -1, 354, 218, 5.2, 23, , 220, 2665, 20745, 540, , 38417, 25000, 35952, 35752, 0, 
476, 1, 98, 300, -1, 281, 243, 7.6, 25, ABarapapapa, 342, 29250, 24336, 832, , 29250, 25000, 30697, 30294, 0, 
477, 1, 454, 40, -1, 315, 159, 9.7, 24, ABplpapaaap, 156, 29142, 20516, 704, , 29142, 25000, 28308, 28351, 0, 
478, 1, 467, 509, -1, 136, 287, 17.8, 22, ABalapppaap, 223, 28325, 14049, 496, , 28325, 25000, 27080, 27150, 0, 
479, 1, 369, 333, -1, 199, 178, 20.4, 24, ABalppppaad, 150, 27467, 19227, 700, , 27467, 25000, 27647, 27592, 0, 
480, 1, 315, 378, -1, 525, 216, 5.6, 22, ABprpppapap, 153, 43558, 24915, 572, , 43558, 25000, 39088, 39067, 0, 
481, 1, 458, 257, -1, 445, 294, 5.2, 24, ABprppaappp, 156, 36587, 24001, 656, , 36587, 25000, 35204, 35203, 0, 
482, 1, 472, 73, -1, 205, 169, 13.8, 23, ABplpaaaaaa, 80, 27139, 14655, 540, , 27139, 25000, 28612, 28711, 0, 
483, 1, 403, 462, -1, 339, 171, 8.6, 22, ABplpapapaa, 104, 28645, 16385, 572, , 28645, 25000, 29028, 29563, 0, 
484, 1, 470, 415, -1, 513, 260, 5.3, 22, ABprpppapaa, 298, 40155, 21041, 524, , 40155, 25000, 38165, 38563, 0, 
485, 1, 278, 38, -1, 239, 253, 9.9, 22, ABarapaaaap, 448, 27914, 12952, 464, , 27914, 25000, 28444, 28378, 0, 
486, 1, 109, 326, -1, 574, 192, 9.9, 25, Caappv, 83, 27603, 18991, 688, , 27603, 25000, 28601, 28705, 0, 
487, 1, 456, 439, -1, 347, 224, 19.9, 28, MSaaappp, -185, 27909, 30365, 1088, , 27909, 25000, 28918, 29016, 0, 
488, 1, 52, 534, -1, 365, 290, 19.5, 34, Earaa, -106, 28297, 47766, 1688, , 28297, 25000, 28869, 28874, 0, 
489, 1, 479, 366, -1, 147, 289, 11.0, 24, ABalaaapprl, 79, 27625, 16796, 608, , 27625, 25000, 27996, 28043, 0, 
490, 1, 469, 217, -1, 163, 173, 17.9, 23, ABalapaappp, 59, 28091, 13933, 496, , 28091, 25000, 28385, 28554, 0, 
491, 1, 494, 235, -1, 331, 290, 16.6, 24, MSpaapapp, 199, 29701, 20791, 700, , 29701, 25000, 28882, 29346, 0, 
492, 1, 162, 63, -1, 282, 145, 11.6, 23, ABplpapaapa, 277, 28108, 17989, 640, , 28108, 25000, 27779, 27851, 0, 
493, 1, 362, 486, -1, 219, 123, 17.4, 23, ABalpppapad, -143, 28613, 18312, 640, , 28613, 25000, 28110, 28386, 0, 
494, 1, 448, 258, -1, 300, 165, 17.1, 23, MSapppaa, -79, 27224, 13503, 496, , 27224, 25000, 28237, 28239, 0, 
495, 1, 267, 495, -1, 171, 209, 24.5, 22, ABalapapppa, -80, 27994, 14333, 512, , 27994, 25000, 27871, 27774, 0, 
496, 1, 488, 516, -1, 315, 279, 10.4, 21, MSpapaaaa, 288, 33639, 17627, 524, , 33639, 25000, 30534, 29926, 0, 
497, 1, 222, 26, -1, 429, 181, 21.9, 24, Dapap, -19, 28810, 17401, 604, , 28810, 25000, 28655, 28664, 0, 
498, 0, 297, -1, -1, 195, 279, 24.8, 23, , 181, 59, 15218, 540, , 28181, 25000, 28063, 28122, 0, 
499, 0, 173, -1, -1, 148, 272, 19.8, 21, , 26, -1653, 11301, 428, , 26404, 25000, 28101, 28057, 0, 
500, 1, 333, 522, -1, 190, 360, 21.2, 23, ABalapppppp, -245, 27531, 14867, 540, , 27531, 25000, 28196, 28262, 0, 
501, 1, 283, 320, -1, 174, 238, 23.4, 22, ABalapapapp, 191, 28185, 16122, 572, , 28185, 25000, 28703, 28763, 0, 
502, 0, 491, -1, -1, 331, 385, 11.8, 22, , 212, -655, 13451, 496, , 27119, 25000, 28122, 27774, 0, 
503, 1, 505, 510, -1, 295, 247, 19.4, 22, MSaaapapa, 185, 28103, 16075, 572, , 28103, 25000, 27617, 27570, 0, 
504, 1, 495, 511, -1, 201, 180, 22.4, 23, ABalpppappp, 322, 27347, 17502, 640, , 27347, 25000, 28146, 28219, 0, 
505, 0, -1, -1, -1, 534, 177, 11.9, 22, , 893, -1490, 12282, 464, , 26470, 25000, 27689, 27960, 0, 
506, 1, 265, 74, -1, 243, 288, 4.4, 24, ABarapppapa, 176, 36243, 25370, 700, , 36243, 25000, 35714, 35037, 0, 
507, 1, 483, 518, -1, 217, 190, 12.9, 20, MSapaaaa, 126, 27411, 8662, 316, , 27411, 25000, 28042, 27995, 0, 
508, 1, 502, 519, -1, 254, 126, 16.4, 22, ABplpaapppa, 174, 28122, 16086, 572, , 28122, 25000, 27477, 28070, 0, 
509, 1, 498, 513, -1, 154, 176, 13.0, 22, ABalppaaapa, 194, 26188, 10056, 384, , 26188, 25000, 27808, 27808, 0, 
510, 1, 468, 515, -1, 377, 290, 7.4, 21, ABprpapapap, 76, 30515, 15990, 524, , 30515, 25000, 30235, 31350, 0, 
511, 1, 499, 517, -1, 398, 291, 7.3, 23, ABprpapappa, 138, 26799, 15865, 592, , 26799, 25000, 30731, 30497, 0, 
512, 1, 38, 504, -1, 207, 324, 13.3, 24, ABpraaapaav, -339, 28520, 20078, 704, , 28520, 25000, 27467, 27638, 0, 
513, 1, 506, 523, -1, 176, 327, 17.0, 19, ABalappppap, 151, 27323, 8634, 316, , 27323, 25000, 27333, 27373, 0, 
514, 1, 378, 524, -1, 332, 221, 15.4, 22, MSaapaapa, 156, 31124, 17803, 572, , 31124, 25000, 29891, 30113, 0, 
515, 1, 509, 526, -1, 325, 234, 24.0, 24, MSappppa, 141, 27676, 16827, 608, , 27676, 25000, 28334, 28436, 0, 
516, 1, 510, 506, -1, 344, 326, 11.0, 23, MSpppapp, 111, 27652, 14158, 512, , 27652, 25000, 27847, 28021, 0, 
517, 1, 511, 527, -1, 376, 123, 21.0, 24, ABplaapppp, 836, 29240, 17778, 608, , 29240, 25000, 27518, 27526, 0, 
518, 1, 512, 528, -1, 248, 174, 23.666666, 26, ABplaapappp, 157, 28157, 23427, 832, , 28157, 25000, 28403, 28486, 0, 
519, 1, 513, 529, -1, 226, 240, 22.0, 24, MSaaapaaa, 218, 27967, 17004, 608, , 27967, 25000, 28074, 28320, 0, 
520, 1, 514, 530, -1, 226, 284, 14.0, 23, ABaraaapapa, 120, 26563, 13600, 512, , 26563, 25000, 28344, 28602, 0, 
521, 1, 515, 531, -1, 365, 228, 17.0, 21, MSaapaapp, 158, 29932, 11494, 384, , 29932, 25000, 30446, 30460, 0, 
522, 1, 516, 532, -1, 228, 307, 18.0, 24, MSpaaaapa, -97, 26939, 16379, 608, , 26939, 25000, 27898, 27891, 0, 
523, 1, 517, 533, -1, 364, 198, 23.0, 24, Daaap, 327, 27349, 16628, 608, , 27349, 25000, 28563, 28555, 0, 
524, 1, 491, 535, -1, 343, 385, 10.0, 26, ABpraapppa, 348, 28176, 24006, 852, , 28176, 25000, 28309, 28350, 0, 
525, 1, 518, 536, -1, 349, 212, 7.0, 25, ABplpappaap, 179, 30325, 23168, 764, , 30325, 25000, 32151, 32413, 0, 
526, 1, 519, 537, -1, 247, 264, 11.0, 23, ABarapapaaa, -82, 28066, 14370, 512, , 28066, 25000, 27766, 27884, 0, 
527, 1, 520, 538, -1, 132, 252, 20.0, 22, ABalappaap, 331, 27224, 10454, 384, , 27224, 25000, 27743, 27999, 0, 
528, 1, 521, 539, -1, 176, 316, 9.0, 20, ABalaappapa, 0, 26854, 8486, 316, , 26854, 25000, 28212, 28207, 0, 
529, 1, 522, 540, -1, 149, 225, 19.0, 22, ABalapappaa, 642, 26693, 10250, 384, , 26693, 25000, 28259, 28393, 0, 
530, 1, 523, 541, -1, 161, 297, 19.0, 23, ABalapppapa, 187, 27902, 14286, 512, , 27902, 25000, 27820, 27792, 0, 
531, 1, 524, 542, -1, 179, 344, 20.0, 22, ABalapppppa, 0, 26500, 10176, 384, , 26500, 25000, 27883, 28170, 0, 
532, 1, 525, 343, -1, 170, 314, 21.0, 22, ABalapppapp, -244, 26164, 10047, 384, , 26164, 25000, 28436, 28350, 0, 
533, 1, 526, 543, -1, 152, 346, 16.0, 22, ABalappappp, 0, 28094, 10788, 384, , 28094, 25000, 27576, 27549, 0, 
534, 1, 527, 544, -1, 154, 306, 17.0, 23, ABalappppaa, 187, 27492, 14076, 512, , 27492, 25000, 27632, 27657, 0, 
535, 1, 528, 545, -1, 150, 258, 23.0, 22, ABalapapapa, -370, 26698, 10252, 384, , 26698, 25000, 28577, 28458, 0, 
536, 1, 498, 546, -1, 196, 163, 12.0, 21, ABalppaaapp, 0, 26677, 10244, 384, , 26677, 25000, 28026, 28104, 0, 
