1, 1, 400, 362, -1, 487, 347, 24.2, 34, Caaaap, 334, 27777, 53109, 1912, , 27777, 25000, 27969, 27998, 0, 
2, 1, 367, 229, -1, 392, 390, 12.1, 28, ABpraapppp, 204, 26852, 29215, 1088, , 26852, 25000, 27895, 27982, 0, 
3, 1, 398, 139, -1, 374, 271, 11.6, 25, MSpapapa, 405, 42614, 35455, 832, , 42614, 25000, 31812, 31542, 0, 
4, 1, 324, 138, -1, 455, 390, 13.2, 26, ABprappaaa, 259, 27570, 21946, 796, , 27570, 25000, 27308, 27323, 0, 
5, 0, 49, -1, -1, 213, 155, 21.8, 24, , 206, -61, 18226, 656, , 27784, 25000, 27750, 27845, 0, 
6, 1, 69, 123, -1, 129, 278, 13.6, 27, ABalaaappl, 255, 27422, 27093, 988, , 27422, 25000, 27232, 27345, 0, 
7, 1, 200, 395, -1, 406, 121, 19.6, 27, ABplapaapp, 120, 27797, 27463, 988, , 27797, 25000, 28048, 28198, 0, 
8, 1, 375, 426, -1, 420, 217, 7.1, 24, ABplpapppaa, 216, 29939, 18083, 604, , 29939, 25000, 31482, 31229, 0, 
9, 1, 214, 446, -1, 260, 261, 6.2, 24, ABarappaaap, 180, 32081, 21045, 656, , 32081, 25000, 34464, 34103, 0, 
10, 1, 443, 471, -1, 276, 241, 21.1, 23, MSaaapaap, 202, 28248, 14011, 496, , 28248, 25000, 27862, 28017, 0, 
11, 1, 121, 237, -1, 420, 392, 12.9, 27, ABprapaapp, -114, 27558, 25023, 908, , 27558, 25000, 27803, 27902, 0, 
12, 1, 50, 387, -1, 338, 281, 21.1, 24, MSpaaapap, 194, 26821, 16200, 604, , 26821, 25000, 28186, 28182, 0, 
13, 1, 151, 192, -1, 552, 287, 9.9, 23, ABprapppapa, 178, 27796, 13787, 496, , 27796, 25000, 28741, 28768, 0, 
14, 0, 319, -1, -1, 524, 246, 6.7, 23, , 147, 28, 20176, 592, , 34081, 25000, 34447, 34053, 0, 
15, 1, 31, 211, -1, 503, 114, 17.2, 27, ABplapapap, 253, 27760, 24096, 868, , 27760, 25000, 28249, 28256, 0, 
16, 1, 147, 231, -1, 309, 148, 14.7, 24, ABplppaaaaa, 182, 26646, 18759, 704, , 26646, 25000, 27839, 27867, 0, 
17, 1, 389, 33, -1, 390, 223, 5.9, 23, ABprpappapp, 189, 33685, 16708, 496, , 33685, 25000, 35122, 35021, 0, 
18, 1, 352, 484, -1, 305, 191, 12.5, 23, MSaapaaaa, 223, 32025, 20240, 632, , 32025, 25000, 28755, 28767, 0, 
19, 1, 189, 216, -1, 176, 268, 16.5, 23, ABaraappaaa, 200, 28451, 17981, 632, , 28451, 25000, 27632, 27648, 0, 
20, 1, 379, 379, -1, 333, 253, 19.9, 24, MSaaaappp, 232, 27861, 16828, 604, , 27861, 25000, 28732, 28646, 0, 
21, 1, 7, 348, -1, 442, 142, 11.1, 30, ABplppappp, -187, 27580, 37399, 1356, , 27580, 25000, 28363, 28596, 0, 
22, 1, 387, 400, -1, 389, 247, 11.5, 24, MSpapappp, 217, 31604, 24272, 768, , 31604, 25000, 30436, 29535, 0, 
23, 1, 188, 310, -1, 328, 294, 6.9, 24, ABprpapaaap, 175, 30425, 18377, 604, , 30425, 25000, 32564, 31795, 0, 
24, 1, 317, 323, -1, 417, 245, 18.2, 31, Ealap, 317, 27385, 40092, 1464, , 27385, 25000, 29306, 29354, 0, 
25, 1, 32, 401, 522, 256, 350, 7.6, 28, ABprpaaapa, 114, 28011, 27675, 988, , 28011, 25000, 30289, 30369, 0, 
26, 1, 497, 304, -1, 425, 182, 22.3, 25, Dapap, 245, 28153, 21509, 764, , 28153, 25000, 28644, 28613, 0, 
27, 1, 437, 369, -1, 407, 386, 21.0, 28, ABarpppapp, 64, 27928, 31503, 1128, , 27928, 25000, 27609, 27574, 0, 
28, 1, 238, 491, -1, 195, 367, 17.7, 28, ABpraapaapp, 67, 27478, 29237, 1064, , 27478, 25000, 27726, 27655, 0, 
29, 0, 373, -1, -1, 373, 124, 19.5, 25, , 209, 679, 22505, 768, , 29303, 25000, 28754, 28624, 0, 
30, 1, 248, 274, -1, 455, 356, 18.2, 26, Cpppaaa, 224, 28688, 22836, 796, , 28688, 25000, 28005, 28021, 0, 
31, 1, 260, 137, -1, 383, 266, 24.6, 31, Cpaaaa, 290, 27992, 37285, 1332, , 27992, 25000, 28749, 28695, 0, 
32, 1, 41, 52, -1, 261, 283, 17.4, 29, ABaraappapp, 114, 26541, 30681, 1156, , 26541, 25000, 28230, 28181, 0, 
33, 1, 17, 390, -1, 467, 168, 6.9, 24, ABplppppapa, 241, 29677, 17925, 604, , 29677, 25000, 31475, 31380, 0, 
34, 1, 233, 441, -1, 313, 150, 7.7, 25, ABalpapapap, 119, 29579, 22598, 764, , 29579, 25000, 30801, 30975, 0, 
35, 1, 402, 493, -1, 286, 277, 7.0, 23, ABprpapaaaa, 9, 27672, 14168, 512, , 27672, 25000, 31115, 31066, 0, 
36, 1, 90, 381, -1, 416, 217, 24.5, 29, Dappa, 211, 28411, 30684, 1080, , 28411, 25000, 28461, 28447, 0, 
37, 1, 466, 368, -1, 402, 285, 18.4, 30, Earap, 300, 27566, 31866, 1156, , 27566, 25000, 29112, 29257, 0, 
38, 1, 485, 514, -1, 242, 247, 9.9, 23, ABarapaaaap, 182, 27218, 13500, 496, , 27218, 25000, 28410, 28653, 0, 
39, 1, 251, 225, -1, 383, 403, 19.1, 28, ABarppppaa, 268, 27111, 29497, 1088, , 27111, 25000, 27814, 27791, 0, 
40, 1, 477, 213, -1, 315, 158, 9.9, 22, ABplpapaaap, 175, 28086, 13032, 464, , 28086, 25000, 28180, 28204, 0, 
41, 1, 378, 25, -1, 519, 113, 12.9, 26, ABplapappa, 242, 27216, 21773, 800, , 27216, 25000, 27704, 27799, 0, 
42, 1, 89, 143, -1, 534, 142, 21.8, 29, ABplapapaa, 534, 27292, 30349, 1112, , 27292, 25000, 28158, 28157, 0, 
43, 1, 411, 512, -1, 450, 203, 14.4, 24, MSappaap, 192, 27620, 19334, 700, , 27620, 25000, 28606, 28515, 0, 
44, 1, 22, 10, -1, 558, 253, 11.7, 28, Cppppp, 326, 27229, 28972, 1064, , 27229, 25000, 28373, 28443, 0, 
45, 1, 53, 208, -1, 456, 120, 20.3, 28, ABplappaap, 104, 28557, 30385, 1064, , 28557, 25000, 28207, 28221, 0, 
46, 1, 358, 164, -1, 472, 392, 19.0, 29, ABprappapa, 243, 26339, 32344, 1228, , 26339, 25000, 27965, 27944, 0, 
47, 1, 100, 85, -1, 450, 151, 25.2, 28, ABplappapa, -266, 26963, 28365, 1052, , 26963, 25000, 28314, 28334, 0, 
48, 1, 116, 109, -1, 223, 361, 17.7, 24, ABpraapappa, 216, 27550, 19395, 704, , 27550, 25000, 27790, 27789, 0, 
49, 1, 81, 54, -1, 482, 220, 9.9, 24, ABprpappppp, 203, 28230, 17051, 604, , 28230, 25000, 29124, 29193, 0, 
50, 1, 436, 72, -1, 369, 173, 26.2, 29, ABarppapaa, 268, 29078, 32335, 1112, , 29078, 25000, 28995, 29012, 0, 
51, 1, 327, 203, -1, 200, 316, 15.8, 25, MSppaaap, 217, 27491, 19354, 704, , 27491, 25000, 28011, 28204, 0, 
52, 1, 337, 133, -1, 458, 265, 8.4, 26, MSpappap, 216, 26938, 22412, 832, , 26938, 25000, 29504, 29572, 0, 
53, 1, 159, 294, -1, 494, 159, 6.3, 25, ABplpppapaa, 190, 33690, 25739, 764, , 33690, 25000, 35863, 36533, 0, 
54, 1, 406, 336, -1, 297, 175, 25.6, 30, ABplaaappp, 272, 28586, 33045, 1156, , 28586, 25000, 28975, 29079, 0, 
55, 1, 284, 418, -1, 547, 230, 5.9, 23, ABprppppppa, 218, 41139, 20405, 496, , 41139, 25000, 39083, 39348, 0, 
56, 1, 105, 167, -1, 151, 240, 13.4, 25, ABaraaaapa, 140, 26186, 21787, 832, , 26186, 25000, 27511, 27557, 0, 
57, 1, 112, 404, -1, 193, 370, 12.7, 23, ABpraaaappa, 128, 26525, 15703, 592, , 26525, 25000, 27699, 27662, 0, 
58, 0, 245, -1, -1, 162, 251, 21.0, 27, , 260, 1294, 30752, 1032, , 29798, 25000, 28514, 28504, 0, 
59, 1, 429, 56, -1, 382, 198, 7.3, 22, ABplpapappa, 185, 30319, 15887, 524, , 30319, 25000, 30645, 31094, 0, 
60, 1, 434, 456, -1, 373, 316, 4.8, 24, ABarappappa, 205, 36857, 24178, 656, , 36857, 25000, 36118, 36025, 0, 
61, 1, 149, 113, -1, 415, 144, 10.1, 24, ABplppappap, 206, 26955, 16281, 604, , 26955, 25000, 27832, 27872, 0, 
62, 1, 431, 4, -1, 220, 375, 14.4, 24, ABpraaaappp, 321, 27654, 19358, 700, , 27654, 25000, 28299, 28316, 0, 
63, 1, 492, 494, -1, 283, 146, 11.5, 23, ABplpapaapa, 202, 27271, 17235, 632, , 27271, 25000, 28495, 28480, 0, 
64, 1, 57, 283, -1, 243, 337, 25.2, 27, ABarpapapp, 269, 29085, 25246, 868, , 29085, 25000, 29516, 29552, 0, 
65, 1, 470, 79, -1, 369, 212, 14.3, 27, MSaapapa, 230, 38181, 35279, 924, , 38181, 25000, 31189, 30822, 0, 
66, 1, 191, 442, -1, 392, 350, 21.4, 28, Dpppa, 284, 27905, 27570, 988, , 27905, 25000, 28576, 28561, 0, 
67, 1, 244, 340, -1, 277, 393, 18.8, 27, ABarpapppa, 250, 27327, 23720, 868, , 27327, 25000, 27726, 27571, 0, 
68, 1, 94, 292, -1, 156, 208, 17.9, 27, ABalapaaaa, 254, 27331, 24817, 908, , 27331, 25000, 27772, 27766, 0, 
69, 1, 234, 276, -1, 154, 181, 23.6, 26, ABplaapaapa, 203, 29436, 24491, 832, , 29436, 25000, 27687, 27755, 0, 
70, 1, 137, 383, -1, 241, 218, 5.5, 29, ABalpapaap, 92, 35762, 38623, 1080, , 35762, 25000, 36453, 36752, 0, 
71, 1, 177, 337, -1, 280, 183, 21.8, 25, ABalppppppa, 121, 27041, 19037, 704, , 27041, 25000, 28391, 28415, 0, 
72, 1, 50, 377, -1, 303, 284, 22.8, 25, MSpaaapaa, 143, 26787, 18858, 704, , 26787, 25000, 28584, 28531, 0, 
73, 1, 482, 168, -1, 207, 167, 13.8, 23, ABplpaaaaaa, 206, 26763, 14452, 540, , 26763, 25000, 28501, 28306, 0, 
74, 1, 506, 32, -1, 240, 279, 4.8, 23, ABarapppapa, 206, 38185, 20620, 540, , 38185, 25000, 36801, 36817, 0, 
75, 1, 351, 191, -1, 512, 220, 15.6, 31, Eplpa, 60, 28433, 37873, 1332, , 28433, 25000, 29062, 29137, 0, 
76, 1, 171, 16, -1, 513, 373, 11.5, 25, ABprappapp, 51, 26839, 20612, 768, , 26839, 25000, 28120, 28121, 0, 
77, 1, 9, 462, -1, 550, 309, 20.5, 29, Cppppaa, 237, 27594, 29802, 1080, , 27594, 25000, 28055, 28074, 0, 
78, 1, 217, 461, -1, 528, 143, 7.3, 24, ABplpppaapp, 190, 30734, 21637, 704, , 30734, 25000, 31198, 31440, 0, 
79, 1, 310, 176, -1, 432, 286, 20.1, 32, Epraa, 316, 27482, 43312, 1576, , 27482, 25000, 28545, 28726, 0, 
80, 1, 257, 118, -1, 554, 312, 10.7, 26, ABprapppaa, 235, 27065, 23168, 856, , 27065, 25000, 28353, 28582, 0, 
81, 1, 309, 73, -1, 256, 374, 9.7, 23, ABprpaapapp, 203, 27213, 16110, 592, , 27213, 25000, 27889, 28102, 0, 
82, 1, 184, 422, 445, 531, 170, 16.4, 28, Cappap, 277, 26956, 26633, 988, , 26956, 25000, 28431, 28437, 0, 
83, 1, 75, 21, -1, 553, 154, 10.1, 24, ABplappppp, 205, 28123, 16986, 604, , 28123, 25000, 27841, 27872, 0, 
84, 1, 107, 78, 398, 306, 223, 14.6, 26, ABaraapapp, 251, 27915, 23225, 832, , 27915, 25000, 28428, 28438, 0, 
85, 1, 325, -1, -1, 192, 198, 18.8, 24, ABalppppaav, 184, 28082, 18422, 656, , 28082, 25000, 27948, 27779, 0, 
86, 1, 288, 185, -1, 186, 305, 11.7, 24, ABalaapppa, 227, 27165, 19124, 704, , 27165, 25000, 27519, 27358, 0, 
87, 1, 127, 117, -1, 163, 238, 25.5, 29, ABplaaaaaa, 246, 28731, 31030, 1080, , 28731, 25000, 28647, 28540, 0, 
88, 1, 83, 219, -1, 142, 340, 19.3, 24, ABpraapaaap, 219, 27264, 19194, 704, , 27264, 25000, 27309, 27341, 0, 
89, 1, 381, 322, -1, 409, 290, 5.4, 25, ABprppaappa, 210, 36934, 30729, 832, , 36934, 25000, 34010, 34512, 0, 
90, 1, 263, 149, -1, 335, 215, 5.3, 24, ABplpappaaa, 178, 36986, 26038, 704, , 36986, 25000, 35711, 36587, 0, 
91, 1, 268, 458, -1, 204, 227, 13.1, 26, ABaraaaaaa, 347, 27033, 21626, 800, , 27033, 25000, 28008, 27724, 0, 
92, 1, 220, 24, -1, 285, 275, 10.5, 26, ABarapappa, 235, 26883, 24087, 896, , 26883, 25000, 28362, 28033, 0, 
93, 1, 143, 69, -1, 122, 244, 21.1, 25, ABplaapaaaa, 194, 27459, 18892, 688, , 27459, 25000, 27710, 27723, 0, 
94, 1, 385, 47, -1, 253, 320, 5.8, 27, ABalaapapp, 100, 36888, 32019, 868, , 36888, 25000, 37076, 37439, 0, 
95, 1, 10, 126, -1, 239, 302, 21.2, 28, MSpaaaaa, 196, 27950, 29403, 1052, , 27950, 25000, 28473, 28666, 0, 
96, 1, 21, 9, -1, 233, 274, 12.2, 30, ABarapaapa, 92, 27624, 36464, 1320, , 27624, 25000, 28425, 28586, 0, 
97, 1, 261, 189, -1, 222, 342, 15.6, 26, ABpraapapaa, 81, 27576, 22943, 832, , 27576, 25000, 27457, 27599, 0, 
98, 1, 279, 45, -1, 226, 337, 10.3, 24, ABpraaaapav, 199, 27260, 19191, 704, , 27260, 25000, 27675, 27678, 0, 
99, 1, 108, 403, -1, 552, 272, 6.3, 29, ABprpppaapp, 215, 35990, 38437, 1068, , 35990, 25000, 36177, 36709, 0, 
100, 1, 145, 214, -1, 312, 281, 13.1, 28, ABaraapppp, 173, 28271, 30759, 1088, , 28271, 25000, 28843, 28688, 0, 
101, 1, 372, 107, -1, 253, 210, 11.7, 24, ABalpappaap, 177, 27923, 19658, 704, , 27923, 25000, 27958, 27913, 0, 
102, 1, 93, 427, -1, 300, 120, 17.5, 27, ABplaappap, 265, 27403, 24553, 896, , 27403, 25000, 28418, 28559, 0, 
103, 1, 365, 320, -1, 213, 189, 7.1, 24, ABalpapaaaa, 115, 29692, 17934, 604, , 29692, 25000, 32204, 33356, 0, 
104, 1, 11, 195, -1, 245, 344, 12.2, 24, ABprpaapaap, 243, 28390, 18624, 656, , 28390, 25000, 27896, 28124, 0, 
105, 1, 445, 399, -1, 248, 214, 17.9, 22, ABalpaapapp, 202, 27330, 12681, 464, , 27330, 25000, 27658, 27725, 0, 
106, 1, 425, 171, -1, 307, 225, 18.3, 27, ABaraapapap, 114, 29522, 27278, 924, , 29522, 25000, 28428, 28511, 0, 
107, 1, 181, 23, -1, 133, 282, 21.8, 28, ABarpaaaaa, -142, 28433, 29911, 1052, , 28433, 25000, 28079, 28124, 0, 
108, 0, 79, -1, -1, 247, 267, 10.4, 23, , 202, -786, 17871, 640, , 27923, 25000, 28424, 28709, 0, 
109, 1, 302, 18, -1, 360, 288, 14.6, 24, MSpapaapp, 234, 31417, 21992, 700, , 31417, 25000, 30494, 30338, 0, 
110, 1, 405, 84, -1, 500, 269, 25.4, 33, Cpaapa, 333, 28195, 46239, 1640, , 28195, 25000, 28873, 28857, 0, 
111, 1, 472, 307, -1, 349, 349, 12.0, 23, Dpapa, 218, 27910, 14290, 512, , 27910, 25000, 28280, 28262, 0, 
112, 1, 235, 232, -1, 369, 153, 7.9, 23, ABalpapappp, -17, 29891, 14826, 496, , 29891, 25000, 29315, 29410, 0, 
113, 1, 371, 194, -1, 393, 180, 11.0, 26, MSapaapp, 260, 28241, 24061, 852, , 28241, 25000, 28454, 28361, 0, 
114, 1, 92, 147, -1, 544, 358, 11.8, 26, ABprapapap, 16, 27749, 22088, 796, , 27749, 25000, 28269, 28323, 0, 
115, 1, 140, 87, -1, 194, 218, 23.0, 25, ABplaaaaapa, 64, 29694, 22686, 764, , 29694, 25000, 28029, 28089, 0, 
116, 1, 106, 205, -1, 588, 220, 11.3, 26, Cpappv, 239, 27590, 23617, 856, , 27590, 25000, 28317, 28519, 0, 
117, 1, 412, 135, -1, 356, 249, 11.8, 24, MSpapappa, 215, 36105, 23685, 656, , 36105, 25000, 31589, 30493, 0, 
118, 0, 150, -1, -1, 85, 261, 16.0, 27, , -139, 2246, 30354, 1032, , 29413, 25000, 27167, 27167, 0, 
119, 1, 19, 159, -1, 163, 270, 25.4, 29, ABarpaaaap, 281, 28519, 32968, 1156, , 28519, 25000, 28512, 28385, 0, 
120, 1, 60, 102, -1, 225, 290, 16.4, 26, ABaraappapa, 113, 29123, 24230, 832, , 29123, 25000, 28037, 28168, 0, 
121, 1, 399, 98, -1, 589, 204, 20.6, 33, Cpapap, 332, 28170, 46198, 1640, , 28170, 25000, 28313, 28389, 0, 
122, 1, 190, 363, -1, 238, 279, 26.1, 28, ABplaaaapp, 275, 29063, 31621, 1088, , 29063, 25000, 28760, 28950, 0, 
123, 1, 282, 389, -1, 241, 382, 12.2, 25, ABprpaapapa, 254, 28587, 20125, 704, , 28587, 25000, 27806, 27730, 0, 
124, 1, 197, 245, -1, 127, 228, 16.3, 27, ABalaaapar, 115, 27013, 24960, 924, , 27013, 25000, 27086, 27154, 0, 
125, 1, 287, 48, -1, 315, 230, 5.8, 24, ABarapapapp, 220, 36832, 24162, 656, , 36832, 25000, 35608, 35703, 0, 
126, 1, 397, 312, -1, 310, 214, 24.7, 27, ABplapaaaap, 230, 27422, 25338, 924, , 27422, 25000, 27924, 28212, 0, 
127, 1, 156, 443, -1, 287, 342, 9.7, 24, ABprpaaappp, 197, 26962, 18981, 704, , 26962, 25000, 27816, 27870, 0, 
128, 1, 281, 452, -1, 393, 187, 23.8, 29, ABarppaapp, 60, 29403, 32696, 1112, , 29403, 25000, 28448, 28659, 0, 
129, 1, 29, 240, -1, 471, 113, 16.6, 27, ABplappapp, 37, 28934, 28587, 988, , 28934, 25000, 27393, 27404, 0, 
130, 1, 117, 367, -1, 142, 208, 23.4, 24, ABplaapaaap, 206, 29309, 20516, 700, , 29309, 25000, 28537, 28460, 0, 
131, 1, 155, 68, -1, 229, 203, 8.6, 26, ABalpaaaap, 122, 27567, 22936, 832, , 27567, 25000, 28524, 28656, 0, 
132, 1, 221, 328, -1, 269, 248, 10.1, 24, ABarapapaap, 208, 27406, 16553, 604, , 27406, 25000, 28583, 28719, 0, 
133, 1, 384, 393, -1, 490, 243, 5.2, 25, ABprppppapp, 235, 36045, 25376, 704, , 36045, 25000, 35231, 35195, 0, 
134, 1, 269, 129, -1, 586, 290, 12.4, 30, ABprapappp, 234, 27512, 31804, 1156, , 27512, 25000, 28236, 28239, 0, 
135, 1, 380, 70, -1, 280, 222, 18.5, 26, ABaraapapaa, 346, 27645, 24770, 896, , 27645, 25000, 27843, 27628, 0, 
136, 1, 274, 2, -1, 275, 276, 22.3, 26, MSaaaapap, 155, 27662, 23679, 856, , 27662, 25000, 28862, 28991, 0, 
137, 1, 247, 388, -1, 160, 312, 15.3, 28, ABalappapa, 210, 26779, 28493, 1064, , 26779, 25000, 27671, 27722, 0, 
138, 1, 462, 241, -1, 345, 264, 13.6, 28, MSpapaapa, 245, 34579, 34164, 988, , 34579, 25000, 31395, 30932, 0, 
139, 0, 141, -1, -1, 193, 149, 11.5, 24, , 182, 567, 21583, 768, , 28103, 25000, 27569, 27536, 0, 
140, 1, 76, 82, -1, 255, 370, 15.9, 26, ABpraapapap, 197, 28585, 22868, 800, , 28585, 25000, 28590, 28743, 0, 
141, 1, 25, 228, -1, 305, 318, 6.8, 23, ABprpapaapa, 209, 31431, 16973, 540, , 31431, 25000, 32115, 31831, 0, 
142, 1, 341, 460, -1, 287, 345, 19.2, 24, MSppppap, 213, 27372, 17956, 656, , 27372, 25000, 28379, 28537, 0, 
143, 1, 307, 352, -1, 188, 311, 25.2, 26, ABarpapapa, -154, 27347, 21768, 796, , 27347, 25000, 28398, 28507, 0, 
144, 1, 123, 432, -1, 562, 308, 7.7, 25, ABprappppa, 248, 28514, 21785, 764, , 28514, 25000, 30049, 30101, 0, 
145, 1, 301, 180, -1, 241, 236, 19.7, 27, ABaraapaapp, -161, 29419, 27183, 924, , 29419, 25000, 28527, 28608, 0, 
146, 1, 312, 134, -1, 549, 212, 25.3, 33, Cpaapp, 330, 27500, 47740, 1736, , 27500, 25000, 28426, 28456, 0, 
147, 1, 119, 71, -1, 350, 152, 22.3, 26, ABplapaaapp, 216, 28536, 24427, 856, , 28536, 25000, 29442, 29517, 0, 
148, 1, 134, 224, -1, 200, 306, 9.2, 25, ABarappppaa, 205, 29166, 20533, 704, , 29166, 25000, 27598, 27845, 0, 
149, 1, 198, 372, -1, 506, 191, 5.5, 29, ABplpppapap, 245, 38194, 41250, 1080, , 38194, 25000, 37990, 38089, 0, 
150, 1, 8, 281, -1, 378, 354, 6.8, 24, ABprpaaaapp, 204, 30532, 20029, 656, , 30532, 25000, 32363, 32243, 0, 
151, 1, 283, 44, -1, 275, 204, 12.9, 28, ABalpapppa, 164, 28007, 30472, 1088, , 28007, 25000, 28382, 28409, 0, 
152, 1, 15, 507, -1, 347, 168, 14.8, 23, MSappapp, 403, 27552, 14878, 540, , 27552, 25000, 27659, 27690, 0, 
153, 1, 231, 480, -1, 448, 152, 8.5, 24, ABplpppaaaa, 211, 28491, 21881, 768, , 28491, 25000, 29185, 29242, 0, 
154, 1, 255, 57, -1, 202, 255, 11.3, 26, ABaraaaaap, 229, 27832, 23824, 856, , 27832, 25000, 27422, 27479, 0, 
155, 1, 86, 36, -1, 366, 318, 8.1, 29, ABprppaapa, 160, 27344, 33032, 1208, , 27344, 25000, 29282, 29292, 0, 
156, 1, 334, 466, -1, 561, 215, 10.6, 24, Caapap, 188, 27451, 19216, 700, , 27451, 25000, 28769, 28953, 0, 
157, 0, 369, -1, -1, 238, 282, 18.9, 23, , 206, 2183, 14661, 496, , 29558, 25000, 27329, 27375, 0, 
158, 1, 153, 152, -1, 467, 178, 22.3, 28, Cappaaa, 253, 28332, 30145, 1064, , 28332, 25000, 28398, 28405, 0, 
159, 1, 328, 248, -1, 186, 368, 15.3, 24, ABpraaapapp, 195, 28328, 19943, 704, , 28328, 25000, 27702, 27700, 0, 
160, 0, 296, -1, -1, 164, 166, 11.7, 25, , 237, 230, 20920, 764, , 27382, 25000, 27192, 27152, 0, 
161, 1, 129, 97, -1, 515, 218, 12.3, 31, Eplpp, 315, 28058, 38384, 1368, , 28058, 25000, 28907, 28983, 0, 
162, 1, 391, 436, -1, 258, 156, 13.2, 24, ABplpaaappa, 225, 27247, 17874, 656, , 27247, 25000, 28138, 28010, 0, 
163, 1, 48, 309, -1, 501, 298, 5.0, 24, ABprpppaaap, 203, 41099, 24988, 608, , 41099, 25000, 38360, 38250, 0, 
164, 1, 254, 112, -1, 437, 293, 9.8, 32, Z2, 339, 27256, 43827, 1608, , 27256, 25000, 28608, 28675, 0, 
165, 1, 85, 130, -1, 196, 181, 11.8, 24, ABalppappaa, 201, 29771, 19530, 656, , 29771, 25000, 28227, 28302, 0, 
166, 1, 390, 440, -1, 305, 395, 19.7, 27, ABarpapppp, 257, 28644, 26467, 924, , 28644, 25000, 27564, 27587, 0, 
167, 1, 133, 58, -1, 216, 316, 25.9, 26, ABarpaapaa, 224, 28616, 22893, 800, , 28616, 25000, 28808, 28723, 0, 
168, 1, 20, 122, -1, 314, 372, 21.7, 29, ABprapaaaap, 249, 27178, 29026, 1068, , 27178, 25000, 27817, 27979, 0, 
169, 1, 298, 431, -1, 452, 247, 21.5, 32, Eplaa, 328, 27734, 39715, 1432, , 27734, 25000, 28381, 28381, 0, 
170, 1, 458, 132, -1, 199, 236, 25.5, 26, ABplaaaaapp, 133, 28844, 25844, 896, , 28844, 25000, 28757, 28871, 0, 
171, 1, 295, 319, -1, 301, 354, 7.9, 23, ABprpaapppp, 230, 29220, 14493, 496, , 29220, 25000, 28708, 28937, 0, 
172, 1, 201, 364, -1, 505, 335, 21.2, 28, Cpppaap, -71, 27434, 28861, 1052, , 27434, 25000, 27928, 27891, 0, 
173, 1, 422, 529, -1, 297, 283, 15.2, 25, ABaraapppap, 213, 26227, 18464, 704, , 26227, 25000, 27847, 27664, 0, 
174, 1, 314, 86, -1, 534, 142, 13.6, 26, ABplapppaa, 362, 27873, 23190, 832, , 27873, 25000, 27961, 27989, 0, 
175, 1, 435, 278, -1, 190, 349, 10.6, 26, ABpraaaaap, 113, 26344, 21918, 832, , 26344, 25000, 27530, 27610, 0, 
176, 1, 270, 365, -1, 473, 138, 8.9, 24, ABplpppaaap, 200, 28338, 17116, 604, , 28338, 25000, 27832, 27515, 0, 
177, 1, 394, 49, -1, 348, 271, 25.4, 29, ABarppaapa, 252, 28645, 33114, 1156, , 28645, 25000, 28729, 28820, 0, 
178, 1, 276, 306, -1, 222, 293, 5.1, 26, ABarapppaap, 206, 38105, 30484, 800, , 38105, 25000, 36116, 36509, 0, 
179, 1, 258, 26, -1, 551, 192, 20.2, 29, Capppa, 233, 26663, 29649, 1112, , 26663, 25000, 28710, 28696, 0, 
180, 1, 38, 311, -1, 304, 259, 8.4, 25, ABarapapppa, 209, 27107, 22553, 832, , 27107, 25000, 29290, 29054, 0, 
181, 1, 297, 438, -1, 343, 391, 20.8, 26, ABarpppaap, 259, 27621, 21986, 796, , 27621, 25000, 27742, 27782, 0, 
182, 1, 101, 55, -1, 387, 175, 7.8, 23, ABplppaappa, 228, 30219, 16318, 540, , 30219, 25000, 28848, 29339, 0, 
183, 1, 178, 50, -1, 206, 238, 18.4, 28, ABaraapaapa, 228, 29100, 28751, 988, , 29100, 25000, 28058, 28065, 0, 
184, 1, 208, 434, -1, 447, 285, 25.7, 33, Cpaaap, 337, 27578, 47875, 1736, , 27578, 25000, 28679, 28689, 0, 
185, 1, 286, 188, -1, 426, 163, 7.4, 24, ABplppaappp, 193, 29070, 20349, 700, , 29070, 25000, 30054, 30234, 0, 
186, 1, 77, 220, -1, 478, 154, 16.8, 31, Capaap, 248, 26502, 38799, 1464, , 26502, 25000, 28786, 28809, 0, 
187, 1, 392, 6, -1, 217, 258, 6.0, 24, ABarappaaaa, 128, 32266, 19618, 608, , 32266, 25000, 35487, 35668, 0, 
188, 1, 62, 342, -1, 514, 305, 10.2, 31, Cppapp, 88, 28143, 41201, 1464, , 28143, 25000, 28614, 28693, 0, 
189, 1, 423, 500, -1, 327, 250, 17.4, 22, MSaaapapp, 207, 29212, 16709, 572, , 29212, 25000, 28536, 28526, 0, 
190, 1, 3, 302, -1, 168, 294, 7.2, 25, ABalaapaap, 248, 30156, 21230, 704, , 30156, 25000, 33039, 33689, 0, 
191, 1, 66, 314, -1, 227, 173, 26.2, 24, ABplaaapap, 214, 29265, 19198, 656, , 29265, 25000, 29720, 29690, 0, 
192, 1, 393, 7, -1, 213, 145, 16.2, 23, ABalpppapav, 199, 26596, 14362, 540, , 26596, 25000, 27265, 27235, 0, 
193, 1, 205, 385, -1, 486, 295, 9.7, 24, ABprpppppaa, 241, 27392, 19284, 704, , 27392, 25000, 28044, 28177, 0, 
194, 1, 264, 262, -1, 171, 347, 14.3, 25, ABpraaapapa, 85, 28927, 22100, 764, , 28927, 25000, 28135, 28230, 0, 
195, 1, 125, 428, -1, 183, 172, 24.2, 28, ABplaapaapp, -111, 27556, 28989, 1052, , 27556, 25000, 28332, 28389, 0, 
196, 1, 252, 124, -1, 245, 170, 22.2, 25, ABplaapapap, 237, 27222, 19164, 704, , 27222, 25000, 28637, 28813, 0, 
197, 1, 73, 46, 473, 176, 152, 18.4, 30, ABalpppaap, 301, 28233, 32637, 1156, , 28233, 25000, 27622, 27468, 0, 
198, 1, 172, 140, -1, 554, 337, 9.6, 27, ABprapappa, -310, 26814, 26492, 988, , 26814, 25000, 27831, 27870, 0, 
199, 1, 463, 238, -1, 351, 281, 5.9, 23, ABprpapapaa, 217, 36165, 17938, 496, , 36165, 25000, 34479, 34634, 0, 
200, 1, 152, 321, -1, 260, 214, 15.5, 23, ABalpaaappa, 146, 26242, 16585, 632, , 26242, 25000, 27506, 27411, 0, 
201, 1, 169, 145, -1, 279, 146, 7.9, 23, ABalppapapp, -192, 30238, 14998, 496, , 30238, 25000, 30244, 30485, 0, 
202, 1, 232, 463, -1, 229, 156, 8.6, 24, ABalppapaap, 182, 28717, 20102, 700, , 28717, 25000, 28399, 28338, 0, 
203, 1, 163, 148, -1, 402, 283, 14.2, 30, Earpa, 336, 26962, 35590, 1320, , 26962, 25000, 29693, 29697, 0, 
204, 1, 473, 151, -1, 371, 382, 16.7, 25, ABprapaaapp, 64, 28978, 22139, 764, , 28978, 25000, 29148, 29201, 0, 
205, 1, 243, 353, -1, 511, 271, 9.0, 24, ABprpppppap, -156, 29877, 18165, 608, , 29877, 25000, 29190, 29164, 0, 
206, 1, 273, 481, -1, 370, 154, 17.1, 23, Daapp, 195, 28758, 14264, 496, , 28758, 25000, 28645, 28662, 0, 
207, 1, 16, 110, -1, 491, 384, 13.7, 26, ABprappaap, 1308, 26254, 22473, 856, , 26254, 25000, 28702, 28730, 0, 
208, 1, 180, 317, -1, 516, 373, 19.1, 28, ABarpppppa, 285, 26902, 29269, 1088, , 26902, 25000, 28405, 28482, 0, 
209, 1, 128, 386, -1, 230, 218, 23.7, 26, MSapappa, 224, 27917, 23897, 856, , 27917, 25000, 28161, 28180, 0, 
210, 1, 467, 15, -1, 177, 225, 10.3, 23, ABalpaappaa, 170, 27902, 16518, 592, , 27902, 25000, 27961, 27930, 0, 
211, 1, 430, 77, -1, 273, 367, 9.2, 23, ABprpaapppa, 164, 27931, 15083, 540, , 27931, 25000, 28352, 28650, 0, 
212, 1, 55, 375, -1, 355, 367, 24.6, 31, ABarpppapa, 278, 27430, 36537, 1332, , 27430, 25000, 28237, 28237, 0, 
213, 1, 304, 329, -1, 248, 168, 10.1, 23, ABalppapppa, 110, 27520, 13650, 496, , 27520, 25000, 27952, 27905, 0, 
214, 1, 6, 242, -1, 484, 327, 6.4, 26, ABprppappp, 207, 31423, 26144, 832, , 31423, 25000, 34882, 35365, 0, 
215, 1, 305, 338, -1, 474, 189, 14.8, 24, ABplpppppaa, 242, 28198, 18498, 656, , 28198, 25000, 28176, 28311, 0, 
216, 1, 370, 291, -1, 564, 336, 18.3, 28, ABprapapaa, -180, 27830, 29611, 1064, , 27830, 25000, 27732, 27741, 0, 
217, 1, 490, 64, -1, 167, 178, 17.7, 23, ABalapaappp, 201, 28071, 16618, 592, , 28071, 25000, 28096, 27982, 0, 
218, 1, 249, 359, -1, 417, 320, 25.7, 34, Caaaaa, 143, 28681, 54035, 1884, , 28681, 25000, 28832, 28851, 0, 
219, 1, 216, 22, -1, 537, 129, 10.5, 25, ABplappppa, 323, 27530, 21143, 768, , 27530, 25000, 27342, 27254, 0, 
220, 1, 374, 59, -1, 124, 307, 19.0, 25, ABpraapaaaa, 342, 27664, 21135, 764, , 27664, 25000, 27688, 27746, 0, 
221, 1, 237, 80, -1, 178, 195, 7.9, 24, ABalpaapppp, 221, 30300, 18301, 604, , 30300, 25000, 30768, 31431, 0, 
222, 1, 343, 255, -1, 235, 220, 10.8, 24, ABalpaaaaap, 104, 27236, 17867, 656, , 27236, 25000, 27762, 27941, 0, 
223, 0, 323, -1, -1, 218, 142, 11.0, 23, , -258, 2127, 15050, 512, , 29395, 25000, 27228, 27268, 0, 
224, 1, 366, 30, -1, 457, 336, 7.4, 28, ABprppapap, 266, 28560, 28217, 988, , 28560, 25000, 30952, 31316, 0, 
225, 1, 427, 356, -1, 321, 258, 4.5, 24, ABprpappaap, 231, 33715, 25893, 768, , 33715, 25000, 36831, 36992, 0, 
226, 1, 185, 223, -1, 242, 339, 21.7, 26, MSppappp, 263, 27279, 23351, 856, , 27279, 25000, 28788, 28752, 0, 
227, 1, 449, 127, -1, 224, 193, 23.3, 24, ABplaapappa, 205, 29146, 20519, 704, , 29146, 25000, 28044, 28067, 0, 
228, 1, 33, 233, -1, 278, 146, 14.4, 27, ABplpaaappp, 217, 28092, 27755, 988, , 28092, 25000, 28256, 28506, 0, 
229, 1, 1, 200, -1, 566, 279, 16.8, 28, Cppppap, 185, 27863, 29312, 1052, , 27863, 25000, 28787, 28710, 0, 
230, 1, 339, 299, -1, 313, 376, 9.8, 27, ABpraappap, 225, 27336, 23728, 868, , 27336, 25000, 27871, 27853, 0, 
231, 1, 432, 357, -1, 240, 164, 15.5, 24, ABplpaaaaap, 212, 27844, 21384, 768, , 27844, 25000, 28483, 28398, 0, 
232, 1, 162, 178, -1, 318, 373, 15.4, 24, ABprpaappap, 193, 27761, 19433, 700, , 27761, 25000, 28726, 28800, 0, 
233, 1, 256, 300, -1, 238, 278, 22.7, 24, MSaaaapaa, 206, 28426, 20012, 704, , 28426, 25000, 28894, 29185, 0, 
234, 1, 12, 141, -1, 354, 116, 17.5, 26, ABplapaapa, 48, 28859, 25858, 896, , 28859, 25000, 28659, 28735, 0, 
235, 1, 491, 286, -1, 330, 285, 16.3, 23, MSpaapapp, 234, 27486, 16272, 592, , 27486, 25000, 28615, 28642, 0, 
236, 1, 72, 249, -1, 171, 339, 21.5, 30, ABarpapaaa, 205, 27396, 33752, 1232, , 27396, 25000, 27483, 27565, 0, 
237, 1, 454, 89, -1, 505, 146, 8.9, 24, ABplpppaapa, -233, 27911, 16858, 604, , 27911, 25000, 27985, 27936, 0, 
238, 1, 68, 14, -1, 232, 151, 18.5, 24, ABplpaapaap, -6, 27246, 20925, 768, , 27246, 25000, 27699, 27647, 0, 
239, 1, 360, 258, -1, 577, 270, 20.6, 32, Caaapp, 320, 28107, 41711, 1484, , 28107, 25000, 28322, 28334, 0, 
240, 1, 186, 402, -1, 434, 164, 18.9, 29, Capaaa, 35, 27687, 33446, 1208, , 27687, 25000, 28265, 28248, 0, 
241, 1, 195, 454, -1, 269, 314, 25.9, 27, ABarpaapap, 255, 29153, 26471, 908, , 29153, 25000, 29427, 29615, 0, 
242, 1, 241, 201, -1, 344, 149, 8.7, 24, ABalpapappa, 200, 28016, 19723, 704, , 28016, 25000, 28467, 28345, 0, 
243, 1, 215, 106, -1, 201, 237, 7.8, 24, ABarapaaaaa, 85, 28409, 18636, 656, , 28409, 25000, 30173, 30587, 0, 
244, 1, 154, 119, -1, 240, 127, 14.6, 25, ABplpaaapa, 195, 25718, 21397, 832, , 25718, 25000, 27629, 27513, 0, 
245, 1, 289, 296, -1, 440, 223, 11.6, 32, Z3, 310, 27575, 40922, 1484, , 27575, 25000, 28720, 28745, 0, 
246, 1, 386, 206, -1, 196, 174, 8.7, 24, ABalppapaaa, 148, 29355, 20666, 704, , 29355, 25000, 28649, 28699, 0, 
247, 1, 47, 65, -1, 379, 134, 14.1, 26, ABplppapaaa, 231, 26839, 21471, 800, , 26839, 25000, 28656, 28665, 0, 
248, 1, 45, 444, -1, 284, 330, 8.1, 24, ABprpaaappa, 206, 28326, 17109, 604, , 28326, 25000, 29069, 29502, 0, 
249, 1, 246, 406, -1, 201, 282, 17.7, 24, ABaraappaap, 71, 26159, 18416, 704, , 26159, 25000, 27682, 27703, 0, 
250, 1, 203, 187, -1, 271, 150, 22.7, 27, ABalppppppp, 247, 27713, 25607, 924, , 27713, 25000, 28044, 28060, 0, 
251, 1, 313, 316, -1, 255, 368, 18.7, 27, ABpraapappp, 271, 27446, 25360, 924, , 27446, 25000, 28412, 28601, 0, 
252, 1, 160, 474, -1, 444, 228, 6.7, 24, ABplpappppa, 207, 33908, 23871, 704, , 33908, 25000, 31862, 32362, 0, 
253, 1, 368, 40, -1, 457, 131, 13.7, 23, ABplppapapp, 193, 27221, 16115, 592, , 27221, 25000, 28031, 28059, 0, 
254, 1, 415, 264, -1, 277, 156, 19.4, 26, ABplpaappaa, -18, 27264, 22684, 832, , 27264, 25000, 27884, 27815, 0, 
255, 1, 315, 371, -1, 484, 191, 10.0, 24, ABplpppppap, -126, 27719, 16853, 608, , 27719, 25000, 27746, 27745, 0, 
256, 1, 224, 341, -1, 274, 211, 9.2, 25, ABalpappppa, 159, 26714, 18807, 704, , 26714, 25000, 28599, 28544, 0, 
257, 1, 481, 268, -1, 445, 293, 5.2, 25, ABprppaappp, 185, 35680, 25119, 704, , 35680, 25000, 34302, 34019, 0, 
258, 1, 494, 448, -1, 292, 160, 17.4, 24, MSapppaa, 194, 27673, 19371, 700, , 27673, 25000, 27829, 27834, 0, 
259, 1, 39, 489, -1, 181, 206, 26.3, 24, ABalapapppp, -117, 27669, 19479, 704, , 27669, 25000, 29378, 29279, 0, 
260, 1, 227, 90, -1, 581, 263, 9.3, 25, ABprappppp, 77, 27253, 20821, 764, , 27253, 25000, 28217, 28175, 0, 
261, 1, 5, 5, -1, 180, 144, 14.5, 24, ABalpppaaaa, 191, 26799, 20582, 768, , 26799, 25000, 27805, 27933, 0, 
262, 1, 376, 435, -1, 235, 288, 7.6, 23, ABarappppap, 232, 28314, 18121, 640, , 28314, 25000, 31422, 31112, 0, 
263, 1, 303, 252, -1, 341, 369, 17.0, 25, ABprapaaapa, 220, 29137, 22261, 764, , 29137, 25000, 28337, 28448, 0, 
264, 1, 58, 502, -1, 303, 368, 24.5, 27, ABarpppaaa, 276, 26837, 24046, 896, , 26837, 25000, 29017, 29110, 0, 
265, 1, 320, 479, -1, 329, 307, 4.7, 27, ABarappapap, 264, 37363, 34523, 924, , 37363, 25000, 35842, 36190, 0, 
266, 1, 4, 273, -1, 354, 342, 5.8, 24, ABprpaaaapa, 195, 33543, 22004, 656, , 33543, 25000, 35757, 36074, 0, 
267, 1, 333, 60, -1, 271, 114, 17.0, 25, ABplaappaa, 228, 27596, 21083, 764, , 27596, 25000, 28127, 28274, 0, 
268, 1, 99, 430, -1, 356, 323, 13.7, 26, MSpppaaa, 262, 27928, 23906, 856, , 27928, 25000, 29355, 29402, 0, 
269, 1, 363, 198, -1, 567, 165, 13.1, 25, ABplapapppp, 240, 28029, 19284, 688, , 28029, 25000, 27982, 27973, 0, 
270, 1, 326, 301, -1, 403, 252, 7.5, 24, ABprpapppap, 200, 29600, 22733, 768, , 29600, 25000, 31230, 31187, 0, 
271, 1, 361, 346, -1, 581, 323, 14.1, 27, ABarpppppp, 268, 28624, 25991, 908, , 28624, 25000, 27871, 27898, 0, 
272, 0, 167, -1, -1, 502, 345, 13.5, 28, , 260, -927, 0, 0, , 0, 0, 0, 0, 0, 
273, 1, 460, 193, -1, 245, 185, 6.7, 25, ABalpapaaap, -21, 32541, 24861, 764, , 32541, 25000, 35875, 36708, 0, 
274, 1, 300, 175, -1, 482, 157, 12.1, 27, Capapp, 234, 27678, 25132, 908, , 27678, 25000, 28885, 28890, 0, 
275, 1, 355, 96, -1, 412, 159, 24.9, 28, ABarppapap, 284, 29086, 31646, 1088, , 29086, 25000, 28305, 28411, 0, 
276, 1, 91, 392, -1, 523, 169, 8.5, 23, ABplapppapp, 203, 30215, 19096, 632, , 30215, 25000, 28320, 28488, 0, 
277, 1, 408, 108, -1, 253, 188, 26.3, 29, ABplaaappa, 384, 30051, 32095, 1068, , 30051, 25000, 29472, 29405, 0, 
278, 1, 183, 99, -1, 193, 174, 15.9, 24, ABalapaapa, 222, 28215, 17042, 604, , 28215, 25000, 27262, 27303, 0, 
279, 1, 420, 155, -1, 145, 205, 11.9, 25, ABalaaaala, 233, 27651, 19024, 688, , 27651, 25000, 28051, 28145, 0, 
280, 1, 414, 11, -1, 176, 241, 8.5, 28, ABaraaappa, 132, 29049, 31373, 1080, , 29049, 25000, 29015, 28876, 0, 
281, 1, 452, 114, -1, 435, 399, 19.1, 27, ABarppppap, 264, 27065, 24575, 908, , 27065, 25000, 27841, 27829, 0, 
282, 1, 80, 12, 523, 185, 263, 6.6, 27, ABaraaappp, 185, 33586, 33183, 988, , 33586, 25000, 35688, 36574, 0, 
283, 1, 158, 345, -1, 495, 150, 25.1, 29, ABarppappa, 280, 27252, 32921, 1208, , 27252, 25000, 28481, 28482, 0, 
284, 1, 152, 207, -1, 280, 225, 15.9, 23, ABalpaaappp, 194, 27323, 13552, 496, , 27323, 25000, 28074, 28367, 0, 
285, 1, 187, 257, -1, 284, 318, 11.2, 25, MSppapap, 238, 29643, 20869, 704, , 29643, 25000, 28293, 28261, 0, 
286, 1, 383, 247, -1, 450, 178, 10.9, 24, MSpappaa, 208, 29285, 17688, 604, , 29285, 25000, 28672, 28689, 0, 
287, 1, 418, 358, -1, 386, 216, 10.0, 24, MSaappap, 236, 27918, 16974, 608, , 27918, 25000, 28936, 28957, 0, 
288, 1, 59, 53, -1, 292, 289, 20.1, 25, MSpaaappa, 202, 28504, 19611, 688, , 28504, 25000, 28984, 28797, 0, 
289, 1, 219, 437, -1, 222, 315, 9.2, 24, ABprpaaaaaa, 103, 27633, 18127, 656, , 27633, 25000, 28199, 28260, 0, 
290, 1, 416, 374, -1, 402, 238, 14.6, 30, Ealpa, 307, 27483, 31770, 1156, , 27483, 25000, 28868, 28858, 0, 
291, 1, 95, 13, -1, 324, 294, 18.8, 25, MSpaaappp, 236, 27232, 19171, 704, , 27232, 25000, 27517, 27617, 0, 
292, 1, 299, 284, -1, 161, 357, 17.5, 23, ABpraapaapa, -4, 28036, 17719, 632, , 28036, 25000, 27325, 27422, 0, 
293, 0, 97, -1, -1, 319, 178, 15.3, 23, , 169, -427, 16947, 592, , 28627, 25000, 28830, 29054, 0, 
294, 0, 498, -1, -1, 193, 282, 25.2, 24, , 98, -99, 18593, 656, , 28343, 25000, 28336, 28442, 0, 
295, 1, 409, 344, -1, 385, 281, 8.7, 27, MSppaapp, 277, 28246, 26099, 924, , 28246, 25000, 29513, 29684, 0, 
296, 1, 199, 251, -1, 331, 242, 8.3, 26, ABarapapppp, 265, 28130, 24079, 856, , 28130, 25000, 29777, 29793, 0, 
297, 1, 262, 528, -1, 298, 291, 17.1, 22, MSpaapapa, 193, 29496, 13686, 464, , 29496, 25000, 27641, 27627, 0, 
298, 1, 265, 327, -1, 277, 321, 13.5, 27, MSppapaa, 185, 27698, 24817, 896, , 27698, 25000, 28594, 28344, 0, 
299, 1, 294, 396, -1, 223, 195, 19.8, 24, ABplaapapaa, 303, 27302, 17910, 656, , 27302, 25000, 27733, 27844, 0, 
300, 1, 476, 31, -1, 289, 240, 7.5, 25, ABarapapapa, 119, 28767, 22093, 768, , 28767, 25000, 30843, 30850, 0, 
301, 1, 453, 239, -1, 345, 333, 21.9, 26, MSpppppp, 269, 28183, 22546, 800, , 28183, 25000, 28304, 28371, 0, 
302, 1, 79, 405, -1, 210, 283, 10.0, 23, MSppaaaa, 216, 27885, 14277, 512, , 27885, 25000, 28042, 28005, 0, 
303, 1, 28, 39, -1, 206, 134, 20.1, 26, ABplpaapapa, 255, 28618, 22894, 800, , 28618, 25000, 27198, 27205, 0, 
304, 1, 368, 250, -1, 421, 133, 13.8, 24, ABplppapapa, 193, 28159, 18472, 656, , 28159, 25000, 28122, 28076, 0, 
305, 1, 13, 409, -1, 342, 124, 9.9, 24, ABplpaaaapa, 334, 27238, 16452, 604, , 27238, 25000, 27374, 27312, 0, 
306, 1, 225, 20, -1, 247, 239, 7.7, 28, ABarapaaap, 50, 29428, 31311, 1064, , 29428, 25000, 31170, 31349, 0, 
307, 1, 194, 28, -1, 160, 303, 23.5, 30, ABarpaaapa, 434, 29046, 35785, 1232, , 29046, 25000, 28306, 28352, 0, 
308, 1, 122, 1, -1, 205, 351, 13.5, 23, ABpraaapaad, 319, 28089, 17752, 632, , 28089, 25000, 27590, 27637, 0, 
309, 1, 173, 326, -1, 376, 256, 4.6, 27, ABprpappapa, 254, 35017, 34597, 988, , 35017, 25000, 36450, 36447, 0, 
310, 1, 196, 289, -1, 290, 308, 5.2, 24, ABarapppppp, -128, 37925, 24879, 656, , 37925, 25000, 36013, 36158, 0, 
311, 1, 26, 380, -1, 209, 344, 8.1, 26, ABpraaaaaa, -55, 28458, 22766, 800, , 28458, 25000, 28993, 29063, 0, 
312, 1, 353, 88, -1, 509, 233, 19.1, 31, Eplap, 299, 27628, 40890, 1480, , 27628, 25000, 28921, 29072, 0, 
313, 1, 377, 104, -1, 498, 276, 19.2, 32, Eprap, 321, 27390, 44043, 1608, , 27390, 25000, 28332, 28417, 0, 
314, 1, 401, 334, -1, 240, 122, 18.0, 22, ABplpaapapp, 199, 26375, 10128, 384, , 26375, 25000, 27263, 27426, 0, 
315, 1, 170, 166, -1, 301, 316, 25.7, 32, ABarpaappa, 282, 27110, 42943, 1584, , 27110, 25000, 29337, 29438, 0, 
316, 1, 110, 163, -1, 227, 368, 9.7, 24, ABpraaaapad, 182, 29395, 20694, 704, , 29395, 25000, 27718, 27721, 0, 
317, 1, 230, 285, -1, 470, 246, 6.2, 24, ABprppppaap, 226, 33123, 21729, 656, , 33123, 25000, 33285, 33632, 0, 
318, 1, 471, 459, -1, 455, 197, 8.2, 24, ABplppppaap, 197, 28619, 18774, 656, , 28619, 25000, 29099, 29107, 0, 
319, 1, 115, 37, -1, 465, 215, 25.6, 31, Dappp, 312, 27982, 37272, 1332, , 27982, 25000, 28373, 28373, 0, 
320, 1, 501, 513, -1, 175, 239, 22.8, 22, ABalapapapp, 200, 28202, 13988, 496, , 28202, 25000, 28988, 29133, 0, 
321, 1, 24, 433, -1, 289, 318, 17.8, 27, MSpaapaa, 255, 27724, 24064, 868, , 27724, 25000, 27962, 28044, 0, 
322, 0, 447, -1, -1, 197, 290, 20.2, 23, , 199, -298, 15324, 540, , 28378, 25000, 28448, 28676, 0, 
323, 1, 104, 487, -1, 316, 205, 9.6, 29, ABalpappppp, 292, 28612, 33075, 1156, , 28612, 25000, 29551, 29584, 0, 
324, 1, 278, 504, -1, 394, 158, 15.0, 28, MSaapppa, 237, 29082, 32804, 1128, , 29082, 25000, 27769, 27731, 0, 
325, 0, 441, -1, -1, 331, 109, 16.3, 21, , 418, 545, 13337, 472, , 28256, 25000, 27839, 27711, 0, 
326, 1, 486, 505, -1, 578, 192, 10.0, 24, Caappv, 236, 26105, 15872, 608, , 26105, 25000, 28142, 28218, 0, 
327, 1, 65, 315, -1, 154, 221, 8.9, 23, ABalpaapppa, 223, 28008, 13892, 496, , 28008, 25000, 27884, 27832, 0, 
328, 1, 96, 486, -1, 145, 275, 8.3, 27, ABalaapaaa, 317, 28874, 26680, 924, , 28874, 25000, 29328, 29679, 0, 
329, 1, 103, 34, -1, 201, 189, 26.4, 26, ABplaaapaa, 243, 28936, 24075, 832, , 28936, 25000, 28872, 28985, 0, 
330, 1, 321, 361, -1, 199, 208, 7.9, 22, ABalpaappap, 168, 28280, 13122, 464, , 28280, 25000, 29966, 29943, 0, 
331, 1, 426, 305, -1, 284, 216, 21.7, 22, MSapppap, 157, 27475, 14397, 524, , 27475, 25000, 27940, 27929, 0, 
332, 1, 54, 226, -1, 361, 219, 9.4, 23, MSaappaa, 122, 27067, 17323, 640, , 27067, 25000, 28820, 28824, 0, 
333, 1, 479, 101, -1, 201, 179, 20.1, 24, ABalppppaad, 140, 28343, 17119, 604, , 28343, 25000, 27715, 27601, 0, 
334, 1, 277, 197, -1, 128, 226, 12.7, 27, ABalaaaarl, -166, 26921, 24875, 924, , 26921, 25000, 26986, 27016, 0, 
335, 0, 40, -1, -1, 348, 222, 17.4, 24, , 209, -811, 20229, 700, , 28899, 25000, 29708, 29710, 0, 
336, 0, 350, -1, -1, 370, 290, 17.4, 33, , 330, -480, 47608, 1640, , 29029, 25000, 29495, 29509, 0, 
337, 1, 42, 153, -1, 359, 392, 12.5, 25, ABprapaapa, 238, 27642, 21229, 768, , 27642, 25000, 27854, 27773, 0, 
338, 1, 413, 496, -1, 291, 230, 25.5, 25, ABarppaaaa, 209, 27790, 21343, 768, , 27790, 25000, 28426, 28619, 0, 
339, 1, 433, 260, -1, 363, 229, 23.9, 27, MSappppp, 273, 28697, 26057, 908, , 28697, 25000, 29005, 29038, 0, 
340, 1, 202, 172, -1, 203, 228, 15.8, 24, ABalpaapaap, 222, 26750, 17548, 656, , 26750, 25000, 27172, 27357, 0, 
341, 1, 439, 423, -1, 588, 245, 16.5, 32, Cpappd, 314, 28443, 40731, 1432, , 28443, 25000, 28590, 28608, 0, 
342, 1, 451, 516, -1, 322, 139, 12.3, 24, ABplpapaapp, 162, 28703, 20207, 704, , 28703, 25000, 27647, 27670, 0, 
343, 1, 532, 511, -1, 174, 310, 20.4, 25, ABalapppapp, 151, 27631, 22989, 832, , 27631, 25000, 28367, 28451, 0, 
344, 0, 404, -1, -1, 265, 179, 14.8, 23, , 193, -788, 14968, 540, , 27719, 25000, 28632, 28507, 0, 
345, 1, 212, 100, -1, 423, 323, 6.4, 28, ABprppappa, 163, 31307, 30931, 988, , 31307, 25000, 32964, 33090, 0, 
346, 1, 344, 94, -1, 374, 127, 10.9, 24, ABplpaaaapp, 211, 27671, 16713, 604, , 27671, 25000, 27505, 27490, 0, 
347, 1, 136, 128, -1, 239, 243, 12.7, 24, ABalpappaaa, 200, 27882, 19629, 704, , 27882, 25000, 27831, 27875, 0, 
348, 1, 222, 498, -1, 226, 239, 16.5, 22, ABalpaapapa, 166, 27842, 14255, 512, , 27842, 25000, 28101, 28236, 0, 
349, 1, 290, 76, -1, 289, 384, 15.3, 25, ABpraaapppp, 7, 28336, 21649, 764, , 28336, 25000, 28269, 28195, 0, 
350, 1, 364, 277, -1, 282, 383, 11.0, 23, ABpraappaa, 340, 27436, 14047, 512, , 27436, 25000, 28127, 28248, 0, 
351, 1, 166, 254, -1, 338, 276, 10.8, 25, MSpapaaap, 205, 34896, 24567, 704, , 34896, 25000, 30329, 30391, 0, 
352, 1, 318, 449, -1, 312, 191, 19.6, 25, Daaaa, 176, 27273, 22691, 832, , 27273, 25000, 28900, 28803, 0, 
353, 1, 250, 413, -1, 557, 186, 9.0, 24, ABplppppppp, 232, 28502, 17329, 608, , 28502, 25000, 28949, 29154, 0, 
354, 1, 465, 43, -1, 366, 353, 18.8, 24, Dpaap, 248, 27146, 17808, 656, , 27146, 25000, 28475, 28485, 0, 
355, 1, 459, 230, -1, 515, 201, 24.5, 28, Cappaap, 267, 28273, 30535, 1080, , 28273, 25000, 27873, 27881, 0, 
356, 1, 242, 468, -1, 311, 249, 21.7, 25, MSaaaappa, 238, 28382, 21684, 764, , 28382, 25000, 28072, 28282, 0, 
357, 1, 446, 308, -1, 259, 244, 24.2, 27, MSapappp, 291, 28432, 24679, 868, , 28432, 25000, 28575, 28559, 0, 
358, 1, 161, 407, -1, 277, 275, 4.5, 24, ABarapppapp, 216, 36642, 28141, 768, , 36642, 25000, 35015, 34893, 0, 
359, 1, 395, 61, -1, 280, 358, 12.9, 24, ABprpaappaa, 43, 28381, 17142, 604, , 28381, 25000, 27843, 27952, 0, 
360, 1, 275, 38, -1, 527, 190, 10.5, 28, Capppp, 205, 27345, 29533, 1080, , 27345, 25000, 28547, 28480, 0, 
361, 1, 455, 160, -1, 334, 179, 21.5, 26, ABplapaaapa, 223, 28771, 25779, 896, , 28771, 25000, 29231, 29393, 0, 
362, 1, 210, 339, -1, 444, 349, 22.1, 30, Dpppp, 301, 28008, 37979, 1356, , 28008, 25000, 28360, 28360, 0, 
363, 1, 293, 450, -1, 302, 326, 21.0, 25, MSpppppa, 171, 28361, 21668, 764, , 28361, 25000, 27665, 27687, 0, 
364, 1, 87, 144, -1, 258, 324, 10.1, 24, ABprpaaaaap, 242, 27750, 16761, 604, , 27750, 25000, 28078, 28033, 0, 
365, 1, 204, 490, -1, 177, 230, 13.7, 23, ABalpaapaaa, 224, 30735, 18195, 592, , 30735, 25000, 28397, 28485, 0, 
366, 1, 489, 246, -1, 140, 289, 10.9, 25, ABalaaapprl, 207, 26703, 18372, 688, , 26703, 25000, 28026, 27838, 0, 
367, 0, 488, -1, -1, 354, 284, 18.7, 24, , 144, -341, 20100, 704, , 28551, 25000, 29008, 28892, 0, 
368, 1, 52, 111, -1, 161, 256, 18.4, 31, MSaaaaaa, 290, 28144, 37488, 1332, , 28144, 25000, 27666, 27750, 0, 
369, 1, 240, 382, -1, 382, 150, 10.1, 24, ABplppappaa, 189, 28003, 16914, 604, , 28003, 25000, 28363, 28460, 0, 
370, 1, 14, 453, -1, 197, 264, 20.4, 26, MSaaaaapa, 196, 26577, 22112, 832, , 26577, 25000, 27513, 27548, 0, 
371, 1, 78, 35, -1, 378, 347, 10.8, 25, Dpapp, 233, 27536, 19385, 704, , 27536, 25000, 28637, 28692, 0, 
372, 1, 311, 275, -1, 324, 330, 24.3, 30, ABarpaappp, 303, 28472, 37242, 1308, , 28472, 25000, 28190, 28472, 0, 
373, 1, 280, 331, -1, 394, 328, 6.2, 25, ABarappappp, 197, 32533, 22903, 704, , 32533, 25000, 33044, 33096, 0, 
374, 1, 111, 157, -1, 277, 188, 17.3, 27, MSapapaa, 203, 26148, 24161, 924, , 26148, 25000, 28370, 28365, 0, 
375, 1, 356, 51, -1, 514, 159, 11.7, 23, ABplapppapa, 132, 29659, 17558, 592, , 29659, 25000, 28997, 28937, 0, 
376, 1, 84, 526, -1, 534, 223, 8.0, 23, Caapaa, 190, 27904, 14287, 512, , 27904, 25000, 29982, 29670, 0, 
377, 1, 176, 429, -1, 426, 129, 17.9, 27, ABplappaaa, 245, 26717, 24259, 908, , 26717, 25000, 28156, 28113, 0, 
378, 1, 480, 540, -1, 522, 216, 5.4, 23, ABprpppapap, 209, 42508, 27205, 640, , 42508, 25000, 39361, 39591, 0, 
379, 1, 209, 146, -1, 225, 170, 11.7, 24, ABalppappap, 198, 28601, 20135, 704, , 28601, 25000, 28362, 28333, 0, 
380, 1, 44, 391, -1, 233, 316, 11.8, 23, ABprpaapaaa, 220, 29520, 15941, 540, , 29520, 25000, 27634, 27703, 0, 
381, 1, 461, 81, -1, 383, 357, 14.7, 25, Dppaa, 199, 28534, 21800, 764, , 28534, 25000, 28394, 28403, 0, 
382, 1, 36, 121, -1, 163, 186, 9.5, 30, ABalaaaalp, 6, 28127, 34652, 1232, , 28127, 25000, 28546, 28401, 0, 
383, 1, 2, 272, -1, 226, 176, 18.3, 24, ABalpppppaa, 31, 26662, 18770, 704, , 26662, 25000, 27379, 27467, 0, 
384, 1, 457, 266, -1, 333, 168, 26.4, 24, ABarppaaap, 162, 28266, 19786, 700, , 28266, 25000, 29040, 28980, 0, 
385, 1, 468, 410, -1, 417, 361, 18.1, 24, Dppap, 248, 28111, 16979, 604, , 28111, 25000, 28369, 28371, 0, 
386, 1, 229, 125, -1, 164, 335, 11.6, 23, ABalaappppp, 311, 26961, 17255, 640, , 26961, 25000, 28083, 27954, 0, 
387, 1, 424, 136, -1, 438, 191, 6.7, 24, ABplppppaaa, 65, 28990, 20409, 704, , 28990, 25000, 31403, 31842, 0, 
388, 0, 67, -1, -1, 322, 310, 11.7, 23, , 206, -319, 16525, 592, , 27914, 25000, 28173, 28233, 0, 
389, 1, 142, 343, -1, 412, 330, 10.9, 29, MSpapppa, 291, 28941, 34961, 1208, , 28941, 25000, 29016, 28994, 0, 
390, 1, 5, 62, -1, 213, 137, 14.0, 23, ABalpppaaap, 173, 27303, 13979, 512, , 27303, 25000, 27365, 27412, 0, 
391, 1, 51, 42, -1, 540, 121, 17.2, 26, ABarppappp, 231, 28387, 22596, 796, , 28387, 25000, 27984, 28018, 0, 
392, 1, 71, 182, -1, 265, 258, 13.0, 24, ABarapaappa, 197, 28109, 17090, 608, , 28109, 25000, 27538, 27590, 0, 
393, 1, 306, 83, -1, 507, 344, 17.6, 32, Cppapa, 277, 27452, 40739, 1484, , 27452, 25000, 28493, 28550, 0, 
394, 1, 193, 150, -1, 477, 241, 8.2, 25, ABprpappppa, 204, 29054, 20454, 704, , 29054, 25000, 29350, 29761, 0, 
395, 1, 253, 186, -1, 583, 198, 16.3, 31, Cpapaa, 302, 28572, 39086, 1368, , 28572, 25000, 28742, 28735, 0, 
396, 1, 469, 324, -1, 512, 268, 16.3, 33, Eprpa, 325, 27184, 47191, 1736, , 27184, 25000, 29285, 29398, 0, 
397, 1, 175, 116, -1, 162, 192, 15.4, 23, ABalapaappa, 7, 28566, 18282, 640, , 28566, 25000, 28213, 28308, 0, 
398, 1, 440, 244, -1, 274, 205, 7.0, 24, ABalpappapa, 231, 30434, 18504, 608, , 30434, 25000, 31906, 32341, 0, 
399, 0, 336, -1, -1, 177, 331, 8.7, 24, , -142, 1583, 20867, 704, , 29641, 25000, 27931, 28058, 0, 
400, 1, 124, 298, -1, 200, 270, 14.1, 24, ABaraaapaap, 241, 28513, 17222, 604, , 28513, 25000, 28024, 28039, 0, 
401, 1, 34, 270, -1, 207, 369, 20.9, 24, ABarpappaa, 201, 27127, 16385, 604, , 27127, 25000, 27827, 27742, 0, 
402, 1, 174, 295, -1, 340, 345, 8.5, 25, ABprppaaaap, -66, 28142, 21613, 768, , 28142, 25000, 28657, 28709, 0, 
403, 1, 61, 347, -1, 238, 388, 18.6, 27, ABarpappap, 219, 27073, 26748, 988, , 27073, 25000, 27586, 27562, 0, 
404, 1, 120, 330, -1, 133, 264, 15.9, 22, ABalapppaaa, 167, 27961, 12974, 464, , 27961, 25000, 27846, 27849, 0, 
405, 1, 207, 217, -1, 167, 244, 15.5, 25, ABaraapaaaa, 63, 27663, 21245, 768, , 27663, 25000, 27390, 27321, 0, 
406, 1, 330, 280, -1, 127, 197, 18.9, 25, ABalapaaapa, 248, 27205, 18717, 688, , 27205, 25000, 27286, 27353, 0, 
407, 1, 359, 360, -1, 551, 287, 13.2, 25, Cpppapp, 239, 27969, 19690, 704, , 27969, 25000, 28711, 28639, 0, 
408, 1, 359, 465, -1, 538, 322, 15.6, 26, Cpppapa, 259, 27448, 22837, 832, , 27448, 25000, 28532, 28523, 0, 
409, 1, 474, 411, -1, 284, 178, 8.5, 23, ABplpapaaaa, 185, 28623, 18090, 632, , 28623, 25000, 28968, 28994, 0, 
410, 1, 428, 313, -1, 291, 199, 4.6, 25, ABprpappaaa, 229, 37569, 31257, 832, , 37569, 25000, 38969, 38818, 0, 
411, 0, 291, -1, -1, 348, 383, 8.3, 23, , 215, 4294, 19791, 592, , 33431, 25000, 29136, 29137, 0, 
412, 1, 322, 158, -1, 376, 240, 19.0, 32, Ealaa, 324, 28310, 48353, 1708, , 28310, 25000, 29518, 29229, 0, 
413, 1, 130, 165, -1, 560, 144, 16.7, 24, ABplapapppa, 196, 27531, 19382, 704, , 27531, 25000, 27950, 27929, 0, 
414, 1, 417, 297, -1, 294, 174, 14.0, 24, MSapapap, 91, 27257, 16572, 608, , 27257, 25000, 28674, 28336, 0, 
415, 1, 484, 477, -1, 518, 257, 5.0, 22, ABprpppapaa, -21, 46706, 17935, 384, , 46706, 25000, 38996, 38833, 0, 
416, 1, 146, 41, -1, 132, 319, 13.9, 24, ABalappappa, 234, 27765, 16770, 604, , 27765, 25000, 26808, 26847, 0, 
417, 1, 388, 288, -1, 385, 168, 19.5, 27, Dapaa, 245, 30179, 27040, 896, , 30179, 25000, 29213, 29372, 0, 
418, 1, 135, 243, -1, 481, 250, 12.4, 30, Eprpp, 20, 29222, 33781, 1156, , 29222, 25000, 29494, 29502, 0, 
419, 1, 30, 349, -1, 169, 158, 21.3, 23, ABalppppapp, 200, 27493, 16276, 592, , 27493, 25000, 28345, 28263, 0, 
420, 1, 109, 287, -1, 320, 202, 7.5, 27, ABalpappapp, 266, 29477, 26411, 896, , 29477, 25000, 32086, 32454, 0, 
421, 1, 444, 204, -1, 432, 249, 6.1, 23, ABplpapppap, 132, 30296, 15027, 496, , 30296, 25000, 33396, 33974, 0, 
422, 1, 148, 91, -1, 477, 188, 6.0, 24, ABplppppapp, 213, 35418, 21534, 608, , 35418, 25000, 34883, 35347, 0, 
423, 1, 347, 93, -1, 292, 255, 13.5, 24, ABarapaappp, 136, 28297, 21732, 768, , 28297, 25000, 27734, 27808, 0, 
424, 1, 64, 265, -1, 150, 256, 10.6, 29, ABalaaaarr, 285, 27076, 31300, 1156, , 27076, 25000, 27616, 27585, 0, 
425, 1, 342, 209, -1, 159, 210, 21.1, 22, ABalapappap, 229, 28707, 13320, 464, , 28707, 25000, 28237, 28166, 0, 
426, 1, 226, 397, -1, 472, 239, 17.8, 30, Ealpp, 297, 28520, 37646, 1320, , 28520, 25000, 28984, 29019, 0, 
427, 1, 102, 408, -1, 571, 230, 8.6, 24, ABprppppppp, 227, 27316, 19121, 700, , 27316, 25000, 28670, 28677, 0, 
428, 1, 267, 366, -1, 257, 171, 19.2, 24, ABalpppppap, 197, 27285, 17899, 656, , 27285, 25000, 28336, 28735, 0, 
429, 1, 357, 478, -1, 159, 302, 9.7, 25, ABalaaapprr, 50, 27747, 21199, 764, , 27747, 25000, 28375, 28387, 0, 
430, 1, 438, 19, -1, 208, 223, 10.4, 25, ABalpaaaaaa, 220, 27875, 23192, 832, , 27875, 25000, 27833, 28037, 0, 
431, 1, 338, 103, -1, 161, 158, 15.5, 24, ABalaaapall, 312, 29546, 22691, 768, , 29546, 25000, 27753, 27709, 0, 
432, 1, 182, 66, -1, 411, 353, 8.3, 24, ABprppapaaa, 213, 28828, 20295, 704, , 28828, 25000, 29367, 29501, 0, 
433, 1, 442, 173, -1, 466, 270, 6.2, 23, ABprppppaaa, 217, 32670, 17642, 540, , 32670, 25000, 33620, 33785, 0, 
434, 1, 56, 290, -1, 308, 155, 21.1, 25, ABplpaappap, 195, 27908, 19201, 688, , 27908, 25000, 29163, 29099, 0, 
435, 0, 263, -1, -1, 338, 193, 5.5, 22, , 153, 2829, 19928, 512, , 38922, 25000, 35994, 36093, 0, 
436, 1, 448, 156, 190, 351, 148, 11.8, 28, ABplppaapa, -163, 27356, 28778, 1052, , 27356, 25000, 27895, 27954, 0, 
437, 1, 419, 154, -1, 332, 196, 12.4, 25, MSaapaaap, 205, 30572, 25436, 832, , 30572, 25000, 29305, 29175, 0, 
438, 1, 239, 179, -1, 284, 171, 5.9, 23, ABalpapapaa, 197, 42790, 21224, 496, , 42790, 25000, 39181, 39104, 0, 
439, 1, 487, 415, -1, 348, 223, 20.1, 27, MSaaappp, 233, 29303, 26607, 908, , 29303, 25000, 28411, 28450, 0, 
440, 1, 206, 470, -1, 335, 138, 14.9, 24, ABplppaaaap, 241, 26982, 16297, 604, , 26982, 25000, 27282, 27379, 0, 
441, 1, 266, 92, -1, 541, 194, 6.7, 23, ABplppppppa, -208, 32287, 19114, 592, , 32287, 25000, 34797, 34739, 0, 
442, 1, 37, 63, -1, 284, 350, 16.0, 25, ABpraaapppa, 226, 28696, 21924, 764, , 28696, 25000, 28228, 28276, 0, 
443, 1, 192, 475, -1, 305, 281, 4.8, 24, ABarappapaa, 574, 35428, 23241, 656, , 35428, 25000, 36572, 36374, 0, 
444, 0, 228, -1, -1, 302, 300, 9.0, 24, , 207, -17, 17423, 608, , 28656, 25000, 28740, 28673, 0, 
445, 1, 456, 476, -1, 456, 328, 10.3, 27, MSpapppp, 256, 27354, 25275, 924, , 27354, 25000, 29311, 29441, 0, 
446, 1, 179, 115, -1, 233, 210, 14.5, 26, ABalpaaapa, 217, 28017, 25103, 896, , 28017, 25000, 27445, 27579, 0, 
447, 1, 308, 318, -1, 312, 358, 18.7, 25, ABprapaaaaa, 228, 27996, 21389, 764, , 27996, 25000, 28308, 28317, 0, 
448, 1, 332, 451, -1, 442, 359, 14.5, 30, Cppaaa, 307, 26861, 33093, 1232, , 26861, 25000, 28242, 28333, 0, 
449, 1, 43, 162, -1, 219, 180, 15.6, 24, ABplpaapaaa, 226, 28641, 20049, 700, , 28641, 25000, 27740, 27836, 0, 
450, 1, 23, 131, -1, 265, 146, 9.5, 25, ABalppapppp, 198, 27599, 21196, 768, , 27599, 25000, 28189, 28343, 0, 
451, 1, 18, 105, -1, 261, 347, 13.9, 23, ABpraaappap, 207, 28032, 13904, 496, , 28032, 25000, 27892, 28163, 0, 
452, 1, 82, 416, -1, 367, 186, 17.3, 28, MSappaaa, 23, 27681, 29453, 1064, , 27681, 25000, 29441, 29403, 0, 
453, 1, 165, 293, -1, 464, 293, 18.5, 32, Earpp, 292, 27734, 39715, 1432, , 27734, 25000, 28657, 28802, 0, 
454, 1, 213, 497, -1, 197, 256, 17.4, 23, ABaraapaaap, 201, 27014, 17289, 640, , 27014, 25000, 27328, 27227, 0, 
455, 1, 27, 351, -1, 429, 167, 13.4, 26, MSaapppp, 247, 28111, 23388, 832, , 28111, 25000, 28437, 28485, 0, 
456, 1, 157, 269, -1, 467, 331, 14.7, 25, MSpppaap, 249, 26852, 20515, 764, , 26852, 25000, 28487, 28416, 0, 
457, 1, 70, 417, -1, 250, 293, 14.5, 23, ABaraaapapp, 84, 26916, 17011, 632, , 26916, 25000, 28067, 28273, 0, 
458, 1, 236, 488, -1, 538, 294, 24.4, 32, Caaapa, 320, 26993, 40058, 1484, , 26993, 25000, 28480, 28490, 0, 
459, 1, 113, 67, -1, 315, 187, 23.5, 25, ABplapaaaaa, -82, 27734, 21300, 768, , 27734, 25000, 28348, 28626, 0, 
460, 1, 98, 421, -1, 174, 262, 12.9, 24, ABaraaapaaa, 8, 27248, 16458, 604, , 27248, 25000, 27469, 27341, 0, 
461, 1, 126, 181, -1, 480, 210, 7.6, 24, ABplpappppp, 193, 28280, 19796, 700, , 28280, 25000, 30089, 30323, 0, 
462, 1, 483, 455, -1, 340, 170, 8.6, 22, ABplpapapaa, 415, 28740, 16439, 572, , 28740, 25000, 29044, 29349, 0, 
463, 1, 346, 261, -1, 231, 340, 19.1, 30, MSppappa, 253, 27617, 37449, 1356, , 27617, 25000, 27683, 27773, 0, 
464, 1, 138, 196, -1, 194, 295, 6.0, 24, ABarapppaaa, 206, 34143, 20759, 608, , 34143, 25000, 36057, 36598, 0, 
465, 1, 139, 74, -1, 312, 337, 10.1, 23, ABprppaaaaa, 197, 27212, 13497, 496, , 27212, 25000, 27926, 28083, 0, 
466, 1, 329, 303, -1, 439, 351, 8.4, 23, ABprppapaap, 192, 26794, 17148, 640, , 26794, 25000, 29116, 29276, 0, 
467, 1, 292, 472, -1, 217, 261, 22.7, 25, MSaaaaapp, 220, 27537, 21038, 764, , 27537, 25000, 28179, 28108, 0, 
468, 1, 74, 485, -1, 212, 272, 26.5, 29, ABplaaaapa, 237, 27845, 30073, 1080, , 27845, 25000, 28656, 28673, 0, 
469, 1, 345, 222, -1, 327, 337, 16.2, 25, Dpaaa, 190, 27705, 19504, 704, , 27705, 25000, 28054, 28071, 0, 
470, 1, 407, 271, -1, 404, 137, 12.4, 24, ABplppapaap, 184, 27314, 19120, 700, , 27314, 25000, 28001, 27905, 0, 
471, 1, 271, 355, -1, 522, 287, 5.8, 25, ABprpppaapa, -131, 40474, 28494, 704, , 40474, 25000, 37247, 36795, 0, 
472, 1, 218, 29, -1, 313, 346, 12.9, 24, MSppppaa, 218, 26579, 16054, 604, , 26579, 25000, 27366, 27329, 0, 
473, 1, 340, 464, -1, 409, 198, 7.9, 24, ABplpapappp, 192, 31689, 19140, 604, , 31689, 25000, 29684, 29675, 0, 
474, 1, 354, 234, -1, 271, 296, 7.1, 24, ABarapppppa, 192, 28020, 16924, 604, , 28020, 25000, 30768, 30499, 0, 
475, 1, 164, 508, -1, 336, 319, 6.7, 22, ABprpapaapp, 147, 30219, 15835, 524, , 30219, 25000, 31092, 30413, 0, 
476, 1, 349, 503, -1, 239, 329, 14.2, 27, ABpraaappaa, 345, 27092, 23516, 868, , 27092, 25000, 28220, 28262, 0, 
477, 1, 35, 509, -1, 203, 338, 21.4, 24, ABarpapaapp, 180, 26983, 18888, 700, , 26983, 25000, 28288, 28380, 0, 
478, 1, 132, 350, 370, 275, 237, 4.9, 27, ABarappaap, 241, 36570, 33206, 908, , 36570, 25000, 35832, 35999, 0, 
479, 1, 285, 482, -1, 338, 159, 18.2, 24, Daapa, 216, 26939, 17672, 656, , 26939, 25000, 29105, 29118, 0, 
480, 1, 88, 518, -1, 211, 322, 6.4, 22, ABalaappapp, 158, 31371, 17944, 572, , 31371, 25000, 36120, 36668, 0, 
481, 1, 63, 550, -1, 347, 210, 13.5, 25, MSaapappa, 175, 31168, 23937, 768, , 31168, 25000, 31098, 30731, 0, 
482, 1, 168, 183, -1, 505, 169, 20.8, 29, Capapa, -129, 27970, 31103, 1112, , 27970, 25000, 28111, 28114, 0, 
483, 0, -1, -1, -1, 334, 381, 11.6, 22, , 142, 16, 16158, 572, , 28248, 25000, 28227, 28232, 0, 
484, 1, 131, 75, -1, 369, 259, 7.0, 24, ABprpapppaa, 241, 30630, 18623, 608, , 30630, 25000, 32865, 32573, 0, 
485, 0, 499, -1, -1, 149, 273, 19.8, 21, , 74, 831, 12580, 428, , 29393, 25000, 28638, 28562, 0, 
486, 1, 493, 267, -1, 219, 123, 17.3, 23, ABalpppapad, -147, 27257, 16136, 592, , 27257, 25000, 27159, 27155, 0, 
487, 1, 114, 120, -1, 164, 183, 20.1, 24, ABalppppapa, -190, 27987, 16904, 604, , 27987, 25000, 28205, 28470, 0, 
488, 0, 335, -1, -1, 390, 168, 14.1, 22, , -13, -307, 12888, 464, , 27776, 25000, 28247, 28083, 0, 
489, 1, 272, 184, -1, 274, 282, 14.5, 27, ABaraapppaa, 169, 28085, 25164, 896, , 28085, 25000, 28088, 28394, 0, 
490, 1, 348, 169, -1, 486, 274, 5.3, 23, ABprppppapa, 99, 35659, 21110, 592, , 35659, 25000, 34814, 34302, 0, 
491, 1, 396, 256, -1, 465, 300, 5.6, 24, ABprpppaaaa, 121, 37093, 25965, 700, , 37093, 25000, 34708, 34460, 0, 
492, 1, 382, 424, -1, 142, 178, 21.0, 23, ABalapaaapp, 198, 26217, 13423, 512, , 26217, 25000, 27468, 27681, 0, 
493, 1, 410, 354, -1, 326, 123, 17.7, 22, ABplaapppa, 510, 28076, 14712, 524, , 28076, 25000, 27629, 27746, 0, 
494, 1, 362, 332, -1, 367, 178, 9.0, 23, ABplpapapap, 120, 27887, 14278, 512, , 27887, 25000, 28830, 28631, 0, 
495, 1, 495, 447, -1, 165, 204, 24.6, 22, ABalapapppa, 244, 28175, 16116, 572, , 28175, 25000, 28624, 28515, 0, 
496, 1, 211, 177, -1, 251, 168, 6.7, 24, ABalppapapa, 50, 31854, 22425, 704, , 31854, 25000, 37029, 37510, 0, 
497, 0, 464, -1, -1, 494, 342, 11.7, 23, , 55, 0, 0, 0, , 0, 0, 0, 0, 0, 
498, 1, 316, 253, -1, 423, 272, 6.4, 22, ABprpapappp, -406, 30047, 17187, 572, , 30047, 25000, 33910, 33753, 0, 
499, 1, 403, 506, -1, 280, 127, 14.6, 23, ABplpaapppp, -29, 27586, 17655, 640, , 27586, 25000, 28269, 28333, 0, 
500, 1, 223, 495, -1, 243, 144, 11.8, 22, ABalppaapp, -51, 27960, 13868, 496, , 27960, 25000, 27301, 27384, 0, 
501, 1, 450, 519, -1, 601, 238, 13.0, 22, Caappd, 411, 27000, 10368, 384, , 27000, 25000, 28082, 28034, 0, 
502, 0, 46, -1, -1, 234, 326, 5.4, 28, , -162, 2614, 41970, 988, , 42480, 25000, 38597, 39866, 0, 
503, 1, 144, 335, -1, 128, 202, 14.9, 23, ABalaaapalr, -90, 27089, 13436, 496, , 27089, 25000, 28029, 28086, 0, 
504, 1, 512, 263, -1, 208, 316, 13.6, 24, ABpraaapaav, -352, 27961, 19573, 700, , 27961, 25000, 27979, 28187, 0, 
505, 1, 259, 212, -1, 268, 305, 19.9, 22, MSpaaaapp, -195, 27828, 12912, 464, , 27828, 25000, 28530, 28264, 0, 
506, 1, 516, 499, -1, 344, 318, 11.6, 25, MSpppapp, 84, 27583, 22949, 832, , 27583, 25000, 29376, 29404, 0, 
507, 1, 421, 373, -1, 385, 215, 11.9, 23, MSaapappp, 214, 30742, 15248, 496, , 30742, 25000, 29779, 29527, 0, 
508, 1, 331, 376, -1, 190, 223, 19.7, 25, MSapaaap, 114, 28997, 22154, 764, , 28997, 25000, 27919, 27934, 0, 
509, 1, 478, 457, -1, 140, 290, 17.4, 24, ABalapppaap, 195, 26326, 18428, 700, , 26326, 25000, 28108, 28205, 0, 
510, 1, 503, 235, -1, 291, 249, 19.9, 21, MSaaapapa, 145, 25830, 8989, 348, , 25830, 25000, 27942, 27704, 0, 
511, 1, 504, 510, -1, 202, 180, 22.0, 22, ABalpppappp, 208, 26831, 10303, 384, , 26831, 25000, 27592, 27823, 0, 
512, 0, 223, -1, -1, 244, 132, 10.1, 22, , 138, 350, 12770, 464, , 27522, 25000, 27372, 27172, 0, 
513, 1, 509, 520, -1, 156, 175, 13.0, 21, ABalppaaapa, 157, 27435, 10535, 384, , 27435, 25000, 27503, 27506, 0, 
514, 0, 505, -1, -1, 534, 181, 12.0, 22, , 918, -184, 10848, 384, , 28250, 25000, 28297, 28434, 0, 
515, 1, 510, 467, -1, 376, 288, 6.9, 22, ABprpapapap, 243, 29862, 13856, 464, , 29862, 25000, 31762, 32346, 0, 
516, 1, 496, 521, -1, 314, 273, 10.4, 22, MSpapaaaa, 584, 33526, 19177, 572, , 33526, 25000, 30101, 29674, 0, 
517, 1, 511, 527, -1, 398, 291, 6.7, 22, ABprpapappa, 137, 30634, 16052, 524, , 30634, 25000, 32054, 31542, 0, 
518, 1, 507, 227, -1, 219, 192, 12.8, 25, MSapaaaa, 151, 28193, 19848, 704, , 28193, 25000, 28065, 28030, 0, 
519, 1, 508, 524, -1, 258, 125, 16.5, 24, ABplpaapppa, 230, 27620, 21212, 768, , 27620, 25000, 27956, 28364, 0, 
520, 1, 118, 525, -1, 159, 307, 13.0, 22, ABalaappppa, 117, 28305, 10869, 384, , 28305, 25000, 27671, 27553, 0, 
521, 1, 151, 492, -1, 544, 263, 7.9, 22, ABprapppapp, 55, 28386, 13171, 464, , 28386, 25000, 29904, 29575, 0, 
522, 1, 500, 515, -1, 188, 358, 20.2, 23, ABalapppppp, 96, 27976, 15107, 540, , 27976, 25000, 27876, 28112, 0, 
523, 1, 513, 543, -1, 176, 326, 16.7, 22, ABalappppap, 85, 27454, 14386, 524, , 27454, 25000, 27366, 27545, 0, 
524, 1, 514, 378, -1, 332, 216, 15.6, 22, MSaapaapa, 156, 31533, 18037, 572, , 31533, 25000, 30535, 30583, 0, 
525, 1, 464, 202, -1, 499, 344, 12.6, 28, Cppaap, 242, 26767, 26446, 988, , 26767, 25000, 28710, 28735, 0, 
526, 1, 515, 530, -1, 320, 234, 24.0, 24, MSappppa, 141, 26500, 16112, 608, , 26500, 25000, 27578, 27563, 0, 
527, 1, 517, 531, -1, 375, 122, 21.0, 24, ABplaapppp, 836, 28449, 17297, 608, , 28449, 25000, 28610, 28601, 0, 
528, 1, 518, 532, -1, 247, 174, 23.7, 26, ABplaapappp, 157, 26811, 22950, 856, , 26811, 25000, 29007, 29208, 0, 
529, 1, 519, 533, -1, 225, 240, 22.0, 24, MSaaapaaa, 218, 26628, 16190, 608, , 26628, 25000, 27645, 27618, 0, 
530, 1, 520, 534, -1, 225, 284, 15.0, 23, ABaraaapapa, 120, 28607, 14647, 512, , 28607, 25000, 28065, 27868, 0, 
531, 1, 521, 535, -1, 368, 223, 17.0, 23, MSaapaapp, 158, 33316, 17058, 512, , 33316, 25000, 30773, 31004, 0, 
532, 1, 522, 536, -1, 229, 307, 19.0, 24, MSpaaaapa, -97, 28242, 17171, 608, , 28242, 25000, 27841, 27993, 0, 
533, 1, 523, 537, -1, 363, 198, 23.0, 24, Daaap, 327, 28336, 17228, 608, , 28336, 25000, 29257, 29111, 0, 
534, 1, 488, 469, -1, 366, 292, 18.55, 35, Earaa, -106, 28634, 54748, 1912, , 28634, 25000, 29445, 29550, 0, 
535, 1, 524, 538, -1, 344, 382, 10.0, 26, ABpraapppa, 348, 29901, 25476, 852, , 29901, 25000, 27850, 27963, 0, 
536, 1, 525, 539, -1, 352, 211, 7.0, 25, ABplpappaap, 179, 30008, 22926, 764, , 30008, 25000, 31260, 31233, 0, 
537, 1, 526, 8, -1, 250, 262, 11.0, 23, ABarapapaaa, -82, 27754, 14210, 512, , 27754, 25000, 28238, 28587, 0, 
538, 1, 527, 541, -1, 133, 255, 19.0, 22, ABalappaap, 331, 26253, 10081, 384, , 26253, 25000, 27785, 27468, 0, 
539, 1, 528, 542, -1, 173, 315, 9.0, 20, ABalaappapa, 0, 27386, 8654, 316, , 27386, 25000, 29181, 29307, 0, 
540, 1, 529, 161, -1, 150, 225, 19.0, 22, ABalapappaa, 642, 26122, 10031, 384, , 26122, 25000, 27485, 27479, 0, 
541, 1, 530, 544, -1, 158, 295, 19.0, 23, ABalapppapa, 187, 26053, 13339, 512, , 26053, 25000, 27735, 27858, 0, 
542, 1, 531, 545, -1, 175, 346, 19.0, 22, ABalapppppa, 0, 27750, 10656, 384, , 27750, 25000, 27621, 27548, 0, 
543, 1, 533, 546, -1, 150, 347, 16.0, 22, ABalappappp, 0, 28503, 10945, 384, , 28503, 25000, 27307, 27187, 0, 
544, 1, 534, 547, -1, 157, 306, 17.0, 23, ABalappppaa, 187, 27371, 14014, 512, , 27371, 25000, 27490, 28036, 0, 
545, 1, 535, 548, -1, 151, 259, 23.0, 22, ABalapapapa, -370, 28440, 10921, 384, , 28440, 25000, 28771, 28888, 0, 
546, 1, 536, 549, -1, 199, 156, 12.0, 21, ABalppaaapp, 0, 27708, 10640, 384, , 27708, 25000, 28310, 28236, 0, 
