1, 1, 141, 54, -1, 354, 122, 17.2, 26, ABplapaapa, 2, 26470, 21070, 796, , 26470, 25000, 28424, 28463, 0, 
2, 1, 124, 62, -1, 246, 174, 22.3, 27, ABplaapapap, -24, 28272, 26123, 924, , 28272, 25000, 28847, 28809, 0, 
3, 1, 277, 277, -1, 276, 377, 10.0, 23, ABpraappaa, 211, 27633, 14148, 512, , 27633, 25000, 28322, 28484, 0, 
4, 1, 172, 227, -1, 199, 232, 15.9, 23, ABalpaapaap, 227, 27337, 13559, 496, , 27337, 25000, 28315, 28349, 0, 
5, 1, 99, 497, -1, 189, 169, 16.6, 25, ABalapaapa, 181, 27338, 22745, 832, , 27338, 25000, 28077, 28117, 0, 
6, 1, 278, 377, -1, 187, 348, 10.6, 25, ABpraaaaap, 248, 27507, 22886, 832, , 27507, 25000, 28261, 28288, 0, 
7, 1, 315, 455, -1, 150, 213, 9.7, 23, ABalpaapppa, 204, 27780, 16446, 592, , 27780, 25000, 28111, 28030, 0, 
8, 1, 70, 158, -1, 281, 219, 18.8, 26, ABaraapapaa, 434, 27155, 21615, 796, , 27155, 25000, 27900, 28160, 0, 
9, 1, 75, 361, -1, 365, 262, 7.3, 25, ABprpapppaa, 228, 29800, 22767, 764, , 29800, 25000, 32596, 32548, 0, 
10, 1, 110, 106, -1, 487, 382, 12.9, 26, ABprappaap, -290, 28088, 22470, 800, , 28088, 25000, 27825, 27844, 0, 
11, 1, 208, 96, -1, 452, 123, 20.2, 28, ABplappaap, 259, 27744, 29187, 1052, , 27744, 25000, 27759, 27822, 0, 
12, 1, 359, 266, -1, 412, 316, 25.7, 33, Caaaaa, 328, 27604, 47920, 1736, , 27604, 25000, 28745, 28747, 0, 
13, 1, 307, 306, -1, 345, 350, 12.0, 23, Dpapa, 233, 27715, 14190, 512, , 27715, 25000, 28824, 28955, 0, 
14, 1, 238, 386, -1, 348, 282, 5.7, 23, ABprpapapaa, 210, 37177, 22009, 592, , 37177, 25000, 35272, 35735, 0, 
15, 1, 471, 425, -1, 277, 242, 21.5, 24, MSaaapaap, 240, 27160, 20859, 768, , 27160, 25000, 28303, 28474, 0, 
16, 1, 336, 404, -1, 295, 180, 25.5, 30, ABplaaappp, 263, 27253, 33576, 1232, , 27253, 25000, 28765, 28694, 0, 
17, 1, 206, 111, -1, 192, 170, 9.4, 24, ABalppapaaa, 489, 26223, 18356, 700, , 26223, 25000, 28261, 28370, 0, 
18, 1, 316, 65, -1, 255, 365, 18.0, 26, ABpraapappp, 214, 27279, 23242, 852, , 27279, 25000, 28821, 28765, 0, 
19, 1, 365, 273, -1, 470, 141, 9.4, 23, ABplpppaaap, 213, 27277, 17457, 640, , 27277, 25000, 28362, 28296, 0, 
20, 0, 394, -1, -1, 215, 155, 22.0, 24, , 156, 336, 17604, 608, , 28954, 25000, 28447, 28618, 0, 
21, 1, 450, 502, -1, 299, 331, 21.4, 25, MSpppppa, 205, 28550, 23754, 832, , 28550, 25000, 28638, 28812, 0, 
22, 0, 95, -1, -1, 342, 373, 7.7, 24, , 98, 1004, 22835, 704, , 32436, 25000, 31432, 31432, 0, 
23, 1, 272, 482, -1, 224, 176, 18.4, 24, ABalpppppaa, -4, 28063, 19644, 700, , 28063, 25000, 27280, 27407, 0, 
24, 1, 72, 274, -1, 365, 179, 26.2, 28, ABarppapaa, 277, 28848, 30348, 1052, , 28848, 25000, 29319, 29279, 0, 
25, 1, 175, 252, -1, 486, 157, 12.6, 27, Capapp, -119, 27352, 27024, 988, , 27352, 25000, 28260, 28201, 0, 
26, 1, 296, 410, -1, 445, 224, 13.2, 31, Z3, 305, 26980, 39498, 1464, , 26980, 25000, 28884, 28930, 0, 
27, 1, 20, 60, -1, 242, 236, 7.7, 27, ABarapaaap, 270, 30328, 28023, 924, , 30328, 25000, 30599, 30501, 0, 
28, 1, 214, 91, -1, 310, 275, 13.1, 27, ABaraapppp, 254, 28865, 26209, 908, , 28865, 25000, 29012, 28847, 0, 
29, 1, 127, 23, -1, 228, 197, 23.4, 25, ABplaapappa, -156, 31731, 26400, 832, , 31731, 25000, 28633, 28955, 0, 
30, 1, 343, 373, -1, 408, 335, 10.8, 30, MSpapppa, 300, 27336, 36083, 1320, , 27336, 25000, 28771, 28927, 0, 
31, 1, 102, 77, -1, 221, 288, 16.3, 25, ABaraappapa, 215, 27459, 20979, 764, , 27459, 25000, 28342, 28571, 0, 
32, 1, 362, 259, -1, 488, 357, 23.8, 34, Caaaap, 340, 28983, 55415, 1912, , 28983, 25000, 28196, 28215, 0, 
33, 1, 456, 224, -1, 369, 311, 5.1, 24, ABarappappa, 222, 40071, 24203, 604, , 40071, 25000, 35924, 36305, 0, 
34, 1, 7, 311, -1, 209, 142, 16.0, 23, ABalpppapav, 208, 27627, 14145, 512, , 27627, 25000, 27293, 27160, 0, 
35, 1, 476, 442, -1, 451, 322, 10.3, 26, MSpapppp, 253, 28063, 24022, 856, , 28063, 25000, 28396, 28479, 0, 
36, 1, 146, 191, -1, 219, 169, 11.8, 24, ABalppappap, 281, 26814, 17590, 656, , 26814, 25000, 27578, 27629, 0, 
37, 0, 218, -1, -1, 368, 126, 19.8, 25, , 201, 347, 20079, 704, , 28521, 25000, 28192, 28174, 0, 
38, 1, 264, 494, -1, 276, 160, 19.6, 25, ABplpaappaa, 204, 27897, 23210, 832, , 27897, 25000, 28601, 28689, 0, 
39, 1, 262, 112, -1, 170, 341, 13.9, 25, ABpraaapapa, 228, 27317, 18794, 688, , 27317, 25000, 28444, 28414, 0, 
40, 0, 412, -1, -1, 190, 284, 25.6, 23, , 198, -1080, 17565, 640, , 27445, 25000, 28401, 28525, 0, 
41, 1, 24, 39, -1, 280, 269, 10.6, 26, ABarapappa, -212, 27756, 23093, 832, , 27756, 25000, 27506, 27455, 0, 
42, 1, 60, 247, -1, 273, 117, 17.7, 28, ABplaappaa, -150, 28368, 30184, 1064, , 28368, 25000, 27693, 27805, 0, 
43, 1, 144, 289, -1, 254, 315, 9.8, 23, ABprpaaaaap, 208, 27689, 14952, 540, , 27689, 25000, 27520, 27696, 0, 
44, 1, 287, 97, -1, 320, 205, 7.9, 26, ABalpappapp, 244, 28431, 22745, 800, , 28431, 25000, 30837, 31044, 0, 
45, 1, 6, 38, -1, 215, 255, 6.2, 24, ABarappaaaa, 181, 32692, 21446, 656, , 32692, 25000, 35071, 35110, 0, 
46, 1, 367, 195, -1, 144, 214, 23.7, 24, ABplaapaaap, 217, 28249, 19887, 704, , 28249, 25000, 28421, 28593, 0, 
47, 1, 328, 30, -1, 268, 247, 9.8, 24, ABarapapaap, 33, 27242, 17871, 656, , 27242, 25000, 28425, 28426, 0, 
48, 1, 297, 488, -1, 294, 176, 13.6, 24, MSapapap, 212, 29166, 20416, 700, , 29166, 25000, 28907, 29022, 0, 
49, 1, 39, 120, -1, 204, 135, 20.0, 24, ABplpaapapa, 78, 27809, 16908, 608, , 27809, 25000, 27504, 27517, 0, 
50, 1, 9, 47, -1, 231, 274, 12.4, 27, ABarapaapa, -74, 27227, 26900, 988, , 27227, 25000, 28243, 28496, 0, 
51, 1, 188, 85, -1, 427, 167, 7.5, 24, ABplppaappp, 181, 28322, 21751, 768, , 28322, 25000, 29669, 29743, 0, 
52, 1, 55, 338, -1, 393, 173, 7.4, 24, ABplppaappa, 195, 28964, 20275, 700, , 28964, 25000, 29850, 29918, 0, 
53, 1, 366, 229, -1, 255, 171, 19.5, 25, ABalpppppap, 202, 28380, 21796, 768, , 28380, 25000, 28452, 28492, 0, 
54, 1, 216, 109, -1, 178, 269, 16.6, 24, ABaraappaaa, 406, 27110, 18977, 700, , 27110, 25000, 27884, 28044, 0, 
55, 1, 284, 358, -1, 159, 359, 16.8, 24, ABpraapaapa, -17, 28355, 18601, 656, , 28355, 25000, 27430, 27330, 0, 
56, 0, 210, -1, -1, 165, 255, 21.0, 27, , 128, -655, 28467, 1032, , 27584, 25000, 28127, 28239, 0, 
57, 1, 255, 471, -1, 227, 215, 11.2, 23, ABalpaaaaap, 201, 28950, 15633, 540, , 28950, 25000, 28733, 29389, 0, 
58, 1, 112, 103, -1, 431, 290, 9.9, 30, Z2, 308, 27369, 37112, 1356, , 27369, 25000, 28793, 28829, 0, 
59, 1, 482, 441, -1, 338, 163, 17.7, 24, Daapa, 196, 29507, 20773, 704, , 29507, 25000, 29385, 29309, 0, 
60, 1, 250, 300, -1, 420, 133, 13.9, 24, ABplppapapa, 184, 26510, 16012, 604, , 26510, 25000, 27937, 27881, 0, 
61, 1, 14, 89, -1, 234, 151, 18.5, 24, ABplpaapaap, 243, 27395, 21039, 768, , 27395, 25000, 27878, 27947, 0, 
62, 1, 115, 140, -1, 230, 208, 14.8, 27, ABalpaaapa, 193, 27472, 23846, 868, , 27472, 25000, 28023, 28036, 0, 
63, 1, 245, 48, -1, 128, 226, 16.4, 27, ABalaaapar, -187, 27231, 26904, 988, , 27231, 25000, 27118, 27157, 0, 
64, 1, 253, 299, -1, 420, 270, 6.5, 23, ABprpapappp, 190, 30316, 19160, 632, , 30316, 25000, 32529, 32484, 0, 
65, 1, 271, 80, -1, 405, 141, 12.3, 24, ABplppapaap, 200, 28278, 19908, 704, , 28278, 25000, 28298, 28460, 0, 
66, 1, 415, 199, -1, 352, 229, 20.1, 26, MSaaappp, 252, 27949, 22359, 800, , 27949, 25000, 28669, 28668, 0, 
67, 1, 295, 369, -1, 329, 341, 8.8, 24, ABprppaaaap, 198, 27916, 18313, 656, , 27916, 25000, 28913, 29046, 0, 
68, 1, 371, 353, -1, 478, 191, 9.9, 24, ABplpppppap, 227, 27507, 16614, 604, , 27507, 25000, 28264, 28273, 0, 
69, 1, 373, 521, -1, 386, 215, 12.2, 24, MSaapappp, 207, 31934, 20949, 656, , 31934, 25000, 30027, 29395, 0, 
70, 1, 160, 13, -1, 336, 181, 21.8, 26, ABplapaaapa, 267, 30263, 24089, 796, , 30263, 25000, 29198, 29097, 0, 
71, 1, 382, 449, -1, 388, 156, 9.8, 24, ABplppappaa, 184, 26637, 17474, 656, , 26637, 25000, 27767, 27792, 0, 
72, 1, 304, 515, -1, 423, 193, 22.8, 25, Dapap, 227, 28433, 20017, 704, , 28433, 25000, 27961, 27983, 0, 
73, 1, 345, 149, -1, 484, 155, 24.8, 28, ABarppappa, 280, 27346, 28768, 1052, , 27346, 25000, 28147, 28128, 0, 
74, 1, 44, 390, -1, 274, 207, 12.8, 27, ABalpapppa, 512, 27393, 23777, 868, , 27393, 25000, 27916, 27829, 0, 
75, 1, 395, 118, -1, 403, 123, 19.9, 28, ABplapaapp, -198, 27525, 29947, 1088, , 27525, 25000, 27840, 27857, 0, 
76, 1, 505, 88, -1, 577, 192, 10.1, 23, Caappv, 219, 27300, 13541, 496, , 27300, 25000, 28204, 27993, 0, 
77, 1, 84, 98, -1, 500, 275, 25.5, 32, Cpaapa, 315, 28855, 41320, 1432, , 28855, 25000, 28756, 28758, 0, 
78, 1, 429, 28, -1, 423, 131, 18.1, 27, ABplappaaa, 149, 27553, 25018, 908, , 27553, 25000, 28141, 28346, 0, 
79, 1, 219, 343, -1, 140, 340, 18.7, 24, ABpraapaaap, 210, 27506, 19364, 704, , 27506, 25000, 27553, 27612, 0, 
80, 1, 368, 378, -1, 402, 285, 18.5, 31, Earap, 292, 27421, 33783, 1232, , 27421, 25000, 28945, 29063, 0, 
81, 1, 435, 70, -1, 232, 283, 7.7, 24, ABarappppap, 224, 27838, 19598, 704, , 27838, 25000, 30592, 30039, 0, 
82, 1, 229, 220, -1, 384, 388, 12.2, 28, ABpraapppp, 212, 27588, 29023, 1052, , 27588, 25000, 28955, 29047, 0, 
83, 1, 402, 189, -1, 433, 169, 18.5, 31, Capaaa, 249, 26938, 33187, 1232, , 26938, 25000, 28169, 28199, 0, 
84, 0, 27, -1, -1, 84, 262, 16.0, 26, , 134, 4244, 26489, 852, , 31090, 25000, 26846, 26846, 0, 
85, 1, 36, 456, -1, 361, 318, 8.1, 28, ABprppaapa, 137, 28041, 30509, 1088, , 28041, 25000, 30050, 29646, 0, 
86, 0, 384, -1, -1, 520, 237, 7.0, 23, , 193, -285, 16005, 512, , 31260, 25000, 31906, 31545, 0, 
87, 1, 107, 245, -1, 248, 208, 12.0, 24, ABalpappaap, -176, 27317, 16609, 608, , 27317, 25000, 28210, 28335, 0, 
88, 1, 190, 312, -1, 333, 153, 11.9, 24, ABplppaapaa, 205, 27055, 16341, 604, , 27055, 25000, 27810, 27872, 0, 
89, 1, 180, 82, -1, 242, 239, 19.9, 27, ABaraapaapp, 259, 28107, 25521, 908, , 28107, 25000, 28488, 28522, 0, 
90, 1, 281, 69, -1, 376, 350, 6.1, 24, ABprpaaaapp, 206, 34348, 20746, 604, , 34348, 25000, 34262, 34534, 0, 
91, 1, 430, 284, -1, 349, 329, 13.8, 27, MSpppaaa, 267, 28694, 24906, 868, , 28694, 25000, 28930, 29025, 0, 
92, 1, 187, 86, -1, 271, 151, 23.2, 29, ABalppppppp, 85, 28654, 31863, 1112, , 28654, 25000, 28850, 28782, 0, 
93, 1, 458, 114, -1, 199, 225, 13.0, 26, ABaraaaaaa, 290, 26412, 22503, 852, , 26412, 25000, 28141, 28446, 0, 
94, 1, 463, 196, -1, 225, 158, 8.5, 23, ABalppapaap, 217, 29892, 18892, 632, , 29892, 25000, 28447, 28559, 0, 
95, 1, 83, 258, -1, 507, 348, 17.4, 32, Cppapa, 281, 27274, 40475, 1484, , 27274, 25000, 28392, 28439, 0, 
96, 1, 136, 133, -1, 442, 195, 7.1, 24, ABplppppaaa, 206, 28379, 17141, 604, , 28379, 25000, 30978, 31136, 0, 
97, 1, 89, 131, -1, 504, 145, 9.2, 24, ABplpppaapa, 183, 27512, 18048, 656, , 27512, 25000, 28113, 28165, 0, 
98, 1, 349, 270, -1, 170, 170, 22.0, 23, ABalppppapp, 201, 28057, 14365, 512, , 28057, 25000, 28512, 28516, 0, 
99, 1, 153, 135, -1, 355, 392, 11.5, 26, ABprapaapa, 125, 27605, 24734, 896, , 27605, 25000, 28133, 28204, 0, 
100, 1, 139, 233, -1, 375, 272, 11.5, 25, MSpapapa, 155, 44389, 34091, 768, , 44389, 25000, 32207, 32077, 0, 
101, 1, 108, 144, -1, 252, 191, 26.4, 30, ABplaaappa, 94, 30497, 35255, 1156, , 30497, 25000, 29226, 29413, 0, 
102, 1, 140, 123, -1, 551, 334, 9.0, 26, ABprapappa, 14, 27513, 23441, 852, , 27513, 25000, 28065, 28000, 0, 
103, 1, 128, 154, -1, 232, 238, 12.8, 23, ABalpappaaa, 114, 27157, 14665, 540, , 27157, 25000, 28474, 28408, 0, 
104, 1, 147, 148, -1, 542, 356, 11.2, 26, ABprapapap, 237, 27672, 22027, 796, , 27672, 25000, 27901, 27868, 0, 
105, 1, 104, 291, -1, 501, 279, 19.4, 32, Eprap, 276, 28305, 42005, 1484, , 28305, 25000, 28589, 28620, 0, 
106, 1, 68, 169, -1, 226, 200, 9.1, 26, ABalpaaaap, 241, 27055, 21644, 800, , 27055, 25000, 27728, 27705, 0, 
107, 1, 157, 168, -1, 275, 192, 17.4, 26, MSapapaa, -24, 27792, 23123, 832, , 27792, 25000, 28844, 29000, 0, 
108, 1, 383, 421, 424, 229, 210, 5.9, 27, ABalpapaap, 110, 36726, 33347, 908, , 36726, 25000, 37298, 37798, 0, 
109, 1, 114, 335, -1, 426, 403, 18.5, 28, ABarppppap, 253, 27615, 29824, 1080, , 27615, 25000, 27600, 27610, 0, 
110, 0, 483, -1, -1, 203, 292, 20.2, 23, , 200, 522, 15811, 540, , 29280, 25000, 28761, 28758, 0, 
111, 1, 508, 53, -1, 323, 320, 6.6, 23, ABprpapaapp, 187, 28434, 18198, 640, , 28434, 25000, 32863, 32939, 0, 
112, 1, 326, 142, -1, 373, 255, 4.6, 26, ABprpappapa, 481, 35059, 29169, 832, , 35059, 25000, 36175, 36168, 0, 
113, 1, 201, 33, -1, 348, 155, 9.4, 24, ABalpapappa, 195, 28040, 19628, 700, , 28040, 25000, 28308, 28515, 0, 
114, 1, 193, 304, -1, 252, 180, 6.5, 24, ABalpapaaap, 223, 34570, 26550, 768, , 34570, 25000, 37389, 38162, 0, 
115, 1, 240, 67, -1, 472, 114, 17.2, 27, ABplappapp, 86, 28290, 24556, 868, , 28290, 25000, 27858, 27917, 0, 
116, 0, 174, -1, -1, 351, 223, 17.1, 23, , 196, -3244, 14160, 496, , 28548, 25000, 31563, 31792, 0, 
117, 1, 117, 188, -1, 166, 241, 25.6, 29, ABplaaaaaa, 206, 28303, 32718, 1156, , 28303, 25000, 28735, 28903, 0, 
118, 1, 176, 6, -1, 431, 288, 20.4, 32, Epraa, 287, 27970, 41507, 1484, , 27970, 25000, 28813, 28933, 0, 
119, 1, 59, 61, -1, 127, 310, 18.7, 26, ABpraapaaaa, 126, 27298, 23367, 856, , 27298, 25000, 27054, 27113, 0, 
120, 1, 329, 152, -1, 245, 169, 10.1, 23, ABalppapppa, 217, 26593, 13190, 496, , 26593, 25000, 28374, 28444, 0, 
121, 1, 149, 8, -1, 333, 211, 5.4, 24, ABplpappaaa, 190, 35449, 24814, 700, , 35449, 25000, 34908, 34950, 0, 
122, 1, 512, 457, -1, 460, 203, 15.3, 23, MSappaap, 210, 26664, 15785, 592, , 26664, 25000, 28375, 28218, 0, 
123, 1, 183, 12, -1, 500, 175, 21.6, 30, Capapa, 296, 27067, 31289, 1156, , 27067, 25000, 28246, 28324, 0, 
124, 1, 69, 73, -1, 124, 246, 21.0, 26, ABplaapaaaa, 2, 27692, 23594, 852, , 27692, 25000, 27530, 27441, 0, 
125, 1, 436, 443, -1, 256, 157, 13.6, 24, ABplpaaappa, 26, 27744, 19421, 700, , 27744, 25000, 28355, 28376, 0, 
126, 1, 125, 197, -1, 163, 336, 11.4, 23, ABalaappppp, 199, 28047, 17950, 640, , 28047, 25000, 28050, 28204, 0, 
127, 1, 33, 180, -1, 390, 226, 6.2, 23, ABprpappapp, 79, 32509, 17555, 540, , 32509, 25000, 34628, 34812, 0, 
128, 1, 377, 261, -1, 302, 289, 22.8, 24, MSpaaapaa, 172, 27756, 18208, 656, , 27756, 25000, 28315, 28299, 0, 
129, 1, 129, 368, -1, 588, 273, 11.1, 24, ABprapapppp, 204, 26447, 15974, 604, , 26447, 25000, 27529, 27470, 0, 
130, 1, 106, 208, -1, 202, 230, 8.3, 24, ABarapaaaaa, 435, 28933, 20369, 704, , 28933, 25000, 28760, 28935, 0, 
131, 1, 86, 173, -1, 537, 139, 14.0, 26, ABplapppaa, 208, 27175, 23153, 852, , 27175, 25000, 27933, 27962, 0, 
132, 1, 156, 163, -1, 371, 143, 12.1, 24, ABplppaapap, -121, 26846, 16215, 604, , 26846, 25000, 27759, 27757, 0, 
133, 1, 318, 101, -1, 308, 360, 18.4, 25, ABprapaaaaa, 129, 27168, 22604, 832, , 27168, 25000, 28369, 28583, 0, 
134, 1, 131, 210, -1, 265, 150, 10.1, 24, ABalppapppp, 156, 28579, 17262, 604, , 28579, 25000, 28598, 28726, 0, 
135, 1, 118, 124, -1, 555, 313, 11.1, 26, ABprapppaa, -139, 27531, 22025, 800, , 27531, 25000, 28487, 28570, 0, 
136, 1, 432, 363, -1, 552, 305, 7.3, 25, ABprappppa, 59, 29486, 22527, 764, , 29486, 25000, 31698, 31596, 0, 
137, 1, 370, 21, -1, 290, 248, 4.9, 23, ABarappaapp, 162, 35897, 17805, 496, , 35897, 25000, 37601, 37493, 0, 
138, 1, 422, 348, -1, 519, 166, 19.0, 26, Cappapa, 123, 27614, 23527, 852, , 27614, 25000, 28498, 28515, 0, 
139, 1, 426, 450, -1, 419, 219, 7.1, 24, ABplpapppaa, 160, 30017, 18130, 604, , 30017, 25000, 31290, 31490, 0, 
140, 1, 521, 434, -1, 314, 265, 10.1, 22, MSpapaaaa, 649, 34554, 16033, 464, , 34554, 25000, 30359, 30277, 0, 
141, 1, 181, 510, -1, 476, 219, 7.3, 24, ABplpappppp, 246, 30500, 21472, 704, , 30500, 25000, 30509, 30455, 0, 
142, 1, 308, 337, -1, 253, 247, 24.4, 27, MSapappp, 236, 27841, 27507, 988, , 27841, 25000, 28428, 28507, 0, 
143, 1, 498, 467, -1, 228, 239, 16.4, 24, ABalpaapapa, 192, 27731, 19412, 700, , 27731, 25000, 28034, 28156, 0, 
144, 1, 232, 518, -1, 365, 160, 9.3, 23, ABalpapappp, 178, 27490, 16274, 592, , 27490, 25000, 28353, 28485, 0, 
145, 1, 237, 132, -1, 415, 392, 12.4, 26, ABprapaapp, 187, 27828, 23153, 832, , 27828, 25000, 27605, 27503, 0, 
146, 1, 244, 76, -1, 268, 204, 7.3, 24, ABalpappapa, 241, 29776, 20962, 704, , 29776, 25000, 31662, 31975, 0, 
147, 1, 413, 412, -1, 556, 184, 9.4, 24, ABplppppppp, 233, 28707, 20095, 700, , 28707, 25000, 27731, 27703, 0, 
148, 1, 474, 439, -1, 443, 230, 7.0, 24, ABplpappppa, 217, 30202, 18363, 608, , 30202, 25000, 30902, 31066, 0, 
149, 1, 440, 64, -1, 300, 397, 19.2, 28, ABarpapppp, 242, 27317, 28737, 1052, , 27317, 25000, 27461, 27473, 0, 
150, 1, 192, 463, -1, 551, 284, 9.8, 24, ABprapppapa, 197, 29399, 19286, 656, , 29399, 25000, 28358, 28485, 0, 
151, 1, 159, 7, -1, 159, 273, 24.8, 28, ABarpaaaap, 288, 27945, 29398, 1052, , 27945, 25000, 28586, 28753, 0, 
152, 1, 256, 389, -1, 463, 294, 5.2, 24, ABprpppaaaa, 222, 37445, 24564, 656, , 37445, 25000, 35318, 35004, 0, 
153, 1, 247, 130, -1, 452, 176, 11.7, 25, MSpappaa, 206, 28203, 21547, 764, , 28203, 25000, 28997, 28966, 0, 
154, 1, 162, 415, -1, 219, 179, 15.8, 24, ABplpaapaaa, 227, 25869, 16970, 656, , 25869, 25000, 27779, 27908, 0, 
155, 1, 233, 146, -1, 280, 152, 14.7, 26, ABplpaaappp, 207, 27270, 23343, 856, , 27270, 25000, 28248, 28877, 0, 
156, 1, 230, 100, -1, 511, 207, 24.8, 29, Cappaap, 247, 26769, 29767, 1112, , 26769, 25000, 28235, 28235, 0, 
157, 1, 11, 212, -1, 172, 231, 8.1, 27, ABaraaappa, 232, 27947, 25376, 908, , 27947, 25000, 29863, 30214, 0, 
158, 1, 71, 162, -1, 351, 153, 22.2, 26, ABplapaaapp, -72, 28871, 22981, 796, , 28871, 25000, 28699, 28704, 0, 
159, 1, 291, 388, -1, 566, 341, 17.5, 29, ABprapapaa, 266, 27597, 29805, 1080, , 27597, 25000, 27745, 27757, 0, 
160, 1, 496, 87, -1, 294, 236, 25.6, 26, ABarppaaaa, 205, 27173, 22608, 832, , 27173, 25000, 28783, 28899, 0, 
161, 1, 105, 223, -1, 258, 342, 13.6, 23, ABpraaappap, 117, 26945, 17245, 640, , 26945, 25000, 28394, 28690, 0, 
162, 1, 130, 24, -1, 190, 176, 12.3, 23, ABalppappaa, 199, 28348, 16782, 592, , 28348, 25000, 28917, 28949, 0, 
163, 1, 34, 35, -1, 199, 193, 26.6, 26, ABplaaapaa, 68, 31666, 26346, 832, , 31666, 25000, 30242, 30336, 0, 
164, 1, 321, 74, -1, 255, 215, 15.6, 24, ABalpaaappa, 136, 28887, 20221, 700, , 28887, 25000, 28190, 27971, 0, 
165, 1, 122, 419, -1, 313, 374, 21.4, 29, ABprapaaaap, 275, 27553, 31851, 1156, , 27553, 25000, 27901, 28141, 0, 
166, 1, 49, 41, -1, 346, 278, 25.4, 30, ABarppaapa, 280, 28599, 33060, 1156, , 28599, 25000, 28664, 28677, 0, 
167, 1, 529, 436, -1, 299, 291, 14.8, 22, ABaraapppap, 165, 27613, 13696, 496, , 27613, 25000, 28236, 28117, 0, 
168, 1, 61, 381, -1, 277, 356, 12.7, 24, ABprpaappaa, 217, 27158, 19119, 704, , 27158, 25000, 28496, 28557, 0, 
169, 1, 381, 102, -1, 408, 224, 24.7, 28, Dappa, 273, 28670, 30505, 1064, , 28670, 25000, 28368, 28379, 0, 
170, 1, 357, 376, -1, 237, 162, 15.7, 23, ABplpaaaaap, 212, 28527, 16888, 592, , 28527, 25000, 28112, 28305, 0, 
171, 1, 386, 407, -1, 233, 226, 23.9, 27, MSapappa, 71, 27622, 25081, 908, , 27622, 25000, 29050, 29070, 0, 
172, 1, 25, 164, -1, 517, 115, 13.4, 26, ABplapappa, -145, 26984, 22451, 832, , 26984, 25000, 27544, 27436, 0, 
173, 1, 54, 276, -1, 483, 222, 10.1, 24, ABprpappppp, 213, 28106, 16976, 604, , 28106, 25000, 28852, 28803, 0, 
174, 0, 425, -1, -1, 147, 274, 19.5, 23, , 185, 95, 17914, 632, , 28345, 25000, 28047, 28250, 0, 
175, 1, 224, 357, -1, 197, 299, 9.1, 24, ABarappppaa, 196, 28000, 16912, 604, , 28000, 25000, 28668, 28721, 0, 
176, 0, 420, -1, -1, 226, 136, 10.6, 25, , 219, 578, 23264, 832, , 27962, 25000, 27355, 27384, 0, 
177, 1, 424, 401, -1, 139, 188, 22.2, 23, ABalapaaapp, 210, 27072, 14619, 540, , 27072, 25000, 27550, 27371, 0, 
178, 1, 265, 290, 316, 148, 253, 11.4, 31, ABalaaaarr, 318, 27087, 36080, 1332, , 27087, 25000, 28086, 28185, 0, 
179, 1, 138, 4, -1, 449, 387, 12.4, 26, ABprappaaa, 246, 28965, 24099, 832, , 28965, 25000, 27362, 27366, 0, 
180, 1, 338, 222, -1, 479, 184, 15.2, 24, ABplpppppaa, 247, 28537, 18720, 656, , 28537, 25000, 28109, 28142, 0, 
181, 1, 56, 349, -1, 385, 198, 7.6, 23, ABplpapappa, 15, 30223, 19343, 640, , 30223, 25000, 30289, 30440, 0, 
182, 1, 468, 332, -1, 313, 254, 21.9, 27, MSaaaappa, 174, 27120, 24625, 908, , 27120, 25000, 28267, 28139, 0, 
183, 1, 327, 237, -1, 276, 318, 13.7, 27, MSppapaa, 196, 27227, 25158, 924, , 27227, 25000, 28225, 28477, 0, 
184, 1, 78, 50, -1, 295, 212, 15.3, 24, ABaraapappa, 199, 29364, 20672, 704, , 29364, 25000, 28624, 28586, 0, 
185, 1, 477, 95, -1, 510, 251, 5.2, 23, ABprpppapaa, 185, 38065, 20555, 540, , 38065, 25000, 37639, 37860, 0, 
186, 1, 398, 204, -1, 314, 237, 13.8, 24, ABaraapappp, 202, 30227, 19829, 656, , 30227, 25000, 28114, 28126, 0, 
187, 1, 361, 478, -1, 193, 201, 8.0, 23, ABalpaappap, 158, 28891, 14792, 512, , 28891, 25000, 29456, 29397, 0, 
188, 1, 79, 249, -1, 368, 213, 14.2, 29, MSaapapa, 261, 40815, 45386, 1112, , 40815, 25000, 30662, 29994, 0, 
189, 1, 184, 265, -1, 280, 275, 15.3, 25, ABaraapppaa, 215, 28616, 21863, 764, , 28616, 25000, 28347, 28441, 0, 
190, 1, 393, 44, -1, 485, 240, 5.4, 24, ABprppppapp, 223, 36611, 25628, 700, , 36611, 25000, 35046, 35196, 0, 
191, 1, 475, 225, -1, 301, 280, 4.5, 23, ABarappapaa, 222, 37229, 23529, 632, , 37229, 25000, 36339, 35863, 0, 
192, 1, 495, 371, -1, 254, 130, 12.1, 24, ABalppaappp, 244, 27560, 16646, 604, , 27560, 25000, 27045, 27072, 0, 
193, 1, 8, 507, -1, 243, 258, 10.6, 24, ABarapapaaa, 213, 26470, 18529, 700, , 26470, 25000, 28400, 28301, 0, 
194, 1, 50, 126, -1, 205, 243, 18.8, 28, ABaraapaapa, 114, 29243, 30764, 1052, , 29243, 25000, 28520, 28612, 0, 
195, 1, 403, 292, -1, 552, 280, 6.1, 23, ABprpppaapp, 201, 34948, 17334, 496, , 34948, 25000, 35688, 36049, 0, 
196, 1, 46, 63, -1, 177, 140, 16.9, 24, ABalpppaapv, 209, 27464, 16588, 604, , 27464, 25000, 27423, 27407, 0, 
197, 1, 19, 523, -1, 203, 217, 10.5, 23, ABalpaaaaaa, 223, 27184, 17180, 632, , 27184, 25000, 28488, 28866, 0, 
198, 1, 51, 81, -1, 514, 159, 12.3, 23, ABplapppapa, 195, 28162, 16672, 592, , 28162, 25000, 27159, 27205, 0, 
199, 1, 269, 475, -1, 474, 330, 14.1, 27, MSpppaap, 271, 28252, 25653, 908, , 28252, 25000, 28894, 28970, 0, 
200, 1, 239, 365, -1, 347, 337, 22.0, 28, MSpppppp, 260, 27936, 31512, 1128, , 27936, 25000, 28361, 28425, 0, 
201, 1, 292, 181, -1, 157, 208, 18.6, 26, ABalapaaaa, 13, 27200, 22630, 832, , 27200, 25000, 28247, 28440, 0, 
202, 1, 525, 350, -1, 158, 305, 12.2, 27, ABalaappppa, 269, 27821, 24149, 868, , 27821, 25000, 27768, 27666, 0, 
203, 1, 23, 93, -1, 128, 280, 21.6, 27, ABarpaaaaa, 127, 27309, 26981, 988, , 27309, 25000, 27856, 27911, 0, 
204, 1, 309, 352, -1, 498, 297, 5.0, 23, ABprpppaaap, 180, 39148, 20044, 512, , 39148, 25000, 38149, 38383, 0, 
205, 0, 215, -1, -1, 300, 291, 9.2, 24, , 293, 596, 18818, 656, , 28686, 25000, 28329, 28090, 0, 
206, 1, 152, 340, -1, 464, 186, 23.0, 27, Cappaaa, 270, 28781, 29702, 1032, , 28781, 25000, 28630, 28601, 0, 
207, 1, 10, 281, -1, 556, 254, 11.2, 30, Cppppp, -166, 28047, 37022, 1320, , 28047, 25000, 28363, 28473, 0, 
208, 1, 507, 470, -1, 346, 166, 14.6, 23, MSappapp, 154, 29027, 18577, 640, , 29027, 25000, 28066, 28114, 0, 
209, 1, 167, 283, -1, 153, 236, 13.9, 26, ABaraaaapa, 212, 26383, 21106, 800, , 26383, 25000, 27971, 28147, 0, 
210, 1, 113, 234, -1, 416, 145, 9.7, 23, ABplppappap, 200, 27711, 16405, 592, , 27711, 25000, 27796, 27766, 0, 
211, 1, 288, 484, -1, 383, 172, 19.8, 27, Dapaa, 246, 27727, 24067, 868, , 27727, 25000, 28431, 28376, 0, 
212, 1, 58, 278, -1, 207, 327, 25.6, 26, ABarpaapaa, 226, 30304, 25213, 832, , 30304, 25000, 28640, 28632, 0, 
213, 1, 289, 34, -1, 284, 305, 5.6, 24, ABarapppppp, 174, 39531, 27672, 700, , 39531, 25000, 35879, 35925, 0, 
214, 1, 404, 364, -1, 192, 371, 12.4, 23, ABpraaaappa, 172, 29675, 18992, 640, , 29675, 25000, 27023, 27163, 0, 
215, 1, 67, 75, -1, 320, 196, 23.9, 23, ABplapaaaaa, 303, 29308, 14537, 496, , 29308, 25000, 27629, 27730, 0, 
216, 1, 298, 341, -1, 198, 270, 14.0, 24, ABaraaapaap, 163, 28107, 17089, 608, , 28107, 25000, 27836, 27820, 0, 
217, 1, 254, 26, -1, 339, 275, 10.9, 24, MSpapaaap, 243, 34715, 20968, 604, , 34715, 25000, 30555, 30350, 0, 
218, 1, 405, 504, -1, 207, 274, 9.8, 23, MSppaaaa, 237, 27950, 15093, 540, , 27950, 25000, 28951, 29021, 0, 
219, 1, 204, 243, -1, 432, 252, 6.0, 22, ABplpapppap, 82, 33951, 13037, 384, , 33951, 25000, 33908, 34394, 0, 
220, 1, 116, 477, -1, 160, 190, 16.0, 23, ABalapaappa, 237, 27494, 14077, 512, , 27494, 25000, 28288, 28361, 0, 
221, 1, 101, 253, -1, 201, 177, 20.0, 24, ABalppppaad, 176, 28181, 17134, 608, , 28181, 25000, 28010, 27961, 0, 
222, 1, 241, 94, -1, 344, 265, 14.3, 25, MSpapaapa, 219, 34309, 26212, 764, , 34309, 25000, 31111, 30757, 0, 
223, 1, 323, 205, -1, 422, 248, 18.2, 30, Ealap, 171, 27814, 36714, 1320, , 27814, 25000, 29365, 29366, 0, 
224, 1, 290, 359, -1, 309, 158, 21.1, 25, ABplpaappap, 228, 28584, 19666, 688, , 28584, 25000, 28446, 28461, 0, 
225, 1, 448, 489, -1, 301, 165, 17.5, 23, MSapppaa, 198, 27593, 17439, 632, , 27593, 25000, 28315, 28344, 0, 
226, 1, 334, 391, -1, 237, 120, 18.9, 23, ABplpaapapp, -85, 26631, 13209, 496, , 26631, 25000, 27206, 27224, 0, 
227, 1, 87, 194, -1, 196, 223, 22.3, 24, ABplaaaaapa, 57, 27074, 19060, 704, , 27074, 25000, 27916, 27915, 0, 
228, 1, 406, 238, -1, 199, 285, 17.6, 24, ABaraappaap, 416, 30550, 21385, 700, , 30550, 25000, 27731, 27725, 0, 
229, 1, 274, 275, -1, 455, 360, 18.3, 25, Cpppaaa, 71, 28005, 21396, 764, , 28005, 25000, 28330, 28406, 0, 
230, 1, 171, 108, -1, 309, 227, 17.9, 27, ABaraapapap, 105, 26270, 23853, 908, , 26270, 25000, 28477, 28526, 0, 
231, 1, 449, 301, -1, 316, 192, 19.4, 24, Daaaa, 192, 29110, 20377, 700, , 29110, 25000, 28431, 28449, 0, 
232, 1, 211, 211, -1, 502, 114, 17.5, 27, ABplapapap, -202, 27315, 24474, 896, , 27315, 25000, 27748, 27770, 0, 
233, 1, 400, 185, -1, 392, 250, 11.6, 23, MSpapappp, 222, 30020, 19213, 640, , 30020, 25000, 29981, 29263, 0, 
234, 1, 311, 46, -1, 297, 255, 8.0, 25, ABarapapppa, 199, 28997, 22154, 764, , 28997, 25000, 29913, 29908, 0, 
235, 1, 120, 336, -1, 160, 183, 20.3, 24, ABalppppapa, 119, 27213, 19158, 704, , 27213, 25000, 28592, 28665, 0, 
236, 1, 387, 367, -1, 342, 284, 21.1, 24, MSpaaapap, 125, 26983, 16298, 604, , 26983, 25000, 28418, 28479, 0, 
237, 1, 251, 11, -1, 325, 244, 8.6, 25, ABarapapppp, 256, 28514, 23724, 832, , 28514, 25000, 29832, 29832, 0, 
238, 1, 74, 305, -1, 311, 331, 10.3, 24, ABprppaaaaa, 193, 28298, 19922, 704, , 28298, 25000, 27779, 27789, 0, 
239, 1, 299, 431, -1, 307, 374, 9.6, 26, ABpraappap, 53, 27492, 22873, 832, , 27492, 25000, 28103, 28030, 0, 
240, 1, 168, 236, -1, 206, 163, 14.3, 23, ABplpaaaaaa, 123, 27829, 16475, 592, , 27829, 25000, 27576, 27899, 0, 
241, 1, 464, 465, -1, 410, 199, 7.9, 24, ABplpapappp, 130, 29540, 17842, 604, , 29540, 25000, 30101, 30321, 0, 
242, 1, 389, 293, -1, 236, 379, 11.4, 26, ABprpaapapa, 236, 27260, 22680, 832, , 27260, 25000, 27620, 27541, 0, 
243, 1, 356, 498, -1, 318, 259, 4.5, 23, ABprpappaap, 224, 35326, 22326, 632, , 35326, 25000, 35463, 35552, 0, 
244, 1, 378, 307, -1, 332, 211, 15.8, 22, MSaapaapa, 134, 32058, 15901, 496, , 32058, 25000, 30736, 30683, 0, 
245, 1, 433, 226, -1, 289, 319, 17.9, 27, MSpaapaa, 223, 28194, 25600, 908, , 28194, 25000, 28178, 28133, 0, 
246, 1, 360, 119, -1, 553, 283, 13.1, 25, Cpppapp, 254, 27065, 18621, 688, , 27065, 25000, 28459, 28409, 0, 
247, 1, 223, 165, -1, 240, 341, 21.5, 27, MSppappp, 67, 28808, 25812, 896, , 28808, 25000, 28734, 28801, 0, 
248, 1, 391, 71, -1, 230, 309, 11.3, 26, ABprpaapaaa, 237, 27458, 23504, 856, , 27458, 25000, 27762, 27730, 0, 
249, 1, 352, 461, -1, 179, 312, 25.1, 28, ABarpapapa, 72, 27802, 30249, 1088, , 27802, 25000, 28414, 28271, 0, 
250, 1, 416, 22, -1, 367, 188, 17.4, 26, MSappaaa, 165, 28764, 23932, 832, , 28764, 25000, 29007, 29088, 0, 
251, 1, 129, 473, -1, 579, 303, 12.3, 24, ABprapapppa, 322, 28038, 19739, 704, , 28038, 25000, 28347, 28383, 0, 
252, 1, 198, 178, -1, 567, 163, 13.2, 25, ABplapapppp, -258, 28374, 19975, 704, , 28374, 25000, 28529, 28532, 0, 
253, 1, 94, 264, -1, 378, 130, 10.2, 23, ABplpaaaapp, 236, 28846, 15577, 540, , 28846, 25000, 27401, 27422, 0, 
254, 1, 472, 422, -1, 220, 269, 22.9, 25, MSaaaaapp, 86, 26246, 18057, 688, , 26246, 25000, 27822, 27716, 0, 
255, 1, 493, 360, -1, 290, 278, 7.0, 22, ABprpapaaaa, 93, 29453, 11310, 384, , 29453, 25000, 31027, 31082, 0, 
256, 1, 322, 150, -1, 403, 290, 4.9, 26, ABprppaappa, 77, 36654, 29323, 800, , 36654, 25000, 35253, 36092, 0, 
257, 1, 203, 29, -1, 198, 314, 15.6, 25, MSppaaap, 223, 27524, 22900, 832, , 27524, 25000, 28363, 28410, 0, 
258, 1, 454, 324, -1, 267, 320, 25.6, 27, ABarpaapap, 215, 27747, 27414, 988, , 27747, 25000, 29264, 29565, 0, 
259, 1, 77, 501, -1, 269, 355, 9.4, 22, ABprpaapppa, 183, 26743, 15297, 572, , 26743, 25000, 27832, 27697, 0, 
260, 1, 380, 356, -1, 210, 336, 8.0, 28, ABpraaaaaa, 435, 29189, 32925, 1128, , 29189, 25000, 30276, 30650, 0, 
261, 1, 37, 17, -1, 461, 227, 25.8, 33, Dappp, 331, 27665, 48247, 1744, , 27665, 25000, 28800, 28800, 0, 
262, 1, 2, 216, -1, 277, 283, 22.6, 25, MSaaaapap, -162, 26511, 22057, 832, , 26511, 25000, 28271, 28214, 0, 
263, 1, 195, 411, -1, 243, 338, 12.0, 23, ABprpaapaap, 10, 27676, 14170, 512, , 27676, 25000, 28006, 28161, 0, 
264, 1, 261, 479, -1, 227, 343, 19.0, 26, MSppappa, 263, 28342, 24147, 852, , 28342, 25000, 28414, 28230, 0, 
265, 1, 96, 344, -1, 406, 162, 25.1, 27, ABarppapap, 272, 28514, 25891, 908, , 28514, 25000, 29140, 29281, 0, 
266, 1, 354, 125, -1, 325, 116, 18.6, 27, ABplaapppa, 214, 27050, 26725, 988, , 27050, 25000, 27286, 27280, 0, 
267, 1, 494, 3, -1, 287, 153, 11.1, 23, ABplpapaapa, 182, 26716, 13251, 496, , 26716, 25000, 28935, 28897, 0, 
268, 1, 270, 92, -1, 205, 370, 19.5, 25, ABarpappaa, 146, 26799, 20582, 768, , 26799, 25000, 27744, 27895, 0, 
269, 1, 379, 462, -1, 334, 259, 19.8, 24, MSaaaappp, 243, 28030, 18388, 656, , 28030, 25000, 28117, 28240, 0, 
270, 1, 220, 228, -1, 480, 157, 17.7, 29, Capaap, 267, 29545, 31554, 1068, , 29545, 25000, 27628, 27645, 0, 
271, 1, 312, 186, -1, 306, 218, 24.7, 27, ABplapaaaap, 210, 27579, 25483, 924, , 27579, 25000, 28349, 28820, 0, 
272, 0, 414, -1, -1, 320, 180, 15.2, 22, , 176, 287, 14446, 496, , 29125, 25000, 28761, 28838, 0, 
273, 1, 15, 177, -1, 172, 217, 10.4, 24, ABalpaappaa, -88, 28763, 20134, 700, , 28763, 25000, 27734, 27930, 0, 
274, 1, 93, 509, -1, 291, 249, 13.6, 24, ABarapaappp, 191, 27421, 19195, 700, , 27421, 25000, 27401, 27440, 0, 
275, 1, 421, 251, -1, 174, 262, 13.2, 24, ABaraaapaaa, 208, 27724, 18187, 656, , 27724, 25000, 27787, 27695, 0, 
276, 1, 197, 317, -1, 129, 223, 12.7, 25, ABalaaaarl, -98, 26424, 20188, 764, , 26424, 25000, 27022, 27132, 0, 
277, 1, 252, 159, -1, 337, 368, 17.0, 24, ABprapaaapa, -52, 28564, 17367, 608, , 28564, 25000, 28560, 28627, 0, 
278, 0, 439, -1, -1, 241, 282, 18.7, 24, , 195, 1034, 20543, 704, , 29180, 25000, 28062, 28146, 0, 
279, 1, 320, 5, -1, 212, 181, 7.4, 24, ABalpapaaaa, 326, 28311, 19818, 700, , 28311, 25000, 31688, 32315, 0, 
280, 0, 279, -1, -1, 179, 326, 7.9, 24, , 212, -917, 17657, 604, , 29233, 25000, 30071, 30150, 0, 
281, 1, 158, 18, -1, 380, 245, 18.7, 32, Ealaa, 322, 28557, 45235, 1584, , 28557, 25000, 28991, 29036, 0, 
282, 1, 35, 403, -1, 373, 344, 10.7, 24, Dpapp, 43, 27608, 19436, 704, , 27608, 25000, 28924, 28992, 0, 
283, 1, 478, 202, -1, 156, 301, 9.8, 23, ABalaaapprr, 219, 28687, 15491, 540, , 28687, 25000, 28074, 28102, 0, 
284, 1, 150, 486, -1, 476, 243, 8.5, 25, ABprpappppa, 218, 28969, 22248, 768, , 28969, 25000, 29032, 28858, 0, 
285, 1, 185, 141, -1, 188, 308, 11.4, 27, ABalaapppa, 220, 26995, 26671, 988, , 26995, 25000, 27658, 27532, 0, 
286, 1, 92, 58, -1, 539, 188, 7.0, 23, ABplppppppa, 184, 31709, 16235, 512, , 31709, 25000, 33135, 33086, 0, 
287, 1, 85, 59, -1, 444, 154, 24.5, 27, ABplappapa, 254, 27733, 24849, 896, , 27733, 25000, 28128, 28150, 0, 
288, 1, 351, 370, -1, 430, 167, 14.1, 26, MSaapppp, 260, 28213, 22570, 800, , 28213, 25000, 28514, 28568, 0, 
289, 1, 441, 10, -1, 314, 152, 8.1, 27, ABalpapapap, 267, 29534, 26817, 908, , 29534, 25000, 29940, 30100, 0, 
290, 1, 350, 231, -1, 254, 225, 5.2, 24, ABarappaapa, 125, 38466, 25234, 656, , 38466, 25000, 37433, 37509, 0, 
291, 1, 18, 267, -1, 361, 297, 14.4, 24, MSpapaapp, 246, 34013, 23809, 700, , 34013, 25000, 30394, 30463, 0, 
292, 0, 282, -1, -1, 163, 157, 12.7, 24, , 201, 913, 20292, 704, , 28824, 25000, 27818, 27911, 0, 
293, 1, 30, 183, -1, 460, 336, 7.2, 28, ABprppapap, 229, 27944, 29397, 1052, , 27944, 25000, 30939, 31325, 0, 
294, 1, 119, 397, -1, 224, 133, 14.2, 24, ABplpaaapaa, 202, 27549, 18072, 656, , 27549, 25000, 26987, 27006, 0, 
295, 1, 504, 351, -1, 397, 161, 15.1, 25, MSaapppa, 220, 27887, 19186, 688, , 27887, 25000, 28052, 28053, 0, 
296, 1, 179, 31, -1, 289, 168, 6.0, 23, ABalpapapaa, 216, 38512, 19718, 512, , 38512, 25000, 37221, 37301, 0, 
297, 1, 337, 179, -1, 282, 184, 22.0, 24, ABalppppppa, 248, 28357, 17241, 608, , 28357, 25000, 28719, 28759, 0, 
298, 1, 335, 323, -1, 128, 195, 15.2, 24, ABalaaapalr, 199, 27043, 17740, 656, , 27043, 25000, 27585, 27716, 0, 
299, 1, 97, 51, -1, 512, 218, 12.6, 33, Eplpp, 324, 28935, 47453, 1640, , 28935, 25000, 29381, 29651, 0, 
300, 1, 32, 115, -1, 235, 274, 4.8, 24, ABarapppapa, 199, 38520, 25269, 656, , 38520, 25000, 35935, 36016, 0, 
301, 1, 45, 402, -1, 228, 335, 10.4, 24, ABpraaaapav, 222, 27126, 18988, 700, , 27126, 25000, 28015, 27925, 0, 
302, 1, 40, 25, -1, 458, 136, 14.7, 24, ABplppapapp, 450, 26655, 18765, 704, , 26655, 25000, 28066, 28073, 0, 
303, 1, 488, 330, -1, 537, 303, 24.4, 31, Caaapa, 276, 28194, 37554, 1332, , 28194, 25000, 28401, 28409, 0, 
304, 1, 511, 440, -1, 180, 313, 20.5, 24, ABalapppapp, 164, 29857, 22930, 768, , 29857, 25000, 28779, 28755, 0, 
305, 1, 390, 271, -1, 468, 169, 7.2, 24, ABplppppapa, -238, 28166, 18477, 656, , 28166, 25000, 30553, 30591, 0, 
306, 1, 63, 287, -1, 283, 354, 15.8, 25, ABpraaapppa, -11, 28450, 20029, 704, , 28450, 25000, 28300, 28374, 0, 
307, 1, 407, 346, -1, 272, 274, 4.5, 24, ABarapppapp, 211, 35447, 27223, 768, , 35447, 25000, 36120, 35962, 0, 
308, 1, 369, 405, -1, 404, 389, 20.4, 27, ABarpppapp, 268, 28495, 28153, 988, , 28495, 25000, 27842, 27810, 0, 
309, 1, 461, 138, -1, 528, 143, 7.3, 23, ABplpppaapp, 203, 30405, 18000, 592, , 30405, 25000, 31168, 31379, 0, 
310, 1, 132, 239, -1, 198, 242, 25.3, 27, ABplaaaaapp, 203, 27962, 25837, 924, , 27962, 25000, 28350, 28246, 0, 
311, 1, 249, 285, 464, 161, 339, 21.1, 28, ABarpapaaa, 276, 27783, 30228, 1088, , 27783, 25000, 27637, 27828, 0, 
312, 1, 16, 107, -1, 510, 370, 10.7, 27, ABprappapp, 256, 28923, 26725, 924, , 28923, 25000, 27847, 27897, 0, 
313, 1, 473, 372, -1, 176, 152, 20.8, 24, ABalpppaapd, 217, 28931, 18979, 656, , 28931, 25000, 27215, 27193, 0, 
314, 1, 480, 121, -1, 449, 157, 8.9, 24, ABplpppaaaa, 464, 28215, 17042, 604, , 28215, 25000, 28548, 28479, 0, 
315, 1, 80, 446, -1, 171, 189, 8.6, 24, ABalpaapppp, 192, 29014, 20310, 700, , 29014, 25000, 28823, 28909, 0, 
316, 1, 522, 331, -1, 263, 352, 7.4, 25, ABprpaaapap, -168, 30316, 25223, 832, , 30316, 25000, 30116, 30461, 0, 
317, 1, 401, 16, -1, 238, 336, 6.9, 24, ABprpaaapaa, 163, 30281, 18290, 604, , 30281, 25000, 33074, 33231, 0, 
318, 1, 444, 55, -1, 281, 319, 8.4, 25, ABprpaaappa, 218, 27001, 22465, 832, , 27001, 25000, 28657, 28434, 0, 
319, 1, 226, 155, -1, 361, 223, 9.4, 24, MSaappaa, 141, 28159, 19711, 700, , 28159, 25000, 29288, 29236, 0, 
320, 1, 207, 483, -1, 284, 231, 15.9, 23, ABalpaaappp, 175, 28421, 14097, 496, , 28421, 25000, 28438, 28203, 0, 
321, 1, 324, 326, -1, 517, 271, 16.3, 32, Eprpa, 322, 28995, 45928, 1584, , 28995, 25000, 29378, 29513, 0, 
322, 1, 310, 139, -1, 327, 293, 7.0, 23, ABprpapaaap, -186, 30486, 15609, 512, , 30486, 25000, 32343, 31932, 0, 
323, 1, 342, 438, -1, 516, 300, 9.8, 29, Cppapp, 77, 28201, 31359, 1112, , 28201, 25000, 28689, 28705, 0, 
324, 1, 202, 151, -1, 501, 345, 13.0, 30, Cppaap, 4, 28783, 38799, 1348, , 28783, 25000, 28267, 28258, 0, 
325, 1, 364, 184, -1, 507, 340, 20.8, 27, Cpppaap, 248, 27727, 24067, 868, , 27727, 25000, 28278, 28338, 0, 
326, 1, 423, 414, -1, 586, 244, 16.5, 30, Cpappd, 307, 26769, 32980, 1232, , 26769, 25000, 28246, 28245, 0, 
327, 1, 340, 182, -1, 272, 395, 18.4, 27, ABarpapppa, 250, 27739, 27406, 988, , 27739, 25000, 28042, 27942, 0, 
328, 1, 42, 472, -1, 535, 126, 17.6, 26, ABarppappp, 210, 26502, 22050, 832, , 26502, 25000, 28368, 28254, 0, 
329, 1, 408, 355, -1, 571, 222, 8.6, 25, ABprppppppp, 228, 27608, 22970, 832, , 27608, 25000, 29243, 29249, 0, 
330, 1, 344, 110, -1, 394, 279, 9.2, 26, MSppaapp, 239, 29339, 23354, 796, , 29339, 25000, 30473, 30251, 0, 
331, 1, 409, 2, -1, 346, 128, 10.5, 24, ABplpaaaapa, 359, 27522, 21137, 768, , 27522, 25000, 27452, 27470, 0, 
332, 1, 438, 257, -1, 337, 393, 20.3, 27, ABarpppaap, 265, 26768, 24734, 924, , 26768, 25000, 28205, 28139, 0, 
333, 0, 170, -1, -1, 232, 314, 5.3, 25, , 258, -854, 28653, 764, , 37504, 25000, 37936, 38358, 0, 
334, 1, 455, 282, -1, 340, 177, 9.4, 22, ABplpapapaa, 151, 29304, 16762, 572, , 29304, 25000, 29366, 29679, 0, 
335, 1, 234, 400, -1, 260, 289, 7.3, 23, ABarapppppa, 202, 28215, 16703, 592, , 28215, 25000, 31142, 31341, 0, 
336, 1, 182, 72, -1, 263, 257, 13.2, 25, ABarapaappa, 137, 27368, 19267, 704, , 27368, 25000, 27756, 27649, 0, 
337, 1, 417, 269, -1, 252, 290, 14.8, 23, ABaraaapapp, -176, 27798, 15011, 540, , 27798, 25000, 28595, 28661, 0, 
338, 1, 231, 19, -1, 306, 152, 14.5, 23, ABplppaaaaa, 121, 28130, 17778, 632, , 28130, 25000, 27689, 27864, 0, 
339, 1, 151, 49, -1, 370, 379, 16.4, 25, ABprapaaapp, 54, 27688, 23036, 832, , 27688, 25000, 28518, 28652, 0, 
340, 1, 509, 493, -1, 199, 335, 20.2, 23, ABarpapaapp, 222, 28152, 15202, 540, , 28152, 25000, 27494, 27572, 0, 
341, 1, 155, 213, -1, 149, 200, 13.1, 27, ABalaaaala, 231, 26444, 24011, 908, , 26444, 25000, 27887, 27978, 0, 
342, 1, 431, 78, -1, 456, 252, 21.4, 35, Eplaa, 85, 28389, 54847, 1932, , 28389, 25000, 28592, 28608, 0, 
343, 1, 21, 248, -1, 552, 153, 10.3, 24, ABplappppp, 244, 28134, 19806, 704, , 28134, 25000, 28535, 28564, 0, 
344, 1, 121, 57, -1, 159, 177, 10.6, 28, ABalaaaalp, 265, 27498, 27168, 988, , 27498, 25000, 27924, 27969, 0, 
345, 1, 52, 52, -1, 260, 284, 17.4, 30, ABaraappapp, 121, 28319, 32737, 1156, , 28319, 25000, 28488, 28619, 0, 
346, 1, 257, 345, -1, 281, 309, 11.3, 25, MSppapap, -32, 27082, 20691, 764, , 27082, 25000, 28840, 28749, 0, 
347, 1, 98, 322, -1, 591, 207, 20.9, 32, Cpapap, 297, 27707, 43666, 1576, , 27707, 25000, 28454, 28424, 0, 
348, 1, 347, 145, -1, 236, 390, 17.8, 27, ABarpappap, 269, 27520, 23887, 868, , 27520, 25000, 27107, 27055, 0, 
349, 1, 154, 374, -1, 332, 199, 12.2, 24, MSaapaaap, 474, 32921, 21596, 656, , 32921, 25000, 29454, 29240, 0, 
350, 1, 243, 263, -1, 485, 255, 12.5, 30, Eprpp, 299, 27111, 33401, 1232, , 27111, 25000, 28773, 28786, 0, 
351, 1, 300, 354, -1, 245, 280, 23.0, 24, MSaaaapaa, 219, 28827, 17527, 608, , 28827, 25000, 28350, 28497, 0, 
352, 1, 465, 279, -1, 537, 328, 15.8, 24, Cpppapa, 207, 27713, 18180, 656, , 27713, 25000, 29278, 29330, 0, 
353, 1, 314, 147, -1, 229, 170, 26.3, 30, ABplaaapap, 254, 28153, 36824, 1308, , 28153, 25000, 29250, 29167, 0, 
354, 1, 466, 511, -1, 556, 215, 10.8, 23, Caapap, 212, 27754, 14987, 540, , 27754, 25000, 28682, 28866, 0, 
355, 1, 88, 193, -1, 509, 236, 19.0, 32, Eplap, 285, 27696, 47305, 1708, , 27696, 25000, 28685, 28657, 0, 
356, 1, 246, 382, -1, 142, 289, 11.3, 25, ABalaaapprl, 73, 27547, 21046, 764, , 27547, 25000, 27782, 27760, 0, 
357, 1, 123, 485, -1, 129, 273, 13.7, 28, ABalaaappl, 233, 26015, 27680, 1064, , 26015, 25000, 27465, 27434, 0, 
358, 1, 492, 491, -1, 544, 253, 6.7, 24, ABprapppapp, 149, 33795, 23792, 704, , 33795, 25000, 35225, 35124, 0, 
359, 1, 427, 122, -1, 301, 118, 16.9, 27, ABplaappap, 132, 27733, 25182, 908, , 27733, 25000, 27653, 27812, 0, 
360, 1, 169, 27, -1, 485, 271, 5.1, 24, ABprppppapa, 211, 35334, 21342, 604, , 35334, 25000, 35335, 34502, 0, 
361, 1, 48, 104, -1, 314, 228, 5.8, 25, ABarapapapp, -31, 35727, 25152, 704, , 35727, 25000, 35390, 35403, 0, 
362, 1, 100, 127, -1, 441, 318, 6.2, 25, ABprppappap, 158, 32456, 22849, 704, , 32456, 25000, 32618, 32934, 0, 
363, 1, 263, 174, -1, 210, 313, 12.8, 23, ABpraaapaav, 164, 28596, 15442, 540, , 28596, 25000, 27493, 27672, 0, 
364, 1, 164, 156, -1, 467, 396, 17.9, 28, ABprappapa, 266, 27358, 29765, 1088, , 27358, 25000, 28156, 28148, 0, 
365, 1, 31, 375, -1, 282, 235, 7.0, 24, ABarapapapa, 84, 31184, 18960, 608, , 31184, 25000, 33520, 33372, 0, 
366, 1, 111, 192, -1, 162, 259, 18.4, 29, MSaaaaaa, 138, 27597, 31902, 1156, , 27597, 25000, 28377, 28239, 0, 
367, 1, 191, 32, -1, 508, 221, 15.6, 33, Eplpa, 328, 27807, 45604, 1640, , 27807, 25000, 29012, 29082, 0, 
368, 1, 143, 37, -1, 527, 141, 22.4, 29, ABplapapaa, 106, 28452, 32891, 1156, , 28452, 25000, 28289, 28298, 0, 
369, 1, 484, 429, -1, 306, 196, 12.1, 27, MSaapaaaa, 57, 30065, 27299, 908, , 30065, 25000, 29725, 29931, 0, 
370, 1, 317, 99, -1, 513, 380, 17.9, 27, ABarpppppa, 273, 27983, 25409, 908, , 27983, 25000, 28124, 28156, 0, 
371, 1, 443, 319, -1, 286, 334, 9.9, 24, ABprpaaappp, 196, 27894, 16848, 604, , 27894, 25000, 27712, 27996, 0, 
372, 1, 399, 310, -1, 247, 219, 18.4, 25, ABalpaapapp, 196, 27169, 22605, 832, , 27169, 25000, 28319, 28289, 0, 
373, 1, 126, 66, -1, 241, 307, 21.3, 29, MSpaaaaa, 158, 27908, 29806, 1068, , 27908, 25000, 28575, 28445, 0, 
374, 1, 222, 384, -1, 321, 338, 15.8, 23, Dpaaa, 192, 26639, 14385, 540, , 26639, 25000, 28470, 28489, 0, 
375, 1, 119, 314, -1, 252, 126, 15.5, 26, ABplpaaapap, 202, 28289, 25347, 896, , 28289, 25000, 27459, 27389, 0, 
376, 1, 339, 232, -1, 441, 354, 21.9, 29, Dpppp, 294, 27697, 33458, 1208, , 27697, 25000, 28208, 28208, 0, 
377, 1, 446, 116, -1, 260, 257, 6.0, 24, ABarappaaap, 211, 34961, 21256, 608, , 34961, 25000, 35738, 35585, 0, 
378, 0, 419, -1, -1, 191, 145, 11.9, 23, , 202, 1418, 14467, 496, , 29167, 25000, 27651, 27749, 0, 
379, 1, 133, 90, -1, 463, 277, 8.2, 26, MSpappap, 243, 30077, 23941, 796, , 30077, 25000, 29672, 29074, 0, 
380, 1, 189, 36, -1, 221, 335, 15.4, 24, ABpraapapaa, 197, 27150, 19005, 700, , 27150, 25000, 27761, 27743, 0, 
381, 1, 348, 383, -1, 445, 145, 11.8, 26, ABplppappp, 210, 27587, 21959, 796, , 27587, 25000, 28051, 28043, 0, 
382, 1, 486, 525, -1, 137, 272, 9.2, 26, ABalaapaaa, -1, 28612, 22775, 796, , 28612, 25000, 28085, 28095, 0, 
383, 1, 200, 333, -1, 570, 284, 17.2, 27, Cppppap, 120, 27393, 23777, 868, , 27393, 25000, 28780, 28781, 0, 
384, 1, 374, 303, -1, 405, 242, 14.4, 31, Ealpa, 126, 28168, 37520, 1332, , 28168, 25000, 29433, 29461, 0, 
385, 0, 259, -1, -1, 350, 191, 6.2, 22, , 147, 318, 16544, 496, , 33355, 25000, 33070, 33037, 0, 
386, 1, 225, 280, -1, 380, 403, 18.5, 26, ABarppppaa, 252, 26959, 24155, 896, , 26959, 25000, 27701, 27721, 0, 
387, 1, 372, 394, -1, 505, 190, 5.5, 30, ABplpppapap, 118, 40258, 49598, 1232, , 40258, 25000, 36507, 36992, 0, 
388, 1, 462, 406, -1, 550, 314, 20.5, 30, Cppppaa, 349, 28744, 35413, 1232, , 28744, 25000, 28519, 28512, 0, 
389, 1, 258, 329, -1, 579, 276, 21.1, 33, Caaapp, 329, 27387, 47544, 1736, , 27387, 25000, 28907, 28900, 0, 
390, 1, 469, 418, -1, 370, 294, 17.7, 37, Earaa, 366, 28477, 67775, 2380, , 28477, 25000, 29082, 29233, 0, 
391, 0, 221, -1, -1, 193, 201, 19.3, 25, , 187, -2073, 20375, 764, , 26669, 25000, 28728, 28742, 0, 
392, 1, 163, 395, -1, 223, 364, 8.9, 24, ABpraaaapad, 194, 27558, 16645, 604, , 27558, 25000, 27999, 28015, 0, 
393, 1, 22, 136, -1, 534, 126, 10.8, 26, ABplappppa, 11, 27379, 21794, 796, , 27379, 25000, 27366, 27405, 0, 
394, 1, 248, 409, -1, 178, 364, 14.5, 24, ABpraaapapp, 183, 27548, 21157, 768, , 27548, 25000, 27796, 27837, 0, 
395, 1, 276, 161, -1, 158, 183, 24.4, 27, ABplaapaapa, 164, 28004, 27668, 988, , 28004, 25000, 27727, 27611, 0, 
396, 1, 353, 187, -1, 511, 264, 9.0, 24, ABprpppppap, 119, 27561, 16757, 608, , 27561, 25000, 28892, 28909, 0, 
397, 1, 178, 318, -1, 315, 374, 15.0, 24, ABprpaappap, 198, 28048, 17053, 608, , 28048, 25000, 28594, 28635, 0, 
398, 1, 481, 459, -1, 370, 156, 17.4, 24, Daapp, 188, 28110, 19677, 700, , 28110, 25000, 28116, 28194, 0, 
399, 1, 283, 190, -1, 240, 340, 25.4, 28, ABarpapapp, 282, 29681, 29325, 988, , 29681, 25000, 28533, 28596, 0, 
400, 1, 385, 260, -1, 485, 291, 10.1, 24, ABprpppppaa, 213, 27488, 16603, 604, , 27488, 25000, 28698, 28648, 0, 
401, 1, 53, 214, -1, 298, 291, 19.9, 26, MSpaaappa, 239, 27408, 21926, 800, , 27408, 25000, 28110, 28106, 0, 
402, 1, 375, 385, -1, 351, 372, 24.4, 33, ABarpppapa, -75, 28180, 46216, 1640, , 28180, 25000, 28267, 28243, 0, 
403, 0, 142, -1, -1, 321, 306, 11.7, 22, , -46, -1493, 14383, 524, , 27448, 25000, 29018, 28941, 0, 
404, 1, 73, 79, -1, 250, 369, 9.3, 24, ABprpaapapp, 193, 29821, 20994, 704, , 29821, 25000, 27820, 27698, 0, 
405, 1, 457, 42, -1, 129, 287, 17.5, 22, ABalapppaap, 130, 27348, 14002, 512, , 27348, 25000, 27129, 27193, 0, 
406, 1, 523, 399, -1, 163, 257, 8.5, 23, ABaraaapppa, -160, 28397, 17947, 632, , 28397, 25000, 29410, 29767, 0, 
407, 1, 28, 268, -1, 139, 298, 22.8, 24, ABarpaaapaa, 192, 27491, 18034, 656, , 27491, 25000, 27663, 27624, 0, 
408, 1, 134, 286, -1, 548, 207, 25.1, 33, Cpaapp, 338, 27859, 48363, 1736, , 27859, 25000, 28617, 28662, 0, 
409, 1, 470, 207, -1, 334, 143, 14.9, 24, ABplppaaaap, 234, 27396, 16547, 604, , 27396, 25000, 28275, 28332, 0, 
410, 1, 392, 453, -1, 522, 163, 9.0, 23, ABplapppapp, 199, 27967, 14319, 512, , 27967, 25000, 28368, 28394, 0, 
411, 1, 363, 219, -1, 229, 294, 26.2, 28, ABplaaaapp, 138, 27978, 29433, 1052, , 27978, 25000, 28583, 28610, 0, 
412, 1, 302, 221, -1, 165, 288, 7.4, 27, ABalaapaap, 238, 29518, 29164, 988, , 29518, 25000, 32553, 32592, 0, 
413, 1, 217, 469, -1, 169, 243, 15.9, 23, ABaraapaaaa, 237, 26107, 12949, 496, , 26107, 25000, 27687, 27505, 0, 
414, 1, 487, 445, -1, 310, 203, 9.8, 28, ABalpappppp, -39, 28021, 29478, 1052, , 28021, 25000, 28919, 28831, 0, 
415, 1, 62, 519, -1, 212, 138, 13.0, 22, ABalpppaaap, -151, 26299, 10099, 384, , 26299, 25000, 27828, 27780, 0, 
416, 1, 135, 15, -1, 357, 250, 12.4, 24, MSpapappa, 202, 33861, 23703, 700, , 33861, 25000, 30759, 30149, 0, 
417, 1, 196, 40, -1, 189, 289, 6.3, 24, ABarapppaaa, 203, 36484, 25685, 704, , 36484, 25000, 35502, 35813, 0, 
418, 1, 445, 339, -1, 540, 171, 15.2, 24, Cappapp, 214, 26779, 17567, 656, , 26779, 25000, 28445, 28466, 0, 
419, 1, 81, 302, -1, 378, 357, 14.5, 24, Dppaa, 229, 28850, 22157, 768, , 28850, 25000, 29115, 29136, 0, 
420, 1, 166, 255, -1, 293, 325, 25.4, 29, ABarpaappa, 289, 28408, 32840, 1156, , 28408, 25000, 28505, 28577, 0, 
421, 1, 489, 427, -1, 184, 217, 26.5, 23, ABalapapppp, 180, 30150, 19055, 632, , 30150, 25000, 29470, 29406, 0, 
422, 1, 346, 297, -1, 581, 324, 13.8, 26, ABarpppppp, 229, 27805, 22133, 796, , 27805, 25000, 28037, 28190, 0, 
423, 1, 273, 366, -1, 352, 338, 5.8, 24, ABprpaaaapa, 226, 37599, 24665, 656, , 37599, 25000, 35437, 35770, 0, 
424, 1, 173, 105, -1, 463, 273, 6.4, 24, ABprppppaaa, 209, 36287, 25401, 700, , 36287, 25000, 33508, 33963, 0, 
425, 1, 137, 68, -1, 381, 268, 25.0, 30, Cpaaaa, 185, 27926, 37644, 1348, , 27926, 25000, 29026, 29013, 0, 
426, 1, 275, 294, -1, 321, 331, 23.9, 30, ABarpaappp, 298, 28002, 37971, 1356, , 28002, 25000, 28144, 28112, 0, 
427, 1, 447, 495, -1, 170, 212, 24.4, 22, ABalapapppa, 8, 27224, 15572, 572, , 27224, 25000, 27956, 28087, 0, 
428, 1, 467, 198, -1, 371, 288, 7.2, 23, ABprpapapap, 210, 29615, 15992, 540, , 29615, 25000, 30780, 31016, 0, 
429, 1, 194, 201, -1, 407, 179, 11.0, 26, MSapaapp, 243, 28058, 23905, 852, , 28058, 25000, 28899, 28951, 0, 
430, 1, 145, 447, -1, 277, 142, 8.2, 25, ABalppapapp, 232, 28994, 20412, 704, , 28994, 25000, 28609, 28714, 0, 
431, 1, 479, 14, -1, 327, 302, 4.7, 27, ABarappapap, 120, 37357, 34518, 924, , 37357, 25000, 36542, 36693, 0, 
432, 1, 227, 496, -1, 206, 191, 13.6, 23, MSapaaaa, 140, 26689, 17081, 640, , 26689, 25000, 28338, 28537, 0, 
433, 1, 418, 417, -1, 544, 222, 5.9, 23, ABprppppppa, -4, 38954, 19321, 496, , 38954, 25000, 38444, 38593, 0, 
434, 1, 64, 503, -1, 169, 172, 18.4, 25, ABalapaappp, 225, 27409, 22804, 832, , 27409, 25000, 27681, 27800, 0, 
435, 1, 13, 325, -1, 327, 294, 18.8, 25, MSpaaappp, 453, 28391, 19987, 704, , 28391, 25000, 28167, 28360, 0, 
436, 1, 503, 433, -1, 238, 325, 14.0, 24, ABpraaappaa, -42, 27673, 16825, 608, , 27673, 25000, 27774, 27882, 0, 
437, 1, 103, 137, -1, 154, 156, 16.3, 25, ABalaaapall, 212, 25831, 19735, 764, , 25831, 25000, 27509, 27461, 0, 
438, 1, 537, 1, -1, 360, 209, 23.3, 26, Daaap, 149, 27655, 23673, 856, , 27655, 25000, 28430, 28537, 0, 
439, 1, 205, 413, -1, 586, 223, 11.3, 27, Cpappv, 224, 27797, 25684, 924, , 27797, 25000, 28254, 28284, 0, 
440, 1, 66, 296, -1, 410, 347, 8.0, 24, ABprppapaaa, 223, 28211, 17152, 608, , 28211, 25000, 28590, 28794, 0, 
441, 1, 434, 160, -1, 445, 288, 25.6, 33, Cpaaap, 323, 28505, 46748, 1640, , 28505, 25000, 28904, 28848, 0, 
442, 1, 76, 113, -1, 286, 385, 14.6, 27, ABpraaapppp, 218, 27765, 27432, 988, , 27765, 25000, 28076, 28182, 0, 
443, 1, 294, 466, -1, 494, 160, 6.7, 24, ABplpppapaa, 209, 33946, 23898, 704, , 33946, 25000, 34236, 34427, 0, 
444, 1, 268, 9, -1, 437, 288, 5.0, 23, ABprppaappp, 202, 34264, 17543, 512, , 34264, 25000, 34815, 34629, 0, 
445, 1, 90, 393, -1, 576, 261, 8.7, 26, ABprappppp, 260, 28005, 23972, 856, , 28005, 25000, 28477, 28644, 0, 
446, 1, 186, 206, -1, 582, 189, 16.5, 30, Cpapaa, 309, 27765, 34206, 1232, , 27765, 25000, 28454, 28454, 0, 
447, 1, 341, 272, -1, 265, 214, 9.5, 24, ABalpappppa, 410, 27836, 21378, 768, , 27836, 25000, 29117, 29014, 0, 
448, 1, 500, 166, -1, 331, 251, 17.5, 24, MSaaapapp, 472, 28401, 21812, 768, , 28401, 25000, 28560, 28694, 0, 
449, 1, 313, 428, -1, 291, 202, 4.5, 24, ABprpappaaa, 244, 36249, 27839, 768, , 36249, 25000, 37754, 37754, 0, 
450, 1, 91, 262, -1, 478, 191, 6.4, 23, ABplppppapp, 46, 34106, 21828, 640, , 34106, 25000, 32437, 32340, 0, 
451, 1, 148, 250, -1, 402, 293, 14.3, 31, Earpa, 153, 28746, 39325, 1368, , 28746, 25000, 29773, 29745, 0, 
452, 1, 451, 379, -1, 440, 355, 14.4, 30, Cppaaa, 212, 27154, 31390, 1156, , 27154, 25000, 28550, 28584, 0, 
453, 1, 242, 215, -1, 484, 321, 6.6, 26, ABprppappp, 227, 31445, 26162, 832, , 31445, 25000, 33979, 34334, 0, 
454, 1, 355, 380, -1, 520, 286, 5.7, 24, ABprpppaapa, 212, 39314, 27677, 704, , 39314, 25000, 38023, 37907, 0, 
455, 1, 12, 460, -1, 194, 256, 6.2, 23, ABaraaapppp, 160, 35333, 19080, 540, , 35333, 25000, 36099, 36386, 0, 
456, 1, 332, 437, -1, 367, 183, 9.4, 23, ABplpapapap, 183, 28998, 18559, 640, , 28998, 25000, 29291, 29669, 0, 
457, 1, 1, 167, -1, 206, 351, 13.1, 23, ABpraaapaad, 202, 26579, 13183, 496, , 26579, 25000, 27999, 28072, 0, 
458, 1, 306, 448, -1, 211, 284, 5.1, 23, ABarapppaap, 221, 37238, 18470, 496, , 37238, 25000, 38028, 37775, 0, 
459, 1, 459, 157, -1, 454, 200, 8.5, 24, ABplppppaap, 216, 30279, 23254, 768, , 30279, 25000, 29071, 29210, 0, 
460, 1, 82, 83, -1, 249, 369, 15.1, 25, ABpraapapap, 113, 29064, 19996, 688, , 29064, 25000, 28024, 28000, 0, 
461, 1, 502, 321, -1, 298, 371, 23.7, 27, ABarpppaaa, 231, 27327, 25250, 924, , 27327, 25000, 28412, 28504, 0, 
462, 1, 65, 230, -1, 381, 137, 14.5, 26, ABplppapaaa, 263, 27506, 24645, 896, , 27506, 25000, 28693, 28884, 0, 
463, 1, 43, 514, -1, 365, 358, 18.9, 24, Dpaap, 196, 26945, 16275, 604, , 26945, 25000, 28464, 28474, 0, 
464, 1, 397, 476, -1, 474, 241, 18.2, 32, Ealpp, 300, 27369, 44009, 1608, , 27369, 25000, 28459, 28667, 0, 
465, 1, 331, 256, -1, 388, 327, 6.3, 25, ABarappappp, 192, 30593, 23373, 764, , 30593, 25000, 33278, 32688, 0, 
466, 1, 109, 244, -1, 222, 357, 17.1, 24, ABpraapappa, 198, 28262, 17070, 604, , 28262, 25000, 28181, 28141, 0, 
467, 1, 396, 117, -1, 225, 195, 20.0, 24, ABplaapapaa, 220, 27442, 16685, 608, , 27442, 25000, 28146, 28125, 0, 
468, 0, 3, -1, -1, 262, 179, 15.1, 24, , 186, 1200, 18281, 604, , 30267, 25000, 29282, 29067, 0, 
469, 1, 47, 241, -1, 263, 327, 5.7, 24, ABalaapappp, 156, 36112, 25423, 704, , 36112, 25000, 37231, 37338, 0, 
470, 1, 491, 175, -1, 196, 366, 16.8, 26, ABpraapaapp, 33, 26823, 21351, 796, , 26823, 25000, 27688, 27802, 0, 
471, 1, 38, 172, -1, 526, 186, 10.6, 26, Capppp, -43, 27249, 22671, 832, , 27249, 25000, 28611, 28659, 0, 
472, 1, 212, 500, -1, 268, 293, 20.0, 25, MSpaaaapp, 208, 27971, 21370, 764, , 27971, 25000, 28269, 28337, 0, 
473, 1, 260, 392, -1, 360, 239, 23.3, 27, MSappppp, 267, 27758, 25648, 924, , 27758, 25000, 28688, 28794, 0, 
474, 1, 460, 288, -1, 285, 349, 19.3, 25, MSppppap, 202, 27134, 20730, 764, , 27134, 25000, 28892, 28936, 0, 
475, 1, 57, 295, -1, 198, 250, 11.2, 24, ABaraaaaap, 240, 27563, 18081, 656, , 27563, 25000, 27720, 27732, 0, 
476, 1, 303, 334, -1, 437, 344, 8.6, 23, ABprppapaap, 211, 27447, 17566, 640, , 27447, 25000, 28502, 28454, 0, 
477, 1, 26, 235, 520, 555, 195, 20.4, 31, Capppa, 297, 27660, 36843, 1332, , 27660, 25000, 28088, 28118, 0, 
478, 1, 165, 170, -1, 558, 143, 16.7, 23, ABplapapppa, 191, 29448, 17433, 592, , 29448, 25000, 28196, 28206, 0, 
479, 1, 280, 408, -1, 128, 196, 19.3, 25, ABalapaaapa, 240, 28457, 21741, 764, , 28457, 25000, 27274, 27258, 0, 
480, 1, 452, 444, -1, 390, 188, 23.9, 27, ABarppaapp, 234, 27445, 24920, 908, , 27445, 25000, 28831, 28944, 0, 
481, 1, 358, 308, -1, 388, 219, 10.1, 25, MSaappap, 238, 29010, 19959, 688, , 29010, 25000, 29363, 29264, 0, 
482, 1, 319, 423, -1, 297, 349, 8.0, 23, ABprpaapppp, 182, 26924, 13785, 512, , 26924, 25000, 29019, 29323, 0, 
483, 1, 410, 451, -1, 421, 365, 18.1, 26, Dppap, 264, 26798, 21438, 800, , 26798, 25000, 28770, 28818, 0, 
484, 1, 293, 396, -1, 467, 297, 18.5, 32, Earpp, 321, 28300, 40526, 1432, , 28300, 25000, 28934, 29093, 0, 
485, 1, 442, 171, -1, 388, 351, 21.8, 29, Dpppa, 293, 26694, 29684, 1112, , 26694, 25000, 28622, 28618, 0, 
486, 1, 267, 298, -1, 225, 127, 17.3, 24, ABalpppapad, 38, 27577, 19414, 704, , 27577, 25000, 27541, 27476, 0, 
487, 1, 518, 217, -1, 205, 310, 6.1, 22, ABalaappapp, 166, 36116, 16758, 464, , 36116, 25000, 37228, 37335, 0, 
488, 1, 4, 435, -1, 219, 373, 14.0, 23, ABpraaaappp, 71, 28047, 14360, 512, , 28047, 25000, 28000, 27999, 0, 
489, 1, 41, 203, -1, 130, 318, 13.6, 25, ABalappappa, 193, 26313, 21892, 832, , 26313, 25000, 27401, 27430, 0, 
490, 0, 501, -1, -1, 520, 209, 6.1, 22, , 267, -2042, 15868, 464, , 34198, 25000, 36383, 36240, 0, 
491, 1, 437, 320, -1, 224, 309, 9.3, 23, ABprpaaaaaa, -147, 28926, 17124, 592, , 28926, 25000, 27755, 27736, 0, 
492, 1, 499, 487, -1, 341, 315, 11.4, 24, MSpppapp, 80, 28817, 20172, 700, , 28817, 25000, 28313, 28326, 0, 
493, 1, 5, 508, -1, 172, 145, 14.7, 24, ABalpppaaaa, -69, 27399, 19289, 704, , 27399, 25000, 28200, 28425, 0, 
494, 1, 305, 527, -1, 289, 217, 22.1, 23, MSapppap, -69, 28109, 13942, 496, , 28109, 25000, 28880, 28912, 0, 
495, 1, 453, 524, -1, 194, 271, 20.2, 23, MSaaaaapa, 78, 27770, 14996, 540, , 27770, 25000, 27990, 28011, 0, 
496, 1, 330, 512, -1, 135, 261, 16.1, 22, ABalapppaaa, 268, 26039, 12082, 464, , 26039, 25000, 28104, 28218, 0, 
497, 1, 490, 315, -1, 178, 229, 14.3, 22, ABalpaapaaa, 170, 27719, 14525, 524, , 27719, 25000, 27798, 28491, 0, 
498, 1, 228, 313, -1, 302, 313, 7.2, 22, ABprpapaapa, -14, 30893, 15323, 496, , 30893, 25000, 30618, 30843, 0, 
499, 1, 514, 506, -1, 235, 243, 9.8, 24, ABarapaaaap, 445, 29826, 19566, 656, , 29826, 25000, 28625, 28946, 0, 
500, 1, 515, 549, -1, 187, 361, 20.1, 22, ABalapppppp, 134, 26188, 12151, 464, , 26188, 25000, 27834, 27698, 0, 
501, 1, 506, 309, -1, 282, 134, 15.4, 26, ABplpaapppp, 313, 26575, 22110, 832, , 26575, 25000, 28171, 28471, 0, 
502, 1, 213, 490, -1, 313, 160, 10.0, 22, ABplpapaaap, -150, 27667, 10624, 384, , 27667, 25000, 28730, 28797, 0, 
503, 1, 266, 454, -1, 332, 177, 26.3, 30, ABarppaaap, 157, 30316, 39653, 1308, , 30316, 25000, 28908, 28855, 0, 
504, 1, 177, 128, -1, 250, 160, 6.7, 24, ABalppapapa, 31, 33426, 23532, 704, , 33426, 25000, 36231, 36474, 0, 
505, 1, 411, 480, -1, 283, 174, 8.9, 22, ABplpapaaaa, 325, 29362, 13624, 464, , 29362, 25000, 28948, 28921, 0, 
506, 1, 516, 492, -1, 315, 136, 12.4, 24, ABplpapaapp, 162, 28226, 19758, 700, , 28226, 25000, 28077, 28123, 0, 
507, 1, 497, 522, -1, 197, 256, 17.5, 22, ABaraapaaap, -75, 29000, 14848, 512, , 29000, 25000, 28291, 27904, 0, 
508, 1, 28, 426, -1, 178, 314, 22.2, 23, ABarpaaapap, 230, 29519, 15940, 540, , 29519, 25000, 27562, 27597, 0, 
509, 1, 513, 505, -1, 176, 251, 22.9, 22, ABalapapapp, 148, 27026, 12540, 464, , 27026, 25000, 28056, 28194, 0, 
510, 0, 333, -1, -1, 332, 112, 16.4, 22, , 181, -548, 15573, 572, , 27226, 25000, 27677, 27774, 0, 
511, 1, 519, 513, -1, 603, 235, 13.0, 21, Caappd, 450, 28292, 10864, 384, , 28292, 25000, 27901, 27946, 0, 
512, 1, 100, 430, -1, 404, 318, 5.9, 23, ABprppappaa, 177, 32954, 16345, 496, , 32954, 25000, 34197, 34411, 0, 
513, 1, 485, 452, -1, 207, 278, 26.0, 30, ABplaaaapa, 155, 27351, 36869, 1348, , 27351, 25000, 28467, 28492, 0, 
514, 0, 17, -1, -1, 390, 171, 14.4, 22, , -78, -572, 15758, 572, , 27549, 25000, 28125, 28121, 0, 
515, 1, 285, 246, -1, 466, 251, 6.8, 22, ABprppppaap, 322, 29732, 14747, 496, , 29732, 25000, 32893, 32734, 0, 
516, 1, 524, 176, -1, 252, 128, 17.4, 24, ABplpaapppa, 240, 27347, 19143, 700, , 27347, 25000, 27880, 27357, 0, 
517, 1, 29, 328, -1, 307, 346, 13.0, 23, MSppppaa, 203, 27590, 14126, 512, , 27590, 25000, 27908, 27970, 0, 
518, 1, 301, 474, -1, 397, 255, 7.7, 25, ABprpapppap, -206, 30359, 23194, 764, , 30359, 25000, 31308, 31323, 0, 
519, 1, 209, 517, -1, 161, 216, 21.8, 22, ABalapappap, 63, 27821, 13799, 496, , 27821, 25000, 27975, 28027, 0, 
520, 1, 376, 362, -1, 186, 227, 19.4, 21, MSapaaap, 36, 28361, 14861, 524, , 28361, 25000, 27749, 27631, 0, 
521, 1, 536, 468, -1, 225, 307, 18.3, 23, MSpaaaapa, -7, 26625, 15762, 592, , 26625, 25000, 27848, 27967, 0, 
522, 0, 199, -1, -1, 534, 179, 12.2, 23, , 289, -635, 15025, 540, , 27824, 25000, 28232, 28459, 0, 
523, 1, 528, 535, -1, 298, 283, 17.0, 19, MSpaapapa, 124, 27715, 8758, 316, , 27715, 25000, 27696, 27605, 0, 
524, 1, 510, 533, -1, 204, 181, 22.1, 23, ABalpppappp, 381, 27520, 13650, 496, , 27520, 25000, 28168, 28185, 0, 
525, 1, 520, 134, -1, 159, 176, 13.2, 22, ABalppaaapa, 299, 27274, 13528, 496, , 27274, 25000, 28114, 28383, 0, 
526, 1, 161, 420, -1, 145, 223, 19.5, 23, ABalapappaa, -344, 27326, 17270, 632, , 27326, 25000, 27928, 28154, 0, 
527, 1, 527, 528, -1, 395, 292, 6.7, 22, ABprpapappa, 274, 29107, 15252, 524, , 29107, 25000, 32436, 31391, 0, 
528, 1, 550, 516, -1, 348, 208, 13.5, 26, MSaapappa, 134, 32579, 29191, 896, , 32579, 25000, 31285, 29476, 0, 
529, 1, 543, 530, -1, 171, 325, 16.8, 22, ABalappppap, -289, 26460, 13124, 496, , 26460, 25000, 28370, 28542, 0, 
530, 1, 526, 531, -1, 534, 216, 8.5, 22, Caapaa, 276, 28570, 14628, 512, , 28570, 25000, 29518, 29540, 0, 
531, 1, 428, 537, -1, 192, 183, 24.1, 27, ABplaapaapp, -66, 27791, 25234, 908, , 27791, 25000, 28264, 28185, 0, 
532, 1, 530, 532, -1, 312, 241, 23.5, 24, MSappppa, 141, 28137, 21609, 768, , 28137, 25000, 28024, 28479, 0, 
533, 1, 235, 538, -1, 294, 248, 20.0, 22, MSaaapapa, 168, 29805, 11445, 384, , 29805, 25000, 28633, 29069, 0, 
534, 1, 531, 539, -1, 372, 123, 22.0, 24, ABplaapppp, 836, 28766, 17490, 608, , 28766, 25000, 27709, 27720, 0, 
535, 1, 532, 534, -1, 246, 174, 23.766666, 26, ABplaapappp, 157, 28596, 24478, 856, , 28596, 25000, 28692, 28957, 0, 
536, 1, 533, 540, -1, 225, 242, 22.0, 24, MSaaapaaa, 218, 29212, 17761, 608, , 29212, 25000, 27854, 28225, 0, 
537, 1, 534, 541, -1, 225, 281, 14.0, 23, ABaraaapapa, 120, 27262, 13958, 512, , 27262, 25000, 28314, 28219, 0, 
538, 1, 535, 542, -1, 367, 219, 16.0, 23, MSaapaapp, 158, 35844, 18352, 512, , 35844, 25000, 32559, 31105, 0, 
539, 1, 286, 543, -1, 331, 283, 16.0, 24, MSpaapapp, 153, 29531, 17955, 608, , 29531, 25000, 29226, 29037, 0, 
540, 1, 538, 544, -1, 340, 380, 10.0, 26, ABpraapppa, 348, 28292, 24105, 852, , 28292, 25000, 27981, 28137, 0, 
541, 1, 539, 545, -1, 358, 218, 7.0, 25, ABplpappaap, 179, 30742, 23487, 764, , 30742, 25000, 31413, 31893, 0, 
542, 1, 540, 546, -1, 521, 216, 6.0, 23, ABprpppapap, 209, 34082, 17450, 512, , 34082, 25000, 37149, 36478, 0, 
543, 1, 541, 529, -1, 133, 255, 19.0, 22, ABalappaap, 331, 27799, 10675, 384, , 27799, 25000, 27488, 27437, 0, 
544, 1, 47, 547, -1, 236, 299, 6.0, 22, ABalaapappa, 0, 37701, 14477, 384, , 37701, 25000, 35690, 36136, 0, 
545, 1, 542, 548, -1, 167, 314, 9.0, 20, ABalaappapa, 0, 27472, 8681, 316, , 27472, 25000, 28915, 29250, 0, 
546, 1, 544, 550, -1, 158, 295, 19.0, 23, ABalapppapa, 187, 28461, 14572, 512, , 28461, 25000, 27829, 27902, 0, 
547, 1, 388, 551, -1, 153, 309, 15.0, 26, ABalappapa, 261, 27798, 23684, 852, , 27798, 25000, 27488, 27647, 0, 
548, 1, 545, 552, -1, 171, 345, 19.0, 22, ABalapppppa, 0, 25779, 9899, 384, , 25779, 25000, 26897, 26869, 0, 
549, 1, 546, 553, -1, 147, 345, 16.0, 22, ABalappappp, 0, 25906, 9948, 384, , 25906, 25000, 28131, 28009, 0, 
550, 1, 547, 554, -1, 143, 308, 17.0, 23, ABalappppaa, 187, 27104, 13877, 512, , 27104, 25000, 27874, 27960, 0, 
551, 1, 548, 555, -1, 153, 256, 23.0, 22, ABalapapapa, -370, 26497, 10175, 384, , 26497, 25000, 27977, 28027, 0, 
552, 1, 549, 556, -1, 198, 153, 12.0, 21, ABalppaaapp, 0, 29378, 11281, 384, , 29378, 25000, 27753, 27898, 0, 
553, 1, 495, 557, -1, 230, 148, 11.0, 21, ABalppaappa, 0, 26378, 10129, 384, , 26378, 25000, 27837, 28033, 0, 
