1, 1, 438, 537, -1, 357, 209, 23.0, 25, Daaap, 207, 27191, 20774, 764, , 27191, 25000, 28607, 28640, 0, 
2, 1, 331, 57, -1, 349, 129, 10.4, 24, ABplpaaaapa, 200, 28279, 19795, 700, , 28279, 25000, 27985, 27943, 0, 
3, 1, 267, 92, -1, 287, 151, 11.4, 23, ABplpapaapa, 130, 28405, 18179, 640, , 28405, 25000, 28963, 28853, 0, 
4, 1, 179, 360, -1, 451, 387, 12.1, 26, ABprappaaa, 107, 27091, 21673, 800, , 27091, 25000, 27010, 26997, 0, 
5, 1, 279, 324, -1, 215, 176, 7.6, 24, ABalpapaaaa, 173, 29697, 20788, 700, , 29697, 25000, 31188, 31760, 0, 
6, 1, 118, 468, -1, 433, 290, 20.2, 30, Epraa, 279, 27913, 36845, 1320, , 27913, 25000, 29171, 28928, 0, 
7, 1, 151, 104, -1, 163, 274, 24.6, 28, ABarpaaaap, 179, 27439, 27110, 988, , 27439, 25000, 28194, 28201, 0, 
8, 1, 121, 364, -1, 335, 213, 5.4, 24, ABplpappaaa, 186, 37427, 26199, 700, , 37427, 25000, 35378, 35203, 0, 
9, 1, 444, 32, -1, 435, 286, 4.9, 23, ABprppaappp, 197, 34837, 17279, 496, , 34837, 25000, 37061, 36769, 0, 
10, 1, 289, 129, -1, 313, 146, 8.4, 28, ABalpapapap, 156, 27317, 26989, 988, , 27317, 25000, 28910, 29118, 0, 
11, 1, 237, 160, -1, 326, 241, 8.6, 26, ABarapapppp, 231, 29186, 24283, 832, , 29186, 25000, 28935, 28981, 0, 
12, 1, 123, 374, -1, 502, 176, 21.8, 31, Capapa, 308, 27516, 40283, 1464, , 27516, 25000, 28278, 28313, 0, 
13, 1, 70, 455, -1, 337, 177, 21.9, 26, ABplapaaapa, 257, 27216, 21773, 800, , 27216, 25000, 28835, 28945, 0, 
14, 1, 431, 66, -1, 328, 303, 4.6, 28, ABarappapap, 254, 36520, 36082, 988, , 36520, 25000, 36228, 36407, 0, 
15, 1, 416, 130, -1, 357, 253, 12.5, 24, MSpapappa, 204, 32430, 24906, 768, , 32430, 25000, 30575, 30373, 0, 
16, 1, 317, 186, -1, 234, 331, 6.5, 24, ABprpaaapaa, 175, 30257, 23237, 768, , 30257, 25000, 35413, 35941, 0, 
17, 1, 261, 37, -1, 461, 228, 25.8, 32, Dappp, 300, 27848, 44779, 1608, , 27848, 25000, 27975, 27975, 0, 
18, 1, 281, 303, -1, 381, 244, 18.5, 32, Ealaa, -152, 28320, 40554, 1432, , 28320, 25000, 28962, 28920, 0, 
19, 1, 338, 78, -1, 306, 150, 14.6, 23, ABplppaaaaa, 81, 27200, 17408, 640, , 27200, 25000, 27813, 27745, 0, 
20, 0, 385, -1, -1, 357, 204, 5.9, 22, , 166, 361, 16168, 464, , 34845, 25000, 34605, 34484, 0, 
21, 1, 137, 230, -1, 296, 249, 4.8, 24, ABarappaapp, 120, 39152, 25684, 656, , 39152, 25000, 38169, 37785, 0, 
22, 1, 250, 150, -1, 364, 188, 17.7, 27, MSappaaa, 180, 28785, 26597, 924, , 28785, 25000, 29247, 29440, 0, 
23, 1, 29, 55, -1, 230, 200, 23.2, 25, ABplaapappa, 191, 27325, 19237, 704, , 27325, 25000, 28233, 28108, 0, 
24, 1, 162, 11, -1, 186, 175, 12.7, 23, ABalppappaa, 219, 28356, 16787, 592, , 28356, 25000, 28109, 28126, 0, 
25, 1, 302, 371, -1, 455, 137, 14.9, 23, ABplppapapp, 137, 28810, 14290, 496, , 28810, 25000, 28704, 28729, 0, 
26, 1, 217, 352, -1, 339, 275, 10.9, 25, MSpapaaap, 234, 31124, 21413, 688, , 31124, 25000, 30880, 30744, 0, 
27, 1, 360, 293, -1, 482, 265, 5.1, 23, ABprppppapa, 193, 34105, 16916, 496, , 34105, 25000, 35158, 34127, 0, 
28, 1, 78, 269, -1, 423, 129, 18.5, 26, ABplappaaa, 303, 28552, 25583, 896, , 28552, 25000, 27351, 27495, 0, 
29, 1, 257, 243, -1, 198, 315, 15.6, 25, MSppaaap, 215, 27745, 23084, 832, , 27745, 25000, 28187, 28216, 0, 
30, 1, 47, 76, -1, 269, 245, 10.1, 25, ABarapapaap, -61, 27789, 19119, 688, , 27789, 25000, 27682, 27531, 0, 
31, 1, 296, 168, -1, 292, 164, 6.3, 24, ABalpapapaa, 243, 37041, 26077, 704, , 37041, 25000, 37815, 38142, 0, 
32, 1, 367, 194, -1, 507, 217, 15.6, 33, Eplpa, 333, 27399, 44934, 1640, , 27399, 25000, 29337, 29485, 0, 
33, 1, 113, 96, -1, 348, 153, 9.3, 24, ABalpapappa, 193, 28105, 19786, 704, , 28105, 25000, 28187, 28046, 0, 
34, 1, 213, 166, -1, 283, 298, 5.9, 23, ABarapppppp, 192, 34522, 17123, 496, , 34522, 25000, 34906, 34945, 0, 
35, 1, 163, 48, -1, 195, 197, 26.7, 27, ABplaaapaa, 272, 29924, 27650, 924, , 29924, 25000, 29784, 30008, 0, 
36, 1, 380, 363, -1, 224, 333, 15.5, 24, ABpraapapaa, 14, 27467, 21095, 768, , 27467, 25000, 27799, 27713, 0, 
37, 1, 368, 284, -1, 525, 139, 22.3, 29, ABplapapaa, 274, 27522, 29394, 1068, , 27522, 25000, 27819, 27825, 0, 
38, 1, 45, 306, -1, 221, 253, 6.0, 24, ABarappaaaa, 225, 33094, 20121, 608, , 33094, 25000, 35228, 34847, 0, 
39, 1, 41, 20, -1, 278, 268, 10.7, 27, ABarapappa, 71, 28666, 26487, 924, , 28666, 25000, 27760, 27809, 0, 
40, 1, 417, 310, -1, 191, 281, 6.2, 24, ABarapppaaa, 214, 32316, 21199, 656, , 32316, 25000, 36629, 36449, 0, 
41, 1, 166, 427, -1, 347, 282, 25.3, 30, ABarppaapa, 304, 30263, 39584, 1308, , 30263, 25000, 28508, 28446, 0, 
42, 1, 405, 499, -1, 142, 284, 17.4, 21, ABalapppaap, 162, 27323, 14317, 524, , 27323, 25000, 27856, 27892, 0, 
43, 0, 278, -1, -1, 241, 283, 18.8, 25, , 236, -377, 20149, 704, , 28621, 25000, 28616, 28998, 0, 
44, 1, 190, 72, -1, 484, 237, 5.6, 24, ABprppppapp, 227, 36750, 25725, 700, , 36750, 25000, 34617, 34793, 0, 
45, 0, 37, -1, -1, 360, 126, 20.2, 25, , 127, 38, 19771, 704, , 28084, 25000, 28048, 28046, 0, 
46, 1, 234, 64, -1, 295, 253, 8.0, 24, ABarapapppa, -129, 26641, 16198, 608, , 26641, 25000, 29218, 29193, 0, 
47, 1, 50, 30, -1, 234, 270, 12.2, 28, ABarapaapa, 106, 28841, 30341, 1052, , 28841, 25000, 28189, 28138, 0, 
48, 1, 63, 370, -1, 128, 226, 16.5, 27, ABalaaapar, 129, 26876, 24081, 896, , 26876, 25000, 27450, 27453, 0, 
49, 1, 339, 41, -1, 372, 379, 16.3, 25, ABprapaaapp, 352, 27758, 21207, 764, , 27758, 25000, 28906, 29072, 0, 
50, 1, 184, 242, -1, 296, 208, 15.5, 24, ABaraapappa, 90, 27863, 21399, 768, , 27863, 25000, 28446, 28657, 0, 
51, 1, 299, 410, -1, 511, 214, 12.6, 32, Eplpp, 80, 27978, 41519, 1484, , 27978, 25000, 29096, 29156, 0, 
52, 1, 345, 332, -1, 259, 287, 17.2, 29, ABaraappapp, 296, 28006, 31143, 1112, , 28006, 25000, 28069, 28095, 0, 
53, 1, 111, 56, -1, 325, 319, 6.8, 22, ABprpapaapp, 192, 28752, 14261, 496, , 28752, 25000, 31684, 31496, 0, 
54, 1, 1, 88, -1, 353, 120, 17.0, 25, ABplapaapa, 253, 27619, 21101, 764, , 27619, 25000, 28619, 28606, 0, 
55, 1, 318, 460, -1, 281, 322, 8.2, 24, ABprpaaappa, 230, 29069, 19069, 656, , 29069, 25000, 28623, 28992, 0, 
56, 0, 56, -1, -1, 168, 256, 21.0, 28, , 379, 448, 32251, 1128, , 28591, 25000, 28035, 28143, 0, 
57, 1, 344, 448, -1, 159, 176, 10.8, 26, ABalaaaalp, 347, 27314, 21742, 796, , 27314, 25000, 27771, 27696, 0, 
58, 1, 286, 198, -1, 536, 185, 7.0, 23, ABplppppppa, 187, 32182, 16477, 512, , 32182, 25000, 32703, 32633, 0, 
59, 1, 287, 185, -1, 445, 155, 24.6, 28, ABplappapa, 71, 28809, 28463, 988, , 28809, 25000, 28058, 28037, 0, 
60, 1, 27, 63, -1, 245, 234, 7.7, 27, ABarapaaap, 137, 28886, 26691, 924, , 28886, 25000, 30083, 29955, 0, 
61, 1, 119, 91, -1, 129, 304, 18.5, 25, ABpraapaaaa, 70, 26208, 20128, 768, , 26208, 25000, 27790, 27863, 0, 
62, 1, 2, 204, -1, 245, 172, 21.8, 26, ABplaapapap, 233, 27780, 22113, 796, , 27780, 25000, 28237, 28100, 0, 
63, 1, 196, 200, -1, 177, 139, 16.8, 26, ABalpppaapv, 339, 27736, 22078, 796, , 27736, 25000, 27500, 27523, 0, 
64, 1, 149, 472, -1, 298, 396, 19.2, 27, ABarpapppp, 232, 26143, 22692, 868, , 26143, 25000, 27658, 27603, 0, 
65, 1, 18, 77, -1, 256, 367, 17.6, 27, ABpraapappp, 227, 27095, 26770, 988, , 27095, 25000, 27853, 27975, 0, 
66, 1, 373, 101, -1, 244, 307, 21.3, 30, MSpaaaaa, 162, 27972, 36588, 1308, , 27972, 25000, 28345, 28387, 0, 
67, 1, 115, 27, -1, 470, 114, 17.0, 26, ABplappapp, 24, 27944, 23808, 852, , 27944, 25000, 28268, 28230, 0, 
68, 1, 425, 304, -1, 381, 267, 24.9, 31, Cpaaaa, 311, 28293, 41874, 1480, , 28293, 25000, 28361, 28369, 0, 
69, 1, 90, 405, -1, 380, 348, 5.9, 23, ABprpaaaapp, 224, 33518, 16625, 496, , 33518, 25000, 37131, 37854, 0, 
70, 1, 81, 280, -1, 235, 282, 7.7, 24, ABarappppap, 219, 29791, 20973, 704, , 29791, 25000, 30340, 29584, 0, 
71, 1, 248, 366, -1, 233, 308, 11.4, 24, ABprpaapaaa, 232, 27923, 19546, 700, , 27923, 25000, 27305, 27262, 0, 
72, 1, 336, 357, -1, 266, 256, 13.5, 25, ABarapaappa, 220, 26582, 20415, 768, , 26582, 25000, 28120, 28212, 0, 
73, 1, 124, 221, -1, 122, 242, 21.0, 25, ABplaapaaaa, 146, 27859, 21284, 764, , 27859, 25000, 27217, 27275, 0, 
74, 1, 164, 213, -1, 257, 216, 16.0, 22, ABalpaaappa, 199, 29174, 11203, 384, , 29174, 25000, 28066, 27895, 0, 
75, 1, 215, 341, -1, 318, 193, 23.8, 24, ABplapaaaaa, 202, 26800, 17581, 656, , 26800, 25000, 28032, 28070, 0, 
76, 1, 146, 238, -1, 268, 202, 7.3, 25, ABalpappapa, -62, 29766, 22741, 764, , 29766, 25000, 30821, 30821, 0, 
77, 1, 31, 164, -1, 224, 290, 16.1, 25, ABaraappapa, 148, 28366, 19516, 688, , 28366, 25000, 28226, 28256, 0, 
78, 1, 342, 225, -1, 458, 257, 21.4, 34, Eplaa, 345, 27547, 49034, 1780, , 27547, 25000, 28685, 28684, 0, 
79, 1, 404, 287, -1, 248, 366, 9.1, 23, ABprpaapapp, 207, 27230, 13506, 496, , 27230, 25000, 27427, 27407, 0, 
80, 1, 65, 115, -1, 406, 144, 12.6, 24, ABplppapaap, -135, 28674, 20072, 700, , 28674, 25000, 27767, 27804, 0, 
81, 1, 198, 326, -1, 516, 157, 12.5, 24, ABplapppapa, 205, 27118, 20827, 768, , 27118, 25000, 28419, 28604, 0, 
82, 1, 89, 108, -1, 247, 240, 20.3, 28, ABaraapaapp, 265, 28352, 30166, 1064, , 28352, 25000, 28409, 28313, 0, 
83, 1, 460, 171, -1, 248, 367, 14.8, 24, ABpraapapap, 103, 27255, 17879, 656, , 27255, 25000, 28415, 28515, 0, 
84, 0, 333, -1, -1, 229, 309, 4.9, 24, , 223, 1156, 24469, 604, , 40512, 25000, 38865, 39356, 0, 
85, 1, 51, 387, -1, 423, 167, 7.7, 24, ABplppaappp, 208, 29283, 20615, 704, , 29283, 25000, 28974, 29201, 0, 
86, 1, 92, 429, -1, 269, 150, 23.2, 28, ABalppppppp, 28, 26886, 28284, 1052, , 26886, 25000, 28173, 28066, 0, 
87, 1, 160, 428, -1, 291, 232, 25.5, 25, ABarppaaaa, 201, 29997, 23038, 768, , 29997, 25000, 28246, 28314, 0, 
88, 1, 76, 137, -1, 575, 189, 9.9, 24, Caappv, 240, 28786, 17387, 604, , 28786, 25000, 28714, 28854, 0, 
89, 1, 61, 177, -1, 235, 151, 18.6, 23, ABplpaapaap, 224, 28244, 18076, 640, , 28244, 25000, 27428, 27471, 0, 
90, 1, 379, 384, -1, 468, 282, 8.3, 24, MSpappap, 219, 27065, 19054, 704, , 27065, 25000, 29581, 29660, 0, 
91, 1, 28, 300, -1, 311, 276, 12.7, 27, ABaraapppp, 231, 28363, 26207, 924, , 28363, 25000, 29151, 29107, 0, 
92, 1, 268, 268, -1, 204, 372, 19.5, 24, ABarpappaa, 146, 27375, 21024, 768, , 27375, 25000, 27846, 27984, 0, 
93, 1, 203, 132, -1, 131, 273, 21.5, 28, ABarpaaaaa, 280, 29178, 31512, 1080, , 29178, 25000, 28326, 28263, 0, 
94, 1, 222, 426, -1, 343, 269, 14.1, 25, MSpapaapa, 239, 35313, 24295, 688, , 35313, 25000, 31057, 30979, 0, 
95, 1, 185, 256, -1, 512, 250, 5.5, 23, ABprpppapaa, 208, 39373, 24884, 632, , 39373, 25000, 36383, 36466, 0, 
96, 1, 11, 23, -1, 452, 124, 20.0, 27, ABplappaap, 69, 28388, 29296, 1032, , 28388, 25000, 27763, 27671, 0, 
97, 1, 44, 197, -1, 320, 203, 8.1, 26, ABalpappapp, -196, 29738, 23790, 800, , 29738, 25000, 30094, 30126, 0, 
98, 1, 77, 388, -1, 502, 271, 25.3, 32, Cpaapa, 312, 28396, 44979, 1584, , 28396, 25000, 28613, 28616, 0, 
99, 1, 370, 140, -1, 517, 380, 17.7, 27, ABarpppppa, 66, 26937, 24890, 924, , 26937, 25000, 27961, 27987, 0, 
100, 1, 156, 444, -1, 514, 209, 24.9, 29, Cappaap, 237, 27598, 33338, 1208, , 27598, 25000, 28229, 28223, 0, 
101, 1, 133, 275, -1, 308, 369, 18.4, 26, ABprapaaaaa, 208, 27645, 23001, 832, , 27645, 25000, 27779, 27823, 0, 
102, 1, 169, 467, -1, 406, 228, 24.7, 25, Dappa, 161, 29370, 22439, 764, , 29370, 25000, 28851, 28851, 0, 
103, 1, 58, 378, -1, 432, 283, 9.8, 32, Z2, 320, 27496, 44213, 1608, , 27496, 25000, 28277, 28408, 0, 
104, 1, 361, 117, -1, 316, 227, 5.7, 25, ABarapapapp, -345, 40381, 30851, 764, , 40381, 25000, 36233, 35781, 0, 
105, 1, 424, 174, -1, 459, 267, 6.4, 24, ABprppppaaa, 192, 31549, 22084, 700, , 31549, 25000, 32837, 32611, 0, 
106, 1, 10, 226, -1, 489, 381, 12.7, 26, ABprappaap, -262, 27943, 23919, 856, , 27943, 25000, 27247, 27313, 0, 
107, 1, 312, 25, -1, 510, 368, 10.2, 26, ABprappapp, -140, 27720, 22065, 796, , 27720, 25000, 27570, 27652, 0, 
108, 1, 230, 74, -1, 311, 225, 18.0, 26, ABaraapapap, 147, 28458, 24246, 852, , 28458, 25000, 28823, 28825, 0, 
109, 1, 54, 167, -1, 183, 268, 16.6, 24, ABaraappaaa, 198, 26733, 18713, 700, , 26733, 25000, 27958, 27998, 0, 
110, 1, 330, 173, -1, 399, 279, 8.8, 26, MSppaapp, 227, 27922, 22226, 796, , 27922, 25000, 28588, 28862, 0, 
111, 1, 17, 247, -1, 192, 167, 9.3, 24, ABalppapaaa, 360, 28557, 20104, 704, , 28557, 25000, 28495, 28333, 0, 
112, 1, 39, 347, -1, 167, 340, 13.7, 25, ABpraaapapa, 212, 27631, 21110, 764, , 27631, 25000, 28158, 28089, 0, 
113, 1, 442, 54, -1, 288, 384, 14.4, 26, ABpraaapppp, 253, 27177, 22611, 832, , 27177, 25000, 28020, 28025, 0, 
114, 1, 93, 165, -1, 200, 225, 13.1, 27, ABaraaaaaa, 266, 27548, 25014, 908, , 27548, 25000, 27822, 27920, 0, 
115, 1, 300, 82, -1, 240, 271, 4.9, 23, ABarapppapa, 198, 36153, 17932, 496, , 36153, 25000, 36387, 36059, 0, 
116, 1, 377, 340, -1, 263, 252, 5.8, 23, ABarappaaap, 202, 39015, 21068, 540, , 39015, 25000, 35480, 35374, 0, 
117, 1, 467, 321, -1, 227, 193, 20.0, 24, ABplaapapaa, 204, 27827, 16919, 608, , 27827, 25000, 28238, 28258, 0, 
118, 1, 75, 151, -1, 400, 123, 19.8, 28, ABplapaapp, -212, 26693, 28081, 1052, , 26693, 25000, 27623, 27564, 0, 
119, 1, 246, 136, -1, 560, 283, 13.1, 26, Cpppapp, 233, 27491, 21993, 800, , 27491, 25000, 28913, 28995, 0, 
120, 1, 49, 415, -1, 202, 136, 19.9, 24, ABplpaapapa, 19, 28053, 16944, 604, , 28053, 25000, 28564, 28610, 0, 
121, 1, 314, 159, -1, 445, 159, 9.1, 25, ABplpppaaaa, 136, 27734, 19081, 688, , 27734, 25000, 28542, 28458, 0, 
122, 1, 359, 210, -1, 299, 120, 16.8, 27, ABplaappap, 270, 28975, 25150, 868, , 28975, 25000, 27593, 27601, 0, 
123, 1, 102, 406, -1, 555, 333, 8.9, 27, ABprapappa, 32, 28284, 25682, 908, , 28284, 25000, 27847, 27933, 0, 
124, 1, 135, 316, -1, 555, 311, 10.8, 25, ABprapppaa, 144, 27112, 19087, 704, , 27112, 25000, 28147, 28183, 0, 
125, 1, 266, 512, -1, 324, 115, 17.9, 24, ABplaapppa, 189, 26212, 15832, 604, , 26212, 25000, 27595, 27391, 0, 
126, 1, 194, 122, -1, 209, 243, 18.5, 30, ABaraapaapa, 63, 26350, 32463, 1232, , 26350, 25000, 28060, 28227, 0, 
127, 1, 362, 105, -1, 444, 320, 6.0, 23, ABprppappap, 180, 34063, 17440, 512, , 34063, 25000, 33443, 33937, 0, 
128, 1, 504, 430, -1, 255, 159, 6.8, 23, ABalppapapa, 226, 33174, 17914, 540, , 33174, 25000, 34951, 35132, 0, 
129, 0, 292, -1, -1, 161, 152, 13.1, 23, , 91, -5, 13681, 496, , 27583, 25000, 27664, 27588, 0, 
130, 1, 153, 386, -1, 451, 173, 12.2, 23, MSpappaa, 205, 28743, 15521, 540, , 28743, 25000, 29269, 29293, 0, 
131, 1, 97, 106, -1, 501, 145, 9.3, 24, ABplpppaapa, 205, 27784, 19560, 704, , 27784, 25000, 28631, 28580, 0, 
132, 1, 145, 14, -1, 417, 393, 12.5, 26, ABprapaapp, -447, 26711, 23933, 896, , 26711, 25000, 27472, 27458, 0, 
133, 1, 96, 456, -1, 441, 196, 7.4, 23, ABplppppaaa, 226, 28422, 18190, 640, , 28422, 25000, 30351, 30541, 0, 
134, 1, 525, 510, -1, 151, 169, 13.9, 22, ABalppaaapa, 301, 26483, 12288, 464, , 26483, 25000, 27549, 27611, 0, 
135, 1, 99, 34, -1, 356, 390, 11.2, 26, ABprapaapa, 106, 27338, 21761, 796, , 27338, 25000, 28205, 28114, 0, 
136, 1, 393, 224, -1, 532, 124, 10.8, 26, ABplappppa, 335, 27152, 21613, 796, , 27152, 25000, 27855, 27928, 0, 
137, 1, 437, 397, -1, 153, 157, 16.7, 24, ABalaaapall, 211, 28213, 19862, 704, , 28213, 25000, 27513, 27671, 0, 
138, 1, 309, 253, -1, 526, 140, 7.3, 24, ABplpppaapp, 221, 31314, 22045, 704, , 31314, 25000, 31341, 31561, 0, 
139, 1, 322, 1, -1, 329, 293, 6.9, 23, ABprpapaaap, 200, 29607, 14685, 496, , 29607, 25000, 32900, 31797, 0, 
140, 1, 62, 449, -1, 232, 207, 14.7, 29, ABalpaaapa, 130, 27006, 28842, 1068, , 27006, 25000, 27693, 27864, 0, 
141, 1, 285, 399, -1, 193, 306, 11.4, 27, ABalaapppa, 223, 27844, 27510, 988, , 27844, 25000, 27623, 27688, 0, 
142, 1, 112, 395, -1, 371, 252, 4.7, 25, ABprpappapa, 254, 36948, 28228, 764, , 36948, 25000, 36758, 36708, 0, 
143, 0, 490, -1, -1, 505, 208, 5.8, 26, , 240, 1280, 30368, 796, , 38151, 25000, 37039, 36871, 0, 
144, 1, 101, 40, -1, 249, 192, 26.5, 31, ABplaaappa, 259, 28699, 35357, 1232, , 28699, 25000, 28987, 28947, 0, 
145, 1, 348, 339, -1, 235, 389, 17.4, 26, ABarpappap, 222, 26655, 22177, 832, , 26655, 25000, 27225, 27196, 0, 
146, 1, 155, 369, -1, 276, 151, 14.5, 25, ABplpaaappp, 172, 27083, 20800, 768, , 27083, 25000, 27717, 28033, 0, 
147, 1, 353, 9, -1, 232, 165, 25.8, 33, ABplaaapap, 300, 28891, 50386, 1744, , 28891, 25000, 28632, 28631, 0, 
148, 1, 104, 28, -1, 541, 356, 10.8, 27, ABprapapap, 2, 27094, 23518, 868, , 27094, 25000, 27425, 27339, 0, 
149, 1, 73, 445, -1, 484, 156, 24.7, 26, ABarppappa, 377, 29437, 25198, 856, , 29437, 25000, 28450, 28472, 0, 
150, 1, 256, 43, -1, 408, 285, 4.8, 25, ABprppaappa, 205, 37024, 26065, 704, , 37024, 25000, 34900, 35016, 0, 
151, 1, 324, 379, -1, 501, 348, 13.0, 30, Cppaap, 19, 27476, 37038, 1348, , 27476, 25000, 28574, 28725, 0, 
152, 1, 120, 267, -1, 246, 167, 10.4, 24, ABalppapppa, -19, 27100, 18970, 700, , 27100, 25000, 28422, 28492, 0, 
153, 0, 86, -1, -1, 519, 234, 6.7, 23, , 121, -670, 19554, 592, , 33030, 25000, 34593, 33700, 0, 
154, 1, 103, -1, -1, 233, 239, 13.0, 24, ABalpappaaa, 17, 28862, 17548, 608, , 28862, 25000, 28351, 28221, 0, 
155, 1, 319, 273, -1, 359, 223, 9.4, 24, MSaappaa, 101, 28559, 19991, 700, , 28559, 25000, 29381, 29461, 0, 
156, 1, 364, 302, -1, 470, 396, 17.7, 28, ABprappapa, 42, 28190, 29994, 1064, , 28190, 25000, 28330, 28307, 0, 
157, 1, 459, 462, -1, 454, 195, 9.1, 24, ABplppppaap, 208, 27545, 16637, 604, , 27545, 25000, 29213, 29320, 0, 
158, 1, 8, 51, -1, 284, 219, 19.0, 26, ABaraapapaa, 107, 28741, 24487, 852, , 28741, 25000, 28040, 27959, 0, 
159, 1, 277, 196, -1, 342, 370, 16.9, 24, ABprapaaapa, 222, 27171, 16411, 604, , 27171, 25000, 28501, 28504, 0, 
160, 1, 441, 365, -1, 445, 288, 25.5, 33, Cpaaap, 323, 27928, 45355, 1624, , 27928, 25000, 28721, 28697, 0, 
161, 1, 395, 89, -1, 158, 182, 24.5, 27, ABplaapaapa, 229, 26939, 24137, 896, , 26939, 25000, 28025, 27999, 0, 
162, 1, 158, 398, -1, 349, 151, 22.2, 26, ABplapaaapp, 231, 29535, 23510, 796, , 29535, 25000, 28624, 28719, 0, 
163, 1, 132, 58, -1, 366, 146, 12.2, 23, ABplppaapap, 200, 26880, 14515, 540, , 26880, 25000, 28221, 28082, 0, 
164, 1, 172, 323, -1, 516, 114, 13.4, 27, ABplapappa, 275, 28258, 27919, 988, , 28258, 25000, 27874, 27820, 0, 
165, 1, 247, 290, -1, 239, 342, 21.5, 27, MSppappp, 201, 29154, 26122, 896, , 29154, 25000, 28478, 28539, 0, 
166, 1, 448, 465, -1, 330, 249, 17.4, 24, MSaaapapp, 192, 28616, 20031, 700, , 28616, 25000, 28808, 28760, 0, 
167, 1, 457, 354, -1, 208, 348, 13.3, 23, ABpraaapaad, 351, 26887, 15917, 592, , 26887, 25000, 27749, 27704, 0, 
168, 1, 107, 234, -1, 275, 191, 17.8, 26, MSapapaa, -45, 28421, 22623, 796, , 28421, 25000, 28812, 28815, 0, 
169, 1, 106, 314, -1, 231, 201, 9.0, 26, ABalpaaaap, 191, 27399, 23344, 852, , 27399, 25000, 28181, 28421, 0, 
170, 1, 478, 26, -1, 558, 140, 16.5, 24, ABplapapppa, 196, 29368, 22555, 768, , 29368, 25000, 28050, 28150, 0, 
171, 1, 485, 231, -1, 389, 349, 21.9, 28, Dpppa, 281, 28442, 30945, 1088, , 28442, 25000, 28294, 28307, 0, 
172, 1, 471, 68, -1, 531, 181, 11.1, 26, Capppp, 266, 27785, 22228, 800, , 27785, 25000, 28574, 28687, 0, 
173, 1, 131, 100, -1, 536, 137, 14.1, 26, ABplapppaa, 44, 28303, 22642, 800, , 28303, 25000, 27764, 27769, 0, 
174, 1, 363, 252, -1, 213, 313, 13.0, 22, ABpraaapaav, 171, 27599, 10598, 384, , 27599, 25000, 27406, 27381, 0, 
175, 1, 470, 227, -1, 193, 367, 16.5, 27, ABpraapaapp, 43, 27628, 24755, 896, , 27628, 25000, 27999, 28011, 0, 
176, 1, 516, 536, -1, 258, 127, 17.9, 20, ABplpaapppa, -386, 27358, 8645, 316, , 27358, 25000, 28405, 28489, 0, 
177, 1, 273, 433, -1, 174, 217, 10.4, 22, ABalpaappaa, -134, 29720, 17000, 572, , 29720, 25000, 28321, 28634, 0, 
178, 1, 252, 325, -1, 565, 159, 13.2, 25, ABplapapppp, 57, 28321, 19938, 704, , 28321, 25000, 27839, 27849, 0, 
179, 1, 297, 218, -1, 281, 182, 22.1, 24, ABalppppppa, 269, 27483, 16600, 604, , 27483, 25000, 28453, 28511, 0, 
180, 1, 127, 86, -1, 390, 222, 6.2, 23, ABprpappapp, -63, 31306, 16905, 540, , 31306, 25000, 34474, 34585, 0, 
181, 1, 201, 392, -1, 160, 207, 19.0, 26, ABalapaaaa, 240, 28196, 24023, 852, , 28196, 25000, 27263, 27399, 0, 
182, 1, 327, 315, -1, 272, 395, 17.9, 27, ABarpapppa, 272, 27228, 24723, 908, , 27228, 25000, 27664, 27820, 0, 
183, 1, 293, 172, -1, 463, 332, 7.7, 30, ABprppapap, 255, 27358, 35784, 1308, , 27358, 25000, 29309, 29483, 0, 
184, 1, 325, 470, -1, 504, 340, 21.1, 27, Cpppaap, 256, 26945, 24466, 908, , 26945, 25000, 28391, 28367, 0, 
185, 1, 233, 308, -1, 389, 252, 11.6, 23, MSpapappp, 198, 32362, 20712, 640, , 32362, 25000, 31707, 30685, 0, 
186, 1, 271, 498, -1, 307, 215, 24.6, 25, ABplapaaaap, 260, 26656, 22178, 832, , 26656, 25000, 28121, 28249, 0, 
187, 1, 396, 16, -1, 511, 264, 9.2, 23, ABprpppppap, 206, 26874, 14512, 540, , 26874, 25000, 29439, 29430, 0, 
188, 1, 117, 372, 443, 166, 240, 25.5, 28, ABplaaaaaa, 172, 28332, 30599, 1080, , 28332, 25000, 28106, 28159, 0, 
189, 1, 83, 75, -1, 434, 167, 18.6, 29, Capaaa, 153, 27524, 31818, 1156, , 27524, 25000, 27708, 27668, 0, 
190, 1, 399, 107, -1, 240, 336, 25.3, 28, ABarpapapp, 251, 29525, 31415, 1064, , 29525, 25000, 28665, 28846, 0, 
191, 1, 36, 259, -1, 219, 169, 12.0, 24, ABalppappap, -32, 27668, 16822, 608, , 27668, 25000, 28091, 28131, 0, 
192, 1, 366, 15, -1, 165, 255, 18.4, 28, MSaaaaaa, 264, 26753, 26432, 988, , 26753, 25000, 27975, 28135, 0, 
193, 1, 355, 396, -1, 514, 240, 19.1, 33, Eplap, 292, 28317, 49159, 1736, , 28317, 25000, 28474, 28457, 0, 
194, 1, 227, 36, -1, 199, 220, 21.8, 24, ABplaaaaapa, 61, 26994, 17708, 656, , 26994, 25000, 27952, 27994, 0, 
195, 1, 46, 18, -1, 143, 216, 23.6, 25, ABplaapaaap, -17, 29316, 24391, 832, , 29316, 25000, 27866, 27913, 0, 
196, 1, 94, 209, -1, 227, 156, 8.3, 23, ABalppapaap, 202, 28201, 16695, 592, , 28201, 25000, 29076, 29051, 0, 
197, 1, 126, 181, -1, 162, 332, 11.0, 23, ABalaappppp, 225, 27623, 14143, 512, , 27623, 25000, 27650, 27829, 0, 
198, 1, 428, 401, -1, 372, 285, 7.4, 23, ABprpapapap, 200, 29042, 18587, 640, , 29042, 25000, 29596, 29686, 0, 
199, 1, 66, 474, -1, 354, 228, 20.2, 27, MSaaappp, 120, 28395, 24647, 868, , 28395, 25000, 28327, 28231, 0, 
200, 0, 84, -1, -1, 85, 261, 16.0, 26, , 446, 4216, 25970, 852, , 30481, 25000, 26265, 26265, 0, 
201, 1, 429, 393, -1, 414, 179, 11.2, 26, MSapaapp, 262, 27672, 22027, 796, , 27672, 25000, 28106, 28128, 0, 
202, 1, 283, 322, -1, 160, 299, 9.8, 25, ABalaaapprr, 218, 29807, 20984, 704, , 29807, 25000, 28281, 28214, 0, 
203, 1, 489, 519, -1, 133, 316, 13.4, 23, ABalappappa, 237, 26261, 16807, 640, , 26261, 25000, 27391, 27459, 0, 
204, 1, 186, 327, -1, 311, 240, 14.0, 24, ABaraapappp, 198, 27660, 16817, 608, , 27660, 25000, 27808, 27968, 0, 
205, 1, 223, 331, -1, 421, 251, 18.5, 30, Ealap, 215, 28002, 34499, 1232, , 28002, 25000, 28802, 28801, 0, 
206, 1, 446, 152, -1, 585, 187, 16.4, 30, Cpapaa, 305, 28583, 33042, 1156, , 28583, 25000, 29226, 29318, 0, 
207, 1, 409, 44, -1, 331, 141, 14.6, 24, ABplppaaaap, 266, 27430, 19201, 700, , 27430, 25000, 28173, 28114, 0, 
208, 1, 130, 155, -1, 205, 230, 8.5, 23, ABarapaaaaa, 414, 27763, 17546, 632, , 27763, 25000, 28501, 28528, 0, 
209, 0, 20, -1, -1, 214, 158, 22.1, 23, , 198, -762, 13394, 496, , 27004, 25000, 27707, 27766, 0, 
210, 1, 134, 391, -1, 264, 149, 10.3, 24, ABalppapppp, 194, 28876, 20329, 704, , 28876, 25000, 28891, 28904, 0, 
211, 1, 232, 277, -1, 502, 115, 17.5, 27, ABplapapap, 257, 28265, 25325, 896, , 28265, 25000, 27710, 27713, 0, 
212, 1, 157, 184, -1, 175, 232, 8.2, 26, ABaraaappa, -86, 28407, 22612, 796, , 28407, 25000, 29416, 29541, 0, 
213, 1, 341, 257, -1, 154, 200, 13.4, 26, ABalaaaala, 10, 27488, 22870, 832, , 27488, 25000, 28557, 28526, 0, 
214, 1, 401, 285, -1, 300, 293, 19.7, 26, MSpaaappa, 216, 26361, 22565, 856, , 26361, 25000, 28000, 28097, 0, 
215, 1, 453, 134, -1, 481, 315, 6.4, 26, ABprppappp, -86, 31316, 26055, 832, , 31316, 25000, 34360, 34928, 0, 
216, 1, 262, 35, -1, 282, 287, 22.6, 25, MSaaaapap, 236, 27924, 23233, 832, , 27924, 25000, 29006, 29197, 0, 
217, 1, 487, 517, -1, 202, 303, 5.1, 22, ABalaappapp, 164, 41881, 19433, 464, , 41881, 25000, 40770, 40964, 0, 
218, 0, -1, -1, -1, 350, 226, 17.0, 23, , 199, -670, 14814, 512, , 28934, 25000, 30137, 29604, 0, 
219, 1, 411, 309, -1, 230, 289, 26.1, 29, ABplaaaapp, 146, 27373, 33067, 1208, , 27373, 25000, 28571, 28547, 0, 
220, 1, 82, 368, -1, 386, 389, 11.9, 29, ABpraapppp, 117, 28163, 34021, 1208, , 28163, 25000, 28263, 28254, 0, 
221, 1, 412, 447, -1, 169, 283, 7.3, 26, ABalaapaap, 357, 31286, 26781, 856, , 31286, 25000, 32082, 32381, 0, 
222, 1, 180, 424, -1, 480, 178, 15.0, 24, ABplpppppaa, 245, 28604, 17391, 608, , 28604, 25000, 28655, 28614, 0, 
223, 1, 161, 53, -1, 260, 343, 13.5, 23, ABpraaappap, 205, 27242, 17217, 632, , 27242, 25000, 27998, 27817, 0, 
224, 1, 33, 236, -1, 374, 308, 5.2, 24, ABarappappa, 70, 36960, 24246, 656, , 36960, 25000, 35605, 35846, 0, 
225, 1, 191, 90, -1, 301, 280, 4.6, 23, ABarappapaa, -3, 37800, 24192, 640, , 37800, 25000, 35705, 35157, 0, 
226, 1, 245, 350, -1, 290, 319, 17.7, 25, MSpaapaa, 199, 27696, 21160, 764, , 27696, 25000, 28192, 28256, 0, 
227, 1, 4, 480, -1, 202, 230, 15.9, 22, ABalpaapaap, 213, 27166, 12605, 464, , 27166, 25000, 28406, 28135, 0, 
228, 1, 270, 283, -1, 480, 158, 18.0, 29, Capaap, 278, 26932, 33072, 1228, , 26932, 25000, 28313, 28338, 0, 
229, 1, 53, 423, -1, 255, 171, 19.6, 25, ABalpppppap, 209, 27346, 22752, 832, , 27346, 25000, 28164, 28500, 0, 
230, 1, 462, 42, -1, 382, 137, 14.5, 25, ABplppapaaa, 234, 28641, 21996, 768, , 28641, 25000, 28300, 28402, 0, 
231, 1, 290, 12, -1, 260, 225, 5.1, 24, ABarappaapa, 167, 38925, 23511, 604, , 38925, 25000, 37173, 36663, 0, 
232, 1, 376, 83, -1, 442, 354, 21.7, 30, Dpppp, 262, 28034, 36668, 1308, , 28034, 25000, 28700, 28700, 0, 
233, 1, 100, 342, -1, 377, 274, 11.3, 24, MSpapapa, 187, 43243, 30443, 704, , 43243, 25000, 32401, 32290, 0, 
234, 1, 210, 413, -1, 412, 147, 9.8, 23, ABplppappap, 162, 28017, 15129, 540, , 28017, 25000, 27929, 27860, 0, 
235, 1, 477, 201, -1, 550, 196, 21.2, 29, Capppaa, 230, 27873, 30995, 1112, , 27873, 25000, 28627, 28775, 0, 
236, 1, 240, 265, -1, 206, 161, 14.3, 24, ABplpaaaaaa, 204, 27243, 19179, 704, , 27243, 25000, 27860, 28178, 0, 
237, 1, 183, 461, -1, 275, 320, 13.6, 26, MSppapaa, 199, 26707, 22220, 832, , 26707, 25000, 27707, 27767, 0, 
238, 1, 228, 233, -1, 201, 283, 17.4, 24, ABaraappaap, -212, 26674, 18672, 700, , 26674, 25000, 27425, 27287, 0, 
239, 1, 310, 69, -1, 199, 243, 24.9, 27, ABplaaaaapp, 210, 28133, 25545, 908, , 28133, 25000, 28144, 27996, 0, 
240, 0, 272, -1, -1, 318, 177, 14.9, 23, , 204, -982, 14425, 496, , 29083, 25000, 29937, 30065, 0, 
241, 1, 469, 437, -1, 264, 327, 5.5, 25, ABalaapappp, 169, 37587, 28867, 768, , 37587, 25000, 37134, 37481, 0, 
242, 0, -1, -1, -1, 217, 140, 10.6, 28, , 229, 639, 27906, 988, , 28245, 25000, 27523, 27606, 0, 
243, 1, 219, 516, -1, 432, 247, 6.3, 23, ABplpapppap, 212, 32498, 19239, 592, , 32498, 25000, 33110, 34051, 0, 
244, 1, 466, 59, -1, 221, 358, 16.7, 24, ABpraapappa, 86, 27670, 19480, 704, , 27670, 25000, 27897, 27929, 0, 
245, 1, 87, 503, -1, 248, 210, 12.2, 25, ABalpappaap, 188, 26516, 18667, 704, , 26516, 25000, 27578, 27745, 0, 
246, 1, 515, 85, -1, 464, 247, 7.0, 22, ABprppppaap, 191, 28784, 11053, 384, , 28784, 25000, 31142, 31394, 0, 
247, 1, 42, 295, -1, 270, 115, 17.4, 27, ABplaappaa, 235, 27386, 27057, 988, , 27386, 25000, 27598, 27435, 0, 
248, 1, 343, 312, -1, 551, 148, 10.2, 24, ABplappppp, 408, 26532, 17405, 656, , 26532, 25000, 27878, 27894, 0, 
249, 1, 188, 65, -1, 370, 207, 14.2, 28, MSaapapa, 261, 40854, 42978, 1052, , 40854, 25000, 30724, 30071, 0, 
250, 1, 451, 154, -1, 403, 295, 14.3, 31, Earpa, 308, 27819, 38056, 1368, , 27819, 25000, 30031, 30064, 0, 
251, 1, 275, 245, -1, 178, 263, 13.1, 24, ABaraaapaaa, 89, 27406, 16553, 604, , 27406, 25000, 27731, 27941, 0, 
252, 1, 25, 207, -1, 484, 154, 12.6, 28, Capapp, 262, 28543, 28200, 988, , 28543, 25000, 28970, 29048, 0, 
253, 1, 221, 442, -1, 200, 175, 20.1, 23, ABalppppaad, 235, 28056, 13916, 496, , 28056, 25000, 27639, 27791, 0, 
254, 0, 22, -1, -1, 345, 371, 7.5, 23, , 75, -1701, 18545, 632, , 29343, 25000, 31003, 31044, 0, 
255, 1, 420, 473, -1, 294, 323, 24.9, 23, ABarpaappa, 230, 28458, 14115, 496, , 28458, 25000, 28312, 28446, 0, 
256, 1, 465, 24, -1, 390, 325, 6.4, 24, ABarappappp, 170, 31579, 22105, 700, , 31579, 25000, 34073, 33778, 0, 
257, 1, 332, 103, -1, 337, 394, 20.4, 27, ABarpppaap, 270, 26713, 26392, 988, , 26713, 25000, 27826, 27864, 0, 
258, 1, 95, 320, -1, 508, 348, 17.5, 32, Cppapa, 293, 27876, 39918, 1432, , 27876, 25000, 28267, 28401, 0, 
259, 1, 32, 49, -1, 488, 359, 23.8, 33, Caaaap, 107, 27697, 48304, 1744, , 27697, 25000, 28411, 28441, 0, 
260, 1, 400, 211, -1, 488, 292, 10.4, 24, ABprpppppaa, 215, 28130, 19691, 700, , 28130, 25000, 28526, 28661, 0, 
261, 1, 128, 131, -1, 308, 290, 22.5, 24, MSpaaapaa, 216, 27910, 21435, 768, , 27910, 25000, 28243, 28499, 0, 
262, 1, 450, 274, -1, 475, 190, 6.4, 24, ABplppppapp, 229, 31029, 21720, 700, , 31029, 25000, 33756, 33967, 0, 
263, 1, 350, 124, -1, 485, 254, 12.4, 32, Eprpp, -361, 27340, 40573, 1484, , 27340, 25000, 28984, 28989, 0, 
264, 1, 253, 170, -1, 381, 136, 9.9, 23, ABplpaaaapp, 45, 28024, 13900, 496, , 28024, 25000, 27847, 28004, 0, 
265, 1, 189, 457, -1, 283, 277, 15.4, 28, ABaraapppaa, 111, 27408, 27079, 988, , 27408, 25000, 28291, 28561, 0, 
266, 1, 12, 192, -1, 413, 322, 26.0, 35, Caaaaa, 121, 28143, 63378, 2252, , 28143, 25000, 29152, 29154, 0, 
267, 1, 291, 99, -1, 361, 297, 14.4, 26, MSpapaapp, 242, 32859, 27339, 832, , 32859, 25000, 30443, 30308, 0, 
268, 1, 407, 73, -1, 141, 295, 22.8, 24, ABarpaaapaa, 103, 29282, 19209, 656, , 29282, 25000, 27809, 27721, 0, 
269, 1, 337, 471, -1, 255, 288, 14.9, 24, ABaraaapapp, 217, 27772, 16774, 604, , 27772, 25000, 28083, 28412, 0, 
270, 1, 98, 246, -1, 175, 170, 22.5, 24, ABalppppapp, 585, 29060, 22318, 768, , 29060, 25000, 28474, 29059, 0, 
271, 1, 305, 223, -1, 466, 167, 7.3, 24, ABplppppapa, 381, 28568, 20112, 704, , 28568, 25000, 29786, 30093, 0, 
272, 1, 447, 195, -1, 264, 209, 9.4, 25, ABalpappppa, 211, 28425, 23650, 832, , 28425, 25000, 28183, 28057, 0, 
273, 1, 19, 157, -1, 468, 142, 9.6, 23, ABplpppaaap, 211, 26728, 17106, 640, , 26728, 25000, 28559, 28628, 0, 
274, 1, 24, 139, -1, 365, 180, 25.7, 28, ABarppapaa, 254, 27997, 29789, 1064, , 27997, 25000, 28776, 28566, 0, 
275, 1, 229, 288, -1, 455, 359, 18.2, 25, Cpppaaa, 71, 27307, 19224, 704, , 27307, 25000, 28745, 28682, 0, 
276, 1, 173, 175, -1, 484, 219, 10.1, 25, ABprpappppp, 217, 26561, 18274, 688, , 26561, 25000, 28344, 28376, 0, 
277, 1, 3, 367, -1, 277, 375, 9.5, 23, ABpraappaa, 230, 27584, 17433, 632, , 27584, 25000, 28278, 28321, 0, 
278, 1, 212, 266, -1, 208, 325, 25.7, 26, ABarpaapaa, 137, 28557, 24445, 856, , 28557, 25000, 28845, 28991, 0, 
279, 1, 352, 47, -1, 540, 327, 15.7, 26, Cpppapa, 236, 27811, 23806, 856, , 27811, 25000, 28791, 28878, 0, 
280, 1, 386, 178, -1, 381, 401, 18.5, 25, ABarppppaa, 219, 27382, 21029, 768, , 27382, 25000, 28157, 28277, 0, 
281, 1, 207, 466, -1, 550, 251, 10.7, 30, Cppppp, 256, 27208, 35588, 1308, , 27208, 25000, 28421, 28533, 0, 
282, 1, 334, 39, -1, 339, 174, 9.2, 23, ABplpapapaa, 185, 28437, 15356, 540, , 28437, 25000, 28963, 29176, 0, 
283, 1, 209, 21, -1, 160, 236, 14.1, 27, ABaraaaapa, 131, 27189, 24688, 908, , 27189, 25000, 27883, 27701, 0, 
284, 1, 91, 191, -1, 349, 331, 14.1, 26, MSpppaaa, 229, 27656, 22125, 800, , 27656, 25000, 28824, 28819, 0, 
285, 1, 311, 121, -1, 147, 325, 20.9, 25, ABarpapaaaa, 407, 27860, 19168, 688, , 27860, 25000, 27700, 27783, 0, 
286, 1, 408, 148, -1, 551, 207, 25.2, 34, Cpaapp, 302, 27203, 52012, 1912, , 27203, 25000, 28074, 28031, 0, 
287, 1, 306, 390, -1, 284, 356, 15.7, 25, ABpraaapppa, 226, 26827, 20496, 764, , 26827, 25000, 27645, 27710, 0, 
288, 1, 474, 4, -1, 284, 348, 19.1, 23, MSppppap, 199, 28335, 14054, 496, , 28335, 25000, 28208, 28228, 0, 
289, 1, 43, 61, -1, 255, 315, 9.9, 24, ABprpaaaaap, 370, 29248, 17666, 604, , 29248, 25000, 28057, 28262, 0, 
290, 1, 178, 477, -1, 157, 243, 12.2, 24, ABalaaaarrp, 208, 28572, 18743, 656, , 28572, 25000, 27686, 27831, 0, 
291, 1, 105, 319, -1, 502, 279, 19.1, 30, Eprap, 307, 27373, 37118, 1356, , 27373, 25000, 29071, 29230, 0, 
292, 1, 195, 298, -1, 545, 282, 5.9, 23, ABprpppaapp, 200, 40042, 19861, 496, , 40042, 25000, 37328, 37439, 0, 
293, 1, 242, 199, -1, 235, 376, 10.9, 25, ABprpaapapa, 247, 27099, 18644, 688, , 27099, 25000, 26983, 26991, 0, 
294, 1, 426, 123, -1, 319, 331, 24.2, 30, ABarpaappp, 278, 28208, 37235, 1320, , 28208, 25000, 27927, 27958, 0, 
295, 1, 475, 144, -1, 198, 249, 11.2, 24, ABaraaaaap, 202, 28105, 18437, 656, , 28105, 25000, 27967, 28076, 0, 
296, 1, 440, 212, -1, 414, 346, 7.9, 23, ABprppapaaa, 345, 27587, 13683, 496, , 27587, 25000, 29067, 29076, 0, 
297, 1, 422, 110, -1, 582, 324, 13.7, 26, ABarpppppp, 8, 27770, 23771, 856, , 27770, 25000, 28840, 28844, 0, 
298, 1, 486, 459, -1, 223, 125, 17.0, 24, ABalpppapad, 224, 27860, 16939, 608, , 27860, 25000, 27249, 27297, 0, 
299, 1, 64, 114, -1, 421, 264, 6.3, 23, ABprpapappp, 208, 30057, 17794, 592, , 30057, 25000, 34984, 35163, 0, 
300, 1, 60, 361, -1, 420, 132, 14.0, 24, ABplppapapa, 168, 28148, 17114, 608, , 28148, 25000, 27639, 27724, 0, 
301, 1, 231, 33, -1, 314, 190, 19.4, 23, Daaaa, 171, 28008, 17925, 640, , 28008, 25000, 28962, 28924, 0, 
302, 1, 419, 19, -1, 383, 356, 14.4, 24, Dppaa, 211, 28550, 19985, 700, , 28550, 25000, 28851, 28762, 0, 
303, 1, 384, 419, -1, 406, 249, 14.5, 31, Ealpa, 317, 29067, 35811, 1232, , 29067, 25000, 29585, 29596, 0, 
304, 1, 114, 179, -1, 253, 179, 6.6, 25, ABalpapaaap, 221, 33377, 27770, 832, , 33377, 25000, 35822, 36431, 0, 
305, 1, 238, 71, -1, 312, 331, 10.0, 24, ABprppaaaaa, 200, 28012, 17031, 608, , 28012, 25000, 28392, 28562, 0, 
306, 1, 13, 244, -1, 345, 350, 11.9, 23, Dpapa, 203, 28986, 14377, 496, , 28986, 25000, 27930, 27973, 0, 
307, 1, 244, 508, -1, 331, 212, 15.5, 24, MSaapaapa, 214, 29038, 22301, 768, , 29038, 25000, 29955, 30034, 0, 
308, 1, 481, 180, -1, 384, 220, 10.0, 25, MSaappap, 246, 27948, 21352, 764, , 27948, 25000, 29854, 29990, 0, 
309, 1, 501, 469, -1, 281, 128, 14.7, 22, ABplpaapppp, 144, 27561, 14442, 524, , 27561, 25000, 27986, 28071, 0, 
310, 1, 372, 506, -1, 251, 217, 18.9, 24, ABalpaapapp, 170, 28025, 16927, 604, , 28025, 25000, 28070, 28105, 0, 
311, 1, 34, 228, -1, 207, 138, 15.7, 24, ABalpppapav, 252, 27761, 19544, 704, , 27761, 25000, 27982, 28029, 0, 
312, 1, 88, 161, -1, 332, 152, 11.6, 23, ABplppaapaa, 135, 27967, 17899, 640, , 27967, 25000, 28128, 28071, 0, 
313, 1, 498, 330, -1, 303, 312, 6.9, 23, ABprpapaapa, 218, 30667, 15211, 496, , 30667, 25000, 32100, 32796, 0, 
314, 1, 375, 254, -1, 251, 130, 16.0, 24, ABplpaaapap, 204, 26699, 16233, 608, , 26699, 25000, 28104, 27910, 0, 
315, 1, 497, 481, -1, 184, 225, 14.6, 22, ABalpaapaaa, 181, 27883, 15949, 572, , 27883, 25000, 28429, 28532, 0, 
316, 1, 178, 346, -1, 139, 259, 10.3, 24, ABalaaaarra, 241, 28575, 20117, 704, , 28575, 25000, 27852, 27682, 0, 
317, 1, 276, 135, -1, 131, 222, 13.0, 25, ABalaaaarl, 74, 26967, 20603, 764, , 26967, 25000, 26986, 27001, 0, 
318, 1, 397, 147, -1, 318, 375, 14.7, 24, ABprpaappap, -88, 27014, 19018, 704, , 27014, 25000, 27707, 27665, 0, 
319, 1, 371, 261, -1, 287, 334, 9.8, 24, ABprpaaappp, 201, 26620, 17463, 656, , 26620, 25000, 28393, 28565, 0, 
320, 1, 491, 60, -1, 221, 307, 9.4, 23, ABprpaaaaaa, 206, 27686, 17719, 640, , 27686, 25000, 28105, 27966, 0, 
321, 1, 461, 113, -1, 298, 370, 23.5, 27, ABarpppaaa, 238, 28565, 25594, 896, , 28565, 25000, 28134, 28073, 0, 
322, 1, 347, 422, -1, 592, 208, 20.7, 32, Cpapap, 314, 27530, 43608, 1584, , 27530, 25000, 28565, 28555, 0, 
323, 1, 298, 400, -1, 130, 195, 15.0, 23, ABalaaapalr, 197, 28832, 14762, 512, , 28832, 25000, 27558, 27547, 0, 
324, 1, 258, 176, -1, 266, 323, 25.4, 26, ABarpaapap, 199, 28383, 23615, 832, , 28383, 25000, 28940, 28963, 0, 
325, 1, 435, 229, -1, 328, 293, 18.7, 24, MSpaaappp, 206, 27354, 19257, 704, , 27354, 25000, 27899, 27962, 0, 
326, 1, 321, 271, -1, 518, 272, 16.0, 32, Eprpa, 320, 29142, 49775, 1708, , 29142, 25000, 29346, 29451, 0, 
327, 0, 40, -1, -1, 192, 285, 25.4, 24, , 192, -1063, 19262, 700, , 27517, 25000, 28775, 28580, 0, 
328, 1, 517, 421, -1, 308, 347, 12.7, 23, MSppppaa, 229, 26829, 15883, 592, , 26829, 25000, 27711, 27697, 0, 
329, 1, 389, 436, -1, 580, 276, 21.0, 32, Caaapp, 326, 27676, 47271, 1708, , 27676, 25000, 28384, 28388, 0, 
330, 1, 303, 240, -1, 538, 303, 24.2, 33, Caaapa, 333, 27858, 48584, 1744, , 27858, 25000, 28284, 28278, 0, 
331, 1, 316, 356, -1, 264, 350, 7.3, 24, ABprpaaapap, 201, 28197, 19851, 704, , 28197, 25000, 30492, 30853, 0, 
332, 1, 182, 278, -1, 313, 257, 20.9, 23, MSaaaappa, 213, 25770, 12782, 496, , 25770, 25000, 28064, 28394, 0, 
333, 1, 383, 282, -1, 570, 280, 16.9, 27, Cppppap, 229, 27402, 24881, 908, , 27402, 25000, 29149, 29161, 0, 
334, 1, 476, 483, -1, 439, 344, 8.7, 24, ABprppapaap, 196, 26609, 18733, 704, , 26609, 25000, 28011, 28173, 0, 
335, 1, 109, 81, -1, 428, 404, 18.0, 28, ABarppppap, 243, 27256, 30745, 1128, , 27256, 25000, 28207, 28185, 0, 
336, 1, 235, 529, -1, 162, 183, 20.2, 23, ABalppppapa, -32, 26848, 14498, 540, , 26848, 25000, 28494, 28287, 0, 
337, 1, 142, 334, -1, 253, 249, 24.4, 28, MSapappp, 263, 27381, 27052, 988, , 27381, 25000, 28622, 28626, 0, 
338, 1, 52, 258, -1, 392, 173, 8.0, 24, ABplppaappa, 213, 28411, 17274, 608, , 28411, 25000, 28645, 28674, 0, 
339, 1, 418, 348, -1, 539, 170, 15.2, 25, Cappapp, 203, 26946, 18970, 704, , 26946, 25000, 28311, 28339, 0, 
340, 1, 206, 381, -1, 466, 188, 23.1, 27, Cappaaa, 200, 28403, 25790, 908, , 28403, 25000, 28247, 28227, 0, 
341, 1, 216, 163, -1, 200, 273, 14.1, 23, ABaraaapaap, 199, 26738, 13262, 496, , 26738, 25000, 28548, 28495, 0, 
342, 0, 378, -1, -1, 186, 144, 12.1, 23, , 185, 540, 13978, 496, , 28181, 25000, 27933, 27641, 0, 
343, 1, 79, 297, -1, 134, 336, 18.7, 24, ABpraapaaap, -141, 26182, 18432, 704, , 26182, 25000, 27568, 27572, 0, 
344, 1, 265, 464, -1, 405, 163, 25.2, 27, ABarppapap, 262, 29917, 25968, 868, , 29917, 25000, 28657, 28654, 0, 
345, 1, 346, 294, -1, 282, 309, 11.0, 25, MSppapap, 202, 28008, 21398, 764, , 28008, 25000, 27553, 27600, 0, 
346, 1, 307, 355, -1, 272, 272, 4.5, 24, ABarapppapp, 172, 36099, 27724, 768, , 36099, 25000, 35420, 34790, 0, 
347, 0, 205, -1, -1, 301, 290, 9.2, 25, , 329, 882, 20493, 704, , 29109, 25000, 28353, 28227, 0, 
348, 1, 138, 142, -1, 518, 165, 19.0, 25, Cappapa, 251, 28208, 21551, 764, , 28208, 25000, 28838, 28917, 0, 
349, 1, 181, 6, -1, 385, 197, 7.9, 23, ABplpapappa, 163, 28863, 14316, 496, , 28863, 25000, 29576, 29802, 0, 
350, 1, 202, 146, -1, 160, 304, 12.0, 25, ABalaappppa, 250, 27792, 21233, 764, , 27792, 25000, 28051, 27975, 0, 
351, 1, 295, 22, -1, 397, 166, 15.0, 26, MSaapppa, 235, 26756, 22796, 852, , 26756, 25000, 28401, 28513, 0, 
352, 1, 204, 441, -1, 494, 292, 4.8, 23, ABprpppaaap, 225, 36611, 19770, 540, , 36611, 25000, 38746, 38958, 0, 
353, 1, 68, 138, -1, 479, 190, 10.1, 23, ABplpppppap, 227, 26363, 13076, 496, , 26363, 25000, 28346, 28549, 0, 
354, 1, 351, 169, -1, 251, 280, 22.9, 23, MSaaaapaa, 238, 28528, 14150, 496, , 28528, 25000, 28462, 28855, 0, 
355, 1, 329, 409, -1, 569, 220, 8.5, 24, ABprppppppp, 242, 27818, 21364, 768, , 27818, 25000, 28928, 29129, 0, 
356, 1, 260, 62, -1, 209, 330, 7.9, 29, ABpraaaaaa, 187, 29561, 33699, 1140, , 29561, 25000, 30307, 30670, 0, 
357, 1, 175, 418, -1, 199, 294, 8.9, 24, ABarappppaa, 176, 29526, 17834, 604, , 29526, 25000, 27598, 27590, 0, 
358, 1, 55, 70, -1, 157, 355, 16.9, 25, ABpraapaapa, 307, 27525, 18937, 688, , 27525, 25000, 27396, 27474, 0, 
359, 1, 224, 119, -1, 309, 154, 21.0, 24, ABplpaappap, 204, 27285, 16589, 608, , 27285, 25000, 28451, 28451, 0, 
360, 1, 255, 505, -1, 291, 275, 6.9, 22, ABprpapaaaa, -3, 31448, 14592, 464, , 31448, 25000, 31823, 31851, 0, 
361, 1, 9, 50, -1, 363, 263, 7.2, 24, ABprpapppaa, 230, 28657, 18799, 656, , 28657, 25000, 31960, 32149, 0, 
362, 1, 520, 531, -1, 190, 226, 19.3, 23, MSapaaap, 175, 26591, 15742, 592, , 26591, 25000, 27417, 27610, 0, 
363, 1, 136, 376, -1, 556, 303, 7.4, 26, ABprappppa, 230, 28423, 23648, 832, , 28423, 25000, 30824, 30646, 0, 
364, 1, 214, 214, -1, 198, 375, 13.0, 23, ABpraaaappa, 178, 27508, 14084, 512, , 27508, 25000, 27234, 27276, 0, 
365, 1, 200, 262, -1, 349, 336, 21.8, 26, MSpppppp, 265, 29381, 23387, 796, , 29381, 25000, 28448, 28463, 0, 
366, 1, 423, 255, -1, 356, 336, 5.9, 24, ABprpaaaapa, 201, 36358, 21960, 604, , 36358, 25000, 35018, 35390, 0, 
367, 1, 236, 8, -1, 342, 283, 21.1, 25, MSpaaapap, 90, 28065, 19309, 688, , 28065, 25000, 28331, 28316, 0, 
368, 1, 129, 182, -1, 586, 264, 11.0, 24, ABprapapppp, 201, 27692, 16837, 608, , 27692, 25000, 28573, 28610, 0, 
369, 1, 67, 251, -1, 332, 342, 8.4, 23, ABprppaaaap, -118, 27970, 17901, 640, , 27970, 25000, 28701, 28850, 0, 
370, 1, 288, 202, -1, 425, 168, 14.4, 26, MSaapppp, 268, 26090, 21707, 832, , 26090, 25000, 28579, 28733, 0, 
371, 1, 192, 446, -1, 256, 127, 12.4, 24, ABalppaappp, 193, 27779, 19445, 700, , 27779, 25000, 27735, 27778, 0, 
372, 1, 313, 435, -1, 178, 152, 21.2, 23, ABalpppaapd, 237, 27309, 14747, 540, , 27309, 25000, 27871, 27804, 0, 
373, 1, 30, 208, -1, 411, 335, 10.6, 29, MSpapppa, 293, 26407, 30527, 1156, , 26407, 25000, 29252, 29345, 0, 
374, 1, 349, 349, -1, 330, 201, 12.1, 26, MSaapaaap, 203, 32572, 26058, 800, , 32572, 25000, 29830, 29757, 0, 
375, 1, 365, 215, -1, 286, 233, 6.6, 23, ABarapapapa, 218, 32881, 21044, 640, , 32881, 25000, 34737, 34933, 0, 
376, 1, 170, 120, -1, 234, 160, 15.7, 23, ABplpaaaaap, 229, 27764, 16436, 592, , 27764, 25000, 27424, 27462, 0, 
377, 1, 6, 193, -1, 187, 345, 10.5, 25, ABpraaaaap, 425, 27885, 21416, 768, , 27885, 25000, 28001, 28041, 0, 
378, 1, 80, 153, -1, 399, 287, 18.9, 31, Earap, 277, 28572, 42286, 1480, , 28572, 25000, 28456, 28575, 0, 
379, 1, 452, 84, 454, 445, 355, 14.4, 29, Cppaaa, 291, 28144, 32535, 1156, , 28144, 25000, 28755, 28755, 0, 
380, 1, 454, 412, -1, 519, 284, 5.8, 24, ABprpppaapa, 196, 37899, 24862, 656, , 37899, 25000, 37720, 37677, 0, 
381, 1, 168, 29, -1, 277, 355, 12.5, 24, ABprpaappaa, 200, 28059, 21549, 768, , 28059, 25000, 28679, 28698, 0, 
382, 1, 356, 301, -1, 145, 288, 11.4, 25, ABalaaapprl, 204, 28403, 23631, 832, , 28403, 25000, 27670, 27519, 0, 
383, 1, 381, 250, -1, 443, 145, 12.0, 25, ABplppappp, 168, 29844, 22801, 764, , 29844, 25000, 28290, 28274, 0, 
384, 1, 374, 463, -1, 320, 342, 15.8, 24, Dpaaa, 192, 27630, 18125, 656, , 27630, 25000, 27755, 27749, 0, 
385, 1, 402, 158, -1, 350, 371, 24.4, 32, ABarpppapa, 132, 28016, 41576, 1484, , 28016, 25000, 28208, 28208, 0, 
386, 1, 14, 488, -1, 350, 284, 5.6, 23, ABprpapapaa, 96, 36167, 23147, 640, , 36167, 25000, 35900, 36210, 0, 
387, 0, 391, -1, -1, 192, 199, 19.4, 24, , 205, -601, 19219, 700, , 27456, 25000, 28250, 28057, 0, 
388, 1, 159, 10, -1, 567, 341, 17.4, 30, ABprapapaa, 72, 27230, 31478, 1156, , 27230, 25000, 27818, 27820, 0, 
389, 1, 152, 389, -1, 459, 290, 5.0, 23, ABprpppaaaa, 190, 36990, 18939, 512, , 36990, 25000, 35332, 35173, 0, 
390, 1, 74, 126, -1, 272, 208, 13.2, 26, ABalpapppa, 403, 27971, 22265, 796, , 27971, 25000, 27858, 27896, 0, 
391, 1, 226, 183, -1, 235, 119, 18.6, 24, ABplpaapapp, 224, 27267, 19087, 700, , 27267, 25000, 27568, 27502, 0, 
392, 1, 473, 111, -1, 359, 241, 23.3, 25, MSappppp, 260, 29127, 22253, 764, , 29127, 25000, 28535, 28635, 0, 
393, 1, 445, 345, -1, 570, 257, 8.2, 25, ABprappppp, 253, 28078, 19767, 704, , 28078, 25000, 29672, 29802, 0, 
394, 1, 387, 263, -1, 502, 183, 5.4, 28, ABplpppapap, 202, 41936, 41433, 988, , 41936, 25000, 37639, 38388, 0, 
395, 1, 392, 292, -1, 222, 360, 8.5, 24, ABpraaaapad, 3, 27986, 21493, 768, , 27986, 25000, 28078, 28219, 0, 
396, 1, 484, 417, -1, 468, 297, 18.5, 31, Earpp, -35, 27817, 34270, 1232, , 27817, 25000, 29290, 29321, 0, 
397, 1, 294, 141, -1, 224, 130, 13.8, 24, ABplpaaapaa, 190, 27098, 17776, 656, , 27098, 25000, 27657, 27785, 0, 
398, 0, 468, -1, -1, 260, 179, 15.3, 23, , 187, -546, 16264, 592, , 27473, 25000, 27873, 28019, 0, 
399, 1, 406, 479, -1, 165, 255, 9.0, 24, ABaraaapppa, 154, 27230, 16556, 608, , 27230, 25000, 28557, 28594, 0, 
400, 1, 335, 248, -1, 261, 290, 7.4, 23, ABarapppppa, 163, 27267, 17451, 640, , 27267, 25000, 30243, 30120, 0, 
401, 1, 177, 425, -1, 142, 186, 22.1, 23, ABalapaaapp, 226, 26776, 13281, 496, , 26776, 25000, 27414, 27476, 0, 
402, 1, 301, 232, -1, 232, 337, 10.1, 24, ABpraaaapav, 330, 29430, 17776, 604, , 29430, 25000, 27968, 27986, 0, 
403, 1, 282, 220, -1, 376, 344, 10.7, 24, Dpapp, 219, 28236, 19878, 704, , 28236, 25000, 28652, 28732, 0, 
404, 1, 16, 156, -1, 293, 175, 25.6, 28, ABplaaappp, 187, 28638, 28294, 988, , 28638, 25000, 28882, 28894, 0, 
405, 1, 308, 13, -1, 403, 387, 20.2, 28, ABarpppapp, 242, 27362, 28785, 1052, , 27362, 25000, 28374, 28403, 0, 
406, 1, 388, 133, -1, 551, 311, 20.5, 28, Cppppaa, 248, 29131, 31462, 1080, , 29131, 25000, 27970, 27980, 0, 
407, 1, 171, 145, -1, 235, 226, 23.9, 27, MSapappa, 252, 29499, 26785, 908, , 29499, 25000, 28464, 28564, 0, 
408, 1, 479, 95, -1, 130, 192, 19.3, 25, ABalapaaapa, 251, 27564, 21059, 764, , 27564, 25000, 27418, 27459, 0, 
409, 1, 394, 279, -1, 174, 362, 14.3, 23, ABpraaapapp, 194, 27628, 16356, 592, , 27628, 25000, 27661, 27608, 0, 
410, 1, 26, 475, -1, 446, 225, 13.8, 32, Z3, 314, 27065, 43520, 1608, , 27065, 25000, 28336, 28347, 0, 
411, 1, 263, 97, -1, 245, 339, 11.7, 24, ABprpaapaap, 235, 27531, 19382, 704, , 27531, 25000, 27715, 27706, 0, 
412, 1, 147, 411, -1, 554, 178, 9.2, 24, ABplppppppp, 226, 28405, 18634, 656, , 28405, 25000, 28827, 29037, 0, 
413, 1, 439, 190, -1, 583, 218, 11.2, 27, Cpappv, 247, 28058, 24354, 868, , 28058, 25000, 28170, 28164, 0, 
414, 1, 326, 149, -1, 588, 243, 16.5, 30, Cpappd, 163, 27390, 33744, 1232, , 27390, 25000, 28515, 28528, 0, 
415, 1, 154, 241, -1, 220, 180, 15.9, 24, ABplpaapaaa, 201, 26500, 16006, 604, , 26500, 25000, 27324, 27326, 0, 
416, 0, 510, -1, -1, 331, 108, 16.0, 22, , 172, 1634, 11169, 384, , 29086, 25000, 27379, 27452, 0, 
417, 1, 433, 206, -1, 543, 217, 5.9, 24, ABprppppppa, 207, 42424, 25624, 604, , 42424, 25000, 38169, 37980, 0, 
418, 1, 390, 343, -1, 362, 297, 18.0, 30, Earaa, 226, 27592, 37194, 1348, , 27592, 25000, 28970, 29032, 0, 
419, 1, 165, 187, -1, 313, 372, 21.2, 28, ABprapaaaap, 258, 27571, 29005, 1052, , 27571, 25000, 27474, 27447, 0, 
420, 1, 526, 485, -1, 142, 221, 19.8, 22, ABalapappaa, -366, 27032, 13408, 496, , 27032, 25000, 27699, 27671, 0, 
421, 1, 108, 109, -1, 243, 210, 5.6, 24, ABalpapaapp, 189, 40311, 28218, 700, , 40311, 25000, 37238, 37659, 0, 
422, 1, 254, 380, -1, 225, 271, 22.7, 25, MSaaaaapp, 235, 27644, 21120, 764, , 27644, 25000, 28192, 28187, 0, 
423, 1, 482, 336, -1, 300, 348, 7.9, 23, ABprpaapppp, 230, 28800, 14285, 496, , 28800, 25000, 29296, 29397, 0, 
424, 1, 108, 3, -1, 215, 203, 6.1, 23, ABalpapaapa, 201, 39054, 19371, 496, , 39054, 25000, 38795, 39351, 0, 
425, 1, 15, 434, -1, 279, 242, 21.6, 24, MSaaapaap, 198, 27987, 19591, 700, , 27987, 25000, 28063, 28143, 0, 
426, 1, 508, 128, -1, 180, 318, 22.8, 25, ABarpaaapap, 208, 27663, 19475, 704, , 27663, 25000, 28757, 29004, 0, 
427, 1, 421, 502, -1, 182, 217, 26.7, 23, ABalapapppp, 201, 29012, 17175, 592, , 29012, 25000, 28715, 29012, 0, 
428, 1, 449, 162, -1, 291, 198, 4.9, 24, ABprpappaaa, 227, 36474, 22030, 604, , 36474, 25000, 39188, 39193, 0, 
429, 1, 369, 359, -1, 304, 197, 12.7, 24, MSaapaaaa, 230, 30855, 21722, 704, , 30855, 25000, 29505, 29586, 0, 
430, 1, 512, 515, -1, 407, 319, 5.5, 23, ABprppappaa, 167, 34093, 21547, 632, , 34093, 25000, 35132, 35275, 0, 
431, 1, 239, 219, -1, 307, 375, 9.0, 26, ABpraappap, 223, 26765, 22804, 852, , 26765, 25000, 28270, 28403, 0, 
432, 0, 110, -1, -1, 202, 293, 20.2, 23, , 205, -169, 14990, 540, , 27759, 25000, 27956, 27928, 0, 
433, 1, 436, 452, -1, 242, 326, 13.9, 23, ABpraaappaa, 277, 28946, 14357, 496, , 28946, 25000, 27847, 28124, 0, 
434, 1, 140, 94, -1, 316, 264, 9.9, 22, MSpapaaaa, 202, 32972, 15299, 464, , 32972, 25000, 29420, 29596, 0, 
435, 1, 488, 522, -1, 223, 371, 13.6, 22, ABpraaaappp, 448, 26628, 15231, 572, , 26628, 25000, 27609, 27581, 0, 
436, 1, 167, 476, -1, 302, 289, 14.8, 27, ABaraapppap, 275, 28138, 24424, 868, , 28138, 25000, 27910, 28238, 0, 
437, 1, 456, 311, -1, 366, 183, 9.6, 23, ABplpapapap, 120, 28228, 18066, 640, , 28228, 25000, 28724, 29108, 0, 
438, 1, 323, 377, -1, 520, 299, 9.8, 30, Cppapp, 88, 28077, 37061, 1320, , 28077, 25000, 29031, 29012, 0, 
439, 1, 148, 404, -1, 445, 227, 7.4, 24, ABplpappppa, 168, 27364, 19155, 700, , 27364, 25000, 31059, 31321, 0, 
440, 1, 304, 373, -1, 179, 313, 20.5, 23, ABalapppapp, 227, 28169, 17803, 632, , 28169, 25000, 28605, 28721, 0, 
441, 1, 59, 112, -1, 339, 161, 17.8, 23, Daapa, 216, 27019, 14590, 540, , 27019, 25000, 28583, 28754, 0, 
442, 1, 35, 420, -1, 445, 319, 10.5, 26, MSpapppp, 267, 27608, 24737, 896, , 27608, 25000, 28280, 28396, 0, 
443, 1, 125, 205, -1, 254, 157, 13.6, 24, ABplpaaappa, 211, 27090, 18963, 700, , 27090, 25000, 28199, 28305, 0, 
444, 1, 480, 79, -1, 389, 189, 23.8, 26, ABarppaapp, 262, 29349, 23362, 796, , 29349, 25000, 29160, 29140, 0, 
445, 1, 414, 450, -1, 302, 202, 10.4, 28, ABalpappppp, 276, 28076, 27739, 988, , 28076, 25000, 28887, 28766, 0, 
446, 1, 315, 127, -1, 173, 191, 8.7, 24, ABalpaapppp, 207, 28031, 19734, 704, , 28031, 25000, 28533, 28628, 0, 
447, 1, 430, 496, -1, 277, 137, 8.7, 24, ABalppapapp, 107, 28222, 19868, 704, , 28222, 25000, 28341, 28292, 0, 
448, 1, 458, 317, -1, 214, 277, 4.9, 23, ABarapppaap, 202, 39960, 19820, 496, , 39960, 25000, 38323, 38386, 0, 
449, 1, 71, 7, -1, 386, 163, 10.5, 23, ABplppappaa, 200, 26674, 16858, 632, , 26674, 25000, 28202, 28141, 0, 
450, 1, 139, 458, -1, 419, 219, 7.4, 24, ABplpapppaa, 227, 28634, 20044, 700, , 28634, 25000, 31428, 31841, 0, 
451, 1, 483, 414, -1, 423, 368, 18.0, 26, Dppap, 206, 28635, 24397, 852, , 28635, 25000, 28918, 29012, 0, 
452, 1, 513, 286, -1, 208, 277, 26.3, 28, ABplaaaapa, 217, 28390, 30207, 1064, , 28390, 25000, 28175, 28305, 0, 
453, 1, 410, 489, -1, 522, 161, 9.0, 22, ABplapppapp, -65, 28240, 10844, 384, , 28240, 25000, 27733, 27692, 0, 
454, 1, 503, 478, -1, 333, 174, 26.4, 29, ABarppaaap, 269, 29904, 34569, 1156, , 29904, 25000, 29759, 29801, 0, 
455, 1, 7, 440, -1, 151, 215, 10.0, 24, ABalpaapppa, 204, 27002, 16417, 608, , 27002, 25000, 27940, 27870, 0, 
456, 1, 85, 17, -1, 363, 315, 8.0, 27, ABprppaapa, 454, 27551, 28433, 1032, , 27551, 25000, 29474, 29259, 0, 
457, 1, 122, 521, -1, 462, 192, 15.8, 22, MSappaap, 150, 29357, 14561, 496, , 29357, 25000, 28736, 28732, 0, 
458, 0, 280, -1, -1, 180, 320, 7.6, 24, , 13, -1429, 20813, 700, , 29733, 25000, 31124, 31162, 0, 
459, 1, 398, 385, -1, 368, 157, 17.4, 25, Daapp, 314, 28400, 23629, 832, , 28400, 25000, 28663, 28763, 0, 
460, 1, 455, 484, -1, 198, 251, 5.8, 23, ABaraaapppp, 185, 35137, 18974, 540, , 35137, 25000, 37055, 37224, 0, 
461, 1, 249, 358, -1, 181, 311, 25.5, 27, ABarpapapa, 265, 29390, 26333, 896, , 29390, 25000, 28262, 28244, 0, 
462, 1, 269, 490, -1, 335, 257, 19.9, 24, MSaaaappp, 228, 27222, 16442, 604, , 27222, 25000, 28178, 28246, 0, 
463, 1, 150, 407, -1, 551, 283, 9.5, 24, ABprapppapa, 208, 27861, 21397, 768, , 27861, 25000, 28386, 28589, 0, 
464, 1, 311, 235, -1, 177, 348, 20.7, 25, ABarpapaaap, 254, 27305, 20861, 764, , 27305, 25000, 27273, 27603, 0, 
465, 1, 241, 362, -1, 411, 199, 8.2, 22, ABplpapappp, -153, 29500, 14632, 496, , 29500, 25000, 28681, 28956, 0, 
466, 1, 443, 329, -1, 496, 160, 6.7, 25, ABplpppapaa, -43, 32797, 25057, 764, , 32797, 25000, 34187, 33889, 0, 
467, 1, 143, 538, -1, 230, 238, 16.4, 24, ABalpaapapa, 190, 28777, 20144, 700, , 28777, 25000, 27861, 28036, 0, 
468, 1, 521, 492, -1, 224, 311, 18.4, 22, MSpaaaapa, 165, 26425, 15115, 572, , 26425, 25000, 27557, 27590, 0, 
469, 1, 413, 299, -1, 174, 242, 15.9, 24, ABaraapaaaa, 339, 27106, 16372, 604, , 27106, 25000, 27955, 27946, 0, 
470, 1, 208, 335, -1, 343, 167, 14.9, 23, MSappapp, 464, 27008, 13396, 496, , 27008, 25000, 27984, 28025, 0, 
471, 1, 57, 52, -1, 226, 211, 11.3, 24, ABalpaaaaap, 207, 27746, 19533, 704, , 27746, 25000, 27736, 28231, 0, 
472, 1, 328, 217, -1, 535, 126, 17.6, 30, ABarppappp, -154, 27619, 31927, 1156, , 27619, 25000, 28293, 28314, 0, 
473, 1, 251, 272, -1, 580, 304, 12.3, 24, ABprapapppa, 193, 28151, 19818, 704, , 28151, 25000, 28096, 28084, 0, 
474, 1, 518, 432, -1, 395, 253, 7.5, 24, ABprpapppap, 206, 30419, 23362, 768, , 30419, 25000, 32331, 32536, 0, 
475, 1, 199, 338, -1, 477, 326, 13.9, 27, MSpppaap, 201, 29182, 26497, 908, , 29182, 25000, 29359, 29432, 0, 
476, 1, 464, 438, -1, 474, 242, 18.5, 31, Ealpp, 255, 27426, 33789, 1232, , 27426, 25000, 29127, 29245, 0, 
477, 1, 220, 451, -1, 161, 188, 16.1, 22, ABalapaappa, 446, 27088, 12569, 464, , 27088, 25000, 27962, 27982, 0, 
478, 1, 187, 203, -1, 198, 197, 8.4, 22, ABalpaappap, 66, 30432, 17407, 572, , 30432, 25000, 28664, 28896, 0, 
479, 1, 264, 351, -1, 228, 344, 18.8, 26, MSppappa, 254, 27462, 21860, 796, , 27462, 25000, 28156, 28235, 0, 
480, 1, 505, 513, -1, 285, 171, 9.0, 22, ABplpapaaaa, 206, 27268, 10471, 384, , 27268, 25000, 29085, 28996, 0, 
481, 0, 390, -1, -1, 378, 287, 16.7, 26, , 126, -778, 24315, 856, , 28405, 25000, 29219, 29183, 0, 
482, 1, 23, 102, -1, 223, 176, 18.3, 25, ABalpppppaa, -4, 27805, 21243, 764, , 27805, 25000, 28321, 28165, 0, 
483, 1, 320, 328, -1, 288, 229, 16.3, 22, ABalpaaappp, 193, 28332, 14846, 524, , 28332, 25000, 27759, 27662, 0, 
484, 1, 211, 46, -1, 382, 172, 19.9, 27, Dapaa, 234, 27563, 25027, 908, , 27563, 25000, 28908, 28938, 0, 
485, 1, 357, 118, -1, 131, 274, 13.5, 29, ABalaaappl, 295, 26944, 29100, 1080, , 26944, 25000, 27304, 27227, 0, 
486, 1, 284, 491, -1, 476, 241, 8.8, 24, ABprpappppa, 223, 28314, 18574, 656, , 28314, 25000, 28584, 28729, 0, 
487, 1, 492, 523, -1, 340, 315, 11.4, 23, MSpppapp, 208, 28184, 18038, 640, , 28184, 25000, 28621, 28658, 0, 
488, 1, 48, 125, -1, 290, 175, 14.5, 23, MSapapap, 224, 26725, 16890, 632, , 26725, 25000, 28200, 28246, 0, 
489, 1, 225, 494, -1, 302, 169, 17.4, 26, MSapppaa, 249, 27232, 22657, 832, , 27232, 25000, 28557, 28550, 0, 
490, 1, 502, 353, -1, 309, 165, 10.0, 22, ABplpapaaap, -259, 27555, 10581, 384, , 27555, 25000, 28837, 29109, 0, 
491, 1, 358, 403, -1, 544, 251, 6.2, 24, ABprapppapp, 361, 35305, 23160, 656, , 35305, 25000, 35996, 35900, 0, 
492, 1, 506, 87, -1, 316, 139, 12.3, 22, ABplpapaapp, 161, 29887, 15661, 524, , 29887, 25000, 28103, 28214, 0, 
493, 1, 340, 500, -1, 202, 337, 19.8, 22, ABarpapaapp, 150, 25829, 12811, 496, , 25829, 25000, 27274, 27492, 0, 
494, 1, 38, 394, -1, 272, 154, 19.7, 25, ABplpaappaa, -67, 26863, 20523, 764, , 26863, 25000, 27786, 27921, 0, 
495, 1, 427, 431, -1, 169, 210, 24.5, 22, ABalapapppa, 324, 27701, 14183, 512, , 27701, 25000, 28370, 28493, 0, 
496, 1, 432, 501, -1, 209, 189, 13.6, 23, MSapaaaa, 18, 28083, 17973, 640, , 28083, 25000, 27618, 27974, 0, 
497, 1, 5, 333, -1, 191, 170, 16.6, 26, ABalapaapa, 258, 28321, 23563, 832, , 28321, 25000, 27811, 27917, 0, 
498, 1, 243, 344, -1, 323, 261, 4.5, 23, ABprpappaap, 55, 36519, 23080, 632, , 36519, 25000, 36282, 36097, 0, 
499, 0, 174, -1, -1, 146, 273, 19.0, 22, , 411, 287, 10717, 384, , 27909, 25000, 27438, 27622, 0, 
500, 1, 472, 2, -1, 269, 299, 19.4, 27, MSpaaaapp, 158, 29159, 28809, 988, , 29159, 25000, 27934, 28028, 0, 
501, 1, 259, 520, -1, 272, 357, 9.0, 21, ABprpaapppa, -5, 26453, 10158, 384, , 26453, 25000, 27533, 27807, 0, 
502, 1, 21, 291, -1, 304, 331, 21.3, 25, MSpppppa, 13, 28445, 21732, 764, , 28445, 25000, 28315, 28333, 0, 
503, 1, 434, 493, -1, 166, 172, 18.4, 26, ABalapaappp, 112, 27909, 23220, 832, , 27909, 25000, 27952, 27951, 0, 
504, 1, 218, 487, -1, 211, 271, 9.3, 24, MSppaaaa, 349, 27226, 19167, 704, , 27226, 25000, 28596, 28508, 0, 
505, 1, 509, 511, -1, 176, 246, 22.9, 22, ABalapapapp, 476, 27925, 12957, 464, , 27925, 25000, 28237, 28238, 0, 
506, 1, 499, 416, -1, 237, 241, 9.8, 25, ABarapaaaap, 147, 28349, 19958, 704, , 28349, 25000, 28166, 28107, 0, 
507, 1, 193, 497, -1, 246, 258, 10.4, 23, ABarapapaaa, 359, 28073, 17967, 640, , 28073, 25000, 27797, 27925, 0, 
508, 1, 493, 509, -1, 174, 143, 15.0, 24, ABalpppaaaa, -397, 27686, 16833, 608, , 27686, 25000, 28040, 28165, 0, 
509, 1, 274, 318, -1, 291, 250, 13.6, 26, ABarapaappp, 113, 26714, 22226, 832, , 26714, 25000, 28056, 28278, 0, 
510, 1, 141, 313, -1, 475, 215, 7.4, 22, ABplpappppp, 257, 29346, 16786, 572, , 29346, 25000, 30448, 30570, 0, 
511, 1, 354, 116, -1, 553, 214, 10.4, 24, Caapap, 146, 28546, 19982, 700, , 28546, 25000, 28671, 28948, 0, 
512, 1, 496, 525, -1, 138, 257, 15.9, 22, ABalapppaaa, 63, 27463, 12743, 464, , 27463, 25000, 28634, 28666, 0, 
513, 1, 511, 270, -1, 604, 233, 12.7, 22, Caappd, 80, 27137, 14220, 524, , 27137, 25000, 27921, 27935, 0, 
514, 1, 463, 514, -1, 362, 357, 19.1, 27, Dpaap, -52, 28008, 25431, 908, , 28008, 25000, 28783, 28831, 0, 
515, 1, 72, 408, -1, 421, 193, 23.1, 26, Dapap, 320, 28781, 23025, 800, , 28781, 25000, 28210, 28237, 0, 
516, 1, 528, 495, -1, 349, 206, 13.2, 27, MSaapappa, 138, 31915, 27702, 868, , 31915, 25000, 31356, 29825, 0, 
517, 1, 519, 526, -1, 165, 211, 22.0, 22, ABalapappap, -128, 27768, 10663, 384, , 27768, 25000, 27544, 27383, 0, 
518, 1, 144, 67, -1, 365, 161, 9.5, 22, ABalpapappp, 126, 27225, 13939, 512, , 27225, 25000, 28501, 28490, 0, 
519, 1, 415, 439, -1, 211, 135, 12.7, 22, ABalpppaaap, -144, 27284, 14297, 524, , 27284, 25000, 27549, 27704, 0, 
520, 1, 477, 289, -1, 560, 192, 18.7, 28, Capppap, 360, 27628, 29396, 1064, , 27628, 25000, 28492, 28526, 0, 
521, 1, 69, 507, -1, 384, 217, 12.0, 24, MSaapappp, 162, 32132, 19536, 608, , 32132, 25000, 30246, 29819, 0, 
522, 1, 507, 5, -1, 201, 256, 17.5, 22, ABaraapaaap, -56, 27262, 13958, 512, , 27262, 25000, 27513, 28127, 0, 
523, 1, 197, 80, -1, 205, 210, 10.3, 24, ABalpaaaaaa, 167, 27548, 19394, 704, , 27548, 25000, 28485, 28746, 0, 
524, 1, 495, 486, -1, 199, 265, 20.8, 22, MSaaaaapa, 22, 27488, 13634, 496, , 27488, 25000, 27474, 27496, 0, 
525, 1, 382, 31, -1, 140, 274, 9.0, 28, ABalaapaaa, 59, 28674, 32344, 1128, , 28674, 25000, 28463, 28497, 0, 
526, 0, 403, -1, -1, 318, 309, 11.7, 22, , -144, 1311, 15240, 524, , 29084, 25000, 27743, 27773, 0, 
527, 1, 494, 402, -1, 287, 217, 21.9, 22, MSapppap, 82, 29485, 13681, 464, , 29485, 25000, 28155, 28374, 0, 
528, 1, 527, 524, -1, 396, 289, 6.7, 22, ABprpapappa, 272, 30698, 16086, 524, , 30698, 25000, 31543, 31249, 0, 
529, 1, 543, 222, -1, 129, 256, 18.4, 23, ABalappaap, 73, 26833, 17173, 640, , 26833, 25000, 27853, 27876, 0, 
530, 1, 529, 518, -1, 173, 322, 16.9, 22, ABalappppap, -252, 28737, 13334, 464, , 28737, 25000, 27508, 27718, 0, 
531, 1, 530, 527, -1, 525, 222, 9.2, 22, Caapaa, 231, 28468, 14120, 496, , 28468, 25000, 29116, 29166, 0, 
532, 1, 532, 528, -1, 318, 244, 23.5, 24, MSappppa, -11, 27383, 21030, 768, , 27383, 25000, 28252, 28275, 0, 
533, 1, 524, 532, -1, 210, 184, 22.9, 22, ABalpppappp, 482, 27817, 12907, 464, , 27817, 25000, 27799, 28092, 0, 
534, 1, 535, 533, -1, 245, 174, 23.8, 26, ABplaapappp, 191, 27853, 22171, 796, , 27853, 25000, 27915, 27453, 0, 
535, 1, 523, 535, -1, 304, 284, 17.0, 23, MSpaapapa, 231, 26225, 13427, 512, , 26225, 25000, 28789, 28804, 0, 
536, 0, 471, -1, -1, 522, 187, 10.2, 23, , -40, -1479, 14717, 540, , 27254, 25000, 28571, 28733, 0, 
537, 1, 531, 539, -1, 193, 185, 24.2, 27, ABplaapaapp, -99, 27219, 23626, 868, , 27219, 25000, 28394, 28354, 0, 
538, 1, 533, 540, -1, 295, 249, 20.0, 22, MSaaapapa, 168, 26148, 10041, 384, , 26148, 25000, 28111, 28394, 0, 
539, 1, 534, 541, -1, 372, 128, 22.0, 26, ABplaapppp, 836, 27729, 23625, 852, , 27729, 25000, 27958, 27868, 0, 
540, 1, 536, 542, -1, 234, 241, 22.0, 24, MSaaapaaa, 218, 29192, 17749, 608, , 29192, 25000, 28068, 28080, 0, 
541, 1, 537, 543, -1, 229, 285, 14.0, 23, ABaraaapapa, 120, 28316, 14498, 512, , 28316, 25000, 28484, 28399, 0, 
542, 1, 538, 544, -1, 369, 221, 16.0, 23, MSaapaapp, 158, 34172, 17496, 512, , 34172, 25000, 31470, 30205, 0, 
543, 1, 539, 545, -1, 330, 285, 16.0, 24, MSpaapapp, 153, 28801, 17511, 608, , 28801, 25000, 29205, 29233, 0, 
544, 1, 540, 547, -1, 338, 381, 10.0, 26, ABpraapppa, 348, 27999, 23855, 852, , 27999, 25000, 27822, 27956, 0, 
545, 1, 541, 548, -1, 359, 218, 7.0, 25, ABplpappaap, 179, 33272, 25420, 764, , 33272, 25000, 31237, 31623, 0, 
546, 1, 542, 549, -1, 517, 208, 6.0, 23, ABprpppapap, 209, 36416, 18645, 512, , 36416, 25000, 36831, 36372, 0, 
547, 1, 544, 551, -1, 236, 291, 6.0, 22, ABalaapappa, 0, 37622, 14447, 384, , 37622, 25000, 34933, 35419, 0, 
548, 1, 545, 552, -1, 168, 314, 9.0, 20, ABalaappapa, 0, 28038, 8860, 316, , 28038, 25000, 28941, 28872, 0, 
549, 1, 500, 553, -1, 188, 356, 20.0, 22, ABalapppppp, 134, 25951, 9965, 384, , 25951, 25000, 26722, 27053, 0, 
550, 1, 546, 554, -1, 162, 294, 19.0, 23, ABalapppapa, 187, 28031, 14352, 512, , 28031, 25000, 27723, 27833, 0, 
551, 1, 547, 557, -1, 159, 309, 15.0, 28, ABalappapa, 261, 27899, 31470, 1128, , 27899, 25000, 27389, 27400, 0, 
552, 1, 548, 555, -1, 170, 345, 19.0, 22, ABalapppppa, 0, 25487, 9787, 384, , 25487, 25000, 27463, 27285, 0, 
553, 1, 549, 556, -1, 148, 341, 16.0, 22, ABalappappp, 0, 26591, 10211, 384, , 26591, 25000, 27536, 27621, 0, 
554, 1, 550, 558, -1, 158, 303, 17.0, 23, ABalappppaa, 187, 27057, 13853, 512, , 27057, 25000, 27941, 28006, 0, 
555, 1, 551, 559, -1, 150, 252, 23.0, 22, ABalapapapa, -370, 26203, 10062, 384, , 26203, 25000, 28593, 28515, 0, 
556, 1, 552, 560, -1, 197, 153, 12.0, 21, ABalppaaapp, 0, 26578, 10206, 384, , 26578, 25000, 28368, 28575, 0, 
557, 1, 553, 561, -1, 229, 148, 11.0, 21, ABalppaappa, 0, 27500, 10560, 384, , 27500, 25000, 28255, 28386, 0, 
