1, 1, 421, 143, -1, 356, 151, 13.1, 24, ABplppaapap, 211, 28762, 17372, 604, , 28762, 25000, 28395, 28488, 0, 
2, 0, 364, -1, -1, 294, 291, 9.5, 24, , 9, 223, 21659, 768, , 28202, 25000, 27881, 27979, 0, 
3, 1, 367, 24, -1, 329, 175, 22.3, 26, ABplapaaapa, 111, 29246, 25035, 856, , 29246, 25000, 28904, 28958, 0, 
4, 1, 242, 228, -1, 454, 365, 17.8, 25, Cpppaaa, 222, 26570, 18705, 704, , 26570, 25000, 28264, 28289, 0, 
5, 1, 250, 124, -1, 488, 386, 12.3, 27, ABprappaap, 277, 27530, 25438, 924, , 27530, 25000, 27509, 27532, 0, 
6, 1, 255, 200, -1, 590, 180, 16.3, 30, Cpapaa, 305, 28649, 37473, 1308, , 28649, 25000, 28205, 28293, 0, 
7, 1, 454, 72, -1, 325, 211, 9.7, 25, ABalpappapp, 251, 27408, 20940, 764, , 27408, 25000, 29578, 29726, 0, 
8, 1, 429, 263, -1, 201, 138, 12.7, 23, ABalpppaaap, 171, 26137, 15473, 592, , 26137, 25000, 27417, 27441, 0, 
9, 1, 76, 395, -1, 433, 287, 5.3, 23, ABprppaappp, 216, 39438, 23347, 592, , 39438, 25000, 35197, 34921, 0, 
10, 1, 92, 13, -1, 243, 202, 8.5, 22, ABalpaaaapp, 177, 27139, 13895, 512, , 27139, 25000, 28534, 28573, 0, 
11, 1, 339, 380, -1, 203, 279, 13.9, 24, ABaraaapaap, 428, 28242, 17058, 604, , 28242, 25000, 27422, 27342, 0, 
12, 1, 390, 32, -1, 234, 239, 9.8, 24, ABarapaaaap, 205, 27527, 18058, 656, , 27527, 25000, 28832, 28772, 0, 
13, 0, 251, -1, -1, 216, 161, 22.2, 24, , 166, -113, 18320, 656, , 27927, 25000, 28213, 28040, 0, 
14, 1, 321, 57, -1, 162, 207, 19.4, 24, ABalapaaaa, 221, 27633, 19343, 700, , 27633, 25000, 27925, 28026, 0, 
15, 1, 198, 437, -1, 397, 331, 6.6, 27, ABarappappp, 219, 30203, 29841, 988, , 30203, 25000, 32290, 32242, 0, 
16, 1, 254, 158, -1, 421, 130, 18.6, 27, ABplappaaa, 142, 28058, 27721, 988, , 28058, 25000, 27467, 27616, 0, 
17, 1, 479, 23, -1, 175, 142, 14.8, 24, ABalpppaaaa, 203, 26721, 17529, 656, , 26721, 25000, 27670, 27687, 0, 
18, 1, 194, 282, -1, 408, 305, 14.2, 32, Earpa, 322, 27928, 44908, 1608, , 27928, 25000, 29581, 29542, 0, 
19, 1, 28, 184, -1, 555, 329, 8.8, 26, ABprapappa, 230, 27077, 21553, 796, , 27077, 25000, 28198, 28124, 0, 
20, 0, 218, -1, -1, 353, 230, 17.5, 23, , 9, 914, 19100, 632, , 30222, 25000, 29591, 29308, 0, 
21, 1, 505, 252, -1, 231, 165, 25.7, 28, ABplaaapap, 247, 28060, 29856, 1064, , 28060, 25000, 29206, 29052, 0, 
22, 0, 464, -1, -1, 221, 309, 5.3, 24, , 217, 2555, 29400, 704, , 41761, 25000, 38989, 39206, 0, 
23, 1, 259, 244, -1, 472, 397, 17.6, 27, ABprappapa, 42, 27591, 27260, 988, , 27591, 25000, 27538, 27549, 0, 
24, 1, 112, 294, -1, 243, 133, 15.6, 24, ABplpaaapap, 176, 27359, 19151, 700, , 27359, 25000, 28457, 28548, 0, 
25, 1, 392, 144, -1, 348, 349, 11.7, 24, Dpapa, 229, 28347, 19956, 704, , 28347, 25000, 27846, 27874, 0, 
26, 1, 336, 171, -1, 320, 115, 17.5, 24, ABplaapppa, 128, 26763, 20554, 768, , 26763, 25000, 27892, 27895, 0, 
27, 1, 442, 35, -1, 505, 211, 13.4, 31, Eplpp, 318, 28333, 37739, 1332, , 28333, 25000, 29069, 29150, 0, 
28, 1, 274, 411, -1, 361, 171, 25.5, 28, ABarppapaa, 256, 28855, 31163, 1080, , 28855, 25000, 28840, 28842, 0, 
29, 1, 208, 169, -1, 229, 168, 15.3, 24, ABplpaaaaap, 218, 27396, 19287, 704, , 27396, 25000, 28191, 28308, 0, 
30, 1, 178, 12, -1, 175, 245, 25.9, 24, ABplaaaaaap, 209, 29275, 17682, 604, , 29275, 25000, 27852, 27941, 0, 
31, 1, 446, 401, -1, 136, 267, 9.0, 27, ABalaapaaa, 250, 26747, 27603, 1032, , 26747, 25000, 28243, 28432, 0, 
32, 1, 289, 417, -1, 279, 325, 13.9, 25, MSppapaa, 202, 26632, 18323, 688, , 26632, 25000, 27711, 27599, 0, 
33, 1, 96, 174, -1, 525, 123, 10.4, 26, ABplappppa, 215, 27018, 22479, 832, , 27018, 25000, 28003, 27895, 0, 
34, 1, 75, 227, -1, 277, 272, 10.7, 27, ABarapappa, 4, 27311, 25235, 924, , 27311, 25000, 27793, 27897, 0, 
35, 1, 18, 210, -1, 351, 120, 16.2, 26, ABplapaapa, 246, 27946, 22245, 796, , 27946, 25000, 27853, 27875, 0, 
36, 1, 15, 218, -1, 377, 277, 11.4, 25, MSpapapa, 143, 38864, 32335, 832, , 38864, 25000, 31166, 31087, 0, 
37, 1, 82, 521, -1, 276, 314, 11.2, 25, MSppapap, 239, 28607, 20139, 704, , 28607, 25000, 28399, 28492, 0, 
38, 1, 330, 173, -1, 397, 129, 19.6, 29, ABplapaapp, 245, 27831, 32173, 1156, , 27831, 25000, 27874, 27924, 0, 
39, 1, 191, 232, -1, 552, 180, 9.3, 24, ABplppppppp, 192, 29030, 20437, 704, , 29030, 25000, 28648, 28836, 0, 
40, 1, 268, 111, -1, 247, 362, 9.2, 24, ABprpaapapp, 375, 28532, 18717, 656, , 28532, 25000, 28458, 28542, 0, 
41, 1, 384, 145, -1, 260, 215, 9.3, 25, ABalpappppa, 246, 26928, 20573, 764, , 26928, 25000, 28120, 28182, 0, 
42, 1, 129, 54, -1, 485, 325, 13.9, 26, MSpppaap, 219, 27559, 22047, 800, , 27559, 25000, 28672, 28790, 0, 
43, 1, 133, 126, 402, 309, 280, 13.0, 25, ABaraapppp, -24, 26209, 20024, 764, , 26209, 25000, 28918, 28734, 0, 
44, 1, 4, 300, -1, 249, 368, 16.8, 26, ABpraapappp, 260, 27644, 22005, 796, , 27644, 25000, 28226, 28576, 0, 
45, 1, 130, 533, -1, 267, 202, 7.6, 25, ABalpappapa, 248, 30305, 25214, 832, , 30305, 25000, 30453, 30538, 0, 
46, 1, 162, 453, -1, 193, 273, 6.5, 24, ABarapppaaa, 200, 34549, 26534, 768, , 34549, 25000, 34351, 34043, 0, 
47, 1, 102, 147, -1, 172, 359, 13.9, 23, ABpraaapapp, 197, 27325, 13553, 496, , 27325, 25000, 27580, 27532, 0, 
48, 1, 460, 312, -1, 201, 212, 10.3, 24, ABalpaaaaaa, 211, 30371, 21381, 704, , 30371, 25000, 28325, 28550, 0, 
49, 1, 430, 208, -1, 346, 147, 21.7, 27, ABplapaaapp, 233, 28772, 26585, 924, , 28772, 25000, 28846, 28764, 0, 
50, 1, 238, 52, -1, 330, 208, 12.7, 25, MSaapaaap, 246, 29789, 22759, 764, , 29789, 25000, 29867, 29542, 0, 
51, 1, 368, 58, -1, 218, 128, 16.5, 24, ABalpppapad, 391, 26883, 20646, 768, , 26883, 25000, 27760, 27655, 0, 
52, 1, 466, 15, -1, 514, 240, 19.1, 32, Eplap, 63, 27739, 43716, 1576, , 27739, 25000, 28265, 28312, 0, 
53, 1, 57, 209, -1, 226, 291, 25.8, 28, ABplaaaapp, 239, 28403, 29880, 1052, , 28403, 25000, 28398, 28552, 0, 
54, 1, 79, 335, -1, 189, 365, 16.0, 26, ABpraapaapp, 229, 26340, 22442, 852, , 26340, 25000, 28047, 28238, 0, 
55, 1, 457, 92, -1, 271, 212, 13.9, 27, ABalpapppa, 106, 26705, 24248, 908, , 26705, 25000, 27916, 27809, 0, 
56, 1, 67, 17, -1, 248, 180, 21.7, 27, ABplaapapap, -66, 27848, 25732, 924, , 27848, 25000, 28444, 28459, 0, 
57, 1, 146, 456, -1, 162, 252, 9.7, 24, ABaraaapppa, 209, 28305, 19927, 704, , 28305, 25000, 28151, 28284, 0, 
58, 1, 144, 305, -1, 171, 150, 21.3, 24, ABalpppaapd, 28, 27794, 19567, 704, , 27794, 25000, 28293, 28081, 0, 
59, 1, 122, 164, -1, 230, 153, 18.5, 23, ABplpaapaap, 616, 28870, 18246, 632, , 28870, 25000, 28360, 28549, 0, 
60, 1, 426, 403, -1, 535, 187, 7.0, 24, ABplppppppa, 184, 32146, 19545, 608, , 32146, 25000, 33267, 33097, 0, 
61, 1, 383, 270, -1, 508, 212, 16.5, 32, Eplpa, 322, 28022, 40127, 1432, , 28022, 25000, 29460, 29665, 0, 
62, 1, 295, 135, -1, 566, 190, 17.7, 26, Capppap, 233, 26966, 23083, 856, , 26966, 25000, 28231, 28230, 0, 
63, 1, 40, 44, -1, 161, 185, 24.4, 26, ABplaapaapa, -148, 28274, 23524, 832, , 28274, 25000, 27833, 27787, 0, 
64, 1, 401, 362, -1, 134, 233, 13.3, 29, ABalaaaarl, 220, 27244, 29097, 1068, , 27244, 25000, 27416, 27382, 0, 
65, 1, 280, 102, -1, 525, 138, 13.9, 27, ABplapppaa, -256, 27780, 25224, 908, , 27780, 25000, 27871, 28041, 0, 
66, 1, 87, 347, -1, 166, 276, 7.4, 27, ABalaapaap, 157, 29973, 29613, 988, , 29973, 25000, 31749, 31980, 0, 
67, 1, 508, 278, -1, 248, 163, 7.2, 24, ABalppapapa, 392, 29168, 19134, 656, , 29168, 25000, 32450, 32209, 0, 
68, 1, 299, 515, -1, 492, 164, 6.7, 25, ABplpppapaa, 205, 31872, 24350, 764, , 31872, 25000, 35272, 35775, 0, 
69, 1, 331, 233, -1, 260, 225, 5.0, 24, ABarappaapa, 13, 37215, 22627, 608, , 37215, 25000, 36876, 37084, 0, 
70, 1, 483, 442, -1, 195, 308, 11.4, 26, ABalaapppa, 176, 27127, 22570, 832, , 27127, 25000, 28007, 28044, 0, 
71, 1, 465, 175, -1, 368, 302, 14.6, 27, MSpapaapp, 269, 34516, 34102, 988, , 34516, 25000, 30314, 30120, 0, 
72, 1, 148, 287, -1, 381, 143, 14.4, 24, ABplppapaaa, 203, 26893, 18825, 700, , 26893, 25000, 28681, 28708, 0, 
73, 1, 123, 283, -1, 556, 135, 15.9, 23, ABplapapppa, 165, 27972, 13874, 496, , 27972, 25000, 27818, 27865, 0, 
74, 1, 69, 392, -1, 268, 153, 19.6, 26, ABplpaappaa, -35, 27776, 23110, 832, , 27776, 25000, 28598, 28648, 0, 
75, 1, 188, 50, -1, 245, 336, 11.4, 23, ABprpaapaap, 327, 27089, 17337, 640, , 27089, 25000, 28045, 28379, 0, 
76, 1, 240, 438, -1, 454, 201, 9.3, 25, ABplppppaap, 199, 28280, 21606, 764, , 28280, 25000, 28371, 28418, 0, 
77, 1, 158, 87, -1, 299, 217, 24.7, 28, ABplapaaaap, 223, 28242, 30049, 1064, , 28242, 25000, 28468, 28482, 0, 
78, 1, 184, 161, -1, 380, 358, 14.3, 26, Dppaa, 200, 27463, 23508, 856, , 27463, 25000, 28534, 28571, 0, 
79, 1, 94, 53, -1, 227, 193, 20.0, 23, ABplaapapaa, -33, 26885, 13765, 512, , 26885, 25000, 28324, 28462, 0, 
80, 1, 42, 509, -1, 324, 240, 9.6, 26, ABarapapppp, 250, 27504, 22883, 832, , 27504, 25000, 30021, 30156, 0, 
81, 1, 468, 397, -1, 531, 262, 7.4, 23, ABprapppapp, 178, 28820, 18445, 640, , 28820, 25000, 31374, 30914, 0, 
82, 1, 205, 220, 407, 295, 324, 17.6, 28, MSpaapaa, 185, 26759, 26438, 988, , 26759, 25000, 28504, 28453, 0, 
83, 1, 403, 349, -1, 339, 280, 11.4, 25, MSpapaaap, 246, 34757, 28918, 832, , 34757, 25000, 31192, 30946, 0, 
84, 0, 74, -1, -1, 231, 238, 14.5, 23, , 46, 672, 17920, 632, , 28354, 25000, 27602, 27682, 0, 
85, 1, 230, 299, -1, 201, 284, 25.8, 29, ABplaaaapa, 239, 28031, 31170, 1112, , 28031, 25000, 28992, 29053, 0, 
86, 0, 226, -1, -1, 190, 198, 19.7, 22, , 184, -1839, 13642, 524, , 26034, 25000, 28014, 27873, 0, 
87, 1, 334, 97, -1, 232, 310, 11.0, 23, ABprpaapaaa, 303, 27297, 13976, 512, , 27297, 25000, 28013, 28144, 0, 
88, 1, 181, 195, -1, 235, 276, 12.5, 30, ABarapaapa, 184, 27705, 34132, 1232, , 27705, 25000, 27737, 27811, 0, 
89, 0, 199, -1, -1, 83, 263, 16.3, 27, , -128, 2716, 27187, 924, , 29423, 25000, 26878, 26707, 0, 
90, 1, 16, 289, -1, 584, 297, 12.2, 23, ABprapapppa, 168, 26754, 14447, 540, , 26754, 25000, 27647, 27688, 0, 
91, 1, 11, 67, -1, 317, 165, 8.6, 27, ABalpapapap, 255, 28667, 28323, 988, , 28667, 25000, 29042, 29179, 0, 
92, 1, 360, 368, -1, 313, 341, 24.0, 29, ABarpaappp, 277, 27300, 33524, 1228, , 27300, 25000, 28292, 28119, 0, 
93, 1, 155, 165, -1, 164, 253, 18.8, 28, MSaaaaaa, 525, 27039, 28445, 1052, , 27039, 25000, 28170, 28152, 0, 
94, 1, 310, 202, -1, 304, 244, 14.7, 24, ABaraapappp, 171, 27010, 19015, 704, , 27010, 25000, 28409, 28426, 0, 
95, 1, 232, 455, -1, 196, 335, 19.5, 23, ABarpapaapp, 231, 27108, 17132, 632, , 27108, 25000, 28192, 28244, 0, 
96, 0, -1, -1, -1, 158, 156, 12.8, 22, , 203, 874, 13675, 496, , 27571, 25000, 27004, 26697, 0, 
97, 1, 417, 103, -1, 326, 311, 6.6, 23, ABprpapaapp, 178, 30138, 19288, 640, , 30138, 25000, 33305, 34225, 0, 
98, 1, 304, 389, -1, 376, 406, 18.1, 26, ABarppppaa, 204, 28133, 22506, 800, , 28133, 25000, 27825, 27874, 0, 
99, 1, 487, 168, -1, 415, 340, 8.4, 26, ABprppapaaa, 223, 28845, 23999, 832, , 28845, 25000, 29294, 29472, 0, 
100, 1, 73, 391, -1, 198, 176, 20.5, 23, ABalppppaad, 456, 28578, 18061, 632, , 28578, 25000, 27550, 27443, 0, 
101, 1, 192, 393, -1, 447, 171, 12.1, 24, MSpappaa, 202, 27662, 16708, 604, , 27662, 25000, 28747, 28594, 0, 
102, 1, 48, 486, -1, 387, 226, 6.5, 24, ABprpappapp, 192, 29836, 22914, 768, , 29836, 25000, 33063, 33186, 0, 
103, 1, 134, 250, -1, 418, 393, 11.9, 26, ABprapaapp, 42, 26889, 21511, 800, , 26889, 25000, 27566, 27591, 0, 
104, 1, 139, 36, -1, 204, 161, 14.1, 24, ABplpaaaaaa, -91, 27474, 16594, 604, , 27474, 25000, 27976, 27998, 0, 
105, 1, 202, 466, -1, 548, 304, 7.0, 24, ABprappppa, 244, 29543, 17962, 608, , 29543, 25000, 32840, 32938, 0, 
106, 1, 234, 352, -1, 411, 329, 26.1, 36, Caaaaa, 362, 27628, 62881, 2276, , 27628, 25000, 28724, 28763, 0, 
107, 1, 258, 75, -1, 293, 123, 16.6, 27, ABplaappap, 262, 28369, 28029, 988, , 28369, 25000, 28291, 28524, 0, 
108, 1, 370, 136, -1, 258, 202, 5.0, 24, ABalpapaapp, 118, 40535, 24645, 608, , 40535, 25000, 39135, 39967, 0, 
109, 1, 117, 338, -1, 545, 245, 11.1, 28, Cppppp, 259, 27830, 30279, 1088, , 27830, 25000, 28734, 28801, 0, 
110, 1, 461, 153, -1, 359, 262, 12.9, 24, MSpapappa, 198, 33632, 20314, 604, , 33632, 25000, 31526, 31529, 0, 
111, 1, 278, 255, -1, 598, 232, 12.9, 22, Caappd, 162, 28748, 13339, 464, , 28748, 25000, 28165, 28234, 0, 
112, 1, 277, 194, -1, 479, 224, 10.4, 25, ABprpappppp, 201, 26356, 21928, 832, , 26356, 25000, 28054, 28064, 0, 
113, 1, 406, 131, -1, 317, 255, 4.8, 22, ABprpappaap, 226, 36956, 18330, 496, , 36956, 25000, 36817, 36776, 0, 
114, 1, 14, 290, -1, 450, 123, 20.1, 28, ABplappaap, 332, 28585, 31100, 1088, , 28585, 25000, 27862, 27894, 0, 
115, 1, 333, 129, -1, 140, 212, 23.5, 25, ABplaapaaap, 248, 29905, 22967, 768, , 29905, 25000, 27928, 27771, 0, 
116, 1, 407, 400, -1, 428, 405, 18.0, 26, ABarppppap, 255, 28335, 24141, 852, , 28335, 25000, 28492, 28505, 0, 
117, 1, 26, 310, -1, 227, 304, 21.7, 24, MSpaaaaaa, 434, 27047, 19041, 704, , 27047, 25000, 28254, 28309, 0, 
118, 1, 231, 33, -1, 304, 198, 13.2, 23, MSaapaaaa, 132, 30802, 16633, 540, , 30802, 25000, 28707, 28847, 0, 
119, 1, 159, 183, -1, 221, 290, 16.6, 25, ABaraappapa, 224, 27433, 22824, 832, , 27433, 25000, 28387, 28468, 0, 
120, 1, 348, 273, -1, 278, 181, 14.9, 23, MSapapap, 217, 27563, 13671, 496, , 27563, 25000, 28249, 28219, 0, 
121, 1, 213, 190, -1, 478, 160, 18.2, 28, Capaap, 255, 28064, 29523, 1052, , 28064, 25000, 28562, 28562, 0, 
122, 1, 293, 246, -1, 233, 199, 23.6, 25, ABplaapappa, 225, 28190, 23454, 832, , 28190, 25000, 28231, 28238, 0, 
123, 1, 485, 43, -1, 272, 141, 8.9, 25, ABalppapapp, 215, 28157, 19372, 688, , 28157, 25000, 28517, 28563, 0, 
124, 1, 402, 484, -1, 268, 321, 5.0, 22, ABalaapappp, 169, 36302, 13940, 384, , 36302, 25000, 40002, 40050, 0, 
125, 1, 286, 237, -1, 139, 331, 18.3, 24, ABpraapaaap, 241, 27101, 19079, 704, , 27101, 25000, 27672, 27764, 0, 
126, 1, 425, 477, -1, 345, 281, 14.2, 27, MSpapaapa, 208, 31758, 27566, 868, , 31758, 25000, 30129, 29649, 0, 
127, 1, 88, 257, -1, 392, 182, 8.5, 23, ABplppaappa, 191, 27543, 17407, 632, , 27543, 25000, 28797, 28769, 0, 
128, 1, 63, 16, -1, 398, 391, 20.1, 29, ABarpppapp, 290, 28164, 34022, 1208, , 28164, 25000, 28527, 28566, 0, 
129, 1, 235, 245, -1, 343, 371, 23.8, 31, ABarpppapa, 83, 28677, 41983, 1464, , 28677, 25000, 27774, 27815, 0, 
130, 1, 320, 217, -1, 418, 369, 14.6, 26, Cppaaaa, 208, 28165, 23433, 832, , 28165, 25000, 28667, 28689, 0, 
131, 1, 405, 266, -1, 473, 179, 14.6, 24, ABplpppppaa, 242, 27943, 19560, 700, , 27943, 25000, 27594, 27619, 0, 
132, 1, 228, 328, -1, 420, 172, 8.5, 23, ABplppaappp, 67, 27095, 17124, 632, , 27095, 25000, 28429, 28395, 0, 
133, 1, 433, 479, -1, 216, 360, 8.1, 23, ABpraaaapad, 196, 27683, 13731, 496, , 27683, 25000, 28625, 28832, 0, 
134, 1, 357, 40, -1, 518, 305, 9.7, 29, Cppapp, 250, 28340, 30267, 1068, , 28340, 25000, 29097, 29077, 0, 
135, 1, 354, 108, -1, 156, 203, 13.8, 24, ABalaaaala, -12, 26718, 17527, 656, , 26718, 25000, 27716, 27805, 0, 
136, 1, 523, 239, -1, 202, 158, 18.2, 22, ABalapaapap, 168, 26804, 13295, 496, , 26804, 25000, 28201, 28035, 0, 
137, 1, 77, 467, -1, 529, 188, 11.1, 29, Capppp, -176, 28077, 33917, 1208, , 28077, 25000, 28551, 28558, 0, 
138, 1, 190, 492, -1, 558, 156, 13.2, 25, ABplapapppp, 231, 27756, 19540, 704, , 27756, 25000, 27904, 27896, 0, 
139, 1, 114, 109, -1, 223, 127, 13.4, 23, ABplpaaapaa, 195, 27130, 17363, 640, , 27130, 25000, 27274, 27233, 0, 
140, 1, 2, 148, -1, 361, 380, 9.5, 28, ABprapaapa, 218, 28502, 30782, 1080, , 28502, 25000, 28769, 28987, 0, 
141, 1, 103, 146, -1, 162, 215, 22.0, 24, ABalapappap, 203, 27577, 16767, 608, , 27577, 25000, 27920, 28145, 0, 
142, 1, 518, 396, -1, 219, 338, 7.3, 23, ABpraaaaaap, 160, 29596, 17521, 592, , 29596, 25000, 31490, 31818, 0, 
143, 1, 296, 241, -1, 480, 194, 10.4, 23, ABplpppppap, 66, 28339, 18137, 640, , 28339, 25000, 28236, 28422, 0, 
144, 1, 97, 198, -1, 519, 142, 7.1, 24, ABplpppaapp, -95, 30876, 18649, 604, , 30876, 25000, 32571, 32901, 0, 
145, 1, 51, 38, -1, 464, 115, 16.6, 26, ABplappapp, 248, 27278, 22695, 832, , 27278, 25000, 27834, 27848, 0, 
146, 1, 24, 264, -1, 392, 254, 12.1, 23, MSpapappp, 202, 32700, 16219, 496, , 32700, 25000, 31058, 30919, 0, 
147, 1, 273, 196, -1, 511, 370, 10.1, 26, ABprappapp, -80, 28259, 22607, 800, , 28259, 25000, 27541, 27554, 0, 
148, 1, 201, 70, -1, 285, 223, 19.3, 26, ABaraapapaa, 81, 27551, 23584, 856, , 27551, 25000, 28407, 28513, 0, 
149, 1, 409, 436, -1, 331, 339, 8.2, 24, ABprppaaaap, 240, 29029, 19043, 656, , 29029, 25000, 28692, 28698, 0, 
150, 1, 180, 185, -1, 273, 156, 14.1, 29, ABplpaaappp, 249, 27286, 32961, 1208, , 27286, 25000, 28292, 28296, 0, 
151, 1, 500, 137, -1, 463, 189, 23.0, 26, Cappaaa, 258, 26896, 22915, 852, , 26896, 25000, 28656, 28630, 0, 
152, 0, 323, -1, -1, 346, 359, 6.1, 23, , 202, -319, 17738, 496, , 35762, 25000, 36059, 36081, 0, 
153, 1, 270, 155, -1, 302, 155, 14.4, 24, ABplppaaaaa, 78, 28694, 20086, 700, , 28694, 25000, 28296, 28739, 0, 
154, 1, 263, 364, -1, 221, 250, 5.6, 24, ABarappaaaa, 202, 38349, 26844, 700, , 38349, 25000, 37355, 37393, 0, 
155, 1, 27, 339, -1, 565, 254, 7.9, 25, ABprappppp, 224, 29266, 18613, 636, , 29266, 25000, 29653, 29706, 0, 
156, 1, 372, 426, -1, 283, 180, 21.9, 24, ABalppppppa, 249, 27391, 16544, 604, , 27391, 25000, 28440, 28545, 0, 
157, 1, 104, 47, -1, 295, 377, 23.1, 28, ABarpppaaa, 258, 27910, 30366, 1088, , 27910, 25000, 27661, 27713, 0, 
158, 1, 3, 336, -1, 157, 306, 14.4, 27, ABalappapa, 262, 26916, 26593, 988, , 26916, 25000, 28024, 28061, 0, 
159, 1, 420, 152, -1, 464, 175, 7.4, 23, ABplppppapa, 216, 26884, 17206, 640, , 26884, 25000, 30264, 30263, 0, 
160, 1, 107, 176, -1, 277, 357, 12.1, 24, ABprpaappaa, 315, 29392, 17753, 604, , 29392, 25000, 28476, 28518, 0, 
161, 1, 434, 481, -1, 169, 316, 19.7, 22, ABalapppapp, 151, 29107, 15252, 524, , 29107, 25000, 28242, 28199, 0, 
162, 1, 253, 483, -1, 500, 265, 25.5, 34, Cpaapa, 346, 28076, 47393, 1688, , 28076, 25000, 29300, 29300, 0, 
163, 1, 206, 37, -1, 196, 373, 18.9, 24, ABarpappaa, 251, 27412, 16557, 604, , 27412, 25000, 27182, 27202, 0, 
164, 1, 211, 472, -1, 469, 296, 8.2, 23, MSpappap, 221, 28489, 15384, 540, , 28489, 25000, 28734, 28883, 0, 
165, 1, 224, 96, -1, 343, 287, 21.4, 24, MSpaaapap, 197, 27297, 19108, 700, , 27297, 25000, 27692, 27893, 0, 
166, 1, 23, 18, -1, 194, 198, 26.2, 26, ABplaaapaa, 221, 27948, 22247, 796, , 27948, 25000, 29667, 29725, 0, 
167, 1, 34, 224, -1, 218, 357, 16.6, 24, ABpraapappa, -102, 27457, 19220, 700, , 27457, 25000, 28333, 28373, 0, 
168, 1, 215, 9, -1, 418, 261, 6.7, 23, ABprpapappp, 237, 30213, 17886, 592, , 30213, 25000, 32450, 32554, 0, 
169, 1, 515, 508, -1, 118, 258, 18.3, 22, ABalappaap, 115, 26141, 13698, 524, , 26141, 25000, 27209, 27226, 0, 
170, 1, 325, 424, -1, 454, 140, 11.5, 25, ABplppapppp, 207, 29733, 22835, 768, , 29733, 25000, 27812, 27945, 0, 
171, 1, 450, 41, -1, 122, 236, 20.5, 23, ABplaapaaaa, -65, 28359, 17923, 632, , 28359, 25000, 28190, 28167, 0, 
172, 1, 59, 65, -1, 300, 211, 15.5, 24, ABaraapappa, 190, 27604, 21200, 768, , 27604, 25000, 28659, 28670, 0, 
173, 1, 35, 222, -1, 449, 384, 12.5, 26, ABprappaaa, 260, 27296, 24457, 896, , 27296, 25000, 27424, 27467, 0, 
174, 1, 338, 354, -1, 290, 241, 26.2, 25, ABarppaaaa, 212, 27362, 19263, 704, , 27362, 25000, 28535, 28465, 0, 
175, 1, 65, 469, -1, 368, 170, 10.9, 24, ABalpapappp, 200, 27796, 16789, 604, , 27796, 25000, 28422, 28144, 0, 
176, 1, 248, 71, -1, 291, 246, 4.7, 23, ABarappaapp, 76, 35627, 21091, 592, , 35627, 25000, 36069, 35906, 0, 
177, 1, 90, 60, -1, 408, 300, 18.0, 30, Earap, 127, 27924, 37641, 1348, , 27924, 25000, 28654, 28742, 0, 
178, 1, 422, 365, -1, 544, 320, 15.5, 26, Cpppapa, 217, 28083, 25162, 896, , 28083, 25000, 28085, 28108, 0, 
179, 1, 473, 517, -1, 326, 166, 25.9, 25, ABarppaaap, 229, 27948, 19228, 688, , 27948, 25000, 29079, 29121, 0, 
180, 1, 52, 406, 422, 434, 169, 19.5, 29, Capaaa, 160, 27019, 29181, 1080, , 27019, 25000, 27659, 27660, 0, 
181, 0, 517, -1, -1, 326, 113, 15.5, 22, , 487, -1006, 13902, 512, , 27152, 25000, 27852, 28158, 0, 
182, 1, 179, 463, -1, 151, 161, 16.6, 24, ABalaaapall, 247, 27757, 19430, 700, , 27757, 25000, 28056, 27807, 0, 
183, 1, 119, 211, -1, 260, 342, 7.3, 24, ABprpaaapap, 200, 28784, 20264, 704, , 28784, 25000, 30790, 31247, 0, 
184, 1, 499, 80, -1, 437, 343, 9.1, 23, ABprppapaap, 202, 27151, 13467, 496, , 27151, 25000, 28779, 29274, 0, 
185, 1, 32, 46, -1, 140, 241, 23.9, 25, ABplaaaaaaa, 236, 28532, 19630, 688, , 28532, 25000, 27893, 27850, 0, 
186, 1, 33, 99, -1, 379, 382, 16.1, 25, ABprapaaapp, 335, 27828, 19146, 688, , 27828, 25000, 28345, 28365, 0, 
187, 1, 1, 341, -1, 320, 350, 15.5, 24, Dpaaa, 199, 28898, 22194, 768, , 28898, 25000, 28287, 28309, 0, 
188, 1, 20, 267, -1, 380, 249, 18.8, 32, Ealaa, 302, 28670, 46101, 1608, , 28670, 25000, 29172, 29231, 0, 
189, 1, 345, 387, -1, 459, 200, 15.9, 23, MSappaap, 223, 26716, 13251, 496, , 26716, 25000, 28135, 28214, 0, 
190, 1, 376, 259, -1, 125, 198, 15.0, 24, ABalaaapalr, 234, 28586, 17380, 608, , 28586, 25000, 27503, 27545, 0, 
191, 1, 305, 221, -1, 554, 312, 20.5, 28, Cppppaa, 272, 27918, 30151, 1080, , 27918, 25000, 27777, 27765, 0, 
192, 1, 160, 258, -1, 444, 157, 24.6, 31, ABplappapa, 302, 27313, 36381, 1332, , 27313, 25000, 28808, 28813, 0, 
193, 1, 267, 302, -1, 180, 179, 13.1, 23, ABalppappaa, 201, 27692, 13735, 496, , 27692, 25000, 28033, 28150, 0, 
194, 1, 109, 381, -1, 419, 219, 7.6, 23, ABplpapppaa, 194, 28723, 18383, 640, , 28723, 25000, 30505, 30822, 0, 
195, 1, 83, 440, -1, 404, 161, 24.8, 27, ABarppapap, 276, 29361, 25485, 868, , 29361, 25000, 28172, 28224, 0, 
196, 1, 444, 503, -1, 363, 311, 19.5, 26, Earaa, 192, 28103, 25180, 896, , 28103, 25000, 29748, 29755, 0, 
197, 1, 9, 45, -1, 267, 248, 10.4, 24, ABarapapaap, -4, 26514, 18560, 700, , 26514, 25000, 28132, 28184, 0, 
198, 1, 322, 178, -1, 484, 156, 13.0, 28, Capapp, 262, 27331, 30829, 1128, , 27331, 25000, 28132, 28336, 0, 
199, 1, 36, 476, -1, 447, 232, 14.2, 30, Z3, 301, 27795, 36690, 1320, , 27795, 25000, 28501, 28501, 0, 
200, 1, 369, 327, -1, 368, 252, 5.0, 24, ABprpappapa, 241, 40296, 24500, 608, , 40296, 25000, 37308, 37422, 0, 
201, 1, 462, 2, -1, 256, 294, 6.7, 23, ABarapppppa, -133, 31539, 18671, 592, , 31539, 25000, 33382, 33190, 0, 
202, 1, 329, 382, -1, 354, 245, 24.1, 26, MSappppp, 264, 28319, 22655, 800, , 28319, 25000, 28673, 28683, 0, 
203, 1, 217, 390, -1, 234, 276, 22.4, 24, MSaaaaapp, 222, 27736, 19415, 700, , 27736, 25000, 28334, 28520, 0, 
204, 1, 78, 226, -1, 377, 174, 20.0, 25, Dapaa, 224, 28649, 21888, 764, , 28649, 25000, 29380, 29504, 0, 
205, 1, 203, 351, -1, 349, 317, 8.2, 25, ABprppaapaa, 191, 27707, 19506, 704, , 27707, 25000, 28880, 28775, 0, 
206, 0, 396, -1, -1, 357, 125, 19.5, 24, , 8, 1366, 23199, 768, , 30207, 25000, 28586, 28841, 0, 
207, 1, 10, 118, -1, 548, 150, 10.3, 25, ABplappppp, 277, 27897, 21313, 764, , 27897, 25000, 28821, 28802, 0, 
208, 1, 219, 88, -1, 160, 274, 24.2, 29, ABarpaaaap, 199, 27713, 30817, 1112, , 27713, 25000, 28839, 28812, 0, 
209, 1, 431, 29, -1, 319, 380, 13.8, 24, ABprpaappap, 183, 27791, 18231, 656, , 27791, 25000, 28062, 28058, 0, 
210, 1, 359, 405, -1, 207, 273, 4.9, 22, ABarapppaap, 214, 41011, 19029, 464, , 41011, 25000, 39128, 39057, 0, 
211, 1, 337, 496, -1, 218, 165, 8.2, 23, ABalppapaap, 201, 30174, 16294, 540, , 30174, 25000, 29022, 28703, 0, 
212, 1, 469, 419, -1, 288, 261, 13.7, 24, ABarapaappp, 194, 27908, 19647, 704, , 27908, 25000, 28322, 28556, 0, 
213, 1, 64, 114, -1, 217, 206, 5.4, 25, ABalpapaapa, 221, 42519, 35376, 832, , 42519, 25000, 39838, 39932, 0, 
214, 1, 489, 410, -1, 573, 191, 9.7, 24, Caappv, 202, 27385, 19279, 704, , 27385, 25000, 27867, 27864, 0, 
215, 1, 55, 359, -1, 571, 277, 17.0, 26, Cppppap, 238, 27107, 23095, 852, , 27107, 25000, 28804, 28784, 0, 
216, 1, 362, 301, -1, 259, 394, 17.8, 27, ABarpapppa, 224, 26467, 22973, 868, , 26467, 25000, 27887, 28196, 0, 
217, 1, 328, 261, -1, 475, 292, 19.5, 32, Earpp, 325, 27629, 39565, 1432, , 27629, 25000, 28607, 28715, 0, 
218, 1, 419, 330, -1, 514, 269, 15.8, 33, Eprpa, 332, 28415, 49556, 1744, , 28415, 25000, 29486, 29680, 0, 
219, 1, 415, 256, -1, 332, 160, 18.0, 24, Daapa, 202, 27048, 16445, 608, , 27048, 25000, 28829, 28685, 0, 
220, 1, 391, 377, -1, 308, 304, 15.0, 23, ABaraapppap, 220, 27396, 14027, 512, , 27396, 25000, 27596, 27591, 0, 
221, 1, 38, 125, -1, 525, 138, 21.8, 28, ABplapapaa, 283, 27692, 29132, 1052, , 27692, 25000, 28385, 28385, 0, 
222, 1, 173, 329, -1, 500, 150, 9.3, 26, ABplpppaapa, 204, 27535, 23570, 856, , 27535, 25000, 29008, 29100, 0, 
223, 1, 283, 413, -1, 318, 269, 10.1, 23, MSpapaaaa, 217, 30839, 15296, 496, , 30839, 25000, 30788, 30725, 0, 
224, 1, 478, 394, -1, 568, 221, 8.4, 24, ABprppppppp, 200, 29224, 20457, 700, , 29224, 25000, 28794, 28770, 0, 
225, 0, 169, -1, -1, 313, 313, 12.0, 22, , 200, 1123, 11426, 384, , 29755, 25000, 28318, 28632, 0, 
226, 1, 318, 430, -1, 356, 326, 5.5, 24, ABprpaaaapa, 196, 37837, 29059, 768, , 37837, 25000, 35193, 35317, 0, 
227, 1, 436, 343, -1, 483, 152, 24.9, 28, ABarppappa, 265, 27064, 29446, 1088, , 27064, 25000, 28121, 28154, 0, 
228, 1, 168, 25, -1, 319, 198, 25.2, 23, ABplapaaaaa, 161, 27261, 14721, 540, , 27261, 25000, 27903, 27900, 0, 
229, 1, 124, 318, -1, 532, 123, 17.4, 26, ABarppappp, 225, 26425, 21986, 832, , 26425, 25000, 27872, 27811, 0, 
230, 1, 210, 193, -1, 181, 267, 13.5, 24, ABaraaapaaa, 208, 27833, 21376, 768, , 27833, 25000, 28160, 28141, 0, 
231, 1, 50, 128, -1, 229, 341, 21.5, 28, MSppappp, 136, 27300, 29484, 1080, , 27300, 25000, 28718, 28869, 0, 
232, 1, 98, 326, -1, 509, 350, 13.5, 28, Cppaap, 271, 27163, 29336, 1080, , 27163, 25000, 28470, 28414, 0, 
233, 1, 118, 254, -1, 184, 275, 16.4, 23, ABaraappaaa, 695, 29258, 18725, 640, , 29258, 25000, 27641, 27646, 0, 
234, 1, 197, 191, -1, 281, 232, 6.5, 24, ABarapapapa, 81, 33458, 25696, 768, , 33458, 25000, 33751, 33718, 0, 
235, 1, 347, 64, -1, 542, 355, 10.4, 26, ABprapapap, 261, 28486, 23700, 832, , 28486, 25000, 27617, 27690, 0, 
236, 1, 313, 7, -1, 197, 317, 15.9, 26, MSppaaap, -57, 28683, 22946, 800, , 28683, 25000, 28127, 28280, 0, 
237, 0, 115, -1, -1, 216, 144, 10.5, 29, , 216, 1980, 31963, 1080, , 29595, 25000, 27645, 27615, 0, 
238, 1, 175, 1, -1, 497, 114, 17.1, 27, ABplapapap, 269, 26759, 24297, 908, , 26759, 25000, 28226, 28253, 0, 
239, 1, 261, 366, -1, 418, 372, 18.5, 26, Dppap, 198, 27765, 24877, 896, , 27765, 25000, 28282, 28407, 0, 
240, 1, 394, 85, -1, 282, 281, 15.4, 25, ABaraapppaa, 199, 27313, 22724, 832, , 27313, 25000, 27773, 27698, 0, 
241, 1, 56, 317, -1, 200, 138, 19.9, 24, ABplpaapapa, -135, 27126, 16384, 604, , 27126, 25000, 28047, 28113, 0, 
242, 1, 411, 66, -1, 297, 169, 6.6, 25, ABalpapapaa, 189, 33463, 27841, 832, , 33463, 25000, 36246, 36747, 0, 
243, 1, 60, 150, -1, 202, 332, 25.5, 27, ABarpaapaa, 142, 28248, 25310, 896, , 28248, 25000, 29279, 29224, 0, 
244, 1, 167, 474, -1, 215, 181, 6.8, 25, ABalpapaaaa, 194, 36226, 25503, 704, , 36226, 25000, 35357, 36037, 0, 
245, 1, 121, 138, -1, 211, 242, 19.1, 28, ABaraapaapa, -39, 27595, 30023, 1088, , 27595, 25000, 27924, 27790, 0, 
246, 1, 408, 82, -1, 127, 225, 16.5, 28, ABalaaapar, 206, 27521, 29723, 1080, , 27521, 25000, 27095, 26978, 0, 
247, 1, 189, 433, -1, 326, 300, 19.4, 26, MSpaaappp, -119, 27903, 23215, 832, , 27903, 25000, 28089, 28139, 0, 
248, 1, 308, 167, -1, 347, 381, 16.2, 24, ABprapaaapa, 242, 27239, 17869, 656, , 27239, 25000, 27779, 27852, 0, 
249, 1, 281, 448, -1, 563, 280, 13.1, 25, Cpppapp, 248, 27382, 18839, 688, , 27382, 25000, 28619, 28694, 0, 
250, 1, 5, 353, -1, 290, 204, 10.9, 26, ABalpappppp, 237, 27159, 21727, 800, , 27159, 25000, 28424, 28482, 0, 
251, 1, 319, 156, -1, 407, 284, 8.7, 26, MSppaapp, 147, 27789, 23787, 856, , 27789, 25000, 28493, 28490, 0, 
252, 1, 397, 286, -1, 252, 254, 24.5, 26, MSapappp, 268, 28269, 25329, 896, , 28269, 25000, 28372, 28487, 0, 
253, 1, 147, 386, -1, 550, 282, 9.7, 23, ABprapppapa, 217, 28042, 16601, 592, , 28042, 25000, 28658, 28778, 0, 
254, 1, 252, 39, -1, 312, 260, 20.8, 24, MSaaaappa, 209, 27994, 18364, 656, , 27994, 25000, 28079, 28343, 0, 
255, 1, 404, 59, -1, 249, 360, 14.4, 24, ABpraapapap, 200, 27866, 19506, 700, , 27866, 25000, 28929, 29316, 0, 
256, 1, 39, 149, -1, 190, 170, 9.7, 25, ABalppapaaa, 6, 28550, 21812, 764, , 28550, 25000, 28363, 28439, 0, 
257, 1, 22, 272, -1, 211, 181, 16.3, 24, ABplpaapaaa, 222, 26901, 18938, 704, , 26901, 25000, 27912, 27686, 0, 
258, 1, 365, 420, -1, 344, 337, 15.3, 26, MSpppaaa, 260, 28283, 24210, 856, , 28283, 25000, 28983, 28945, 0, 
259, 1, 13, 30, -1, 585, 284, 20.5, 30, Caaapp, 202, 28162, 34696, 1232, , 28162, 25000, 28061, 28044, 0, 
260, 1, 495, 376, -1, 183, 231, 15.1, 23, ABalpaapaaa, 197, 27478, 13629, 496, , 27478, 25000, 27815, 28357, 0, 
261, 1, 93, 197, -1, 200, 221, 21.9, 23, ABplaaaaapa, 270, 29254, 14510, 496, , 29254, 25000, 27987, 27944, 0, 
262, 0, 443, -1, -1, 140, 262, 18.9, 23, , 197, -965, 13673, 496, , 27567, 25000, 27947, 28532, 0, 
263, 1, 458, 547, -1, 138, 221, 18.9, 20, ABalapappaa, -428, 27079, 8557, 316, , 27079, 25000, 28581, 28631, 0, 
264, 1, 282, 159, -1, 314, 296, 22.2, 24, MSpaaapaa, 407, 28273, 18547, 656, , 28273, 25000, 28654, 28758, 0, 
265, 1, 300, 324, -1, 472, 195, 6.6, 24, ABplppppapp, 199, 31437, 22006, 700, , 31437, 25000, 31734, 32352, 0, 
266, 1, 297, 179, -1, 350, 135, 10.2, 24, ABplpaaaapa, 199, 27008, 17717, 656, , 27008, 25000, 27828, 27916, 0, 
267, 0, 413, -1, -1, 198, 295, 19.9, 23, , 204, 147, 13855, 496, , 27933, 25000, 27818, 27786, 0, 
268, 1, 44, 68, -1, 461, 337, 7.9, 26, ABprppapap, 367, 28026, 22421, 800, , 28026, 25000, 29540, 29563, 0, 
269, 1, 269, 471, -1, 250, 159, 13.4, 23, ABplpaaappa, 147, 27881, 17844, 640, , 27881, 25000, 28350, 28338, 0, 
270, 1, 126, 115, -1, 308, 377, 17.8, 24, ABprapaaaaa, 210, 26459, 17357, 656, , 26459, 25000, 28247, 28530, 0, 
271, 1, 467, 94, -1, 304, 153, 20.7, 24, ABplpaappap, 62, 29947, 21083, 704, , 29947, 25000, 28855, 28868, 0, 
272, 1, 84, 133, -1, 444, 321, 6.1, 23, ABprppappap, 208, 29778, 14770, 496, , 29778, 25000, 32693, 32762, 0, 
273, 1, 177, 242, -1, 564, 344, 17.4, 29, ABprapapaa, 80, 26489, 30621, 1156, , 26489, 25000, 27605, 27619, 0, 
274, 1, 521, 468, -1, 244, 327, 13.7, 24, ABpraaappaa, 195, 26497, 18654, 704, , 26497, 25000, 27993, 28228, 0, 
275, 1, 172, 199, -1, 256, 250, 5.5, 23, ABarappaaap, 195, 38047, 24046, 632, , 38047, 25000, 36510, 37065, 0, 
276, 1, 100, 449, -1, 202, 341, 13.1, 23, ABpraaapaad, 148, 26702, 13244, 496, , 26702, 25000, 28014, 27978, 0, 
277, 1, 151, 268, -1, 250, 240, 21.0, 27, ABaraapaapp, 246, 27716, 28603, 1032, , 27716, 25000, 28304, 28349, 0, 
278, 1, 174, 497, -1, 289, 174, 25.4, 31, ABplaaappp, 244, 27917, 37185, 1332, , 27917, 25000, 28838, 28870, 0, 
279, 1, 343, 522, -1, 258, 296, 17.2, 33, ABaraappapp, 281, 27788, 48462, 1744, , 27788, 25000, 28164, 28218, 0, 
280, 1, 140, 249, -1, 502, 343, 21.2, 28, Cpppaap, 276, 27498, 28928, 1052, , 27498, 25000, 28549, 28693, 0, 
281, 1, 513, 276, -1, 223, 309, 18.8, 24, MSpaaaapa, 224, 28195, 18496, 656, , 28195, 25000, 27888, 27921, 0, 
282, 1, 66, 358, -1, 483, 319, 6.4, 28, ABprppappp, 204, 30403, 30038, 988, , 30403, 25000, 34009, 34463, 0, 
283, 1, 116, 454, -1, 477, 356, 14.1, 26, Cppaaap, 210, 28391, 22713, 800, , 28391, 25000, 28400, 28497, 0, 
284, 1, 315, 423, -1, 392, 165, 16.2, 28, MSaapppa, 266, 28423, 29901, 1052, , 28423, 25000, 27744, 27802, 0, 
285, 1, 445, 117, -1, 418, 137, 13.9, 23, ABplppapapa, 403, 28121, 13948, 496, , 28121, 25000, 27696, 27603, 0, 
286, 1, 265, 132, -1, 134, 280, 12.4, 25, ABalaaapplr, 188, 27738, 23078, 832, , 27738, 25000, 27661, 27758, 0, 
287, 1, 399, 84, -1, 216, 319, 13.1, 22, ABpraaapaav, 181, 28041, 13011, 464, , 28041, 25000, 27475, 27490, 0, 
288, 1, 276, 235, -1, 406, 251, 15.1, 29, Ealpa, 297, 27459, 33170, 1208, , 27459, 25000, 29260, 29216, 0, 
289, 1, 150, 435, -1, 379, 303, 5.2, 24, ABarappappa, 212, 37701, 24732, 656, , 37701, 25000, 34072, 34289, 0, 
290, 1, 7, 450, -1, 224, 209, 14.4, 24, ABalpaaapaa, 163, 27000, 18900, 700, , 27000, 25000, 27599, 27471, 0, 
291, 1, 385, 69, -1, 175, 314, 25.2, 28, ABarpapapa, 261, 28822, 30321, 1052, , 28822, 25000, 28592, 28697, 0, 
292, 1, 441, 20, -1, 491, 254, 12.9, 31, Eprpp, 310, 27796, 41138, 1480, , 27796, 25000, 28870, 28934, 0, 
293, 1, 382, 5, -1, 511, 208, 25.2, 29, Cappaap, 257, 29880, 33227, 1112, , 29880, 25000, 28241, 28300, 0, 
294, 1, 416, 63, -1, 204, 251, 11.4, 27, ABaraaaaap, 196, 26961, 26637, 988, , 26961, 25000, 28150, 28124, 0, 
295, 1, 400, 375, -1, 351, 236, 20.7, 28, MSaaappp, -147, 27499, 29259, 1064, , 27499, 25000, 28833, 29022, 0, 
296, 1, 68, 293, -1, 574, 214, 11.5, 26, Cpappv, 212, 26990, 24183, 896, , 26990, 25000, 28092, 28103, 0, 
297, 1, 470, 296, -1, 515, 382, 17.0, 28, ABarpppppa, 274, 26908, 30352, 1128, , 26908, 25000, 27585, 27586, 0, 
298, 1, 381, 475, -1, 167, 212, 24.5, 22, ABalapapppa, 199, 28473, 14578, 512, , 28473, 25000, 28365, 28341, 0, 
299, 1, 501, 306, -1, 523, 161, 9.0, 23, ABplapppapp, 174, 26908, 13777, 512, , 26908, 25000, 29006, 28992, 0, 
300, 1, 418, 507, -1, 404, 159, 10.0, 24, ABplppappap, 225, 27607, 16785, 608, , 27607, 25000, 27417, 27416, 0, 
301, 1, 85, 122, -1, 289, 398, 18.9, 26, ABarpapppp, 233, 26200, 20960, 800, , 26200, 25000, 27691, 27885, 0, 
302, 1, 373, 502, -1, 339, 340, 21.8, 26, MSpppppp, 218, 28337, 22556, 796, , 28337, 25000, 28787, 28732, 0, 
303, 1, 302, 76, -1, 331, 396, 19.9, 26, ABarpppaap, 119, 27129, 21703, 800, , 27129, 25000, 27805, 27751, 0, 
304, 1, 344, 123, -1, 123, 273, 21.4, 30, ABarpaaaaa, 178, 26932, 31133, 1156, , 26932, 25000, 27832, 27878, 0, 
305, 1, 113, 371, -1, 230, 232, 24.1, 26, MSapappa, 224, 26938, 21550, 800, , 26938, 25000, 28640, 28562, 0, 
306, 1, 7, 527, -1, 245, 211, 14.9, 23, ABalpaaapap, 171, 28556, 14164, 496, , 28556, 25000, 27715, 27937, 0, 
307, 1, 120, 342, -1, 237, 166, 10.8, 24, ABalppapppa, -102, 27642, 18133, 656, , 27642, 25000, 28155, 28106, 0, 
308, 1, 99, 516, -1, 134, 189, 19.2, 25, ABalapaaapa, 251, 27491, 19354, 704, , 27491, 25000, 27227, 27349, 0, 
309, 0, 486, -1, -1, 372, 290, 17.8, 29, , 240, -280, 32347, 1112, , 29089, 25000, 29416, 29369, 0, 
310, 1, 414, 8, -1, 518, 284, 5.7, 24, ABprpppaapa, 202, 39020, 27470, 704, , 39020, 25000, 37149, 36906, 0, 
311, 1, 161, 180, -1, 357, 195, 18.8, 26, MSappaaa, 207, 26956, 21457, 796, , 26956, 25000, 29884, 29923, 0, 
312, 1, 492, 203, -1, 385, 220, 10.9, 25, MSaappap, 241, 27910, 19202, 688, , 27910, 25000, 29244, 29259, 0, 
313, 1, 86, 271, -1, 222, 333, 15.4, 24, ABpraapapaa, 18, 26686, 18680, 700, , 26686, 25000, 28308, 28182, 0, 
314, 1, 170, 248, -1, 259, 346, 13.1, 23, ABpraaappap, 199, 26829, 13307, 496, , 26829, 25000, 29115, 29333, 0, 
315, 0, 287, -1, -1, 207, 372, 13.1, 23, , 198, -190, 13691, 496, , 27603, 25000, 27644, 27793, 0, 
316, 1, 516, 451, -1, 471, 247, 9.4, 25, ABprpappppa, 222, 28061, 23347, 832, , 28061, 25000, 28409, 28558, 0, 
317, 1, 474, 77, -1, 234, 271, 4.7, 23, ABarapppapa, 278, 36461, 21585, 592, , 36461, 25000, 37347, 36791, 0, 
318, 1, 245, 170, -1, 289, 296, 20.2, 25, MSpaaappa, 56, 28152, 19819, 704, , 28152, 25000, 28273, 28401, 0, 
319, 1, 207, 344, -1, 420, 190, 11.3, 25, MSapaapp, 56, 27628, 21108, 764, , 27628, 25000, 28320, 28358, 0, 
320, 1, 502, 192, -1, 266, 312, 21.4, 26, MSpaaaaap, 211, 27970, 23271, 832, , 27970, 25000, 28805, 28858, 0, 
321, 1, 448, 409, -1, 318, 190, 19.6, 23, Daaaa, 222, 28625, 18320, 640, , 28625, 25000, 29363, 29369, 0, 
322, 1, 410, 499, -1, 247, 196, 26.4, 29, ABplaaappa, 245, 29541, 34149, 1156, , 29541, 25000, 29950, 30048, 0, 
323, 1, 243, 216, -1, 267, 116, 15.5, 23, ABplaappaa, 210, 26551, 16780, 632, , 26551, 25000, 27776, 27629, 0, 
324, 1, 432, 500, -1, 331, 256, 17.7, 22, MSaaapapp, 191, 28021, 14683, 524, , 28021, 25000, 27749, 27885, 0, 
325, 1, 45, 297, -1, 307, 368, 7.8, 24, ABpraappap, -72, 29785, 19539, 656, , 29785, 25000, 29170, 29331, 0, 
326, 1, 186, 207, -1, 290, 252, 8.1, 25, ABarapapppa, 217, 27395, 18848, 688, , 27395, 25000, 29160, 29200, 0, 
327, 1, 326, 418, -1, 380, 201, 8.4, 22, ABplpapappa, 240, 28311, 16194, 572, , 28311, 25000, 29608, 30107, 0, 
328, 1, 71, 473, -1, 258, 155, 10.0, 23, ABalppapppp, 192, 30197, 15461, 512, , 30197, 25000, 28104, 28095, 0, 
329, 1, 19, 229, -1, 370, 214, 14.6, 29, MSaapapa, 279, 38645, 44674, 1156, , 38645, 25000, 30947, 30448, 0, 
330, 1, 351, 445, -1, 381, 144, 10.4, 24, ABplpaaaapp, 107, 26773, 18741, 700, , 26773, 25000, 27401, 27466, 0, 
331, 1, 212, 308, -1, 526, 169, 19.0, 25, Cappapa, 30, 28017, 21405, 764, , 28017, 25000, 29437, 29438, 0, 
332, 1, 43, 398, -1, 192, 293, 9.1, 23, ABarappppaa, 548, 28675, 14223, 496, , 28675, 25000, 28778, 28861, 0, 
333, 1, 340, 337, -1, 476, 241, 18.8, 31, Ealpp, 282, 27886, 40825, 1464, , 27886, 25000, 28550, 28647, 0, 
334, 1, 377, 49, -1, 352, 362, 18.9, 25, Dpaap, 240, 27004, 18579, 688, , 27004, 25000, 28527, 28512, 0, 
335, 1, 379, 333, -1, 436, 287, 10.1, 32, Z2, 322, 27491, 43326, 1576, , 27491, 25000, 28332, 28392, 0, 
336, 1, 371, 388, -1, 268, 272, 4.5, 23, ABarapppapp, 151, 35555, 22471, 632, , 35555, 25000, 35517, 35269, 0, 
337, 1, 246, 62, -1, 384, 389, 11.5, 27, ABpraapppp, 227, 26449, 23698, 896, , 26449, 25000, 28772, 28792, 0, 
338, 1, 423, 372, -1, 279, 170, 9.5, 23, ABplpapaaaa, 172, 27574, 17427, 632, , 27574, 25000, 28699, 28611, 0, 
339, 1, 332, 134, -1, 298, 337, 7.4, 24, ABprpaapppp, 203, 28400, 19880, 700, , 28400, 25000, 30649, 30975, 0, 
340, 0, 266, -1, -1, 173, 306, 6.9, 23, , 207, -4171, 14589, 496, , 29413, 25000, 33529, 33584, 0, 
341, 1, 6, 277, -1, 442, 163, 9.1, 23, ABplpppaaaa, -136, 29280, 14523, 496, , 29280, 25000, 28357, 28453, 0, 
342, 0, 31, -1, -1, 242, 288, 18.8, 24, , 222, -70, 18721, 656, , 28538, 25000, 28579, 28608, 0, 
343, 1, 355, 86, -1, 538, 326, 23.6, 33, Caaapa, 64, 27766, 45536, 1640, , 27766, 25000, 28255, 28226, 0, 
344, 1, 301, 219, -1, 233, 125, 18.4, 24, ABplpaapapp, 161, 28119, 19683, 700, , 28119, 25000, 27799, 27662, 0, 
345, 1, 349, 443, -1, 536, 168, 15.6, 25, Cappapp, 211, 29156, 24258, 832, , 29156, 25000, 28562, 28569, 0, 
346, 1, 346, 291, -1, 286, 161, 11.3, 24, ABplpapaapa, 178, 27767, 19548, 704, , 27767, 25000, 28817, 28764, 0, 
347, 1, 525, 501, -1, 340, 180, 9.9, 21, ABplpapapaa, 148, 27655, 9624, 348, , 27655, 25000, 29813, 29770, 0, 
348, 1, 480, 113, -1, 189, 202, 7.8, 24, ABalpaappap, 179, 30306, 19881, 656, , 30306, 25000, 30651, 31174, 0, 
349, 1, 275, 162, -1, 212, 171, 11.7, 23, ABalppappap, -28, 28115, 16644, 592, , 28115, 25000, 28029, 28018, 0, 
350, 1, 456, 74, -1, 406, 283, 4.9, 23, ABprppaappa, 181, 38435, 19064, 496, , 38435, 25000, 35525, 35347, 0, 
351, 1, 387, 482, -1, 196, 249, 5.7, 23, ABaraaapppp, 187, 37108, 21968, 592, , 37108, 25000, 37614, 37557, 0, 
352, 1, 185, 322, -1, 236, 327, 5.6, 23, ABprpaaapaa, 64, 37419, 23948, 640, , 37419, 25000, 39099, 39377, 0, 
353, 1, 271, 281, -1, 420, 259, 19.6, 31, Ealap, 315, 27315, 36383, 1332, , 27315, 25000, 28749, 28832, 0, 
354, 1, 37, 432, -1, 229, 285, 7.4, 24, ABarappppap, 221, 28579, 20005, 700, , 28579, 25000, 30541, 30274, 0, 
355, 1, 471, 112, -1, 259, 292, 14.9, 23, ABaraaapapp, 226, 27097, 13440, 496, , 27097, 25000, 27534, 27859, 0, 
356, 1, 342, 247, -1, 240, 234, 7.2, 27, ABarapaaap, 247, 30168, 26186, 868, , 30168, 25000, 32232, 32497, 0, 
357, 1, 154, 98, -1, 313, 225, 18.4, 27, ABaraapapap, 120, 29040, 28692, 988, , 29040, 25000, 29110, 29007, 0, 
358, 1, 111, 139, 526, 202, 224, 13.2, 25, ABaraaaaaa, 182, 27385, 19279, 704, , 27385, 25000, 27778, 27880, 0, 
359, 1, 89, 357, -1, 408, 227, 24.5, 31, Dappa, 248, 27608, 34013, 1232, , 27608, 25000, 28655, 28629, 0, 
360, 1, 137, 26, -1, 286, 326, 9.5, 25, ABprpaaappp, 206, 27724, 21292, 768, , 27724, 25000, 28940, 29228, 0, 
361, 1, 476, 367, -1, 420, 194, 23.1, 25, Dapap, 232, 29375, 20210, 688, , 29375, 25000, 28616, 28645, 0, 
362, 1, 91, 236, -1, 248, 316, 9.7, 23, ABprpaaaaap, 232, 27596, 16337, 592, , 27596, 25000, 29047, 29081, 0, 
363, 1, 256, 181, -1, 323, 143, 14.4, 25, ABplppaaaap, 210, 27028, 22487, 832, , 27028, 25000, 28604, 28583, 0, 
364, 1, 225, 93, -1, 545, 279, 5.9, 24, ABprpppaapp, 216, 39934, 24120, 604, , 39934, 25000, 37160, 37848, 0, 
365, 1, 290, 10, -1, 400, 153, 13.3, 24, ABplppapaap, 190, 28125, 19800, 704, , 28125, 25000, 28325, 28147, 0, 
366, 1, 264, 285, -1, 512, 250, 5.1, 23, ABprpppapaa, 210, 43903, 21776, 496, , 43903, 25000, 39818, 39958, 0, 
367, 1, 49, 34, -1, 148, 220, 10.0, 24, ABalpaapppa, 198, 27316, 16608, 608, , 27316, 25000, 27982, 27985, 0, 
368, 1, 164, 512, -1, 224, 374, 10.6, 25, ABprpaapapa, 216, 27029, 22488, 832, , 27029, 25000, 27378, 27284, 0, 
369, 1, 249, 19, -1, 157, 185, 10.9, 27, ABalaaaalp, 213, 28945, 26282, 908, , 28945, 25000, 27252, 27341, 0, 
370, 1, 72, 201, -1, 422, 169, 14.9, 25, MSaapppp, 254, 27122, 18660, 688, , 27122, 25000, 27797, 27675, 0, 
371, 1, 106, 234, -1, 176, 235, 9.1, 26, ABaraaappa, 239, 28416, 22733, 800, , 28416, 25000, 28066, 28111, 0, 
372, 1, 152, 142, -1, 174, 216, 10.9, 23, ABalpaappaa, 504, 26889, 13337, 496, , 26889, 25000, 28270, 28208, 0, 
373, 1, 153, 464, -1, 236, 334, 25.3, 28, ABarpapapp, 119, 28525, 30351, 1064, , 28525, 25000, 28664, 28830, 0, 
374, 1, 209, 414, -1, 379, 265, 25.4, 30, Cpaaaa, 264, 28509, 32956, 1156, , 28509, 25000, 28213, 28292, 0, 
375, 1, 356, 51, -1, 291, 325, 25.7, 28, ABarpaappa, 263, 29420, 31303, 1064, , 29420, 25000, 29059, 29319, 0, 
376, 1, 221, 439, -1, 217, 309, 8.9, 23, ABprpaaaaaa, 167, 28950, 14359, 496, , 28950, 25000, 28629, 28597, 0, 
377, 1, 125, 340, -1, 361, 158, 16.9, 22, Daapp, 13, 28058, 13019, 464, , 28058, 25000, 28653, 28707, 0, 
378, 0, 149, -1, -1, 165, 263, 21.5, 26, , 216, -301, 24823, 896, , 27704, 25000, 27949, 28005, 0, 
379, 1, 284, 529, -1, 472, 222, 7.9, 22, ABplpappppp, 184, 28515, 13231, 464, , 28515, 25000, 28582, 28633, 0, 
380, 1, 214, 298, -1, 492, 290, 4.9, 23, ABprpppaaap, 101, 36637, 18172, 496, , 36637, 25000, 36903, 37060, 0, 
381, 1, 25, 428, -1, 440, 202, 7.6, 23, ABplppppaaa, 201, 29217, 18699, 640, , 29217, 25000, 29283, 29684, 0, 
382, 1, 62, 363, -1, 252, 170, 19.6, 25, ABalpppppap, 189, 28129, 23403, 832, , 28129, 25000, 28527, 28630, 0, 
383, 1, 509, 460, -1, 289, 291, 22.9, 23, MSaaaapap, 445, 27915, 13846, 496, , 27915, 25000, 28805, 29068, 0, 
384, 1, 29, 385, -1, 582, 255, 11.0, 25, ABprapapppp, 274, 27952, 21355, 764, , 27952, 25000, 28462, 28458, 0, 
385, 1, 239, 163, -1, 187, 175, 24.2, 26, ABplaapaapp, 167, 28912, 23014, 796, , 28912, 25000, 28393, 28430, 0, 
386, 1, 183, 6, -1, 336, 288, 4.8, 26, ABarappapap, 141, 36436, 29003, 796, , 36436, 25000, 36582, 37247, 0, 
387, 1, 54, 119, -1, 253, 127, 11.9, 25, ABalppaappp, -246, 28933, 19906, 688, , 28933, 25000, 27314, 27315, 0, 
388, 0, 327, -1, -1, 526, 232, 6.1, 23, , 170, 4871, 19950, 496, , 40222, 25000, 35879, 35351, 0, 
389, 1, 21, 421, -1, 245, 256, 11.0, 23, ABarapapaaa, 191, 26992, 13820, 512, , 26992, 25000, 28562, 28978, 0, 
390, 1, 439, 452, -1, 126, 300, 18.2, 24, ABpraapaaaa, 244, 27380, 17961, 656, , 27380, 25000, 27790, 27745, 0, 
391, 1, 17, 369, -1, 276, 366, 7.9, 24, ABpraappaa, 235, 27432, 16569, 604, , 27432, 25000, 30275, 30555, 0, 
392, 1, 70, 511, -1, 299, 278, 4.6, 24, ABarappapaa, -50, 34887, 24421, 700, , 34887, 25000, 35607, 35438, 0, 
393, 1, 292, 399, -1, 315, 147, 12.0, 23, ABplpapaapp, 158, 28850, 14771, 512, , 28850, 25000, 27993, 28206, 0, 
394, 1, 127, 416, -1, 505, 266, 9.0, 22, ABprpppppap, 195, 29503, 11329, 384, , 29503, 25000, 29015, 29052, 0, 
395, 1, 352, 315, -1, 445, 326, 11.4, 28, MSpapppp, 250, 27599, 27268, 988, , 27599, 25000, 29008, 29065, 0, 
396, 1, 236, 334, -1, 508, 347, 17.7, 31, Cppapa, 269, 27811, 38046, 1368, , 27811, 25000, 28089, 28101, 0, 
397, 1, 374, 279, -1, 224, 181, 18.1, 23, ABalpppppaa, 202, 27766, 13772, 496, , 27766, 25000, 28176, 28386, 0, 
398, 1, 437, 525, -1, 386, 345, 4.9, 25, ABprpaaaapp, 251, 42176, 26824, 636, , 42176, 25000, 37688, 38094, 0, 
399, 1, 223, 303, -1, 170, 172, 21.4, 23, ABalppppapp, 202, 29319, 18764, 640, , 29319, 25000, 27915, 27822, 0, 
400, 1, 58, 4, -1, 227, 208, 11.3, 24, ABalpaaaaap, 198, 28970, 20395, 704, , 28970, 25000, 27346, 27639, 0, 
401, 1, 165, 231, -1, 281, 387, 13.4, 28, ABpraaapppp, 254, 27261, 26934, 988, , 27261, 25000, 28407, 28459, 0, 
402, 1, 341, 225, -1, 297, 203, 5.3, 22, ABprpappaaa, 66, 40378, 21158, 524, , 40378, 25000, 36469, 36462, 0, 
403, 1, 455, 470, -1, 164, 330, 10.7, 22, ABalaappppp, 223, 27132, 14217, 524, , 27132, 25000, 28161, 28233, 0, 
404, 1, 141, 205, -1, 476, 267, 5.2, 24, ABprppppapa, 206, 35860, 23524, 656, , 35860, 25000, 35385, 35710, 0, 
405, 1, 481, 361, -1, 502, 198, 5.9, 29, ABplpppapap, 253, 38085, 43417, 1140, , 38085, 25000, 36225, 36536, 0, 
406, 1, 101, 90, -1, 285, 362, 15.4, 25, ABpraaapppa, 203, 27216, 22644, 832, , 27216, 25000, 27906, 27940, 0, 
407, 1, 427, 350, -1, 295, 337, 21.4, 26, MSpppppa, 179, 28245, 23500, 832, , 28245, 25000, 27990, 28096, 0, 
408, 1, 204, 265, -1, 502, 180, 21.7, 29, Capapa, 154, 27783, 29672, 1068, , 27783, 25000, 28967, 28934, 0, 
409, 1, 475, 309, -1, 454, 252, 21.0, 32, Eplaa, 143, 27406, 46809, 1708, , 27406, 25000, 28878, 29045, 0, 
410, 1, 138, 441, -1, 579, 322, 13.7, 26, ABarpppppp, 339, 27341, 23404, 856, , 27341, 25000, 27936, 27880, 0, 
411, 1, 244, 493, -1, 262, 214, 16.9, 22, ABalpaaappa, 427, 26054, 12089, 464, , 26054, 25000, 27732, 27715, 0, 
412, 1, 105, 189, -1, 155, 356, 16.3, 25, ABpraapaapa, 230, 26440, 20200, 764, , 26440, 25000, 28005, 28185, 0, 
413, 1, 128, 494, -1, 456, 271, 6.9, 23, ABprppppaaa, 249, 30117, 14938, 496, , 30117, 25000, 31668, 31451, 0, 
414, 1, 353, 355, -1, 204, 145, 15.8, 24, ABalpppapav, 222, 29034, 19046, 656, , 29034, 25000, 28245, 28397, 0, 
415, 1, 200, 459, -1, 173, 345, 20.3, 25, ABarpapaaap, 123, 27479, 20994, 764, , 27479, 25000, 27549, 27715, 0, 
416, 1, 41, 384, -1, 165, 292, 10.4, 27, ABalaaapprr, 66, 28026, 27690, 988, , 28026, 25000, 28764, 29232, 0, 
417, 1, 285, 253, -1, 457, 293, 5.2, 23, ABprpppaaaa, 198, 37176, 20075, 540, , 37176, 25000, 35536, 35938, 0, 
418, 1, 440, 269, -1, 387, 190, 24.3, 26, ABarppaapp, 233, 28381, 24294, 856, , 28381, 25000, 28498, 28553, 0, 
419, 1, 132, 154, -1, 133, 311, 12.4, 23, ABalappappa, 231, 28025, 17936, 640, , 28025, 25000, 27860, 28013, 0, 
420, 1, 491, 212, -1, 134, 303, 22.9, 25, ABarpaaapaa, -203, 29044, 19982, 688, , 29044, 25000, 27515, 27565, 0, 
421, 1, 363, 404, -1, 372, 337, 10.5, 24, Dpapp, 189, 27236, 20917, 768, , 27236, 25000, 29084, 29175, 0, 
422, 1, 303, 106, -1, 465, 146, 9.1, 24, ABplpppaaap, 115, 26795, 16184, 604, , 26795, 25000, 28373, 28531, 0, 
423, 1, 247, 157, -1, 309, 328, 9.9, 23, ABprppaaaaa, 116, 28571, 14171, 496, , 28571, 25000, 28339, 28275, 0, 
424, 1, 30, 214, -1, 347, 292, 25.2, 30, ABarppaapa, -20, 28361, 37436, 1320, , 28361, 25000, 28335, 28332, 0, 
425, 1, 493, 79, -1, 338, 160, 11.5, 23, ABplppaapaa, 157, 26775, 16922, 632, , 26775, 25000, 28132, 27978, 0, 
426, 1, 163, 215, -1, 278, 194, 18.6, 25, MSapapaa, 211, 27787, 23119, 832, , 27787, 25000, 27976, 27990, 0, 
427, 1, 335, 292, -1, 439, 292, 25.8, 33, Cpaaap, 335, 27995, 48824, 1744, , 27995, 25000, 28825, 28884, 0, 
428, 1, 291, 151, -1, 371, 290, 7.9, 23, ABprpapapap, 222, 28474, 14123, 496, , 28474, 25000, 28946, 28819, 0, 
429, 1, 482, 307, -1, 403, 205, 8.1, 22, ABplpapappp, 87, 29125, 13514, 464, , 29125, 25000, 29737, 30205, 0, 
430, 1, 157, 295, -1, 120, 256, 15.4, 25, ABalaaappll, 132, 27465, 22851, 832, , 27465, 25000, 27395, 27152, 0, 
431, 1, 504, 498, -1, 242, 217, 11.8, 28, ABalpappaap, 229, 27153, 28565, 1052, , 27153, 25000, 28285, 28314, 0, 
432, 1, 488, 42, -1, 331, 218, 16.1, 23, MSaapaapa, 195, 32784, 16261, 496, , 32784, 25000, 30104, 30049, 0, 
433, 1, 257, 182, -1, 438, 361, 21.6, 31, Dpppp, 309, 26893, 35822, 1332, , 26893, 25000, 28460, 28447, 0, 
434, 1, 463, 81, -1, 404, 336, 10.7, 28, MSpapppa, 283, 27578, 29343, 1064, , 27578, 25000, 28938, 28985, 0, 
435, 1, 311, 188, -1, 393, 260, 7.8, 23, ABprpapppap, 133, 30519, 16480, 540, , 30519, 25000, 31245, 31423, 0, 
436, 1, 136, 104, -1, 196, 248, 24.6, 26, ABplaaaaapp, 201, 28474, 23690, 832, , 28474, 25000, 28155, 28270, 0, 
437, 1, 182, 186, -1, 387, 348, 22.2, 28, Dpppa, 289, 28376, 29852, 1052, , 28376, 25000, 28672, 28672, 0, 
438, 1, 298, 434, -1, 162, 335, 13.4, 25, ABpraaapapa, 198, 27579, 22946, 832, , 27579, 25000, 28139, 27959, 0, 
439, 1, 386, 321, -1, 200, 234, 16.2, 23, ABalpaapaap, 180, 27935, 15085, 540, , 27935, 25000, 27526, 27247, 0, 
440, 1, 393, 412, -1, 199, 287, 17.5, 25, ABaraappaap, 200, 28048, 21541, 768, , 28048, 25000, 27831, 27831, 0, 
441, 1, 307, 447, -1, 591, 246, 16.5, 29, Cpappd, 291, 28031, 30274, 1080, , 28031, 25000, 29094, 29150, 0, 
442, 1, 438, 356, -1, 331, 208, 6.2, 25, ABplpappaaa, 62, 35528, 25012, 704, , 35528, 25000, 35042, 35467, 0, 
443, 1, 453, 304, -1, 260, 176, 6.7, 26, ABalpapaaap, 369, 34537, 29564, 856, , 34537, 25000, 35511, 36689, 0, 
444, 1, 80, 55, -1, 207, 233, 8.4, 24, ABarapaaaaa, 79, 28777, 20144, 700, , 28777, 25000, 29310, 29352, 0, 
445, 1, 12, 89, -1, 281, 356, 19.0, 24, MSppppap, 193, 27720, 16854, 608, , 27720, 25000, 28042, 28089, 0, 
446, 1, 529, 107, -1, 159, 253, 11.9, 24, ABalaaaarrp, 207, 28328, 17110, 604, , 28328, 25000, 27737, 27963, 0, 
447, 1, 472, 536, -1, 545, 222, 5.9, 22, ABprppppppa, -176, 38261, 17753, 464, , 38261, 25000, 38022, 37940, 0, 
448, 1, 366, 262, -1, 176, 141, 17.4, 23, ABalpppaapv, -36, 27216, 17418, 640, , 27216, 25000, 27977, 27932, 0, 
449, 1, 314, 105, -1, 184, 348, 10.5, 25, ABpraaaaap, 249, 27965, 21477, 768, , 27965, 25000, 28033, 28064, 0, 
450, 1, 142, -1, -1, 513, 156, 12.1, 22, ABplapppapa, 197, 26114, 12117, 464, , 26114, 25000, 27684, 27641, 0, 
451, 1, 171, 73, -1, 438, 294, 20.1, 31, Epraa, 280, 27462, 40644, 1480, , 27462, 25000, 28647, 28580, 0, 
452, 1, 220, 478, -1, 443, 231, 7.8, 23, ABplpappppa, 73, 27300, 14742, 540, , 27300, 25000, 30193, 30230, 0, 
453, 0, 45, -1, -1, 338, 373, 10.0, 22, , 155, 242, 0, 0, , 0, 0, 0, 0, 0, 
454, 1, 380, 523, -1, 328, 285, 7.1, 23, ABprpapaaap, 186, 27710, 13744, 496, , 27710, 25000, 31721, 32046, 0, 
455, 0, 542, -1, -1, 171, 155, 11.2, 21, , 148, 1641, 12054, 428, , 28164, 25000, 26701, 26523, 0, 
456, 1, 166, 251, -1, 163, 246, 14.1, 27, ABaraaaapa, 118, 27911, 25343, 908, , 27911, 25000, 28053, 28215, 0, 
457, 1, 53, 446, -1, 346, 209, 14.4, 24, MSaapappa, 201, 31179, 21825, 700, , 31179, 25000, 31274, 30045, 0, 
458, 1, 490, 532, -1, 308, 375, 20.3, 29, ABprapaaaap, 216, 27919, 29818, 1068, , 27919, 25000, 27750, 27967, 0, 
459, 1, 459, 141, -1, 173, 191, 8.4, 24, ABalpaapppp, 85, 28717, 20102, 700, , 28717, 25000, 29178, 29281, 0, 
460, 1, 378, 27, -1, 226, 348, 19.0, 28, MSppappa, 276, 27457, 30971, 1128, , 27457, 25000, 28379, 28622, 0, 
461, 1, 526, 520, -1, 278, 139, 14.1, 22, ABplpaapppp, 175, 28672, 13304, 464, , 28672, 25000, 28040, 28391, 0, 
462, 1, 507, 510, -1, 305, 304, 7.4, 22, ABprpapaapa, 502, 27937, 15980, 572, , 27937, 25000, 30431, 30365, 0, 
463, 1, 388, 331, -1, 144, 189, 22.0, 22, ABalapaaapp, 160, 28469, 10932, 384, , 28469, 25000, 27241, 27202, 0, 
464, 1, 498, 373, -1, 205, 190, 13.9, 24, MSapaaaa, 32, 27118, 16379, 604, , 27118, 25000, 27426, 27443, 0, 
465, 1, 375, 61, -1, 450, 143, 14.6, 23, ABplppapapp, 200, 27973, 17903, 640, , 27973, 25000, 28619, 28621, 0, 
466, 1, 237, 408, -1, 582, 197, 20.9, 33, Cpapap, 295, 28226, 49000, 1736, , 28226, 25000, 28258, 28288, 0, 
467, 0, 262, -1, -1, 249, 182, 15.5, 23, , 396, 2736, 19358, 632, , 30630, 25000, 27873, 27894, 0, 
468, 1, 47, 238, -1, 266, 145, 22.5, 31, ABalppppppp, 245, 26740, 32944, 1232, , 26740, 25000, 28053, 28140, 0, 
469, 1, 131, 130, -1, 307, 356, 11.8, 23, MSppppaa, 37, 27107, 14638, 540, , 27107, 25000, 28061, 28092, 0, 
470, 1, 358, 332, -1, 283, 295, 5.7, 24, ABarapppppp, 184, 38597, 27172, 704, , 38597, 25000, 34166, 34289, 0, 
471, 1, 395, 166, -1, 333, 264, 20.0, 25, MSaaaappp, 198, 26334, 20119, 764, , 26334, 25000, 28160, 28044, 0, 
472, 1, 196, 415, -1, 198, 258, 18.2, 24, ABaraapaaap, 233, 28332, 18586, 656, , 28332, 25000, 27922, 28078, 0, 
473, 1, 46, 275, -1, 508, 112, 13.1, 27, ABplapappa, 249, 28370, 25760, 908, , 28370, 25000, 27875, 27967, 0, 
474, 1, 110, 121, -1, 503, 282, 18.8, 33, Eprap, 290, 27812, 48504, 1744, , 27812, 25000, 28774, 28986, 0, 
475, 1, 203, 91, -1, 384, 318, 7.8, 23, ABprppaapap, 182, 28309, 15287, 540, , 28309, 25000, 28988, 28940, 0, 
476, 1, 510, 223, -1, 392, 290, 7.3, 22, ABprpapappa, 160, 29189, 15295, 524, , 29189, 25000, 30054, 30494, 0, 
477, 1, 279, 518, -1, 363, 266, 7.7, 23, ABprpapppaa, 226, 32101, 19004, 592, , 32101, 25000, 30715, 30633, 0, 
478, 1, 524, 491, -1, 458, 229, 24.6, 28, Dappp, 278, 28830, 28484, 988, , 28830, 25000, 28560, 28560, 0, 
479, 1, 81, 260, -1, 163, 178, 19.1, 25, ABalppppapa, 246, 26564, 18276, 688, , 26564, 25000, 28205, 28140, 0, 
480, 1, 350, 213, -1, 142, 327, 20.9, 24, ABarpapaaaa, 234, 27452, 16581, 604, , 27452, 25000, 27211, 27223, 0, 
481, 1, 135, 506, -1, 364, 192, 10.0, 22, ABplpapapap, 178, 29396, 11288, 384, , 29396, 25000, 29293, 29475, 0, 
482, 1, 451, 319, -1, 486, 239, 6.2, 26, ABprppppapp, 262, 32349, 25750, 796, , 32349, 25000, 34102, 34748, 0, 
483, 1, 428, 83, -1, 546, 204, 23.3, 27, Capppaa, 268, 27818, 25704, 924, , 27818, 25000, 28229, 28273, 0, 
484, 1, 361, 172, -1, 359, 227, 10.4, 24, MSaappaa, 187, 28744, 20121, 700, , 28744, 25000, 29006, 29193, 0, 
485, 1, 324, 345, -1, 490, 296, 10.5, 25, ABprpppppaa, 210, 28480, 21873, 768, , 28480, 25000, 28730, 28862, 0, 
486, 1, 195, 314, -1, 255, 289, 23.0, 23, MSaaaapaa, 247, 26301, 13466, 512, , 26301, 25000, 28486, 28754, 0, 
487, 1, 95, 243, -1, 388, 175, 11.2, 23, ABplppappaa, 184, 27080, 14623, 540, , 27080, 25000, 28258, 28565, 0, 
488, 1, 503, 549, -1, 266, 328, 25.4, 25, ABarpaapap, 134, 28486, 23700, 832, , 28486, 25000, 29130, 28930, 0, 
489, 1, 532, 489, -1, 137, 338, 14.9, 22, ABalappappp, 207, 28586, 13264, 464, , 28586, 25000, 27337, 27420, 0, 
490, 1, 477, 461, -1, 414, 313, 5.0, 22, ABprppappaa, 185, 37008, 14211, 384, , 37008, 25000, 34785, 34737, 0, 
491, 0, 241, -1, -1, 311, 175, 15.5, 22, , 171, -1536, 14061, 512, , 27463, 25000, 28784, 28999, 0, 
492, 1, 541, 546, -1, 144, 285, 17.3, 24, ABalapppaap, 1469, 28027, 19731, 704, , 28027, 25000, 27990, 27920, 0, 
493, 1, 8, 177, -1, 189, 325, 8.6, 24, ABpraaaaaaa, 153, 29126, 20388, 700, , 29126, 25000, 28914, 28991, 0, 
494, 1, 452, 530, -1, 522, 222, 8.7, 22, Caapaa, 50, 28088, 14718, 524, , 28088, 25000, 29269, 29316, 0, 
495, 1, 272, 160, -1, 180, 217, 26.0, 22, ABalapapppp, 215, 29721, 11413, 384, , 29721, 25000, 28272, 28518, 0, 
496, 1, 227, 325, -1, 387, 220, 12.7, 24, MSaapappp, 138, 31939, 22485, 704, , 31939, 25000, 30348, 30456, 0, 
497, 1, 156, 458, -1, 170, 321, 23.1, 27, ABarpaaapap, 86, 28144, 25555, 908, , 28144, 25000, 29273, 29165, 0, 
498, 1, 398, 323, -1, 287, 231, 16.7, 23, ABalpaaappp, -110, 27821, 16470, 592, , 27821, 25000, 28205, 28185, 0, 
499, 1, 92, 280, -1, 214, 201, 8.8, 23, ABalpaaaapa, -157, 27204, 14690, 540, , 27204, 25000, 29339, 29336, 0, 
500, 1, 229, 11, -1, 265, 257, 13.6, 24, ABarapaappa, -187, 28920, 20244, 700, , 28920, 25000, 28159, 28095, 0, 
501, 1, 528, 553, -1, 221, 359, 13.8, 22, ABpraaaappp, 210, 26673, 13230, 496, , 26673, 25000, 27178, 27213, 0, 
502, 1, 435, 14, -1, 561, 304, 10.8, 25, ABprapppaa, 74, 28102, 19784, 704, , 28102, 25000, 28877, 29055, 0, 
503, 1, 108, 487, -1, 295, 169, 17.8, 22, MSapppaa, -71, 28512, 14142, 496, , 28512, 25000, 27371, 27316, 0, 
504, 1, 519, 316, -1, 170, 319, 17.0, 23, ABalappppap, 353, 27932, 14301, 512, , 27932, 25000, 27953, 27711, 0, 
505, 1, 447, 348, -1, 484, 367, 23.3, 35, Caaaap, 40, 27357, 55808, 2040, , 27357, 25000, 28241, 28292, 0, 
506, 1, 412, 431, -1, 280, 244, 21.8, 22, MSaaapaap, 96, 28579, 14175, 496, , 28579, 25000, 28495, 28566, 0, 
507, 1, 494, 378, -1, 225, 340, 9.6, 22, ABpraaaapav, 144, 28785, 16465, 572, , 28785, 25000, 27963, 27875, 0, 
508, 1, 527, 22, -1, 177, 246, 22.8, 22, ABalapapapp, 429, 26433, 13111, 496, , 26433, 25000, 28148, 28080, 0, 
509, 0, 449, -1, -1, 350, 195, 7.0, 22, , 108, -2817, 11059, 384, , 28799, 25000, 31922, 31616, 0, 
510, 1, 294, 230, -1, 313, 256, 23.0, 26, MSappppa, 24, 27077, 23070, 852, , 27077, 25000, 28104, 28097, 0, 
511, 1, 496, -1, -1, 354, 158, 9.6, 23, ABalpapappa, 94, 29411, 18823, 640, , 29411, 25000, 28037, 28318, 0, 
512, 0, -1, -1, -1, 221, 179, 26.5, 25, , -113, -1232, 22363, 768, , 29118, 25000, 29872, 30350, 0, 
513, 1, 260, 379, -1, 226, 278, 9.5, 24, MSppaaaa, -11, 26447, 20311, 768, , 26447, 25000, 28352, 28350, 0, 
514, 1, 312, 524, -1, 272, 316, 7.9, 23, ABprpaaappa, -55, 27653, 13716, 496, , 27653, 25000, 28854, 28815, 0, 
515, 1, 389, 206, -1, 174, 248, 16.2, 26, ABaraapaaaa, 300, 27214, 21662, 796, , 27214, 25000, 27493, 27816, 0, 
516, 1, 520, 535, -1, 432, 248, 6.5, 23, ABplpapppap, 169, 34073, 21534, 632, , 34073, 25000, 32717, 33728, 0, 
517, 1, 317, 444, -1, 157, 198, 15.9, 23, ABalapaappa, 235, 28696, 14233, 496, , 28696, 25000, 28245, 28491, 0, 
518, 1, 514, 539, -1, 547, 207, 25.7, 39, Cpaapp, 435, 27745, 76686, 2764, , 27745, 25000, 28196, 28105, 0, 
519, 1, 61, 100, -1, 313, 227, 6.9, 24, ABarapapapp, -25, 30331, 18320, 604, , 30331, 25000, 32644, 32729, 0, 
520, 1, 325, 504, -1, 418, 151, 11.9, 22, ABplppapppa, 161, 27735, 12869, 464, , 27735, 25000, 28068, 28277, 0, 
521, 1, 309, 540, -1, 351, 287, 6.5, 22, ABprpapapaa, 119, 31090, 15918, 512, , 31090, 25000, 32904, 32577, 0, 
522, 0, 484, -1, -1, 84, 262, 14.4, 24, , -127, 2887, 20322, 700, , 29031, 25000, 26563, 26144, 0, 
523, 1, 497, 485, -1, 548, 215, 10.1, 24, Caapap, 350, 28705, 17338, 604, , 28705, 25000, 28810, 29104, 0, 
524, 1, 533, 495, -1, 239, 163, 23.8, 22, ABplaapappp, 293, 29901, 14831, 496, , 29901, 25000, 27843, 27809, 0, 
525, 1, 288, 313, -1, 124, 249, 10.4, 25, ABalaaaarra, 274, 26571, 22107, 832, , 26571, 25000, 26719, 26747, 0, 
526, 1, 543, 534, -1, 159, 303, 12.0, 26, ABalaappppa, -244, 26296, 22404, 852, , 26296, 25000, 28440, 29184, 0, 
527, 1, 511, 519, -1, 333, 320, 11.5, 23, MSpppapp, 77, 27176, 17175, 632, , 27176, 25000, 28004, 28041, 0, 
528, 1, 233, 528, -1, 177, 174, 15.8, 22, ABalapaapaa, 111, 26609, 13198, 496, , 26609, 25000, 28380, 28257, 0, 
529, 1, 145, 573, -1, 470, 252, 7.7, 24, ABprppppaap, -41, 29188, 20548, 704, , 29188, 25000, 30350, 30763, 0, 
530, 1, 306, 513, -1, 198, 272, 20.7, 24, MSaaaaapa, -429, 26984, 18997, 704, , 26984, 25000, 28222, 28236, 0, 
531, 1, 531, 465, -1, 208, 189, 22.7, 24, ABalpppappp, -84, 27244, 19180, 704, , 27244, 25000, 28042, 28030, 0, 
532, 1, 534, 505, -1, 251, 219, 19.0, 23, ABalpaapapp, 16, 28479, 14581, 512, , 28479, 25000, 27565, 27654, 0, 
533, 0, 464, -1, -1, 235, 298, 5.0, 21, , 212, 3604, 15851, 384, , 41279, 25000, 38327, 37675, 0, 
534, 1, 540, 550, -1, 304, 172, 10.0, 23, ABplpapaaap, 556, 29127, 14913, 512, , 29127, 25000, 28469, 28453, 0, 
535, 1, 536, 120, -1, 252, 129, 16.9, 22, ABplpaapppa, -108, 27054, 12553, 464, , 27054, 25000, 27789, 28091, 0, 
536, 1, 535, 140, -1, 297, 287, 17.6, 23, MSpaapapa, 229, 27450, 17568, 640, , 27450, 25000, 27523, 27673, 0, 
537, 1, 565, 538, -1, 150, 170, 14.2, 26, ABalppaaapa, 262, 27746, 22086, 796, , 27746, 25000, 27605, 27719, 0, 
538, 1, 530, 531, -1, 271, 350, 8.2, 21, ABprpaapppa, 38, 28189, 12065, 428, , 28189, 25000, 29414, 29908, 0, 
539, 0, 187, -1, -1, 243, 380, 17.8, 27, , 296, -1975, 23397, 868, , 26955, 25000, 28576, 28930, 0, 
540, 1, 193, 370, -1, 292, 274, 6.9, 20, ABprpapaaaa, 203, 27687, 8749, 316, , 27687, 25000, 32102, 32026, 0, 
541, 1, 545, 187, -1, 368, 128, 21.3, 27, ABplaapppp, 151, 28447, 26285, 924, , 28447, 25000, 28318, 28324, 0, 
542, 1, 537, 480, -1, 355, 214, 23.6, 26, Daaap, 260, 28076, 23359, 832, , 28076, 25000, 28885, 28887, 0, 
543, 1, 512, 490, -1, 329, 176, 14.4, 22, MSappapp, 150, 28984, 16579, 572, , 28984, 25000, 28625, 28651, 0, 
544, 1, 538, 514, -1, 221, 224, 17.2, 23, ABalpaapapa, 169, 27122, 14646, 540, , 27122, 25000, 28076, 28052, 0, 
545, 0, 539, -1, -1, 499, 217, 4.9, 22, , 466, 2380, 18930, 464, , 40797, 25000, 38699, 38417, 0, 
546, 1, 222, 544, -1, 190, 225, 19.3, 22, MSapaaap, 64, 27155, 14229, 524, , 27155, 25000, 28109, 28193, 0, 
547, 1, 316, 548, -1, 187, 154, 11.9, 21, ABalppaaapp, -153, 27129, 9441, 348, , 27129, 25000, 27687, 27814, 0, 
548, 1, 143, 552, -1, 263, 308, 18.9, 24, MSpaaaapp, 184, 28301, 17094, 604, , 28301, 25000, 28744, 28858, 0, 
549, 1, 544, 551, -1, 299, 255, 20.0, 22, MSaaapapa, 168, 28151, 10810, 384, , 28151, 25000, 28897, 29272, 0, 
550, 1, 546, 554, -1, 225, 247, 22.0, 24, MSaaapaaa, 218, 26612, 16180, 608, , 26612, 25000, 28497, 28499, 0, 
551, 1, 547, 555, -1, 230, 283, 15.0, 23, ABaraaapapa, 120, 27869, 14269, 512, , 27869, 25000, 28260, 28162, 0, 
552, 1, 548, 556, -1, 371, 221, 16.0, 23, MSaapaapp, 158, 37504, 19202, 512, , 37504, 25000, 32716, 31682, 0, 
553, 1, 506, 557, -1, 292, 217, 22.0, 22, MSapppap, 312, 28091, 10787, 384, , 28091, 25000, 28851, 28873, 0, 
554, 1, 549, 558, -1, 333, 295, 16.0, 24, MSpaapapp, 153, 28888, 17564, 608, , 28888, 25000, 29205, 28945, 0, 
555, 0, 550, -1, -1, 524, 192, 10.0, 23, , -40, -1479, 14717, 540, , 27254, 25000, 28571, 28733, 0, 
556, 1, 551, 559, -1, 340, 371, 8.0, 24, ABpraapppa, 348, 28250, 17176, 608, , 28250, 25000, 29393, 29536, 0, 
557, 1, 552, 560, -1, 353, 226, 7.0, 25, ABplpappaap, 179, 30785, 23520, 764, , 30785, 25000, 32781, 32771, 0, 
558, 1, 553, 561, -1, 518, 209, 6.0, 23, ABprpppapap, 209, 37701, 19303, 512, , 37701, 25000, 37580, 36745, 0, 
559, 0, 554, -1, -1, 187, 287, 25.2, 23, , 192, -1063, 19262, 700, , 27517, 25000, 28775, 28580, 0, 
560, 1, 555, 563, -1, 235, 295, 6.0, 22, ABalaapappa, 0, 38328, 14718, 384, , 38328, 25000, 35126, 37020, 0, 
561, 1, 556, 564, -1, 164, 313, 9.0, 20, ABalaappapa, 0, 28051, 8864, 316, , 28051, 25000, 28208, 28291, 0, 
562, 1, 424, 565, -1, 200, 304, 6.0, 22, ABalaappapp, 228, 34336, 13185, 384, , 34336, 25000, 39278, 39274, 0, 
563, 1, 557, 566, -1, 189, 353, 19.0, 22, ABalapppppp, 134, 26297, 10098, 384, , 26297, 25000, 27660, 27746, 0, 
564, 1, 558, 567, -1, 159, 287, 20.0, 23, ABalapppapa, 187, 28764, 14727, 512, , 28764, 25000, 28060, 28003, 0, 
565, 1, 559, 568, -1, 166, 344, 18.0, 22, ABalapppppa, 0, 27799, 10675, 384, , 27799, 25000, 28155, 28611, 0, 
566, 1, 560, 542, -1, 140, 287, 11.0, 24, ABalaaapprl, 386, 26594, 16169, 608, , 26594, 25000, 28098, 28666, 0, 
567, 1, 561, 569, -1, 141, 252, 16.0, 22, ABalapppaaa, -5, 27221, 10453, 384, , 27221, 25000, 27898, 27873, 0, 
568, 1, 562, 570, -1, 151, 304, 16.0, 23, ABalappppaa, 187, 27502, 14081, 512, , 27502, 25000, 27146, 27131, 0, 
569, 1, 563, 571, -1, 147, 247, 21.0, 22, ABalapapapa, -370, 26297, 10098, 384, , 26297, 25000, 27915, 27915, 0, 
570, 1, 564, 572, -1, 227, 144, 10.0, 21, ABalppaappa, 0, 27609, 10602, 384, , 27609, 25000, 28751, 28931, 0, 
571, 1, 187, 95, -1, 234, 389, 16.85, 27, ABarpappap, 218, 27494, 24965, 908, , 27494, 25000, 27686, 27725, 0, 
572, 1, 176, 574, -1, 167, 168, 18.0, 24, ABalapaappp, 238, 28845, 17538, 608, , 28845, 25000, 28150, 28240, 0, 
