1, 1, 66, 142, -1, 296, 171, 7.0, 25, ABalpapapaa, 265, 30821, 23547, 764, , 30821, 25000, 33762, 34260, 0, 
2, 1, 415, 212, -1, 196, 254, 18.4, 24, ABaraapaaap, 189, 26643, 18650, 700, , 26643, 25000, 27947, 27853, 0, 
3, 0, 240, -1, -1, 312, 310, 12.1, 22, , 190, 152, 13511, 464, , 29119, 25000, 28664, 28967, 0, 
4, 1, 447, 58, -1, 596, 244, 16.8, 30, Cpappd, 298, 27760, 36643, 1320, , 27760, 25000, 28420, 28439, 0, 
5, 1, 227, 139, -1, 276, 269, 10.7, 28, ABarapappa, 60, 27524, 29286, 1064, , 27524, 25000, 27813, 27824, 0, 
6, 1, 74, 372, -1, 407, 273, 5.2, 23, ABprppaappa, 208, 35306, 19065, 540, , 35306, 25000, 34887, 35050, 0, 
7, 1, 221, 99, -1, 553, 310, 20.7, 29, Cppppaa, 244, 29215, 31202, 1068, , 29215, 25000, 28566, 28655, 0, 
8, 1, 210, 182, -1, 351, 124, 15.7, 26, ABplapaapa, 246, 28280, 24208, 856, , 28280, 25000, 28724, 28756, 0, 
9, 1, 443, 102, -1, 537, 163, 15.9, 27, Cappapp, 229, 28445, 25828, 908, , 28445, 25000, 29089, 29039, 0, 
10, 1, 394, 234, -1, 570, 217, 8.6, 23, ABprppppppp, 208, 29958, 19173, 640, , 29958, 25000, 29224, 29433, 0, 
11, 1, 158, 153, -1, 419, 133, 18.4, 27, ABplappaaa, 226, 27898, 27563, 988, , 27898, 25000, 27643, 27769, 0, 
12, 1, 258, 84, -1, 440, 157, 24.6, 29, ABplappapa, 273, 27666, 31982, 1156, , 27666, 25000, 28145, 28209, 0, 
13, 1, 328, 71, -1, 418, 175, 9.0, 23, ABplppaappp, -63, 27664, 14164, 512, , 27664, 25000, 28137, 28251, 0, 
14, 1, 359, 391, -1, 576, 272, 17.2, 27, Cppppap, 246, 27941, 24253, 868, , 27941, 25000, 28533, 28493, 0, 
15, 1, 262, 137, -1, 174, 145, 17.6, 24, ABalpppaapv, 218, 26749, 18724, 700, , 26749, 25000, 27884, 27593, 0, 
16, 1, 69, 362, -1, 175, 316, 25.3, 28, ABarpapapa, 237, 28892, 30741, 1064, , 28892, 25000, 29752, 29726, 0, 
17, 0, 374, -1, -1, 339, 345, 5.4, 23, , 127, 390, 25433, 640, , 39739, 25000, 38936, 39349, 0, 
18, 1, 11, 336, -1, 262, 257, 13.6, 25, ABarapaappa, 136, 27681, 23031, 832, , 27681, 25000, 27543, 27558, 0, 
19, 1, 525, 3, -1, 392, 334, 4.8, 26, ABprpaaaapp, 153, 38202, 30409, 796, , 38202, 25000, 37060, 37649, 0, 
20, 1, 247, 50, -1, 239, 234, 7.6, 29, ABarapaaap, 260, 28516, 32964, 1156, , 28516, 25000, 31605, 30955, 0, 
21, 1, 157, 361, -1, 306, 323, 9.7, 23, ABprppaaaaa, 251, 26541, 15712, 592, , 26541, 25000, 28139, 28140, 0, 
22, 1, 32, 76, -1, 227, 239, 10.4, 24, ABarapaaaap, 7, 27119, 18983, 700, , 27119, 25000, 28171, 28304, 0, 
23, 1, 354, 380, -1, 291, 233, 26.0, 24, ABarppaaaa, 206, 29433, 17895, 608, , 29433, 25000, 28442, 28546, 0, 
24, 1, 92, 26, -1, 272, 209, 14.3, 29, ABalpapppa, 117, 26348, 28140, 1068, , 26348, 25000, 28278, 28303, 0, 
25, 1, 458, 4, -1, 166, 326, 22.5, 27, ABarpaaapap, 255, 28463, 25503, 896, , 28463, 25000, 28064, 28186, 0, 
26, 1, 261, 149, -1, 476, 294, 19.4, 32, Earpp, 291, 27594, 40950, 1484, , 27594, 25000, 28874, 29004, 0, 
27, 1, 318, 414, -1, 528, 122, 18.0, 25, ABarppappp, 256, 27580, 21071, 764, , 27580, 25000, 28068, 28083, 0, 
28, 0, 56, -1, -1, 173, 305, 6.7, 24, , 155, -1532, 23843, 704, , 33868, 25000, 35310, 35400, 0, 
29, 0, 311, -1, -1, 373, 285, 17.5, 28, , 272, -108, 31446, 1080, , 29117, 25000, 29119, 29225, 0, 
30, 1, 23, 64, -1, 172, 141, 14.8, 24, ABalpppaaaa, 191, 26803, 17583, 656, , 26803, 25000, 27808, 27769, 0, 
31, 1, 302, 440, -1, 177, 182, 13.1, 23, ABalppappaa, 212, 28478, 14125, 496, , 28478, 25000, 28215, 28404, 0, 
32, 1, 347, 312, -1, 164, 275, 7.7, 27, ABalaapaap, 81, 28260, 26112, 924, , 28260, 25000, 30715, 31145, 0, 
33, 1, 498, 52, -1, 242, 211, 12.9, 25, ABalpappaap, 209, 26679, 18355, 688, , 26679, 25000, 28062, 27996, 0, 
34, 1, 263, 453, -1, 196, 141, 13.2, 24, ABalpppaaap, 196, 28486, 18687, 656, , 28486, 25000, 28149, 28124, 0, 
35, 1, 94, 452, -1, 306, 146, 20.5, 24, ABplpaappap, 226, 28215, 21669, 768, , 28215, 25000, 28696, 28696, 0, 
36, 1, 496, 147, -1, 215, 167, 8.5, 24, ABalppapaap, 5, 28100, 21581, 768, , 28100, 25000, 29647, 29774, 0, 
37, 1, 192, 358, -1, 267, 315, 21.4, 24, MSpaaaaap, 179, 28464, 19925, 700, , 28464, 25000, 28546, 28735, 0, 
38, 1, 252, 16, -1, 227, 161, 25.7, 30, ABplaaapap, 254, 28327, 37052, 1308, , 28327, 25000, 29164, 29235, 0, 
39, 1, 421, -1, -1, 246, 257, 11.4, 23, ABarapapaaa, 198, 29105, 18627, 640, , 29105, 25000, 27764, 28020, 0, 
40, 1, 231, 303, -1, 285, 384, 13.0, 28, ABpraaapppp, 224, 28155, 31759, 1128, , 28155, 25000, 28341, 28063, 0, 
41, 1, 150, 187, -1, 202, 333, 25.4, 27, ABarpaapaa, 233, 28742, 28397, 988, , 28742, 25000, 29263, 29406, 0, 
42, 1, 148, 413, -1, 361, 370, 8.4, 28, ABprapaapa, 409, 28663, 28319, 988, , 28663, 25000, 29061, 29021, 0, 
43, 1, 215, 210, -1, 282, 192, 19.2, 25, MSapapaa, 228, 28027, 19731, 704, , 28027, 25000, 27453, 27476, 0, 
44, 1, 518, 167, -1, 361, 263, 8.1, 23, ABprpapppaa, 235, 29254, 14510, 496, , 29254, 25000, 30408, 30836, 0, 
45, 1, 153, 134, -1, 365, 271, 13.4, 24, MSpapappa, 176, 33206, 23244, 700, , 33206, 25000, 31667, 31403, 0, 
46, 1, 71, 223, -1, 288, 240, 4.5, 24, ABarappaapp, 187, 37168, 28545, 768, , 37168, 25000, 35659, 35555, 0, 
47, 1, 516, 396, -1, 134, 191, 19.4, 24, ABalapaaapa, 213, 26943, 18860, 700, , 26943, 25000, 28004, 28300, 0, 
48, 1, 129, 124, -1, 137, 217, 23.4, 25, ABplaapaaap, 345, 28319, 23561, 832, , 28319, 25000, 28843, 28457, 0, 
49, 1, 134, 351, -1, 295, 329, 6.7, 23, ABprpaapppp, 191, 31601, 18708, 592, , 31601, 25000, 32913, 33106, 0, 
50, 1, 305, 140, -1, 169, 152, 21.4, 24, ABalpppaapd, 23, 26549, 18584, 700, , 26549, 25000, 28701, 28705, 0, 
51, 1, 306, 424, -1, 524, 154, 9.4, 24, ABplapppapp, 126, 27877, 19514, 700, , 27877, 25000, 28386, 28475, 0, 
52, 1, 4, 346, -1, 228, 207, 11.0, 23, ABalpaaaaap, 199, 28350, 14515, 512, , 28350, 25000, 28262, 28575, 0, 
53, 1, 217, 447, -1, 415, 367, 14.6, 26, Cppaaaa, 213, 27623, 22982, 832, , 27623, 25000, 28824, 28828, 0, 
54, 1, 176, 409, -1, 281, 355, 12.3, 25, ABprpaappaa, 193, 28491, 21767, 764, , 28491, 25000, 28395, 28470, 0, 
55, 1, 233, 270, -1, 254, 222, 5.1, 24, ABarappaapa, 203, 37667, 22751, 604, , 37667, 25000, 37555, 37567, 0, 
56, 1, 41, 243, -1, 119, 236, 20.4, 24, ABplaapaaaa, 128, 28523, 19966, 700, , 28523, 25000, 27634, 27642, 0, 
57, 1, 363, 120, -1, 252, 169, 19.3, 24, ABalpppppap, 256, 27460, 19332, 704, , 27460, 25000, 28486, 28658, 0, 
58, 1, 397, 517, -1, 536, 262, 7.7, 23, ABprapppapp, 187, 29576, 17509, 592, , 29576, 25000, 31058, 30491, 0, 
59, 1, 164, 280, -1, 231, 148, 18.1, 23, ABplpaapaap, 227, 28127, 13951, 496, , 28127, 25000, 27784, 27797, 0, 
60, 1, 165, 260, -1, 166, 252, 18.6, 28, MSaaaaaa, 93, 27684, 27352, 988, , 27684, 25000, 28304, 28234, 0, 
61, 1, 55, 97, -1, 204, 234, 8.6, 24, ABarapaaaaa, 388, 28140, 19698, 700, , 28140, 25000, 28573, 28637, 0, 
62, 0, 28, -1, -1, 287, 287, 9.5, 24, , 196, -1058, 21200, 768, , 27604, 25000, 28486, 28662, 0, 
63, 1, 124, 67, -1, 485, 382, 12.1, 26, ABprappaap, 233, 28004, 22403, 800, , 28004, 25000, 27759, 27762, 0, 
64, 1, 492, 370, -1, 558, 154, 13.2, 24, ABplapapppp, 231, 28563, 18737, 656, , 28563, 25000, 28263, 28235, 0, 
65, 1, 211, 83, -1, 257, 339, 6.6, 24, ABprpaaapap, 185, 31100, 21770, 700, , 31100, 25000, 33961, 34874, 0, 
66, 1, 473, 286, -1, 253, 162, 9.9, 24, ABalppapppp, 188, 27680, 16719, 604, , 27680, 25000, 28933, 29122, 0, 
67, 1, 337, 42, -1, 484, 240, 19.4, 31, Ealpp, 275, 28056, 37371, 1332, , 28056, 25000, 28785, 28830, 0, 
68, 1, 159, 201, -1, 318, 294, 22.6, 24, MSpaaapaa, 45, 28404, 19883, 700, , 28404, 25000, 27960, 28063, 0, 
69, 1, 283, 411, -1, 557, 130, 16.0, 23, ABplapapppa, 196, 27678, 14171, 512, , 27678, 25000, 27572, 27600, 0, 
70, 1, 105, 183, -1, 184, 349, 10.7, 25, ABpraaaaap, 218, 26831, 20499, 764, , 26831, 25000, 27568, 27553, 0, 
71, 1, 417, 214, -1, 279, 320, 13.9, 26, MSppapaa, 7, 28708, 22966, 800, , 28708, 25000, 27797, 27728, 0, 
72, 1, 214, 456, -1, 349, 294, 25.4, 30, ABarppaapa, 300, 26993, 31204, 1156, , 26993, 25000, 28870, 28922, 0, 
73, 1, 96, 155, -1, 345, 286, 21.8, 23, MSpaaapap, 224, 28500, 15390, 540, , 28500, 25000, 27739, 27813, 0, 
74, 1, 73, 148, -1, 436, 295, 20.6, 32, Epraa, 322, 28075, 41664, 1484, , 28075, 25000, 28445, 28422, 0, 
75, 1, 229, 158, -1, 369, 212, 14.7, 29, MSaapapa, 131, 41292, 44100, 1068, , 41292, 25000, 31012, 30676, 0, 
76, 1, 183, 169, -1, 222, 290, 16.7, 26, ABaraappapa, 57, 28609, 24489, 856, , 28609, 25000, 27896, 28151, 0, 
77, 1, 58, 306, -1, 213, 125, 16.2, 23, ABalpppapad, 47, 27215, 14696, 540, , 27215, 25000, 28168, 28053, 0, 
78, 0, 488, -1, -1, 343, 203, 6.8, 24, , 210, 380, 21653, 656, , 33008, 25000, 33035, 32628, 0, 
79, 1, 115, 159, -1, 319, 375, 18.1, 24, ABprapaaaaa, 267, 27240, 16453, 604, , 27240, 25000, 28260, 28385, 0, 
80, 1, 332, 490, -1, 274, 285, 6.3, 25, ABarapppppp, 194, 35719, 27289, 764, , 35719, 25000, 33464, 33443, 0, 
81, 1, 100, 203, -1, 320, 230, 7.5, 26, ABarapapapp, 223, 30646, 27459, 896, , 30646, 25000, 31358, 30915, 0, 
82, 1, 202, 117, -1, 303, 247, 15.0, 25, ABaraapappp, 135, 26708, 20405, 764, , 26708, 25000, 28366, 28216, 0, 
83, 1, 88, 208, -1, 158, 276, 24.6, 30, ABarpaaaap, 164, 28558, 33013, 1156, , 28558, 25000, 28732, 28740, 0, 
84, 1, 108, 175, -1, 149, 205, 13.9, 26, ABalaaaala, 233, 27941, 22353, 800, , 27941, 25000, 27958, 27940, 0, 
85, 1, 181, 437, -1, 320, 139, 14.3, 25, ABplppaaaap, 211, 27984, 21380, 764, , 27984, 25000, 27662, 27796, 0, 
86, 0, 320, -1, -1, 211, 371, 13.2, 23, , 210, 724, 15419, 540, , 28554, 25000, 28045, 27830, 0, 
87, 1, 173, 207, -1, 394, 130, 19.5, 29, ABplapaapp, 128, 28302, 30566, 1080, , 28302, 25000, 27682, 27570, 0, 
88, 1, 461, 311, -1, 412, 306, 5.4, 23, ABprppappaa, 200, 38439, 24601, 640, , 38439, 25000, 34891, 34866, 0, 
89, 1, 477, 498, -1, 346, 282, 14.1, 25, MSpapaapa, 195, 33410, 22986, 688, , 33410, 25000, 31362, 31555, 0, 
90, 1, 422, 73, -1, 410, 170, 19.8, 26, Capaaaa, 206, 27887, 22198, 796, , 27887, 25000, 28463, 28482, 0, 
91, 1, 201, 495, -1, 428, 173, 15.8, 26, MSaapppp, 259, 28014, 22299, 796, , 28014, 25000, 27937, 27976, 0, 
92, 1, 99, 109, -1, 377, 379, 15.7, 24, ABprapaaapp, 12, 29115, 20497, 704, , 29115, 25000, 28376, 28457, 0, 
93, 1, 237, 324, -1, 132, 333, 18.0, 24, ABpraapaaap, 209, 28181, 17134, 608, , 28181, 25000, 27779, 27680, 0, 
94, 1, 177, 352, -1, 190, 325, 8.7, 22, ABpraaaaaaa, 110, 27111, 14206, 524, , 27111, 25000, 28138, 28171, 0, 
95, 1, 236, 110, -1, 242, 316, 10.0, 23, ABprpaaaaap, 544, 28938, 14816, 512, , 28938, 25000, 28069, 28160, 0, 
96, 1, 369, 416, -1, 272, 361, 7.2, 23, ABpraappaa, 191, 27813, 15019, 540, , 27813, 25000, 30436, 31053, 0, 
97, 1, 280, 288, -1, 209, 202, 8.5, 23, ABalpaaaapa, 188, 28198, 17821, 632, , 28198, 25000, 29061, 29238, 0, 
98, 1, 355, 122, -1, 201, 145, 15.8, 24, ABalpppapav, 232, 29723, 19498, 656, , 29723, 25000, 28520, 28792, 0, 
99, 0, 3, -1, -1, 355, 231, 17.8, 23, , 206, 919, 16665, 540, , 30861, 25000, 30168, 29942, 0, 
100, 1, 102, 20, -1, 527, 132, 14.4, 27, ABplapppaa, 73, 27810, 27476, 988, , 27810, 25000, 27857, 28001, 0, 
101, 1, 24, 77, -1, 327, 174, 22.4, 28, ABplapaaapa, 145, 28938, 28591, 988, , 28938, 25000, 28560, 28626, 0, 
102, 1, 199, 2, -1, 258, 245, 6.0, 23, ABarappaaap, 199, 38230, 19574, 512, , 38230, 25000, 35835, 35401, 0, 
103, 0, 127, -1, -1, 84, 262, 16.3, 27, , -136, 3067, 27476, 924, , 29736, 25000, 26831, 26669, 0, 
104, 1, 426, 369, -1, 283, 174, 21.7, 25, ABalppppppa, 225, 29433, 22487, 764, , 29433, 25000, 28022, 28012, 0, 
105, 1, 155, 354, -1, 297, 153, 14.0, 24, ABplppaaaaa, 91, 27174, 16522, 608, , 27174, 25000, 27533, 27531, 0, 
106, 1, 289, 359, -1, 588, 292, 12.2, 23, ABprapapppa, 378, 27394, 14793, 540, , 27394, 25000, 28100, 28143, 0, 
107, 1, 151, 22, -1, 370, 286, 8.0, 23, ABprpapapap, 190, 28559, 14622, 512, , 28559, 25000, 29029, 29216, 0, 
108, 1, 309, 257, -1, 458, 252, 20.8, 30, Eplaa, 291, 27873, 36793, 1320, , 27873, 25000, 28317, 28276, 0, 
109, 1, 428, 338, -1, 444, 198, 7.6, 23, ABplppppaaa, 210, 28875, 18480, 640, , 28875, 25000, 30032, 30321, 0, 
110, 1, 380, 400, -1, 202, 275, 13.9, 24, ABaraaapaap, 153, 29321, 17710, 604, , 29321, 25000, 27052, 27059, 0, 
111, 1, 449, 217, -1, 202, 340, 13.7, 23, ABpraaapaad, 222, 27093, 16039, 592, , 27093, 25000, 28111, 28291, 0, 
112, 1, 452, 252, -1, 124, 302, 17.9, 24, ABpraapaaaa, 321, 30391, 18356, 604, , 30391, 25000, 27577, 27487, 0, 
113, 1, 195, 166, -1, 234, 275, 12.7, 30, ABarapaapa, 206, 27827, 36398, 1308, , 27827, 25000, 27892, 27804, 0, 
114, 1, 386, 191, -1, 551, 279, 9.8, 23, ABprapppapa, 197, 29633, 16002, 540, , 29633, 25000, 29132, 29164, 0, 
115, 1, 297, 66, -1, 303, 363, 7.6, 26, ABpraappap, 237, 27363, 22766, 832, , 27363, 25000, 29902, 30140, 0, 
116, 1, 255, 461, -1, 603, 232, 12.8, 24, Caappd, 240, 27005, 17715, 656, , 27005, 25000, 28372, 28373, 0, 
117, 1, 364, 112, -1, 221, 252, 6.0, 23, ABarappaaaa, 237, 37010, 18949, 512, , 37010, 25000, 36485, 36631, 0, 
118, 1, 196, 230, -1, 504, 363, 9.5, 27, ABprappapp, -119, 28449, 25490, 896, , 28449, 25000, 28414, 28367, 0, 
119, 1, 414, 51, -1, 373, 269, 25.8, 31, Cpaaaa, 301, 27092, 39662, 1464, , 27092, 25000, 28501, 28655, 0, 
120, 1, 125, 408, -1, 523, 138, 21.9, 28, ABplapapaa, -78, 27618, 30048, 1088, , 27618, 25000, 28459, 28457, 0, 
121, 1, 75, 34, -1, 292, 120, 15.8, 26, ABplaappap, 243, 27796, 22126, 796, , 27796, 25000, 28088, 28289, 0, 
122, 1, 353, 401, -1, 291, 202, 10.9, 26, ABalpappppp, 41, 28680, 22944, 800, , 28680, 25000, 29034, 29032, 0, 
123, 1, 65, 218, -1, 299, 210, 15.8, 24, ABaraapappa, 135, 28994, 19020, 656, , 28994, 25000, 28765, 28825, 0, 
124, 1, 499, 329, -1, 241, 196, 26.4, 29, ABplaaappa, 91, 27557, 31856, 1156, , 27557, 25000, 29465, 29570, 0, 
125, 1, 70, 259, -1, 289, 221, 19.3, 26, ABaraapapaa, 82, 27178, 23264, 856, , 27178, 25000, 28116, 28434, 0, 
126, 1, 313, 45, -1, 127, 253, 10.9, 23, ABalaaaarra, 420, 26448, 13118, 496, , 26448, 25000, 27808, 27706, 0, 
127, 1, 494, 200, -1, 460, 273, 7.2, 22, ABprppppaaa, 208, 29357, 14561, 496, , 29357, 25000, 30774, 30819, 0, 
128, 1, 40, 339, -1, 518, 302, 9.7, 29, Cppapp, 266, 27993, 29896, 1068, , 27993, 25000, 29378, 29384, 0, 
129, 1, 59, 378, -1, 254, 357, 15.0, 25, ABpraapapap, 200, 27866, 21290, 764, , 27866, 25000, 27941, 28077, 0, 
130, 1, 445, 126, -1, 389, 154, 10.2, 24, ABplpaaaapp, 209, 28059, 18407, 656, , 28059, 25000, 27518, 27376, 0, 
131, 1, 98, 118, -1, 311, 231, 18.4, 27, ABaraapapap, 121, 29011, 28663, 988, , 29011, 25000, 28826, 28795, 0, 
132, 1, 224, 173, -1, 219, 353, 16.7, 25, ABpraapappa, 228, 27038, 20657, 764, , 27038, 25000, 28177, 28180, 0, 
133, 1, 137, 128, -1, 458, 193, 23.7, 27, Cappaaa, 246, 27328, 25251, 924, , 27328, 25000, 27990, 28011, 0, 
134, 0, 462, -1, -1, 215, 308, 5.2, 24, , 236, 2270, 27910, 656, , 42546, 25000, 39649, 40276, 0, 
135, 1, 510, 350, -1, 301, 297, 6.9, 22, ABprpapaapa, 175, 30718, 14253, 464, , 30718, 25000, 31775, 32003, 0, 
136, 1, 198, 410, -1, 516, 142, 7.0, 24, ABplpppaapp, 222, 29901, 18180, 608, , 29901, 25000, 32730, 32854, 0, 
137, 1, 515, 473, -1, 491, 163, 7.0, 24, ABplpppapaa, 200, 28821, 17523, 608, , 28821, 25000, 31671, 32197, 0, 
138, 1, 267, 197, -1, 381, 251, 19.4, 32, Ealaa, 309, 27272, 40472, 1484, , 27272, 25000, 28722, 28741, 0, 
139, 1, 299, 132, -1, 199, 279, 25.5, 31, ABplaaaapa, 232, 30131, 37121, 1232, , 30131, 25000, 28782, 28643, 0, 
140, 1, 9, 266, -1, 419, 257, 6.9, 23, ABprpapappp, 187, 32349, 16045, 496, , 32349, 25000, 31801, 32031, 0, 
141, 1, 126, 412, -1, 300, 287, 11.7, 23, ABaraappppa, 225, 27645, 16366, 592, , 27645, 25000, 28443, 28304, 0, 
142, 1, 538, 501, -1, 141, 170, 13.9, 22, ABalppaaapa, 169, 27325, 12679, 464, , 27325, 25000, 27374, 27386, 0, 
143, 1, 57, 177, -1, 164, 203, 20.0, 36, ABalapaaaa, 512, 27337, 61562, 2252, , 27337, 25000, 28295, 28038, 0, 
144, 0, 457, -1, -1, 223, 176, 26.4, 26, , 187, -1266, 24251, 832, , 29148, 25000, 29890, 30414, 0, 
145, 1, 396, 115, -1, 221, 337, 7.3, 24, ABpraaaaaap, 179, 30828, 21703, 704, , 30828, 25000, 30855, 31231, 0, 
146, 1, 60, 224, -1, 411, 299, 18.1, 31, Earap, 317, 28086, 41568, 1480, , 28086, 25000, 28863, 28905, 0, 
147, 0, 284, -1, -1, 193, 194, 20.3, 23, , 184, -880, 16207, 592, , 27377, 25000, 28077, 28257, 0, 
148, 1, 162, 195, -1, 208, 174, 11.6, 24, ABalppappap, 196, 27663, 19364, 700, , 27663, 25000, 28815, 29077, 0, 
149, 1, 424, 116, -1, 458, 136, 11.8, 24, ABplppapppp, 205, 26498, 17383, 656, , 26498, 25000, 27738, 27812, 0, 
150, 1, 139, 446, -1, 216, 221, 12.9, 22, ABaraaaaaap, 192, 28192, 13081, 464, , 28192, 25000, 27733, 27758, 0, 
151, 1, 35, 121, -1, 502, 209, 13.6, 31, Eplpp, 314, 26784, 35676, 1332, , 26784, 25000, 29304, 29332, 0, 
152, 1, 295, 506, -1, 115, 267, 15.2, 22, ABalaaappll, 196, 27514, 13647, 496, , 27514, 25000, 27146, 27096, 0, 
153, 1, 38, 36, -1, 462, 117, 16.8, 27, ABplappapp, 172, 27386, 23771, 868, , 27386, 25000, 28347, 28250, 0, 
154, 0, 346, -1, -1, 228, 237, 15.4, 23, , 224, -547, 17584, 640, , 27475, 25000, 28111, 28022, 0, 
155, 1, 85, 478, -1, 285, 287, 15.1, 24, ABaraapppaa, 185, 27007, 16312, 604, , 27007, 25000, 27748, 27736, 0, 
156, 1, 308, 355, -1, 529, 166, 18.9, 25, Cappapa, 354, 28032, 19286, 688, , 28032, 25000, 28635, 28629, 0, 
157, 1, 90, 314, -1, 289, 361, 15.7, 25, ABpraaapppa, 205, 27687, 21153, 764, , 27687, 25000, 28075, 28045, 0, 
158, 1, 524, 393, -1, 262, 312, 7.9, 23, ABprpaaappa, 198, 28331, 14052, 496, , 28331, 25000, 29068, 29376, 0, 
159, 1, 451, 192, -1, 468, 247, 9.4, 27, ABprpappppa, 228, 27566, 27235, 988, , 27566, 25000, 29108, 29097, 0, 
160, 1, 465, 540, -1, 209, 184, 23.0, 23, ABalpppappp, -209, 27395, 14026, 512, , 27395, 25000, 29047, 29433, 0, 
161, 1, 500, 146, -1, 333, 254, 18.0, 22, MSaaapapp, 208, 28404, 10907, 384, , 28404, 25000, 28447, 28521, 0, 
162, 1, 175, 256, -1, 369, 305, 14.6, 27, MSpapaapp, 213, 31137, 30763, 988, , 31137, 25000, 30680, 30611, 0, 
163, 1, 273, 430, -1, 272, 176, 15.1, 26, MSapapap, 220, 28110, 22488, 800, , 28110, 25000, 28162, 28287, 0, 
164, 1, 340, 494, -1, 359, 163, 17.0, 23, Daapp, 227, 27922, 14296, 512, , 27922, 25000, 28546, 28410, 0, 
165, 1, 80, 1, -1, 433, 345, 9.0, 23, ABprppapaap, 196, 29033, 14865, 512, , 29033, 25000, 28445, 28477, 0, 
166, 1, 272, 310, -1, 209, 180, 16.3, 23, ABplpaapaaa, 38, 28481, 16861, 592, , 28481, 25000, 27371, 27403, 0, 
167, 1, 133, 6, -1, 442, 319, 5.7, 23, ABprppappap, 207, 34926, 20676, 592, , 34926, 25000, 33616, 33756, 0, 
168, 1, 191, 179, -1, 289, 223, 6.4, 24, ABarapapapa, -19, 34409, 24086, 700, , 34409, 25000, 34925, 34870, 0, 
169, 1, 53, 57, -1, 232, 190, 19.9, 23, ABplaapapaa, 179, 27383, 13582, 496, , 27383, 25000, 28075, 28091, 0, 
170, 1, 384, 419, -1, 163, 295, 10.0, 26, ABalaaapprr, 224, 28087, 23930, 852, , 28087, 25000, 28223, 28488, 0, 
171, 1, 389, 298, -1, 373, 402, 17.5, 26, ABarppppaa, 241, 26503, 23747, 896, , 26503, 25000, 28083, 28044, 0, 
172, 1, 163, 43, -1, 187, 173, 23.7, 26, ABplaapaapp, 231, 27683, 23697, 856, , 27683, 25000, 28713, 28804, 0, 
173, 1, 33, 514, -1, 305, 199, 13.3, 23, MSaapaaaa, 220, 28277, 16740, 592, , 28277, 25000, 29583, 29493, 0, 
174, 1, 16, 98, -1, 394, 390, 19.6, 29, ABarpppapp, 240, 28013, 32383, 1156, , 28013, 25000, 28227, 28272, 0, 
175, 1, 82, 111, -1, 124, 245, 16.8, 23, ABalaaaparr, 237, 27609, 14909, 540, , 27609, 25000, 26908, 26896, 0, 
176, 1, 303, 38, -1, 165, 174, 21.5, 23, ABalppppapp, 185, 30207, 19091, 632, , 30207, 25000, 28264, 28305, 0, 
177, 0, 48, -1, -1, 351, 121, 19.3, 24, , 192, 1880, 20724, 704, , 29438, 25000, 27503, 27558, 0, 
178, 1, 377, 96, -1, 311, 302, 15.1, 26, ABaraapppap, 235, 28259, 22607, 800, , 28259, 25000, 28260, 28207, 0, 
179, 1, 104, 360, -1, 197, 244, 24.4, 25, ABplaaaaapp, 215, 28256, 23509, 832, , 28256, 25000, 28279, 28272, 0, 
180, 1, 268, 30, -1, 250, 237, 21.0, 27, ABaraapaapp, -31, 27819, 28709, 1032, , 27819, 25000, 27750, 27906, 0, 
181, 1, 471, 278, -1, 241, 162, 13.1, 24, ABplpaaappa, 301, 27611, 16677, 604, , 27611, 25000, 27826, 27903, 0, 
182, 1, 513, 229, -1, 197, 268, 21.0, 23, MSaaaaapa, 224, 27389, 14023, 512, , 27389, 25000, 28554, 28583, 0, 
183, 1, 250, 15, -1, 411, 390, 11.7, 26, ABprapaapp, -22, 27867, 23854, 856, , 27867, 25000, 27674, 27697, 0, 
184, 1, 330, 283, -1, 522, 267, 16.4, 32, Eprpa, 318, 29065, 43133, 1484, , 29065, 25000, 29772, 29939, 0, 
185, 1, 301, 62, -1, 260, 393, 17.7, 26, ABarpapppa, 235, 27280, 23352, 856, , 27280, 25000, 27793, 27812, 0, 
186, 1, 1, 267, -1, 494, 112, 16.9, 26, ABplapapap, 231, 27928, 22342, 800, , 27928, 25000, 28241, 28095, 0, 
187, 1, 352, 460, -1, 411, 333, 25.7, 34, Caaaaa, 343, 28170, 53072, 1884, , 28170, 25000, 28691, 28683, 0, 
188, 1, 381, 427, -1, 424, 216, 8.0, 23, ABplpapppaa, 230, 29609, 15160, 512, , 29609, 25000, 29573, 29685, 0, 
189, 1, 79, 160, -1, 338, 160, 11.6, 24, ABplppaapaa, 206, 26239, 18367, 700, , 26239, 25000, 27717, 27915, 0, 
190, 1, 257, 80, -1, 393, 186, 8.9, 24, ABplppaappa, 354, 28371, 17136, 604, , 28371, 25000, 28316, 28243, 0, 
191, 1, 222, 345, -1, 445, 381, 12.5, 26, ABprappaaa, 256, 28195, 25263, 896, , 28195, 25000, 27843, 27814, 0, 
192, 1, 76, 316, -1, 329, 399, 19.5, 27, ABarpppaap, 213, 27654, 24778, 896, , 27654, 25000, 27324, 27430, 0, 
193, 1, 154, 481, -1, 138, 309, 13.4, 23, ABalappappa, 226, 27108, 17349, 640, , 27108, 25000, 27210, 27118, 0, 
194, 1, 193, 417, -1, 180, 267, 13.6, 23, ABaraaapaaa, -240, 26716, 17098, 640, , 26716, 25000, 27991, 27944, 0, 
195, 1, 344, 240, -1, 428, 194, 11.8, 24, MSapaapp, 238, 27694, 18167, 656, , 27694, 25000, 28743, 28738, 0, 
196, 1, 87, 33, -1, 301, 211, 24.4, 29, ABplapaaaap, 241, 27264, 31517, 1156, , 27264, 25000, 28374, 28475, 0, 
197, 1, 349, 299, -1, 338, 278, 10.9, 25, MSpapaaap, 248, 31504, 21675, 688, , 31504, 25000, 30146, 30172, 0, 
198, 1, 169, 202, -1, 226, 165, 15.2, 23, ABplpaaaaap, 122, 26415, 14264, 540, , 26415, 25000, 28601, 28693, 0, 
199, 1, 212, 335, -1, 135, 307, 22.2, 25, ABarpaaapaa, 213, 28825, 20293, 704, , 28825, 25000, 27811, 27844, 0, 
200, 1, 265, 363, -1, 517, 175, 21.6, 25, Capapap, 197, 27898, 23211, 832, , 27898, 25000, 28479, 28575, 0, 
201, 1, 200, 228, -1, 587, 177, 16.5, 31, Cpapaa, 198, 27920, 34398, 1232, , 27920, 25000, 29027, 29179, 0, 
202, 1, 51, 130, -1, 293, 330, 26.5, 26, ABarpaappa, 189, 29935, 26822, 896, , 29935, 25000, 29560, 29601, 0, 
203, 1, 245, 318, -1, 340, 374, 23.5, 31, ABarpppapa, 52, 27600, 34003, 1232, , 27600, 25000, 27489, 27436, 0, 
204, 1, 208, 265, -1, 345, 147, 21.6, 26, ABplapaaapp, -64, 27499, 22879, 832, , 27499, 25000, 28639, 28827, 0, 
205, 1, 317, 60, -1, 201, 134, 19.7, 24, ABplpaapapa, -276, 27521, 19375, 704, , 27521, 25000, 27727, 27757, 0, 
206, 1, 270, 277, -1, 516, 220, 16.7, 33, Eplpa, 313, 28700, 49823, 1736, , 28700, 25000, 29931, 30223, 0, 
207, 1, 111, 46, -1, 246, 361, 9.2, 23, ABprpaapapp, 187, 26976, 14567, 540, , 26976, 25000, 27353, 27542, 0, 
208, 1, 287, 321, -1, 380, 147, 14.6, 24, ABplppapaaa, 56, 28206, 19744, 700, , 28206, 25000, 28967, 28977, 0, 
209, 1, 218, 35, -1, 381, 278, 11.0, 25, MSpapapa, 447, 46092, 35214, 764, , 46092, 25000, 31931, 31798, 0, 
210, 1, 281, 342, -1, 419, 258, 19.8, 31, Ealap, 312, 28583, 41846, 1464, , 28583, 25000, 28586, 28728, 0, 
211, 1, 49, 480, -1, 350, 355, 19.0, 24, Dpaap, 234, 28502, 17329, 608, , 28502, 25000, 29308, 29337, 0, 
212, 1, 265, 68, -1, 491, 180, 22.4, 25, Capapaa, 192, 26835, 22327, 832, , 26835, 25000, 27905, 27934, 0, 
213, 1, 406, 74, -1, 459, 168, 20.4, 25, Capaaap, -155, 28709, 23886, 832, , 28709, 25000, 28965, 28963, 0, 
214, 1, 161, 93, -1, 379, 354, 13.8, 25, Dppaa, 241, 29026, 20434, 704, , 29026, 25000, 28631, 28618, 0, 
215, 1, 29, 219, -1, 322, 379, 13.1, 24, ABprpaappap, 183, 29750, 17969, 604, , 29750, 25000, 28798, 28788, 0, 
216, 1, 416, 205, -1, 504, 265, 9.1, 24, ABprpppppap, -118, 28896, 17453, 604, , 28896, 25000, 29595, 29597, 0, 
217, 1, 113, 375, -1, 185, 205, 7.7, 22, ABalpaappap, 199, 27132, 14217, 524, , 27132, 25000, 30876, 31368, 0, 
218, 1, 189, 198, -1, 159, 357, 16.3, 25, ABpraapaapa, 220, 28063, 21440, 764, , 28063, 25000, 27598, 27549, 0, 
219, 1, 365, 471, -1, 550, 320, 15.5, 26, Cpppapa, 232, 28401, 25447, 896, , 28401, 25000, 28485, 28555, 0, 
220, 1, 298, 459, -1, 491, 290, 4.9, 23, ABprpppaaap, 235, 38859, 19274, 496, , 38859, 25000, 36259, 36169, 0, 
221, 1, 166, 483, -1, 334, 263, 20.2, 23, MSaaaappp, 203, 26696, 14416, 540, , 26696, 25000, 27789, 27727, 0, 
222, 1, 47, 347, -1, 292, 381, 22.4, 27, ABarpppaaa, 211, 29457, 29104, 988, , 29457, 25000, 28262, 28404, 0, 
223, 0, 427, -1, -1, 241, 179, 15.9, 23, , 154, -194, 14138, 496, , 28504, 25000, 28304, 28698, 0, 
224, 1, 149, 135, -1, 184, 170, 9.5, 24, ABalppapaaa, 265, 27578, 21180, 768, , 27578, 25000, 28617, 28729, 0, 
225, 1, 275, 235, -1, 508, 110, 13.1, 27, ABplapappa, 305, 27961, 25389, 908, , 27961, 25000, 27388, 27391, 0, 
226, 1, 91, 113, -1, 380, 313, 7.9, 23, ABprppaapap, 203, 28909, 14339, 496, , 28909, 25000, 29802, 29887, 0, 
227, 1, 459, 272, -1, 175, 344, 20.1, 24, ABarpapaaap, 219, 27490, 16604, 604, , 27490, 25000, 27668, 27349, 0, 
228, 1, 433, 305, -1, 328, 298, 19.8, 26, MSpaaappp, 261, 26399, 21014, 796, , 26399, 25000, 28654, 28626, 0, 
229, 1, 123, 75, -1, 125, 274, 21.3, 28, ABarpaaaaa, 1141, 27583, 29348, 1064, , 27583, 25000, 27868, 27806, 0, 
230, 1, 254, 56, -1, 188, 273, 16.2, 24, ABaraappaaa, 1002, 29155, 19126, 656, , 29155, 25000, 27600, 27760, 0, 
231, 1, 62, 468, -1, 374, 386, 11.2, 28, ABpraapppp, 267, 27308, 28728, 1052, , 27308, 25000, 28386, 28424, 0, 
232, 1, 184, 151, -1, 554, 326, 8.7, 26, ABprapappa, 43, 27793, 23791, 856, , 27793, 25000, 28973, 29013, 0, 
233, 1, 238, 356, -1, 264, 140, 22.0, 31, ABalppppppp, 233, 26827, 42387, 1580, , 26827, 25000, 28398, 28392, 0, 
234, 1, 30, 226, -1, 584, 301, 19.5, 31, Caaapp, 246, 28202, 34745, 1232, , 28202, 25000, 27887, 27883, 0, 
235, 1, 109, 282, -1, 220, 128, 12.8, 25, ABplpaaapaa, 214, 27074, 19060, 704, , 27074, 25000, 27368, 27334, 0, 
236, 1, 438, 89, -1, 457, 198, 9.8, 24, ABplppppaap, 217, 27989, 18361, 656, , 27989, 25000, 28849, 29129, 0, 
237, 1, 409, 221, -1, 317, 188, 19.4, 23, Daaaa, 312, 27369, 17516, 640, , 27369, 25000, 29363, 29181, 0, 
238, 1, 7, 367, -1, 199, 314, 15.7, 26, MSppaaap, 207, 26550, 22727, 856, , 26550, 25000, 28061, 27994, 0, 
239, 1, 95, 232, -1, 235, 391, 16.1, 29, ABarpappap, -23, 26490, 32000, 1208, , 26490, 25000, 27515, 27436, 0, 
240, 1, 398, 105, -1, 191, 294, 9.2, 24, ABarappppaa, 65, 27550, 18073, 656, , 27550, 25000, 28216, 28166, 0, 
241, 1, 83, 61, -1, 549, 203, 23.5, 30, Capppaa, 295, 27948, 34432, 1232, , 27948, 25000, 28664, 28736, 0, 
242, 1, 326, 193, -1, 507, 348, 13.2, 28, Cppaap, 279, 27973, 29428, 1052, , 27973, 25000, 28521, 28505, 0, 
243, 1, 285, 451, -1, 515, 245, 5.2, 24, ABprpppapaa, 170, 40707, 26704, 656, , 40707, 25000, 38086, 38327, 0, 
244, 1, 12, 284, -1, 176, 243, 25.6, 26, ABplaaaaaap, -192, 28007, 23302, 832, , 28007, 25000, 28604, 28896, 0, 
245, 0, 274, -1, -1, 162, 267, 21.5, 25, , 774, 1890, 23363, 768, , 30421, 25000, 28455, 28531, 0, 
246, 1, 408, 19, -1, 584, 194, 21.2, 33, Cpapap, 302, 27904, 48665, 1744, , 27904, 25000, 28571, 28585, 0, 
247, 1, 106, 292, -1, 462, 145, 9.4, 24, ABplpppaaap, 209, 28406, 19884, 700, , 28406, 25000, 27550, 27662, 0, 
248, 1, 517, 233, -1, 325, 159, 25.5, 28, ABarppaaap, 275, 28285, 30548, 1080, , 28285, 25000, 29245, 29199, 0, 
249, 1, 342, 108, -1, 231, 167, 10.8, 23, ABalppapppa, 207, 27515, 14858, 540, , 27515, 25000, 28127, 28534, 0, 
250, 1, 36, 209, -1, 202, 167, 13.9, 23, ABplpaaaaaa, -87, 27371, 13576, 496, , 27371, 25000, 28348, 28320, 0, 
251, 1, 138, 127, -1, 211, 242, 19.2, 27, ABaraapaapa, 218, 26980, 23419, 868, , 26980, 25000, 27499, 27568, 0, 
252, 1, 54, 276, -1, 482, 323, 14.2, 26, MSpppaap, 229, 28873, 22983, 796, , 28873, 25000, 28864, 28853, 0, 
253, 1, 502, 429, -1, 341, 338, 21.5, 26, MSpppppp, 189, 29027, 26008, 896, , 29027, 25000, 28876, 28910, 0, 
254, 1, 117, 92, -1, 422, 142, 14.6, 24, ABplppapapa, 91, 27833, 19483, 700, , 27833, 25000, 27771, 27701, 0, 
255, 1, 246, 262, -1, 235, 191, 23.6, 25, ABplaapappa, 213, 26837, 22328, 832, , 26837, 25000, 28420, 28487, 0, 
256, 1, 373, 390, -1, 196, 198, 14.2, 25, MSapaaaa, 36, 27134, 19102, 704, , 27134, 25000, 28076, 27905, 0, 
257, 1, 335, 189, -1, 187, 366, 15.6, 27, ABpraapaapp, 251, 28040, 27704, 988, , 28040, 25000, 28083, 28201, 0, 
258, 1, 293, 422, -1, 575, 209, 11.6, 27, Cpappv, 239, 27523, 27193, 988, , 27523, 25000, 28439, 28549, 0, 
259, 1, 385, 373, -1, 576, 256, 10.8, 26, ABprapapppp, 159, 27085, 21560, 796, , 27085, 25000, 28344, 28336, 0, 
260, 1, 506, 119, -1, 363, 194, 10.3, 24, ABplpapapap, 172, 27635, 19455, 704, , 27635, 25000, 29148, 29253, 0, 
261, 1, 197, 145, -1, 208, 216, 21.9, 23, ABplaaaaapa, -93, 29131, 14449, 496, , 29131, 25000, 28373, 28477, 0, 
262, 1, 338, 289, -1, 539, 240, 11.4, 29, Cppppp, 127, 27973, 32337, 1156, , 27973, 25000, 29005, 29040, 0, 
263, 1, 179, 152, -1, 355, 149, 9.4, 28, ABplpaaaapa, 277, 27095, 26770, 988, , 27095, 25000, 28419, 28558, 0, 
264, 1, 362, 275, -1, 122, 224, 13.5, 23, ABalaaaarla, 176, 28853, 18235, 632, , 28853, 25000, 27558, 27611, 0, 
265, 1, 296, 438, -1, 513, 381, 16.5, 27, ABarpppppa, 247, 27633, 24759, 896, , 27633, 25000, 28030, 28067, 0, 
266, 1, 390, 482, -1, 241, 274, 22.2, 24, MSaaaaapp, 135, 27017, 17723, 656, , 27017, 25000, 28843, 29048, 0, 
267, 1, 361, 82, -1, 504, 199, 5.7, 26, ABplpppapap, 207, 40004, 34243, 856, , 40004, 25000, 37426, 37589, 0, 
268, 1, 322, 244, -1, 233, 323, 5.6, 23, ABprpaaapaa, 198, 37300, 23872, 640, , 37300, 25000, 38691, 39306, 0, 
269, 1, 121, 261, -1, 507, 281, 19.1, 31, Eprap, 309, 26975, 39923, 1480, , 26975, 25000, 28542, 28621, 0, 
270, 1, 430, 254, -1, 359, 312, 5.3, 24, ABprpaaaapa, 203, 38401, 27034, 704, , 38401, 25000, 36019, 36111, 0, 
271, 1, 467, 220, -1, 531, 186, 10.9, 28, Capppp, 284, 27763, 30206, 1088, , 27763, 25000, 28817, 28778, 0, 
272, 1, 266, 322, -1, 479, 179, 14.7, 24, ABplpppppaa, 212, 27104, 19081, 704, , 27104, 25000, 28267, 28360, 0, 
273, 1, 44, 330, -1, 160, 183, 24.3, 26, ABplaapaapa, 230, 28286, 24213, 856, , 28286, 25000, 28041, 27973, 0, 
274, 1, 405, 274, -1, 205, 273, 5.0, 22, ABarapppaap, 212, 36172, 13890, 384, , 36172, 25000, 39692, 40076, 0, 
275, 1, 368, 450, -1, 310, 351, 23.9, 29, ABarpaappp, 273, 28195, 34060, 1208, , 28195, 25000, 28164, 28207, 0, 
276, 1, 412, 279, -1, 198, 286, 17.8, 24, ABaraappaap, 209, 27198, 17842, 656, , 27198, 25000, 28061, 27874, 0, 
277, 1, 403, 333, -1, 537, 184, 7.3, 24, ABplppppppa, 207, 32074, 22580, 704, , 32074, 25000, 32547, 32696, 0, 
278, 1, 68, 63, -1, 461, 341, 7.4, 30, ABprppapap, 209, 28501, 32947, 1156, , 28501, 25000, 30879, 31001, 0, 
279, 1, 172, 421, -1, 359, 234, 10.4, 24, MSaappaa, 203, 28433, 19903, 700, , 28433, 25000, 29720, 29728, 0, 
280, 1, 375, 222, -1, 351, 238, 21.2, 27, MSaaappp, 157, 28667, 24883, 868, , 28667, 25000, 28333, 28328, 0, 
281, 1, 480, 442, -1, 348, 211, 23.4, 26, Daaap, 189, 28639, 23828, 832, , 28639, 25000, 28859, 28906, 0, 
282, 1, 136, 11, -1, 260, 198, 5.0, 23, ABalpapaapp, 127, 41645, 21322, 512, , 41645, 25000, 40942, 42313, 0, 
283, 1, 112, 462, -1, 258, 290, 15.1, 24, ABaraaapapp, 108, 26909, 16253, 604, , 26909, 25000, 27193, 27205, 0, 
284, 1, 542, 341, -1, 135, 289, 10.9, 25, ABalaaapprl, 222, 27468, 18898, 688, , 27468, 25000, 27636, 27640, 0, 
285, 1, 343, 344, -1, 482, 153, 25.1, 28, ABarppappa, 287, 28758, 31289, 1088, , 28758, 25000, 28438, 28450, 0, 
286, 0, 541, -1, -1, 500, 222, 5.3, 23, , 142, 1344, 22537, 592, , 38069, 25000, 36591, 36725, 0, 
287, 1, 432, 162, -1, 226, 283, 7.4, 24, ABarappppap, 168, 28196, 19737, 700, , 28196, 25000, 31178, 31304, 0, 
288, 1, 463, 317, -1, 149, 160, 16.9, 24, ABalaaapall, 231, 28536, 17236, 604, , 28536, 25000, 27610, 27757, 0, 
289, 1, 533, 101, -1, 264, 203, 7.5, 25, ABalpappapa, 215, 29513, 22666, 768, , 29513, 25000, 31356, 31690, 0, 
290, 1, 37, 248, -1, 197, 371, 18.8, 23, ABarpappaa, 213, 28663, 15478, 540, , 28663, 25000, 27887, 27968, 0, 
291, 1, 410, 428, -1, 577, 189, 9.7, 23, Caappv, 216, 27725, 16413, 592, , 27725, 25000, 27394, 27505, 0, 
292, 1, 497, 157, -1, 286, 170, 25.5, 28, ABplaaappp, 283, 29160, 31493, 1080, , 29160, 25000, 28548, 28574, 0, 
293, 1, 84, 493, -1, 222, 319, 12.9, 23, ABpraaapaav, 194, 27825, 13801, 496, , 27825, 25000, 27644, 27795, 0, 
294, 1, 391, 549, -1, 203, 172, 20.5, 26, ABalppppaad, 208, 28103, 25180, 896, , 28103, 25000, 28364, 28381, 0, 
295, 1, 316, 567, -1, 163, 320, 17.5, 22, ABalappppap, 197, 28914, 14804, 512, , 28914, 25000, 28289, 28293, 0, 
296, 1, 207, 7, -1, 285, 249, 8.2, 24, ABarapapppa, 220, 28620, 18775, 656, , 28620, 25000, 29508, 29646, 0, 
297, 1, 10, 382, -1, 403, 159, 13.7, 23, ABplppapaap, 191, 28762, 17027, 592, , 28762, 25000, 28025, 28113, 0, 
298, 1, 209, 236, -1, 222, 291, 26.4, 30, ABplaaaapp, 126, 29878, 34539, 1156, , 29878, 25000, 28997, 28830, 0, 
299, 1, 512, 313, -1, 220, 374, 11.1, 26, ABprpaapapa, 240, 29098, 23278, 800, , 29098, 25000, 27589, 27589, 0, 
300, 1, 213, 521, -1, 147, 328, 19.9, 22, ABarpapaaaa, 188, 27002, 12529, 464, , 27002, 25000, 27399, 27118, 0, 
301, 1, 130, 387, -1, 304, 349, 11.6, 23, MSppppaa, 213, 27606, 17668, 640, , 27606, 25000, 28371, 28296, 0, 
302, 1, 46, 8, -1, 144, 243, 23.8, 24, ABplaaaaaaa, 377, 28555, 18732, 656, , 28555, 25000, 28522, 28511, 0, 
303, 1, 63, 40, 304, 197, 249, 11.2, 25, ABaraaaaap, 209, 26320, 18529, 704, , 26320, 25000, 28086, 28083, 0, 
304, 1, 18, 176, -1, 191, 196, 26.0, 26, ABplaaapaa, 202, 29046, 24747, 852, , 29046, 25000, 29073, 29082, 0, 
305, 1, 439, 87, -1, 214, 309, 9.0, 23, ABprpaaaaaa, 162, 29221, 14961, 512, , 29221, 25000, 28637, 28637, 0, 
306, 1, 329, 271, -1, 499, 154, 9.3, 27, ABplpppaapa, 239, 27567, 25472, 924, , 27567, 25000, 28125, 28120, 0, 
307, 0, 21, -1, -1, 156, 153, 13.5, 23, , 56, -401, 17205, 632, , 27223, 25000, 27525, 27624, 0, 
308, 1, 145, 405, -1, 259, 215, 9.7, 25, ABalpappppa, 69, 27433, 20959, 764, , 27433, 25000, 28531, 28841, 0, 
309, 1, 67, 12, -1, 318, 169, 8.8, 28, ABalpapapap, 267, 27837, 29285, 1052, , 27837, 25000, 29435, 29437, 0, 
310, 1, 436, 395, -1, 325, 333, 8.2, 24, ABprppaaaap, 240, 27877, 18287, 656, , 27877, 25000, 29246, 29414, 0, 
311, 1, 223, 216, -1, 393, 284, 7.5, 22, ABprpapappa, 182, 30559, 15646, 512, , 30559, 25000, 29837, 29894, 0, 
312, 1, 241, 449, -1, 481, 191, 10.9, 24, ABplpppppap, 210, 28298, 17092, 604, , 28298, 25000, 29080, 29227, 0, 
313, 1, 174, 239, -1, 527, 123, 10.7, 25, ABplappppa, 333, 27717, 21176, 764, , 27717, 25000, 27021, 27052, 0, 
314, 1, 19, 13, 547, 153, 183, 11.3, 28, ABalaaaalp, 250, 28126, 29926, 1064, , 28126, 25000, 27750, 27644, 0, 
315, 1, 523, 485, -1, 326, 281, 7.5, 22, ABprpapaaap, 194, 28592, 14639, 512, , 28592, 25000, 30857, 30224, 0, 
316, 1, 186, 543, -1, 386, 354, 21.5, 28, Dpppa, 283, 28105, 30353, 1080, , 28105, 25000, 28650, 28649, 0, 
317, 1, 50, 164, -1, 247, 344, 11.1, 24, ABprpaapaap, 220, 27399, 16549, 604, , 27399, 25000, 27615, 27494, 0, 
318, 1, 474, 41, -1, 214, 184, 7.0, 25, ABalpapaaaa, 186, 31065, 23734, 764, , 31065, 25000, 33869, 34922, 0, 
319, 1, 61, 86, -1, 449, 144, 14.6, 23, ABplppapapp, -185, 26686, 17079, 640, , 26686, 25000, 28245, 28212, 0, 
320, 1, 6, 138, -1, 338, 276, 5.4, 28, ABarappapap, 143, 38783, 38318, 988, , 38783, 25000, 35648, 36776, 0, 
321, 1, 321, 508, -1, 203, 236, 15.9, 22, ABalpaapaap, 171, 26841, 12454, 464, , 26841, 25000, 27299, 27266, 0, 
322, 1, 122, 28, -1, 293, 398, 17.8, 25, ABarpapppp, 251, 28148, 19816, 704, , 28148, 25000, 27591, 27603, 0, 
323, 1, 14, 476, -1, 565, 299, 10.6, 26, ABprapppaa, 230, 28328, 23569, 832, , 28328, 25000, 28369, 28511, 0, 
324, 1, 472, 250, -1, 473, 299, 8.1, 23, MSpappap, 227, 27891, 13834, 496, , 27891, 25000, 29477, 29552, 0, 
325, 1, 392, 29, -1, 268, 149, 19.0, 24, ABplpaappaa, 221, 28089, 17078, 608, , 28089, 25000, 28915, 29190, 0, 
326, 1, 206, 188, -1, 177, 244, 16.3, 26, ABaraapaaaa, 219, 27271, 23344, 856, , 27271, 25000, 27680, 27686, 0, 
327, 1, 333, 444, -1, 437, 287, 10.3, 32, Z2, 326, 27907, 44204, 1584, , 27907, 25000, 29126, 29312, 0, 
328, 1, 152, 53, -1, 462, 171, 7.4, 24, ABplppppapa, 20, 29431, 20602, 700, , 29431, 25000, 29281, 29291, 0, 
329, 1, 114, 251, -1, 223, 211, 5.8, 23, ABalpapaapa, 166, 33402, 18037, 540, , 33402, 25000, 37211, 37471, 0, 
330, 1, 156, 81, -1, 417, 285, 8.3, 25, MSppaapp, 246, 26851, 20514, 764, , 26851, 25000, 29842, 30149, 0, 
331, 1, 52, 383, -1, 326, 214, 13.1, 25, MSaapaaap, 563, 30490, 20977, 688, , 30490, 25000, 29408, 29417, 0, 
332, 1, 366, 486, -1, 422, 372, 18.1, 25, Dppap, 248, 28520, 19622, 688, , 28520, 25000, 27648, 27672, 0, 
333, 1, 17, 107, -1, 253, 177, 21.5, 27, ABplaapapap, -372, 28169, 25239, 896, , 28169, 25000, 28714, 28629, 0, 
334, 1, 235, 184, -1, 405, 249, 15.1, 30, Ealpa, 162, 28187, 38222, 1356, , 28187, 25000, 29686, 29653, 0, 
335, 1, 310, 14, -1, 223, 297, 22.1, 24, MSpaaaaaa, 226, 29603, 17880, 604, , 29603, 25000, 29064, 29183, 0, 
336, 1, 420, 469, -1, 339, 335, 15.4, 24, MSpppaaa, 240, 28457, 19920, 700, , 28457, 25000, 29062, 29220, 0, 
337, 1, 2, 475, -1, 248, 290, 6.9, 23, ABarapppppa, 105, 28526, 14149, 496, , 28526, 25000, 32035, 32879, 0, 
338, 1, 448, 309, -1, 566, 278, 13.5, 26, Cpppapp, 240, 27814, 24921, 896, , 27814, 25000, 28424, 28509, 0, 
339, 1, 93, 245, -1, 544, 277, 5.7, 24, ABprpppaapp, 219, 45339, 31919, 704, , 45339, 25000, 37242, 38263, 0, 
340, 1, 64, 426, -1, 536, 351, 9.6, 26, ABprapapap, 219, 27569, 22937, 832, , 27569, 25000, 28169, 28142, 0, 
341, 0, 543, -1, -1, 85, 261, 14.4, 24, , 182, 1974, 19746, 700, , 28209, 25000, 26669, 26235, 0, 
342, 1, 180, 457, -1, 349, 200, 19.6, 25, MSappaaa, 160, 27654, 23008, 832, , 27654, 25000, 29407, 29352, 0, 
343, 1, 141, 172, -1, 168, 194, 8.8, 23, ABalpaapppp, 239, 28163, 15208, 540, , 28163, 25000, 27943, 27991, 0, 
344, 1, 401, 458, -1, 143, 269, 10.0, 24, ABalaapaaa, 182, 27026, 16432, 608, , 27026, 25000, 27758, 27771, 0, 
345, 1, 528, 474, -1, 179, 173, 15.8, 22, ABalapaapaa, 172, 28236, 14005, 496, , 28236, 25000, 28015, 28048, 0, 
346, 1, 470, 199, -1, 169, 327, 10.6, 23, ABalaappppp, 93, 28036, 17943, 640, , 28036, 25000, 27396, 27449, 0, 
347, 1, 190, 386, 541, 482, 160, 17.8, 30, Capaap, 323, 27352, 36104, 1320, , 27352, 25000, 29054, 29044, 0, 
348, 1, 441, 432, -1, 577, 322, 12.9, 27, ABarpppppp, 276, 27616, 25075, 908, , 27616, 25000, 28415, 28398, 0, 
349, 1, 376, 31, -1, 186, 230, 14.8, 22, ABalpaapaaa, 199, 27613, 13696, 496, , 27613, 25000, 28153, 28663, 0, 
350, 1, 185, 323, -1, 268, 158, 13.7, 25, ABplpaaappp, -37, 28696, 21924, 764, , 28696, 25000, 28195, 28374, 0, 
351, 1, 277, 258, -1, 439, 160, 9.7, 23, ABplpppaaaa, 227, 27350, 16191, 592, , 27350, 25000, 27569, 27351, 0, 
352, 1, 259, 538, -1, 123, 197, 15.4, 26, ABalaaapalr, 187, 27165, 22601, 832, , 27165, 25000, 27793, 27762, 0, 
353, 1, 269, 90, -1, 379, 188, 24.2, 27, ABarppaapp, 267, 28559, 24789, 868, , 28559, 25000, 28442, 28268, 0, 
354, 1, 15, 54, -1, 524, 243, 19.6, 32, Eplap, 304, 28206, 41858, 1484, , 28206, 25000, 28779, 28819, 0, 
355, 1, 290, 194, -1, 446, 127, 20.2, 27, ABplappaap, 90, 27262, 23663, 868, , 27262, 25000, 27835, 27838, 0, 
356, 1, 118, 241, -1, 550, 148, 10.2, 25, ABplappppp, -48, 27476, 19343, 704, , 27476, 25000, 28649, 28572, 0, 
357, 1, 418, 463, -1, 380, 205, 8.9, 23, ABplpapappa, 192, 29177, 14472, 496, , 29177, 25000, 28741, 28807, 0, 
358, 1, 25, 94, -1, 321, 191, 25.7, 24, ABplapaaaaa, 132, 28541, 20093, 704, , 28541, 25000, 28855, 28910, 0, 
359, 1, 171, 114, -1, 322, 113, 16.9, 27, ABplaapppa, 228, 26848, 24378, 908, , 26848, 25000, 27434, 27481, 0, 
360, 1, 249, 487, -1, 503, 344, 21.3, 28, Cpppaap, 39, 26990, 28717, 1064, , 26990, 25000, 28640, 28706, 0, 
361, 1, 147, -1, -1, 168, 353, 13.5, 23, ABpraaapapp, 206, 30503, 19278, 632, , 30503, 25000, 27707, 27563, 0, 
362, 1, 536, 513, -1, 549, 215, 6.1, 22, ABprppppppa, 184, 36474, 16924, 464, , 36474, 25000, 38893, 38870, 0, 
363, 0, 288, -1, -1, 242, 288, 19.2, 24, , 219, -301, 18480, 656, , 28171, 25000, 28212, 28472, 0, 
364, 1, 77, 399, -1, 233, 265, 4.6, 23, ABarapppapa, -47, 38270, 24493, 640, , 38270, 25000, 36622, 35976, 0, 
365, 1, 278, 384, -1, 241, 167, 6.8, 23, ABalppapapa, 217, 34617, 18693, 540, , 34617, 25000, 35786, 36135, 0, 
366, 1, 72, 174, -1, 325, 214, 10.2, 25, ABalpappapp, 20, 28311, 19931, 704, , 28311, 25000, 29028, 29186, 0, 
367, 1, 487, 552, -1, 287, 163, 17.4, 22, MSapppaa, 224, 27638, 15809, 572, , 27638, 25000, 28708, 28768, 0, 
368, 1, 203, 246, -1, 389, 221, 11.1, 25, MSaappap, 249, 26969, 18555, 688, , 26969, 25000, 29824, 29498, 0, 
369, 1, 20, 44, -1, 495, 255, 12.9, 31, Eprpp, 364, 27240, 40315, 1480, , 27240, 25000, 28926, 28931, 0, 
370, 1, 170, 181, -1, 291, 300, 20.3, 24, MSpaaappa, 151, 27479, 19345, 704, , 27479, 25000, 28505, 28740, 0, 
371, 1, 548, 530, -1, 181, 154, 11.7, 22, ABalppaaapp, -147, 28261, 14809, 524, , 28261, 25000, 27960, 28157, 0, 
372, 1, 319, 297, -1, 490, 239, 6.5, 24, ABprppppapp, 244, 31628, 24290, 768, , 31628, 25000, 33251, 33401, 0, 
373, 1, 282, 300, -1, 407, 302, 14.3, 31, Earpa, 120, 29146, 39872, 1368, , 29146, 25000, 30225, 30281, 0, 
374, 1, 479, 79, -1, 218, 358, 8.0, 22, ABpraaaapad, 276, 28984, 11130, 384, , 28984, 25000, 28975, 28899, 0, 
375, 1, 228, 423, -1, 452, 360, 17.4, 25, Cpppaaa, 221, 27397, 22794, 832, , 27397, 25000, 27678, 27722, 0, 
376, 1, 143, 379, -1, 354, 153, 13.3, 24, ABplppaapap, 201, 27347, 19252, 704, , 27347, 25000, 28566, 28813, 0, 
377, 1, 387, 285, -1, 466, 200, 16.6, 24, MSappaap, 233, 28466, 19926, 700, , 28466, 25000, 28635, 28654, 0, 
378, 1, 367, 141, -1, 420, 197, 23.4, 25, Dapap, 243, 28885, 24032, 832, , 28885, 25000, 28331, 28309, 0, 
379, 1, 526, 435, -1, 178, 225, 12.0, 22, ABaraaaaaaa, 202, 27911, 10718, 384, , 27911, 25000, 28134, 28249, 0, 
380, 1, 464, 104, -1, 239, 330, 25.4, 28, ABarpapapp, 97, 27424, 27095, 988, , 27424, 25000, 29323, 29380, 0, 
381, 1, 435, 337, -1, 383, 295, 5.6, 24, ABarappappa, 199, 37643, 26350, 700, , 37643, 25000, 35026, 35475, 0, 
382, 1, 393, 190, -1, 451, 167, 12.6, 24, MSpappaa, 196, 28104, 19673, 700, , 28104, 25000, 28712, 28715, 0, 
383, 1, 43, 479, -1, 268, 146, 8.4, 25, ABalppapapp, 217, 28827, 23984, 832, , 28827, 25000, 28618, 28655, 0, 
384, 1, 423, 10, -1, 389, 173, 16.5, 27, MSaapppa, 243, 27885, 24985, 896, , 27885, 25000, 28297, 28295, 0, 
385, 1, 276, 515, -1, 224, 311, 19.3, 24, MSpaaaapa, 201, 27533, 19383, 704, , 27533, 25000, 28613, 28527, 0, 
386, 1, 243, 21, -1, 386, 182, 11.9, 24, ABplppappaa, 192, 28909, 17461, 604, , 28909, 25000, 29205, 29347, 0, 
387, 1, 294, 264, -1, 236, 134, 14.8, 23, ABplpaaapap, 226, 27843, 15035, 540, , 27843, 25000, 28071, 27642, 0, 
388, 1, 402, 319, -1, 321, 275, 14.8, 23, ABaraappppp, 197, 29717, 16047, 540, , 29717, 25000, 29152, 28836, 0, 
389, 1, 8, 211, -1, 519, 273, 5.8, 23, ABprpppaapa, 201, 38415, 20744, 540, , 38415, 25000, 36783, 36566, 0, 
390, 1, 511, 385, -1, 297, 269, 4.9, 24, ABarappapaa, 222, 36563, 22084, 604, , 36563, 25000, 34944, 35171, 0, 
391, 1, 504, 253, -1, 419, 158, 12.2, 24, ABplppapppa, 182, 27918, 18314, 656, , 27918, 25000, 27864, 27553, 0, 
392, 1, 26, 368, -1, 280, 319, 8.9, 24, ABprpaaappp, 104, 27387, 16542, 604, , 27387, 25000, 28793, 29151, 0, 
393, 1, 486, 301, -1, 389, 222, 6.6, 23, ABprpappapp, 509, 30784, 19702, 640, , 30784, 25000, 32789, 33080, 0, 
394, 1, 454, 332, -1, 470, 354, 14.5, 25, Cppaaap, -140, 28137, 21609, 768, , 28137, 25000, 28140, 28143, 0, 
395, 1, 468, 523, -1, 247, 327, 13.5, 23, ABpraaappaa, 196, 27954, 17667, 632, , 27954, 25000, 28197, 27938, 0, 
396, 1, 395, 95, -1, 433, 282, 5.5, 24, ABprppaappp, 220, 37712, 28963, 768, , 37712, 25000, 34781, 34943, 0, 
397, 1, 225, 522, -1, 299, 200, 5.4, 24, ABprpappaaa, 222, 36461, 25523, 700, , 36461, 25000, 37112, 37247, 0, 
398, 1, 382, 528, -1, 352, 242, 24.1, 26, MSappppp, 129, 29023, 23218, 800, , 29023, 25000, 28680, 28783, 0, 
399, 1, 520, 535, -1, 274, 139, 13.4, 22, ABplpaapppp, 162, 28030, 16033, 572, , 28030, 25000, 28044, 28229, 0, 
400, 0, -1, -1, -1, 523, 156, 12.0, 22, , 202, -1221, 10386, 384, , 27047, 25000, 28179, 28268, 0, 
401, 1, 286, 263, -1, 248, 253, 24.5, 29, MSapappp, 254, 28876, 31186, 1080, , 28876, 25000, 28514, 28537, 0, 
402, 1, 482, 434, -1, 190, 248, 5.8, 23, ABaraaapppp, 55, 40215, 21716, 540, , 40215, 25000, 38276, 38757, 0, 
403, 1, 42, 465, -1, 331, 217, 16.2, 24, MSaapaapa, 246, 32282, 21177, 656, , 32282, 25000, 30821, 30252, 0, 
404, 1, 168, 348, -1, 414, 333, 8.3, 25, ABprppapaaa, 212, 30077, 22979, 764, , 30077, 25000, 29168, 29593, 0, 
405, 1, 324, 165, -1, 475, 194, 6.8, 24, ABplppppapp, 94, 31927, 20944, 656, , 31927, 25000, 31754, 32245, 0, 
406, 0, 429, -1, -1, 533, 228, 6.0, 24, , 179, 1460, 24753, 608, , 40712, 25000, 39104, 39252, 0, 
407, 1, 529, 249, -1, 479, 216, 8.5, 23, ABplpappppp, -5, 28528, 18030, 632, , 28528, 25000, 29055, 29363, 0, 
408, 1, 22, 526, -1, 175, 245, 22.9, 22, ABalapapapp, 188, 27879, 12936, 464, , 27879, 25000, 28578, 28625, 0, 
409, 1, 535, 168, -1, 438, 247, 6.5, 23, ABplpapppap, 197, 30839, 19490, 632, , 30839, 25000, 33507, 33891, 0, 
410, 1, 505, 407, -1, 254, 223, 18.5, 24, ABalpaapapp, 240, 27570, 21174, 768, , 27570, 25000, 28191, 28070, 0, 
411, 1, 481, 505, -1, 171, 312, 20.0, 22, ABalapppapp, 125, 27641, 10614, 384, , 27641, 25000, 28787, 28729, 0, 
412, 1, 178, 364, -1, 486, 154, 13.2, 27, Capapp, 141, 27391, 23775, 868, , 27391, 25000, 28712, 28693, 0, 
413, 1, 522, 213, -1, 256, 297, 17.4, 31, ABaraappapp, 266, 27322, 36393, 1332, , 27322, 25000, 27885, 27978, 0, 
414, 1, 483, 340, -1, 498, 264, 26.1, 33, Cpaapa, 328, 28485, 49450, 1736, , 28485, 25000, 29014, 29014, 0, 
415, 1, 485, 65, -1, 549, 213, 9.9, 23, Caapap, 205, 26847, 13316, 496, , 26847, 25000, 29586, 29569, 0, 
416, 1, 431, 497, -1, 278, 236, 21.2, 22, MSaaapaap, 169, 26907, 13346, 496, , 26907, 25000, 27057, 27195, 0, 
417, 1, 144, 144, -1, 344, 344, 11.5, 24, Dpapa, 212, 27569, 21173, 768, , 27569, 25000, 28372, 28595, 0, 
418, 1, 358, 25, -1, 497, 313, 6.1, 25, ABprppapppp, 197, 33307, 21183, 636, , 33307, 25000, 36093, 35980, 0, 
419, 1, 399, 562, -1, 310, 154, 12.0, 22, ABplpapaapp, 121, 28070, 10779, 384, , 28070, 25000, 28674, 28332, 0, 
420, 1, 325, 533, -1, 385, 223, 13.0, 24, MSaapappp, 221, 30918, 18798, 608, , 30918, 25000, 31022, 30420, 0, 
421, 1, 315, 247, -1, 447, 324, 11.1, 27, MSpapppp, 68, 26725, 24266, 908, , 26725, 25000, 28254, 28245, 0, 
422, 1, 219, 287, -1, 234, 121, 17.7, 24, ABplpaapapp, 206, 28192, 19847, 704, , 28192, 25000, 28011, 28097, 0, 
423, 1, 362, 125, -1, 142, 235, 14.0, 24, ABalaaaarlp, 180, 27735, 16863, 608, , 27735, 25000, 27772, 27444, 0, 
424, 0, 78, -1, -1, 165, 155, 11.4, 22, , 166, 2514, 17046, 572, , 29801, 25000, 27593, 27287, 0, 
425, 1, 205, 291, -1, 477, 264, 5.4, 24, ABprppppapa, 208, 35444, 24811, 700, , 35444, 25000, 35009, 35461, 0, 
426, 1, 503, 388, -1, 369, 312, 19.2, 27, Earaa, 206, 28605, 24829, 868, , 28605, 25000, 29512, 29512, 0, 
427, 1, 39, 91, -1, 312, 259, 21.2, 24, MSaaaappa, 220, 28226, 18516, 656, , 28226, 25000, 28456, 28548, 0, 
428, 1, 167, 366, -1, 343, 376, 15.8, 24, ABprapaaapa, 223, 26970, 17692, 656, , 26970, 25000, 28928, 28993, 0, 
429, 1, 264, 242, -1, 391, 254, 12.1, 23, MSpapappp, 213, 32024, 15884, 496, , 32024, 25000, 31303, 30742, 0, 
430, 1, 509, 154, -1, 314, 242, 10.1, 25, ABarapapppp, 235, 28350, 19505, 688, , 28350, 25000, 28824, 28990, 0, 
431, 1, 188, 389, -1, 399, 259, 8.3, 23, ABprpapppap, 230, 29676, 17568, 592, , 29676, 25000, 30517, 30575, 0, 
432, 1, 34, 484, -1, 141, 221, 10.5, 25, ABalpaapppa, 197, 27509, 21127, 768, , 27509, 25000, 27318, 27220, 0, 
433, 1, 334, 204, -1, 511, 348, 17.5, 30, Cppapa, 307, 28266, 34824, 1232, , 28266, 25000, 28421, 28471, 0, 
434, 1, 507, 150, -1, 405, 174, 11.2, 23, ABplppappap, 210, 27446, 14821, 540, , 27446, 25000, 27940, 28334, 0, 
435, 1, 242, 185, -1, 565, 349, 16.5, 29, ABprapapaa, 83, 27111, 29280, 1080, , 27111, 25000, 27680, 27648, 0, 
436, 1, 348, 365, -1, 483, 368, 22.6, 31, Caaaap, 282, 27345, 36424, 1332, , 27345, 25000, 28147, 28146, 0, 
437, 1, 400, 17, -1, 426, 404, 17.2, 28, ABarppppap, 231, 26690, 28078, 1052, , 26690, 25000, 28063, 28043, 0, 
438, 1, 216, 186, -1, 268, 117, 13.7, 24, ABplaappaa, 205, 27361, 19262, 704, , 27361, 25000, 27590, 27708, 0, 
439, 1, 411, 206, -1, 356, 171, 25.5, 28, ABarppapaa, 231, 30272, 32694, 1080, , 30272, 25000, 28549, 28598, 0, 
440, 1, 323, 268, -1, 285, 234, 16.4, 22, ABalpaaappp, -153, 28423, 16258, 572, , 28423, 25000, 28369, 28649, 0, 
441, 1, 372, 510, -1, 279, 172, 9.4, 24, ABplpapaaaa, 78, 27784, 19449, 700, , 27784, 25000, 29080, 29630, 0, 
442, 1, 345, 472, -1, 488, 297, 10.9, 25, ABprpppppaa, 245, 27048, 18609, 688, , 27048, 25000, 28543, 28635, 0, 
443, 1, 307, 70, -1, 403, 208, 8.2, 23, ABplpapappp, 163, 29765, 16073, 540, , 29765, 25000, 28934, 28944, 0, 
444, 1, 371, 328, -1, 229, 228, 24.3, 24, MSapappa, 35, 28116, 19794, 704, , 28116, 25000, 28541, 28706, 0, 
445, 1, 248, 88, -1, 263, 346, 13.2, 24, ABpraaappap, 222, 28169, 18479, 656, , 28169, 25000, 27994, 27923, 0, 
446, 1, 27, 227, -1, 229, 347, 19.4, 28, MSppappa, 272, 27680, 27348, 988, , 27680, 25000, 28522, 28785, 0, 
447, 1, 300, 180, -1, 252, 368, 16.8, 26, ABpraapappp, 251, 26848, 21371, 796, , 26848, 25000, 28381, 28762, 0, 
448, 1, 350, 325, -1, 301, 333, 21.8, 22, MSpppppa, 162, 28357, 14065, 496, , 28357, 25000, 27520, 27603, 0, 
449, 1, 234, 454, -1, 176, 233, 8.0, 25, ABaraaappa, 246, 29656, 22657, 764, , 29656, 25000, 30298, 30595, 0, 
450, 1, 135, 443, -1, 566, 188, 17.5, 26, Capppap, 238, 27797, 24906, 896, , 27797, 25000, 28739, 28856, 0, 
451, 1, 312, 23, -1, 196, 213, 10.4, 23, ABalpaaaaaa, 209, 28925, 18512, 640, , 28925, 25000, 28432, 28618, 0, 
452, 1, 82, 418, -1, 120, 210, 17.0, 25, ABalaaaparl, 175, 28021, 21408, 764, , 28021, 25000, 27993, 27928, 0, 
453, 1, 271, 133, -1, 228, 331, 15.4, 24, ABpraapapaa, 207, 28631, 20042, 700, , 28631, 25000, 27998, 28073, 0, 
454, 1, 476, 394, -1, 454, 229, 14.7, 30, Z3, 205, 28252, 36953, 1308, , 28252, 25000, 28553, 28562, 0, 
455, 1, 291, 420, -1, 281, 164, 11.1, 23, ABplpapaapa, 205, 28228, 14001, 496, , 28228, 25000, 28920, 29149, 0, 
456, 1, 132, 103, -1, 126, 284, 13.2, 25, ABalaaapplr, 197, 27614, 19440, 704, , 27614, 25000, 27377, 27282, 0, 
457, 1, 466, 106, -1, 544, 301, 6.9, 24, ABprappppa, 219, 31341, 18930, 604, , 31341, 25000, 32457, 32444, 0, 
458, 0, 360, -1, -1, 196, 293, 20.1, 24, , -195, -634, 17087, 604, , 28290, 25000, 28778, 28924, 0, 
459, 1, 434, 500, -1, 167, 330, 13.5, 24, ABpraaapapa, 42, 29655, 22775, 768, , 29655, 25000, 27793, 27442, 0, 
460, 1, 358, 27, -1, 479, 325, 6.1, 24, ABprppapppa, 174, 30901, 18664, 604, , 30901, 25000, 34440, 35208, 0, 
461, 1, 86, 156, -1, 538, 328, 23.4, 31, Caaapa, 311, 27567, 36719, 1332, , 27567, 25000, 28256, 28226, 0, 
462, 1, 220, 9, -1, 314, 322, 17.6, 24, MSpaapaap, 167, 27636, 19345, 700, , 27636, 25000, 28583, 28639, 0, 
463, 1, 327, 18, -1, 372, 248, 5.1, 24, ABprpappapa, 317, 37927, 22908, 604, , 37927, 25000, 36843, 36876, 0, 
464, 1, 419, 425, -1, 288, 265, 13.6, 24, ABarapaappp, 201, 29146, 20402, 700, , 29146, 25000, 27667, 27836, 0, 
465, 1, 341, 525, -1, 319, 350, 15.1, 24, Dpaaa, 194, 28502, 17215, 604, , 28502, 25000, 28601, 28563, 0, 
466, 1, 232, 326, -1, 554, 177, 9.0, 24, ABplppppppp, 204, 28013, 17032, 608, , 28013, 25000, 29233, 29253, 0, 
467, 1, 469, 511, -1, 368, 172, 11.4, 23, ABalpapappp, 86, 28022, 17934, 640, , 28022, 25000, 28158, 28200, 0, 
468, 0, 31, -1, -1, 146, 263, 18.6, 22, , 1111, 472, 15952, 572, , 27888, 25000, 27384, 27416, 0, 
469, 1, 292, 237, -1, 438, 296, 25.5, 34, Cpaaap, 321, 28915, 48809, 1688, , 28915, 25000, 28994, 29013, 0, 
470, 1, 142, 59, -1, 165, 217, 10.5, 23, ABalpaappaa, -38, 27641, 17469, 632, , 27641, 25000, 28511, 28322, 0, 
471, 1, 194, 381, -1, 478, 222, 10.5, 25, ABprpappppp, 16, 27500, 21120, 768, , 27500, 25000, 28973, 29177, 0, 
472, 1, 251, 489, -1, 163, 245, 14.0, 27, ABaraaaapa, 173, 27236, 28108, 1032, , 27236, 25000, 27429, 27633, 0, 
473, 1, 460, 49, -1, 290, 285, 23.2, 26, MSaaaapap, 208, 26714, 21264, 796, , 26714, 25000, 28331, 28262, 0, 
474, 1, 239, 448, -1, 199, 156, 18.6, 22, ABalapaapap, 154, 27449, 15701, 572, , 27449, 25000, 28595, 28287, 0, 
475, 1, 244, 171, -1, 471, 396, 17.4, 27, ABprappapa, 277, 27003, 26679, 988, , 27003, 25000, 28422, 28422, 0, 
476, 1, 226, 131, -1, 373, 173, 19.9, 25, Dapaa, 206, 28451, 19574, 688, , 28451, 25000, 28522, 28565, 0, 
477, 1, 351, 466, -1, 346, 312, 8.0, 23, ABprppaapaa, 775, 27852, 14260, 512, , 27852, 25000, 29963, 29922, 0, 
478, 1, 304, 47, -1, 259, 177, 6.5, 30, ABalpapaaap, 44, 35138, 43290, 1232, , 35138, 25000, 37552, 38636, 0, 
479, 0, 101, -1, -1, 206, 142, 10.7, 24, , 200, -556, 19259, 704, , 27357, 25000, 27761, 27913, 0, 
480, 1, 478, 403, -1, 448, 229, 8.0, 22, ABplpappppa, 305, 29005, 11138, 384, , 29005, 25000, 30006, 30392, 0, 
481, 1, 491, 392, -1, 458, 233, 25.4, 31, Dappp, 310, 28653, 38166, 1332, , 28653, 25000, 28504, 28510, 0, 
482, 1, 563, 534, -1, 231, 293, 4.9, 22, ABalaapappa, 46, 39651, 18398, 464, , 39651, 25000, 38056, 38158, 0, 
483, 1, 379, 255, -1, 223, 276, 9.6, 25, MSppaaaa, 204, 29381, 24445, 832, , 29381, 25000, 28251, 28343, 0, 
484, 1, 128, 269, -1, 228, 339, 21.7, 27, MSppappp, 275, 27805, 25692, 924, , 27805, 25000, 28724, 28860, 0, 
485, 1, 81, 349, -1, 399, 334, 10.7, 29, MSpapppa, 263, 27433, 29298, 1068, , 27433, 25000, 28759, 28860, 0, 
486, 1, 527, 377, -1, 249, 205, 15.7, 23, ABalpaaapap, 128, 29015, 17177, 592, , 29015, 25000, 28023, 28080, 0, 
487, 1, 187, 516, -1, 368, 132, 21.0, 21, ABplaapppp, 10, 26786, 10286, 384, , 26786, 25000, 27864, 27686, 0, 
488, 1, 339, 371, -1, 570, 250, 8.0, 26, ABprappppp, 253, 29192, 24872, 852, , 29192, 25000, 29783, 29977, 0, 
489, 1, 378, 315, -1, 224, 340, 9.5, 23, ABpraaaapav, 110, 27329, 17272, 632, , 27329, 25000, 28698, 28278, 0, 
490, 1, 89, 231, -1, 279, 354, 19.3, 25, MSppppap, 237, 28556, 21817, 764, , 28556, 25000, 28517, 28482, 0, 
491, 1, 182, 294, -1, 439, 360, 21.4, 30, Dpppp, 300, 27802, 32139, 1156, , 27802, 25000, 28182, 28197, 0, 
492, 1, 314, 55, -1, 259, 289, 23.1, 24, MSaaaapaa, 204, 29467, 17798, 604, , 29467, 25000, 28134, 28302, 0, 
493, 0, 204, -1, -1, 216, 158, 22.2, 23, , 204, -484, 15000, 540, , 27778, 25000, 28255, 28262, 0, 
494, 1, 253, 353, -1, 460, 290, 5.1, 22, ABprpppaaaa, 194, 39060, 18124, 464, , 39060, 25000, 35828, 35445, 0, 
495, 1, 97, 296, -1, 224, 308, 11.2, 23, ABprpaapaaa, 232, 27102, 14635, 540, , 27102, 25000, 28224, 28017, 0, 
496, 1, 440, 178, -1, 400, 161, 24.6, 28, ABarppapap, 283, 27947, 27612, 988, , 27947, 25000, 28865, 28900, 0, 
497, 1, 279, 509, -1, 219, 176, 17.9, 26, ABalpppppaa, 77, 27561, 22049, 800, , 27561, 25000, 28116, 27881, 0, 
498, 1, 532, 464, -1, 307, 370, 20.2, 28, ABprapaaaap, 279, 27893, 29343, 1052, , 27893, 25000, 28139, 28299, 0, 
499, 1, 5, 397, -1, 509, 210, 24.8, 27, Cappaap, 260, 27403, 23786, 868, , 27403, 25000, 28985, 29084, 0, 
500, 1, 119, 37, -1, 255, 129, 11.1, 24, ABalppaappp, 197, 27550, 16640, 604, , 27550, 25000, 27397, 27426, 0, 
501, 1, 413, 439, -1, 318, 270, 10.1, 24, MSpapaaaa, 232, 31293, 18901, 604, , 31293, 25000, 30124, 30277, 0, 
502, 1, 407, 357, -1, 273, 320, 18.2, 22, MSpaapaaa, 160, 26639, 13213, 496, , 26639, 25000, 28301, 28538, 0, 
503, 1, 521, 376, -1, 271, 318, 11.2, 24, MSppapap, 39, 27520, 18053, 656, , 27520, 25000, 28071, 28120, 0, 
504, 1, 45, 24, -1, 260, 246, 10.2, 24, ABarapapaap, -208, 26261, 17227, 656, , 26261, 25000, 28245, 28199, 0, 
505, 1, 484, 441, -1, 267, 311, 4.7, 22, ABalaapappp, -191, 35708, 18711, 524, , 35708, 25000, 37306, 37253, 0, 
506, 1, 456, 100, -1, 155, 245, 9.1, 24, ABaraaapppa, -68, 27560, 16646, 604, , 27560, 25000, 27820, 27642, 0, 
507, 1, 437, 433, -1, 392, 330, 6.9, 28, ABarappappp, 55, 30659, 33357, 1088, , 30659, 25000, 32386, 31909, 0, 
508, 1, 544, 295, -1, 189, 221, 20.0, 21, MSapaaap, 84, 29792, 11440, 384, , 29792, 25000, 27935, 28167, 0, 
509, 1, 453, 196, -1, 191, 274, 6.6, 23, ABarapppaaa, 215, 31838, 20376, 640, , 31838, 25000, 35330, 35213, 0, 
510, 1, 120, 445, -1, 253, 127, 15.6, 22, ABplpaapppa, -79, 28274, 16173, 572, , 28274, 25000, 28241, 28356, 0, 
511, 1, 450, 215, -1, 214, 211, 15.4, 23, ABalpaaapaa, -40, 27725, 17744, 640, , 27725, 25000, 28176, 27905, 0, 
512, 1, 446, 143, -1, 344, 210, 15.0, 22, MSaapappa, 153, 34966, 13427, 384, , 34966, 25000, 30567, 29925, 0, 
513, 1, 530, 281, -1, 519, 221, 8.5, 24, Caapaa, 230, 27809, 21357, 768, , 27809, 25000, 29908, 29886, 0, 
514, 1, 404, 502, -1, 367, 335, 10.6, 23, Dpapp, 223, 27598, 17663, 640, , 27598, 25000, 28269, 28414, 0, 
515, 1, 475, 161, -1, 165, 210, 24.4, 22, ABalapapppa, 342, 27086, 15493, 572, , 27086, 25000, 28171, 28189, 0, 
516, 1, 501, 519, -1, 344, 181, 10.1, 21, ABplpapapaa, 452, 28974, 10083, 348, , 28974, 25000, 29644, 30290, 0, 
517, 1, 489, 570, -1, 141, 341, 15.1, 22, ABalappappp, 287, 27045, 12549, 464, , 27045, 25000, 28092, 28018, 0, 
518, 1, 103, 331, -1, 325, 302, 6.4, 23, ABprpapaapp, 48, 31066, 19882, 640, , 31066, 25000, 34172, 34723, 0, 
519, 1, 514, 512, -1, 225, 220, 18.1, 23, ABalpaapapa, -82, 28998, 14383, 496, , 28998, 25000, 27924, 28044, 0, 
520, 1, 546, 334, -1, 147, 287, 17.1, 23, ABalapppaap, 179, 28377, 14075, 496, , 28377, 25000, 27658, 27713, 0, 
521, 1, 519, 529, -1, 332, 324, 11.7, 23, MSpppapp, 126, 27715, 16407, 592, , 27715, 25000, 27901, 28011, 0, 
522, 1, 549, 563, -1, 263, 332, 25.0, 23, ABarpaapap, 166, 27791, 14229, 512, , 27791, 25000, 28593, 28827, 0, 
523, 0, 398, -1, -1, 193, 295, 10.9, 23, , 103, -404, 13645, 496, , 27510, 25000, 28039, 27914, 0, 
524, 1, 107, 307, -1, 152, 258, 12.2, 24, ABalaaaarrp, 399, 28761, 18867, 656, , 28761, 25000, 26912, 26916, 0, 
525, 1, 131, 455, -1, 318, 245, 5.2, 22, ABprpappaap, 1, 41627, 20647, 496, , 41627, 25000, 36737, 36999, 0, 
526, 1, 493, 524, -1, 266, 215, 17.0, 22, ABalpaaappa, 471, 29000, 11136, 384, , 29000, 25000, 28121, 28173, 0, 
527, 1, 356, 293, -1, 331, 216, 5.9, 23, ABplpappaaa, -26, 37190, 18446, 496, , 37190, 25000, 36329, 36461, 0, 
528, 1, 357, 398, -1, 410, 227, 25.4, 31, Dappa, 86, 28369, 37788, 1332, , 28369, 25000, 28129, 28149, 0, 
529, 1, 146, 531, -1, 162, 218, 21.9, 23, ABalapappap, -66, 29982, 14871, 496, , 29982, 25000, 27972, 27825, 0, 
530, 1, 13, 404, -1, 243, 199, 8.8, 22, ABalpaaaapp, 283, 29141, 14454, 496, , 29141, 25000, 29054, 29376, 0, 
531, 1, 444, 499, -1, 156, 195, 16.4, 24, ABalapaappa, 288, 27066, 18946, 700, , 27066, 25000, 28497, 28400, 0, 
532, 1, 331, 32, -1, 146, 193, 22.1, 23, ABalapaaapp, 224, 28373, 14073, 496, , 28373, 25000, 28409, 28263, 0, 
533, 1, 388, 225, -1, 265, 264, 4.5, 23, ABarapppapp, -112, 36946, 23350, 632, , 36946, 25000, 35830, 35933, 0, 
534, 0, 116, -1, -1, 304, 169, 15.7, 22, , -398, -186, 14489, 524, , 27651, 25000, 27982, 27837, 0, 
535, 1, 256, 308, -1, 331, 159, 17.4, 24, Daapa, 226, 28114, 19680, 700, , 28114, 25000, 28771, 28854, 0, 
536, 1, 160, 470, -1, 179, 215, 25.7, 21, ABalapapppp, 322, 29439, 13895, 472, , 29439, 25000, 28256, 28475, 0, 
537, 1, 540, 532, -1, 351, 279, 6.7, 22, ABprpapapaa, 122, 32132, 16837, 524, , 32132, 25000, 33066, 33143, 0, 
538, 1, 531, 415, -1, 269, 344, 8.0, 22, ABprpaapppa, 322, 26990, 10364, 384, , 26990, 25000, 28584, 28513, 0, 
539, 1, 559, 536, -1, 337, 358, 7.8, 24, ABpraapppa, 121, 29527, 19370, 656, , 29527, 25000, 29199, 29510, 0, 
540, 1, 455, 520, -1, 193, 330, 18.7, 22, ABarpapaapp, 127, 28403, 14883, 524, , 28403, 25000, 28189, 28220, 0, 
541, 1, 336, 491, -1, 161, 312, 14.6, 27, ABalappapa, 230, 28169, 27831, 988, , 28169, 25000, 27654, 27556, 0, 
542, 1, 495, 327, -1, 242, 163, 24.0, 23, ABplaapappp, 88, 27918, 14294, 512, , 27918, 25000, 28261, 28245, 0, 
543, 1, 534, 496, -1, 163, 302, 12.0, 23, ABalaappppa, 303, 27592, 14127, 512, , 27592, 25000, 28321, 28578, 0, 
544, 0, 299, -1, -1, 184, 292, 25.1, 25, , 245, 0, 0, 0, , 0, 0, 0, 0, 0, 
545, 1, 539, 544, -1, 543, 203, 26.0, 40, Cpaapp, 611, 28058, 86642, 3088, , 28058, 25000, 28696, 28867, 0, 
546, 1, 550, 545, -1, 306, 173, 10.2, 21, ABplpapaaap, -1049, 27925, 11952, 428, , 27925, 25000, 28623, 28894, 0, 
547, 1, 442, 542, -1, 202, 331, 11.7, 22, ABalaapppap, 12, 27115, 14208, 524, , 27115, 25000, 27606, 27844, 0, 
548, 1, 230, 518, -1, 311, 252, 23.9, 20, MSappppa, 248, 28509, 9009, 316, , 28509, 25000, 28460, 28460, 0, 
549, 1, 140, 170, -1, 298, 293, 17.9, 20, MSpaapapa, 198, 27079, 8557, 316, , 27079, 25000, 28671, 28673, 0, 
550, 0, -1, -1, -1, 452, 281, 9.4, 23, , 161, -1804, 17670, 640, , 27609, 25000, 28784, 29413, 0, 
551, 0, 260, -1, -1, 160, 166, 18.3, 24, , 35, -336, 19462, 704, , 27645, 25000, 27847, 27981, 0, 
552, 1, 547, 548, -1, 142, 220, 19.0, 22, ABalapappaa, -327, 29044, 11153, 384, , 29044, 25000, 27811, 28008, 0, 
553, 1, 551, 550, -1, 298, 255, 20.0, 22, MSaaapapa, 168, 26888, 10325, 384, , 26888, 25000, 28288, 28457, 0, 
554, 1, 490, 551, -1, 329, 170, 14.0, 22, MSappapp, 153, 27841, 10691, 384, , 27841, 25000, 27583, 27558, 0, 
555, 1, 552, 553, -1, 263, 303, 20.0, 24, MSpaaaapp, 184, 26859, 16330, 608, , 26859, 25000, 28266, 28330, 0, 
556, 1, 553, 554, -1, 225, 356, 14.0, 22, ABpraaaappp, 210, 29005, 11138, 384, , 29005, 25000, 27595, 27609, 0, 
557, 1, 370, 555, -1, 288, 271, 7.0, 22, ABprpapaaaa, 198, 28005, 10754, 384, , 28005, 25000, 32386, 31563, 0, 
558, 1, 554, 556, -1, 224, 245, 22.0, 24, MSaaapaaa, 218, 26539, 16136, 608, , 26539, 25000, 28408, 28385, 0, 
559, 1, 555, 546, -1, 228, 281, 15.0, 23, ABaraaapapa, 120, 26574, 13606, 512, , 26574, 25000, 27084, 26893, 0, 
560, 1, 556, 557, -1, 371, 223, 17.0, 23, MSaapaapp, 158, 31223, 15986, 512, , 31223, 25000, 32360, 31775, 0, 
561, 1, 557, 558, -1, 285, 216, 23.0, 22, MSapppap, 312, 26375, 10128, 384, , 26375, 25000, 27956, 28009, 0, 
562, 1, 558, 559, -1, 334, 293, 17.0, 24, MSpaapapp, 153, 27938, 16986, 608, , 27938, 25000, 28752, 28835, 0, 
563, 1, 560, 560, -1, 355, 224, 7.0, 25, ABplpappaap, 179, 31781, 24281, 764, , 31781, 25000, 32227, 32237, 0, 
564, 1, 561, 561, -1, 521, 205, 6.0, 23, ABprpppapap, 209, 39361, 20153, 512, , 39361, 25000, 38088, 37392, 0, 
565, 0, 562, -1, -1, 183, 287, 25.066666, 23, , 192, -1063, 19262, 700, , 27517, 25000, 28775, 28580, 0, 
566, 1, 564, 564, -1, 165, 315, 9.0, 20, ABalaappapa, 0, 28462, 8994, 316, , 28462, 25000, 28524, 28476, 0, 
567, 1, 565, 565, -1, 197, 305, 6.0, 22, ABalaappapp, 228, 39016, 14982, 384, , 39016, 25000, 39716, 39753, 0, 
568, 1, 566, 566, -1, 189, 353, 18.0, 22, ABalapppppp, 134, 26159, 10045, 384, , 26159, 25000, 27426, 26969, 0, 
569, 1, 567, 568, -1, 159, 291, 20.0, 23, ABalapppapa, 187, 29049, 14873, 512, , 29049, 25000, 28285, 28205, 0, 
570, 1, 568, 569, -1, 163, 341, 18.0, 22, ABalapppppa, 0, 27221, 10453, 384, , 27221, 25000, 27671, 27420, 0, 
571, 1, 508, 571, -1, 128, 250, 18.0, 22, ABalappaap, 119, 26836, 10305, 384, , 26836, 25000, 27206, 27250, 0, 
572, 1, 569, 573, -1, 143, 253, 16.0, 22, ABalapppaaa, -5, 27672, 10626, 384, , 27672, 25000, 27876, 27850, 0, 
573, 1, 570, 574, -1, 152, 300, 16.0, 23, ABalappppaa, 187, 26891, 13768, 512, , 26891, 25000, 27408, 27177, 0, 
574, 1, 571, 575, -1, 146, 249, 21.0, 22, ABalapapapa, -370, 29594, 11364, 384, , 29594, 25000, 28481, 28521, 0, 
575, 1, 572, 576, -1, 219, 148, 10.0, 21, ABalppaappa, 0, 26115, 10028, 384, , 26115, 25000, 28444, 28639, 0, 
576, 1, 573, 577, -1, 470, 252, 7.0, 24, ABprppppaap, -41, 29012, 17639, 608, , 29012, 25000, 31500, 32083, 0, 
577, 1, 442, 467, -1, 194, 297, 11.0, 20, ABalaapppaa, 0, 28253, 8928, 316, , 28253, 25000, 27537, 27471, 0, 
578, 1, 260, 578, -1, 165, 179, 19.0, 24, ABalppppapa, 245, 27243, 16564, 608, , 27243, 25000, 28271, 28170, 0, 
579, 1, 574, 537, -1, 164, 166, 18.0, 22, ABalapaappp, 238, 30089, 11554, 384, , 30089, 25000, 28219, 28905, 0, 
