1, 1, 188, 111, -1, 138, 224, 11.1, 23, ABalpaapppa, 181, 28137, 13956, 496, , 28137, 25000, 27839, 27860, 0, 
2, 1, 173, 8, -1, 299, 207, 16.2, 24, ABaraapappa, 152, 28029, 18387, 656, , 28029, 25000, 28214, 28213, 0, 
3, 1, 196, 98, -1, 437, 167, 9.7, 24, ABplpppaaaa, 423, 28304, 19926, 704, , 28304, 25000, 28355, 28270, 0, 
4, 1, 375, 138, -1, 229, 208, 11.2, 24, ABalpaaaaap, 198, 27479, 18026, 656, , 27479, 25000, 28129, 28438, 0, 
5, 1, 242, 296, -1, 118, 304, 17.8, 24, ABpraapaaaa, 239, 29038, 19049, 656, , 29038, 25000, 27798, 27817, 0, 
6, 1, 63, 231, -1, 141, 274, 23.8, 26, ABarpaaaapa, 213, 27070, 21548, 796, , 27070, 25000, 28361, 28295, 0, 
7, 1, 446, 478, -1, 369, 248, 5.5, 25, ABprpappapa, 247, 36654, 28150, 768, , 36654, 25000, 35139, 35142, 0, 
8, 1, 336, 379, -1, 478, 191, 11.7, 24, ABplpppppap, 197, 27871, 19621, 704, , 27871, 25000, 28386, 28482, 0, 
9, 1, 326, 20, -1, 328, 228, 8.7, 27, ABarapapapp, 398, 28531, 26363, 924, , 28531, 25000, 29484, 29380, 0, 
10, 1, 52, 77, -1, 203, 239, 19.0, 25, ABaraapaapa, -97, 28997, 22154, 764, , 28997, 25000, 27599, 27566, 0, 
11, 1, 123, 58, -1, 480, 376, 22.3, 30, Caaaap, -105, 27447, 35901, 1308, , 27447, 25000, 28513, 28548, 0, 
12, 1, 385, 55, -1, 325, 331, 8.1, 24, ABprppaaaap, 212, 28745, 17362, 604, , 28745, 25000, 29191, 29102, 0, 
13, 1, 439, 171, -1, 293, 156, 13.6, 24, ABplppaaaaa, 212, 28683, 20078, 700, , 28683, 25000, 28257, 28263, 0, 
14, 1, 81, 226, -1, 534, 350, 9.2, 25, ABprapapap, -80, 27095, 19075, 704, , 27095, 25000, 28053, 27896, 0, 
15, 1, 457, 347, -1, 542, 300, 6.6, 25, ABprappppa, 39, 32451, 26999, 832, , 32451, 25000, 35335, 35249, 0, 
16, 1, 88, 484, -1, 322, 167, 22.3, 30, ABplapaaapa, 249, 29580, 38691, 1308, , 29580, 25000, 28828, 29051, 0, 
17, 1, 456, 480, -1, 283, 357, 11.9, 23, ABprpaappaa, 191, 28460, 14116, 496, , 28460, 25000, 28002, 28191, 0, 
18, 1, 581, 89, -1, 251, 207, 15.0, 23, ABalpapppaa, 200, 27059, 13854, 512, , 27059, 25000, 27633, 27786, 0, 
19, 1, 227, 202, -1, 213, 294, 26.1, 28, ABplaaaapp, 212, 29715, 32330, 1088, , 29715, 25000, 29031, 29161, 0, 
20, 1, 201, 415, -1, 546, 150, 9.3, 27, ABplappppp, 270, 27082, 25024, 924, , 27082, 25000, 28873, 28766, 0, 
21, 1, 158, 46, -1, 180, 193, 26.0, 25, ABplaaapaa, 301, 29520, 22553, 764, , 29520, 25000, 29367, 29624, 0, 
22, 1, 83, 205, -1, 553, 281, 9.9, 23, ABprapppapa, 230, 26651, 13219, 496, , 26651, 25000, 28749, 29049, 0, 
23, 1, 374, 134, -1, 159, 177, 21.7, 23, ABalppppapp, 200, 28853, 17081, 592, , 28853, 25000, 27767, 27727, 0, 
24, 1, 38, 233, -1, 570, 248, 8.0, 25, ABprappppp, 236, 27497, 21008, 764, , 27497, 25000, 29615, 29824, 0, 
25, 1, 515, 124, -1, 205, 265, 5.1, 23, ABarapppaap, 304, 39208, 19447, 496, , 39208, 25000, 37838, 38444, 0, 
26, 1, 174, 264, -1, 185, 205, 8.1, 22, ABalpaappap, 182, 28563, 13253, 464, , 28563, 25000, 29666, 29724, 0, 
27, 1, 140, 186, -1, 482, 216, 9.0, 23, ABplpappppp, 207, 28541, 14613, 512, , 28541, 25000, 28523, 28807, 0, 
28, 1, 364, 1, -1, 166, 244, 25.1, 24, ABplaaaaaap, 73, 28841, 17420, 604, , 28841, 25000, 28719, 28813, 0, 
29, 0, 39, -1, -1, 175, 299, 25.3, 23, , 126, -236, 17576, 592, , 29689, 25000, 29488, 29925, 0, 
30, 1, 458, 462, -1, 388, 226, 11.7, 26, MSaappap, 202, 27659, 23676, 856, , 27659, 25000, 29842, 29900, 0, 
31, 1, 122, 203, -1, 553, 327, 8.4, 25, ABprapappa, 206, 28177, 23443, 832, , 28177, 25000, 28243, 28257, 0, 
32, 1, 314, 184, -1, 386, 226, 7.2, 24, ABprpappapp, 205, 30085, 19736, 656, , 30085, 25000, 31718, 32027, 0, 
33, 1, 216, 84, -1, 526, 130, 13.8, 28, ABplapppaa, 191, 27352, 28774, 1052, , 27352, 25000, 28080, 28115, 0, 
34, 1, 325, 504, -1, 222, 333, 8.5, 23, ABpraaaapav, 198, 29358, 18554, 632, , 29358, 25000, 29127, 29155, 0, 
35, 1, 335, 392, -1, 161, 215, 10.5, 22, ABalpaappaa, 206, 28414, 14548, 512, , 28414, 25000, 28323, 28685, 0, 
36, 0, 172, -1, -1, 215, 303, 4.8, 22, , 212, 1505, 19914, 496, , 40149, 25000, 38380, 38644, 0, 
37, 1, 50, 267, -1, 187, 329, 7.7, 23, ABpraaaaaaa, 205, 29747, 17610, 592, , 29747, 25000, 30912, 30991, 0, 
38, 1, 373, 306, -1, 265, 152, 7.7, 24, ABalppapapp, 173, 31672, 22297, 704, , 31672, 25000, 31074, 31263, 0, 
39, 1, 355, 364, -1, 322, 379, 12.3, 24, ABprpaappap, 227, 28313, 19932, 704, , 28313, 25000, 28236, 28240, 0, 
40, 1, 362, 268, -1, 315, 142, 13.6, 24, ABplppaaaap, 196, 27237, 19066, 700, , 27237, 25000, 28475, 28319, 0, 
41, 1, 241, 33, -1, 380, 182, 15.9, 26, MSaapppa, 208, 27463, 21970, 800, , 27463, 25000, 29126, 28771, 0, 
42, 1, 303, 384, -1, 261, 179, 6.1, 24, ABalpapaaap, -22, 36025, 21759, 604, , 36025, 25000, 38500, 39520, 0, 
43, 1, 205, 31, -1, 334, 159, 11.4, 23, ABplppaapaa, 211, 27173, 17391, 640, , 27173, 25000, 28166, 28534, 0, 
44, 0, -1, -1, -1, 310, 186, 25.7, 23, , 194, -247, 17263, 592, , 29160, 25000, 29340, 29407, 0, 
45, 1, 366, 257, -1, 423, 273, 8.4, 25, MSppaapp, 251, 28519, 23728, 832, , 28519, 25000, 28676, 28833, 0, 
46, 1, 27, 241, -1, 253, 306, 17.5, 29, ABaraappapp, 275, 29369, 31719, 1080, , 29369, 25000, 28472, 28481, 0, 
47, 0, 146, -1, -1, 83, 262, 15.9, 25, , 164, 4193, 21446, 688, , 31172, 25000, 26946, 26979, 0, 
48, 1, 333, 477, -1, 172, 141, 15.2, 24, ABalpppaaaa, 37, 28306, 18569, 656, , 28306, 25000, 27830, 27815, 0, 
49, 1, 221, 209, -1, 275, 320, 11.2, 24, MSppapap, 180, 27319, 17921, 656, , 27319, 25000, 28066, 28076, 0, 
50, 1, 197, 427, -1, 297, 173, 6.6, 26, ABalpapapaa, 535, 32983, 27442, 832, , 32983, 25000, 35652, 36165, 0, 
51, 1, 231, 178, -1, 503, 264, 9.8, 23, ABprpppppap, 202, 26548, 14336, 540, , 26548, 25000, 28725, 28742, 0, 
52, 1, 510, 489, -1, 402, 215, 8.7, 22, ABplpapappp, 174, 28032, 14689, 524, , 28032, 25000, 29015, 29282, 0, 
53, 1, 171, 294, -1, 302, 357, 7.0, 26, ABpraappap, 140, 31354, 26714, 852, , 31354, 25000, 32585, 32718, 0, 
54, 1, 248, 208, -1, 456, 142, 12.2, 24, ABplppapppp, 117, 28599, 18761, 656, , 28599, 25000, 28922, 28709, 0, 
55, 1, 208, 341, -1, 339, 274, 5.4, 28, ABarappapap, 113, 38324, 37864, 988, , 38324, 25000, 36224, 37137, 0, 
56, 1, 392, 29, -1, 422, 403, 16.4, 26, ABarppppap, 261, 27790, 23121, 832, , 27790, 25000, 27793, 27806, 0, 
57, 1, 354, 235, -1, 285, 242, 8.3, 24, ABarapapppa, 242, 29409, 20704, 704, , 29409, 25000, 29951, 29966, 0, 
58, 0, -1, -1, -1, 151, 336, 12.9, 23, , 159, 448, 14018, 496, , 28262, 25000, 27807, 27814, 0, 
59, 1, 3, 493, -1, 475, 342, 8.2, 23, ABprppapapp, 183, 27580, 14893, 540, , 27580, 25000, 29058, 29192, 0, 
60, 1, 40, 60, -1, 219, 294, 17.3, 25, ABaraappapa, 89, 28885, 22068, 764, , 28885, 25000, 29078, 29267, 0, 
61, 1, 506, 259, -1, 232, 242, 10.4, 24, ABarapaaaap, 310, 27509, 19256, 700, , 27509, 25000, 28668, 28709, 0, 
62, 1, 44, 59, -1, 207, 337, 13.4, 23, ABpraaapaad, 214, 28095, 17981, 640, , 28095, 25000, 27535, 27602, 0, 
63, 1, 499, 438, -1, 223, 172, 18.2, 24, ABalpppppaa, 231, 29165, 19132, 656, , 29165, 25000, 28271, 28202, 0, 
64, 1, 259, 461, -1, 348, 163, 9.0, 26, ABplpaaaapa, 151, 28464, 24251, 852, , 28464, 25000, 28734, 28596, 0, 
65, 1, 9, 223, -1, 289, 220, 19.0, 24, ABaraapapaa, 443, 28495, 17325, 608, , 28495, 25000, 28417, 28239, 0, 
66, 1, 200, 61, -1, 237, 278, 12.6, 27, ABarapaapa, 267, 27183, 26857, 988, , 27183, 25000, 28092, 28142, 0, 
67, 0, 15, -1, -1, 196, 188, 21.0, 23, , 192, -703, 13898, 512, , 27145, 25000, 27935, 27848, 0, 
68, 1, 378, 386, -1, 199, 174, 11.9, 24, ABalppappap, 294, 27230, 16447, 604, , 27230, 25000, 28372, 28619, 0, 
69, 1, 339, 345, -1, 480, 183, 22.9, 25, Capapaa, 216, 27372, 18832, 688, , 27372, 25000, 28331, 28533, 0, 
70, 1, 64, 108, -1, 226, 351, 16.9, 26, ABpraapappa, 251, 26978, 21582, 800, , 26978, 25000, 28255, 28427, 0, 
71, 1, 430, 32, -1, 601, 255, 16.4, 30, Cpappd, 181, 27275, 31530, 1156, , 27275, 25000, 28645, 28572, 0, 
72, 1, 117, 210, -1, 546, 275, 5.8, 23, ABprpppaapp, 203, 41454, 22385, 540, , 41454, 25000, 37753, 38336, 0, 
73, 1, 500, 248, -1, 261, 177, 15.6, 24, MSapapap, 230, 27199, 19039, 700, , 27199, 25000, 28554, 28556, 0, 
74, 0, 356, -1, -1, 309, 315, 11.9, 22, , 201, 1148, 13376, 464, , 28828, 25000, 27590, 27680, 0, 
75, 1, 179, 95, -1, 199, 134, 19.6, 25, ABplpaapapa, 58, 27171, 22606, 832, , 27171, 25000, 27875, 27878, 0, 
76, 1, 121, 221, -1, 162, 357, 15.1, 23, ABpraapaapa, 263, 27137, 13460, 496, , 27137, 25000, 27698, 27833, 0, 
77, 1, 14, 213, -1, 291, 120, 14.6, 25, ABplaappap, 240, 26989, 22455, 832, , 26989, 25000, 27954, 27814, 0, 
78, 1, 420, 328, -1, 404, 249, 15.5, 30, Ealpa, 302, 28723, 35387, 1232, , 28723, 25000, 30131, 30230, 0, 
79, 1, 285, 283, -1, 213, 308, 8.9, 24, ABprpaaaaaa, 194, 29745, 17966, 604, , 29745, 25000, 28328, 28155, 0, 
80, 1, 441, 289, -1, 406, 168, 14.0, 24, ABplppapaap, 170, 28913, 17579, 608, , 28913, 25000, 28197, 28528, 0, 
81, 1, 230, 103, -1, 209, 216, 21.9, 23, ABplaaaaapa, 200, 26038, 12915, 496, , 26038, 25000, 28841, 28496, 0, 
82, 1, 526, 278, -1, 202, 331, 11.1, 22, ABalaapppap, 175, 26537, 12313, 464, , 26537, 25000, 27466, 27534, 0, 
83, 1, 254, 188, -1, 161, 252, 18.4, 30, MSaaaaaa, 371, 27758, 32088, 1156, , 27758, 25000, 27878, 27949, 0, 
84, 1, 53, 488, -1, 294, 320, 6.1, 23, ABprpaapppp, 207, 31734, 15740, 496, , 31734, 25000, 34959, 35345, 0, 
85, 1, 478, 449, -1, 424, 169, 12.2, 24, ABplppapppa, 169, 26927, 17664, 656, , 26927, 25000, 28625, 28587, 0, 
86, 1, 115, 192, -1, 193, 280, 25.1, 28, ABplaaaapa, 138, 27790, 30236, 1088, , 27790, 25000, 28881, 28860, 0, 
87, 1, 383, 99, -1, 183, 262, 13.0, 23, ABaraaapaaa, 200, 27672, 14168, 512, , 27672, 25000, 27589, 27482, 0, 
88, 1, 342, 275, -1, 264, 136, 21.4, 29, ABalppppppp, 239, 29062, 33596, 1156, , 29062, 25000, 28407, 28459, 0, 
89, 1, 469, 23, -1, 364, 212, 15.1, 26, MSaapapa, 238, 43815, 35052, 800, , 43815, 25000, 31822, 31252, 0, 
90, 1, 388, 358, -1, 509, 383, 15.7, 27, ABarpppppa, 271, 27626, 25526, 924, , 27626, 25000, 28529, 28529, 0, 
91, 1, 74, 127, -1, 353, 130, 14.7, 25, ABplapaapa, 180, 29361, 22432, 764, , 29361, 25000, 28147, 28218, 0, 
92, 1, 6, 282, -1, 518, 297, 9.8, 28, Cppapp, 270, 27552, 28985, 1052, , 27552, 25000, 27840, 27934, 0, 
93, 1, 68, 244, -1, 381, 228, 14.5, 22, MSaapappp, 173, 31693, 16227, 512, , 31693, 25000, 30814, 29706, 0, 
94, 1, 215, 112, -1, 250, 203, 4.9, 24, ABalpapaapp, 194, 38483, 23244, 604, , 38483, 25000, 40197, 40879, 0, 
95, 1, 151, 222, -1, 266, 164, 13.1, 24, ABplpaaappp, 306, 27563, 16648, 604, , 27563, 25000, 28066, 28099, 0, 
96, 1, 298, 414, -1, 406, 335, 26.2, 33, Caaaaa, 330, 28518, 49735, 1744, , 28518, 25000, 28909, 28919, 0, 
97, 1, 417, 343, -1, 323, 400, 19.1, 24, ABarpppaap, 225, 25828, 15600, 604, , 25828, 25000, 27453, 27431, 0, 
98, 1, 164, 90, -1, 231, 331, 14.9, 24, ABpraapapaa, 314, 28399, 17153, 604, , 28399, 25000, 27914, 27895, 0, 
99, 1, 108, 442, -1, 322, 117, 16.4, 27, ABplaapppa, 275, 27696, 27364, 988, , 27696, 25000, 27619, 27555, 0, 
100, 1, 76, 420, -1, 185, 229, 14.4, 23, ABalpaapaaa, 227, 27541, 17626, 640, , 27541, 25000, 27988, 27760, 0, 
101, 1, 180, 76, -1, 454, 227, 15.0, 31, Z3, 304, 27450, 43371, 1580, , 27450, 25000, 28439, 28442, 0, 
102, 1, 127, 292, -1, 254, 396, 16.5, 28, ABarpapppa, 230, 28206, 30463, 1080, , 28206, 25000, 27462, 27306, 0, 
103, 1, 139, 197, -1, 215, 141, 12.3, 25, ABplpaaapaa, 194, 27797, 21237, 764, , 27797, 25000, 27934, 28001, 0, 
104, 1, 226, 113, -1, 482, 376, 11.9, 26, ABprappaap, 182, 26683, 21346, 800, , 26683, 25000, 28606, 28622, 0, 
105, 1, 204, 115, -1, 207, 182, 16.7, 23, ABplpaapaaa, 204, 28135, 16656, 592, , 28135, 25000, 28084, 27935, 0, 
106, 1, 490, 441, -1, 394, 279, 7.8, 22, ABprpapappa, 170, 28554, 14163, 496, , 28554, 25000, 29931, 29628, 0, 
107, 1, 465, 297, -1, 453, 364, 17.5, 27, Cpppaaa, 272, 27911, 25008, 896, , 27911, 25000, 28466, 28462, 0, 
108, 1, 406, 370, -1, 252, 373, 16.3, 26, ABpraapappp, 204, 29116, 24923, 856, , 29116, 25000, 27776, 27772, 0, 
109, 1, 324, 224, -1, 261, 129, 15.0, 23, ABplpaapppa, 184, 27697, 14181, 512, , 27697, 25000, 27740, 27800, 0, 
110, 1, 185, 291, -1, 589, 289, 12.0, 23, ABprapapppa, -234, 28184, 14430, 512, , 28184, 25000, 27908, 27921, 0, 
111, 1, 93, 44, -1, 223, 164, 15.9, 23, ABplpaaaaap, 201, 29780, 14771, 496, , 29780, 25000, 28397, 28413, 0, 
112, 1, 391, 227, -1, 238, 123, 16.9, 24, ABplpaapapp, -16, 25909, 15649, 604, , 25909, 25000, 27644, 27525, 0, 
113, 1, 135, 135, -1, 304, 322, 9.3, 24, ABprppaaaaa, 102, 27517, 19372, 704, , 27517, 25000, 28316, 28399, 0, 
114, 1, 69, 325, -1, 191, 241, 10.5, 22, ABaraaaaapa, 167, 27182, 13917, 512, , 27182, 25000, 28095, 28177, 0, 
115, 1, 91, 63, -1, 401, 174, 19.9, 25, Capaaaa, 254, 27536, 18945, 688, , 27536, 25000, 28076, 28081, 0, 
116, 1, 176, 550, -1, 447, 233, 25.8, 31, Dappp, 340, 27830, 40743, 1464, , 27830, 25000, 28088, 28090, 0, 
117, 1, 57, 146, -1, 158, 267, 10.5, 27, ABalaapaaa, 214, 27593, 24723, 896, , 27593, 25000, 28241, 28184, 0, 
118, 1, 167, 41, -1, 310, 235, 18.9, 25, ABaraapapap, 227, 28567, 19654, 688, , 28567, 25000, 29029, 29034, 0, 
119, 1, 228, 354, -1, 257, 307, 7.9, 24, ABprpaaappa, 241, 30800, 18603, 604, , 30800, 25000, 29806, 30006, 0, 
120, 1, 268, 72, -1, 216, 368, 10.2, 24, ABprpaapapa, 241, 27232, 17864, 656, , 27232, 25000, 27595, 27609, 0, 
121, 1, 409, 417, -1, 260, 292, 15.3, 23, ABaraaapapp, 214, 28015, 16585, 592, , 28015, 25000, 27685, 27867, 0, 
122, 1, 267, 122, -1, 369, 287, 8.7, 23, ABprpapapap, 225, 28436, 16834, 592, , 28436, 25000, 29674, 29729, 0, 
123, 1, 119, 335, -1, 441, 342, 5.8, 23, ABprppapapa, 222, 37663, 20338, 540, , 37663, 25000, 34424, 34529, 0, 
124, 1, 32, 277, -1, 321, 295, 23.1, 23, MSpaaapaa, 230, 26988, 13386, 496, , 26988, 25000, 27917, 28303, 0, 
125, 1, 8, 329, -1, 243, 358, 8.6, 22, ABprpaapapp, 324, 29079, 16633, 572, , 29079, 25000, 28244, 28490, 0, 
126, 1, 156, 136, -1, 291, 222, 6.5, 25, ABarapapapa, 246, 36293, 27873, 768, , 36293, 25000, 35167, 34561, 0, 
127, 1, 320, 48, -1, 462, 263, 22.3, 34, Eplaa, 341, 28180, 53091, 1884, , 28180, 25000, 28065, 28045, 0, 
128, 1, 111, 172, -1, 442, 314, 7.0, 23, ABprppappap, 182, 27693, 14179, 512, , 27693, 25000, 30874, 31094, 0, 
129, 1, 149, 87, -1, 167, 202, 19.5, 29, ABalapaaaa, 121, 27613, 29822, 1080, , 27613, 25000, 27588, 27354, 0, 
130, 1, 7, 260, -1, 248, 347, 10.6, 24, ABprpaapaap, 221, 27606, 19324, 700, , 27606, 25000, 28120, 27966, 0, 
131, 1, 489, 7, -1, 322, 300, 20.4, 26, MSpaaappp, 253, 28060, 23346, 832, , 28060, 25000, 27766, 27775, 0, 
132, 1, 453, 40, -1, 241, 192, 23.6, 25, ABplaapappa, -409, 28607, 23801, 832, , 28607, 25000, 28692, 28698, 0, 
133, 1, 23, 322, -1, 441, 381, 12.2, 25, ABprappaaa, 226, 27920, 19656, 704, , 27920, 25000, 28067, 28132, 0, 
134, 1, 177, 344, -1, 255, 246, 10.8, 24, ABarapapaap, 200, 27617, 18117, 656, , 27617, 25000, 28194, 28339, 0, 
135, 1, 360, 228, -1, 353, 162, 17.2, 24, Daapp, 186, 27492, 18035, 656, , 27492, 25000, 29028, 29107, 0, 
136, 1, 319, 521, -1, 365, 172, 19.5, 25, Dapaa, 135, 27198, 20888, 768, , 27198, 25000, 28447, 28500, 0, 
137, 1, 253, 34, -1, 446, 129, 20.0, 28, ABplappaap, 100, 28342, 31970, 1128, , 28342, 25000, 28111, 28084, 0, 
138, 1, 31, 218, -1, 231, 143, 18.1, 24, ABplpaapaap, 324, 28139, 16996, 604, , 28139, 25000, 28037, 28112, 0, 
139, 1, 481, 338, -1, 517, 192, 9.6, 25, Cappppv, 181, 27385, 22784, 832, , 27385, 25000, 28604, 28717, 0, 
140, 1, 511, 502, -1, 169, 245, 22.0, 23, ABalapapapp, 206, 27238, 13946, 512, , 27238, 25000, 27914, 28015, 0, 
141, 1, 155, 246, -1, 114, 219, 13.0, 24, ABalaaaarla, 157, 26155, 15902, 608, , 26155, 25000, 27433, 27315, 0, 
142, 1, 284, 5, -1, 134, 309, 21.3, 25, ABarpaaapaa, 215, 26657, 20366, 764, , 26657, 25000, 27361, 27353, 0, 
143, 1, 159, 114, -1, 228, 300, 22.5, 26, MSpaaaaaa, 242, 29650, 26566, 896, , 29650, 25000, 28530, 28556, 0, 
144, 1, 411, 253, -1, 574, 189, 9.5, 24, Caappv, 225, 26704, 20509, 768, , 26704, 25000, 28040, 27822, 0, 
145, 1, 73, 137, -1, 219, 305, 11.1, 24, ABprpaapaaa, 238, 27675, 16716, 604, , 27675, 25000, 27860, 27926, 0, 
146, 1, 96, 38, -1, 129, 219, 22.4, 25, ABplaapaaap, 287, 30608, 25466, 832, , 30608, 25000, 28143, 28107, 0, 
147, 1, 30, 457, -1, 368, 267, 25.9, 32, Cpaaaa, 325, 28391, 44745, 1576, , 28391, 25000, 28672, 28709, 0, 
148, 1, 243, 216, -1, 422, 148, 14.2, 24, ABplppapapa, -168, 28081, 18421, 656, , 28081, 25000, 29375, 29737, 0, 
149, 1, 514, 189, -1, 201, 194, 13.9, 24, MSapaaaa, 166, 27975, 16897, 604, , 27975, 25000, 28145, 28260, 0, 
150, 1, 247, 204, -1, 304, 143, 20.0, 24, ABplpaappap, 195, 29495, 17933, 608, , 29495, 25000, 29629, 29666, 0, 
151, 1, 330, 405, -1, 276, 278, 6.2, 23, ABarapppppp, 224, 31070, 16778, 540, , 31070, 25000, 35140, 35130, 0, 
152, 1, 522, 479, -1, 184, 171, 15.8, 20, ABalapaapaa, 48, 27371, 10839, 396, , 27371, 25000, 28116, 28329, 0, 
153, 1, 20, 448, -1, 543, 264, 8.3, 22, ABprapppapp, 226, 27777, 14555, 524, , 27777, 25000, 28859, 28457, 0, 
154, 1, 43, 380, -1, 215, 351, 7.5, 25, ABpraaaapad, -26, 29337, 22531, 768, , 29337, 25000, 31255, 31232, 0, 
155, 1, 280, 490, -1, 245, 167, 9.2, 23, ABalppapppp, 63, 28270, 15266, 540, , 28270, 25000, 28522, 28674, 0, 
156, 1, 309, 132, -1, 220, 328, 6.2, 23, ABpraaaaaap, 191, 33850, 18279, 540, , 33850, 25000, 37691, 38828, 0, 
157, 1, 542, 569, -1, 232, 285, 15.2, 24, ABaraaapapa, 136, 28691, 18821, 656, , 28691, 25000, 27815, 27777, 0, 
158, 1, 459, 16, -1, 468, 397, 16.9, 28, ABprappapa, 270, 28158, 30636, 1088, , 28158, 25000, 28174, 28159, 0, 
159, 1, 235, 276, -1, 445, 196, 9.2, 23, ABplppppaaa, 36, 29019, 15670, 540, , 29019, 25000, 28807, 28898, 0, 
160, 1, 410, 355, -1, 195, 138, 13.3, 23, ABalpppaaap, -218, 26554, 15720, 592, , 26554, 25000, 27745, 27748, 0, 
161, 1, 470, 530, -1, 367, 171, 11.7, 23, ABalpapappp, 196, 28900, 17109, 592, , 28900, 25000, 28161, 28380, 0, 
162, 1, 316, 400, -1, 256, 176, 21.3, 26, ABplaapapap, 382, 30499, 26107, 856, , 30499, 25000, 28486, 28633, 0, 
163, 1, 10, 180, -1, 245, 239, 20.8, 27, ABaraapaapp, 282, 27488, 23860, 868, , 27488, 25000, 27757, 28036, 0, 
164, 1, 120, 416, -1, 384, 188, 12.4, 23, ABplppappaa, -160, 27538, 17624, 640, , 27538, 25000, 28036, 28191, 0, 
165, 1, 240, 411, -1, 374, 354, 13.9, 23, Dppaa, 206, 28494, 14133, 496, , 28494, 25000, 29943, 29954, 0, 
166, 1, 18, 17, -1, 195, 280, 17.6, 24, ABaraappaap, 147, 29263, 20484, 700, , 29263, 25000, 28462, 28134, 0, 
167, 1, 142, 365, -1, 299, 211, 24.6, 26, ABplapaaaap, 226, 28200, 23462, 832, , 28200, 25000, 27976, 27990, 0, 
168, 1, 486, 369, -1, 161, 317, 24.9, 25, ABarpapapa, -116, 28028, 19283, 688, , 28028, 25000, 28471, 28560, 0, 
169, 1, 183, 315, -1, 174, 145, 18.1, 24, ABalpppaapv, 214, 27045, 16335, 604, , 27045, 25000, 27329, 27322, 0, 
170, 1, 109, 130, -1, 464, 127, 16.8, 26, ABplappapp, 242, 28734, 22872, 796, , 28734, 25000, 28575, 28554, 0, 
171, 1, 416, 194, -1, 565, 303, 10.6, 27, ABprapppaa, 17, 27996, 27660, 988, , 27996, 25000, 28193, 28337, 0, 
172, 1, 21, 426, -1, 140, 242, 23.1, 26, ABplaaaaaaa, 85, 29039, 23231, 800, , 29039, 25000, 28758, 28617, 0, 
173, 1, 239, 166, -1, 447, 150, 14.7, 23, ABplppapapp, 155, 30975, 18337, 592, , 30975, 25000, 28786, 28913, 0, 
174, 1, 331, 313, -1, 478, 179, 15.5, 26, ABplpppppaa, 223, 26666, 23893, 896, , 26666, 25000, 28921, 29087, 0, 
175, 1, 299, 419, -1, 281, 317, 8.8, 23, ABprpaaappp, 381, 27778, 15000, 540, , 27778, 25000, 28506, 28603, 0, 
176, 0, 297, -1, -1, 534, 229, 5.6, 24, , 224, 1698, 28815, 700, , 41164, 25000, 39810, 39466, 0, 
177, 1, 110, 2, -1, 288, 397, 17.1, 25, ABarpapppp, 62, 26663, 18344, 688, , 26663, 25000, 27510, 27507, 0, 
178, 0, 346, -1, -1, 335, 201, 7.3, 22, , 170, -1368, 15974, 524, , 30485, 25000, 31610, 31853, 0, 
179, 1, 104, 372, -1, 121, 247, 11.2, 24, ABalaaaarra, 190, 28285, 18555, 656, , 28285, 25000, 27688, 27710, 0, 
180, 1, 305, 455, -1, 339, 347, 22.0, 24, MSpppppp, 250, 27686, 16833, 608, , 27686, 25000, 28500, 28535, 0, 
181, 1, 54, 80, -1, 201, 209, 10.5, 23, ABalpaaaaaa, 209, 26119, 16507, 632, , 26119, 25000, 28630, 28819, 0, 
182, 1, 379, 273, -1, 263, 246, 6.2, 23, ABarappaaap, 38, 33985, 18352, 540, , 33985, 25000, 35319, 35470, 0, 
183, 1, 193, 101, -1, 523, 269, 6.3, 24, ABprpppaapa, 108, 33149, 23337, 704, , 33149, 25000, 34876, 34407, 0, 
184, 1, 407, 52, -1, 202, 142, 16.1, 24, ABalpppapav, 40, 27925, 16867, 604, , 27925, 25000, 27857, 27630, 0, 
185, 1, 359, 266, -1, 241, 319, 10.1, 22, ABprpaaaaap, 312, 28567, 13255, 464, , 28567, 25000, 28359, 28550, 0, 
186, 1, 482, 487, -1, 351, 168, 25.3, 28, ABarppapaa, 284, 28092, 29890, 1064, , 28092, 25000, 29355, 29306, 0, 
187, 1, 404, 107, -1, 318, 273, 10.2, 23, MSpapaaaa, 232, 31520, 17021, 540, , 31520, 25000, 29652, 29503, 0, 
188, 1, 106, 492, -1, 501, 347, 21.4, 26, Cpppaap, 246, 28436, 23659, 832, , 28436, 25000, 28422, 28382, 0, 
189, 1, 114, 86, -1, 272, 271, 11.1, 26, ABarapappa, 214, 27974, 22379, 800, , 27974, 25000, 28136, 28233, 0, 
190, 1, 384, 361, -1, 564, 284, 13.7, 25, Cpppapp, 240, 26982, 20614, 764, , 26982, 25000, 28528, 28557, 0, 
191, 1, 145, 67, -1, 315, 307, 15.4, 25, ABaraapppap, 255, 27958, 23261, 832, , 27958, 25000, 28967, 29081, 0, 
192, 1, 386, 143, -1, 116, 241, 15.7, 24, ABalaaaparr, 95, 28645, 20166, 704, , 28645, 25000, 27632, 27614, 0, 
193, 1, 358, 470, -1, 278, 332, 25.6, 31, ABarpaappa, 275, 28978, 38599, 1332, , 28978, 25000, 29356, 29209, 0, 
194, 1, 436, 250, -1, 198, 314, 15.3, 24, MSppaaap, 202, 27763, 19545, 704, , 27763, 25000, 28267, 28272, 0, 
195, 1, 445, 505, -1, 269, 299, 4.9, 22, ABalaapappp, 161, 38789, 17998, 464, , 38789, 25000, 37860, 37874, 0, 
196, 1, 474, 255, -1, 378, 313, 8.5, 24, ABprppaapap, 106, 29026, 22292, 768, , 29026, 25000, 29684, 29699, 0, 
197, 1, 124, 454, -1, 531, 174, 21.2, 26, Capapap, 256, 29241, 23276, 796, , 29241, 25000, 28962, 29020, 0, 
198, 1, 539, 360, -1, 284, 339, 21.8, 22, MSpppppa, 215, 27792, 13785, 496, , 27792, 25000, 28382, 28459, 0, 
199, 1, 217, 153, -1, 244, 286, 6.4, 23, ABarapppppa, 116, 33480, 21427, 640, , 33480, 25000, 33805, 33390, 0, 
200, 1, 317, 331, -1, 343, 379, 15.5, 25, ABprapaaapa, 220, 29137, 22377, 768, , 29137, 25000, 28656, 28648, 0, 
201, 1, 523, 183, -1, 264, 150, 18.6, 23, ABplpaappaa, 231, 27497, 17598, 640, , 27497, 25000, 28888, 29042, 0, 
202, 1, 304, 353, -1, 524, 222, 17.3, 33, Eplpa, 319, 29761, 51665, 1736, , 29761, 25000, 30107, 30285, 0, 
203, 1, 61, 154, -1, 495, 262, 26.0, 34, Cpaapa, 319, 29129, 58025, 1992, , 29129, 25000, 28856, 28858, 0, 
204, 0, 281, -1, -1, 167, 303, 6.9, 23, , 238, -1190, 16543, 496, , 33353, 25000, 34289, 34543, 0, 
205, 1, 274, 406, -1, 501, 111, 12.7, 27, ABplapappa, 244, 27575, 25479, 924, , 27575, 25000, 27691, 27725, 0, 
206, 1, 101, 207, -1, 226, 335, 25.1, 27, ABarpapapp, 269, 28877, 26220, 908, , 28877, 25000, 28912, 28808, 0, 
207, 1, 501, 93, -1, 248, 165, 19.5, 24, ABalpppppap, 206, 28034, 21530, 768, , 28034, 25000, 28962, 29102, 0, 
208, 1, 387, 323, -1, 446, 300, 20.1, 32, Epraa, 319, 28623, 45110, 1576, , 28623, 25000, 28388, 28464, 0, 
209, 0, 131, -1, -1, 340, 333, 4.6, 23, , 147, 4409, 28363, 640, , 44317, 25000, 39788, 39908, 0, 
210, 1, 77, 495, -1, 215, 190, 7.5, 24, ABalpapaaaa, 37, 29776, 22868, 768, , 29776, 25000, 31622, 32628, 0, 
211, 1, 182, 471, -1, 377, 190, 24.4, 28, ABarppaapp, 271, 28660, 28316, 988, , 28660, 25000, 28584, 28700, 0, 
212, 1, 463, 293, -1, 479, 297, 20.2, 30, Earpp, 215, 28073, 37057, 1320, , 28073, 25000, 28765, 28903, 0, 
213, 1, 414, 150, -1, 263, 314, 21.9, 25, MSpaaaaap, 196, 27868, 19173, 688, , 27868, 25000, 28350, 28249, 0, 
214, 1, 444, 147, -1, 505, 306, 5.4, 25, ABprppapppp, 170, 38014, 31628, 832, , 38014, 25000, 39199, 39161, 0, 
215, 1, 37, 69, -1, 254, 136, 10.2, 23, ABalppaappp, 225, 27270, 14726, 540, , 27270, 25000, 27706, 27811, 0, 
216, 1, 498, 469, -1, 518, 163, 10.8, 22, ABplapppapp, 87, 27444, 13612, 496, , 27444, 25000, 27783, 27896, 0, 
217, 1, 294, 340, -1, 237, 162, 13.0, 24, ABplpaaappa, 236, 28906, 17575, 608, , 28906, 25000, 27973, 28036, 0, 
218, 0, 491, -1, -1, 200, 289, 20.4, 24, , 72, 986, 20535, 700, , 29336, 25000, 28264, 28350, 0, 
219, 1, 255, 318, -1, 378, 278, 11.3, 26, MSpapapa, 263, 47067, 40289, 856, , 47067, 25000, 31437, 31267, 0, 
220, 1, 479, 131, -1, 186, 169, 23.2, 25, ABplaapaapp, -171, 28589, 20127, 704, , 28589, 25000, 28965, 29206, 0, 
221, 1, 400, 443, -1, 481, 331, 15.0, 24, MSpppaap, 192, 27770, 16884, 608, , 27770, 25000, 28223, 28243, 0, 
222, 1, 13, 79, -1, 367, 297, 4.9, 23, ABprpaaaapa, 198, 38724, 19207, 496, , 38724, 25000, 36355, 36365, 0, 
223, 1, 448, 516, -1, 305, 249, 24.2, 25, MSappppa, 255, 28105, 19786, 704, , 28105, 25000, 28161, 28150, 0, 
224, 1, 323, 242, -1, 253, 336, 6.6, 24, ABprpaaapap, 63, 31757, 22230, 700, , 31757, 25000, 34435, 35425, 0, 
225, 1, 245, 309, -1, 486, 152, 13.2, 28, Capapp, 34, 27214, 28629, 1052, , 27214, 25000, 28401, 28424, 0, 
226, 1, 381, 330, -1, 300, 251, 10.3, 25, ABarapapppp, 80, 28077, 21451, 764, , 28077, 25000, 29427, 29371, 0, 
227, 1, 372, 215, -1, 343, 289, 21.8, 24, MSpaaapap, 164, 27271, 17890, 656, , 27271, 25000, 28243, 28416, 0, 
228, 1, 318, 238, -1, 555, 314, 20.5, 31, Cppppaa, 259, 28348, 34925, 1232, , 28348, 25000, 28311, 28325, 0, 
229, 1, 232, 45, -1, 300, 248, 15.3, 24, ABaraapappp, 185, 27996, 19709, 704, , 27996, 25000, 28670, 28808, 0, 
230, 1, 178, 21, -1, 366, 355, 7.5, 26, ABprapaapa, 412, 27585, 24716, 896, , 27585, 25000, 30351, 30469, 0, 
231, 1, 454, 65, -1, 430, 362, 21.1, 29, Dpppp, 261, 27670, 33425, 1208, , 27670, 25000, 28322, 28323, 0, 
232, 1, 203, 280, -1, 409, 385, 11.2, 25, ABprapaapp, 19, 27438, 19316, 704, , 27438, 25000, 27754, 27796, 0, 
233, 1, 12, 139, -1, 225, 232, 24.4, 26, MSapappa, 347, 28362, 23597, 832, , 28362, 25000, 28495, 28247, 0, 
234, 1, 65, 128, -1, 392, 133, 18.9, 27, ABplapaapp, -216, 27474, 24946, 908, , 27474, 25000, 27659, 27562, 0, 
235, 1, 72, 545, -1, 359, 193, 11.1, 22, ABplpapapap, 161, 26972, 12515, 464, , 26972, 25000, 28829, 29075, 0, 
236, 0, 80, -1, -1, 162, 269, 21.1, 24, , 199, 689, 17294, 604, , 28632, 25000, 27863, 27943, 0, 
237, 1, 265, 91, -1, 161, 180, 24.1, 25, ABplaapaapa, 216, 26718, 18382, 688, , 26718, 25000, 28233, 28295, 0, 
238, 1, 310, 179, -1, 511, 252, 5.0, 24, ABprpppapaa, 208, 37998, 23103, 608, , 37998, 25000, 37789, 38203, 0, 
239, 1, 113, 357, -1, 263, 213, 9.8, 24, ABalpappppa, 242, 27334, 17931, 656, , 27334, 25000, 28234, 28217, 0, 
240, 1, 86, 408, -1, 278, 177, 9.0, 22, ABplpapaaaa, 194, 27703, 10638, 384, , 27703, 25000, 29418, 29622, 0, 
241, 1, 419, 118, -1, 505, 161, 17.3, 26, Capaapp, 255, 27961, 23935, 856, , 27961, 25000, 29771, 29840, 0, 
242, 1, 521, 404, -1, 336, 187, 10.7, 22, ABplpapapaa, 174, 28227, 14791, 524, , 28227, 25000, 28901, 29172, 0, 
243, 0, 51, -1, -1, 280, 295, 9.9, 22, , 182, 681, 13248, 464, , 28552, 25000, 27910, 27871, 0, 
244, 0, 224, -1, -1, 354, 118, 17.7, 22, , 226, 1399, 15974, 524, , 30485, 25000, 29044, 29086, 0, 
245, 1, 256, 464, -1, 277, 323, 18.4, 22, MSpaapaaa, 178, 29306, 16763, 572, , 29306, 25000, 29347, 29374, 0, 
246, 1, 250, 351, -1, 452, 173, 13.3, 23, MSpappaa, 134, 28617, 16941, 592, , 28617, 25000, 28801, 28572, 0, 
247, 1, 102, 168, -1, 187, 369, 18.0, 24, ABarpappaa, 188, 29637, 18019, 608, , 29637, 25000, 28250, 28453, 0, 
248, 1, 462, 301, -1, 227, 168, 10.7, 24, ABalppapppa, 226, 28284, 19912, 704, , 28284, 25000, 27749, 27615, 0, 
249, 1, 270, 395, -1, 191, 326, 24.8, 25, ABarpaapaa, 195, 29626, 20857, 704, , 29626, 25000, 28889, 28964, 0, 
250, 1, 260, 356, -1, 359, 264, 8.4, 24, ABprpapppaa, 20, 29537, 20676, 700, , 29537, 25000, 29911, 30242, 0, 
251, 1, 423, 367, -1, 523, 238, 8.6, 25, Cpppppv, 20, 28859, 24011, 832, , 28859, 25000, 28998, 29188, 0, 
252, 1, 225, 287, -1, 190, 273, 15.9, 26, ABaraappaaa, 262, 28486, 22789, 800, , 28486, 25000, 28311, 28149, 0, 
253, 1, 105, 288, -1, 315, 376, 17.7, 24, ABprapaaaaa, 292, 27422, 19305, 704, , 27422, 25000, 27604, 27755, 0, 
254, 1, 286, 302, -1, 538, 162, 15.6, 26, Cappapp, 224, 27809, 23137, 832, , 27809, 25000, 28496, 28498, 0, 
255, 1, 244, 346, -1, 547, 323, 15.5, 27, Cpppapa, 235, 27132, 24310, 896, , 27132, 25000, 29155, 29201, 0, 
256, 1, 60, 14, -1, 181, 176, 9.4, 23, ABalppapaaa, 198, 27947, 17886, 640, , 27947, 25000, 27914, 28144, 0, 
257, 1, 376, 271, -1, 163, 171, 10.9, 22, ABalaaaalpp, 150, 26784, 12428, 464, , 26784, 25000, 27768, 27740, 0, 
258, 1, 293, 75, -1, 258, 353, 14.5, 24, ABpraapapap, 208, 27465, 21093, 768, , 27465, 25000, 28230, 28288, 0, 
259, 1, 517, 333, -1, 247, 329, 12.9, 22, ABpraaappaa, 171, 27228, 12634, 464, , 27228, 25000, 27443, 27164, 0, 
260, 1, 234, 376, -1, 317, 323, 18.4, 23, MSpaapaap, 187, 26763, 17128, 640, , 26763, 25000, 27955, 28034, 0, 
261, 1, 365, 378, -1, 349, 359, 18.9, 25, Dpaap, 179, 27948, 19228, 688, , 27948, 25000, 28648, 28655, 0, 
262, 1, 148, 308, -1, 426, 215, 8.0, 23, ABplpapppaa, 224, 28387, 14534, 512, , 28387, 25000, 29617, 29534, 0, 
263, 1, 112, 18, -1, 389, 292, 5.9, 23, ABarappappa, 215, 36581, 18144, 496, , 36581, 25000, 34191, 34080, 0, 
264, 1, 192, 499, -1, 497, 250, 21.7, 26, Ealpp, 213, 27528, 23564, 856, , 27528, 25000, 28649, 28622, 0, 
265, 1, 544, 102, -1, 540, 188, 25.8, 28, Cpaapp, 218, 28561, 30046, 1052, , 28561, 25000, 28257, 28299, 0, 
266, 1, 222, 437, -1, 288, 269, 13.9, 23, ABarapaappp, -165, 27591, 13685, 496, , 27591, 25000, 27344, 27411, 0, 
267, 1, 497, 430, -1, 354, 281, 7.1, 21, ABprpapapaa, 159, 29644, 10316, 348, , 29644, 25000, 31941, 31076, 0, 
268, 1, 345, 434, -1, 145, 208, 14.3, 25, ABalaaaala, 247, 27484, 20998, 764, , 27484, 25000, 28133, 28221, 0, 
269, 1, 35, 173, -1, 344, 151, 21.3, 26, ABplapaaapp, 203, 27738, 23744, 856, , 27738, 25000, 28611, 28807, 0, 
270, 1, 46, 78, -1, 231, 188, 20.1, 23, ABplaapapaa, 20, 27502, 13641, 496, , 27502, 25000, 29541, 29557, 0, 
271, 1, 452, 524, -1, 255, 224, 4.7, 24, ABarappaapa, 190, 35534, 25016, 704, , 35534, 25000, 37297, 37381, 0, 
272, 1, 5, 169, -1, 191, 270, 6.5, 23, ABarapppaaa, 237, 32839, 20754, 632, , 32839, 25000, 35250, 35299, 0, 
273, 1, 442, 279, -1, 129, 195, 11.9, 22, ABalaaaalpa, 165, 26666, 12373, 464, , 26666, 25000, 27261, 27182, 0, 
274, 1, 126, 133, -1, 600, 233, 12.7, 28, Caappd, -176, 26779, 28493, 1064, , 26779, 25000, 28075, 28113, 0, 
275, 1, 282, 142, -1, 112, 206, 16.8, 25, ABalaaaparl, 202, 29072, 20467, 704, , 29072, 25000, 27718, 27425, 0, 
276, 1, 432, 258, -1, 350, 248, 21.6, 27, MSaaappp, -119, 28170, 27832, 988, , 28170, 25000, 28640, 28693, 0, 
277, 0, 22, -1, -1, 213, 165, 22.2, 23, , 204, -2053, 14555, 540, , 26954, 25000, 28852, 29007, 0, 
278, 1, 312, 19, -1, 161, 211, 23.6, 23, ABalapapppa, 197, 28052, 17953, 640, , 28052, 25000, 28602, 28834, 0, 
279, 1, 451, 243, -1, 530, 121, 17.9, 26, ABarppappp, 259, 27283, 21826, 800, , 27283, 25000, 27870, 27856, 0, 
280, 1, 477, 435, -1, 451, 196, 23.7, 27, Cappaaa, 241, 27672, 25569, 924, , 27672, 25000, 28211, 28143, 0, 
281, 0, -1, -1, -1, 159, 314, 15.8, 23, , 229, -48, 14862, 540, , 27522, 25000, 27603, 27570, 0, 
282, 1, 152, 155, -1, 301, 228, 4.7, 24, ABarappaapp, 195, 39798, 28018, 704, , 39798, 25000, 38411, 38074, 0, 
283, 1, 450, 12, -1, 470, 264, 5.5, 25, ABprppppapa, 215, 34229, 26288, 768, , 34229, 25000, 34903, 35515, 0, 
284, 1, 163, 394, -1, 504, 213, 13.8, 32, Eplpp, 168, 27864, 44805, 1608, , 27864, 25000, 29379, 29384, 0, 
285, 1, 16, 176, -1, 164, 155, 21.3, 24, ABalpppaapd, 197, 28513, 20073, 704, , 28513, 25000, 27790, 27588, 0, 
286, 1, 361, 467, -1, 223, 340, 21.6, 26, MSppappp, 39, 28196, 23459, 832, , 28196, 25000, 28265, 28197, 0, 
287, 1, 427, 446, -1, 359, 235, 11.2, 24, MSaappaa, 189, 27771, 18218, 656, , 27771, 25000, 29513, 29540, 0, 
288, 1, 396, 424, -1, 544, 220, 9.5, 24, Caapap, 199, 28219, 21672, 768, , 28219, 25000, 29282, 29371, 0, 
289, 1, 195, 262, -1, 469, 357, 14.5, 26, Cppaaap, 246, 28722, 25735, 896, , 28722, 25000, 28544, 28514, 0, 
290, 1, 283, 513, -1, 111, 268, 14.7, 22, ABalaaappll, 168, 26969, 14132, 524, , 26969, 25000, 27799, 27665, 0, 
291, 1, 100, 459, -1, 436, 158, 24.6, 29, ABplappapa, 11, 28770, 33258, 1156, , 28770, 25000, 28323, 28313, 0, 
292, 0, 579, -1, -1, 163, 303, 13.9, 22, , 195, -1498, 12297, 464, , 26502, 25000, 28063, 28000, 0, 
293, 1, 78, 240, -1, 463, 168, 20.3, 31, Capaapa, 311, 27969, 38262, 1368, , 27969, 25000, 28624, 28639, 0, 
294, 1, 397, 129, -1, 426, 265, 20.1, 30, Ealap, 300, 28996, 39318, 1356, , 28996, 25000, 28889, 28893, 0, 
295, 0, 199, -1, -1, 209, 365, 13.0, 24, , 194, -589, 16754, 608, , 27556, 25000, 28086, 28145, 0, 
296, 1, 189, 350, -1, 412, 329, 8.4, 24, ABprppapaaa, 215, 27483, 19238, 700, , 27483, 25000, 28469, 28730, 0, 
297, 1, 136, 100, -1, 367, 404, 17.5, 26, ABarppppaa, 265, 28279, 25338, 896, , 28279, 25000, 27704, 27634, 0, 
298, 1, 67, 187, -1, 201, 274, 13.7, 23, ABaraaapaap, 191, 28172, 16678, 592, , 28172, 25000, 28001, 28066, 0, 
299, 1, 56, 307, -1, 460, 175, 7.9, 24, ABplppppapa, 213, 29118, 17587, 604, , 29118, 25000, 29020, 29137, 0, 
300, 1, 249, 312, -1, 342, 290, 13.0, 25, MSpapaapa, 212, 32462, 24801, 764, , 32462, 25000, 30083, 29790, 0, 
301, 1, 398, 110, -1, 407, 292, 14.9, 30, Earpa, 283, 28080, 38077, 1356, , 28080, 25000, 29517, 29491, 0, 
302, 1, 144, 11, -1, 176, 245, 16.1, 24, ABaraapaaaa, 200, 26871, 16230, 604, , 26871, 25000, 27819, 27620, 0, 
303, 1, 169, 70, -1, 517, 137, 22.2, 29, ABplapapaa, 298, 28301, 31471, 1112, , 28301, 25000, 28403, 28410, 0, 
304, 1, 566, 514, -1, 521, 201, 5.2, 25, ABprpppapap, 208, 42699, 30060, 704, , 42699, 25000, 40682, 41112, 0, 
305, 1, 251, 88, -1, 475, 196, 7.0, 23, ABplppppapp, -230, 29195, 14948, 512, , 29195, 25000, 30620, 30493, 0, 
306, 1, 82, 81, -1, 486, 242, 6.6, 24, ABprppppapp, 186, 31809, 22266, 700, , 31809, 25000, 33309, 34082, 0, 
307, 1, 507, 447, -1, 307, 175, 10.3, 22, ABplpapaaap, 173, 26506, 13889, 524, , 26506, 25000, 29625, 29929, 0, 
308, 1, 262, 245, -1, 490, 297, 11.3, 26, ABprpppppaa, 114, 27839, 23830, 856, , 27839, 25000, 28758, 28896, 0, 
309, 1, 315, 474, -1, 142, 233, 14.9, 23, ABalaaaarlp, 369, 28159, 13967, 496, , 28159, 25000, 27913, 28145, 0, 
310, 1, 94, 109, -1, 205, 171, 7.9, 23, ABalppapaap, 367, 28841, 14305, 496, , 28841, 25000, 30640, 31186, 0, 
311, 1, 25, 50, -1, 394, 193, 8.9, 23, ABplppaappa, 477, 27363, 13572, 496, , 27363, 25000, 28297, 28337, 0, 
312, 1, 143, 324, -1, 570, 190, 17.4, 25, Capppap, 169, 27805, 23134, 832, , 27805, 25000, 28265, 28279, 0, 
313, 0, 209, -1, -1, 555, 128, 15.1, 23, , 228, -241, 13736, 496, , 27694, 25000, 27930, 27935, 0, 
314, 0, 541, -1, -1, 498, 194, 7.9, 22, , 201, 1241, 14295, 464, , 30808, 25000, 29614, 29567, 0, 
315, 1, 367, 261, -1, 438, 247, 6.5, 23, ABplpapppap, 218, 29677, 18756, 632, , 29677, 25000, 32254, 32483, 0, 
316, 1, 24, 410, -1, 394, 392, 18.9, 29, ABarpppapp, 270, 28126, 33976, 1208, , 28126, 25000, 28587, 28519, 0, 
317, 1, 11, 256, -1, 274, 354, 18.7, 23, MSppppap, 207, 27988, 16569, 592, , 27988, 25000, 28788, 28789, 0, 
318, 1, 488, 198, -1, 392, 161, 25.4, 29, ABarppapap, 217, 28284, 32696, 1156, , 28284, 25000, 28821, 28927, 0, 
319, 1, 213, 363, -1, 373, 380, 15.6, 24, ABprapaaapp, 337, 28849, 20194, 700, , 28849, 25000, 29047, 29136, 0, 
320, 1, 405, 298, -1, 293, 371, 15.2, 25, ABpraaapppa, -39, 28382, 19981, 704, , 28382, 25000, 28197, 28214, 0, 
321, 1, 219, 175, -1, 263, 290, 23.3, 24, MSaaaapaa, 203, 27946, 19674, 704, , 27946, 25000, 28577, 28440, 0, 
322, 1, 207, 39, -1, 382, 149, 13.9, 23, ABplppapaaa, 64, 28984, 14376, 496, , 28984, 25000, 28607, 28598, 0, 
323, 1, 349, 254, -1, 291, 304, 20.5, 25, MSpaaappa, 191, 28375, 21792, 768, , 28375, 25000, 28758, 28826, 0, 
324, 1, 429, 413, -1, 437, 303, 26.2, 34, Cpaaap, 323, 28273, 54058, 1912, , 28273, 25000, 28641, 28686, 0, 
325, 1, 90, 463, -1, 421, 143, 19.2, 27, ABplappaaa, 215, 28340, 24599, 868, , 28340, 25000, 28275, 28378, 0, 
326, 1, 252, 200, -1, 171, 182, 13.5, 23, ABalppappaa, 98, 28108, 17764, 632, , 28108, 25000, 27858, 27930, 0, 
327, 1, 332, 436, -1, 281, 384, 12.1, 28, ABpraaapppp, -16, 27407, 29819, 1088, , 27407, 25000, 28152, 28088, 0, 
328, 1, 525, 412, -1, 212, 206, 8.7, 22, ABalpaaaapa, 163, 28519, 14944, 524, , 28519, 25000, 28837, 29366, 0, 
329, 1, 306, 199, -1, 134, 330, 17.6, 25, ABpraapaaap, -502, 28082, 23364, 832, , 28082, 25000, 27394, 27091, 0, 
330, 1, 49, 476, -1, 172, 338, 20.0, 24, ABarpapaaap, -519, 28959, 17607, 608, , 28959, 25000, 27876, 28162, 0, 
331, 1, 220, 94, -1, 302, 262, 5.4, 25, ABarappapaa, 409, 41132, 34222, 832, , 41132, 25000, 36629, 36754, 0, 
332, 1, 390, 82, -1, 161, 196, 9.6, 23, ABalpaapppp, 8, 26653, 17058, 640, , 26653, 25000, 28020, 28232, 0, 
333, 1, 493, 27, -1, 194, 155, 18.4, 22, ABalapaapap, 167, 28346, 16214, 572, , 28346, 25000, 27921, 27861, 0, 
334, 1, 290, 164, -1, 185, 364, 15.1, 25, ABpraapaapp, -201, 27254, 18751, 688, , 27254, 25000, 28495, 28719, 0, 
335, 1, 311, 125, -1, 413, 301, 18.7, 31, Earap, 292, 28669, 39219, 1368, , 28669, 25000, 29057, 29104, 0, 
336, 1, 476, 219, -1, 146, 288, 16.5, 24, ABalapppaap, 216, 26866, 20633, 768, , 26866, 25000, 28009, 28156, 0, 
337, 1, 218, 374, -1, 280, 235, 16.5, 23, ABalpaaappp, 187, 28699, 18138, 632, , 28699, 25000, 28731, 28569, 0, 
338, 1, 257, 74, -1, 387, 362, 22.3, 30, Dpppa, 116, 28589, 37395, 1308, , 28589, 25000, 28750, 28752, 0, 
339, 1, 58, 24, -1, 133, 195, 19.1, 24, ABalapaaapa, 215, 27012, 16315, 604, , 27012, 25000, 27954, 28002, 0, 
340, 1, 337, 13, -1, 433, 275, 5.7, 24, ABprppaappp, -119, 36374, 25607, 704, , 36374, 25000, 35233, 35038, 0, 
341, 1, 483, 316, -1, 218, 254, 6.3, 25, ABarappaaaa, 235, 35648, 27235, 764, , 35648, 25000, 34619, 34439, 0, 
342, 1, 307, 26, -1, 112, 236, 19.7, 25, ABplaapaaaa, 187, 27493, 21005, 764, , 27493, 25000, 27193, 27175, 0, 
343, 1, 273, 508, -1, 214, 188, 23.0, 22, ABalpppappp, 186, 27599, 10598, 384, , 27599, 25000, 27824, 27948, 0, 
344, 1, 137, 119, -1, 376, 202, 9.5, 22, ABplpapappa, 162, 27770, 14218, 512, , 27770, 25000, 28596, 28770, 0, 
345, 1, 229, 377, -1, 231, 196, 26.4, 29, ABplaaappa, 119, 29281, 33849, 1156, , 29281, 25000, 29403, 29388, 0, 
346, 1, 425, 520, -1, 285, 214, 14.0, 24, ABalpapppap, 178, 28104, 17087, 608, , 28104, 25000, 28204, 28160, 0, 
347, 1, 481, 368, -1, 539, 193, 12.0, 25, Cappppd, 222, 28692, 21921, 764, , 28692, 25000, 28769, 28771, 0, 
348, 1, 168, 165, -1, 280, 231, 25.9, 25, ABarppaaaa, 161, 27403, 18853, 688, , 27403, 25000, 28403, 28325, 0, 
349, 1, 233, 320, -1, 417, 247, 7.2, 23, ABprpapappp, 51, 29606, 15987, 540, , 29606, 25000, 30728, 30877, 0, 
350, 1, 279, 104, -1, 124, 278, 20.6, 29, ABarpaaaaa, -68, 27521, 31814, 1156, , 27521, 25000, 27746, 27844, 0, 
351, 1, 460, 217, -1, 512, 283, 19.5, 31, Eprap, 311, 28087, 34603, 1232, , 28087, 25000, 29186, 29377, 0, 
352, 1, 66, 429, -1, 482, 303, 8.0, 23, MSpappap, 226, 28850, 14771, 512, , 28850, 25000, 29623, 29568, 0, 
353, 1, 97, 458, -1, 212, 207, 15.4, 23, ABalpaaapaa, 206, 28234, 18070, 640, , 28234, 25000, 28103, 28195, 0, 
354, 1, 236, 66, -1, 302, 289, 12.2, 23, ABaraappppa, 91, 29006, 15663, 540, , 29006, 25000, 28047, 27880, 0, 
355, 1, 340, 371, -1, 285, 168, 21.7, 26, ABalppppppa, 260, 28086, 24042, 856, , 28086, 25000, 29127, 29176, 0, 
356, 1, 289, 483, -1, 339, 253, 24.6, 22, MSappppp, 153, 29294, 16756, 572, , 29294, 25000, 28770, 28874, 0, 
357, 1, 368, 6, -1, 431, 208, 12.3, 24, MSapaapp, 247, 26730, 18818, 704, , 26730, 25000, 28779, 28780, 0, 
358, 1, 350, 163, -1, 462, 275, 7.8, 24, ABprppppaaa, 209, 30500, 20008, 656, , 30500, 25000, 29808, 29726, 0, 
359, 1, 344, 47, -1, 251, 217, 19.5, 23, ABalpaapapp, -7, 25465, 16094, 632, , 25465, 25000, 27882, 28123, 0, 
360, 1, 535, 527, -1, 332, 163, 16.7, 23, Daapa, 218, 27015, 15993, 592, , 27015, 25000, 28986, 28991, 0, 
361, 1, 153, 151, -1, 278, 170, 25.5, 30, ABplaaappp, 286, 28433, 35030, 1232, , 28433, 25000, 28937, 28961, 0, 
362, 1, 426, 517, -1, 242, 199, 9.1, 23, ABalpaaaapp, 310, 27337, 13559, 496, , 27337, 25000, 28270, 28527, 0, 
363, 1, 194, 229, -1, 238, 315, 5.2, 24, ABprpaaapaa, 194, 39239, 25741, 656, , 39239, 25000, 38009, 38647, 0, 
364, 0, -1, -1, -1, 307, 263, 21.2, 24, , 125, -969, 18122, 656, , 27625, 25000, 28607, 28594, 0, 
365, 0, 98, -1, -1, 378, 285, 17.7, 23, , 231, 391, 17191, 592, , 29039, 25000, 28538, 28648, 0, 
366, 1, 449, 433, -1, 277, 255, 4.5, 22, ABarapppapp, 207, 36914, 18900, 512, , 36914, 25000, 37218, 36810, 0, 
367, 1, 107, 310, -1, 460, 292, 5.3, 24, ABprpppaaaa, 210, 35754, 25171, 704, , 35754, 25000, 34284, 33965, 0, 
368, 1, 2, 342, -1, 456, 145, 9.9, 23, ABplpppaaap, 14, 26780, 13283, 496, , 26780, 25000, 27607, 27579, 0, 
369, 1, 485, 68, -1, 177, 348, 10.5, 27, ABpraaaaap, 219, 27811, 24919, 896, , 27811, 25000, 27481, 27547, 0, 
370, 1, 413, 466, -1, 194, 224, 16.4, 23, ABalpaapaap, 204, 28463, 18216, 640, , 28463, 25000, 28184, 28139, 0, 
371, 1, 75, 211, -1, 286, 291, 15.3, 25, ABaraapppaa, 189, 27569, 21063, 764, , 27569, 25000, 27993, 27947, 0, 
372, 1, 494, 159, -1, 471, 330, 6.0, 24, ABprppapppa, 224, 33372, 20290, 608, , 33372, 25000, 35220, 35554, 0, 
373, 1, 166, 281, 549, 171, 235, 8.3, 29, ABaraaappa, 63, 27824, 29716, 1068, , 27824, 25000, 29736, 29730, 0, 
374, 1, 271, 193, -1, 575, 325, 12.7, 27, ABarpppppp, -8, 27614, 25515, 924, , 27614, 25000, 27783, 27836, 0, 
375, 1, 210, 401, -1, 337, 302, 25.5, 30, ABarppaapa, 259, 28342, 34917, 1232, , 28342, 25000, 28760, 28841, 0, 
376, 1, 288, 92, -1, 281, 192, 19.6, 24, MSapapaa, 217, 28561, 19993, 700, , 28561, 25000, 28880, 28961, 0, 
377, 1, 313, 339, -1, 417, 365, 14.5, 26, Cppaaaa, -379, 27531, 24668, 896, , 27531, 25000, 28933, 28916, 0, 
378, 1, 508, 285, -1, 141, 259, 13.0, 24, ABalaaaarrp, 192, 29689, 18051, 608, , 29689, 25000, 28293, 28425, 0, 
379, 1, 487, 518, -1, 366, 328, 10.8, 22, Dpapp, 180, 26813, 13299, 496, , 26813, 25000, 28757, 28970, 0, 
380, 0, 380, -1, -1, 239, 291, 19.2, 24, , 377, -712, 18555, 656, , 28285, 25000, 28707, 28997, 0, 
381, 1, 263, 444, -1, 345, 211, 23.7, 28, Daaap, 213, 27680, 29452, 1064, , 27680, 25000, 28590, 28591, 0, 
382, 1, 154, 407, -1, 228, 258, 24.8, 24, MSapappp, 198, 28758, 18865, 656, , 28758, 25000, 28383, 28288, 0, 
383, 1, 437, 196, -1, 224, 223, 18.0, 22, ABalpaapapa, 220, 27094, 10404, 384, , 27094, 25000, 27917, 27931, 0, 
384, 1, 84, 304, -1, 117, 283, 13.0, 23, ABalaaapplr, 192, 27619, 14141, 512, , 27619, 25000, 28009, 27945, 0, 
385, 1, 389, 451, -1, 162, 244, 13.8, 25, ABaraaaapa, 174, 28967, 20393, 704, , 28967, 25000, 27668, 27575, 0, 
386, 1, 198, 299, -1, 220, 216, 5.7, 24, ABalpapaapa, -237, 37564, 26445, 704, , 37564, 25000, 37719, 37985, 0, 
387, 0, 70, -1, -1, 155, 156, 14.0, 23, , 226, 575, 14447, 512, , 28217, 25000, 27716, 27642, 0, 
388, 1, 175, 423, -1, 372, 310, 19.2, 35, Earaa, 327, 28262, 56864, 2012, , 28262, 25000, 28648, 28645, 0, 
389, 1, 79, 160, -1, 236, 171, 6.9, 23, ABalppapapa, 463, 30448, 15102, 496, , 30448, 25000, 34938, 34913, 0, 
390, 1, 125, 327, -1, 136, 289, 10.7, 24, ABalaaapprl, 210, 27861, 19614, 704, , 27861, 25000, 28055, 28265, 0, 
391, 1, 275, 252, -1, 362, 131, 20.4, 25, ABplaapppp, 340, 27498, 22878, 832, , 27498, 25000, 28032, 27975, 0, 
392, 1, 26, 431, -1, 219, 164, 25.5, 29, ABplaaapap, 257, 28171, 30425, 1080, , 28171, 25000, 28800, 28836, 0, 
393, 1, 300, 473, -1, 301, 372, 19.6, 27, ABprapaaaap, 429, 28355, 28015, 988, , 28355, 25000, 27791, 27823, 0, 
394, 1, 95, 15, -1, 202, 167, 14.1, 23, ABplpaaaaaa, 217, 28615, 14193, 496, , 28615, 25000, 27699, 27781, 0, 
395, 1, 348, 83, -1, 189, 289, 8.9, 23, ABarappppaa, 191, 30956, 15354, 496, , 30956, 25000, 28568, 29060, 0, 
396, 1, 347, 214, -1, 247, 159, 23.5, 24, ABplaapappp, 182, 27833, 21376, 768, , 27833, 25000, 28669, 28665, 0, 
397, 1, 28, 234, -1, 395, 321, 7.1, 24, ABarappappp, 196, 29430, 17776, 604, , 29430, 25000, 30762, 30933, 0, 
398, 1, 301, 397, -1, 279, 327, 14.5, 25, MSppapaa, 249, 26948, 20696, 768, , 26948, 25000, 27943, 27986, 0, 
399, 1, 431, 43, -1, 518, 122, 10.4, 26, ABplappppa, 347, 27793, 23124, 832, , 27793, 25000, 27958, 27967, 0, 
400, 1, 269, 265, -1, 407, 270, 5.7, 24, ABprppaappa, 480, 33139, 23330, 704, , 33139, 25000, 34496, 34540, 0, 
401, 0, 329, -1, -1, 355, 242, 18.0, 24, , 198, -1516, 16699, 608, , 27465, 25000, 29123, 28981, 0, 
402, 1, 371, 544, -1, 282, 203, 11.7, 26, ABalpappppp, 262, 27958, 23932, 856, , 27958, 25000, 28488, 28391, 0, 
403, 0, 87, -1, -1, 231, 239, 15.5, 23, , 20, -1299, 17373, 632, , 27489, 25000, 28780, 28788, 0, 
404, 1, 150, 148, -1, 393, 168, 10.2, 23, ABplpaaaapp, 208, 27902, 15067, 540, , 27902, 25000, 28241, 28048, 0, 
405, 1, 370, 117, -1, 499, 258, 12.9, 32, Eprpp, 326, 28346, 44674, 1576, , 28346, 25000, 29193, 29201, 0, 
406, 1, 338, 236, -1, 283, 382, 21.5, 26, ABarpppaaa, 205, 27589, 24720, 896, , 27589, 25000, 28384, 28389, 0, 
407, 1, 237, 64, -1, 448, 228, 8.3, 22, ABplpappppa, 218, 26950, 14122, 524, , 26950, 25000, 29030, 28971, 0, 
408, 1, 4, 195, -1, 155, 334, 22.1, 25, ABarpaaapap, 233, 27987, 19255, 688, , 27987, 25000, 27738, 27774, 0, 
409, 1, 132, 35, -1, 525, 269, 16.6, 32, Eprpa, 324, 28641, 42503, 1484, , 28641, 25000, 29599, 29621, 0, 
410, 1, 308, 141, -1, 221, 284, 7.6, 23, ABarappppap, -219, 29256, 18724, 640, , 29256, 25000, 30210, 30158, 0, 
411, 1, 47, 303, -1, 508, 203, 24.8, 27, Cappaap, 14, 28768, 24971, 868, , 28768, 25000, 29063, 29085, 0, 
412, 1, 516, 286, -1, 526, 242, 20.3, 32, Eplap, 327, 28112, 44530, 1584, , 28112, 25000, 29480, 29542, 0, 
413, 1, 322, 385, -1, 226, 349, 19.0, 30, MSppappa, 303, 28344, 38208, 1348, , 28344, 25000, 28405, 28428, 0, 
414, 1, 328, 326, -1, 348, 156, 13.2, 23, ABplppaapap, 205, 26309, 14207, 540, , 26309, 25000, 28223, 27966, 0, 
415, 0, 343, -1, -1, 368, 155, 10.7, 24, , 198, 578, 20160, 704, , 28636, 25000, 28025, 28058, 0, 
416, 1, 116, 274, -1, 192, 246, 24.1, 25, ABplaaaaapp, 110, 27535, 18944, 688, , 27535, 25000, 28463, 28530, 0, 
417, 1, 41, 145, -1, 240, 236, 7.5, 27, ABarapaaap, 220, 28824, 25826, 896, , 28824, 25000, 30817, 30448, 0, 
418, 1, 471, 334, -1, 399, 332, 11.1, 29, MSpapppa, 270, 26679, 32228, 1208, , 26679, 25000, 28911, 28905, 0, 
419, 1, 147, 533, -1, 239, 208, 16.9, 22, ABalpaaapap, 156, 30039, 13938, 464, , 30039, 25000, 27006, 27171, 0, 
420, 1, 33, 220, -1, 504, 364, 9.0, 26, ABprappapp, 165, 29580, 25202, 852, , 29580, 25000, 28399, 28449, 0, 
421, 1, 1, 543, -1, 278, 225, 22.9, 22, MSapppap, 225, 27571, 12793, 464, , 27571, 25000, 27835, 27968, 0, 
422, 1, 353, 28, -1, 379, 268, 20.1, 28, Ealaa, 149, 28121, 30596, 1088, , 28121, 25000, 27933, 27970, 0, 
423, 0, 475, -1, -1, 209, 145, 10.4, 28, , 263, 439, 27685, 988, , 28021, 25000, 27628, 27582, 0, 
424, 1, 141, 37, -1, 487, 287, 5.1, 24, ABprpppaaap, 183, 38652, 23346, 604, , 38652, 25000, 35671, 35774, 0, 
425, 1, 421, 232, -1, 337, 274, 11.4, 27, MSpapaaap, 218, 32051, 31666, 988, , 32051, 25000, 30525, 30188, 0, 
426, 1, 129, 9, -1, 431, 178, 16.0, 26, MSaapppp, 267, 27925, 23792, 852, , 27925, 25000, 28545, 28574, 0, 
427, 1, 138, 348, -1, 239, 260, 4.9, 22, ABarapppapa, 183, 38784, 17996, 464, , 38784, 25000, 38665, 38374, 0, 
428, 1, 45, 239, -1, 504, 340, 12.8, 30, Cppaap, 223, 27990, 36947, 1320, , 27990, 25000, 28690, 28738, 0, 
429, 1, 447, 522, -1, 262, 349, 12.7, 26, ABpraaappap, 250, 27633, 23654, 856, , 27633, 25000, 28213, 28276, 0, 
430, 0, 531, -1, -1, 539, 138, 10.9, 22, , 175, 335, 13541, 464, , 29183, 25000, 28620, 28848, 0, 
431, 1, 403, 106, -1, 415, 366, 17.9, 25, Dppap, 252, 27827, 19145, 688, , 27827, 25000, 29782, 29915, 0, 
432, 1, 276, 10, -1, 209, 233, 8.8, 23, ABarapaaaaa, 238, 28643, 15467, 540, , 28643, 25000, 29745, 29943, 0, 
433, 1, 287, 540, -1, 468, 197, 17.3, 23, MSappaap, 228, 27274, 16146, 592, , 27274, 25000, 29042, 29111, 0, 
434, 1, 181, 399, -1, 511, 147, 6.9, 24, ABplpppaapp, 205, 34055, 20569, 604, , 34055, 25000, 33473, 33707, 0, 
435, 1, 428, 485, -1, 148, 156, 16.3, 24, ABalaaapall, 222, 27028, 19028, 704, , 27028, 25000, 28119, 27973, 0, 
436, 1, 382, 496, -1, 476, 221, 11.0, 24, ABprpappppp, 197, 27485, 16711, 608, , 27485, 25000, 28393, 28568, 0, 
437, 1, 19, 511, -1, 273, 351, 6.3, 25, ABpraappaa, 214, 31725, 24238, 764, , 31725, 25000, 36531, 38532, 0, 
438, 1, 48, 402, -1, 332, 266, 20.0, 24, MSaaaappp, 189, 28092, 17080, 608, , 28092, 25000, 29110, 29266, 0, 
439, 1, 89, 62, -1, 320, 172, 8.4, 27, ABalpapapap, 224, 28809, 28463, 988, , 28809, 25000, 29904, 30345, 0, 
440, 1, 157, 22, -1, 485, 163, 7.1, 24, ABplpppapaa, 198, 29247, 17665, 604, , 29247, 25000, 31678, 31836, 0, 
441, 0, -1, -1, -1, 255, 247, 13.9, 23, , -31, 582, 14209, 496, , 28647, 25000, 28033, 28065, 0, 
442, 1, 513, 506, -1, 295, 291, 23.5, 26, MSaaaapap, 213, 27666, 24789, 896, , 27666, 25000, 29101, 29219, 0, 
443, 1, 464, 57, -1, 190, 251, 18.1, 23, ABaraapaaap, 206, 28236, 14005, 496, , 28236, 25000, 27745, 27184, 0, 
444, 0, 538, -1, -1, 498, 222, 5.4, 23, , 201, 2999, 25020, 640, , 39094, 25000, 36181, 36095, 0, 
445, 1, 160, 538, -1, 197, 266, 20.7, 24, MSaaaaapa, 198, 26626, 18745, 704, , 26626, 25000, 28122, 28150, 0, 
446, 1, 472, 352, -1, 143, 195, 22.0, 22, ABalapaaapp, 194, 28604, 10984, 384, , 28604, 25000, 28122, 28208, 0, 
447, 1, 128, 170, -1, 470, 249, 9.7, 26, ABprpappppa, 138, 28925, 24760, 856, , 28925, 25000, 28575, 28559, 0, 
448, 1, 443, 403, -1, 334, 378, 23.2, 30, ABarpppapa, 281, 27458, 36245, 1320, , 27458, 25000, 27826, 27802, 0, 
449, 1, 434, 249, -1, 577, 269, 17.4, 29, Cppppap, -113, 29321, 33895, 1156, , 29321, 25000, 28786, 28886, 0, 
450, 1, 480, 270, -1, 122, 188, 15.8, 24, ABalaaapalr, 206, 28835, 18916, 656, , 28835, 25000, 28039, 27874, 0, 
451, 1, 534, 507, -1, 173, 282, 7.0, 22, ABalaapaapp, -144, 30703, 11790, 384, , 30703, 25000, 33162, 33548, 0, 
452, 1, 412, 359, -1, 552, 180, 9.0, 23, ABplppppppp, 234, 31111, 15929, 512, , 31111, 25000, 29220, 29534, 0, 
453, 1, 212, 494, -1, 309, 200, 13.4, 23, MSaapaaaa, 452, 31459, 20134, 640, , 31459, 25000, 29052, 29007, 0, 
454, 1, 518, 475, -1, 299, 200, 5.8, 22, ABprpappaaa, 160, 35351, 17534, 496, , 35351, 25000, 37080, 36908, 0, 
455, 1, 296, 56, -1, 576, 260, 10.5, 25, ABprapapppp, 255, 27617, 21210, 768, , 27617, 25000, 29127, 29147, 0, 
456, 1, 402, 53, -1, 374, 381, 10.5, 28, ABpraapppp, 258, 27041, 29204, 1080, , 27041, 25000, 28197, 28240, 0, 
457, 1, 292, 383, -1, 260, 201, 7.3, 24, ABalpappapa, 32, 27378, 19274, 704, , 27378, 25000, 30643, 30581, 0, 
458, 1, 401, 387, -1, 532, 182, 7.0, 23, ABplppppppa, 202, 31133, 15940, 512, , 31133, 25000, 34069, 33864, 0, 
459, 1, 399, 512, -1, 271, 339, 7.8, 22, ABprpaapppa, 189, 28800, 14285, 496, , 28800, 25000, 29279, 29641, 0, 
460, 1, 537, 152, -1, 140, 267, 8.1, 22, ABalaapaapa, 177, 30159, 13994, 464, , 30159, 25000, 29091, 29128, 0, 
461, 1, 492, 284, -1, 418, 301, 6.5, 22, ABprppappaa, 115, 31291, 16021, 512, , 31291, 25000, 32424, 32363, 0, 
462, 1, 527, 500, -1, 305, 157, 11.4, 22, ABplpapaapp, 200, 29960, 17137, 572, , 29960, 25000, 28667, 29180, 0, 
463, 1, 377, 450, -1, 558, 240, 12.5, 27, Cpppppd, 265, 27781, 24892, 896, , 27781, 25000, 29204, 29230, 0, 
464, 1, 214, 321, -1, 540, 344, 22.5, 26, Caaapa, 193, 29116, 26088, 896, , 29116, 25000, 28040, 28055, 0, 
465, 1, 549, 190, -1, 261, 211, 17.4, 23, ABalpaaappa, 192, 26453, 16930, 640, , 26453, 25000, 27726, 27996, 0, 
466, 1, 261, 96, -1, 221, 387, 16.0, 26, ABarpappap, 212, 26978, 22985, 852, , 26978, 25000, 27692, 27694, 0, 
467, 1, 184, 237, -1, 407, 315, 4.5, 27, ABprpaaaapp, 217, 35816, 32091, 896, , 35816, 25000, 35434, 35198, 0, 
468, 1, 394, 105, -1, 352, 317, 7.1, 23, ABprppaapaa, 154, 29313, 14539, 496, , 29313, 25000, 32797, 33025, 0, 
469, 1, 352, 162, -1, 148, 244, 9.0, 24, ABaraaapppa, 202, 27306, 16602, 608, , 27306, 25000, 28584, 28598, 0, 
470, 1, 62, 206, -1, 385, 255, 12.7, 23, MSpapappp, 199, 33221, 19667, 592, , 33221, 25000, 32012, 31126, 0, 
471, 1, 422, 120, -1, 585, 168, 15.7, 29, Cpapaa, 274, 28738, 30692, 1068, , 28738, 25000, 28333, 28349, 0, 
472, 1, 567, 393, -1, 279, 169, 10.9, 22, ABplpapaapa, 163, 26405, 12252, 464, , 26405, 25000, 29576, 29696, 0, 
473, 1, 466, 398, -1, 275, 124, 11.6, 24, ABplaappaa, 204, 26891, 18824, 700, , 26891, 25000, 27688, 27754, 0, 
474, 1, 461, 409, -1, 345, 340, 11.3, 25, Dpapa, 219, 26869, 20528, 764, , 26869, 25000, 28674, 28787, 0, 
475, 0, 158, -1, -1, 174, 216, 25.0, 23, , 167, 245, 0, 0, , 0, 0, 0, 0, 0, 
476, 1, 133, 290, -1, 554, 206, 23.4, 29, Capppaa, 297, 27975, 32339, 1156, , 27975, 25000, 28697, 28759, 0, 
477, 1, 191, 432, -1, 215, 223, 12.9, 22, ABaraaaaaap, 113, 29713, 13787, 464, , 29713, 25000, 27964, 28208, 0, 
478, 1, 519, 389, -1, 189, 297, 10.7, 22, ABalaapppaa, 170, 27708, 14519, 524, , 27708, 25000, 28751, 28591, 0, 
479, 1, 424, 25, -1, 371, 311, 14.7, 28, MSpapaapp, 280, 30338, 32280, 1064, , 30338, 25000, 30795, 30772, 0, 
480, 1, 334, 452, -1, 298, 291, 6.9, 23, ABprpapaapa, 194, 30685, 15220, 496, , 30685, 25000, 32036, 31825, 0, 
481, 1, 161, 182, -1, 437, 293, 10.6, 32, Z2, 302, 26960, 40008, 1484, , 26960, 25000, 28503, 28573, 0, 
482, 1, 165, 460, -1, 330, 227, 11.2, 27, ABalpappapp, -106, 28999, 25171, 868, , 28999, 25000, 28736, 28828, 0, 
483, 1, 246, 428, -1, 398, 259, 8.9, 23, ABprpapppap, 193, 28141, 13958, 496, , 28141, 25000, 30095, 30295, 0, 
484, 1, 528, 272, -1, 170, 311, 20.5, 22, ABalapppapp, 49, 28680, 14684, 512, , 28680, 25000, 28586, 28396, 0, 
485, 1, 211, 390, -1, 215, 124, 15.1, 23, ABalpppapad, 196, 27429, 13605, 496, , 27429, 25000, 27734, 27759, 0, 
486, 1, 435, 537, -1, 218, 312, 19.3, 22, MSpaaaapa, 174, 28271, 14814, 524, , 28271, 25000, 28275, 28174, 0, 
487, 1, 291, 158, -1, 318, 281, 14.7, 23, ABaraappppp, 201, 29030, 17186, 592, , 29030, 25000, 29006, 29216, 0, 
488, 1, 223, 421, -1, 482, 154, 25.1, 28, ABarppappa, 276, 28846, 31384, 1088, , 28846, 25000, 28286, 28283, 0, 
489, 1, 468, 391, -1, 325, 246, 5.5, 22, ABprpappaap, 212, 39145, 20042, 512, , 39145, 25000, 37428, 36864, 0, 
490, 1, 455, 161, -1, 185, 246, 6.0, 23, ABaraaapppp, 189, 37172, 19032, 512, , 37172, 25000, 37341, 38088, 0, 
491, 1, 467, 305, -1, 249, 270, 22.1, 23, MSaaaaapp, 362, 27841, 13809, 496, , 27841, 25000, 28127, 28267, 0, 
492, 1, 59, 482, -1, 499, 154, 9.6, 25, ABplpppaapa, 235, 28454, 23674, 832, , 28454, 25000, 28653, 28497, 0, 
493, 1, 17, 418, -1, 436, 340, 9.1, 24, ABprppapaap, 233, 26732, 16146, 604, , 26732, 25000, 28640, 28665, 0, 
494, 1, 277, 121, -1, 411, 196, 23.1, 25, Dapap, 219, 27911, 19203, 688, , 27911, 25000, 28862, 28877, 0, 
495, 1, 302, 174, -1, 494, 113, 17.3, 28, ABplapapap, 7, 28430, 30250, 1064, , 28430, 25000, 28261, 28163, 0, 
496, 1, 530, 536, -1, 332, 258, 18.0, 22, MSaaapapp, 216, 29141, 11190, 384, , 29141, 25000, 28727, 28650, 0, 
497, 0, 529, -1, -1, 235, 181, 15.9, 22, , 62, -1657, 12836, 464, , 27664, 25000, 29286, 29321, 0, 
498, 1, 206, 491, -1, 160, 293, 9.3, 24, ABalaaapprr, 382, 29325, 20645, 704, , 29325, 25000, 28830, 29345, 0, 
499, 1, 34, 465, -1, 315, 183, 19.5, 23, Daaaa, 223, 26688, 16867, 632, , 26688, 25000, 29376, 29214, 0, 
500, 1, 295, 181, -1, 179, 152, 11.6, 23, ABalppaaapp, -2, 27539, 17625, 640, , 27539, 25000, 27735, 27684, 0, 
501, 1, 258, 191, -1, 565, 350, 16.1, 28, ABprapapaa, 72, 27747, 30189, 1088, , 27747, 25000, 27791, 27839, 0, 
502, 1, 264, 4, -1, 415, 182, 9.9, 23, ABplppaappp, 102, 27242, 13512, 496, , 27242, 25000, 28571, 28477, 0, 
503, 1, 71, 472, -1, 568, 219, 8.5, 24, ABprppppppp, 224, 28027, 21525, 768, , 28027, 25000, 29111, 29398, 0, 
504, 1, 103, 251, -1, 180, 218, 12.0, 23, ABaraaaaaaa, 191, 26865, 13755, 512, , 26865, 25000, 28560, 28671, 0, 
505, 1, 190, 49, -1, 305, 349, 11.4, 23, MSppppaa, 202, 27305, 17475, 640, , 27305, 25000, 27890, 27872, 0, 
506, 1, 29, 54, -1, 320, 157, 25.4, 28, ABarppaaap, 206, 27533, 27203, 988, , 27533, 25000, 28733, 28634, 0, 
507, 1, 42, 230, -1, 401, 232, 24.8, 30, Dappa, 302, 27813, 36713, 1320, , 27813, 25000, 28430, 28428, 0, 
508, 0, 484, -1, -1, 294, 163, 16.0, 24, , -89, -82, 16865, 608, , 27738, 25000, 27937, 27820, 0, 
509, 1, 440, 388, -1, 328, 277, 7.6, 23, ABprpapaaap, 172, 28534, 18262, 640, , 28534, 25000, 31253, 30604, 0, 
510, 1, 170, 126, -1, 327, 342, 15.9, 25, MSpppaaa, 250, 28578, 19662, 688, , 28578, 25000, 28301, 28293, 0, 
511, 1, 393, 300, -1, 306, 360, 23.4, 30, ABarpaappp, 243, 28309, 32725, 1156, , 28309, 25000, 28321, 28388, 0, 
512, 1, 130, 468, -1, 363, 288, 13.6, 22, MSpapappa, 193, 32879, 18807, 572, , 32879, 25000, 32535, 32371, 0, 
513, 1, 351, 375, -1, 586, 191, 20.7, 31, Cpapap, 286, 28830, 39440, 1368, , 28830, 25000, 28709, 28719, 0, 
514, 1, 278, 539, -1, 237, 210, 12.9, 25, ABalpappaap, 251, 27532, 18942, 688, , 27532, 25000, 28307, 28357, 0, 
515, 1, 536, 526, -1, 159, 191, 16.0, 22, ABalapaappa, 225, 30794, 11825, 384, , 30794, 25000, 28187, 28123, 0, 
516, 1, 505, 85, -1, 267, 144, 12.4, 22, ABplpaapppp, 197, 27612, 15794, 572, , 27612, 25000, 27831, 28097, 0, 
517, 1, 357, 366, -1, 555, 155, 12.6, 25, ABplapapppp, 210, 26162, 21767, 832, , 26162, 25000, 28171, 28172, 0, 
518, 1, 36, 185, -1, 448, 327, 11.4, 27, MSpapppp, 207, 27452, 27123, 988, , 27452, 25000, 27959, 27999, 0, 
519, 1, 585, 532, -1, 149, 321, 18.5, 25, ABarpapaaaa, 182, 28582, 21951, 768, , 28582, 25000, 27468, 27583, 0, 
520, 1, 408, 556, -1, 300, 294, 18.0, 22, MSpaapapa, -231, 26096, 10021, 384, , 26096, 25000, 28720, 28704, 0, 
521, 1, 238, 42, -1, 324, 299, 6.4, 22, ABprpapaapp, 187, 33143, 18958, 572, , 33143, 25000, 34852, 35255, 0, 
522, 1, 327, 422, 541, 517, 342, 17.9, 31, Cppapa, 227, 27198, 40253, 1480, , 27198, 25000, 28681, 28684, 0, 
523, 1, 473, 51, -1, 575, 208, 11.4, 27, Cpappv, 258, 27613, 27282, 988, , 27613, 25000, 28283, 28353, 0, 
524, 1, 272, 510, -1, 209, 270, 10.2, 23, MSppaaaa, 210, 26207, 14152, 540, , 26207, 25000, 28025, 28042, 0, 
525, 1, 321, 439, -1, 539, 165, 18.5, 26, Cappapa, 223, 27375, 24528, 896, , 27375, 25000, 29172, 29007, 0, 
526, 1, 186, 503, -1, 219, 249, 12.8, 22, ABaraaaaapp, 536, 28756, 14263, 496, , 28756, 25000, 28526, 28502, 0, 
527, 1, 134, 528, -1, 163, 166, 17.9, 22, ABalapaappp, -7, 28297, 13130, 464, , 28297, 25000, 27999, 27963, 0, 
528, 1, 496, 519, -1, 327, 218, 13.9, 25, MSaapaaap, 133, 30571, 21033, 688, , 30571, 25000, 29890, 29708, 0, 
529, 1, 92, 336, -1, 161, 322, 10.0, 22, ABalaappppp, 407, 27794, 10673, 384, , 27794, 25000, 27693, 27738, 0, 
530, 1, 533, 263, -1, 341, 210, 20.9, 26, MSappaaa, 118, 30183, 24146, 800, , 30183, 25000, 29773, 29862, 0, 
531, 1, 55, 381, -1, 406, 185, 11.9, 22, ABplppappap, 91, 28474, 13212, 464, , 28474, 25000, 28078, 28009, 0, 
532, 1, 187, 547, -1, 195, 330, 18.9, 25, ABarpapaapp, 216, 27563, 18963, 688, , 27563, 25000, 28241, 28088, 0, 
533, 1, 504, 509, -1, 224, 316, 12.6, 23, ABpraaapaav, 33, 26802, 17153, 640, , 26802, 25000, 27809, 27776, 0, 
534, 1, 532, 295, -1, 544, 216, 6.0, 22, ABprppppppa, 243, 38180, 14661, 384, , 38180, 25000, 39560, 39209, 0, 
535, 1, 369, 373, -1, 142, 174, 13.2, 22, ABalppaaapa, 291, 27417, 13599, 496, , 27417, 25000, 27534, 27571, 0, 
536, 1, 418, 269, -1, 323, 224, 16.7, 23, MSaapaapa, 144, 31796, 18823, 592, , 31796, 25000, 30177, 30177, 0, 
537, 1, 512, 396, -1, 341, 208, 16.3, 22, MSaapappa, 277, 33115, 17352, 524, , 33115, 25000, 31521, 30653, 0, 
538, 1, 363, 564, -1, 190, 221, 20.9, 22, MSapaaap, 80, 29610, 13739, 464, , 29610, 25000, 27863, 28090, 0, 
539, 1, 495, 481, -1, 238, 133, 14.6, 23, ABplpaaapap, 235, 27656, 17700, 640, , 27656, 25000, 27657, 27844, 0, 
540, 1, 395, 501, -1, 461, 201, 10.5, 25, ABplppppaap, 84, 27398, 21042, 768, , 27398, 25000, 28199, 28145, 0, 
541, 1, 202, 498, -1, 164, 299, 12.0, 22, ABalaappppa, -218, 26966, 10355, 384, , 26966, 25000, 27512, 27627, 0, 
542, 1, 438, 332, -1, 585, 305, 17.9, 26, Caaapp, 5, 27311, 21849, 800, , 27311, 25000, 27939, 27971, 0, 
543, 1, 63, 177, -1, 164, 278, 25.2, 24, ABarpaaaapp, 172, 29915, 19624, 656, , 29915, 25000, 28443, 28659, 0, 
544, 1, 415, 554, -1, 327, 314, 11.6, 22, MSpppapp, 132, 27243, 15583, 572, , 27243, 25000, 27937, 27877, 0, 
545, 1, 548, 71, -1, 498, 200, 5.0, 21, ABplpppapap, 209, 43068, 16538, 384, , 43068, 25000, 38460, 38111, 0, 
546, 1, 524, 534, -1, 327, 218, 6.9, 20, ABplpappaaa, 62, 31155, 9845, 316, , 31155, 25000, 31087, 31529, 0, 
547, 1, 520, 319, -1, 452, 172, 21.8, 24, Capaaap, 219, 27392, 17969, 656, , 27392, 25000, 28549, 28610, 0, 
548, 1, 543, 551, -1, 139, 221, 18.2, 22, ABalapappaa, -63, 28024, 13900, 496, , 28024, 25000, 28304, 28387, 0, 
549, 1, 546, 552, -1, 133, 306, 12.5, 25, ABalappappa, 150, 26158, 20089, 768, , 26158, 25000, 27785, 27786, 0, 
550, 1, 550, 337, -1, 365, 215, 18.0, 26, MSaapaapp, 260, 34192, 29132, 852, , 34192, 25000, 32298, 30977, 0, 
551, 1, 577, 548, -1, 138, 261, 15.7, 23, ABalapppaaa, 216, 26639, 15770, 592, , 26639, 25000, 28447, 28138, 0, 
552, 1, 551, 167, -1, 338, 352, 6.9, 23, ABpraapppa, 165, 30796, 15275, 496, , 30796, 25000, 32144, 32720, 0, 
553, 1, 554, 525, -1, 258, 320, 26.5, 29, ABarpaapap, -156, 29731, 32109, 1080, , 29731, 25000, 29131, 29263, 0, 
554, 1, 502, 546, -1, 162, 221, 21.2, 22, ABalapappap, 558, 28218, 13996, 496, , 28218, 25000, 28253, 28378, 0, 
555, 1, 433, 531, -1, 329, 348, 14.2, 23, Dpaaa, 374, 28748, 15524, 540, , 28748, 25000, 28709, 28738, 0, 
556, 0, 552, -1, -1, 453, 285, 9.5, 24, , 136, -937, 21021, 768, , 27371, 25000, 28205, 28308, 0, 
557, 1, 553, 583, -1, 205, 168, 19.9, 22, ABalppppaad, 196, 28209, 13089, 464, , 28209, 25000, 28335, 28307, 0, 
558, 1, 547, 553, -1, 257, 276, 13.65, 21, ABarapaappa, -39, 27708, 14519, 524, , 27708, 25000, 27744, 27709, 0, 
559, 1, 556, 362, -1, 289, 260, 20.0, 22, MSaaapapa, 168, 29521, 11336, 384, , 29521, 25000, 28710, 28745, 0, 
560, 1, 557, 558, -1, 329, 172, 14.0, 22, MSappapp, 153, 29914, 11487, 384, , 29914, 25000, 28804, 28783, 0, 
561, 1, 558, 559, -1, 285, 163, 18.0, 22, MSapppaa, 224, 28010, 10756, 384, , 28010, 25000, 28008, 27797, 0, 
562, 1, 559, 560, -1, 260, 306, 20.0, 22, MSpaaaapp, 184, 28057, 10774, 384, , 28057, 25000, 28411, 28621, 0, 
563, 1, 560, 561, -1, 222, 354, 15.0, 22, ABpraaaappp, 210, 27357, 10505, 384, , 27357, 25000, 27947, 27974, 0, 
564, 1, 561, 562, -1, 287, 268, 7.0, 22, ABprpapaaaa, 198, 31193, 11978, 384, , 31193, 25000, 31300, 30707, 0, 
565, 1, 562, 563, -1, 221, 249, 22.0, 24, MSaaapaaa, 218, 28515, 17337, 608, , 28515, 25000, 27989, 28135, 0, 
566, 1, 563, 565, -1, 276, 236, 21.0, 22, MSaaapaap, 158, 27219, 10452, 384, , 27219, 25000, 28204, 27929, 0, 
567, 1, 564, 566, -1, 338, 300, 18.0, 24, MSpaapapp, 153, 27791, 16897, 608, , 27791, 25000, 28977, 29171, 0, 
568, 1, 541, 567, -1, 505, 217, 8.0, 22, Caapaa, 112, 27109, 10410, 384, , 27109, 25000, 29664, 29545, 0, 
569, 1, 565, 568, -1, 355, 217, 7.0, 25, ABplpappaap, 179, 31257, 23880, 764, , 31257, 25000, 32400, 32545, 0, 
570, 1, 509, 570, -1, 233, 284, 5.0, 22, ABalaapappa, 326, 39833, 15296, 384, , 39833, 25000, 36216, 36405, 0, 
571, 1, 568, 571, -1, 169, 314, 8.0, 20, ABalaappapa, 0, 29918, 9454, 316, , 29918, 25000, 29702, 29568, 0, 
572, 1, 569, 572, -1, 195, 302, 6.0, 22, ABalaappapp, 228, 38380, 14738, 384, , 38380, 25000, 38777, 38841, 0, 
573, 1, 570, 573, -1, 189, 347, 18.0, 22, ABalapppppp, 134, 26664, 10239, 384, , 26664, 25000, 27920, 27974, 0, 
574, 1, 571, 574, -1, 156, 290, 20.0, 23, ABalapppapa, 187, 29932, 15325, 512, , 29932, 25000, 27740, 27752, 0, 
575, 1, 572, 575, -1, 163, 337, 18.0, 22, ABalapppppa, 0, 27763, 10661, 384, , 27763, 25000, 27709, 27730, 0, 
576, 1, 573, 576, -1, 139, 337, 15.0, 22, ABalappappp, 287, 27406, 10524, 384, , 27406, 25000, 27167, 27172, 0, 
577, 1, 574, 577, -1, 127, 261, 18.5, 22, ABalappaap, 119, 28309, 14494, 512, , 28309, 25000, 27317, 27293, 0, 
578, 0, 575, -1, -1, 143, 254, 18.66, 23, , 1111, 472, 15952, 572, , 27888, 25000, 27384, 27416, 0, 
579, 1, 576, 579, -1, 175, 216, 25.0, 22, ABalapapppp, 2, 28406, 10908, 384, , 28406, 25000, 29004, 29139, 0, 
580, 1, 578, 580, -1, 169, 330, 13.0, 23, ABpraaapapa, 278, 26391, 13512, 512, , 26391, 25000, 28465, 28525, 0, 
581, 1, 580, 581, -1, 147, 250, 21.0, 22, ABalapapapa, -370, 27484, 10554, 384, , 27484, 25000, 27668, 27825, 0, 
582, 1, 582, 582, -1, 213, 152, 9.0, 21, ABalppaappa, 0, 29008, 11139, 384, , 29008, 25000, 27903, 28150, 0, 
583, 1, 583, 584, -1, 474, 252, 8.0, 24, ABprppppaap, -41, 28311, 17213, 608, , 28311, 25000, 29854, 29888, 0, 
584, 1, 584, 585, -1, 163, 183, 19.0, 24, ABalppppapa, 245, 28972, 17615, 608, , 28972, 25000, 28452, 28464, 0, 
585, 1, 545, 586, -1, 156, 314, 17.0, 22, ABalappppap, -308, 27404, 10523, 384, , 27404, 25000, 27677, 27526, 0, 
586, 1, 586, 589, -1, 153, 296, 15.0, 23, ABalappppaa, 187, 28057, 14365, 512, , 28057, 25000, 27295, 27354, 0, 
587, 1, 579, 587, -1, 159, 316, 14.75, 24, ABalappapa, 272, 27960, 19684, 704, , 27960, 25000, 27633, 27675, 0, 
