1, 1, 55, 22, 538, 237, 234, 8.2, 29, ABarapaaap, 200, 27633, 30728, 1112, , 27633, 25000, 30876, 31016, 0, 
2, 1, 348, 52, -1, 552, 153, 12.3, 24, ABplapapppp, 62, 28362, 19967, 704, , 28362, 25000, 27762, 27802, 0, 
3, 1, 240, 433, -1, 254, 209, 15.1, 23, ABalpapppaa, 156, 27421, 13601, 496, , 27421, 25000, 27958, 28359, 0, 
4, 1, 168, 238, -1, 263, 210, 18.0, 22, ABalpaaappa, 200, 27656, 10620, 384, , 27656, 25000, 28043, 28241, 0, 
5, 1, 42, 4, -1, 231, 354, 17.1, 26, ABpraapappa, -191, 28585, 22868, 800, , 28585, 25000, 28553, 28697, 0, 
6, 1, 97, 299, -1, 462, 273, 8.3, 23, ABprppppaaa, 207, 28270, 16736, 592, , 28270, 25000, 28737, 28814, 0, 
7, 1, 86, 423, -1, 212, 187, 7.5, 24, ABalpapaaaa, 179, 28815, 22130, 768, , 28815, 25000, 31756, 32297, 0, 
8, 0, 313, -1, -1, 305, 319, 12.0, 23, , 231, -744, 14250, 512, , 27832, 25000, 28298, 28576, 0, 
9, 1, 105, 56, -1, 216, 294, 17.1, 25, ABaraappapa, 88, 28708, 19751, 688, , 28708, 25000, 28756, 28943, 0, 
10, 1, 160, 75, -1, 411, 347, 26.3, 35, Caaaaa, 354, 27822, 56757, 2040, , 27822, 25000, 28833, 28833, 0, 
11, 1, 206, 175, -1, 243, 393, 16.1, 26, ABarpapppa, 195, 26540, 21232, 800, , 26540, 25000, 28103, 28136, 0, 
12, 0, 377, -1, -1, 310, 383, 17.7, 23, , 210, 754, 17156, 592, , 28980, 25000, 28217, 28226, 0, 
13, 1, 446, 386, -1, 221, 337, 24.8, 26, ABarpapapp, 263, 30443, 24233, 796, , 30443, 25000, 28478, 28512, 0, 
14, 1, 204, 109, -1, 551, 190, 12.5, 26, Cappppd, 264, 29680, 26593, 896, , 29680, 25000, 28552, 28472, 0, 
15, 0, 490, -1, -1, 552, 273, 8.7, 23, , 196, -2462, 15619, 592, , 26383, 25000, 28762, 28845, 0, 
16, 1, 197, 392, -1, 451, 242, 25.5, 32, Dappp, 321, 27578, 39491, 1432, , 27578, 25000, 28834, 28855, 0, 
17, 1, 5, 541, -1, 222, 331, 8.0, 22, ABpraaaapav, 194, 29190, 11209, 384, , 29190, 25000, 28821, 28676, 0, 
18, 1, 261, 240, -1, 263, 315, 21.9, 24, MSpaaaaap, 202, 29664, 17917, 604, , 29664, 25000, 28395, 28404, 0, 
19, 1, 392, 145, -1, 118, 302, 17.3, 24, ABpraapaaaa, 222, 26436, 18611, 704, , 26436, 25000, 27432, 27517, 0, 
20, 1, 32, 505, -1, 142, 303, 20.9, 22, ABarpaaapaa, 227, 27304, 12669, 464, , 27304, 25000, 27704, 27740, 0, 
21, 1, 10, 268, -1, 562, 211, 23.4, 29, Capppaa, 254, 27648, 31961, 1156, , 27648, 25000, 28289, 28363, 0, 
22, 1, 530, 481, -1, 162, 293, 11.3, 22, ABalaappppa, 180, 26403, 13835, 524, , 26403, 25000, 27816, 27994, 0, 
23, 1, 156, 231, -1, 241, 325, 10.2, 24, ABprpaaaaap, 240, 27294, 17905, 656, , 27294, 25000, 28559, 28699, 0, 
24, 1, 393, 86, -1, 558, 358, 14.7, 29, ABprapapaa, 231, 27818, 29710, 1068, , 27818, 25000, 27706, 27705, 0, 
25, 1, 155, 441, -1, 283, 331, 14.9, 25, MSppapaa, 199, 27504, 18923, 688, , 27504, 25000, 28430, 28367, 0, 
26, 1, 328, 449, -1, 335, 352, 14.0, 25, Dpaaa, 161, 27743, 21196, 764, , 27743, 25000, 28844, 28863, 0, 
27, 1, 113, 252, -1, 257, 302, 8.0, 23, ABprpaaappa, 221, 29617, 15164, 512, , 29617, 25000, 29167, 29080, 0, 
28, 1, 380, 183, -1, 340, 341, 10.7, 23, Dpapa, 234, 27873, 16501, 592, , 27873, 25000, 28982, 29230, 0, 
29, 1, 138, 514, -1, 163, 319, 10.1, 24, ABalaappppp, 192, 29742, 17964, 604, , 29742, 25000, 28176, 28261, 0, 
30, 1, 21, 116, -1, 162, 251, 18.2, 27, MSaaaaaa, 231, 28041, 24340, 868, , 28041, 25000, 27705, 27785, 0, 
31, 1, 336, 276, -1, 138, 325, 17.5, 25, ABpraapaaap, 244, 27719, 21288, 768, , 27719, 25000, 27895, 27728, 0, 
32, 1, 340, 124, -1, 432, 181, 16.4, 24, MSaapppp, 244, 26277, 18394, 700, , 26277, 25000, 29297, 29300, 0, 
33, 1, 304, 387, -1, 494, 355, 21.3, 27, Cpppaap, 271, 27878, 25759, 924, , 27878, 25000, 28547, 28415, 0, 
34, 1, 361, 416, -1, 603, 257, 15.8, 30, Cpappd, 279, 27577, 36402, 1320, , 27577, 25000, 27720, 27744, 0, 
35, 1, 357, 55, -1, 439, 289, 11.5, 31, Z2, 316, 27064, 33343, 1232, , 27064, 25000, 28571, 28683, 0, 
36, 1, 228, 74, -1, 461, 400, 15.9, 29, ABprappapa, 239, 28218, 34087, 1208, , 28218, 25000, 28129, 28187, 0, 
37, 1, 123, 365, -1, 113, 210, 17.1, 24, ABalaaaparl, 216, 27414, 16558, 604, , 27414, 25000, 27146, 27139, 0, 
38, 0, 103, -1, -1, 241, 290, 18.8, 24, , 79, 707, 19529, 656, , 29770, 25000, 28754, 29063, 0, 
39, 1, 37, 10, -1, 205, 237, 9.4, 23, ABarapaaaaa, 222, 28872, 18478, 640, , 28872, 25000, 29748, 29916, 0, 
40, 1, 248, 464, -1, 332, 341, 5.9, 28, ABpraapppa, 273, 35847, 39001, 1088, , 35847, 25000, 36111, 36836, 0, 
41, 1, 551, 496, -1, 278, 227, 23.4, 22, MSapppap, 174, 28023, 16029, 572, , 28023, 25000, 28734, 28572, 0, 
42, 1, 469, 366, -1, 350, 170, 25.3, 27, ABarppapaa, 276, 27464, 25377, 924, , 27464, 25000, 28763, 28809, 0, 
43, 1, 134, 201, 492, 526, 130, 13.4, 28, ABplapppaa, 323, 26907, 26584, 988, , 26907, 25000, 27768, 27719, 0, 
44, 1, 172, 90, -1, 211, 360, 9.8, 24, ABprpaapapa, 231, 28569, 18741, 656, , 28569, 25000, 28337, 28341, 0, 
45, 1, 422, 219, -1, 430, 335, 8.8, 24, ABprppapaap, 204, 29308, 19226, 656, , 29308, 25000, 28162, 28313, 0, 
46, 1, 276, 453, -1, 161, 197, 9.7, 24, ABalpaapppp, 61, 28300, 19923, 704, , 28300, 25000, 28587, 28589, 0, 
47, 1, 101, 459, -1, 581, 315, 18.4, 30, Caaapp, 304, 27876, 32225, 1156, , 27876, 25000, 28183, 28290, 0, 
48, 1, 243, 248, -1, 297, 208, 16.7, 24, ABaraapappa, 167, 28210, 19860, 704, , 28210, 25000, 28442, 28464, 0, 
49, 1, 428, 313, -1, 289, 297, 15.1, 24, ABaraapppaa, 223, 27195, 16426, 604, , 27195, 25000, 28083, 28188, 0, 
50, 1, 9, 108, -1, 281, 220, 7.3, 25, ABarapapapa, 131, 29679, 22675, 764, , 29679, 25000, 31648, 31660, 0, 
51, 1, 83, 213, -1, 235, 279, 12.7, 30, ABarapaapa, 95, 27337, 35757, 1308, , 27337, 25000, 28266, 28358, 0, 
52, 1, 132, 363, -1, 272, 272, 11.4, 28, ABarapappa, 184, 28026, 27690, 988, , 28026, 25000, 28070, 28026, 0, 
53, 1, 412, 229, -1, 374, 313, 14.3, 28, MSpapaapp, 252, 31079, 33068, 1064, , 31079, 25000, 30494, 30231, 0, 
54, 1, 278, 150, -1, 300, 319, 9.0, 23, ABprppaaaaa, 213, 27973, 14322, 512, , 27973, 25000, 28940, 28965, 0, 
55, 1, 191, 383, -1, 158, 174, 11.1, 22, ABalaaaalpp, 204, 28026, 13004, 464, , 28026, 25000, 28431, 28450, 0, 
56, 1, 36, 76, -1, 325, 270, 7.6, 22, ABprpapaaap, 187, 27358, 15649, 572, , 27358, 25000, 30816, 30314, 0, 
57, 1, 431, 223, -1, 529, 182, 7.2, 23, ABplppppppa, 210, 30659, 16556, 540, , 30659, 25000, 34062, 34142, 0, 
58, 1, 6, 143, -1, 421, 155, 13.9, 23, ABplppapapa, 196, 28915, 14342, 496, , 28915, 25000, 28279, 28238, 0, 
59, 1, 11, 97, -1, 239, 138, 17.6, 25, ABplpaapaap, -26, 26756, 22261, 832, , 26756, 25000, 28128, 28236, 0, 
60, 1, 496, 189, -1, 188, 269, 16.1, 23, ABaraappaaa, 197, 27849, 13813, 496, , 27849, 25000, 27697, 27660, 0, 
61, 1, 516, 574, -1, 455, 149, 10.2, 24, ABplpppaaap, 242, 27549, 18072, 656, , 27549, 25000, 27977, 27789, 0, 
62, 1, 12, 12, -1, 113, 237, 15.9, 23, ABalaaaparr, 191, 28302, 14038, 496, , 28302, 25000, 27543, 27575, 0, 
63, 1, 463, 413, -1, 506, 257, 13.4, 30, Eprpp, 300, 28330, 32750, 1156, , 28330, 25000, 29355, 29388, 0, 
64, 1, 61, 323, -1, 481, 192, 12.3, 23, ABplpppppap, 194, 29512, 17471, 592, , 29512, 25000, 28399, 28519, 0, 
65, 1, 508, 390, -1, 199, 258, 5.0, 22, ABarapppaap, 206, 39875, 15312, 384, , 39875, 25000, 40060, 39812, 0, 
66, 1, 271, 589, -1, 181, 150, 11.6, 25, ABalppaaapp, 202, 27126, 22569, 832, , 27126, 25000, 27567, 27617, 0, 
67, 1, 368, 430, -1, 440, 319, 5.6, 25, ABprppapapa, 254, 36984, 30771, 832, , 36984, 25000, 34035, 34652, 0, 
68, 1, 460, 327, -1, 396, 333, 11.3, 27, MSpapppa, 263, 27659, 25557, 924, , 27659, 25000, 29077, 29137, 0, 
69, 1, 331, 485, -1, 301, 167, 11.5, 22, ABplpapaapp, 182, 28555, 14620, 512, , 28555, 25000, 28234, 28223, 0, 
70, 1, 17, 152, -1, 274, 340, 25.2, 30, ABarpaappa, 291, 28673, 37848, 1320, , 28673, 25000, 28891, 28802, 0, 
71, 1, 122, 280, -1, 153, 239, 8.5, 24, ABaraaapppa, 196, 28319, 21749, 768, , 28319, 25000, 29038, 29109, 0, 
72, 1, 118, 11, -1, 335, 232, 10.1, 26, ABarapapapp, 238, 28218, 22574, 800, , 28218, 25000, 29260, 29429, 0, 
73, 0, 183, -1, -1, 312, 181, 25.7, 24, , 196, 2383, 22600, 704, , 32102, 25000, 29668, 29719, 0, 
74, 1, 62, 227, -1, 216, 338, 21.5, 28, MSppappp, 256, 27526, 29728, 1080, , 27526, 25000, 28405, 28481, 0, 
75, 1, 124, 375, -1, 215, 283, 7.6, 23, ABarappppap, 102, 27758, 17765, 640, , 27758, 25000, 31781, 32079, 0, 
76, 1, 344, 266, -1, 281, 396, 16.7, 24, ABarpapppp, 223, 26419, 18599, 704, , 26419, 25000, 28480, 28536, 0, 
77, 1, 179, 445, -1, 533, 174, 21.2, 26, Capapap, 241, 27589, 21961, 796, , 27589, 25000, 27773, 27804, 0, 
78, 1, 399, 171, -1, 207, 333, 13.5, 23, ABpraaapaad, 224, 26634, 16833, 632, , 26634, 25000, 27888, 27884, 0, 
79, 1, 164, 190, -1, 260, 239, 6.3, 23, ABarappaaap, 189, 34613, 20491, 592, , 34613, 25000, 35155, 35081, 0, 
80, 1, 453, 138, -1, 479, 157, 25.4, 29, ABarppappa, 275, 27852, 32197, 1156, , 27852, 25000, 28662, 28678, 0, 
81, 1, 186, 540, -1, 189, 289, 25.7, 29, ABplaaaapa, 207, 28187, 30104, 1068, , 28187, 25000, 29202, 29336, 0, 
82, 1, 441, 127, -1, 321, 326, 7.9, 23, ABprppaaaap, 228, 27556, 13668, 496, , 27556, 25000, 29929, 30182, 0, 
83, 1, 280, 182, -1, 534, 217, 5.4, 28, ABprppppppa, 284, 45184, 44642, 988, , 45184, 25000, 40550, 40600, 0, 
84, 1, 125, 53, -1, 244, 277, 6.8, 23, ABarapppppa, 201, 31693, 17114, 540, , 31693, 25000, 32224, 31686, 0, 
85, 1, 489, 245, -1, 469, 196, 6.9, 24, ABplppppapp, 216, 31599, 19086, 604, , 31599, 25000, 31461, 31449, 0, 
86, 1, 39, 236, -1, 546, 322, 7.7, 25, ABprapappa, 249, 28025, 21411, 764, , 28025, 25000, 30480, 30514, 0, 
87, 1, 436, 172, -1, 264, 179, 15.8, 24, MSapapap, 234, 27933, 18324, 656, , 27933, 25000, 29073, 29201, 0, 
88, 0, 14, -1, -1, 342, 302, 4.4, 24, , 190, 854, 26132, 700, , 37331, 25000, 36392, 36477, 0, 
89, 1, 144, 476, -1, 267, 357, 19.2, 24, MSppppap, 220, 27241, 17870, 656, , 27241, 25000, 27904, 27881, 0, 
90, 1, 503, 526, -1, 348, 263, 8.5, 24, ABprpapppaa, 221, 28306, 21739, 768, , 28306, 25000, 29741, 29843, 0, 
91, 1, 18, 167, -1, 525, 343, 8.2, 24, ABprapapap, 224, 28316, 18575, 656, , 28316, 25000, 28283, 28363, 0, 
92, 1, 208, 105, -1, 235, 172, 9.3, 24, ABalppapppp, 28, 27982, 19699, 704, , 27982, 25000, 29177, 29350, 0, 
93, 1, 3, 121, -1, 165, 153, 21.3, 25, ABalpppaapd, 58, 27374, 20914, 764, , 27374, 25000, 27556, 27539, 0, 
94, 1, 158, 394, -1, 317, 150, 25.1, 26, ABarppaaap, 248, 27536, 22029, 800, , 27536, 25000, 28680, 28711, 0, 
95, 1, 161, 29, -1, 179, 178, 9.9, 23, ABalppapaaa, -130, 27861, 13819, 496, , 27861, 25000, 28142, 28367, 0, 
96, 1, 46, 292, -1, 279, 185, 9.2, 22, ABplpapaaaa, 195, 27879, 13828, 496, , 27879, 25000, 28907, 28988, 0, 
97, 1, 242, 230, -1, 478, 304, 9.0, 23, MSpappap, 237, 28094, 14384, 512, , 28094, 25000, 29387, 29494, 0, 
98, 1, 146, 50, -1, 452, 196, 9.9, 23, ABplppppaaa, 204, 26599, 13193, 496, , 26599, 25000, 28383, 28388, 0, 
99, 1, 426, 343, -1, 434, 305, 7.4, 23, ABprppappap, 165, 31173, 19951, 640, , 31173, 25000, 30121, 29975, 0, 
100, 1, 249, 241, -1, 151, 331, 21.6, 25, ABarpaaapap, 253, 27483, 22866, 832, , 27483, 25000, 28047, 28124, 0, 
101, 1, 214, 474, -1, 565, 290, 13.3, 24, Cpppapp, 206, 28134, 19806, 704, , 28134, 25000, 28759, 28733, 0, 
102, 1, 457, 337, -1, 192, 161, 18.0, 22, ABalapaapap, 223, 27487, 10555, 384, , 27487, 25000, 28609, 28743, 0, 
103, 1, 251, 490, -1, 475, 384, 21.5, 31, Caaaap, 0, 27681, 34103, 1232, , 27681, 25000, 27933, 27945, 0, 
104, 0, 130, -1, -1, 167, 269, 21.3, 24, , 231, 1580, 21176, 704, , 30080, 25000, 28545, 28500, 0, 
105, 1, 544, 14, -1, 540, 254, 8.3, 23, ABprapppapp, 180, 27821, 16470, 592, , 27821, 25000, 29072, 29104, 0, 
106, 1, 451, 271, -1, 444, 325, 11.2, 29, MSpapppp, 285, 27392, 30460, 1112, , 27392, 25000, 28798, 28778, 0, 
107, 1, 388, 187, -1, 290, 163, 21.7, 25, ABalppppppa, 137, 28069, 21445, 764, , 28069, 25000, 28627, 28677, 0, 
108, 1, 232, 456, -1, 335, 164, 11.2, 24, ABplppaapaa, 221, 27700, 18171, 656, , 27700, 25000, 28196, 28102, 0, 
109, 1, 38, 174, -1, 218, 214, 6.1, 24, ABalpapaapa, 118, 33947, 20504, 604, , 33947, 25000, 37211, 37471, 0, 
110, 1, 56, 159, -1, 171, 180, 13.6, 23, ABalppappaa, 163, 28028, 17938, 640, , 28028, 25000, 28382, 28585, 0, 
111, 0, 107, -1, -1, 83, 263, 15.8, 25, , 149, 3204, 20923, 704, , 29720, 25000, 26540, 26516, 0, 
112, 1, 408, 420, -1, 438, 173, 9.5, 25, ABplpppaaaa, 203, 29504, 22659, 768, , 29504, 25000, 27655, 27878, 0, 
113, 0, 244, -1, -1, 224, 161, 22.0, 24, , -144, -731, 17058, 608, , 28056, 25000, 28726, 28787, 0, 
114, 1, 69, 477, -1, 270, 342, 5.4, 25, ABpraappaa, 218, 38623, 32134, 832, , 38623, 25000, 39842, 41330, 0, 
115, 1, 120, 269, -1, 360, 138, 13.3, 26, ABplapaapa, 228, 28058, 24018, 856, , 28058, 25000, 28482, 28422, 0, 
116, 1, 58, 504, -1, 216, 303, 8.7, 24, ABprpaaaaaa, 56, 29051, 20452, 704, , 29051, 25000, 28905, 29015, 0, 
117, 1, 167, 163, -1, 472, 374, 10.8, 26, ABprappaap, 68, 27956, 22253, 796, , 27956, 25000, 28327, 28335, 0, 
118, 1, 74, 15, -1, 260, 291, 13.6, 25, ABarapaappa, -206, 28020, 23313, 832, , 28020, 25000, 28075, 28086, 0, 
119, 1, 110, 495, -1, 520, 286, 20.3, 32, Eprap, 318, 27993, 44341, 1584, , 27993, 25000, 29319, 29296, 0, 
120, 1, 25, 114, -1, 394, 135, 18.9, 28, ABplapaapp, 117, 26799, 29157, 1088, , 26799, 25000, 27936, 27921, 0, 
121, 1, 234, 100, -1, 521, 221, 16.5, 33, Eplpa, 324, 29144, 47330, 1624, , 29144, 25000, 30156, 30233, 0, 
122, 1, 481, 294, -1, 373, 307, 8.5, 23, ABprppaapap, 152, 28456, 17984, 632, , 28456, 25000, 29434, 29456, 0, 
123, 1, 65, 208, -1, 574, 191, 17.2, 27, Capppap, 242, 27594, 23952, 868, , 27594, 25000, 28220, 28198, 0, 
124, 1, 94, 40, -1, 497, 352, 8.8, 26, ABprappapp, -185, 27352, 21772, 796, , 27352, 25000, 28694, 28656, 0, 
125, 1, 322, 320, -1, 399, 251, 16.1, 30, Ealpa, 307, 28339, 38428, 1356, , 28339, 25000, 30012, 29999, 0, 
126, 1, 201, 132, -1, 297, 254, 5.7, 23, ABarappapaa, 79, 41954, 24837, 592, , 41954, 25000, 36494, 37253, 0, 
127, 1, 165, 263, -1, 113, 241, 20.4, 25, ABplaapaaaa, 84, 28114, 23391, 832, , 28114, 25000, 27288, 27296, 0, 
128, 1, 20, 103, -1, 224, 158, 16.4, 23, ABplpaaaaap, 203, 26778, 17138, 640, , 26778, 25000, 28911, 29172, 0, 
129, 1, 185, 237, -1, 322, 294, 6.6, 22, ABprpapaapp, 214, 32502, 18591, 572, , 32502, 25000, 33532, 33944, 0, 
130, 1, 417, 467, -1, 359, 298, 14.1, 26, MSpapappa, 181, 32254, 25803, 800, , 32254, 25000, 30888, 30408, 0, 
131, 1, 459, 43, -1, 573, 264, 10.3, 26, ABprapapppp, 228, 28502, 24398, 856, , 28502, 25000, 28257, 28361, 0, 
132, 1, 502, 65, -1, 375, 266, 20.0, 33, Ealaa, 332, 27828, 50313, 1808, , 27828, 25000, 28995, 29025, 0, 
133, 1, 384, 253, -1, 428, 268, 6.0, 24, ABprppaappp, 198, 34336, 20876, 608, , 34336, 25000, 33290, 33785, 0, 
134, 1, 64, 388, -1, 418, 193, 9.9, 23, ABplppaappp, 197, 26736, 13261, 496, , 26736, 25000, 27979, 27936, 0, 
135, 1, 487, 524, -1, 149, 223, 20.9, 22, ABalapappap, 166, 29300, 13595, 464, , 29300, 25000, 29156, 29432, 0, 
136, 1, 552, 220, -1, 134, 301, 12.5, 23, ABalappappa, 225, 27009, 17070, 632, , 27009, 25000, 28048, 28206, 0, 
137, 1, 440, 295, -1, 543, 156, 8.7, 26, ABplappppp, 206, 28380, 24293, 856, , 28380, 25000, 29507, 29507, 0, 
138, 1, 295, 249, -1, 509, 160, 17.4, 25, Capaapp, 193, 29309, 24385, 832, , 29309, 25000, 29058, 29084, 0, 
139, 1, 117, 197, -1, 534, 249, 20.4, 27, Eplap, 225, 29921, 29562, 988, , 29921, 25000, 29015, 28995, 0, 
140, 1, 252, 275, -1, 161, 242, 13.7, 24, ABaraaaapa, 209, 26808, 18873, 704, , 26808, 25000, 27201, 27028, 0, 
141, 1, 81, 96, -1, 558, 320, 20.7, 29, Cppppaa, 245, 26819, 28643, 1068, , 26819, 25000, 27775, 27841, 0, 
142, 1, 467, 181, -1, 487, 298, 11.6, 26, ABprpppppaa, 267, 28113, 23390, 832, , 28113, 25000, 28960, 29062, 0, 
143, 1, 22, 9, -1, 257, 145, 9.6, 24, ABalppaappp, 208, 27390, 19173, 700, , 27390, 25000, 28408, 28266, 0, 
144, 1, 119, 389, -1, 197, 171, 12.3, 24, ABalppappap, 296, 27472, 19340, 704, , 27472, 25000, 28390, 28673, 0, 
145, 0, 152, -1, -1, 213, 143, 10.4, 24, , 76, 331, 19808, 700, , 28297, 25000, 28016, 27966, 0, 
146, 1, 169, 290, -1, 178, 367, 17.4, 24, ABarpappaa, 247, 27937, 19556, 700, , 27937, 25000, 27744, 27761, 0, 
147, 1, 193, 16, -1, 245, 222, 5.0, 24, ABarappaapa, 174, 40082, 24370, 608, , 40082, 25000, 37893, 37308, 0, 
148, 1, 121, 82, -1, 295, 158, 13.5, 25, ABplppaaaaa, 237, 26797, 20580, 768, , 26797, 25000, 27975, 28153, 0, 
149, 1, 8, 148, -1, 183, 209, 8.5, 22, ABalpaappap, 185, 28012, 14342, 512, , 28012, 25000, 29546, 29545, 0, 
150, 0, 389, -1, -1, 352, 247, 18.3, 24, , 205, -1466, 19436, 704, , 27608, 25000, 29087, 29074, 0, 
151, 1, 140, 211, -1, 248, 241, 21.4, 27, ABaraapaapp, 223, 28238, 27899, 988, , 28238, 25000, 28604, 28548, 0, 
152, 1, 320, 186, -1, 331, 240, 12.5, 26, ABalpappapp, 237, 28507, 25542, 896, , 28507, 25000, 28210, 28288, 0, 
153, 1, 26, 395, -1, 242, 355, 7.9, 23, ABprpaapapp, 202, 29831, 14796, 496, , 29831, 25000, 29487, 29686, 0, 
154, 1, 350, 225, -1, 427, 270, 8.8, 24, MSppaapp, 242, 28098, 18432, 656, , 28098, 25000, 28927, 28862, 0, 
155, 0, 305, -1, -1, 201, 292, 20.5, 23, , 178, -609, 17479, 632, , 27657, 25000, 28263, 28266, 0, 
156, 0, 398, -1, -1, 356, 125, 16.8, 23, , 183, 3142, 17152, 540, , 31763, 25000, 28610, 28621, 0, 
157, 1, 195, 58, -1, 576, 325, 12.2, 25, ABarpppppp, 253, 27621, 19445, 704, , 27621, 25000, 27514, 27464, 0, 
158, 1, 90, 133, -1, 254, 327, 6.2, 23, ABprpaaapap, 191, 34533, 18648, 540, , 34533, 25000, 35988, 36173, 0, 
159, 1, 299, 517, -1, 237, 209, 13.8, 27, ABalpappaap, 267, 27713, 24055, 868, , 27713, 25000, 28594, 28765, 0, 
160, 0, 291, -1, -1, 296, 120, 12.9, 24, , 213, -261, 0, 0, , 0, 0, 0, 0, 0, 
161, 1, 479, 69, -1, 409, 200, 23.0, 25, Dapap, 257, 27423, 20951, 764, , 27423, 25000, 28625, 28625, 0, 
162, 1, 139, 501, -1, 287, 262, 15.0, 23, ABarapaappp, 195, 27104, 13877, 512, , 27104, 25000, 28345, 28263, 0, 
163, 1, 259, 443, -1, 299, 254, 10.6, 25, ABarapapppp, -152, 28285, 23533, 832, , 28285, 25000, 28502, 28520, 0, 
164, 1, 47, 129, -1, 314, 375, 11.6, 24, ABprpaappap, 234, 27151, 19006, 700, , 27151, 25000, 28917, 28973, 0, 
165, 1, 432, 23, -1, 475, 221, 11.6, 24, ABprpappppp, 213, 26671, 18670, 700, , 26671, 25000, 28715, 29219, 0, 
166, 1, 247, 500, -1, 338, 253, 25.0, 28, MSappppp, 258, 27398, 30905, 1128, , 27398, 25000, 28586, 28550, 0, 
167, 1, 93, 194, -1, 237, 186, 20.4, 24, ABplaapapaa, 229, 28029, 19620, 700, , 28029, 25000, 28883, 28990, 0, 
168, 1, 480, 49, -1, 377, 278, 11.4, 27, MSpapapa, 71, 46350, 45794, 988, , 46350, 25000, 31354, 31411, 0, 
169, 1, 225, 305, -1, 265, 180, 5.6, 25, ABalpapaaap, -70, 41298, 34360, 832, , 41298, 25000, 39880, 40462, 0, 
170, 1, 542, 487, -1, 261, 314, 19.9, 26, MSpaaaapp, 183, 28215, 22572, 800, , 28215, 25000, 28487, 28346, 0, 
171, 1, 136, 339, -1, 262, 352, 14.5, 27, ABpraapapap, 64, 29324, 26274, 896, , 29324, 25000, 27873, 27819, 0, 
172, 1, 265, 262, -1, 392, 279, 6.5, 23, ABarappappa, -256, 34462, 21780, 632, , 34462, 25000, 33671, 34280, 0, 
173, 1, 410, 99, -1, 556, 319, 14.9, 26, Cpppapa, 224, 27069, 21655, 800, , 27069, 25000, 28659, 28644, 0, 
174, 1, 300, 77, -1, 253, 249, 11.8, 23, ABarapapaap, 39, 29248, 15794, 540, , 29248, 25000, 27652, 27655, 0, 
175, 1, 419, 102, -1, 160, 289, 8.9, 24, ABalaaapprr, 222, 28778, 17382, 604, , 28778, 25000, 29255, 29304, 0, 
176, 1, 218, 115, -1, 414, 403, 16.0, 27, ABarppppap, 253, 28715, 29634, 1032, , 28715, 25000, 28216, 28230, 0, 
177, 1, 486, 328, -1, 453, 174, 21.7, 23, Capaaap, 237, 27514, 16288, 592, , 27514, 25000, 28823, 28694, 0, 
178, 1, 338, 1, -1, 229, 244, 11.2, 24, ABarapaaaap, -10, 28931, 18979, 656, , 28931, 25000, 28410, 28442, 0, 
179, 1, 293, 532, -1, 165, 225, 10.5, 24, ABaraaappaa, 238, 28401, 21812, 768, , 28401, 25000, 28256, 28142, 0, 
180, 1, 478, 179, -1, 447, 233, 8.9, 22, ABplpappppa, 210, 28026, 13004, 464, , 28026, 25000, 28055, 28036, 0, 
181, 1, 255, 284, -1, 140, 233, 15.2, 22, ABalaaaarlp, 196, 28784, 14277, 496, , 28784, 25000, 27943, 27841, 0, 
182, 1, 143, 374, -1, 366, 337, 6.5, 24, ABprapaapa, 206, 31298, 24037, 768, , 31298, 25000, 33087, 33094, 0, 
183, 1, 15, 31, -1, 496, 115, 12.5, 26, ABplapappa, 222, 26549, 23788, 896, , 26549, 25000, 28214, 28198, 0, 
184, 1, 365, 188, -1, 376, 270, 5.2, 23, ABprpaaaapa, 203, 40989, 22134, 540, , 40989, 25000, 36516, 36570, 0, 
185, 0, 84, -1, -1, 158, 153, 14.0, 23, , 29, -354, 13886, 512, , 27121, 25000, 27359, 27475, 0, 
186, 1, 91, 417, -1, 493, 117, 17.3, 27, ABplapapap, 469, 29601, 27351, 924, , 29601, 25000, 28394, 28458, 0, 
187, 1, 375, 460, -1, 465, 265, 22.4, 31, Eplaa, -148, 28450, 37896, 1332, , 28450, 25000, 29088, 29176, 0, 
188, 1, 141, 272, -1, 347, 360, 18.5, 25, Dpaap, 217, 27712, 21283, 768, , 27712, 25000, 28421, 28421, 0, 
189, 1, 188, 324, -1, 153, 308, 24.5, 27, ABarpapapa, -170, 28040, 25124, 896, , 28040, 25000, 28896, 28924, 0, 
190, 1, 50, 282, -1, 564, 302, 10.6, 27, ABprapppaa, -19, 27737, 27404, 988, , 27737, 25000, 28764, 28806, 0, 
191, 1, 102, 352, -1, 413, 302, 19.4, 32, Earap, 325, 29329, 43524, 1484, , 29329, 25000, 28776, 28885, 0, 
192, 1, 401, 153, -1, 489, 354, 17.8, 26, Cppapaa, 263, 26543, 21128, 796, , 26543, 25000, 28061, 28007, 0, 
193, 1, 13, 331, -1, 292, 217, 19.7, 25, ABaraapapaa, 209, 26274, 20073, 764, , 26274, 25000, 28768, 28825, 0, 
194, 1, 500, 503, -1, 176, 311, 20.8, 23, ABalapppapp, 134, 27294, 14739, 540, , 27294, 25000, 28748, 28675, 0, 
195, 1, 565, 206, -1, 472, 248, 10.5, 27, ABprpappppa, 0, 28243, 25306, 896, , 28243, 25000, 28793, 29120, 0, 
196, 1, 387, 329, -1, 390, 312, 7.2, 25, ABarappappp, -153, 28594, 20130, 704, , 28594, 25000, 31247, 31855, 0, 
197, 1, 289, 101, -1, 366, 381, 15.3, 25, ABprapaaapp, -11, 29486, 22527, 764, , 29486, 25000, 28888, 28981, 0, 
198, 1, 547, 519, -1, 387, 275, 8.6, 23, ABprpapappa, 229, 27309, 17478, 640, , 27309, 25000, 29923, 29641, 0, 
199, 1, 470, 306, -1, 374, 358, 13.7, 24, Dppaa, 169, 27594, 19426, 704, , 27594, 25000, 29702, 29720, 0, 
200, 1, 420, 353, -1, 338, 275, 11.4, 27, MSpapaaap, 207, 31777, 31396, 988, , 31777, 25000, 30317, 30035, 0, 
201, 1, 133, 307, -1, 278, 165, 25.5, 30, ABplaaappp, 112, 28247, 34800, 1232, , 28247, 25000, 29080, 29042, 0, 
202, 1, 192, 455, -1, 404, 218, 9.4, 22, ABplpapappp, 158, 28000, 16016, 572, , 28000, 25000, 29474, 29709, 0, 
203, 1, 230, 310, -1, 419, 144, 19.7, 27, ABplappaaa, 214, 28646, 26469, 924, , 28646, 25000, 28122, 28097, 0, 
204, 1, 137, 274, -1, 309, 238, 19.3, 26, ABaraapapap, 235, 28118, 24069, 856, , 28118, 25000, 28093, 28097, 0, 
205, 1, 126, 242, -1, 544, 167, 18.3, 26, Cappapa, 261, 27009, 23120, 856, , 27009, 25000, 28386, 28453, 0, 
206, 1, 250, 367, -1, 156, 179, 21.4, 24, ABalppppapp, 230, 27210, 19047, 700, , 27210, 25000, 28643, 28679, 0, 
207, 0, 370, -1, -1, 169, 306, 7.0, 23, , 197, 318, 17270, 512, , 33730, 25000, 33210, 33412, 0, 
208, 1, 333, 502, -1, 433, 212, 8.4, 23, ABplpapppaa, 182, 28477, 18225, 640, , 28477, 25000, 29352, 29345, 0, 
209, 1, 205, 30, -1, 206, 178, 16.7, 23, ABplpaapaaa, 106, 27721, 16411, 592, , 27721, 25000, 28283, 28663, 0, 
210, 1, 275, 47, -1, 120, 189, 16.2, 25, ABalaaapalr, 214, 28053, 19749, 704, , 28053, 25000, 27226, 27355, 0, 
211, 1, 31, 258, -1, 266, 163, 13.1, 26, ABplpaaappp, 201, 27708, 22166, 800, , 27708, 25000, 28603, 28759, 0, 
212, 1, 30, 315, -1, 364, 183, 19.8, 22, Dapaa, 163, 28988, 14378, 496, , 28988, 25000, 28478, 28459, 0, 
213, 1, 273, 497, -1, 340, 298, 13.2, 26, MSpapaapa, 187, 33508, 26672, 796, , 33508, 25000, 30277, 30075, 0, 
214, 1, 224, 380, -1, 245, 203, 7.9, 24, ABalpappapa, 223, 29391, 17752, 604, , 29391, 25000, 30691, 31065, 0, 
215, 1, 148, 362, -1, 306, 140, 19.8, 23, ABplpaappap, 215, 26702, 14419, 540, , 26702, 25000, 28225, 28216, 0, 
216, 1, 416, 7, -1, 333, 191, 11.1, 22, ABplpapapaa, 187, 28709, 13321, 464, , 28709, 25000, 29289, 29459, 0, 
217, 1, 288, 287, -1, 170, 352, 14.1, 23, ABpraapaapa, 122, 27915, 13846, 496, , 27915, 25000, 28193, 28101, 0, 
218, 1, 536, 212, -1, 160, 211, 11.5, 23, ABalpaappaa, 171, 27639, 17468, 632, , 27639, 25000, 28769, 28304, 0, 
219, 1, 78, 418, -1, 216, 350, 19.7, 29, MSppappa, 261, 27190, 29039, 1068, , 27190, 25000, 28468, 28548, 0, 
220, 1, 374, 311, -1, 550, 187, 9.1, 24, ABplppppppp, 202, 29697, 17937, 604, , 29697, 25000, 29544, 29719, 0, 
221, 1, 239, 277, -1, 320, 235, 5.6, 22, ABprpappaap, 203, 35759, 20454, 572, , 35759, 25000, 36526, 36368, 0, 
222, 1, 359, 482, -1, 366, 270, 26.1, 31, Cpaaaa, 313, 29218, 43242, 1480, , 29218, 25000, 28303, 28376, 0, 
223, 1, 310, 335, -1, 172, 243, 24.4, 24, ABplaaaaaap, 47, 26904, 18833, 700, , 26904, 25000, 28377, 28753, 0, 
224, 1, 351, 246, -1, 154, 263, 10.5, 25, ABalaapaaa, 255, 26665, 20479, 768, , 26665, 25000, 28299, 28339, 0, 
225, 0, 49, -1, -1, 371, 166, 10.9, 23, , 205, -1490, 13204, 496, , 26621, 25000, 28233, 28111, 0, 
226, 1, 396, 508, -1, 173, 322, 13.2, 25, ABpraaapapa, 198, 27892, 19636, 704, , 27892, 25000, 27853, 27708, 0, 
227, 1, 307, 203, -1, 273, 319, 10.9, 23, MSppapap, -44, 27802, 13790, 496, , 27802, 25000, 28297, 28264, 0, 
228, 1, 345, 349, -1, 186, 288, 8.9, 25, ABarappppaa, 190, 27706, 19062, 688, , 27706, 25000, 29148, 29416, 0, 
229, 1, 527, 494, -1, 282, 344, 22.1, 25, MSpppppa, 173, 28638, 19703, 688, , 28638, 25000, 27957, 27882, 0, 
230, 1, 308, 193, -1, 327, 217, 7.3, 24, ABplpappaaa, 197, 30358, 21372, 704, , 30358, 25000, 32344, 32718, 0, 
231, 1, 376, 25, -1, 342, 316, 25.4, 27, ABarppaapa, 256, 28419, 28078, 988, , 28419, 25000, 29336, 29322, 0, 
232, 1, 196, 330, -1, 507, 381, 15.0, 29, ABarpppppa, 161, 26880, 33009, 1228, , 26880, 25000, 28383, 28385, 0, 
233, 1, 72, 92, -1, 261, 218, 10.6, 24, ABalpappppa, 243, 27910, 19537, 700, , 27910, 25000, 28041, 28178, 0, 
234, 1, 411, 350, -1, 389, 228, 8.0, 24, ABprpappapp, -97, 29661, 18034, 608, , 29661, 25000, 30421, 30624, 0, 
235, 1, 491, 91, -1, 242, 159, 19.3, 25, ABalpppppap, 211, 27770, 21216, 764, , 27770, 25000, 28469, 28690, 0, 
236, 1, 407, 344, -1, 560, 240, 12.4, 29, Cpppppd, 287, 27992, 32359, 1156, , 27992, 25000, 29004, 29083, 0, 
237, 1, 282, 254, -1, 450, 135, 20.2, 28, ABplappaap, 50, 27498, 28928, 1052, , 27498, 25000, 27964, 27979, 0, 
238, 1, 554, 570, -1, 324, 316, 11.4, 24, MSpppapp, 134, 28087, 19661, 700, , 28087, 25000, 29391, 29344, 0, 
239, 1, 533, 470, -1, 202, 143, 15.8, 23, ABalpppapav, 200, 28035, 15139, 540, , 28035, 25000, 27599, 27620, 0, 
240, 1, 477, 296, -1, 375, 228, 14.6, 23, MSaapappp, 177, 28795, 18429, 640, , 28795, 25000, 31449, 30972, 0, 
241, 1, 23, 410, -1, 539, 335, 16.9, 26, Cppapap, 261, 29368, 23494, 800, , 29368, 25000, 28619, 28662, 0, 
242, 1, 237, 472, -1, 449, 301, 20.5, 29, Epraa, 234, 28049, 30293, 1080, , 28049, 25000, 28265, 28266, 0, 
243, 1, 334, 81, -1, 237, 164, 13.2, 24, ABplpaaappa, 270, 29518, 19364, 656, , 29518, 25000, 28863, 28797, 0, 
244, 1, 89, 93, -1, 179, 194, 25.5, 25, ABplaaapaa, -80, 29809, 22893, 768, , 29809, 25000, 29641, 29795, 0, 
245, 1, 277, 447, -1, 143, 198, 22.8, 22, ABalapaaapp, 166, 29450, 14607, 496, , 29450, 25000, 28605, 28748, 0, 
246, 1, 80, 41, -1, 235, 302, 6.1, 24, ABprpaaapaa, 67, 37134, 22429, 604, , 37134, 25000, 34255, 34094, 0, 
247, 1, 182, 451, -1, 321, 296, 23.2, 24, MSpaaapaa, 216, 29232, 19176, 656, , 29232, 25000, 28554, 28599, 0, 
248, 1, 539, 66, -1, 182, 168, 15.9, 22, ABalapaapaa, -243, 27735, 12869, 464, , 27735, 25000, 28215, 28554, 0, 
249, 1, 258, 154, -1, 263, 163, 8.0, 23, ABalppapapp, -194, 29604, 15157, 512, , 29604, 25000, 29853, 29941, 0, 
250, 1, 505, 427, -1, 539, 267, 5.9, 22, ABprpppaapp, 164, 38968, 18081, 464, , 38968, 25000, 38081, 38400, 0, 
251, 1, 178, 157, -1, 363, 407, 17.0, 26, ABarppppaa, 241, 27508, 23437, 852, , 27508, 25000, 27945, 27986, 0, 
252, 1, 298, 512, -1, 198, 210, 11.2, 24, ABalpaaaaaa, 218, 27227, 17861, 656, , 27227, 25000, 28272, 28193, 0, 
253, 1, 145, 279, -1, 315, 312, 15.5, 25, ABaraapppap, 246, 28286, 21724, 768, , 28286, 25000, 28131, 28244, 0, 
254, 1, 332, 85, -1, 176, 270, 24.8, 23, ABarpaaaapp, 521, 28691, 15493, 540, , 28691, 25000, 28113, 28150, 0, 
255, 1, 85, 164, -1, 212, 386, 15.1, 26, ABarpappap, 190, 27164, 21731, 800, , 27164, 25000, 27118, 27107, 0, 
256, 1, 311, 341, -1, 293, 187, 6.9, 24, ABalpapapaa, -52, 29834, 18020, 604, , 29834, 25000, 33739, 33852, 0, 
257, 1, 363, 450, -1, 184, 329, 24.4, 26, ABarpaapaa, 218, 29475, 24523, 832, , 29475, 25000, 29267, 29302, 0, 
258, 0, 347, -1, -1, 234, 241, 16.3, 24, , 515, 533, 20569, 704, , 29217, 25000, 28668, 28684, 0, 
259, 1, 213, 57, -1, 445, 150, 14.4, 24, ABplppapapp, 215, 27399, 19179, 700, , 27399, 25000, 28156, 28301, 0, 
260, 1, 330, 176, -1, 344, 160, 13.3, 22, ABplppaapap, 361, 29555, 15487, 524, , 29555, 25000, 28929, 29232, 0, 
261, 1, 303, 72, -1, 211, 222, 13.9, 22, ABaraaaaaap, 190, 27690, 12848, 464, , 27690, 25000, 28268, 28318, 0, 
262, 1, 52, 537, -1, 530, 270, 16.7, 33, Eprpa, 316, 28521, 49513, 1736, , 28521, 25000, 29811, 29893, 0, 
263, 1, 329, 345, -1, 483, 284, 5.3, 24, ABprpppaaap, 189, 36200, 25485, 704, , 36200, 25000, 35546, 35064, 0, 
264, 1, 545, 488, -1, 195, 219, 20.9, 24, MSapaaap, 210, 27972, 16895, 604, , 27972, 25000, 27926, 28137, 0, 
265, 1, 266, 411, -1, 173, 335, 19.5, 26, ABarpapaaap, 191, 27987, 25076, 896, , 27987, 25000, 27684, 27965, 0, 
266, 1, 229, 361, -1, 460, 174, 7.8, 23, ABplppppapa, 221, 29306, 15825, 540, , 29306, 25000, 29052, 29166, 0, 
267, 1, 364, 408, -1, 316, 146, 13.5, 24, ABplppaaaap, 175, 28073, 21560, 768, , 28073, 25000, 28181, 28115, 0, 
268, 1, 70, 48, -1, 402, 382, 10.5, 26, ABprapaapp, 260, 27095, 24277, 896, , 27095, 25000, 27830, 27907, 0, 
269, 1, 325, 364, -1, 385, 153, 13.9, 24, ABplppapaaa, 163, 27972, 16895, 604, , 27972, 25000, 28230, 28130, 0, 
270, 1, 268, 165, -1, 528, 122, 17.4, 26, ABarppappp, 229, 27428, 22820, 832, , 27428, 25000, 28290, 28321, 0, 
271, 1, 366, 486, -1, 493, 303, 5.5, 25, ABprppapppp, 215, 38025, 29203, 768, , 38025, 25000, 36731, 36839, 0, 
272, 1, 246, 393, -1, 297, 284, 6.9, 22, ABprpapaapa, 217, 30892, 14334, 464, , 30892, 25000, 33017, 32779, 0, 
273, 1, 173, 218, -1, 302, 248, 15.9, 23, ABaraapappp, 147, 28956, 14362, 496, , 28956, 25000, 28552, 28602, 0, 
274, 1, 270, 489, -1, 276, 382, 11.6, 27, ABpraaapppp, 248, 27436, 27107, 988, , 27436, 25000, 28646, 28678, 0, 
275, 1, 309, 289, -1, 353, 158, 21.5, 28, ABplapaaapp, 205, 28798, 31102, 1080, , 28798, 25000, 28774, 28780, 0, 
276, 1, 433, 426, -1, 164, 211, 24.5, 22, ABalapapppp, 200, 27838, 14253, 512, , 27838, 25000, 29014, 29449, 0, 
277, 1, 362, 28, -1, 315, 276, 10.9, 23, MSpapaaaa, 677, 31294, 15522, 496, , 31294, 25000, 29155, 29064, 0, 
278, 1, 294, 298, -1, 245, 200, 4.9, 22, ABalpapaapp, -5, 45625, 21170, 464, , 45625, 25000, 41172, 41348, 0, 
279, 1, 59, 87, -1, 473, 333, 8.3, 23, ABprppapapp, -143, 28044, 16602, 592, , 28044, 25000, 28989, 28903, 0, 
280, 1, 297, 533, -1, 239, 175, 7.0, 22, ABalppapapa, 221, 31151, 11962, 384, , 31151, 25000, 33897, 34128, 0, 
281, 1, 318, 166, -1, 133, 196, 19.1, 24, ABalapaaapa, 182, 28904, 17458, 604, , 28904, 25000, 28153, 28188, 0, 
282, 1, 29, 431, -1, 449, 224, 15.2, 32, Z3, 323, 26572, 42727, 1608, , 26572, 25000, 28536, 28549, 0, 
283, 1, 514, 535, -1, 225, 309, 19.9, 23, MSpaaaapa, 235, 26869, 13327, 496, , 26869, 25000, 29216, 29217, 0, 
284, 1, 326, 244, -1, 516, 242, 8.6, 24, Cpppppv, 244, 27716, 19401, 700, , 27716, 25000, 30024, 30248, 0, 
285, 1, 301, 26, -1, 461, 316, 6.5, 24, ABprppapppa, 172, 31895, 24495, 768, , 31895, 25000, 32702, 32437, 0, 
286, 1, 518, 34, -1, 194, 224, 16.8, 23, ABalpaapaap, 195, 27263, 14722, 540, , 27263, 25000, 28238, 28059, 0, 
287, 1, 296, 385, -1, 221, 259, 24.9, 27, MSapappp, 264, 28393, 25781, 908, , 28393, 25000, 28628, 28895, 0, 
288, 1, 227, 8, -1, 433, 378, 11.4, 26, ABprappaaa, 277, 27331, 22739, 832, , 27331, 25000, 27855, 27903, 0, 
289, 1, 181, 338, -1, 319, 304, 20.6, 26, MSpaaappp, 227, 28327, 23568, 832, , 28327, 25000, 28201, 28367, 0, 
290, 1, 372, 547, -1, 330, 273, 20.0, 23, MSaaaappp, 478, 28496, 14590, 512, , 28496, 25000, 28446, 28532, 0, 
291, 1, 226, 51, -1, 279, 212, 14.5, 24, ABalpapppap, -193, 28043, 21537, 768, , 28043, 25000, 28771, 28809, 0, 
292, 1, 424, 293, -1, 545, 163, 15.6, 27, Cappapp, 261, 27893, 27558, 988, , 27893, 25000, 28622, 28664, 0, 
293, 1, 16, 401, -1, 494, 249, 20.6, 31, Ealpp, 311, 27721, 36925, 1332, , 27721, 25000, 29431, 29491, 0, 
294, 1, 57, 106, -1, 301, 289, 12.7, 24, ABaraappppa, 195, 27393, 19285, 704, , 27393, 25000, 28609, 28594, 0, 
295, 1, 367, 461, -1, 315, 346, 17.2, 24, MSpppaaa, 183, 28201, 18500, 656, , 28201, 25000, 27598, 27623, 0, 
296, 1, 369, 539, -1, 217, 143, 12.6, 23, ABplpaaapaa, 202, 28695, 18365, 640, , 28695, 25000, 28723, 28603, 0, 
297, 0, -1, -1, -1, 201, 163, 20.9, 23, , 201, 655, 14474, 496, , 29181, 25000, 28492, 28526, 0, 
298, 1, 88, 405, -1, 499, 156, 9.6, 24, ABplpppaapa, 190, 27944, 19561, 700, , 27944, 25000, 28326, 28354, 0, 
299, 1, 532, 553, -1, 139, 258, 15.0, 22, ABalapppaaa, 189, 28294, 10865, 384, , 28294, 25000, 27326, 27163, 0, 
300, 1, 482, 548, -1, 332, 382, 22.2, 30, ABarpppapa, 277, 28740, 37937, 1320, , 28740, 25000, 27938, 27915, 0, 
301, 1, 106, 192, -1, 195, 311, 15.3, 24, MSppaaap, 241, 28216, 19864, 704, , 28216, 25000, 28037, 28127, 0, 
302, 1, 471, 348, -1, 455, 172, 14.0, 22, MSpappaa, 183, 28547, 10962, 384, , 28547, 25000, 28466, 28638, 0, 
303, 0, 215, -1, -1, 553, 124, 14.9, 22, , 198, 1165, 13324, 464, , 28716, 25000, 27456, 27551, 0, 
304, 1, 437, 27, -1, 214, 166, 25.6, 35, ABplaaapap, 273, 28002, 54100, 1932, , 28002, 25000, 28790, 28933, 0, 
305, 1, 24, 17, -1, 167, 172, 24.0, 24, ABplaapaapa, 371, 27520, 16732, 608, , 27520, 25000, 28464, 28400, 0, 
306, 1, 43, 434, -1, 324, 166, 22.1, 28, ABplapaaapa, 332, 27548, 29972, 1088, , 27548, 25000, 28755, 28896, 0, 
307, 1, 238, 151, -1, 276, 174, 10.7, 22, ABplpapaapa, 171, 28197, 14775, 524, , 28197, 25000, 28578, 28403, 0, 
308, 0, 207, -1, -1, 150, 333, 13.2, 23, , 398, 641, 15351, 540, , 28428, 25000, 27922, 27787, 0, 
309, 1, 341, 59, -1, 136, 286, 10.4, 25, ABalaaapprl, 215, 28218, 23477, 832, , 28218, 25000, 28221, 28352, 0, 
310, 1, 386, 141, -1, 202, 133, 19.0, 24, ABplpaapapa, 228, 29225, 17769, 608, , 29225, 25000, 27451, 27479, 0, 
311, 1, 458, 592, -1, 493, 198, 5.5, 31, ABplpppapap, 258, 36600, 45091, 1232, , 36600, 25000, 36416, 36901, 0, 
312, 1, 450, 288, -1, 412, 363, 13.9, 27, Cppaaaa, 217, 29065, 26391, 908, , 29065, 25000, 28948, 28995, 0, 
313, 1, 34, 111, -1, 513, 123, 10.0, 24, ABplappppa, 213, 27329, 16616, 608, , 27329, 25000, 26965, 26946, 0, 
314, 1, 464, 196, -1, 334, 263, 5.5, 26, ABarappapap, -170, 38246, 34268, 896, , 38246, 25000, 36165, 37110, 0, 
315, 1, 355, 360, -1, 266, 295, 23.8, 25, MSaaaapaa, 822, 27449, 19324, 704, , 27449, 25000, 28844, 28654, 0, 
316, 1, 499, 436, -1, 252, 276, 22.1, 24, MSaaaaapp, 960, 29361, 17734, 604, , 29361, 25000, 28579, 28595, 0, 
317, 1, 35, 45, -1, 360, 208, 14.9, 25, MSaapapa, -181, 46068, 31695, 688, , 46068, 25000, 31141, 31354, 0, 
318, 1, 129, 442, -1, 232, 190, 26.1, 28, ABplaaappa, -175, 29480, 32074, 1088, , 29480, 25000, 29660, 29888, 0, 
319, 1, 492, 516, -1, 217, 319, 12.4, 24, ABpraaapaav, 163, 28351, 19846, 700, , 28351, 25000, 27507, 27681, 0, 
320, 1, 51, 24, -1, 269, 266, 6.7, 24, ABarapppppp, 191, 32013, 22537, 704, , 32013, 25000, 33101, 32671, 0, 
321, 1, 474, 113, -1, 190, 328, 7.4, 23, ABpraaaaaaa, 190, 29933, 19157, 640, , 29933, 25000, 31209, 31283, 0, 
322, 1, 210, 412, -1, 376, 207, 10.2, 22, ABplpapappa, 173, 28776, 14273, 496, , 28776, 25000, 28438, 28582, 0, 
323, 1, 135, 439, -1, 364, 246, 6.5, 24, ABprpappapa, 197, 32721, 25130, 768, , 32721, 25000, 33672, 33833, 0, 
324, 1, 443, 6, -1, 350, 313, 7.7, 22, ABprppaapaa, 285, 27884, 14611, 524, , 27884, 25000, 30403, 30749, 0, 
325, 1, 462, 39, -1, 306, 185, 9.9, 23, ABplpapaaap, 198, 26911, 13348, 496, , 26911, 25000, 29282, 29390, 0, 
326, 1, 379, 480, -1, 600, 238, 12.3, 29, Caappd, 271, 27905, 29803, 1068, , 27905, 25000, 27895, 27881, 0, 
327, 1, 358, 239, -1, 407, 177, 19.8, 25, Capaaaa, 216, 28605, 20138, 704, , 28605, 25000, 28903, 28926, 0, 
328, 1, 202, 35, -1, 128, 193, 12.2, 23, ABalaaaalpa, 237, 26759, 14450, 540, , 26759, 25000, 27300, 27386, 0, 
329, 1, 476, 251, -1, 407, 325, 8.4, 23, ABprppapaaa, 188, 27269, 17452, 640, , 27269, 25000, 29225, 29701, 0, 
330, 1, 33, 250, -1, 517, 138, 22.2, 30, ABplapapaa, 304, 27218, 35928, 1320, , 27218, 25000, 28441, 28450, 0, 
331, 1, 95, 44, -1, 250, 191, 23.7, 24, ABplaapappa, 214, 27703, 19503, 704, , 27703, 25000, 28684, 28648, 0, 
332, 1, 449, 531, -1, 297, 251, 24.5, 24, MSappppa, 218, 27750, 21312, 768, , 27750, 25000, 28730, 28850, 0, 
333, 1, 40, 452, -1, 326, 402, 18.4, 25, ABarpppaap, 197, 27661, 23014, 832, , 27661, 25000, 28207, 28210, 0, 
334, 1, 256, 555, -1, 495, 250, 26.2, 29, Cpaapa, 297, 28668, 31879, 1112, , 28668, 25000, 29248, 29218, 0, 
335, 1, 92, 98, -1, 197, 281, 17.6, 25, ABaraappaap, 204, 29100, 24211, 832, , 29100, 25000, 27869, 27956, 0, 
336, 1, 211, 42, -1, 201, 166, 14.2, 23, ABplpaaaaaa, -79, 27089, 14628, 540, , 27089, 25000, 27591, 28017, 0, 
337, 1, 371, 515, -1, 246, 372, 15.6, 26, ABpraapappp, 201, 28446, 23667, 832, , 28446, 25000, 28056, 28279, 0, 
338, 1, 216, 226, -1, 207, 240, 18.7, 26, ABaraapaapa, 233, 27854, 23843, 856, , 27854, 25000, 27843, 27902, 0, 
339, 1, 187, 198, -1, 215, 252, 6.7, 25, ABarappaaaa, 210, 32610, 24914, 764, , 32610, 25000, 34150, 34083, 0, 
340, 1, 521, 142, -1, 386, 196, 12.7, 22, ABplppappaa, 408, 27248, 14278, 524, , 27248, 25000, 28657, 28842, 0, 
341, 1, 292, 79, -1, 427, 266, 20.5, 29, Ealap, 291, 28250, 30510, 1080, , 28250, 25000, 29230, 29255, 0, 
342, 1, 488, 355, -1, 134, 220, 11.1, 23, ABalpaapppa, 117, 27760, 13769, 496, , 27760, 25000, 27491, 27528, 0, 
343, 1, 319, 359, -1, 276, 233, 17.1, 22, ABalpaaappp, 205, 28459, 13205, 464, , 28459, 25000, 28692, 28788, 0, 
344, 1, 67, 278, -1, 430, 182, 12.1, 23, ABplppapppa, 188, 28768, 14269, 496, , 28768, 25000, 28279, 28396, 0, 
345, 1, 223, 371, -1, 426, 229, 12.2, 24, MSapaapp, 240, 28160, 18473, 656, , 28160, 25000, 29299, 29287, 0, 
346, 1, 337, 321, -1, 177, 244, 16.5, 24, ABaraapaaaa, 216, 28586, 21954, 768, , 28586, 25000, 27383, 27424, 0, 
347, 1, 494, 499, -1, 204, 269, 20.4, 22, MSaaaaapa, 7, 26960, 15421, 572, , 26960, 25000, 27822, 27916, 0, 
348, 1, 1, 333, -1, 135, 276, 24.3, 28, ABarpaaaapa, 173, 28914, 30764, 1064, , 28914, 25000, 28161, 28052, 0, 
349, 1, 445, 471, -1, 409, 296, 4.6, 24, ABprpaaaapp, 196, 36320, 25424, 700, , 36320, 25000, 35630, 35503, 0, 
350, 1, 342, 483, -1, 183, 268, 6.7, 23, ABarapppaaa, 229, 34367, 20345, 592, , 34367, 25000, 34136, 34103, 0, 
351, 1, 112, 21, -1, 209, 299, 25.6, 28, ABplaaaapp, 132, 28824, 28478, 988, , 28824, 25000, 29300, 29455, 0, 
352, 1, 75, 312, -1, 261, 171, 21.2, 24, ABplaapapap, 93, 27534, 18062, 656, , 27534, 25000, 29345, 29653, 0, 
353, 1, 400, 273, -1, 171, 140, 15.6, 24, ABalpppaaaa, 179, 28113, 19679, 700, , 28113, 25000, 27598, 27639, 0, 
354, 1, 109, 214, -1, 344, 295, 22.0, 24, MSpaaapap, 205, 27219, 16549, 608, , 27219, 25000, 27999, 28166, 0, 
355, 1, 468, 285, -1, 371, 191, 24.4, 27, ABarppaapp, 255, 27623, 27292, 988, , 27623, 25000, 29307, 29250, 0, 
356, 1, 512, 64, -1, 261, 350, 12.5, 27, ABpraaappap, 246, 27871, 24972, 896, , 27871, 25000, 28145, 27967, 0, 
357, 1, 414, 184, -1, 285, 189, 20.2, 25, MSapapaa, -34, 28832, 20298, 704, , 28832, 25000, 28422, 28406, 0, 
358, 1, 550, 536, -1, 364, 125, 19.7, 26, ABplaapppp, 208, 27882, 23867, 856, , 27882, 25000, 27861, 27859, 0, 
359, 0, 115, -1, -1, 213, 359, 13.1, 24, , 321, 497, 17468, 604, , 28921, 25000, 28374, 28424, 0, 
360, 1, 149, 322, -1, 267, 132, 21.0, 29, ABalppppppp, 240, 26888, 33018, 1228, , 26888, 25000, 28089, 28153, 0, 
361, 1, 236, 347, -1, 297, 350, 6.5, 26, ABpraappap, 28, 31954, 28631, 896, , 31954, 25000, 35763, 35731, 0, 
362, 1, 48, 63, -1, 183, 236, 7.2, 25, ABaraaappap, 217, 31375, 22088, 704, , 31375, 25000, 32266, 31792, 0, 
363, 0, 116, -1, -1, 261, 252, 14.5, 22, , 2, 2001, 15290, 512, , 29863, 25000, 27865, 27862, 0, 
364, 1, 456, 144, -1, 237, 203, 10.0, 22, ABalpaaaapp, 203, 25906, 9948, 384, , 25906, 25000, 28771, 28931, 0, 
365, 1, 442, 20, -1, 407, 178, 14.0, 23, ABplppapaap, 209, 26971, 13809, 512, , 26971, 25000, 28841, 29085, 0, 
366, 1, 454, 140, -1, 384, 179, 16.6, 25, MSaapppa, 247, 27458, 22845, 832, , 27458, 25000, 28974, 28995, 0, 
367, 0, 556, -1, -1, 136, 255, 18.6, 25, , 283, -1222, 22326, 832, , 26834, 25000, 27986, 28056, 0, 
368, 1, 343, 458, -1, 452, 368, 17.5, 28, Cpppaaa, 242, 26765, 28906, 1080, , 26765, 25000, 28710, 28692, 0, 
369, 1, 219, 370, -1, 480, 241, 6.9, 24, ABprppppapp, 424, 32566, 19670, 604, , 32566, 25000, 32797, 33048, 0, 
370, 0, 77, -1, -1, 217, 295, 4.6, 23, , 208, -1876, 22844, 640, , 35694, 25000, 37856, 37570, 0, 
371, 1, 221, 204, -1, 338, 381, 14.9, 25, ABprapaaapa, -2, 27571, 18969, 688, , 27571, 25000, 29076, 29230, 0, 
372, 1, 4, 265, -1, 486, 157, 13.0, 28, Capapp, 286, 28230, 31843, 1128, , 28230, 25000, 28781, 28665, 0, 
373, 1, 549, 493, -1, 457, 204, 11.5, 23, ABplppppaap, 38, 27505, 17383, 632, , 27505, 25000, 27835, 27748, 0, 
374, 0, 381, -1, -1, 380, 295, 17.1, 24, , 222, -83, 18005, 604, , 29810, 25000, 29592, 29893, 0, 
375, 1, 262, 325, -1, 510, 190, 9.4, 23, Cappppv, 217, 27239, 17433, 640, , 27239, 25000, 29116, 29101, 0, 
376, 1, 526, 191, -1, 271, 287, 5.0, 22, ABalaapappp, 168, 38943, 14954, 384, , 38943, 25000, 36960, 36829, 0, 
377, 1, 339, 202, -1, 330, 154, 17.1, 23, Daapa, 178, 28077, 13926, 496, , 28077, 25000, 29188, 29323, 0, 
378, 1, 254, 398, -1, 359, 217, 18.3, 27, MSaapaapp, 88, 31539, 29142, 924, , 31539, 25000, 30810, 30521, 0, 
379, 1, 44, 259, -1, 249, 348, 9.9, 24, ABprpaapaap, 232, 28505, 17217, 604, , 28505, 25000, 29001, 28849, 0, 
380, 1, 171, 235, -1, 301, 207, 24.8, 25, ABplapaaaap, 215, 29283, 20615, 704, , 29283, 25000, 28604, 28673, 0, 
381, 1, 96, 463, -1, 401, 241, 24.5, 29, Dappa, 268, 27436, 29631, 1080, , 27436, 25000, 29445, 29445, 0, 
382, 1, 427, 309, -1, 481, 354, 13.5, 24, Cppaapa, 198, 27642, 21229, 768, , 27642, 25000, 28362, 28508, 0, 
383, 1, 495, 346, -1, 266, 152, 18.6, 24, ABplpaappaa, 242, 26856, 18799, 700, , 26856, 25000, 28405, 28757, 0, 
384, 1, 383, 521, -1, 539, 216, 9.1, 23, Caapap, 229, 29065, 14416, 496, , 29065, 25000, 28811, 28859, 0, 
385, 1, 166, 257, -1, 483, 162, 7.3, 24, ABplpppapaa, -64, 27422, 19305, 704, , 27422, 25000, 31522, 31789, 0, 
386, 1, 198, 216, -1, 517, 264, 6.5, 23, ABprpppaapa, 176, 32552, 20573, 632, , 32552, 25000, 34594, 34456, 0, 
387, 1, 423, 128, -1, 251, 157, 23.4, 25, ABplaapappp, 222, 28290, 23537, 832, , 28290, 25000, 28976, 29081, 0, 
388, 1, 546, 161, -1, 372, 313, 18.4, 35, Earaa, -47, 28635, 55323, 1932, , 28635, 25000, 29942, 30095, 0, 
389, 1, 180, 429, -1, 402, 175, 10.6, 23, ABplpaaaapp, 204, 27680, 17715, 640, , 27680, 25000, 27838, 28077, 0, 
390, 1, 510, 520, -1, 194, 323, 18.2, 23, ABarpapaapp, 242, 26085, 14086, 540, , 26085, 25000, 27250, 27396, 0, 
391, 1, 472, 136, -1, 508, 148, 6.9, 23, ABplpppaapp, 218, 31663, 15705, 496, , 31663, 25000, 34168, 34354, 0, 
392, 1, 222, 32, -1, 293, 224, 4.8, 23, ABarappaapp, 14, 37943, 20489, 540, , 37943, 25000, 36625, 36152, 0, 
393, 1, 415, 317, -1, 479, 180, 15.8, 25, ABplpppppaa, 257, 27580, 19416, 704, , 27580, 25000, 28844, 28852, 0, 
394, 1, 7, 200, -1, 512, 208, 24.6, 28, Cappaap, 245, 28720, 28375, 988, , 28720, 25000, 28760, 28724, 0, 
395, 1, 378, 107, -1, 518, 159, 11.4, 24, ABplapppapp, 257, 28936, 20255, 700, , 28936, 25000, 28612, 28672, 0, 
396, 1, 264, 414, -1, 535, 351, 21.4, 30, Caaapa, 289, 27369, 31639, 1156, , 27369, 25000, 28115, 28057, 0, 
397, 1, 324, 506, -1, 190, 249, 18.8, 23, ABaraapaaap, 193, 27428, 14811, 540, , 27428, 25000, 27348, 26896, 0, 
398, 1, 402, 403, -1, 255, 216, 20.0, 23, ABalpaapapp, 234, 26250, 13440, 512, , 26250, 25000, 27702, 27689, 0, 
399, 1, 501, 336, -1, 351, 247, 21.6, 28, MSaaappp, 787, 29643, 29287, 988, , 29643, 25000, 28633, 28743, 0, 
400, 1, 509, 70, -1, 253, 309, 16.9, 25, ABaraappapp, 236, 27039, 18603, 688, , 27039, 25000, 28009, 27939, 0, 
401, 1, 199, 473, -1, 350, 275, 7.2, 22, ABprpapapaa, 168, 29673, 14718, 496, , 29673, 25000, 31816, 32143, 0, 
402, 1, 257, 146, -1, 496, 263, 10.1, 24, ABprpppppap, 445, 28222, 17046, 604, , 28222, 25000, 29224, 29121, 0, 
403, 1, 28, 162, -1, 580, 268, 17.4, 28, Cppppap, 214, 26933, 26610, 988, , 26933, 25000, 28669, 28777, 0, 
404, 1, 306, 112, -1, 282, 229, 25.6, 27, ABarppaaaa, 224, 28313, 27973, 988, , 28313, 25000, 29010, 29071, 0, 
405, 1, 184, 422, -1, 450, 201, 24.1, 27, Cappaaa, 277, 27776, 25221, 908, , 27776, 25000, 28533, 28555, 0, 
406, 1, 323, 89, -1, 218, 304, 11.1, 23, ABprpaapaaa, 59, 27079, 13431, 496, , 27079, 25000, 27979, 28189, 0, 
407, 1, 286, 19, -1, 146, 239, 22.9, 23, ABplaaaaaaa, 89, 28296, 14035, 496, , 28296, 25000, 28342, 28317, 0, 
408, 1, 447, 319, -1, 216, 126, 14.8, 22, ABalpppapad, 82, 27532, 13656, 496, , 27532, 25000, 27997, 28164, 0, 
409, 1, 154, 5, -1, 589, 166, 15.6, 29, Cpapaa, 237, 27466, 31751, 1156, , 27466, 25000, 28087, 28036, 0, 
410, 1, 548, 205, -1, 206, 206, 9.6, 22, ABalpaaaapa, 219, 28813, 16481, 572, , 28813, 25000, 29680, 30275, 0, 
411, 1, 525, 465, -1, 200, 272, 13.7, 24, ABaraaapaap, 85, 28317, 19935, 704, , 28317, 25000, 27999, 27966, 0, 
412, 1, 507, 209, -1, 580, 203, 11.3, 26, Cpappv, 234, 27987, 23957, 856, , 27987, 25000, 29162, 29334, 0, 
413, 0, 217, -1, -1, 312, 267, 21.5, 23, , 330, -106, 17705, 632, , 28014, 25000, 28109, 28120, 0, 
414, 1, 430, 178, -1, 334, 208, 20.8, 24, MSappaaa, 153, 28998, 19023, 656, , 28998, 25000, 29714, 29719, 0, 
415, 1, 421, 377, -1, 294, 289, 23.5, 25, MSaaaapap, 370, 27738, 21303, 768, , 27738, 25000, 28775, 28692, 0, 
416, 1, 523, 421, -1, 193, 239, 24.4, 24, ABplaaaaapp, 193, 27411, 19188, 700, , 27411, 25000, 28523, 28473, 0, 
417, 1, 283, 137, -1, 233, 331, 15.1, 24, ABpraapapaa, 294, 27306, 16493, 604, , 27306, 25000, 27502, 27493, 0, 
418, 1, 281, 302, -1, 463, 360, 14.3, 25, Cppaaap, 197, 27330, 20880, 764, , 27330, 25000, 28439, 28489, 0, 
419, 1, 274, 301, -1, 389, 231, 12.8, 23, MSaappap, 269, 29533, 15948, 540, , 29533, 25000, 29523, 29705, 0, 
420, 1, 483, 462, -1, 366, 378, 10.1, 29, ABpraapppp, 261, 27711, 33475, 1208, , 27711, 25000, 29247, 29269, 0, 
421, 1, 425, 440, -1, 523, 326, 12.4, 25, Cppaapp, 200, 28691, 23871, 832, , 28691, 25000, 28667, 28667, 0, 
422, 1, 349, 215, -1, 590, 278, 12.1, 22, ABprapapppa, 202, 28847, 13385, 464, , 28847, 25000, 28497, 28482, 0, 
423, 0, 524, -1, -1, 524, 201, 4.9, 20, , 107, 4498, 15078, 316, , 47715, 25000, 44000, 43217, 0, 
424, 1, 100, 479, -1, 388, 392, 18.7, 28, ABarpppapp, 226, 27950, 29739, 1064, , 27950, 25000, 28808, 28729, 0, 
425, 1, 356, 308, -1, 224, 231, 24.6, 26, MSapappa, 251, 28530, 23737, 832, , 28530, 25000, 28644, 28737, 0, 
426, 1, 68, 527, -1, 364, 285, 8.7, 22, ABprpapapap, 276, 30531, 15998, 524, , 30531, 25000, 30065, 30429, 0, 
427, 1, 41, 2, -1, 122, 293, 19.5, 24, ABarpaaaaar, 211, 27806, 21355, 768, , 27806, 25000, 27896, 28010, 0, 
428, 1, 484, 484, -1, 325, 219, 17.6, 25, MSaapaapa, 182, 28978, 24110, 832, , 28978, 25000, 29063, 28770, 0, 
429, 1, 335, 36, -1, 352, 174, 8.9, 23, ABplpaaaapa, 231, 28813, 14291, 496, , 28813, 25000, 29572, 29482, 0, 
430, 1, 404, 523, -1, 308, 324, 18.3, 22, MSpaapaap, 158, 27460, 14389, 524, , 27460, 25000, 28922, 29048, 0, 
431, 1, 485, 358, -1, 318, 183, 19.1, 22, Daaaa, 206, 27718, 12861, 464, , 27718, 25000, 29335, 29340, 0, 
432, 1, 517, 117, -1, 155, 166, 18.4, 24, ABalapaappp, 179, 28364, 19855, 700, , 28364, 25000, 28263, 28091, 0, 
433, 1, 553, 437, -1, 287, 256, 21.8, 22, MSaaapapa, 229, 27911, 13844, 496, , 27911, 25000, 27920, 27926, 0, 
434, 0, 444, -1, -1, 233, 181, 16.0, 22, , 144, 673, 11139, 384, , 29008, 25000, 28224, 28335, 0, 
435, 1, 394, 415, -1, 380, 366, 22.6, 32, Dpppa, 300, 28259, 41937, 1484, , 28259, 25000, 28605, 28605, 0, 
436, 1, 147, 342, -1, 394, 199, 9.0, 23, ABplppaappa, 144, 28029, 14351, 512, , 28029, 25000, 28633, 28912, 0, 
437, 1, 413, 369, -1, 288, 237, 9.4, 25, ABarapapppa, 59, 27673, 23024, 832, , 27673, 25000, 28538, 28621, 0, 
438, 0, -1, -1, -1, 215, 211, 22.2, 23, , 350, 165, 15533, 540, , 28765, 25000, 28416, 28600, 0, 
439, 1, 2, 283, -1, 143, 159, 16.6, 24, ABalaaapall, 199, 28387, 19871, 700, , 28387, 25000, 27977, 27867, 0, 
440, 1, 346, 135, -1, 174, 199, 20.5, 26, ABalapaaaa, 84, 28479, 25517, 896, , 28479, 25000, 28248, 28443, 0, 
441, 1, 159, 158, -1, 198, 136, 13.2, 23, ABalpppaaap, 167, 29474, 15916, 540, , 29474, 25000, 27562, 27399, 0, 
442, 1, 104, 173, -1, 181, 262, 13.2, 23, ABaraaapaaa, 201, 27794, 15009, 540, , 27794, 25000, 27598, 27497, 0, 
443, 1, 231, 67, -1, 222, 323, 5.5, 22, ABpraaaaaap, -183, 41703, 21352, 512, , 41703, 25000, 40234, 40980, 0, 
444, 1, 114, 18, -1, 435, 299, 25.8, 32, Cpaaap, 324, 29033, 46685, 1608, , 29033, 25000, 28634, 28634, 0, 
445, 1, 285, 73, -1, 241, 122, 16.1, 24, ABplpaapapp, 191, 27555, 16643, 604, , 27555, 25000, 27276, 27322, 0, 
446, 1, 353, 424, -1, 471, 170, 20.3, 29, Capaapa, 298, 28433, 30366, 1068, , 28433, 25000, 28465, 28576, 0, 
447, 1, 203, 83, -1, 318, 285, 14.9, 23, ABaraappppp, 202, 30163, 14961, 496, , 30163, 25000, 27605, 27584, 0, 
448, 1, 438, 510, -1, 112, 270, 14.4, 24, ABalaaappll, 151, 27053, 18937, 700, , 27053, 25000, 27181, 26897, 0, 
449, 1, 82, 243, -1, 290, 307, 5.8, 23, ABprpaapppp, 219, 39487, 21323, 540, , 39487, 25000, 35100, 35386, 0, 
450, 1, 71, 95, -1, 505, 248, 5.0, 23, ABprpppapaa, 187, 37039, 18964, 512, , 37039, 25000, 37333, 37524, 0, 
451, 1, 498, 314, -1, 294, 377, 14.5, 25, ABpraaapppa, 238, 27358, 21011, 768, , 27358, 25000, 27843, 27880, 0, 
452, 1, 448, 256, -1, 242, 132, 13.9, 23, ABplpaaapap, 203, 27173, 13478, 496, , 27173, 25000, 28431, 28380, 0, 
453, 1, 131, 402, -1, 228, 298, 22.7, 26, MSpaaaaaa, 47, 27882, 23867, 856, , 27882, 25000, 28349, 28390, 0, 
454, 1, 429, 180, -1, 337, 344, 22.1, 26, MSpppppp, 249, 28913, 23130, 800, , 28913, 25000, 27898, 27886, 0, 
455, 1, 385, 435, -1, 220, 347, 6.8, 24, ABpraaaapad, 213, 31521, 20678, 656, , 31521, 25000, 35084, 36014, 0, 
456, 1, 287, 267, -1, 116, 222, 13.0, 22, ABalaaaarla, 204, 28279, 10859, 384, , 28279, 25000, 27334, 27413, 0, 
457, 1, 465, 264, -1, 402, 252, 6.5, 24, ABprppaappa, 242, 31760, 24392, 768, , 31760, 25000, 32398, 33064, 0, 
458, 1, 79, 409, -1, 390, 160, 24.7, 29, ABarppapap, 287, 29545, 31554, 1068, , 29545, 25000, 28876, 28825, 0, 
459, 1, 127, 304, -1, 512, 211, 13.6, 30, Eplpp, 301, 28387, 32815, 1156, , 28387, 25000, 28959, 28966, 0, 
460, 1, 475, 68, -1, 277, 386, 21.3, 24, ABarpppaaa, 218, 27771, 19551, 704, , 27771, 25000, 28292, 28273, 0, 
461, 1, 241, 368, -1, 196, 193, 14.4, 24, MSapaaaa, 45, 27146, 19002, 700, , 27146, 25000, 28435, 28699, 0, 
462, 1, 200, 170, -1, 535, 292, 6.0, 24, ABprappppa, 60, 35413, 21531, 608, , 35413, 25000, 37508, 37502, 0, 
463, 1, 409, 234, -1, 195, 162, 23.1, 25, ABplaapaapp, 238, 27440, 18879, 688, , 27440, 25000, 28533, 28491, 0, 
464, 1, 60, 357, -1, 361, 235, 12.1, 23, MSaappaa, 225, 28583, 14177, 496, , 28583, 25000, 29848, 29821, 0, 
465, 1, 170, 425, -1, 372, 181, 11.9, 22, ABalpapappp, 193, 29319, 13604, 464, , 29319, 25000, 27501, 27742, 0, 
466, 1, 176, 168, -1, 540, 191, 25.8, 33, Cpaapp, 297, 28358, 49457, 1744, , 28358, 25000, 28256, 28173, 0, 
467, 1, 162, 454, -1, 415, 292, 15.5, 30, Earpa, 306, 28171, 34707, 1232, , 28171, 25000, 29655, 29669, 0, 
468, 1, 327, 475, -1, 329, 119, 14.7, 29, ABplaapppa, 250, 28279, 30202, 1068, , 28279, 25000, 27837, 27789, 0, 
469, 1, 382, 139, -1, 139, 265, 8.2, 24, ABalaapaapa, 181, 28282, 18553, 656, , 28282, 25000, 29082, 29025, 0, 
470, 1, 267, 149, -1, 322, 175, 8.0, 26, ABalpapapap, 258, 30255, 25777, 852, , 30255, 25000, 30385, 30526, 0, 
471, 1, 531, 577, -1, 275, 245, 4.4, 22, ABarapppapp, 199, 36977, 21151, 572, , 36977, 25000, 34230, 33821, 0, 
472, 1, 290, 513, -1, 213, 206, 16.1, 22, ABalpaaapaa, 223, 27797, 12898, 464, , 27797, 25000, 28899, 28999, 0, 
473, 1, 555, 354, -1, 218, 258, 22.0, 24, MSaaapaaa, 185, 28809, 17516, 608, , 28809, 25000, 28391, 28340, 0, 
474, 1, 45, 419, -1, 419, 241, 7.9, 23, ABprpapappp, -136, 27692, 13735, 496, , 27692, 25000, 29612, 29687, 0, 
475, 1, 354, 384, -1, 299, 373, 23.3, 27, ABarpaappp, 263, 28108, 25972, 924, , 28108, 25000, 27571, 27552, 0, 
476, 1, 54, 104, -1, 266, 132, 13.8, 23, ABplpaapppa, 197, 29306, 15825, 540, , 29306, 25000, 28577, 28853, 0, 
477, 1, 87, 199, -1, 173, 145, 18.3, 24, ABalpppaapv, 208, 28584, 20123, 704, , 28584, 25000, 27341, 27416, 0, 
478, 1, 174, 185, -1, 569, 246, 7.8, 25, ABprappppp, 41, 27776, 19554, 704, , 27776, 25000, 30085, 30247, 0, 
479, 1, 175, 261, -1, 233, 253, 4.8, 23, ABarapppapa, 189, 35824, 19345, 540, , 35824, 25000, 37455, 37270, 0, 
480, 1, 209, 399, -1, 462, 128, 16.6, 27, ABplappapp, 126, 27830, 27496, 988, , 27830, 25000, 28702, 28574, 0, 
481, 1, 317, 134, -1, 175, 346, 10.5, 26, ABpraaaaap, 320, 27272, 24436, 896, , 27272, 25000, 27376, 27290, 0, 
482, 1, 41, 80, -1, 127, 271, 22.1, 24, ABarpaaaaal, 203, 28449, 17183, 604, , 28449, 25000, 27893, 27875, 0, 
483, 1, 150, 281, -1, 451, 287, 5.5, 23, ABprpppaaaa, 196, 34642, 21894, 632, , 34642, 25000, 35162, 34992, 0, 
484, 1, 190, 406, -1, 241, 205, 17.5, 22, ABalpaaapap, 87, 27980, 14326, 512, , 27980, 25000, 27789, 28026, 0, 
485, 1, 272, 210, -1, 585, 188, 20.6, 34, Cpapap, 294, 27757, 49407, 1780, , 27757, 25000, 28261, 28307, 0, 
486, 1, 538, 71, -1, 173, 245, 22.0, 23, ABalapapapp, 199, 28480, 14582, 512, , 28480, 25000, 28548, 28790, 0, 
487, 1, 316, 300, -1, 210, 275, 10.2, 25, MSppaaaa, 183, 26594, 18722, 704, , 26594, 25000, 28682, 28752, 0, 
488, 1, 27, 3, -1, 409, 195, 12.0, 22, ABplppappap, 144, 26820, 10299, 384, , 26820, 25000, 28709, 28739, 0, 
489, 1, 352, 94, -1, 516, 294, 9.9, 27, Cppapp, 7, 27496, 24966, 908, , 27496, 25000, 29031, 29101, 0, 
490, 1, 253, 334, -1, 281, 136, 8.9, 23, ABplaappaa, 278, 28385, 14079, 496, , 28385, 25000, 28488, 28540, 0, 
491, 1, 537, 260, -1, 297, 378, 19.5, 28, ABprapaaaap, 256, 28022, 30264, 1080, , 28022, 25000, 28054, 28107, 0, 
492, 1, 504, 529, -1, 160, 190, 16.5, 23, ABalapaappa, 194, 29691, 18765, 632, , 29691, 25000, 28278, 28135, 0, 
493, 1, 461, 316, -1, 329, 213, 14.2, 24, MSaapaaap, 207, 30133, 19767, 656, , 30133, 25000, 29495, 29099, 0, 
494, 1, 360, 207, -1, 465, 261, 5.6, 25, ABprppppapa, 215, 36103, 30038, 832, , 36103, 25000, 35224, 35291, 0, 
495, 1, 584, 221, -1, 209, 183, 19.9, 23, ABalppppaad, 214, 27173, 13478, 496, , 27173, 25000, 28361, 28351, 0, 
496, 1, 98, 122, -1, 434, 364, 21.4, 28, Dpppp, 285, 26702, 26382, 988, , 26702, 25000, 28493, 28493, 0, 
497, 1, 66, 379, -1, 310, 201, 13.9, 23, MSaapaaaa, 101, 30169, 14964, 496, , 30169, 25000, 28776, 28886, 0, 
498, 0, 99, -1, -1, 538, 137, 9.9, 22, , 187, 441, 12866, 464, , 27728, 25000, 27255, 27287, 0, 
499, 1, 395, 407, -1, 140, 255, 13.1, 24, ABalaaaarrp, 216, 26646, 16094, 604, , 26646, 25000, 27998, 27962, 0, 
500, 1, 128, 297, -1, 414, 290, 7.4, 22, ABprppappaa, 205, 28108, 16078, 572, , 28108, 25000, 30884, 30466, 0, 
501, 1, 455, 509, -1, 573, 189, 9.3, 24, Caappv, 407, 27266, 19195, 704, , 27266, 25000, 28839, 29003, 0, 
502, 1, 391, 222, -1, 183, 220, 13.0, 22, ABaraaaaaaa, 169, 26331, 10111, 384, , 26331, 25000, 28411, 28459, 0, 
503, 0, 497, -1, -1, 296, 163, 15.9, 23, , 226, -1445, 13549, 496, , 27317, 25000, 28576, 28762, 0, 
504, 1, 151, 270, -1, 381, 259, 13.4, 22, MSpapappp, 218, 33350, 19076, 572, , 33350, 25000, 32321, 31742, 0, 
505, 1, 220, 62, -1, 199, 173, 8.1, 22, ABalppapaap, 202, 28565, 13254, 464, , 28565, 25000, 28998, 29023, 0, 
506, 1, 506, 534, -1, 192, 244, 11.2, 22, ABaraaaaapa, 389, 26419, 13104, 496, , 26419, 25000, 28597, 28354, 0, 
507, 1, 406, 160, -1, 142, 209, 13.7, 25, ABalaaaala, 585, 27899, 21315, 764, , 27899, 25000, 27879, 28105, 0, 
508, 1, 390, 233, -1, 413, 372, 18.1, 26, Dppap, 270, 28278, 22622, 800, , 28278, 25000, 28930, 29029, 0, 
509, 1, 177, 340, -1, 289, 309, 20.9, 25, MSpaaappa, 218, 27999, 19263, 688, , 27999, 25000, 28712, 28658, 0, 
510, 1, 157, 469, -1, 484, 186, 23.2, 26, Capapaa, 248, 28039, 22319, 796, , 28039, 25000, 28303, 28174, 0, 
511, 1, 233, 13, -1, 483, 295, 19.4, 31, Earpp, 288, 28145, 37489, 1332, , 28145, 25000, 29529, 29688, 0, 
512, 1, 142, 351, -1, 121, 245, 10.9, 24, ABalaaaarra, 188, 27142, 16394, 604, , 27142, 25000, 27957, 27826, 0, 
513, 1, 189, 382, -1, 500, 219, 7.8, 22, Caapaa, -90, 27938, 13857, 496, , 27938, 25000, 29153, 29383, 0, 
514, 1, 108, 318, -1, 131, 221, 23.1, 25, ABplaapaaap, 80, 28110, 19340, 688, , 28110, 25000, 28313, 28134, 0, 
515, 1, 434, 444, -1, 344, 218, 24.4, 27, Daaap, 276, 29239, 28888, 988, , 29239, 25000, 29053, 29032, 0, 
516, 1, 153, 457, -1, 490, 324, 15.1, 27, MSpppaap, 270, 28567, 25939, 908, , 28567, 25000, 28375, 28392, 0, 
517, 1, 19, 498, -1, 145, 169, 13.5, 23, ABalppaaapa, 183, 26514, 16757, 632, , 26514, 25000, 27531, 27392, 0, 
518, 1, 466, 131, -1, 244, 330, 12.9, 22, ABpraaappaa, 198, 26961, 12510, 464, , 26961, 25000, 28042, 28061, 0, 
519, 1, 473, 120, -1, 112, 284, 12.5, 25, ABalaaapplr, 187, 28174, 21638, 768, , 28174, 25000, 26927, 26784, 0, 
520, 1, 111, 373, -1, 399, 265, 9.8, 24, ABprpapppap, 219, 30982, 20324, 656, , 30982, 25000, 29035, 29223, 0, 
521, 1, 559, 400, -1, 225, 169, 18.2, 24, ABalpppppaa, 217, 26643, 17478, 656, , 26643, 25000, 28449, 28747, 0, 
522, 1, 373, 286, -1, 220, 167, 10.9, 22, ABalppapppa, 61, 27041, 12547, 464, , 27041, 25000, 28592, 28703, 0, 
523, 1, 263, 332, -1, 440, 242, 6.9, 22, ABplpapppap, 170, 30310, 14064, 464, , 30310, 25000, 32392, 33032, 0, 
524, 1, 260, 61, -1, 433, 160, 25.1, 29, ABplappapa, 276, 27997, 33820, 1208, , 27997, 25000, 28951, 28967, 0, 
525, 1, 520, 438, -1, 268, 148, 11.6, 22, ABplpaapppp, 191, 28205, 16133, 572, , 28205, 25000, 28144, 28184, 0, 
526, 1, 493, 543, -1, 137, 221, 18.9, 22, ABalapappaa, 184, 28593, 13267, 464, , 28593, 25000, 28758, 28467, 0, 
527, 1, 73, 525, -1, 302, 346, 11.5, 23, MSppppaa, 270, 26888, 16993, 632, , 26888, 25000, 28089, 28240, 0, 
528, 1, 405, 545, -1, 225, 218, 18.7, 22, ABalpaapapa, 42, 27494, 14407, 524, , 27494, 25000, 28090, 28124, 0, 
529, 1, 439, 551, -1, 362, 336, 10.3, 23, Dpapp, 307, 27383, 16211, 592, , 27383, 25000, 28935, 29042, 0, 
530, 1, 403, 396, -1, 564, 218, 8.7, 23, ABprppppppp, 584, 27090, 16037, 592, , 27090, 25000, 28814, 28777, 0, 
531, 1, 452, 156, -1, 278, 204, 12.7, 27, ABalpappppp, 67, 28267, 26119, 924, , 28267, 25000, 28564, 28575, 0, 
532, 0, 458, -1, -1, 505, 182, 5.6, 22, , 337, 4799, 25518, 572, , 44612, 25000, 39556, 39813, 0, 
533, 1, 540, 550, -1, 467, 193, 17.6, 24, MSappaap, 122, 27847, 19493, 700, , 27847, 25000, 28589, 28689, 0, 
534, 1, 63, 118, -1, 189, 361, 14.8, 26, ABpraapaapp, 125, 28676, 22826, 796, , 28676, 25000, 28248, 28334, 0, 
535, 1, 291, 232, -1, 299, 123, 12.3, 25, ABplaappap, -34, 27774, 21219, 764, , 27774, 25000, 27338, 27367, 0, 
536, 1, 522, 84, -1, 162, 281, 6.9, 22, ABalaapaapp, 101, 35584, 16511, 464, , 35584, 25000, 33882, 34423, 0, 
537, 0, 245, -1, -1, 280, 295, 10.1, 24, , 78, -2641, 15906, 604, , 26334, 25000, 28719, 28975, 0, 
538, 1, 511, 518, -1, 216, 251, 13.1, 22, ABaraaaaapp, 188, 27265, 12651, 464, , 27265, 25000, 27230, 27417, 0, 
539, 1, 269, 522, -1, 197, 325, 10.3, 22, ABalaapppap, 242, 27683, 14506, 524, , 27683, 25000, 28001, 27774, 0, 
540, 1, 212, 291, -1, 280, 304, 8.2, 22, ABprpaaappp, 85, 30139, 14949, 496, , 30139, 25000, 28948, 28948, 0, 
541, 1, 315, 372, -1, 181, 228, 14.8, 22, ABalpaapaaa, 258, 27109, 13446, 496, , 27109, 25000, 28704, 28529, 0, 
542, 1, 541, 554, -1, 357, 192, 11.8, 21, ABplpapapap, 225, 27299, 11684, 428, , 27299, 25000, 28518, 28937, 0, 
543, 1, 513, 511, -1, 261, 291, 15.7, 23, ABaraaapapp, -26, 28248, 16723, 592, , 28248, 25000, 27622, 27793, 0, 
544, 1, 76, 528, -1, 451, 147, 12.0, 25, ABplppapppp, -180, 28745, 21961, 764, , 28745, 25000, 27736, 27875, 0, 
545, 1, 279, 428, -1, 279, 357, 11.6, 26, ABprpaappaa, 24, 28285, 23533, 832, , 28285, 25000, 28331, 28556, 0, 
546, 1, 418, 147, -1, 479, 213, 9.5, 25, ABplpappppp, 36, 27771, 21328, 768, , 27771, 25000, 28405, 28639, 0, 
547, 1, 515, 576, -1, 185, 241, 5.6, 22, ABaraaapppp, 388, 42463, 24289, 572, , 42463, 25000, 40004, 41736, 0, 
548, 1, 194, 542, -1, 331, 265, 18.5, 22, MSaaapapp, 190, 28371, 14526, 512, , 28371, 25000, 28025, 27974, 0, 
549, 1, 302, 247, -1, 229, 207, 12.1, 24, ABalpaaaaap, 480, 28368, 17134, 604, , 28368, 25000, 28116, 28088, 0, 
550, 0, 397, -1, -1, 339, 196, 7.9, 21, , -388, -717, 10112, 348, , 29057, 25000, 29805, 29774, 0, 
551, 1, 589, 381, -1, 144, 285, 14.8, 25, ABalappppaa, 330, 27683, 19489, 704, , 27683, 25000, 28280, 28483, 0, 
552, 1, 529, 224, -1, 274, 327, 6.9, 22, ABprpaapppa, 117, 31384, 14562, 464, , 31384, 25000, 32049, 31590, 0, 
553, 1, 312, 448, -1, 250, 321, 26.0, 26, ABarpaapap, 194, 30131, 25672, 852, , 30131, 25000, 29560, 29653, 0, 
554, 1, 235, 556, -1, 357, 161, 16.6, 24, Daapp, 209, 28256, 19779, 700, , 28256, 25000, 28271, 28317, 0, 
555, 0, 297, -1, -1, 215, 159, 8.0, 19, , 135, -2715, 8348, 316, , 26418, 25000, 29019, 29133, 0, 
556, 1, 557, 557, -1, 340, 313, 17.4, 25, MSpaapapp, 209, 27476, 22860, 832, , 27476, 25000, 29017, 29289, 0, 
557, 0, 558, -1, -1, 453, 279, 10.6, 22, , 142, -1291, 15377, 572, , 26883, 25000, 28037, 28174, 0, 
558, 1, 435, 60, -1, 152, 314, 18.5, 22, ABarpapaaaa, 174, 29518, 15113, 512, , 29518, 25000, 28485, 28527, 0, 
559, 0, 535, -1, -1, 163, 312, 15.3, 22, , 181, -700, 14360, 524, , 27405, 25000, 27974, 28105, 0, 
560, 1, 586, 559, -1, 161, 188, 18.9, 23, ABalppppapa, 171, 28137, 13956, 496, , 28137, 25000, 28593, 28247, 0, 
561, 1, 560, 562, -1, 316, 175, 14.0, 22, MSappapp, 153, 29237, 11227, 384, , 29237, 25000, 27825, 27616, 0, 
562, 1, 561, 563, -1, 285, 159, 17.0, 22, MSapppaa, 224, 26948, 10348, 384, , 26948, 25000, 28358, 28262, 0, 
563, 1, 562, 564, -1, 278, 323, 19.0, 22, MSpaapaaa, 167, 29018, 11143, 384, , 29018, 25000, 28589, 28654, 0, 
564, 1, 563, 491, -1, 219, 355, 15.0, 22, ABpraaaappp, 210, 26156, 10044, 384, , 26156, 25000, 28054, 28150, 0, 
565, 1, 564, 565, -1, 291, 258, 7.0, 22, ABprpapaaaa, 198, 29049, 11155, 384, , 29049, 25000, 32418, 31151, 0, 
566, 0, 565, -1, -1, 470, 247, 11.0, 24, , 268, 156, 17852, 608, , 29362, 25000, 28843, 29206, 0, 
567, 1, 543, 567, -1, 342, 216, 17.0, 24, MSaapappa, -152, 31410, 19097, 608, , 31410, 25000, 30837, 30488, 0, 
568, 1, 566, 568, -1, 273, 234, 21.0, 22, MSaaapaap, 158, 27198, 10444, 384, , 27198, 25000, 28828, 29446, 0, 
569, 1, 567, 569, -1, 305, 301, 18.0, 26, MSpaapapa, 257, 27439, 23378, 852, , 27439, 25000, 28510, 28623, 0, 
570, 1, 534, 571, -1, 294, 205, 6.0, 22, ABprpappaaa, 316, 36354, 13960, 384, , 36354, 25000, 34686, 36032, 0, 
571, 1, 568, 572, -1, 354, 218, 7.0, 25, ABplpappaap, 179, 31200, 23837, 764, , 31200, 25000, 31972, 32134, 0, 
572, 1, 569, 573, -1, 511, 209, 6.0, 24, ABprpppapap, 4, 35120, 21353, 608, , 35120, 25000, 37203, 37076, 0, 
573, 1, 570, 575, -1, 229, 287, 15.0, 24, ABaraaapapa, 136, 27161, 16514, 608, , 27161, 25000, 28439, 28617, 0, 
574, 1, 528, 578, -1, 192, 304, 11.0, 24, ABalaapppaa, 127, 28711, 17456, 608, , 28711, 25000, 27500, 27542, 0, 
575, 1, 571, 579, -1, 231, 278, 5.0, 22, ABalaapappa, 326, 37279, 14315, 384, , 37279, 25000, 37456, 37335, 0, 
576, 1, 572, 580, -1, 164, 314, 8.5, 20, ABalaappapa, 0, 27767, 11551, 416, , 27767, 25000, 29803, 30018, 0, 
577, 1, 573, 581, -1, 194, 296, 5.0, 22, ABalaappapp, 228, 42727, 16407, 384, , 42727, 25000, 40985, 40985, 0, 
578, 1, 574, 582, -1, 183, 346, 17.0, 22, ABalapppppp, 134, 28034, 10765, 384, , 28034, 25000, 27933, 27898, 0, 
579, 1, 575, 583, -1, 160, 290, 19.0, 23, ABalapppapa, 187, 28205, 14441, 512, , 28205, 25000, 28680, 28520, 0, 
580, 1, 576, 584, -1, 164, 335, 17.0, 22, ABalapppppa, 0, 29346, 11269, 384, , 29346, 25000, 28333, 28024, 0, 
581, 1, 577, 585, -1, 145, 338, 15.0, 22, ABalappappp, 287, 26107, 10025, 384, , 26107, 25000, 27655, 27788, 0, 
582, 1, 578, 586, -1, 120, 263, 17.0, 22, ABalappaap, 119, 27456, 10543, 384, , 27456, 25000, 27272, 27263, 0, 
583, 1, 579, 587, -1, 158, 209, 23.0, 23, ABalapapppa, 27, 27488, 14074, 512, , 27488, 25000, 28887, 28937, 0, 
584, 0, 580, -1, -1, 161, 305, 14.0, 22, , -114, -33, 10863, 384, , 28289, 25000, 28146, 28322, 0, 
585, 1, 581, 588, -1, 146, 250, 21.0, 22, ABalapapapa, -370, 26539, 10191, 384, , 26539, 25000, 27833, 27989, 0, 
586, 1, 582, 590, -1, 212, 155, 9.0, 21, ABalppaappa, 0, 27341, 10499, 384, , 27341, 25000, 28621, 28763, 0, 
587, 1, 583, 591, -1, 221, 181, 23.0, 22, ABalpppappp, -18, 26661, 10238, 384, , 26661, 25000, 28333, 28285, 0, 
588, 1, 585, 593, -1, 476, 251, 9.15, 24, ABprppppaap, -41, 28300, 17093, 604, , 28300, 25000, 28463, 28828, 0, 
589, 1, 587, 594, -1, 153, 308, 16.0, 22, ABalappppap, -308, 27352, 10503, 384, , 27352, 25000, 28365, 28819, 0, 
590, 1, 588, 595, -1, 159, 317, 15.0, 23, ABalappapa, 187, 27201, 13927, 512, , 27201, 25000, 27704, 27846, 0, 
591, 1, 314, 596, -1, 145, 284, 17.0, 23, ABalapppaap, 210, 28387, 14534, 512, , 28387, 25000, 28203, 28280, 0, 
