1, 1, 178, 144, -1, 232, 246, 11.4, 24, ABarapaaaap, 182, 26593, 18615, 700, , 26593, 25000, 27863, 27972, 0, 
2, 1, 427, 19, -1, 123, 295, 19.1, 24, ABarpaaaaar, 243, 27858, 16826, 604, , 27858, 25000, 28144, 28327, 0, 
3, 1, 488, 204, -1, 409, 200, 12.9, 22, ABplppappap, 210, 28597, 13269, 464, , 28597, 25000, 27732, 27959, 0, 
4, 1, 5, 65, -1, 234, 356, 17.0, 26, ABpraapappa, 238, 28113, 23952, 852, , 28113, 25000, 28178, 28171, 0, 
5, 1, 409, 228, -1, 591, 168, 15.6, 29, Cpapaa, 268, 27879, 32228, 1156, , 27879, 25000, 28341, 28295, 0, 
6, 1, 324, 133, -1, 347, 314, 7.8, 22, ABprppaapaa, 200, 30054, 14907, 496, , 30054, 25000, 30435, 30659, 0, 
7, 1, 216, 394, -1, 334, 191, 11.4, 22, ABplpapapaa, 209, 31993, 18300, 572, , 31993, 25000, 29528, 29527, 0, 
8, 1, 288, 315, -1, 433, 379, 11.2, 26, ABprappaaa, -46, 28633, 22792, 796, , 28633, 25000, 27494, 27482, 0, 
9, 1, 143, 358, -1, 258, 150, 9.2, 23, ABalppaappp, 193, 28930, 15622, 540, , 28930, 25000, 28189, 28449, 0, 
10, 1, 39, 187, -1, 203, 238, 9.9, 25, ABarapaaaaa, 210, 28172, 19382, 688, , 28172, 25000, 28633, 28781, 0, 
11, 1, 72, 160, -1, 340, 236, 10.6, 26, ABarapapapp, 30, 29706, 24715, 832, , 29706, 25000, 29552, 29844, 0, 
12, 1, 62, 1, -1, 113, 235, 15.7, 24, ABalaaaparr, 194, 26760, 18839, 704, , 26760, 25000, 27291, 27235, 0, 
13, 1, 511, 414, -1, 485, 300, 19.4, 29, Earpp, 289, 29298, 33869, 1156, , 29298, 25000, 28654, 28822, 0, 
14, 1, 105, 472, -1, 542, 257, 8.7, 23, ABprapppapp, 196, 28618, 16942, 592, , 28618, 25000, 28512, 28556, 0, 
15, 1, 118, 303, -1, 262, 296, 13.7, 26, ABarapaappa, 249, 27008, 23119, 856, , 27008, 25000, 27785, 27927, 0, 
16, 1, 147, 375, -1, 247, 224, 5.0, 23, ABarappaapa, 189, 39268, 20105, 512, , 39268, 25000, 38411, 37889, 0, 
17, 1, 305, 425, -1, 173, 169, 23.7, 24, ABplaapaapa, 560, 27909, 19648, 704, , 27909, 25000, 27647, 27748, 0, 
18, 1, 444, 128, -1, 431, 297, 25.8, 32, Cpaaap, 329, 28896, 46465, 1608, , 28896, 25000, 28950, 28950, 0, 
19, 1, 407, 381, -1, 147, 238, 23.0, 24, ABplaaaaaaa, 201, 29813, 18126, 608, , 29813, 25000, 28892, 28846, 0, 
20, 1, 365, 247, -1, 408, 178, 14.5, 24, ABplppapaap, 198, 27810, 21358, 768, , 27810, 25000, 28853, 29025, 0, 
21, 1, 351, 112, -1, 207, 298, 25.5, 27, ABplaaaapp, 114, 29603, 26524, 896, , 29603, 25000, 29352, 29548, 0, 
22, 1, 1, 230, -1, 246, 236, 7.7, 23, ABarapaaapp, 198, 29970, 17742, 592, , 29970, 25000, 31373, 30826, 0, 
23, 1, 165, 21, -1, 474, 226, 11.7, 25, ABprpappppp, 208, 27941, 21347, 764, , 27941, 25000, 28885, 29084, 0, 
24, 1, 320, 201, -1, 268, 265, 6.5, 24, ABarapppppp, 165, 35667, 27392, 768, , 35667, 25000, 34412, 34599, 0, 
25, 1, 231, 331, -1, 341, 323, 25.5, 29, ABarppaapa, 287, 28698, 30994, 1080, , 28698, 25000, 29117, 29101, 0, 
26, 1, 285, 405, -1, 463, 319, 6.4, 24, ABprppapppa, 191, 33753, 23627, 700, , 33753, 25000, 33084, 33442, 0, 
27, 1, 304, 567, -1, 217, 164, 25.0, 34, ABplaaapap, 302, 27904, 55584, 1992, , 27904, 25000, 28680, 28955, 0, 
28, 1, 277, 361, -1, 317, 279, 11.0, 23, MSpapaaaa, 231, 30109, 15416, 512, , 30109, 25000, 29420, 29437, 0, 
29, 1, 95, 191, -1, 182, 178, 9.9, 24, ABalppapaaa, 201, 27485, 16601, 604, , 27485, 25000, 28826, 28740, 0, 
30, 1, 209, 219, -1, 208, 178, 16.4, 23, ABplpaapaaa, 93, 27202, 17409, 640, , 27202, 25000, 27626, 27671, 0, 
31, 1, 183, 350, -1, 496, 115, 12.6, 26, ABplapappa, 109, 27611, 22972, 832, , 27611, 25000, 27343, 27393, 0, 
32, 1, 392, 10, -1, 291, 222, 5.1, 24, ABarappaapp, 202, 37392, 22585, 604, , 37392, 25000, 36140, 36565, 0, 
33, 0, 185, -1, -1, 159, 153, 13.9, 22, , 46, 1516, 13598, 464, , 29306, 25000, 27669, 27790, 0, 
34, 1, 286, 373, -1, 197, 226, 16.6, 22, ABalpaapaap, 178, 27215, 15567, 572, , 27215, 25000, 29460, 29517, 0, 
35, 1, 328, 272, -1, 130, 192, 12.1, 23, ABalaaaalpa, -158, 27446, 13613, 496, , 27446, 25000, 27547, 27599, 0, 
36, 1, 429, 80, -1, 355, 175, 8.8, 24, ABplpaaaapa, 228, 29573, 19400, 656, , 29573, 25000, 29274, 29243, 0, 
37, 0, 359, -1, -1, 215, 360, 13.1, 24, , 239, 1839, 18146, 604, , 30043, 25000, 28431, 28204, 0, 
38, 0, 438, -1, -1, 215, 212, 22.2, 24, , 268, 1375, 19243, 656, , 29334, 25000, 27960, 27959, 0, 
39, 1, 325, 64, -1, 310, 188, 10.0, 22, ABplpapaaap, 182, 27750, 10656, 384, , 27750, 25000, 29290, 29386, 0, 
40, 1, 124, 58, -1, 498, 353, 8.9, 27, ABprappapp, 251, 27124, 24629, 908, , 27124, 25000, 28722, 28704, 0, 
41, 1, 246, 447, -1, 234, 300, 6.1, 24, ABprpaaapaa, 225, 32970, 19914, 604, , 32970, 25000, 36103, 35967, 0, 
42, 1, 336, 138, -1, 204, 166, 14.2, 23, ABplpaaaaaa, 357, 29672, 16023, 540, , 29672, 25000, 27792, 28190, 0, 
43, 1, 131, 42, -1, 574, 262, 10.4, 25, ABprapapppp, 224, 26593, 22125, 832, , 26593, 25000, 28456, 28507, 0, 
44, 1, 331, 183, -1, 254, 190, 23.7, 24, ABplaapappa, 220, 29193, 20552, 704, , 29193, 25000, 28756, 28903, 0, 
45, 1, 317, 61, -1, 360, 208, 15.1, 25, MSaapapa, 250, 45951, 31614, 688, , 45951, 25000, 31244, 31294, 0, 
46, 0, 498, -1, -1, 540, 139, 10.0, 22, , 191, -536, 10933, 384, , 28471, 25000, 28619, 29007, 0, 
47, 1, 210, 460, -1, 121, 189, 16.5, 25, ABalaaapalr, 457, 27056, 20779, 768, , 27056, 25000, 27674, 27728, 0, 
48, 1, 268, 277, -1, 402, 383, 10.0, 26, ABprapaapp, 236, 26859, 22884, 852, , 26859, 25000, 27863, 27910, 0, 
49, 1, 168, 60, -1, 375, 278, 11.4, 27, MSpapapa, 272, 49147, 48557, 988, , 49147, 25000, 31467, 31376, 0, 
50, 1, 98, 384, -1, 455, 200, 10.3, 23, ABplppppaaa, 200, 28410, 16819, 592, , 28410, 25000, 28026, 28069, 0, 
51, 1, 291, 171, -1, 280, 214, 14.4, 24, ABalpapppap, 105, 27799, 19459, 700, , 27799, 25000, 28478, 28605, 0, 
52, 1, 2, 233, -1, 553, 157, 12.4, 24, ABplapapppp, 216, 26596, 18617, 700, , 26596, 25000, 28467, 28608, 0, 
53, 1, 84, 427, -1, 244, 278, 6.8, 23, ABarapppppa, 188, 32472, 17535, 540, , 32472, 25000, 32745, 31774, 0, 
54, 0, 363, -1, -1, 260, 258, 14.7, 23, , -17, 7, 16675, 592, , 28167, 25000, 28277, 28160, 0, 
55, 1, 35, 311, -1, 442, 291, 11.5, 31, Z2, 128, 27953, 34438, 1232, , 27953, 25000, 28913, 28941, 0, 
56, 1, 9, 306, -1, 219, 296, 17.6, 26, ABaraappapa, 199, 28302, 23547, 832, , 28302, 25000, 28233, 28260, 0, 
57, 1, 259, 324, -1, 445, 154, 14.4, 24, ABplppapapp, 136, 27651, 19356, 700, , 27651, 25000, 28153, 28151, 0, 
58, 1, 157, 450, -1, 576, 330, 12.0, 27, ABarpppppp, 276, 26707, 27562, 1032, , 26707, 25000, 27723, 27675, 0, 
59, 1, 309, 431, -1, 141, 286, 10.3, 24, ABalaaapprl, 181, 28558, 20105, 704, , 28558, 25000, 27874, 27740, 0, 
60, 1, 558, 184, -1, 158, 313, 18.0, 23, ABarpapaaaa, 221, 27199, 13926, 512, , 27199, 25000, 27692, 27416, 0, 
61, 1, 524, 380, -1, 436, 162, 25.2, 29, ABplappapa, 290, 28806, 32032, 1112, , 28806, 25000, 29329, 29334, 0, 
62, 1, 505, 397, -1, 201, 174, 8.2, 23, ABalppapaap, 189, 28207, 15232, 540, , 28207, 25000, 29216, 28935, 0, 
63, 1, 362, 491, -1, 187, 237, 7.0, 25, ABaraaappap, 234, 30461, 23272, 764, , 30461, 25000, 33578, 33312, 0, 
64, 1, 356, 525, -1, 263, 351, 12.6, 26, ABpraaappap, -50, 29945, 24914, 832, , 29945, 25000, 28849, 29193, 0, 
65, 1, 132, 297, -1, 376, 267, 20.3, 33, Ealaa, 319, 29173, 50644, 1736, , 29173, 25000, 28821, 28789, 0, 
66, 1, 248, 512, -1, 184, 167, 16.0, 20, ABalapaapaa, 155, 28959, 9151, 316, , 28959, 25000, 27911, 28018, 0, 
67, 1, 443, 433, -1, 222, 322, 5.4, 22, ABpraaaaaap, 172, 39935, 22843, 572, , 39935, 25000, 40283, 40958, 0, 
68, 1, 460, 186, -1, 277, 387, 20.7, 25, ABarpppaaa, 197, 28277, 21604, 764, , 28277, 25000, 28085, 28178, 0, 
69, 1, 161, 401, -1, 412, 204, 23.9, 25, Dapap, 248, 28233, 19424, 688, , 28233, 25000, 29033, 29033, 0, 
70, 1, 400, 197, -1, 253, 315, 17.3, 26, ABaraappapp, 241, 28341, 24260, 856, , 28341, 25000, 27930, 28157, 0, 
71, 1, 486, 503, -1, 174, 246, 21.8, 23, ABalapapapp, -206, 28828, 15567, 540, , 28828, 25000, 27960, 27905, 0, 
72, 1, 261, 382, -1, 211, 224, 13.9, 22, ABaraaaaaap, 105, 27942, 12965, 464, , 27942, 25000, 28727, 28908, 0, 
73, 1, 445, 117, -1, 245, 125, 15.9, 24, ABplpaapapp, -41, 27363, 16527, 604, , 27363, 25000, 27453, 27412, 0, 
74, 1, 36, 285, -1, 457, 401, 15.7, 28, ABprappapa, 235, 27551, 29314, 1064, , 27551, 25000, 27960, 27932, 0, 
75, 1, 10, 174, -1, 408, 352, 26.4, 35, Caaaaa, 355, 28115, 54319, 1932, , 28115, 25000, 28899, 28900, 0, 
76, 1, 56, 99, -1, 329, 268, 7.5, 23, ABprpapaaap, 200, 28734, 18160, 632, , 28734, 25000, 32454, 31979, 0, 
77, 1, 174, 98, -1, 255, 253, 11.5, 23, ABarapapaap, 209, 27824, 17585, 632, , 27824, 25000, 28285, 28201, 0, 
78, 0, 66, -1, -1, 176, 155, 11.6, 24, , 181, 2497, 21127, 700, , 30181, 25000, 27782, 27684, 0, 
79, 1, 341, 281, -1, 427, 269, 20.5, 30, Ealap, 302, 27799, 34248, 1232, , 27799, 25000, 29402, 29468, 0, 
80, 1, 482, 273, -1, 127, 266, 22.0, 22, ABarpaaaaal, -42, 26117, 10029, 384, , 26117, 25000, 28461, 28438, 0, 
81, 1, 243, 329, -1, 241, 165, 13.1, 23, ABplpaaappa, 217, 26097, 12944, 496, , 26097, 25000, 27867, 27953, 0, 
82, 1, 148, 283, -1, 296, 160, 13.4, 25, ABplppaaaaa, 211, 27398, 22795, 832, , 27398, 25000, 28182, 28217, 0, 
83, 1, 447, 106, -1, 322, 289, 15.2, 23, ABaraappppp, 154, 27393, 14792, 540, , 27393, 25000, 28927, 28903, 0, 
84, 1, 536, 528, -1, 161, 276, 6.5, 22, ABalaapaapp, 153, 34895, 17866, 512, , 34895, 25000, 36837, 37650, 0, 
85, 1, 254, 288, -1, 174, 268, 24.9, 23, ABarpaaaapp, 218, 27228, 13505, 496, , 27228, 25000, 29152, 29721, 0, 
86, 1, 24, 136, -1, 560, 360, 14.4, 28, ABprapapaa, 685, 28113, 27776, 988, , 28113, 25000, 27622, 27640, 0, 
87, 1, 279, 124, -1, 473, 335, 8.2, 23, ABprppapapp, 182, 28083, 15165, 540, , 28083, 25000, 29982, 30020, 0, 
88, 0, 258, -1, -1, 235, 240, 16.7, 23, , -117, -956, 16206, 592, , 27375, 25000, 28412, 28331, 0, 
89, 1, 406, 325, -1, 222, 307, 11.0, 23, ABprpaapaaa, 197, 28289, 14484, 512, , 28289, 25000, 28673, 28831, 0, 
90, 1, 44, 41, -1, 212, 364, 10.0, 24, ABprpaapapa, 247, 27125, 16492, 608, , 27125, 25000, 27709, 27709, 0, 
91, 1, 235, 365, -1, 241, 157, 19.3, 25, ABalpppppap, 232, 28191, 21538, 764, , 28191, 25000, 28985, 28888, 0, 
92, 1, 233, 229, -1, 259, 220, 10.5, 24, ABalpappppa, 152, 28332, 21759, 768, , 28332, 25000, 28247, 28313, 0, 
93, 1, 244, 110, -1, 180, 192, 25.4, 25, ABplaaapaa, 288, 27637, 22994, 832, , 27637, 25000, 28778, 28860, 0, 
94, 1, 489, 91, 203, 520, 296, 9.7, 27, Cppapp, 201, 26723, 24692, 924, , 26723, 25000, 28967, 29018, 0, 
95, 1, 450, 493, -1, 509, 250, 4.9, 23, ABprpppapaa, 229, 38214, 18954, 496, , 38214, 25000, 38906, 38861, 0, 
96, 1, 141, 396, -1, 559, 320, 20.7, 29, Cppppaa, 226, 28037, 29943, 1068, , 28037, 25000, 27960, 27983, 0, 
97, 1, 59, 478, -1, 249, 141, 17.4, 25, ABplpaapaap, 200, 27843, 23165, 832, , 27843, 25000, 27916, 27722, 0, 
98, 1, 335, 376, -1, 197, 284, 17.5, 24, ABaraappaap, 80, 26720, 20521, 768, , 26720, 25000, 28298, 28171, 0, 
99, 1, 173, 167, -1, 559, 321, 14.9, 24, Cpppapa, 237, 29603, 17880, 604, , 29603, 25000, 28815, 28872, 0, 
100, 1, 121, 430, -1, 522, 225, 17.1, 33, Eplpa, 331, 29115, 50544, 1736, , 29115, 25000, 29888, 30002, 0, 
101, 1, 197, 363, -1, 364, 382, 15.2, 24, ABprapaaapp, 203, 27390, 17968, 656, , 27390, 25000, 28279, 28302, 0, 
102, 1, 175, 301, -1, 162, 292, 9.0, 22, ABalaaapprr, 206, 30698, 11788, 384, , 30698, 25000, 28891, 28977, 0, 
103, 1, 128, 177, -1, 227, 155, 16.4, 24, ABplpaaaaap, 115, 28830, 20181, 700, , 28830, 25000, 28505, 28469, 0, 
104, 1, 476, 482, -1, 271, 134, 13.3, 23, ABplpaapppa, 198, 28166, 16674, 592, , 28166, 25000, 28695, 28851, 0, 
105, 1, 92, 154, -1, 236, 177, 9.0, 24, ABalppapppp, 396, 28801, 17511, 608, , 28801, 25000, 28649, 28997, 0, 
106, 1, 294, 451, -1, 305, 290, 13.1, 23, ABaraappppa, 384, 29333, 14549, 496, , 29333, 25000, 27923, 27909, 0, 
107, 1, 395, 146, -1, 520, 161, 11.3, 24, ABplapppapp, 170, 26740, 18825, 704, , 26740, 25000, 28292, 28303, 0, 
108, 1, 50, 47, -1, 281, 218, 7.8, 25, ABarapapapa, 92, 30491, 21466, 704, , 30491, 25000, 30563, 30411, 0, 
109, 1, 14, 393, -1, 554, 190, 12.6, 25, Cappppd, 201, 28569, 23769, 832, , 28569, 25000, 29122, 29241, 0, 
110, 0, 297, -1, -1, 207, 166, 20.7, 24, , 123, -463, 19915, 704, , 28288, 25000, 28542, 28751, 0, 
111, 1, 313, 435, -1, 517, 126, 10.4, 24, ABplappppa, 197, 26417, 18492, 700, , 26417, 25000, 27322, 27314, 0, 
112, 1, 404, 29, -1, 283, 227, 25.5, 27, ABarppaaaa, 247, 28671, 25689, 896, , 28671, 25000, 28543, 28491, 0, 
113, 1, 321, 102, -1, 191, 327, 7.5, 23, ABpraaaaaaa, 227, 30429, 19231, 632, , 30429, 25000, 31988, 32014, 0, 
114, 1, 120, 39, -1, 395, 135, 19.4, 27, ABplapaapp, 251, 28961, 28613, 988, , 28961, 25000, 27907, 28034, 0, 
115, 1, 176, 31, -1, 410, 406, 15.9, 27, ABarppppap, 267, 26733, 24274, 908, , 26733, 25000, 28239, 28254, 0, 
116, 1, 30, 27, -1, 159, 252, 18.0, 26, MSaaaaaa, 291, 27675, 23579, 852, , 27675, 25000, 28040, 28166, 0, 
117, 1, 432, 410, -1, 158, 162, 18.4, 24, ABalapaappp, 200, 28169, 19718, 700, , 28169, 25000, 27826, 28108, 0, 
118, 1, 534, 260, -1, 190, 357, 14.6, 25, ABpraapaapp, 192, 27103, 22550, 832, , 27103, 25000, 28500, 28280, 0, 
119, 0, 113, -1, -1, 229, 165, 21.9, 22, , 202, -463, 12986, 464, , 27987, 25000, 28708, 28450, 0, 
120, 1, 519, 218, -1, 115, 279, 12.4, 25, ABalaaapplr, 215, 27755, 23092, 832, , 27755, 25000, 27180, 27228, 0, 
121, 1, 93, 54, -1, 169, 151, 21.1, 24, ABalpppaapd, 201, 28775, 17380, 604, , 28775, 25000, 27658, 27834, 0, 
122, 1, 496, 127, -1, 435, 364, 21.5, 29, Dpppp, 277, 27843, 30070, 1080, , 27843, 25000, 28956, 28925, 0, 
123, 0, 155, -1, -1, 203, 291, 20.5, 23, , 136, 16, 18234, 632, , 28851, 25000, 28704, 28835, 0, 
124, 1, 32, 38, -1, 435, 184, 16.7, 23, MSaapppp, 167, 28559, 16907, 592, , 28559, 25000, 29089, 29094, 0, 
125, 0, 303, -1, -1, 556, 125, 15.0, 23, , 248, -466, 13754, 512, , 26863, 25000, 27227, 27329, 0, 
126, 0, 207, -1, -1, 170, 299, 6.9, 23, , 208, -2610, 15983, 496, , 32224, 25000, 34588, 34834, 0, 
127, 1, 82, 271, -1, 322, 325, 7.7, 23, ABprppaaaap, 234, 27333, 16181, 592, , 27333, 25000, 29730, 29967, 0, 
128, 1, 387, 241, -1, 256, 159, 23.4, 25, ABplaapappp, 228, 28532, 23739, 832, , 28532, 25000, 28460, 28484, 0, 
129, 1, 164, 251, -1, 314, 376, 11.1, 24, ABprpaappap, 209, 28379, 17141, 604, , 28379, 25000, 29481, 29499, 0, 
130, 0, 262, -1, -1, 525, 267, 16.8, 27, , 192, 24, 25262, 868, , 29104, 25000, 28973, 29080, 0, 
131, 1, 518, 224, -1, 245, 330, 12.8, 23, ABpraaappaa, -36, 28115, 15182, 540, , 28115, 25000, 28272, 27725, 0, 
132, 1, 126, 71, -1, 297, 251, 5.9, 24, ABarappapaa, 101, 37901, 22892, 604, , 37901, 25000, 36324, 37573, 0, 
133, 1, 158, 255, -1, 255, 323, 6.4, 23, ABprpaaapap, 53, 31364, 20073, 640, , 31364, 25000, 34735, 35466, 0, 
134, 1, 481, 90, -1, 176, 344, 10.4, 26, ABpraaaaap, 385, 27365, 22768, 832, , 27365, 25000, 28117, 28273, 0, 
135, 1, 440, 7, -1, 175, 197, 20.2, 28, ABalapaaaa, 209, 27126, 28537, 1052, , 27126, 25000, 28102, 28308, 0, 
136, 1, 391, 290, -1, 508, 148, 7.2, 23, ABplpppaapp, 192, 28572, 15429, 540, , 28572, 25000, 32357, 32461, 0, 
137, 1, 417, 156, -1, 237, 333, 15.2, 24, ABpraapapaa, 200, 28581, 18749, 656, , 28581, 25000, 28560, 28700, 0, 
138, 1, 80, 261, -1, 481, 155, 25.0, 30, ABarppappa, 300, 28918, 38982, 1348, , 28918, 25000, 28843, 28891, 0, 
139, 1, 469, 517, -1, 143, 262, 8.0, 24, ABalaapaapa, 204, 29317, 17825, 608, , 29317, 25000, 30197, 30514, 0, 
140, 1, 366, 423, -1, 383, 180, 16.5, 26, MSaapppa, 180, 28095, 25173, 896, , 28095, 25000, 28455, 28489, 0, 
141, 1, 310, 371, -1, 203, 131, 19.0, 24, ABplpaapapa, 240, 27242, 16563, 608, , 27242, 25000, 27571, 27546, 0, 
142, 1, 340, 270, -1, 386, 196, 12.9, 23, ABplppappaa, 202, 27050, 13417, 496, , 27050, 25000, 28656, 28891, 0, 
143, 1, 58, 139, -1, 423, 160, 14.1, 23, ABplppapapa, 467, 27677, 13728, 496, , 27677, 25000, 28187, 27986, 0, 
144, 1, 364, 348, -1, 237, 204, 10.0, 22, ABalpaaaapp, 222, 27909, 10717, 384, , 27909, 25000, 28620, 28827, 0, 
145, 1, 19, 249, -1, 121, 302, 16.9, 24, ABpraapaaaa, 235, 27200, 16429, 604, , 27200, 25000, 27624, 27472, 0, 
146, 1, 402, 275, -1, 500, 268, 10.1, 23, ABprpppppap, 186, 26589, 13188, 496, , 26589, 25000, 28749, 29064, 0, 
147, 1, 546, 510, -1, 480, 215, 9.5, 23, ABplpappppp, 185, 28057, 17732, 632, , 28057, 25000, 28328, 28523, 0, 
148, 1, 149, 530, -1, 183, 209, 8.6, 22, ABalpaappap, 201, 29009, 16593, 572, , 29009, 25000, 29553, 29665, 0, 
149, 1, 470, 468, -1, 329, 176, 7.9, 24, ABalpapapap, 220, 29023, 17530, 604, , 29023, 25000, 30364, 30495, 0, 
150, 1, 54, 332, -1, 301, 315, 8.8, 23, ABprppaaaaa, 199, 27330, 14758, 540, , 27330, 25000, 29234, 29406, 0, 
151, 1, 307, 336, -1, 279, 177, 10.9, 22, ABplpapaapa, 187, 27927, 12958, 464, , 27927, 25000, 28204, 28311, 0, 
152, 1, 70, 411, -1, 272, 345, 25.3, 29, ABarpaappa, 292, 28188, 30105, 1068, , 28188, 25000, 28588, 28574, 0, 
153, 1, 192, 464, -1, 488, 355, 17.7, 26, Cppapaa, 234, 28124, 24074, 856, , 28124, 25000, 28406, 28400, 0, 
154, 1, 249, 16, -1, 267, 168, 7.7, 23, ABalppapapp, 219, 31248, 18499, 592, , 31248, 25000, 30601, 30053, 0, 
155, 0, 145, -1, -1, 217, 146, 10.3, 24, , 203, -23, 20219, 704, , 28720, 25000, 28845, 28743, 0, 
156, 1, 531, 537, -1, 277, 207, 12.6, 27, ABalpappppp, 276, 27963, 27627, 988, , 27963, 25000, 28833, 28976, 0, 
157, 1, 251, 268, -1, 362, 407, 16.5, 25, ABarppppaa, 252, 28417, 21824, 768, , 28417, 25000, 27646, 27717, 0, 
158, 1, 441, 296, -1, 198, 140, 12.9, 23, ABalpppaaap, 176, 27339, 13560, 496, , 27339, 25000, 27895, 27628, 0, 
159, 1, 110, 93, -1, 171, 178, 13.6, 24, ABalppappaa, 803, 27991, 19594, 700, , 27991, 25000, 28365, 28556, 0, 
160, 1, 507, 212, -1, 141, 206, 14.0, 26, ABalaaaala, 575, 27957, 23819, 852, , 27957, 25000, 27822, 27833, 0, 
161, 1, 388, 82, -1, 379, 315, 17.6, 36, Earaa, 363, 28122, 59394, 2112, , 28122, 25000, 30284, 30390, 0, 
162, 1, 403, 76, -1, 584, 272, 17.3, 28, Cppppap, 258, 27566, 29330, 1064, , 27566, 25000, 28994, 29042, 0, 
163, 1, 117, 79, -1, 473, 375, 10.7, 26, ABprappaap, 330, 28826, 24675, 856, , 28826, 25000, 28212, 28220, 0, 
164, 1, 255, 377, -1, 208, 386, 15.6, 24, ABarpappap, 205, 28196, 19737, 700, , 28196, 25000, 27060, 27005, 0, 
165, 1, 270, 436, -1, 532, 124, 17.4, 26, ABarppappp, 253, 27654, 23008, 832, , 27654, 25000, 27874, 27882, 0, 
166, 1, 281, 215, -1, 135, 198, 19.0, 23, ABalapaaapa, 230, 27850, 14259, 512, , 27850, 25000, 27824, 27858, 0, 
167, 1, 91, 66, -1, 524, 343, 7.9, 24, ABprapapap, 206, 29757, 17973, 604, , 29757, 25000, 29961, 30007, 0, 
168, 1, 466, 448, -1, 542, 188, 25.5, 33, Cpaapp, 311, 28662, 46547, 1624, , 28662, 25000, 28350, 28353, 0, 
169, 0, 73, -1, -1, 314, 183, 25.5, 22, , 113, -39, 15218, 512, , 29723, 25000, 29635, 29762, 0, 
170, 1, 462, 168, -1, 533, 292, 5.7, 24, ABprappppa, 371, 43489, 30616, 704, , 43489, 25000, 38792, 38486, 0, 
171, 1, 78, 519, -1, 209, 334, 13.5, 23, ABpraaapaad, 200, 27848, 17600, 632, , 27848, 25000, 28681, 28701, 0, 
172, 1, 87, 313, -1, 263, 177, 15.9, 24, MSapapap, 241, 27935, 16873, 604, , 27935, 25000, 28225, 28280, 0, 
173, 1, 442, 248, -1, 182, 263, 13.4, 23, ABaraaapaaa, 39, 26944, 17244, 640, , 26944, 25000, 27769, 27888, 0, 
174, 1, 109, 157, -1, 221, 213, 6.3, 24, ABalpapaapa, 226, 34286, 24137, 704, , 34286, 25000, 36568, 37077, 0, 
175, 1, 11, 364, -1, 241, 393, 16.2, 25, ABarpapppa, 225, 26803, 18869, 704, , 26803, 25000, 27870, 27861, 0, 
176, 1, 260, 278, -1, 346, 158, 13.2, 23, ABplppaapap, 128, 27646, 14929, 540, , 27646, 25000, 27643, 27741, 0, 
177, 0, -1, -1, -1, 310, 385, 17.7, 23, , 196, 813, 17099, 592, , 28883, 25000, 27812, 28070, 0, 
178, 1, 414, 267, -1, 336, 215, 21.0, 23, MSappaaa, 190, 32553, 16667, 512, , 32553, 25000, 29415, 29422, 0, 
179, 1, 180, 326, -1, 452, 237, 9.1, 23, ABplpappppa, 155, 29141, 14454, 496, , 29141, 25000, 28814, 28655, 0, 
180, 1, 454, 207, -1, 338, 346, 22.0, 26, MSpppppp, 263, 28081, 23925, 852, , 28081, 25000, 28558, 28558, 0, 
181, 1, 142, 442, -1, 488, 299, 11.4, 25, ABprpppppaa, 239, 27168, 22604, 832, , 27168, 25000, 28400, 28391, 0, 
182, 1, 83, 134, -1, 535, 219, 5.5, 29, ABprppppppa, 273, 40604, 43852, 1080, , 40604, 25000, 38747, 39056, 0, 
183, 1, 28, 522, -1, 340, 337, 10.6, 23, Dpapa, 188, 27266, 17450, 640, , 27266, 25000, 28589, 28577, 0, 
184, 1, 357, 368, -1, 290, 191, 20.5, 25, MSapapaa, 189, 28427, 21832, 768, , 28427, 25000, 27728, 27701, 0, 
185, 1, 478, 195, -1, 571, 244, 7.8, 25, ABprappppp, 213, 28391, 19987, 704, , 28391, 25000, 30121, 30258, 0, 
186, 1, 152, 422, -1, 331, 243, 13.1, 25, ABalpappapp, 210, 29103, 20023, 688, , 29103, 25000, 28519, 28628, 0, 
187, 1, 107, 223, -1, 294, 161, 21.6, 25, ABalppppppa, -169, 28272, 23522, 832, , 28272, 25000, 27993, 27972, 0, 
188, 1, 184, 113, -1, 375, 269, 5.0, 22, ABprpaaaapa, 227, 35224, 13526, 384, , 35224, 25000, 36967, 37188, 0, 
189, 1, 60, 77, -1, 192, 270, 16.1, 24, ABaraappaaa, 57, 27770, 16773, 604, , 27770, 25000, 28518, 28822, 0, 
190, 1, 79, 317, -1, 265, 242, 6.4, 23, ABarappaaap, 39, 34769, 22252, 640, , 34769, 25000, 35349, 35534, 0, 
191, 1, 376, 379, -1, 271, 285, 4.7, 22, ABalaapappp, 199, 36113, 18923, 524, , 36113, 25000, 36520, 36259, 0, 
192, 1, 301, 130, -1, 196, 310, 15.2, 24, MSppaaap, 235, 27735, 18194, 656, , 27735, 25000, 28410, 28428, 0, 
193, 1, 230, 372, -1, 329, 223, 7.9, 23, ABplpappaaa, 174, 32675, 16207, 496, , 32675, 25000, 31605, 31455, 0, 
194, 1, 167, 231, -1, 243, 185, 20.5, 24, ABplaapapaa, 204, 29154, 22390, 768, , 29154, 25000, 28402, 28473, 0, 
195, 0, 111, -1, -1, 85, 264, 15.9, 25, , 162, 3034, 20678, 688, , 30055, 25000, 27015, 27021, 0, 
196, 1, 314, 343, -1, 336, 257, 5.3, 27, ABarappapap, 213, 37226, 34397, 924, , 37226, 25000, 35754, 36376, 0, 
197, 1, 139, 250, -1, 534, 247, 20.3, 30, Eplap, 302, 28354, 37087, 1308, , 28354, 25000, 28953, 29107, 0, 
198, 1, 339, 115, -1, 216, 250, 6.7, 25, ABarappaaaa, 105, 35966, 27478, 764, , 35966, 25000, 34421, 32763, 0, 
199, 1, 477, 178, -1, 178, 146, 18.2, 25, ABalpppaapv, 212, 27857, 19611, 704, , 27857, 25000, 27553, 27480, 0, 
200, 1, 394, 104, -1, 515, 212, 24.8, 28, Cappaap, 263, 29913, 31468, 1052, , 29913, 25000, 28789, 28775, 0, 
201, 1, 43, 179, -1, 513, 133, 14.2, 25, ABplapppaaa, 200, 29631, 20860, 704, , 29631, 25000, 28103, 28102, 0, 
202, 1, 377, 293, -1, 333, 158, 16.5, 24, Daapa, 221, 27993, 21499, 768, , 27993, 25000, 29365, 29367, 0, 
203, 1, 227, 455, -1, 272, 320, 10.7, 23, MSppapap, -28, 27252, 16133, 592, , 27252, 25000, 29049, 29089, 0, 
204, 1, 371, 351, -1, 338, 382, 14.7, 25, ABprapaaapa, -2, 28045, 21426, 764, , 28045, 25000, 28345, 28338, 0, 
205, 1, 410, 471, -1, 207, 207, 10.0, 23, ABalpaaaapa, 112, 27693, 14179, 512, , 27693, 25000, 28564, 28789, 0, 
206, 1, 195, 20, -1, 472, 252, 10.9, 26, ABprpappppa, 252, 28251, 22601, 800, , 28251, 25000, 28615, 28795, 0, 
207, 1, 494, 84, -1, 462, 262, 5.8, 24, ABprppppapa, 240, 33822, 22187, 656, , 33822, 25000, 34325, 34170, 0, 
208, 1, 123, 445, -1, 575, 194, 17.3, 28, Capppap, 285, 29081, 30942, 1064, , 29081, 25000, 28937, 28938, 0, 
209, 1, 412, 515, -1, 581, 202, 11.3, 27, Cpappv, 257, 28855, 26662, 924, , 28855, 25000, 28445, 28394, 0, 
210, 1, 485, 486, -1, 587, 189, 20.7, 32, Cpapap, 288, 27484, 43535, 1584, , 27484, 25000, 27989, 27975, 0, 
211, 1, 151, 147, -1, 250, 244, 21.4, 27, ABaraapaapp, 241, 27428, 27099, 988, , 27428, 25000, 28521, 28584, 0, 
212, 1, 218, 316, -1, 162, 213, 11.4, 23, ABalpaappaa, 197, 28516, 18250, 640, , 28516, 25000, 28742, 29193, 0, 
213, 1, 51, 137, 209, 235, 279, 12.9, 29, ABarapaapa, 97, 29178, 35247, 1208, , 29178, 25000, 27986, 28184, 0, 
214, 1, 354, 395, -1, 346, 298, 22.0, 23, MSpaaapap, 350, 29063, 14880, 512, , 29063, 25000, 28028, 28125, 0, 
215, 1, 422, 108, -1, 591, 280, 11.9, 22, ABprapapppa, -210, 29170, 13535, 464, , 29170, 25000, 27740, 27846, 0, 
216, 1, 386, 289, -1, 520, 266, 6.8, 23, ABprpppaapa, 196, 30187, 16301, 540, , 30187, 25000, 33217, 32156, 0, 
217, 0, 537, -1, -1, 285, 298, 10.5, 24, , 200, -1107, 21329, 768, , 27772, 25000, 28597, 28879, 0, 
218, 1, 273, 68, -1, 300, 250, 16.0, 24, ABaraapappp, 207, 28102, 17086, 608, , 28102, 25000, 27651, 27807, 0, 
219, 1, 45, 166, -1, 430, 334, 8.7, 23, ABprppapaap, -181, 28639, 16954, 592, , 28639, 25000, 29273, 29263, 0, 
220, 1, 136, 555, -1, 139, 301, 12.4, 22, ABalappappa, 192, 27872, 15943, 572, , 27872, 25000, 27913, 27966, 0, 
221, 1, 495, 495, -1, 211, 188, 19.9, 22, ABalppppaad, 152, 27802, 12900, 464, , 27802, 25000, 27353, 27341, 0, 
222, 1, 502, 545, -1, 184, 216, 12.9, 22, ABaraaaaaaa, 194, 26922, 12492, 464, , 26922, 25000, 28220, 28106, 0, 
223, 1, 57, 145, -1, 530, 185, 7.1, 23, ABplppppppa, 190, 32006, 15875, 496, , 32006, 25000, 33128, 33204, 0, 
224, 1, 552, 100, -1, 274, 326, 7.0, 22, ABprpaapppa, 175, 28021, 10760, 384, , 28021, 25000, 30916, 31154, 0, 
225, 1, 154, 202, -1, 430, 273, 9.1, 25, MSppaapp, 242, 27856, 19165, 688, , 27856, 25000, 29065, 29436, 0, 
226, 1, 338, 8, -1, 208, 240, 18.8, 23, ABaraapaapa, 71, 28444, 15360, 540, , 28444, 25000, 28044, 28179, 0, 
227, 1, 74, 245, -1, 214, 339, 21.6, 27, MSppappp, 207, 28896, 28549, 988, , 28896, 25000, 28828, 28962, 0, 
228, 0, -1, -1, -1, 500, 190, 5.3, 23, , 177, 1997, 23959, 592, , 40471, 25000, 38814, 38474, 0, 
229, 1, 53, 33, -1, 375, 314, 14.1, 29, MSpapaapp, 291, 29602, 35759, 1208, , 29602, 25000, 30270, 30383, 0, 
230, 1, 97, 501, -1, 477, 305, 9.0, 23, MSpappap, 230, 27104, 13877, 512, , 27104, 25000, 29181, 29181, 0, 
231, 1, 23, 155, -1, 243, 327, 10.0, 23, ABprpaaaaap, 212, 27840, 14254, 512, , 27840, 25000, 28889, 28948, 0, 
232, 1, 535, 416, -1, 302, 127, 11.0, 28, ABplaappap, 279, 26462, 29849, 1128, , 26462, 25000, 27739, 27742, 0, 
233, 1, 508, 399, -1, 412, 375, 18.1, 26, Dppap, 199, 27821, 22257, 800, , 27821, 25000, 28944, 29004, 0, 
234, 1, 463, 182, -1, 202, 163, 23.2, 26, ABplaapaapp, 252, 27339, 21762, 796, , 27339, 25000, 28284, 28551, 0, 
235, 1, 380, 237, -1, 304, 208, 24.8, 27, ABplapaaaap, 233, 29198, 25344, 868, , 29198, 25000, 28553, 28688, 0, 
236, 1, 86, 165, -1, 546, 323, 7.6, 25, ABprapappa, 404, 28252, 23506, 832, , 28252, 25000, 31133, 31204, 0, 
237, 1, 129, 274, -1, 321, 289, 6.6, 22, ABprpapaapp, 214, 32774, 18747, 572, , 32774, 25000, 34175, 34863, 0, 
238, 1, 4, 265, -1, 266, 209, 17.9, 22, ABalpaaappa, 170, 27050, 12551, 464, , 27050, 25000, 27942, 27937, 0, 
239, 1, 327, 116, -1, 405, 180, 20.0, 27, Capaaaa, 394, 27898, 28791, 1032, , 27898, 25000, 28521, 28515, 0, 
240, 1, 18, 240, -1, 262, 316, 22.2, 24, MSpaaaaap, -46, 28392, 18625, 656, , 28392, 25000, 27494, 27443, 0, 
241, 1, 100, 280, -1, 149, 330, 21.4, 25, ABarpaaapap, -20, 27174, 22609, 832, , 27174, 25000, 28100, 28128, 0, 
242, 1, 205, 302, -1, 548, 168, 18.3, 25, Cappapa, 243, 28509, 21781, 764, , 28509, 25000, 29237, 29221, 0, 
243, 1, 449, 426, -1, 291, 305, 5.8, 23, ABprpaapppp, 190, 38402, 20737, 540, , 38402, 25000, 34844, 35322, 0, 
244, 1, 284, 193, -1, 518, 240, 8.9, 23, Cpppppv, 239, 27617, 13698, 496, , 27617, 25000, 28855, 28917, 0, 
245, 1, 85, 162, -1, 472, 200, 7.2, 23, ABplppppapp, 236, 28911, 15612, 540, , 28911, 25000, 31250, 30951, 0, 
246, 1, 224, 314, -1, 155, 260, 10.5, 26, ABalaapaaa, 267, 28271, 25331, 896, , 28271, 25000, 28220, 28349, 0, 
247, 1, 549, 3, -1, 233, 208, 12.3, 24, ABalpaaaaap, 245, 28366, 19970, 704, , 28366, 25000, 28158, 28139, 0, 
248, 1, 48, 67, -1, 299, 208, 16.8, 24, ABaraapappa, -146, 28585, 18752, 656, , 28585, 25000, 29457, 29473, 0, 
249, 1, 138, 85, -1, 509, 160, 17.4, 25, Capaapp, 245, 28644, 23832, 832, , 28644, 25000, 28850, 28850, 0, 
250, 1, 330, 57, -1, 520, 139, 21.8, 29, ABplapapaa, -109, 29161, 32427, 1112, , 29161, 25000, 28264, 28258, 0, 
251, 1, 329, 483, -1, 407, 325, 7.9, 23, ABprppapaaa, 199, 29800, 14781, 496, , 29800, 25000, 29712, 29661, 0, 
252, 1, 27, 256, -1, 258, 301, 8.1, 24, ABprpaaappa, 346, 27740, 16755, 604, , 27740, 25000, 28977, 29137, 0, 
253, 1, 133, 238, -1, 427, 267, 6.2, 23, ABprppaappp, 191, 29109, 15719, 540, , 29109, 25000, 32975, 33464, 0, 
254, 1, 237, 107, -1, 451, 137, 20.2, 27, ABplappaap, 137, 27281, 23680, 868, , 27281, 25000, 28089, 28138, 0, 
255, 0, 370, -1, -1, 223, 295, 4.3, 22, , -9, 64, 18690, 524, , 35668, 25000, 35665, 35604, 0, 
256, 1, 452, 321, -1, 244, 134, 13.8, 24, ABplpaaapap, 210, 26177, 17172, 656, , 26177, 25000, 27886, 27780, 0, 
257, 1, 385, 140, -1, 484, 166, 7.6, 24, ABplpppapaa, 201, 29053, 20337, 700, , 29053, 25000, 30578, 30684, 0, 
258, 1, 211, 480, -1, 264, 165, 12.7, 24, ABplpaaappp, 193, 26858, 18908, 704, , 26858, 25000, 28062, 28312, 0, 
259, 1, 379, 181, -1, 249, 350, 9.8, 24, ABprpaapaap, 209, 29224, 19171, 656, , 29224, 25000, 28677, 28843, 0, 
260, 1, 491, 310, -1, 297, 377, 19.5, 28, ABprapaaaap, 231, 28430, 30704, 1080, , 28430, 25000, 27964, 27955, 0, 
261, 1, 479, 516, -1, 234, 253, 5.1, 23, ABarapppapa, 178, 40573, 20124, 496, , 40573, 25000, 38195, 37651, 0, 
262, 1, 172, 45, -1, 394, 280, 6.5, 24, ABarappappa, 537, 31897, 24497, 768, , 31897, 25000, 32246, 32775, 0, 
263, 1, 127, 52, -1, 116, 242, 20.1, 24, ABplaapaaaa, 234, 28084, 16963, 604, , 28084, 25000, 28580, 28586, 0, 
264, 1, 457, 355, -1, 402, 253, 6.6, 23, ABprppaappa, 207, 30309, 19398, 640, , 30309, 25000, 32041, 32373, 0, 
265, 1, 372, 308, -1, 488, 163, 12.8, 28, Capapp, 283, 26448, 27823, 1052, , 26448, 25000, 28841, 28874, 0, 
266, 1, 76, 295, -1, 280, 400, 16.5, 25, ABarpapppp, 244, 26240, 20152, 768, , 26240, 25000, 28341, 28348, 0, 
267, 1, 456, 227, -1, 117, 221, 13.1, 23, ABalaaaarla, 189, 28014, 13895, 496, , 28014, 25000, 27179, 27236, 0, 
268, 1, 21, 403, -1, 564, 211, 23.5, 28, Capppaa, 255, 27330, 29516, 1080, , 27330, 25000, 28650, 28710, 0, 
269, 1, 115, 286, -1, 366, 140, 12.8, 25, ABplapaapa, 258, 28395, 19990, 704, , 28395, 25000, 29116, 29302, 0, 
270, 1, 504, 196, -1, 381, 258, 13.7, 23, MSpapappp, 229, 31770, 18808, 592, , 31770, 25000, 31043, 30818, 0, 
271, 1, 106, 439, -1, 447, 329, 11.3, 30, MSpapppp, -19, 27375, 35807, 1308, , 27375, 25000, 28627, 28782, 0, 
272, 1, 188, 453, -1, 347, 362, 18.3, 25, Dpaap, 248, 26614, 20333, 764, , 26614, 25000, 28730, 28738, 0, 
273, 1, 353, 488, -1, 172, 141, 15.6, 22, ABalpppaaaa, 191, 27484, 15721, 572, , 27484, 25000, 28108, 27987, 0, 
274, 1, 204, 369, -1, 310, 239, 19.6, 26, ABaraapapap, 217, 28911, 24054, 832, , 28911, 25000, 28289, 28104, 0, 
275, 1, 140, 438, -1, 160, 241, 13.9, 24, ABaraaaapa, 234, 26728, 16144, 604, , 26728, 25000, 27455, 27592, 0, 
276, 1, 31, 111, -1, 136, 325, 17.1, 26, ABpraapaaap, 231, 29815, 23852, 800, , 29815, 25000, 27498, 27363, 0, 
277, 1, 221, 95, -1, 323, 228, 5.8, 22, ABprpappaap, 78, 34776, 17249, 496, , 34776, 25000, 36285, 36236, 0, 
278, 1, 344, 83, -1, 428, 187, 12.2, 23, ABplppapppa, 197, 27322, 14754, 540, , 27322, 25000, 28625, 28786, 0, 
279, 1, 253, 490, -1, 317, 315, 15.7, 24, ABaraapppap, 218, 27979, 19697, 704, , 27979, 25000, 28370, 28647, 0, 
280, 1, 71, 88, -1, 157, 236, 8.5, 23, ABaraaapppa, 239, 28631, 18095, 632, , 28631, 25000, 28928, 28997, 0, 
281, 1, 483, 370, -1, 454, 286, 5.1, 23, ABprpppaaaa, -76, 36677, 18192, 496, , 36677, 25000, 36053, 36322, 0, 
282, 1, 190, 14, -1, 565, 303, 10.4, 28, ABprapppaa, 14, 28780, 28435, 988, , 28780, 25000, 28636, 28732, 0, 
283, 1, 439, 454, -1, 145, 161, 16.5, 26, ABalaaapall, 194, 26104, 23389, 896, , 26104, 25000, 27489, 27477, 0, 
284, 1, 181, 208, -1, 137, 232, 15.3, 23, ABalaaaarlp, 215, 27566, 16319, 592, , 27566, 25000, 27205, 27241, 0, 
285, 1, 355, 461, -1, 373, 193, 24.6, 27, ABarppaapp, 277, 28190, 27852, 988, , 28190, 25000, 29211, 29208, 0, 
286, 1, 522, 349, -1, 225, 170, 11.0, 25, ABalppapppa, 190, 27079, 20688, 764, , 27079, 25000, 28405, 28777, 0, 
287, 1, 217, 12, -1, 170, 353, 13.7, 24, ABpraapaapa, 110, 30913, 21763, 704, , 30913, 25000, 27831, 27858, 0, 
288, 1, 312, 244, -1, 413, 365, 13.6, 26, Cppaaaa, 260, 29996, 24957, 832, , 29996, 25000, 28901, 28877, 0, 
289, 1, 275, 338, -1, 354, 157, 21.5, 28, ABplapaaapp, -77, 29609, 31978, 1080, , 29609, 25000, 29367, 29528, 0, 
290, 1, 146, 151, -1, 179, 364, 17.3, 24, ABarpappaa, 243, 27489, 19352, 704, , 27489, 25000, 28048, 27986, 0, 
291, 1, 540, 511, -1, 282, 301, 8.0, 23, ABprpaaappp, -229, 28131, 14403, 512, , 28131, 25000, 28859, 28803, 0, 
292, 1, 96, 533, -1, 283, 186, 9.2, 23, ABplpapaaaa, 183, 29026, 15674, 540, , 29026, 25000, 28581, 28473, 0, 
293, 1, 292, 320, -1, 545, 164, 15.6, 27, Cappapp, 218, 27340, 27012, 988, , 27340, 25000, 28860, 28822, 0, 
294, 1, 122, 532, -1, 370, 307, 8.4, 23, ABprppaapap, 187, 29664, 18985, 640, , 29664, 25000, 29814, 29294, 0, 
295, 1, 137, 284, -1, 546, 156, 8.7, 26, ABplappppp, 216, 28172, 24115, 856, , 28172, 25000, 29095, 29087, 0, 
296, 1, 240, 496, -1, 374, 229, 14.7, 23, MSaapappp, 190, 28664, 16969, 592, , 28664, 25000, 30963, 29849, 0, 
297, 1, 500, 225, -1, 415, 288, 7.7, 22, ABprppappaa, 116, 29943, 15690, 524, , 29943, 25000, 30175, 30093, 0, 
298, 1, 278, 434, -1, 252, 202, 5.5, 23, ABalpapaapp, 187, 44030, 27827, 632, , 44030, 25000, 39291, 39351, 0, 
299, 1, 6, 236, -1, 466, 273, 8.4, 22, ABprppppaaa, 216, 28327, 16203, 572, , 28327, 25000, 29193, 29132, 0, 
300, 1, 487, 40, -1, 213, 276, 10.0, 25, MSppaaaa, -20, 28077, 21451, 764, , 28077, 25000, 28361, 28481, 0, 
301, 1, 419, 175, -1, 390, 234, 13.2, 23, MSaappap, 199, 27594, 14901, 540, , 27594, 25000, 29354, 28840, 0, 
302, 1, 418, 243, -1, 465, 366, 14.3, 25, Cppaaap, 217, 27462, 20981, 764, , 27462, 25000, 28368, 28374, 0, 
303, 0, 308, -1, -1, 153, 329, 13.2, 23, , 84, 269, 15320, 540, , 28370, 25000, 28101, 28101, 0, 
304, 1, 459, 322, -1, 518, 216, 13.5, 31, Eplpp, 306, 27559, 33953, 1232, , 27559, 25000, 29983, 29976, 0, 
305, 1, 169, 335, -1, 267, 183, 5.6, 26, ABalpapaaap, -49, 47213, 39281, 832, , 47213, 25000, 40199, 40616, 0, 
306, 1, 199, 120, -1, 370, 358, 13.5, 24, Dppaa, 184, 28634, 21991, 768, , 28634, 25000, 29068, 29070, 0, 
307, 1, 201, 398, -1, 280, 165, 25.5, 30, ABplaaappp, 303, 28821, 35508, 1232, , 28821, 25000, 29616, 29663, 0, 
308, 1, 425, 161, -1, 226, 230, 24.7, 26, MSapappa, -92, 27570, 23600, 856, , 27570, 25000, 29044, 29156, 0, 
309, 1, 382, 487, -1, 484, 358, 13.3, 24, Cppaapa, 188, 27798, 19570, 704, , 27798, 25000, 27564, 27592, 0, 
310, 1, 203, 129, -1, 421, 148, 19.8, 26, ABplappaaa, 249, 27671, 22026, 796, , 27671, 25000, 28437, 28556, 0, 
311, 1, 220, 257, -1, 549, 185, 9.0, 24, ABplppppppp, 234, 28063, 17062, 608, , 28063, 25000, 28700, 28462, 0, 
312, 1, 352, 142, -1, 266, 171, 21.1, 23, ABplaapapap, 257, 27347, 13564, 496, , 27347, 25000, 28151, 28145, 0, 
313, 1, 49, 412, -1, 291, 297, 15.3, 24, ABaraapppaa, 59, 28429, 20014, 704, , 28429, 25000, 28091, 28328, 0, 
314, 1, 451, 22, -1, 297, 379, 14.1, 25, ABpraaapppa, 248, 27406, 18855, 688, , 27406, 25000, 28325, 28313, 0, 
315, 1, 212, 309, -1, 365, 178, 19.6, 24, Dapaa, 248, 28331, 19832, 700, , 28331, 25000, 28474, 28592, 0, 
316, 1, 493, 475, -1, 331, 216, 14.3, 25, MSaapaaap, 191, 30424, 23244, 764, , 30424, 25000, 29275, 29185, 0, 
317, 1, 393, 383, -1, 482, 184, 16.0, 25, ABplpppppaa, 231, 28373, 21677, 764, , 28373, 25000, 28908, 28990, 0, 
318, 1, 514, 103, -1, 134, 218, 22.8, 25, ABplaapaaap, 55, 27662, 19474, 704, , 27662, 25000, 28358, 28420, 0, 
319, 1, 408, 312, -1, 219, 128, 14.5, 23, ABalpppapad, 177, 28285, 17876, 632, , 28285, 25000, 28223, 28122, 0, 
320, 1, 125, 132, -1, 397, 247, 16.6, 29, Ealpa, 288, 27534, 31829, 1156, , 27534, 25000, 29557, 29584, 0, 
321, 1, 346, 222, -1, 178, 247, 16.6, 24, ABaraapaaaa, 261, 27116, 18981, 700, , 27116, 25000, 28370, 28723, 0, 
322, 1, 360, 390, -1, 271, 131, 20.5, 30, ABalppppppp, 256, 27857, 34320, 1232, , 27857, 25000, 27378, 27383, 0, 
323, 1, 64, 92, -1, 483, 197, 12.8, 22, ABplpppppap, 211, 27867, 13822, 496, , 27867, 25000, 28956, 29018, 0, 
324, 1, 189, 75, -1, 153, 305, 24.6, 26, ABarpapapa, 248, 27208, 22637, 832, , 27208, 25000, 28601, 28674, 0, 
325, 1, 375, 185, -1, 512, 191, 9.6, 22, Cappppv, 230, 26434, 15120, 572, , 26434, 25000, 28632, 28607, 0, 
326, 0, 367, -1, -1, 129, 262, 18.8, 22, , -28, 259, 14658, 496, , 29552, 25000, 29124, 29293, 0, 
327, 1, 68, 234, -1, 398, 334, 10.9, 27, MSpapppa, 271, 28059, 25478, 908, , 28059, 25000, 28746, 28742, 0, 
328, 1, 177, 152, -1, 454, 176, 21.7, 23, Capaaap, 259, 27752, 16429, 592, , 27752, 25000, 28483, 28563, 0, 
329, 1, 196, 149, -1, 388, 309, 7.2, 25, ABarappappp, 207, 31922, 22473, 704, , 31922, 25000, 31515, 31704, 0, 
330, 1, 232, 292, -1, 507, 384, 14.9, 27, ABarpppppa, 244, 27269, 24760, 908, , 27269, 25000, 28044, 28049, 0, 
331, 1, 193, 59, -1, 292, 219, 19.9, 24, ABaraapapaa, 440, 29780, 17987, 604, , 29780, 25000, 28054, 27933, 0, 
332, 1, 523, 26, -1, 441, 242, 7.0, 22, ABplpapppap, 197, 29742, 11421, 384, , 29742, 25000, 30657, 30880, 0, 
333, 1, 348, 421, -1, 136, 278, 24.4, 29, ABarpaaaapa, -143, 27227, 31474, 1156, , 27227, 25000, 28314, 28465, 0, 
334, 1, 490, 291, -1, 283, 141, 8.8, 24, ABplaappaa, 207, 27460, 18014, 656, , 27460, 25000, 28491, 28652, 0, 
335, 1, 223, 46, -1, 170, 238, 24.4, 23, ABplaaaaaap, 236, 27841, 17818, 640, , 27841, 25000, 29315, 29367, 0, 
336, 1, 399, 150, -1, 348, 248, 22.1, 27, MSaaappp, 201, 27141, 24644, 908, , 27141, 25000, 29205, 29291, 0, 
337, 1, 102, 374, -1, 195, 159, 17.5, 22, ABalapaapap, 183, 26936, 13791, 512, , 26936, 25000, 28070, 27808, 0, 
338, 1, 289, 226, -1, 318, 306, 20.8, 27, MSpaaappp, 224, 27880, 24200, 868, , 27880, 25000, 28200, 28011, 0, 
339, 1, 171, 406, -1, 266, 355, 14.9, 26, ABpraapapap, 83, 27316, 21853, 800, , 27316, 25000, 28781, 28658, 0, 
340, 1, 509, 419, -1, 288, 312, 21.2, 24, MSpaaappa, 117, 27291, 17903, 656, , 27291, 25000, 27853, 27951, 0, 
341, 1, 256, 287, -1, 302, 190, 7.1, 24, ABalpapapaa, 215, 32796, 19809, 604, , 32796, 25000, 32873, 33260, 0, 
342, 1, 436, 200, -1, 395, 202, 9.5, 23, ABplppaappa, 196, 28142, 17786, 632, , 28142, 25000, 28604, 28805, 0, 
343, 1, 99, 254, -1, 435, 304, 7.5, 23, ABprppappap, 194, 30824, 19481, 632, , 30824, 25000, 30709, 30789, 0, 
344, 1, 236, 334, -1, 562, 239, 11.8, 28, Cpppppd, 70, 28572, 30058, 1052, , 28572, 25000, 29105, 29245, 0, 
345, 1, 263, 262, -1, 486, 285, 5.2, 24, ABprpppaaap, 233, 37529, 24619, 656, , 37529, 25000, 35527, 35791, 0, 
346, 1, 383, 269, -1, 275, 154, 18.3, 25, ABplpaappaa, 223, 27639, 21116, 764, , 27639, 25000, 27478, 27452, 0, 
347, 1, 361, 2, -1, 296, 349, 6.3, 26, ABpraappap, -93, 32665, 27961, 856, , 32665, 25000, 35414, 35441, 0, 
348, 1, 302, 356, -1, 455, 174, 14.3, 24, MSpappaa, 436, 28662, 20178, 704, , 28662, 25000, 28712, 28908, 0, 
349, 1, 228, 266, -1, 187, 288, 9.0, 24, ABarappppaa, 149, 28253, 17178, 608, , 28253, 25000, 28716, 28694, 0, 
350, 1, 234, 232, -1, 388, 233, 8.4, 24, ABprpappapp, 240, 29627, 20739, 700, , 29627, 25000, 30233, 30316, 0, 
351, 1, 512, 242, -1, 122, 244, 11.0, 23, ABalaaaarra, 217, 27404, 14031, 512, , 27404, 25000, 28132, 28170, 0, 
352, 1, 191, 360, -1, 415, 305, 19.4, 31, Earap, -46, 29135, 38808, 1332, , 29135, 25000, 28928, 28987, 0, 
353, 1, 200, 221, -1, 342, 276, 11.5, 26, MSpapaaap, 200, 30379, 27220, 896, , 30379, 25000, 30093, 29443, 0, 
354, 1, 473, 596, -1, 218, 258, 22.0, 23, MSaaapaaa, 214, 28293, 14486, 512, , 28293, 25000, 28330, 28354, 0, 
355, 1, 342, 189, -1, 136, 220, 11.0, 23, ABalpaapppa, 229, 27719, 14192, 512, , 27719, 25000, 28156, 28172, 0, 
356, 0, 8, -1, -1, 306, 317, 12.0, 22, , 186, 1038, 11444, 384, , 29802, 25000, 28495, 28764, 0, 
357, 1, 464, 474, -1, 361, 234, 12.3, 23, MSaappaa, 169, 28605, 16934, 592, , 28605, 25000, 29115, 29136, 0, 
358, 1, 431, 542, -1, 321, 182, 19.2, 22, Daaaa, 219, 29107, 14437, 496, , 29107, 25000, 28599, 28626, 0, 
359, 1, 343, 25, -1, 279, 235, 17.1, 22, ABalpaaappp, 468, 26819, 12444, 464, , 26819, 25000, 28239, 28347, 0, 
360, 1, 315, 264, -1, 269, 296, 23.8, 24, MSaaaapaa, 227, 29105, 19093, 656, , 29105, 25000, 29476, 29893, 0, 
361, 1, 266, 173, -1, 462, 177, 8.0, 24, ABplppppapa, 198, 29477, 17922, 608, , 29477, 25000, 28424, 28506, 0, 
362, 1, 215, 465, -1, 310, 139, 19.5, 23, ABplpaappap, 203, 26043, 16459, 632, , 26043, 25000, 29407, 29398, 0, 
363, 1, 52, 163, -1, 276, 275, 11.5, 30, ABarapappa, 191, 28198, 34740, 1232, , 28198, 25000, 27728, 27892, 0, 
364, 1, 269, 323, -1, 389, 155, 13.8, 23, ABplppapaaa, 36, 27483, 14841, 540, , 27483, 25000, 28430, 28565, 0, 
365, 1, 37, 339, -1, 114, 210, 17.1, 24, ABalaaaparl, 86, 26717, 16137, 604, , 26717, 25000, 27206, 27240, 0, 
366, 1, 42, 357, -1, 352, 170, 25.4, 28, ABarppapaa, 279, 29436, 29083, 988, , 29436, 25000, 29677, 29681, 0, 
367, 1, 206, 6, -1, 162, 178, 21.5, 24, ABalppppapp, 219, 26849, 20620, 768, , 26849, 25000, 28430, 28716, 0, 
368, 1, 461, 352, -1, 200, 194, 14.3, 24, MSapaaaa, 170, 27710, 19508, 704, , 27710, 25000, 28188, 28458, 0, 
369, 1, 437, 294, -1, 295, 237, 9.6, 26, ABarapapppa, 52, 28036, 23326, 832, , 28036, 25000, 28828, 29014, 0, 
370, 1, 369, 340, -1, 481, 241, 7.0, 25, ABprppppapp, 201, 29915, 22855, 764, , 29915, 25000, 31458, 31770, 0, 
371, 1, 345, 463, -1, 430, 235, 12.1, 24, MSapaapp, 245, 28151, 17003, 604, , 28151, 25000, 28444, 28397, 0, 
372, 1, 541, 86, -1, 180, 227, 15.0, 22, ABalpaapaaa, -63, 29471, 11317, 384, , 29471, 25000, 28061, 28254, 0, 
373, 1, 520, 466, -1, 403, 267, 9.9, 22, ABprpapppap, 207, 28431, 13192, 464, , 28431, 25000, 29272, 29373, 0, 
374, 1, 182, 53, -1, 370, 334, 6.2, 24, ABprapaapa, 88, 31416, 20609, 656, , 31416, 25000, 33525, 33511, 0, 
375, 1, 75, 126, -1, 215, 282, 7.7, 23, ABarappppap, -222, 29363, 17383, 592, , 29363, 25000, 30558, 31015, 0, 
376, 0, 61, -1, -1, 452, 155, 10.3, 25, , 225, 42, 0, 0, , 0, 0, 0, 0, 0, 
377, 1, 415, 307, -1, 294, 290, 23.7, 25, MSaaaapap, 194, 28462, 21745, 764, , 28462, 25000, 29383, 29262, 0, 
378, 0, 374, -1, -1, 381, 291, 16.8, 24, , 171, 1287, 20672, 656, , 31512, 25000, 29739, 30225, 0, 
379, 1, 497, 367, -1, 312, 204, 13.9, 22, MSaapaaaa, 230, 27166, 12605, 464, , 27166, 25000, 29159, 28967, 0, 
380, 1, 214, 318, -1, 245, 206, 8.1, 25, ABalpappapa, 208, 28504, 19611, 688, , 28504, 25000, 30342, 30023, 0, 
381, 1, 551, 600, -1, 146, 283, 15.1, 23, ABalappppaa, 196, 26331, 13060, 496, , 26331, 25000, 28131, 28132, 0, 
382, 1, 513, 518, -1, 502, 220, 8.0, 22, Caapaa, 138, 27344, 10500, 384, , 27344, 25000, 28953, 28906, 0, 
383, 1, 55, 15, -1, 156, 176, 11.0, 22, ABalaaaalpp, 265, 28440, 10921, 384, , 28440, 25000, 27814, 27781, 0, 
384, 1, 475, 169, -1, 299, 374, 23.2, 28, ABarpaappp, 270, 26872, 28269, 1052, , 26872, 25000, 27889, 27943, 0, 
385, 1, 287, 89, -1, 220, 260, 24.7, 24, MSapappp, 243, 28003, 19714, 704, , 28003, 25000, 29084, 29209, 0, 
386, 1, 13, 279, -1, 221, 331, 25.1, 26, ABarpapapp, 100, 28609, 22887, 800, , 28609, 25000, 29216, 29146, 0, 
387, 1, 33, 424, -1, 497, 355, 21.3, 26, Cpppaap, 228, 27731, 23738, 856, , 27731, 25000, 28515, 28533, 0, 
388, 1, 134, 205, -1, 418, 200, 10.0, 22, ABplppaappp, 24, 27089, 10402, 384, , 27089, 25000, 28340, 28436, 0, 
389, 1, 144, 441, -1, 199, 172, 12.2, 24, ABalppappap, 321, 27598, 18104, 656, , 27598, 25000, 28817, 28905, 0, 
390, 1, 65, 470, -1, 200, 259, 5.0, 22, ABarapppaap, 181, 40659, 15613, 384, , 40659, 25000, 42291, 42306, 0, 
391, 0, 88, -1, -1, 340, 298, 4.5, 23, , 136, 2653, 24983, 632, , 39530, 25000, 36763, 36877, 0, 
392, 1, 16, 541, -1, 459, 245, 26.4, 29, Dappp, 230, 28349, 32771, 1156, , 28349, 25000, 28390, 28329, 0, 
393, 1, 272, 494, -1, 297, 277, 6.9, 22, ABprpapaapa, 178, 30569, 14184, 464, , 30569, 25000, 32408, 32393, 0, 
394, 1, 94, 220, -1, 321, 152, 24.8, 26, ABarppaaap, 227, 28631, 22790, 796, , 28631, 25000, 28227, 28176, 0, 
395, 1, 153, 34, -1, 244, 354, 7.7, 24, ABprpaapapp, 194, 28720, 20219, 704, , 28720, 25000, 30757, 31087, 0, 
396, 1, 530, 17, -1, 566, 217, 8.7, 23, ABprppppppp, 214, 27527, 16296, 592, , 27527, 25000, 29006, 28961, 0, 
397, 0, 104, -1, -1, 164, 277, 21.7, 23, , 207, -31, 16846, 592, , 28456, 25000, 28479, 28487, 0, 
398, 1, 378, 159, -1, 361, 215, 18.3, 27, MSaapaapp, 269, 32961, 30456, 924, , 32961, 25000, 31298, 30640, 0, 
399, 1, 480, 235, -1, 462, 131, 16.6, 26, ABplappapp, 233, 28593, 23789, 832, , 28593, 25000, 28141, 28107, 0, 
400, 1, 521, 543, -1, 227, 174, 18.0, 22, ABalpppppaa, 224, 29539, 11343, 384, , 29539, 25000, 28611, 28957, 0, 
401, 1, 293, 4, -1, 503, 259, 21.0, 31, Ealpp, 187, 29025, 45860, 1580, , 29025, 25000, 28567, 28661, 0, 
402, 1, 453, 400, -1, 231, 303, 22.4, 26, MSpaaaaaa, 263, 27703, 23049, 832, , 27703, 25000, 28607, 28451, 0, 
403, 1, 398, 387, -1, 254, 216, 20.2, 23, ABalpaapapp, 413, 27948, 15092, 540, , 27948, 25000, 27928, 27974, 0, 
404, 0, 150, -1, -1, 355, 248, 18.3, 24, , 219, -173, 20238, 704, , 28747, 25000, 28890, 28920, 0, 
405, 1, 298, 328, -1, 500, 159, 9.8, 24, ABplpppaapa, 174, 29203, 19157, 656, , 29203, 25000, 28471, 28540, 0, 
406, 1, 484, 446, -1, 243, 208, 17.7, 23, ABalpaaapap, 181, 28522, 16885, 592, , 28522, 25000, 27780, 27827, 0, 
407, 1, 499, 489, -1, 139, 256, 13.0, 22, ABalaaaarrp, 196, 26534, 10189, 384, , 26534, 25000, 28220, 28314, 0, 
408, 1, 267, 239, -1, 318, 145, 13.4, 24, ABplppaaaap, 217, 27537, 19276, 700, , 27537, 25000, 28207, 28294, 0, 
409, 1, 458, 158, -1, 390, 160, 24.9, 28, ABarppapap, 277, 29267, 31842, 1088, , 29267, 25000, 29081, 29015, 0, 
410, 1, 241, 469, -1, 544, 338, 16.9, 27, Cppapap, 228, 28099, 25514, 908, , 28099, 25000, 28449, 28364, 0, 
411, 1, 265, 74, -1, 176, 335, 20.0, 25, ABarpapaaap, 203, 28310, 21629, 764, , 28310, 25000, 27466, 27465, 0, 
412, 1, 322, 485, -1, 377, 207, 10.7, 22, ABplpapappa, 305, 27296, 14303, 524, , 27296, 25000, 28992, 29132, 0, 
413, 1, 63, 73, -1, 508, 259, 13.5, 32, Eprpp, 317, 27524, 39414, 1432, , 27524, 25000, 29223, 29312, 0, 
414, 1, 396, 216, -1, 535, 353, 21.2, 30, Caaapa, 37, 27521, 36328, 1320, , 27521, 25000, 28073, 28039, 0, 
415, 1, 435, 122, -1, 379, 362, 22.6, 30, Dpppa, 265, 28948, 33464, 1156, , 28948, 25000, 28441, 28440, 0, 
416, 1, 34, 347, -1, 604, 260, 16.1, 29, Cpappd, 262, 27252, 32920, 1208, , 27252, 25000, 28375, 28445, 0, 
417, 1, 186, 125, -1, 494, 121, 17.2, 27, ABplapapap, 36, 27598, 23955, 868, , 27598, 25000, 28514, 28487, 0, 
418, 1, 219, 526, -1, 216, 352, 19.2, 23, MSppappa, 183, 29122, 15726, 540, , 29122, 25000, 28350, 28379, 0, 
419, 1, 474, 407, -1, 419, 241, 8.0, 23, ABprpapappp, 205, 28996, 14846, 512, , 28996, 25000, 29862, 29928, 0, 
420, 1, 112, 362, -1, 438, 178, 9.6, 23, ABplpppaaaa, 198, 29517, 18891, 640, , 29517, 25000, 28612, 28686, 0, 
421, 1, 416, 502, -1, 193, 236, 24.4, 24, ABplaaaaapp, 176, 28094, 19666, 700, , 28094, 25000, 28815, 28896, 0, 
422, 1, 405, 48, -1, 453, 205, 24.4, 28, Cappaaa, -41, 28144, 27806, 988, , 28144, 25000, 28724, 28657, 0, 
423, 1, 7, 119, -1, 213, 189, 7.7, 23, ABalpapaaaa, 25, 29774, 17626, 592, , 29774, 25000, 31350, 31952, 0, 
424, 1, 446, 131, -1, 475, 170, 20.3, 27, Capaapa, 130, 28721, 26538, 924, , 28721, 25000, 28668, 28797, 0, 
425, 1, 465, 148, -1, 373, 179, 11.7, 23, ABalpapappp, 222, 28843, 17075, 592, , 28843, 25000, 28622, 29113, 0, 
426, 1, 276, 123, -1, 169, 210, 24.2, 22, ABalapapppp, 277, 29357, 14561, 496, , 29357, 25000, 28065, 28151, 0, 
427, 1, 250, 333, -1, 544, 272, 6.1, 22, ABprpppaapp, -462, 38972, 18083, 464, , 38972, 25000, 38415, 38562, 0, 
428, 1, 545, 11, -1, 281, 358, 11.5, 24, ABprpaappaa, -1, 27829, 21373, 768, , 27829, 25000, 28821, 29211, 0, 
429, 1, 389, 81, -1, 404, 177, 10.9, 22, ABplpaaaapp, 52, 28078, 13028, 464, , 28078, 25000, 27860, 27966, 0, 
430, 1, 67, 409, -1, 440, 319, 6.0, 24, ABprppapapa, 210, 31967, 19436, 608, , 31967, 25000, 33583, 34089, 0, 
431, 1, 282, 440, -1, 450, 227, 15.2, 32, Z3, 327, 27585, 44357, 1608, , 27585, 25000, 28363, 28362, 0, 
432, 0, 156, -1, -1, 357, 125, 16.7, 23, , 216, 1601, 17655, 592, , 29823, 25000, 28110, 28222, 0, 
433, 1, 3, 87, -1, 257, 212, 15.3, 24, ABalpapppaa, 474, 27557, 19400, 704, , 27557, 25000, 27955, 28101, 0, 
434, 1, 306, 344, -1, 324, 164, 21.7, 27, ABplapaaapa, 243, 27776, 25665, 924, , 27776, 25000, 28374, 28261, 0, 
435, 1, 455, 114, -1, 223, 347, 6.5, 24, ABpraaaapad, 212, 32773, 25170, 768, , 32773, 25000, 35422, 36367, 0, 
436, 1, 316, 305, -1, 254, 276, 22.3, 24, MSaaaaapp, 209, 28291, 19917, 704, , 28291, 25000, 29835, 30000, 0, 
437, 1, 433, 417, -1, 290, 259, 21.6, 22, MSaaapapa, 145, 28399, 16244, 572, , 28399, 25000, 28643, 28670, 0, 
438, 1, 525, 415, -1, 271, 150, 10.9, 23, ABplpaapppp, 215, 26250, 13020, 496, , 26250, 25000, 28383, 28522, 0, 
439, 1, 323, 282, -1, 364, 245, 6.8, 23, ABprpappapa, -89, 34215, 18476, 540, , 34215, 25000, 32811, 33256, 0, 
440, 1, 421, 492, -1, 525, 326, 12.1, 26, Cppaapp, 211, 27424, 21939, 800, , 27424, 25000, 28494, 28494, 0, 
441, 1, 25, 341, -1, 288, 336, 15.1, 25, MSppapaa, 241, 27769, 19105, 688, , 27769, 25000, 28607, 28721, 0, 
442, 1, 318, 28, -1, 236, 187, 25.6, 30, ABplaaappa, 259, 27911, 32265, 1156, , 27911, 25000, 29330, 29559, 0, 
443, 1, 163, 135, -1, 298, 255, 10.9, 25, ABarapapppp, 214, 27958, 19235, 688, , 27958, 25000, 28802, 29089, 0, 
444, 1, 515, 78, -1, 343, 220, 24.5, 26, Daaap, 224, 27831, 24937, 896, , 27831, 25000, 29251, 29283, 0, 
445, 1, 77, 206, -1, 534, 177, 21.3, 26, Capapap, 250, 28820, 24670, 856, , 28820, 25000, 28995, 28998, 0, 
446, 0, -1, -1, -1, 217, 162, 7.9, 19, , 118, -1123, 7436, 256, , 29047, 25000, 29949, 30170, 0, 
447, 1, 245, 366, -1, 145, 195, 22.5, 22, ABalapaaapp, 160, 27713, 14189, 512, , 27713, 25000, 27928, 28246, 0, 
448, 1, 553, 199, -1, 249, 321, 25.5, 24, ABarpaapap, 184, 28958, 22240, 768, , 28958, 25000, 29661, 29676, 0, 
449, 1, 26, 345, -1, 333, 352, 14.0, 24, Dpaaa, -267, 29600, 17997, 608, , 29600, 25000, 28804, 28683, 0, 
450, 1, 257, 43, -1, 182, 328, 24.3, 26, ABarpaapaa, 215, 27796, 23793, 856, , 27796, 25000, 29047, 29054, 0, 
451, 1, 247, 164, -1, 320, 297, 23.3, 24, MSpaaapaa, 90, 28210, 19860, 704, , 28210, 25000, 27849, 27699, 0, 
452, 1, 333, 444, -1, 324, 405, 17.8, 23, ABarpppaap, 493, 26096, 14092, 540, , 26096, 25000, 28036, 28036, 0, 
453, 1, 46, 55, -1, 162, 197, 9.6, 23, ABalpaapppp, 205, 28366, 18154, 640, , 28366, 25000, 28920, 28858, 0, 
454, 1, 467, 449, -1, 412, 283, 15.5, 30, Earpa, 286, 28468, 35073, 1232, , 28468, 25000, 29989, 29975, 0, 
455, 1, 202, 300, -1, 405, 221, 10.2, 22, ABplpapappp, 182, 28298, 14036, 496, , 28298, 25000, 29078, 29199, 0, 
456, 1, 108, -1, -1, 337, 162, 10.9, 24, ABplppaapaa, 181, 29132, 17596, 604, , 29132, 25000, 29016, 29132, 0, 
457, 1, 516, 30, -1, 496, 330, 14.9, 27, MSpppaap, 240, 28012, 25435, 908, , 28012, 25000, 29149, 29189, 0, 
458, 1, 368, 72, -1, 451, 369, 17.6, 27, Cpppaaa, 244, 29035, 28687, 988, , 29035, 25000, 28447, 28444, 0, 
459, 1, 47, 524, -1, 581, 322, 18.2, 30, Caaapp, 299, 28219, 37249, 1320, , 28219, 25000, 28245, 28215, 0, 
460, 1, 187, 359, -1, 469, 265, 21.8, 32, Eplaa, 322, 28279, 45473, 1608, , 28279, 25000, 29259, 29342, 0, 
461, 1, 295, 386, -1, 317, 349, 17.0, 24, MSpppaaa, 175, 28237, 17168, 608, , 28237, 25000, 27954, 28038, 0, 
462, 1, 420, 276, -1, 369, 379, 9.9, 28, ABpraapppp, 277, 27442, 29857, 1088, , 27442, 25000, 28839, 28873, 0, 
463, 1, 381, 428, -1, 400, 243, 24.5, 29, Dappa, 219, 28720, 31018, 1080, , 28720, 25000, 29291, 29298, 0, 
464, 1, 40, 70, -1, 334, 339, 5.6, 27, ABpraapppa, 273, 37581, 37130, 988, , 37581, 25000, 36596, 37082, 0, 
465, 1, 411, 172, -1, 202, 274, 13.8, 24, ABaraaapaap, 116, 28706, 18831, 656, , 28706, 25000, 27791, 28121, 0, 
466, 0, 434, -1, -1, 235, 184, 16.2, 23, , 32, 3275, 17250, 540, , 31944, 25000, 28820, 28669, 0, 
467, 1, 130, 520, -1, 359, 292, 14.9, 22, MSpapappa, 190, 30330, 14073, 464, , 30330, 25000, 30907, 30938, 0, 
468, 0, 413, -1, -1, 316, 265, 21.8, 23, , 191, 2286, 16456, 540, , 30474, 25000, 28326, 28188, 0, 
469, 1, 510, 299, -1, 487, 187, 23.2, 27, Capapaa, 270, 27813, 24142, 868, , 27813, 25000, 28543, 28577, 0, 
470, 1, 239, 176, -1, 202, 142, 15.7, 23, ABalpppapav, 203, 28186, 16686, 592, , 28186, 25000, 28140, 28115, 0, 
471, 1, 349, 484, -1, 413, 296, 4.9, 23, ABprpaaaapp, 155, 40544, 20110, 496, , 40544, 25000, 35712, 35757, 0, 
472, 1, 242, 105, -1, 449, 305, 20.4, 30, Epraa, 286, 27910, 32264, 1156, , 27910, 25000, 28654, 28683, 0, 
473, 1, 401, 56, -1, 353, 273, 7.0, 23, ABprpapapaa, 196, 29992, 15356, 512, , 29992, 25000, 32598, 33162, 0, 
474, 1, 101, 432, -1, 572, 288, 13.6, 26, Cpppapp, 263, 27675, 23026, 832, , 27675, 25000, 28912, 28903, 0, 
475, 1, 468, 246, -1, 330, 118, 14.3, 28, ABplaapppa, -274, 27850, 29632, 1064, , 27850, 25000, 27052, 27063, 0, 
476, 1, 89, 319, -1, 266, 357, 19.1, 22, MSppppap, 189, 27877, 12935, 464, , 27877, 25000, 28696, 28695, 0, 
477, 1, 114, 506, -1, 271, 338, 5.2, 25, ABpraappaa, 222, 38075, 26805, 704, , 38075, 25000, 39311, 40713, 0, 
478, 0, 38, -1, -1, 239, 290, 18.9, 24, , 132, 1188, 17764, 604, , 29411, 25000, 28211, 28223, 0, 
479, 1, 424, 457, -1, 388, 393, 18.6, 28, ABarpppapp, 202, 28506, 28164, 988, , 28506, 25000, 28493, 28454, 0, 
480, 1, 326, 342, -1, 603, 239, 12.4, 29, Caappd, 285, 26802, 30983, 1156, , 26802, 25000, 27881, 27883, 0, 
481, 1, 22, 557, -1, 165, 295, 11.0, 22, ABalaappppa, 165, 28365, 10892, 384, , 28365, 25000, 28059, 28129, 0, 
482, 1, 222, 354, -1, 368, 277, 26.5, 32, Cpaaaa, 319, 29530, 42287, 1432, , 29530, 25000, 28560, 28565, 0, 
483, 1, 350, 37, -1, 185, 269, 6.7, 23, ABarapppaaa, 202, 33524, 19846, 592, , 33524, 25000, 34771, 34616, 0, 
484, 1, 428, 481, -1, 325, 216, 18.0, 22, MSaapaapa, 209, 30534, 11725, 384, , 30534, 25000, 29986, 29615, 0, 
485, 1, 69, 458, -1, 304, 169, 11.3, 22, ABplpapaapp, 122, 28582, 14977, 524, , 28582, 25000, 29346, 29462, 0, 
486, 1, 271, 459, -1, 490, 305, 5.6, 26, ABprppapppp, 263, 34954, 29082, 832, , 34954, 25000, 36281, 36364, 0, 
487, 1, 170, 521, -1, 264, 312, 19.8, 28, MSpaaaapp, 268, 27518, 28949, 1052, , 27518, 25000, 28402, 28483, 0, 
488, 1, 264, 337, -1, 196, 217, 20.4, 22, MSapaaap, 196, 28119, 16084, 572, , 28119, 25000, 27766, 27745, 0, 
489, 1, 274, 18, -1, 274, 383, 11.4, 28, ABpraaapppp, 243, 28256, 27917, 988, , 28256, 25000, 28370, 28436, 0, 
490, 1, 103, 330, -1, 474, 384, 21.5, 31, Caaaap, 313, 28149, 34679, 1232, , 28149, 25000, 28356, 28388, 0, 
491, 1, 564, 549, -1, 219, 358, 14.9, 22, ABpraaaappp, -301, 29332, 13610, 464, , 29332, 25000, 28557, 28682, 0, 
492, 1, 43, 298, -1, 544, 131, 13.0, 23, ABplapppaap, 166, 27920, 14295, 512, , 27920, 25000, 27573, 27559, 0, 
493, 1, 373, 443, -1, 459, 210, 11.9, 23, ABplppppaap, 222, 28008, 13892, 496, , 28008, 25000, 27889, 27693, 0, 
494, 1, 229, 477, -1, 280, 347, 22.1, 24, MSpppppa, -4, 28503, 17216, 604, , 28503, 25000, 27934, 28014, 0, 
495, 1, 119, 50, -1, 521, 292, 20.1, 31, Eprap, 315, 28682, 42449, 1480, , 28682, 25000, 28978, 28944, 0, 
496, 1, 41, 562, -1, 283, 227, 23.2, 22, MSapppap, -72, 27369, 13575, 496, , 27369, 25000, 28101, 27884, 0, 
497, 1, 213, 49, -1, 343, 301, 12.9, 26, MSpapaapa, 253, 33106, 26485, 800, , 33106, 25000, 30223, 29944, 0, 
498, 1, 517, 514, -1, 146, 171, 13.7, 22, ABalppaaapa, 62, 27397, 14356, 524, , 27397, 25000, 27806, 27631, 0, 
499, 1, 347, 561, -1, 199, 268, 20.3, 23, MSaaaaapa, 231, 28988, 17161, 592, , 28988, 25000, 28396, 28528, 0, 
500, 1, 166, 499, -1, 333, 259, 25.1, 24, MSappppp, 161, 27522, 16623, 604, , 27522, 25000, 29953, 29953, 0, 
501, 1, 162, 94, -1, 287, 263, 15.2, 23, ABarapaappp, -112, 27131, 14651, 540, , 27131, 25000, 27940, 27933, 0, 
502, 1, 208, 258, -1, 435, 214, 8.5, 23, ABplpapppaa, 776, 27492, 17375, 632, , 27492, 25000, 29104, 29150, 0, 
503, 1, 194, 505, -1, 175, 311, 21.0, 22, ABalapppapp, 145, 29349, 11270, 384, , 29349, 25000, 28223, 28149, 0, 
504, 1, 116, 194, -1, 220, 305, 8.9, 24, ABprpaaaaaa, -6, 28930, 17474, 604, , 28930, 25000, 29427, 29521, 0, 
505, 1, 20, 5, -1, 140, 301, 20.5, 24, ABarpaaapaa, 436, 27628, 21218, 768, , 27628, 25000, 28299, 28208, 0, 
506, 1, 397, 101, -1, 189, 251, 18.6, 23, ABaraapaaap, 214, 27067, 17323, 640, , 27067, 25000, 27781, 27663, 0, 
507, 0, 225, -1, -1, 378, 166, 10.9, 23, , 364, -19, 13900, 496, , 28024, 25000, 28168, 28043, 0, 
508, 1, 226, 180, -1, 175, 320, 12.9, 25, ABpraaapapa, 161, 28110, 19340, 688, , 28110, 25000, 28312, 28447, 0, 
509, 1, 501, 378, -1, 574, 190, 9.1, 22, Caappv, -66, 27978, 12982, 464, , 27978, 25000, 29122, 29052, 0, 
510, 1, 448, 508, -1, 114, 275, 14.2, 24, ABalaaappll, 149, 26869, 17626, 656, , 26869, 25000, 27452, 27452, 0, 
511, 1, 543, 535, -1, 261, 297, 16.0, 23, ABaraaapapp, 729, 26031, 13328, 512, , 26031, 25000, 27573, 27479, 0, 
512, 1, 252, 497, -1, 199, 211, 11.5, 23, ABalpaaaaaa, 202, 27633, 17464, 632, , 27633, 25000, 27750, 27862, 0, 
513, 1, 472, 437, -1, 214, 207, 16.2, 22, ABalpaaapaa, 124, 28149, 13962, 496, , 28149, 25000, 28620, 28803, 0, 
514, 1, 29, 408, -1, 160, 323, 10.3, 23, ABalaappppp, 345, 27287, 16154, 592, , 27287, 25000, 28557, 28771, 0, 
515, 1, 337, 392, -1, 244, 377, 15.0, 24, ABpraapappp, 333, 27776, 16888, 608, , 27776, 25000, 27838, 27936, 0, 
516, 1, 319, 452, -1, 222, 320, 12.6, 22, ABpraaapaav, 333, 27531, 15748, 572, , 27531, 25000, 28250, 28519, 0, 
517, 1, 159, 523, -1, 240, 214, 14.1, 27, ABalpappaap, 159, 27839, 25278, 908, , 27839, 25000, 28706, 28943, 0, 
518, 1, 538, 504, -1, 216, 253, 13.0, 22, ABaraaaaapp, 115, 26797, 10290, 384, , 26797, 25000, 28111, 28162, 0, 
519, 1, 198, 36, -1, 383, 270, 8.8, 24, ABprpapappa, 216, 27873, 18285, 656, , 27873, 25000, 30060, 30165, 0, 
520, 1, 390, 420, -1, 194, 323, 18.1, 22, ABarpapaapp, -32, 27560, 12788, 464, , 27560, 25000, 28216, 27890, 0, 
521, 1, 384, 24, -1, 537, 216, 8.7, 23, Caapap, 58, 28716, 17000, 592, , 28716, 25000, 28764, 28794, 0, 
522, 1, 539, 476, -1, 199, 328, 10.3, 22, ABalaapppap, 241, 29015, 15204, 524, , 29015, 25000, 27842, 27908, 0, 
523, 1, 430, 198, -1, 303, 331, 18.8, 22, MSpaapaap, 162, 27647, 13713, 496, , 27647, 25000, 28389, 28326, 0, 
524, 1, 135, 418, -1, 152, 224, 20.4, 24, ABalapappap, 7, 29119, 20383, 700, , 29119, 25000, 28316, 28233, 0, 
525, 1, 527, 527, -1, 302, 345, 11.0, 24, MSppppaa, 327, 27056, 16450, 608, , 27056, 25000, 28787, 28810, 0, 
526, 1, 90, 509, -1, 351, 258, 8.6, 22, ABprpapppaa, 244, 27879, 15947, 572, , 27879, 25000, 29139, 29243, 0, 
527, 1, 426, 467, -1, 364, 286, 8.7, 22, ABprpapapap, 141, 29676, 15550, 524, , 29676, 25000, 29787, 30244, 0, 
528, 1, 544, 253, -1, 449, 153, 12.1, 24, ABplppapppp, 170, 27863, 16829, 604, , 27863, 25000, 27758, 27892, 0, 
529, 1, 492, 389, -1, 158, 187, 16.4, 22, ABalapaappa, -6, 27759, 15878, 572, , 27759, 25000, 28063, 27970, 0, 
530, 0, 423, -1, -1, 524, 201, 5.3, 22, , -310, 711, 21730, 524, , 41469, 25000, 40937, 40758, 0, 
531, 1, 332, 385, -1, 285, 257, 24.7, 22, MSappppa, 34, 29057, 15226, 524, , 29057, 25000, 29119, 29130, 0, 
532, 1, 179, 513, -1, 170, 232, 10.6, 22, ABaraaappaa, 154, 27395, 15670, 572, , 27395, 25000, 27953, 27928, 0, 
533, 1, 280, 498, -1, 244, 177, 7.2, 24, ABalppapapa, 159, 30878, 20256, 656, , 30878, 25000, 33365, 34244, 0, 
534, 1, 506, 534, -1, 189, 248, 11.5, 22, ABaraaaaapa, 229, 28008, 14340, 512, , 28008, 25000, 27888, 27933, 0, 
535, 1, 283, 568, -1, 221, 314, 19.7, 22, MSpaaaapa, 548, 26912, 14102, 524, , 26912, 25000, 28037, 28018, 0, 
536, 1, 358, 214, -1, 362, 126, 19.1, 29, ABplaapppp, -5, 27427, 33132, 1208, , 27427, 25000, 28767, 28799, 0, 
537, 1, 262, 69, -1, 535, 269, 16.7, 29, Eprpa, 198, 29489, 31494, 1068, , 29489, 25000, 29431, 29406, 0, 
538, 1, 1, 213, -1, 226, 238, 9.3, 23, ABarapaaapa, 406, 28684, 16981, 592, , 28684, 25000, 28801, 29098, 0, 
539, 1, 296, 51, -1, 219, 143, 12.6, 22, ABplpaaapaa, 90, 29290, 16754, 572, , 29290, 25000, 28563, 28415, 0, 
540, 1, 81, 62, -1, 189, 286, 25.9, 31, ABplaaaapa, -187, 28241, 41797, 1480, , 28241, 25000, 29483, 29564, 0, 
541, 1, 17, 141, -1, 220, 335, 8.1, 22, ABpraaaapav, 105, 30002, 13921, 464, , 30002, 25000, 28992, 29036, 0, 
542, 1, 548, 500, -1, 337, 265, 18.7, 22, MSaaapapp, 207, 29229, 15316, 524, , 29229, 25000, 28367, 28284, 0, 
543, 1, 526, 391, -1, 136, 222, 18.4, 22, ABalapappaa, 113, 27142, 15525, 572, , 27142, 25000, 28028, 27985, 0, 
544, 0, 550, -1, -1, 348, 204, 7.7, 22, , -7, -206, 15639, 524, , 29845, 25000, 30284, 30051, 0, 
545, 1, 528, 547, -1, 229, 225, 18.8, 22, ABalpaapapa, 256, 27143, 13463, 496, , 27143, 25000, 27697, 27748, 0, 
546, 0, 15, -1, -1, 562, 268, 7.8, 22, , 52, -1215, 14623, 496, , 29482, 25000, 30488, 30697, 0, 
547, 1, 290, 552, -1, 331, 275, 20.5, 23, MSaaaappp, 70, 29612, 18715, 632, , 29612, 25000, 28298, 28195, 0, 
548, 1, 300, 304, -1, 333, 383, 21.9, 30, ABarpppapa, 259, 28834, 39099, 1356, , 28834, 25000, 28206, 28241, 0, 
549, 0, 311, -1, -1, 490, 210, 5.2, 22, , 486, 6988, 20845, 496, , 42026, 25000, 34875, 35038, 0, 
550, 1, 533, 96, -1, 470, 202, 17.5, 24, MSappaap, 268, 28410, 21819, 768, , 28410, 25000, 28767, 28864, 0, 
551, 1, 529, 548, -1, 363, 339, 10.3, 24, Dpapp, 94, 29303, 20629, 704, , 29303, 25000, 28257, 28331, 0, 
552, 0, 584, -1, -1, 163, 303, 14.5, 22, , 300, -1158, 13834, 512, , 27020, 25000, 27985, 28178, 0, 
553, 1, 299, 589, -1, 133, 259, 15.9, 20, ABalapppaaa, 341, 28528, 9015, 316, , 28528, 25000, 27471, 27671, 0, 
554, 1, 542, 544, -1, 356, 186, 12.7, 21, ABplpapapap, 208, 27004, 12746, 472, , 27004, 25000, 29395, 29182, 0, 
555, 1, 334, 553, -1, 490, 241, 26.8, 33, Cpaapa, 197, 29394, 51264, 1744, , 29394, 25000, 28731, 28658, 0, 
556, 1, 554, 546, -1, 357, 160, 16.6, 24, Daapp, -138, 27641, 19349, 700, , 27641, 25000, 29139, 29137, 0, 
557, 1, 556, 559, -1, 343, 316, 17.9, 27, MSpaapapp, 131, 28050, 25469, 908, , 28050, 25000, 29043, 29154, 0, 
558, 0, 557, -1, -1, 456, 281, 11.0, 21, , 127, -253, 10909, 384, , 28409, 25000, 28535, 28662, 0, 
559, 1, 560, 550, -1, 162, 191, 18.9, 22, ABalppppapa, 147, 26504, 12298, 464, , 26504, 25000, 27772, 27944, 0, 
560, 0, 160, -1, -1, 299, 122, 12.7, 20, , 175, -276, 0, 0, , 0, 0, 0, 0, 0, 
561, 0, 503, -1, -1, 294, 163, 15.9, 23, , 226, -1031, 13288, 496, , 26790, 25000, 27705, 27821, 0, 
562, 1, 561, 563, -1, 321, 177, 14.0, 22, MSappapp, 153, 28159, 10813, 384, , 28159, 25000, 27667, 27726, 0, 
563, 1, 562, 564, -1, 284, 164, 17.0, 22, MSapppaa, 224, 28076, 10781, 384, , 28076, 25000, 27410, 27417, 0, 
564, 1, 563, 565, -1, 278, 323, 19.0, 22, MSpaapaaa, 167, 29049, 11155, 384, , 29049, 25000, 28498, 28942, 0, 
565, 1, 565, 566, -1, 294, 255, 7.0, 22, ABprpapaaaa, 198, 26969, 10356, 384, , 26969, 25000, 32433, 32056, 0, 
566, 0, -1, -1, -1, 471, 252, 11.0, 24, , 268, 157, 17404, 608, , 28625, 25000, 28460, 28468, 0, 
567, 1, 567, 569, -1, 342, 216, 17.0, 24, MSaapappa, -152, 32956, 20037, 608, , 32956, 25000, 32696, 32122, 0, 
568, 1, 568, 570, -1, 277, 235, 21.0, 22, MSaaapaap, 158, 27042, 10384, 384, , 27042, 25000, 28076, 28219, 0, 
569, 1, 569, 571, -1, 306, 303, 18.0, 24, MSpaapapa, 257, 28237, 17168, 608, , 28237, 25000, 28837, 28892, 0, 
570, 1, 238, 572, -1, 320, 320, 11.0, 24, MSpppapp, 134, 28579, 17376, 608, , 28579, 25000, 29002, 29140, 0, 
571, 1, 570, 573, -1, 294, 208, 6.0, 22, ABprpappaaa, 316, 33786, 12974, 384, , 33786, 25000, 36155, 37050, 0, 
572, 1, 571, 32, -1, 356, 215, 7.0, 25, ABplpappaap, 179, 28893, 22074, 764, , 28893, 25000, 32031, 31916, 0, 
573, 1, 572, 574, -1, 514, 210, 6.0, 24, ABprpppapap, 4, 36515, 22201, 608, , 36515, 25000, 36940, 36763, 0, 
574, 1, 61, 575, -1, 452, 154, 10.466666, 24, ABplpppaaap, 242, 27317, 19122, 700, , 27317, 25000, 27590, 27684, 0, 
575, 1, 573, 577, -1, 230, 288, 16.0, 24, ABaraaapapa, 136, 28692, 17445, 608, , 28692, 25000, 28295, 28344, 0, 
576, 1, 547, 578, -1, 193, 239, 6.0, 22, ABaraaapppp, 388, 40021, 15368, 384, , 40021, 25000, 38384, 40566, 0, 
577, 1, 471, 579, -1, 275, 240, 4.0, 22, ABarapppapp, 199, 34547, 13266, 384, , 34547, 25000, 34189, 34242, 0, 
578, 1, 574, 580, -1, 196, 306, 11.0, 22, ABalaapppaa, 127, 27125, 10416, 384, , 27125, 25000, 28046, 27970, 0, 
579, 1, 575, 581, -1, 230, 275, 5.0, 22, ABalaapappa, 326, 39531, 15180, 384, , 39531, 25000, 37560, 37513, 0, 
580, 1, 576, 583, -1, 166, 316, 8.5, 20, ABalaappapa, 0, 28880, 12014, 416, , 28880, 25000, 28641, 28979, 0, 
581, 1, 577, 582, -1, 196, 295, 5.0, 22, ABalaappapp, 228, 46531, 17868, 384, , 46531, 25000, 42595, 42635, 0, 
582, 1, 578, 584, -1, 184, 343, 17.0, 22, ABalapppppp, 134, 28333, 10880, 384, , 28333, 25000, 27728, 27984, 0, 
583, 1, 579, 585, -1, 160, 289, 19.0, 23, ABalapppapa, 187, 27365, 14011, 512, , 27365, 25000, 28407, 28151, 0, 
584, 1, 580, 586, -1, 165, 332, 17.0, 22, ABalapppppa, 0, 27682, 10630, 384, , 27682, 25000, 28116, 28110, 0, 
585, 1, 581, 587, -1, 145, 336, 15.0, 22, ABalappappp, 287, 28539, 10959, 384, , 28539, 25000, 27549, 27497, 0, 
586, 1, 582, 556, -1, 120, 263, 17.0, 22, ABalappaap, 119, 26813, 10296, 384, , 26813, 25000, 27849, 27746, 0, 
587, 1, 583, 588, -1, 162, 206, 23.0, 23, ABalapapppa, 27, 28496, 14590, 512, , 28496, 25000, 28507, 28502, 0, 
588, 1, 585, 590, -1, 152, 252, 21.0, 22, ABalapapapa, -370, 29211, 11217, 384, , 29211, 25000, 28514, 28761, 0, 
589, 1, 66, 591, -1, 182, 150, 11.64, 25, ABalppaaapp, 202, 28785, 21992, 764, , 28785, 25000, 27962, 27912, 0, 
590, 1, 586, 592, -1, 214, 161, 9.0, 21, ABalppaappa, 0, 30211, 11601, 384, , 30211, 25000, 28431, 28916, 0, 
591, 1, 587, 593, -1, 222, 183, 23.0, 22, ABalpppappp, -18, 27505, 10562, 384, , 27505, 25000, 27931, 28167, 0, 
592, 1, 311, 594, -1, 495, 198, 6.0, 29, ABplpppapap, 258, 34559, 42438, 1228, , 34559, 25000, 35503, 36069, 0, 
593, 1, 588, 595, -1, 478, 251, 9.3, 25, ABprppppaap, -41, 28033, 21417, 764, , 28033, 25000, 28910, 28947, 0, 
594, 1, 589, 597, -1, 152, 309, 16.0, 22, ABalappppap, -308, 26911, 10334, 384, , 26911, 25000, 27339, 27530, 0, 
595, 1, 590, 598, -1, 161, 317, 15.0, 23, ABalappapa, 187, 27031, 13840, 512, , 27031, 25000, 27762, 27960, 0, 
596, 1, 591, 599, -1, 145, 282, 17.0, 23, ABalapppaap, 210, 27732, 14199, 512, , 27732, 25000, 27795, 28000, 0, 
