1, 1, 12, 110, -1, 116, 234, 15.8, 23, ABalaaaparr, -181, 27894, 15063, 540, , 27894, 25000, 26855, 27078, 0, 
2, 1, 347, 225, -1, 293, 344, 6.1, 26, ABpraappap, 259, 32993, 26394, 800, , 32993, 25000, 36242, 36173, 0, 
3, 1, 247, 146, -1, 233, 204, 12.3, 25, ABalpaaaaap, 224, 27832, 21264, 764, , 27832, 25000, 28609, 28799, 0, 
4, 1, 401, 16, -1, 503, 252, 21.5, 30, Ealpp, 299, 27692, 34117, 1232, , 27692, 25000, 28842, 28958, 0, 
5, 1, 505, 118, -1, 138, 295, 20.4, 24, ABarpaaapaa, 200, 28354, 19848, 700, , 28354, 25000, 27787, 27821, 0, 
6, 1, 367, 114, -1, 160, 177, 21.2, 24, ABalppppapp, 72, 28189, 18492, 656, , 28189, 25000, 28138, 28329, 0, 
7, 1, 135, 548, -1, 176, 195, 20.5, 27, ABalapaaaa, -245, 27118, 24298, 896, , 27118, 25000, 28293, 28170, 0, 
8, 1, 226, 63, -1, 208, 238, 19.1, 24, ABaraapaapa, 476, 27517, 16620, 604, , 27517, 25000, 27870, 28044, 0, 
9, 0, 378, -1, -1, 379, 287, 17.3, 24, , 238, 20, 20568, 704, , 29216, 25000, 29316, 29196, 0, 
10, 1, 32, 165, -1, 285, 218, 5.2, 23, ABarappaapp, 41, 37035, 19999, 540, , 37035, 25000, 37546, 38020, 0, 
11, 1, 428, 201, -1, 286, 355, 12.0, 22, ABprpaappaa, 192, 28458, 10928, 384, , 28458, 25000, 28546, 28610, 0, 
12, 1, 287, 173, -1, 168, 349, 13.6, 24, ABpraapaapa, -120, 27780, 19446, 700, , 27780, 25000, 27851, 27815, 0, 
13, 0, 27, -1, -1, 216, 159, 25.4, 33, , 283, 85, 0, 0, , 0, 0, 0, 0, 0, 
14, 1, 282, 299, -1, 563, 299, 10.2, 28, ABprapppaa, 7, 27345, 28767, 1052, , 27345, 25000, 29014, 29034, 0, 
15, 1, 383, 243, -1, 157, 170, 11.5, 23, ABalaaaalpp, -502, 28581, 18063, 632, , 28581, 25000, 28233, 27980, 0, 
16, 1, 154, 230, -1, 267, 171, 7.5, 23, ABalppapapp, 189, 27896, 17630, 632, , 27896, 25000, 32121, 32162, 0, 
17, 1, 396, 290, -1, 563, 213, 8.8, 23, ABprppppppp, 201, 28443, 15359, 540, , 28443, 25000, 29152, 29262, 0, 
18, 1, 489, 308, -1, 272, 378, 11.0, 26, ABpraaapppp, 265, 27155, 23136, 852, , 27155, 25000, 28540, 28572, 0, 
19, 1, 2, 13, -1, 119, 288, 18.8, 24, ABarpaaaaar, 246, 26678, 17501, 656, , 26678, 25000, 27963, 28131, 0, 
20, 1, 206, 599, -1, 473, 247, 10.9, 26, ABprpappppa, 259, 28744, 22995, 800, , 28744, 25000, 28519, 28859, 0, 
21, 1, 23, 117, -1, 478, 219, 11.5, 24, ABprpappppp, 218, 28445, 21846, 768, , 28445, 25000, 28486, 28802, 0, 
22, 1, 314, 411, -1, 296, 379, 13.6, 25, ABpraaapppa, 235, 28352, 23589, 832, , 28352, 25000, 28344, 28438, 0, 
23, 0, 195, -1, -1, 84, 261, 15.8, 25, , -177, 4175, 21892, 704, , 31097, 25000, 26911, 26922, 0, 
24, 1, 521, 241, -1, 536, 214, 8.9, 23, Caapap, 178, 28966, 14367, 496, , 28966, 25000, 29096, 29183, 0, 
25, 1, 359, 202, -1, 277, 230, 17.1, 23, ABalpaaappp, 193, 27770, 13774, 496, , 27770, 25000, 27772, 27629, 0, 
26, 1, 332, 379, -1, 440, 236, 6.8, 22, ABplpapppap, 192, 28718, 14244, 496, , 28718, 25000, 30853, 30856, 0, 
27, 1, 116, 94, -1, 160, 251, 17.9, 27, MSaaaaaa, 167, 27161, 24662, 908, , 27161, 25000, 27957, 27964, 0, 
28, 1, 442, 276, -1, 233, 184, 25.9, 30, ABplaaappa, 133, 29800, 40409, 1356, , 29800, 25000, 29316, 29492, 0, 
29, 1, 112, 420, -1, 284, 223, 25.6, 26, ABarppaaaa, -255, 26703, 22217, 832, , 26703, 25000, 28332, 28205, 0, 
30, 1, 457, 489, -1, 497, 327, 14.9, 26, MSpppaap, 249, 27229, 21783, 800, , 27229, 25000, 28468, 28465, 0, 
31, 1, 115, 434, -1, 410, 403, 15.6, 27, ABarppppap, 244, 27172, 26846, 988, , 27172, 25000, 27697, 27680, 0, 
32, 1, 572, 576, -1, 356, 211, 7.3, 25, ABplpappaap, 152, 29840, 22798, 764, , 29840, 25000, 31562, 31568, 0, 
33, 1, 229, 72, -1, 374, 307, 14.1, 29, MSpapaapp, 249, 30462, 36798, 1208, , 30462, 25000, 31002, 30811, 0, 
34, 1, 395, 28, -1, 241, 350, 7.7, 24, ABprpaapapp, 188, 29432, 20720, 704, , 29432, 25000, 30175, 30170, 0, 
35, 0, 88, -1, -1, 234, 236, 17.0, 23, , 345, 2337, 15543, 512, , 30357, 25000, 28012, 28020, 0, 
36, 1, 519, 120, -1, 375, 261, 9.2, 23, ABprpapappa, 207, 28589, 15438, 540, , 28589, 25000, 30046, 29912, 0, 
37, 1, 483, 42, -1, 182, 263, 6.7, 23, ABarapppaaa, 215, 33262, 19691, 592, , 33262, 25000, 35824, 35652, 0, 
38, 1, 124, 458, -1, 436, 184, 16.7, 25, MSaapppp, 249, 28264, 21594, 764, , 28264, 25000, 28619, 28591, 0, 
39, 1, 114, 47, -1, 393, 133, 19.4, 28, ABplapaapp, 272, 27237, 26910, 988, , 27237, 25000, 28138, 28046, 0, 
40, 1, 300, 116, -1, 214, 272, 10.2, 25, MSppaaaa, 191, 29716, 20920, 704, , 29716, 25000, 27746, 27756, 0, 
41, 1, 90, 293, -1, 207, 356, 9.9, 25, ABprpaapapa, 247, 29981, 20627, 688, , 29981, 25000, 28008, 28003, 0, 
42, 1, 43, 436, -1, 572, 258, 10.3, 25, ABprapapppp, 212, 27435, 20960, 764, , 27435, 25000, 29729, 29799, 0, 
43, 1, 450, 179, -1, 180, 325, 24.3, 27, ABarpaapaa, 209, 28263, 26115, 924, , 28263, 25000, 28699, 28710, 0, 
44, 0, 468, -1, -1, 322, 264, 21.9, 23, , 203, -1492, 13298, 496, , 26810, 25000, 28195, 28302, 0, 
45, 1, 262, 11, -1, 390, 273, 6.9, 23, ABarappappa, 210, 30992, 15372, 496, , 30992, 25000, 32363, 32521, 0, 
46, 1, 335, 416, -1, 169, 235, 24.2, 23, ABplaaaaaap, 223, 26804, 14474, 540, , 26804, 25000, 28784, 28867, 0, 
47, 1, 108, 309, -1, 276, 215, 8.0, 24, ABarapapapa, 393, 29313, 17822, 608, , 29313, 25000, 30022, 29823, 0, 
48, 1, 422, 382, -1, 456, 205, 24.3, 27, Cappaaa, 274, 28915, 26717, 924, , 28915, 25000, 28147, 28150, 0, 
49, 1, 497, 450, -1, 345, 298, 12.8, 26, MSpapaapa, 155, 32573, 25928, 796, , 32573, 25000, 29897, 29892, 0, 
50, 1, 495, 61, -1, 522, 289, 20.1, 29, Eprap, 279, 28921, 34937, 1208, , 28921, 25000, 29119, 29145, 0, 
51, 1, 539, 530, -1, 223, 139, 12.1, 23, ABplpaaapaa, 91, 28702, 14236, 496, , 28702, 25000, 28291, 28415, 0, 
52, 1, 263, 237, -1, 117, 241, 20.1, 25, ABplaapaaaa, 149, 27699, 19057, 688, , 27699, 25000, 28164, 28033, 0, 
53, 1, 374, 17, -1, 367, 330, 6.0, 24, ABprapaapa, 96, 33870, 20593, 608, , 33870, 25000, 34975, 34988, 0, 
54, 1, 121, 80, -1, 167, 151, 21.0, 23, ABalpppaapd, 176, 27139, 13895, 512, , 27139, 25000, 28498, 28525, 0, 
55, 1, 453, 239, -1, 160, 192, 9.7, 23, ABalpaapppp, 228, 28230, 16712, 592, , 28230, 25000, 28101, 27885, 0, 
56, 1, 473, 448, -1, 348, 270, 7.3, 23, ABprpapapaa, 77, 30390, 17991, 592, , 30390, 25000, 31225, 31697, 0, 
57, 1, 250, 82, -1, 517, 136, 21.8, 29, ABplapapaa, 294, 27928, 31056, 1112, , 27928, 25000, 28140, 28140, 0, 
58, 1, 40, 83, -1, 496, 347, 9.1, 27, ABprappapp, 493, 28193, 25599, 908, , 28193, 25000, 28558, 28521, 0, 
59, 1, 331, 242, -1, 291, 217, 20.1, 24, ABaraapapaa, 220, 28267, 17073, 604, , 28267, 25000, 28157, 28313, 0, 
60, 1, 49, 2, -1, 373, 275, 11.6, 25, MSpapapa, -46, 48905, 40689, 832, , 48905, 25000, 32383, 32612, 0, 
61, 1, 45, 140, -1, 361, 207, 15.2, 26, MSaapapa, 243, 45617, 36311, 796, , 45617, 25000, 31656, 31828, 0, 
62, 1, 540, 338, -1, 186, 283, 25.9, 28, ABplaaaapa, -186, 28540, 31051, 1088, , 28540, 25000, 29387, 29552, 0, 
63, 0, 217, -1, -1, 283, 293, 10.4, 24, , 201, -974, 19726, 700, , 28180, 25000, 28876, 29154, 0, 
64, 1, 39, 99, -1, 314, 183, 10.0, 23, ABplpapaaap, 230, 27949, 14310, 512, , 27949, 25000, 28895, 28895, 0, 
65, 1, 4, 349, -1, 237, 356, 16.9, 24, ABpraapappa, 229, 27829, 16809, 604, , 27829, 25000, 28489, 28535, 0, 
66, 1, 167, 282, -1, 523, 340, 7.8, 25, ABprapapap, 249, 28270, 19902, 704, , 28270, 25000, 29356, 29460, 0, 
67, 1, 248, 294, -1, 297, 205, 17.0, 24, ABaraapappa, 215, 28492, 17323, 608, , 28492, 25000, 28318, 28298, 0, 
68, 1, 218, 168, -1, 298, 250, 16.0, 24, ABaraapappp, 171, 28349, 17236, 608, , 28349, 25000, 27267, 27242, 0, 
69, 1, 537, 501, -1, 535, 266, 17.1, 29, Eprpa, 185, 28649, 34608, 1208, , 28649, 25000, 29641, 29665, 0, 
70, 1, 464, 394, -1, 335, 330, 5.3, 27, ABpraapppa, 229, 38124, 35227, 924, , 38124, 25000, 36864, 37213, 0, 
71, 1, 132, 272, -1, 293, 248, 5.8, 25, ABarappapaa, 95, 38821, 27330, 704, , 38821, 25000, 35900, 36543, 0, 
72, 1, 458, 60, -1, 446, 368, 17.9, 25, Cpppaaa, 253, 28634, 19700, 688, , 28634, 25000, 28305, 28286, 0, 
73, 1, 413, 124, -1, 510, 252, 13.5, 32, Eprpp, 318, 27624, 39557, 1432, , 27624, 25000, 29356, 29409, 0, 
74, 1, 411, 385, -1, 171, 333, 19.9, 25, ABarpapaaap, 213, 26173, 18007, 688, , 26173, 25000, 27687, 27760, 0, 
75, 1, 324, 48, -1, 150, 300, 24.6, 26, ABarpapapa, 237, 27276, 22694, 832, , 27276, 25000, 28435, 28462, 0, 
76, 1, 162, 443, -1, 583, 272, 17.3, 28, Cppppap, 217, 28796, 30639, 1064, , 28796, 25000, 29134, 29239, 0, 
77, 1, 189, 526, -1, 196, 264, 16.3, 24, ABaraappaaa, 39, 25589, 18015, 704, , 25589, 25000, 27872, 28063, 0, 
78, 1, 444, 369, -1, 343, 220, 24.5, 27, Daaap, 272, 28276, 25335, 896, , 28276, 25000, 28779, 28725, 0, 
79, 1, 163, 112, -1, 471, 371, 10.7, 26, ABprappaap, 252, 29864, 25564, 856, , 29864, 25000, 28244, 28253, 0, 
80, 1, 36, 433, -1, 356, 174, 8.7, 24, ABplpaaaapa, 147, 29199, 20556, 704, , 29199, 25000, 29113, 29161, 0, 
81, 1, 429, 314, -1, 405, 174, 11.1, 22, ABplpaaaapp, 634, 28629, 13284, 464, , 28629, 25000, 28123, 28059, 0, 
82, 1, 161, 519, -1, 375, 315, 17.7, 34, Earaa, 324, 29561, 55692, 1884, , 29561, 25000, 30056, 30096, 0, 
83, 1, 278, 305, -1, 429, 183, 12.4, 23, ABplppapppa, 173, 27159, 17382, 640, , 27159, 25000, 28454, 28486, 0, 
84, 1, 207, 319, -1, 463, 257, 5.5, 24, ABprppppapa, 191, 36581, 28094, 768, , 36581, 25000, 36003, 36117, 0, 
85, 1, 249, 163, -1, 509, 155, 17.7, 26, Capaapp, 215, 27569, 23599, 856, , 27569, 25000, 29321, 29339, 0, 
86, 1, 372, 500, -1, 181, 222, 15.0, 23, ABalpaapaaa, 199, 27209, 13931, 512, , 27209, 25000, 28635, 28710, 0, 
87, 1, 433, 187, -1, 258, 204, 15.5, 23, ABalpapppaa, 215, 28538, 18036, 632, , 28538, 25000, 28281, 28268, 0, 
88, 1, 280, 149, -1, 158, 232, 8.4, 23, ABaraaapppa, 216, 26880, 17203, 640, , 26880, 25000, 29044, 29300, 0, 
89, 1, 385, 496, -1, 219, 256, 24.5, 26, MSapappp, 23, 29122, 26093, 896, , 29122, 25000, 28845, 29024, 0, 
90, 1, 134, 52, -1, 172, 339, 10.2, 27, ABpraaaaap, 154, 26965, 23406, 868, , 26965, 25000, 28232, 28258, 0, 
91, 1, 94, 514, -1, 515, 280, 8.6, 24, Cppappp, 167, 26764, 18735, 700, , 26764, 25000, 29463, 29791, 0, 
92, 1, 323, 466, -1, 483, 194, 13.0, 22, ABplpppppap, 204, 28849, 11078, 384, , 28849, 25000, 29070, 29126, 0, 
93, 1, 159, 204, -1, 171, 173, 13.7, 23, ABalppappaa, 98, 27071, 16026, 592, , 27071, 25000, 28335, 28367, 0, 
94, 1, 501, 260, -1, 286, 263, 14.9, 25, ABarapaappp, 196, 28962, 19926, 688, , 28962, 25000, 27673, 27598, 0, 
95, 1, 277, 85, -1, 317, 220, 5.8, 23, ABprpappaap, 209, 40257, 21739, 540, , 40257, 25000, 35491, 35822, 0, 
96, 1, 550, 554, -1, 473, 199, 17.9, 22, MSappaap, 217, 27737, 12870, 464, , 27737, 25000, 28592, 28545, 0, 
97, 0, 155, -1, -1, 219, 140, 10.0, 24, , 219, -497, 16845, 608, , 27706, 25000, 28331, 28203, 0, 
98, 1, 77, 328, -1, 252, 251, 11.1, 24, ABarapapaap, -215, 28745, 17362, 604, , 28745, 25000, 28443, 28314, 0, 
99, 1, 76, 566, -1, 324, 265, 7.5, 25, ABprpapaaap, 186, 28993, 22267, 768, , 28993, 25000, 31917, 32445, 0, 
100, 1, 224, 437, -1, 270, 319, 6.9, 22, ABprpaapppa, 187, 29944, 13894, 464, , 29944, 25000, 32365, 31193, 0, 
101, 1, 506, 284, -1, 190, 249, 18.5, 24, ABaraapaaap, 201, 27341, 20998, 768, , 27341, 25000, 27758, 27706, 0, 
102, 1, 113, 462, -1, 188, 324, 7.4, 23, ABpraaaaaaa, 414, 29756, 19044, 640, , 29756, 25000, 31415, 31591, 0, 
103, 1, 318, 207, -1, 133, 213, 22.7, 25, ABplaapaaap, 283, 29924, 22862, 764, , 29924, 25000, 28296, 28563, 0, 
104, 1, 200, 25, -1, 517, 211, 25.1, 29, Cappaap, 288, 28358, 34257, 1208, , 28358, 25000, 28610, 28776, 0, 
105, 1, 472, 150, -1, 449, 300, 20.5, 29, Epraa, 287, 28191, 30446, 1080, , 28191, 25000, 28302, 28343, 0, 
106, 1, 83, 342, -1, 320, 285, 14.9, 24, ABaraappppp, 203, 28672, 17318, 604, , 28672, 25000, 28699, 28814, 0, 
107, 1, 254, 98, -1, 450, 136, 20.3, 27, ABplappaap, 258, 28812, 26622, 924, , 28812, 25000, 27512, 27498, 0, 
108, 1, 215, -1, -1, 585, 278, 11.6, 23, ABprapapppa, 198, 29025, 18576, 640, , 29025, 25000, 28933, 29053, 0, 
109, 0, 397, -1, -1, 161, 271, 21.9, 24, , 224, 73, 17316, 604, , 28669, 25000, 28628, 28596, 0, 
110, 1, 93, 252, -1, 178, 189, 25.3, 26, ABplaaapaa, 253, 27873, 23859, 856, , 27873, 25000, 29107, 29260, 0, 
111, 1, 276, 38, -1, 134, 319, 17.3, 25, ABpraapaaap, -119, 27178, 20764, 764, , 27178, 25000, 27740, 27804, 0, 
112, 1, 21, 253, -1, 205, 297, 25.7, 28, ABplaaaapp, 211, 28809, 30653, 1064, , 28809, 25000, 29198, 29486, 0, 
113, 1, 188, 196, -1, 372, 265, 5.3, 24, ABprpaaaapa, 173, 37175, 26171, 704, , 37175, 25000, 36233, 36728, 0, 
114, 1, 435, 206, -1, 218, 339, 6.4, 24, ABpraaaapad, 226, 35591, 24914, 700, , 35591, 25000, 35467, 36595, 0, 
115, 1, 198, 487, -1, 216, 248, 6.8, 24, ABarappaaaa, 190, 31758, 20833, 656, , 31758, 25000, 34190, 32961, 0, 
116, 1, 239, 403, -1, 405, 176, 19.9, 24, Capaaaa, 363, 26651, 16097, 604, , 26651, 25000, 28294, 28234, 0, 
117, 1, 73, 145, -1, 247, 120, 15.7, 25, ABplpaapapp, 198, 26986, 20617, 764, , 26986, 25000, 27988, 27911, 0, 
118, 0, 126, -1, -1, 172, 296, 6.9, 22, , 219, 922, 15957, 464, , 34390, 25000, 33293, 33468, 0, 
119, 1, 423, 325, -1, 212, 185, 8.1, 24, ABalpapaaaa, 329, 27851, 16822, 604, , 27851, 25000, 29593, 30321, 0, 
120, 1, 306, 516, -1, 371, 354, 13.4, 24, Dppaa, 213, 26730, 18711, 700, , 26730, 25000, 28916, 29022, 0, 
121, 0, 478, -1, -1, 240, 286, 18.9, 25, , 201, 1523, 20898, 688, , 30375, 25000, 28724, 28852, 0, 
122, 1, 415, 485, 574, 377, 357, 22.2, 29, Dpppa, 290, 27638, 30733, 1112, , 27638, 25000, 28733, 28733, 0, 
123, 1, 426, 592, -1, 162, 207, 24.2, 22, ABalapapppp, 145, 27260, 13521, 496, , 27260, 25000, 27880, 28329, 0, 
124, 1, 87, 259, -1, 468, 328, 8.2, 23, ABprppapapp, 196, 29457, 15907, 540, , 29457, 25000, 29600, 29522, 0, 
125, 1, 417, 460, -1, 491, 119, 17.1, 27, ABplapapap, 175, 27309, 24797, 908, , 27309, 25000, 28701, 28705, 0, 
126, 1, 375, 238, -1, 209, 279, 7.7, 24, ABarappppap, 195, 28872, 20326, 704, , 28872, 25000, 30483, 30523, 0, 
127, 1, 122, 381, -1, 442, 362, 20.5, 28, Dpppp, 243, 27509, 29710, 1080, , 27509, 25000, 28431, 28341, 0, 
128, 1, 18, 87, -1, 431, 297, 26.3, 34, Cpaaap, 317, 29157, 54932, 1884, , 29157, 25000, 28801, 28801, 0, 
129, 1, 310, 148, -1, 421, 146, 20.2, 26, ABplappaaa, 135, 28085, 22356, 796, , 28085, 25000, 27529, 27520, 0, 
130, 1, 192, 74, -1, 198, 309, 15.5, 25, MSppaaap, 255, 27428, 21065, 768, , 27428, 25000, 28055, 28068, 0, 
131, 1, 424, 177, -1, 475, 168, 20.4, 28, Capaapa, 228, 27675, 27343, 988, , 27675, 25000, 28840, 29056, 0, 
132, 1, 320, 390, -1, 397, 244, 16.7, 29, Ealpa, 297, 29149, 31131, 1068, , 29149, 25000, 29400, 29318, 0, 
133, 1, 6, 303, -1, 345, 310, 7.9, 22, ABprppaapaa, 200, 31009, 14388, 464, , 31009, 25000, 29436, 29481, 0, 
134, 1, 182, 452, -1, 533, 214, 5.5, 29, ABprppppppa, 289, 40211, 43428, 1080, , 40211, 25000, 40717, 41162, 0, 
135, 1, 443, 446, -1, 299, 249, 11.2, 24, ABarapapppp, 240, 28218, 18511, 656, , 28218, 25000, 28787, 28837, 0, 
136, 1, 86, 395, -1, 555, 356, 14.1, 29, ABprapapaa, 228, 27670, 33425, 1208, , 27670, 25000, 28007, 28039, 0, 
137, 1, 213, 69, -1, 243, 288, 13.5, 24, ABarapaapap, 57, 28475, 21869, 768, , 28475, 25000, 28034, 27914, 0, 
138, 1, 42, 115, -1, 205, 160, 14.3, 24, ABplpaaaaaa, 54, 26624, 18743, 704, , 26624, 25000, 27691, 28030, 0, 
139, 1, 143, 426, -1, 423, 161, 14.2, 23, ABplppapapa, 200, 28517, 15399, 540, , 28517, 25000, 28189, 28458, 0, 
140, 1, 257, 133, -1, 486, 165, 7.6, 24, ABplpppapaa, 206, 27699, 19389, 700, , 27699, 25000, 30672, 30893, 0, 
141, 1, 541, 543, -1, 217, 332, 8.0, 22, ABpraaaapav, 198, 27021, 10376, 384, , 27021, 25000, 28976, 28371, 0, 
142, 1, 312, 233, -1, 270, 169, 21.1, 24, ABplaapapap, 195, 28169, 17014, 604, , 28169, 25000, 28468, 28387, 0, 
143, 0, 255, -1, -1, 218, 287, 4.5, 24, , 221, -702, 29108, 768, , 37901, 25000, 38584, 38603, 0, 
144, 1, 1, 388, -1, 233, 244, 11.9, 23, ABarapaaaap, 180, 28683, 14227, 496, , 28683, 25000, 28164, 27667, 0, 
145, 1, 223, 348, -1, 528, 183, 7.3, 23, ABplppppppa, 424, 30951, 18323, 592, , 30951, 25000, 32905, 33215, 0, 
146, 1, 107, 491, -1, 523, 158, 11.2, 24, ABplapppapp, 191, 28313, 18573, 656, , 28313, 25000, 27404, 27455, 0, 
147, 1, 211, 383, -1, 250, 243, 21.6, 26, ABaraapaapp, 218, 28240, 23496, 832, , 28240, 25000, 29161, 29135, 0, 
148, 1, 425, 102, -1, 372, 175, 11.9, 24, ABalpapappp, -12, 29106, 17580, 604, , 29106, 25000, 28881, 28598, 0, 
149, 1, 329, 417, -1, 385, 304, 7.3, 24, ABarappappp, 220, 31320, 22049, 704, , 31320, 25000, 30799, 31069, 0, 
150, 1, 336, 138, -1, 349, 248, 22.4, 25, MSaaappp, 229, 27431, 22823, 832, , 27431, 25000, 28216, 28166, 0, 
151, 1, 290, 71, -1, 175, 360, 17.0, 23, ABarpappaa, -117, 27373, 14015, 512, , 27373, 25000, 27857, 27860, 0, 
152, 1, 328, 396, -1, 455, 177, 21.9, 24, Capaaap, 225, 27070, 16350, 604, , 27070, 25000, 27786, 27936, 0, 
153, 0, 549, -1, -1, 494, 213, 4.5, 23, , 183, -3187, 22108, 632, , 34981, 25000, 38166, 38168, 0, 
154, 1, 105, 524, -1, 235, 174, 9.2, 24, ABalppapppp, 201, 28610, 18768, 656, , 28610, 25000, 29562, 30006, 0, 
155, 1, 231, 224, -1, 242, 326, 9.9, 24, ABprpaaaaap, 460, 27829, 16809, 604, , 27829, 25000, 28568, 28625, 0, 
156, 1, 137, 172, -1, 238, 332, 15.2, 24, ABpraapapaa, 212, 28230, 18519, 656, , 28230, 25000, 27922, 27927, 0, 
157, 1, 174, 413, -1, 215, 212, 6.6, 24, ABalpapaapa, 195, 34086, 23860, 700, , 34086, 25000, 35090, 35336, 0, 
158, 1, 409, 447, -1, 392, 160, 24.9, 28, ABarppapap, 221, 29843, 32469, 1088, , 29843, 25000, 29025, 28978, 0, 
159, 1, 398, 361, -1, 360, 209, 18.5, 28, MSaapaapp, 267, 30608, 33057, 1080, , 30608, 25000, 31427, 31280, 0, 
160, 1, 11, 380, -1, 336, 232, 10.9, 26, ABarapapapp, 378, 28973, 23178, 800, , 28973, 25000, 28787, 28910, 0, 
161, 1, 308, 418, -1, 223, 228, 24.7, 27, MSapappa, 131, 28474, 26310, 924, , 28474, 25000, 29211, 29176, 0, 
162, 1, 245, 476, -1, 471, 197, 7.3, 24, ABplppppapp, 214, 29598, 20837, 704, , 29598, 25000, 30483, 30565, 0, 
163, 1, 363, 103, 131, 274, 271, 11.5, 28, ABarapappa, 307, 27580, 29786, 1080, , 27580, 25000, 28140, 28138, 0, 
164, 1, 451, 8, -1, 322, 294, 23.3, 24, MSpaaapaa, 199, 28872, 20326, 704, , 28872, 25000, 28480, 28587, 0, 
165, 1, 236, 414, -1, 543, 317, 7.4, 25, ABprapappa, 257, 29958, 24925, 832, , 29958, 25000, 30455, 30590, 0, 
166, 1, 219, 300, -1, 427, 329, 8.8, 24, ABprppapaap, -135, 28075, 18417, 656, , 28075, 25000, 28551, 28711, 0, 
167, 1, 99, 445, -1, 559, 317, 15.1, 25, Cpppapa, 22, 26933, 18530, 688, , 26933, 25000, 28812, 28865, 0, 
168, 1, 170, 14, -1, 531, 285, 5.7, 24, ABprappppa, 249, 42244, 29740, 704, , 42244, 25000, 39083, 39110, 0, 
169, 1, 384, 410, -1, 297, 373, 22.7, 26, ABarpaappp, 249, 27839, 23830, 856, , 27839, 25000, 27376, 27336, 0, 
170, 0, 125, -1, -1, 552, 121, 15.0, 23, , -68, -385, 14031, 512, , 27404, 25000, 27729, 27789, 0, 
171, 1, 51, 15, -1, 278, 209, 14.3, 25, ABalpapppap, 430, 27230, 20804, 764, , 27230, 25000, 28377, 28432, 0, 
172, 1, 465, 285, -1, 201, 269, 14.0, 24, ABaraaapaap, 208, 27238, 16561, 608, , 27238, 25000, 27502, 27699, 0, 
173, 1, 361, 95, -1, 459, 170, 8.3, 23, ABplppppapa, 225, 28858, 17084, 592, , 28858, 25000, 28849, 28863, 0, 
174, 1, 75, 482, -1, 406, 348, 25.7, 33, Caaaaa, 331, 28084, 48754, 1736, , 28084, 25000, 28749, 28749, 0, 
175, 1, 301, 481, -1, 389, 230, 13.2, 24, MSaappap, 214, 28096, 18431, 656, , 28096, 25000, 29277, 28817, 0, 
176, 1, 470, 367, -1, 205, 137, 15.9, 23, ABalpppapav, 168, 27220, 13501, 496, , 27220, 25000, 28197, 28580, 0, 
177, 1, 103, 26, -1, 229, 152, 16.6, 25, ABplpaaaaap, 119, 27691, 23039, 832, , 27691, 25000, 28201, 27962, 0, 
178, 1, 199, 101, -1, 180, 141, 18.3, 24, ABalpppaapv, 212, 28256, 19892, 704, , 28256, 25000, 28156, 28324, 0, 
179, 1, 201, 359, -1, 512, 130, 14.3, 24, ABplapppaaa, 214, 27990, 19705, 704, , 27990, 25000, 28545, 28657, 0, 
180, 1, 508, 245, -1, 175, 315, 13.0, 24, ABpraaapapa, 201, 26750, 16264, 608, , 26750, 25000, 27844, 28018, 0, 
181, 1, 259, 341, -1, 247, 348, 10.0, 24, ABprpaapaap, 211, 28653, 17421, 608, , 28653, 25000, 28331, 28354, 0, 
182, 1, 234, 73, -1, 201, 158, 22.9, 25, ABplaapaapp, 224, 28975, 19935, 688, , 28975, 25000, 28475, 28742, 0, 
183, 1, 44, 41, -1, 257, 186, 23.5, 24, ABplaapappa, 198, 29290, 22495, 768, , 29290, 25000, 28527, 28507, 0, 
184, 1, 60, 517, -1, 157, 309, 18.2, 24, ABarpapaaaa, 230, 28628, 18780, 656, , 28628, 25000, 27354, 27562, 0, 
185, 1, 325, 377, -1, 510, 187, 9.7, 23, Cappppv, 233, 28274, 16738, 592, , 28274, 25000, 29244, 29263, 0, 
186, 1, 68, 200, -1, 272, 386, 20.6, 25, ABarpppaaa, 772, 27936, 23243, 832, , 27936, 25000, 28127, 28262, 0, 
187, 1, 10, 440, -1, 199, 233, 9.8, 27, ABarapaaaaa, 438, 28188, 24467, 868, , 28188, 25000, 28815, 28780, 0, 
188, 0, 466, -1, -1, 238, 177, 16.5, 22, , 31, 712, 14990, 512, , 29277, 25000, 28664, 28565, 0, 
189, 1, 355, 228, -1, 137, 218, 11.5, 23, ABalpaapppa, 195, 27903, 17635, 632, , 27903, 25000, 27851, 27877, 0, 
190, 0, 432, -1, -1, 357, 122, 16.7, 24, , 195, 792, 21034, 704, , 29878, 25000, 29033, 29086, 0, 
191, 1, 29, 40, -1, 180, 174, 9.9, 24, ABalppapaaa, 324, 27829, 16809, 604, , 27829, 25000, 28872, 28781, 0, 
192, 0, 354, -1, -1, 200, 264, 21.2, 23, , 197, -2225, 14091, 540, , 26094, 25000, 28548, 28319, 0, 
193, 1, 244, 100, -1, 518, 235, 8.9, 24, Cpppppv, -182, 27882, 16841, 604, , 27882, 25000, 28773, 28755, 0, 
194, 1, 504, 170, -1, 218, 300, 8.7, 24, ABprpaaaaaa, 63, 28794, 20271, 704, , 28794, 25000, 28939, 28897, 0, 
195, 1, 185, 77, -1, 566, 237, 7.8, 26, ABprappppp, 243, 28808, 22931, 796, , 28808, 25000, 30585, 30745, 0, 
196, 1, 270, 521, -1, 381, 257, 13.8, 23, MSpapappp, -37, 33717, 18207, 540, , 33717, 25000, 32032, 31986, 0, 
197, 1, 70, 144, -1, 257, 313, 17.5, 26, ABaraappapp, 195, 28017, 25103, 896, , 28017, 25000, 28257, 28436, 0, 
198, 1, 523, 427, -1, 304, 329, 19.0, 22, MSpaapaap, 211, 29307, 11254, 384, , 29307, 25000, 27826, 27805, 0, 
199, 1, 448, 111, -1, 250, 319, 26.0, 22, ABarpaapap, 195, 26740, 10268, 384, , 26740, 25000, 29710, 29638, 0, 
200, 1, 342, 27, -1, 394, 198, 9.9, 23, ABplppaappa, 81, 28304, 14039, 496, , 28304, 25000, 28459, 28837, 0, 
201, 1, 24, 327, -1, 268, 261, 6.8, 23, ABarapppppp, 166, 32948, 17792, 540, , 32948, 25000, 32312, 32669, 0, 
202, 1, 225, 475, -1, 430, 266, 8.8, 25, MSppaapp, 230, 29372, 20678, 704, , 29372, 25000, 29206, 29114, 0, 
203, 1, 94, 483, -1, 514, 303, 9.8, 24, Cppappa, -292, 26890, 17640, 656, , 26890, 25000, 28652, 28817, 0, 
204, 1, 3, 360, -1, 409, 196, 12.8, 22, ABplppappap, 205, 28665, 14218, 496, , 28665, 25000, 28535, 28576, 0, 
205, 1, 388, 10, -1, 417, 195, 10.4, 22, ABplppaappp, 343, 26659, 15249, 572, , 26659, 25000, 28515, 28729, 0, 
206, 1, 445, 167, -1, 536, 175, 21.3, 27, Capapap, 271, 28022, 25892, 924, , 28022, 25000, 28812, 28826, 0, 
207, 1, 180, 538, -1, 331, 345, 22.4, 28, MSpppppp, 199, 27923, 27588, 988, , 27923, 25000, 28267, 28253, 0, 
208, 1, 284, 161, -1, 140, 229, 15.5, 23, ABalaaaarlp, 221, 27875, 17617, 632, , 27875, 25000, 27914, 27617, 0, 
209, 1, 213, 240, -1, 229, 267, 13.0, 24, ABarapaapaa, 197, 27763, 16880, 608, , 27763, 25000, 28204, 28241, 0, 
210, 0, 110, -1, -1, 209, 161, 20.5, 24, , 201, -292, 21864, 768, , 28469, 25000, 28925, 28761, 0, 
211, 0, 303, -1, -1, 151, 319, 13.3, 24, , 196, 43, 19603, 704, , 27845, 25000, 27945, 27802, 0, 
212, 1, 160, 79, 540, 142, 201, 14.2, 25, ABalaaaala, 206, 27503, 19362, 704, , 27503, 25000, 28167, 28176, 0, 
213, 1, 538, 261, -1, 221, 229, 9.9, 24, ABarapaaapa, 93, 28935, 17477, 604, , 28935, 25000, 28543, 28291, 0, 
214, 1, 536, 262, -1, 364, 118, 19.5, 29, ABplaapppp, 239, 28390, 30661, 1080, , 28390, 25000, 28441, 28459, 0, 
215, 1, 166, 424, -1, 135, 192, 18.9, 24, ABalapaaapa, 247, 27861, 16828, 604, , 27861, 25000, 27630, 27753, 0, 
216, 1, 414, 19, -1, 533, 349, 20.9, 31, Caaapa, -75, 26825, 39701, 1480, , 26825, 25000, 28167, 28198, 0, 
217, 0, 119, -1, -1, 226, 167, 22.0, 22, , 176, -347, 11021, 384, , 28701, 25000, 29026, 29048, 0, 
218, 1, 120, 451, -1, 113, 279, 12.0, 25, ABalaaapplr, 221, 28661, 21897, 764, , 28661, 25000, 27381, 27194, 0, 
219, 1, 30, 209, -1, 209, 174, 16.6, 23, ABplpaapaaa, 57, 27531, 17620, 640, , 27531, 25000, 27819, 28009, 0, 
220, 1, 394, 502, -1, 321, 146, 24.6, 27, ABarppaaap, 270, 27355, 27027, 988, , 27355, 25000, 28424, 28438, 0, 
221, 1, 353, 178, -1, 340, 271, 11.5, 26, MSpapaaap, 184, 31600, 28314, 896, , 31600, 25000, 30445, 29975, 0, 
222, 1, 321, 128, -1, 179, 241, 16.6, 24, ABaraapaaaa, 275, 28810, 20167, 700, , 28810, 25000, 27787, 27942, 0, 
223, 1, 187, 384, -1, 295, 153, 21.7, 26, ABalppppppa, 238, 29939, 25628, 856, , 29939, 25000, 28012, 27993, 0, 
224, 1, 131, 363, -1, 244, 327, 12.5, 23, ABpraaappaa, 221, 28146, 17788, 632, , 28146, 25000, 27753, 27961, 0, 
225, 1, 297, 43, -1, 411, 281, 8.0, 23, ABprppappaa, 192, 29928, 15323, 512, , 29928, 25000, 29508, 29291, 0, 
226, 1, 338, 122, -1, 319, 308, 21.0, 26, MSpaaappp, 171, 27802, 23687, 852, , 27802, 25000, 28094, 28175, 0, 
227, 1, 267, 358, -1, 117, 216, 13.1, 23, ABalaaaarla, 226, 27413, 13597, 496, , 27413, 25000, 27146, 27118, 0, 
228, 1, 5, 442, -1, 592, 166, 15.7, 30, Cpapaa, 300, 26892, 35175, 1308, , 26892, 25000, 27743, 27690, 0, 
229, 1, 92, 76, -1, 260, 218, 10.7, 24, ABalpappppa, 153, 29278, 20612, 704, , 29278, 25000, 28685, 28702, 0, 
230, 1, 22, 108, -1, 248, 235, 7.6, 24, ABarapaaapp, 133, 29356, 20549, 700, , 29356, 25000, 31482, 31046, 0, 
231, 1, 194, 353, -1, 247, 183, 20.7, 23, ABplaapapaa, 217, 27858, 16492, 592, , 27858, 25000, 28567, 28627, 0, 
232, 1, 350, 372, -1, 386, 229, 8.8, 23, ABprpappapp, 207, 29270, 15806, 540, , 29270, 25000, 29860, 29934, 0, 
233, 1, 52, 22, -1, 552, 152, 12.5, 25, ABplapapppp, 99, 27400, 21043, 768, , 27400, 25000, 28171, 28269, 0, 
234, 1, 327, 345, -1, 396, 330, 10.8, 26, MSpapppa, 268, 27122, 21589, 796, , 27122, 25000, 28933, 28942, 0, 
235, 1, 399, 347, -1, 459, 127, 16.7, 26, ABplappapp, 260, 29146, 24949, 856, , 29146, 25000, 28321, 28348, 0, 
236, 1, 299, 295, -1, 464, 268, 8.5, 23, ABprppppaaa, 185, 28930, 18284, 632, , 28930, 25000, 29627, 30005, 0, 
237, 1, 235, 160, -1, 303, 205, 25.1, 27, ABplapaaaap, 268, 28409, 25795, 908, , 28409, 25000, 28656, 28802, 0, 
238, 1, 253, 208, -1, 425, 261, 6.3, 24, ABprppaappp, 217, 33450, 23549, 704, , 33450, 25000, 32831, 33314, 0, 
239, 1, 408, 215, -1, 320, 141, 13.5, 24, ABplppaaaap, 173, 27719, 21288, 768, , 27719, 25000, 27728, 28049, 0, 
240, 1, 240, 62, -1, 261, 315, 22.0, 24, MSpaaaaap, 0, 28528, 17345, 608, , 28528, 25000, 28776, 28500, 0, 
241, 1, 128, 29, -1, 257, 153, 23.3, 25, ABplaapappp, 192, 27491, 21003, 764, , 27491, 25000, 28745, 28902, 0, 
242, 1, 351, 226, -1, 123, 240, 10.8, 24, ABalaaaarra, 184, 27646, 18136, 656, , 27646, 25000, 27113, 27133, 0, 
243, 1, 302, 404, -1, 464, 360, 14.5, 25, Cppaaap, 223, 28004, 21507, 768, , 28004, 25000, 28137, 28273, 0, 
244, 1, 288, 59, -1, 410, 362, 13.6, 26, Cppaaaa, 211, 27343, 22749, 832, , 27343, 25000, 28532, 28598, 0, 
245, 1, 227, 31, -1, 214, 333, 21.6, 27, MSppappp, 490, 28286, 27947, 988, , 28286, 25000, 28549, 28582, 0, 
246, 1, 475, 9, -1, 330, 114, 14.1, 29, ABplaapppa, 285, 27459, 33170, 1208, , 27459, 25000, 28119, 28040, 0, 
247, 1, 20, 271, -1, 407, 177, 14.7, 25, ABplppapaap, 179, 27674, 21143, 764, , 27674, 25000, 28691, 28764, 0, 
248, 1, 173, 351, -1, 180, 257, 13.5, 23, ABaraaapaaa, 39, 27786, 17561, 632, , 27786, 25000, 27720, 27877, 0, 
249, 1, 145, 371, -1, 116, 293, 16.7, 24, ABpraapaaaa, 236, 27190, 19142, 704, , 27190, 25000, 27630, 27835, 0, 
250, 1, 197, 137, -1, 536, 248, 20.3, 34, Eplap, 318, 27951, 52660, 1884, , 27951, 25000, 29136, 29262, 0, 
251, 1, 129, 152, -1, 314, 371, 10.4, 24, ABprpaappap, 243, 27734, 19414, 700, , 27734, 25000, 29157, 29175, 0, 
252, 0, 37, -1, -1, 211, 359, 13.0, 23, , 124, 343, 14487, 512, , 28295, 25000, 27873, 27952, 0, 
253, 1, 528, 578, -1, 448, 149, 12.2, 24, ABplppapppp, 228, 27803, 18239, 656, , 27803, 25000, 27969, 28044, 0, 
254, 1, 343, 375, -1, 431, 297, 7.7, 23, ABprppappap, 197, 28828, 17066, 592, , 28828, 25000, 29870, 29651, 0, 
255, 1, 133, 54, -1, 250, 320, 6.3, 23, ABprpaaapap, 201, 34061, 20164, 592, , 34061, 25000, 36060, 36206, 0, 
256, 1, 252, 147, -1, 254, 298, 8.2, 23, ABprpaaappa, 203, 27772, 14997, 540, , 27772, 25000, 29100, 29014, 0, 
257, 1, 311, 435, -1, 551, 184, 8.9, 24, ABplppppppp, 196, 28876, 17441, 604, , 28876, 25000, 28924, 28925, 0, 
258, 1, 502, 339, -1, 436, 210, 8.5, 22, ABplpapppaa, 215, 30740, 15739, 512, , 30740, 25000, 28918, 28892, 0, 
259, 0, 78, -1, -1, 177, 151, 11.3, 22, , 143, 989, 15118, 524, , 28851, 25000, 28145, 27862, 0, 
260, 1, 118, 409, -1, 187, 351, 14.7, 25, ABpraapaapp, 153, 28480, 21759, 764, , 28480, 25000, 28008, 27914, 0, 
261, 1, 138, 89, -1, 481, 152, 25.2, 29, ABarppappa, 294, 27347, 30410, 1112, , 27347, 25000, 28528, 28524, 0, 
262, 1, 345, 456, -1, 484, 281, 5.4, 23, ABprpppaaap, 192, 37292, 23867, 640, , 37292, 25000, 35576, 35528, 0, 
263, 0, 169, -1, -1, 312, 179, 25.4, 24, , 178, 318, 20861, 700, , 29801, 25000, 29379, 29483, 0, 
264, 1, 360, 412, -1, 269, 296, 24.0, 24, MSaaaapaa, 233, 27829, 16920, 608, , 27829, 25000, 28418, 28542, 0, 
265, 1, 238, 493, -1, 264, 207, 18.0, 23, ABalpaaappa, 89, 29076, 14887, 512, , 29076, 25000, 27978, 28101, 0, 
266, 1, 349, 251, -1, 186, 286, 9.1, 23, ABarappppaa, 174, 28637, 14204, 496, , 28637, 25000, 28039, 28126, 0, 
267, 1, 178, 562, -1, 331, 215, 21.9, 23, MSappaaa, 176, 30677, 15216, 496, , 30677, 25000, 28790, 28790, 0, 
268, 1, 157, 297, -1, 360, 404, 16.4, 26, ABarppppaa, 243, 27088, 22537, 832, , 27088, 25000, 28203, 28251, 0, 
269, 1, 346, 191, -1, 278, 150, 18.3, 24, ABplpaappaa, 198, 28411, 20001, 704, , 28411, 25000, 28032, 28159, 0, 
270, 1, 142, 21, -1, 385, 193, 13.0, 24, ABplppappaa, 474, 31658, 19248, 608, , 31658, 25000, 28410, 28288, 0, 
271, 1, 127, 23, -1, 320, 321, 7.6, 25, ABprppaaaap, 248, 28502, 23714, 832, , 28502, 25000, 30762, 30949, 0, 
272, 1, 35, 216, -1, 132, 186, 12.1, 23, ABalaaaalpa, 221, 27105, 13444, 496, , 27105, 25000, 27485, 27415, 0, 
273, 1, 80, 335, -1, 127, 261, 22.0, 22, ABarpaaaaal, 226, 28648, 11001, 384, , 28648, 25000, 28636, 28810, 0, 
274, 1, 237, 123, -1, 317, 286, 6.4, 22, ABprpapaapp, 189, 33233, 19009, 572, , 33233, 25000, 34750, 35176, 0, 
275, 1, 146, 192, -1, 499, 261, 10.1, 23, ABprpppppap, 203, 27216, 13499, 496, , 27216, 25000, 28038, 28182, 0, 
276, 1, 462, 471, -1, 366, 374, 9.5, 28, ABpraapppp, 284, 28069, 30314, 1080, , 28069, 25000, 29602, 29611, 0, 
277, 1, 48, 68, -1, 400, 375, 9.7, 26, ABprapaapp, 241, 27504, 23543, 856, , 27504, 25000, 28208, 28244, 0, 
278, 1, 176, 44, -1, 343, 153, 13.2, 23, ABplppaapap, 643, 26941, 14548, 540, , 26941, 25000, 27967, 27957, 0, 
279, 1, 386, 104, -1, 220, 326, 25.2, 27, ABarpapapp, 92, 28771, 24973, 868, , 28771, 25000, 29171, 29348, 0, 
280, 1, 241, 265, -1, 146, 327, 21.2, 24, ABarpaaapap, 233, 29247, 19186, 656, , 29247, 25000, 27978, 28064, 0, 
281, 1, 79, 344, -1, 427, 269, 20.6, 31, Ealap, 312, 28061, 37377, 1332, , 28061, 25000, 29094, 29097, 0, 
282, 1, 439, 219, -1, 360, 242, 7.0, 23, ABprpappapa, 208, 32092, 16431, 512, , 32092, 25000, 31779, 31726, 0, 
283, 1, 82, 49, -1, 296, 156, 13.4, 25, ABplppaaaaa, 129, 27453, 22841, 832, , 27453, 25000, 28828, 29030, 0, 
284, 1, 295, 199, -1, 544, 150, 8.8, 25, ABplappppp, 253, 27053, 19045, 704, , 27053, 25000, 29021, 28982, 0, 
285, 1, 74, 126, -1, 455, 398, 15.6, 28, ABprappapa, 265, 27297, 26969, 988, , 27297, 25000, 27629, 27632, 0, 
286, 1, 269, 234, -1, 366, 139, 12.6, 24, ABplapaapa, -248, 28691, 20084, 700, , 28691, 25000, 27997, 28142, 0, 
287, 1, 341, 5, -1, 304, 188, 6.8, 23, ABalpapapaa, 199, 33050, 17847, 540, , 33050, 25000, 34326, 34632, 0, 
288, 1, 85, 301, -1, 168, 264, 25.1, 23, ABarpaaaapp, 200, 28327, 14050, 496, , 28327, 25000, 29554, 29648, 0, 
289, 1, 216, 151, -1, 521, 257, 7.0, 22, ABprpppaapa, 193, 27966, 10739, 384, , 27966, 25000, 32340, 32452, 0, 
290, 1, 136, 368, -1, 507, 145, 7.3, 24, ABplpppaapp, 212, 28905, 20349, 704, , 28905, 25000, 32131, 32405, 0, 
291, 1, 334, 334, -1, 281, 144, 8.0, 24, ABplaappaa, 213, 28475, 17313, 608, , 28475, 25000, 30057, 30206, 0, 
292, 1, 330, 4, -1, 506, 381, 14.7, 27, ABarpppppa, 406, 27442, 25356, 924, , 27442, 25000, 27428, 27424, 0, 
293, 1, 202, 246, -1, 332, 154, 16.6, 25, Daapa, 249, 28269, 23520, 832, , 28269, 25000, 29338, 29467, 0, 
294, 1, 369, 24, -1, 292, 232, 9.7, 26, ABarapapppa, 69, 28661, 24534, 856, , 28661, 25000, 28585, 28839, 0, 
295, 1, 266, 423, -1, 280, 396, 16.1, 26, ABarpapppp, 264, 28435, 22748, 800, , 28435, 25000, 28079, 28075, 0, 
296, 1, 158, 169, -1, 203, 131, 13.4, 24, ABalpppaaap, 183, 27740, 19418, 700, , 27740, 25000, 27462, 27348, 0, 
297, 1, 65, 45, -1, 375, 260, 20.4, 33, Ealaa, 330, 28119, 46115, 1640, , 28119, 25000, 28919, 28982, 0, 
298, 1, 492, 75, -1, 540, 126, 12.6, 24, ABplapppaap, 126, 27144, 19001, 700, , 27144, 25000, 27761, 27814, 0, 
299, 1, 469, 159, -1, 486, 185, 23.2, 26, Capapaa, 244, 28239, 22478, 796, , 28239, 25000, 28259, 28230, 0, 
300, 1, 455, 422, -1, 403, 217, 10.2, 22, ABplpapappp, 166, 26988, 13386, 496, , 26988, 25000, 28617, 28942, 0, 
301, 1, 102, 254, -1, 157, 284, 8.7, 23, ABalaaapprr, 207, 30289, 17931, 592, , 30289, 25000, 29639, 29748, 0, 
302, 1, 242, 302, -1, 545, 162, 18.2, 25, Cappapa, 231, 27327, 19238, 704, , 27327, 25000, 28902, 29039, 0, 
303, 1, 15, 34, -1, 264, 295, 13.5, 27, ABarapaappa, 89, 28364, 25414, 896, , 28364, 25000, 28346, 28345, 0, 
304, 1, 548, 139, -1, 330, 382, 21.6, 29, ABarpppapa, 6, 28037, 32411, 1156, , 28037, 25000, 28578, 28534, 0, 
305, 1, 436, 249, -1, 258, 276, 22.5, 24, MSaaaaapp, 352, 28322, 21751, 768, , 28322, 25000, 29189, 29199, 0, 
306, 1, 56, 281, -1, 220, 297, 17.6, 26, ABaraappapa, 211, 28800, 23962, 832, , 28800, 25000, 28534, 28831, 0, 
307, 1, 377, 143, -1, 296, 291, 23.8, 25, MSaaaapap, 201, 28551, 20100, 704, , 28551, 25000, 28718, 28761, 0, 
308, 1, 265, 428, -1, 487, 161, 12.7, 27, Capapp, 278, 26988, 24937, 924, , 26988, 25000, 28971, 29026, 0, 
309, 1, 315, 528, -1, 363, 173, 19.7, 24, Dapaa, 224, 28432, 20016, 704, , 28432, 25000, 29450, 29511, 0, 
310, 1, 260, 296, -1, 294, 378, 19.2, 27, ABprapaaaap, 220, 27151, 23567, 868, , 27151, 25000, 27665, 27706, 0, 
311, 1, 55, 1, -1, 441, 291, 11.4, 30, Z2, 261, 27152, 31388, 1156, , 27152, 25000, 28497, 28532, 0, 
312, 1, 319, 525, -1, 225, 127, 14.5, 23, ABalpppapad, 128, 28003, 17698, 632, , 28003, 25000, 27985, 27431, 0, 
313, 1, 172, 32, -1, 265, 178, 15.9, 24, MSapapap, 244, 28055, 16945, 604, , 28055, 25000, 28575, 28506, 0, 
314, 1, 246, 129, -1, 154, 256, 10.4, 26, ABalaapaaa, -37, 26794, 22293, 832, , 26794, 25000, 28207, 28137, 0, 
315, 1, 8, 189, -1, 430, 373, 11.2, 26, ABprappaaa, -17, 28035, 22316, 796, , 28035, 25000, 28004, 28043, 0, 
316, 1, 212, 321, -1, 162, 206, 11.6, 22, ABalpaappaa, 208, 28122, 16086, 572, , 28122, 25000, 28209, 28238, 0, 
317, 1, 190, 78, -1, 264, 240, 6.0, 23, ABarappaaap, 194, 34969, 17904, 512, , 34969, 25000, 36598, 37934, 0, 
318, 1, 380, 408, -1, 241, 204, 8.1, 23, ABalpappapa, 176, 30474, 15115, 496, , 30474, 25000, 29780, 29570, 0, 
319, 1, 476, 320, -1, 264, 355, 19.0, 24, MSppppap, 227, 29855, 18152, 608, , 29855, 25000, 28756, 28735, 0, 
320, 1, 293, 154, -1, 545, 158, 15.7, 27, Cappapp, 286, 27882, 25763, 924, , 27882, 25000, 28202, 28221, 0, 
321, 1, 256, 430, -1, 247, 134, 13.6, 24, ABplpaaapap, 201, 27323, 19126, 700, , 27323, 25000, 27663, 27879, 0, 
322, 1, 304, 12, -1, 523, 211, 13.6, 31, Eplpp, 318, 28267, 37651, 1332, , 28267, 25000, 29318, 29442, 0, 
323, 1, 364, 376, -1, 389, 153, 13.5, 23, ABplppapaaa, 437, 27766, 17548, 632, , 27766, 25000, 28232, 28330, 0, 
324, 1, 57, 370, -1, 444, 153, 14.9, 23, ABplppapapp, 202, 27234, 13508, 496, , 27234, 25000, 28005, 27806, 0, 
325, 1, 89, 81, -1, 222, 302, 11.0, 24, ABprpaapaaa, 125, 29868, 18160, 608, , 29868, 25000, 28009, 28044, 0, 
326, 1, 179, 182, -1, 451, 229, 9.0, 22, ABplpappppa, 182, 28279, 10859, 384, , 28279, 25000, 28792, 28622, 0, 
327, 0, 38, -1, -1, 214, 209, 22.3, 24, , -18, 566, 20319, 704, , 28862, 25000, 28235, 28296, 0, 
328, 1, 405, 311, -1, 500, 154, 10.1, 24, ABplpppaapa, 218, 27139, 16392, 604, , 27139, 25000, 28591, 28734, 0, 
329, 1, 81, 407, -1, 241, 162, 13.0, 23, ABplpaaappa, 229, 26742, 13692, 512, , 26742, 25000, 28513, 28865, 0, 
330, 1, 490, 270, -1, 472, 382, 21.4, 30, Caaaap, -334, 29361, 33941, 1156, , 29361, 25000, 28076, 28102, 0, 
331, 1, 25, 463, -1, 342, 325, 25.5, 31, ABarppaapa, 313, 28473, 35079, 1232, , 28473, 25000, 28897, 28902, 0, 
332, 1, 150, 190, -1, 298, 309, 8.8, 23, ABprppaaaaa, -117, 28233, 15246, 540, , 28233, 25000, 29079, 29175, 0, 
333, 1, 427, 419, -1, 540, 262, 5.9, 22, ABprpppaapp, 228, 37696, 17491, 464, , 37696, 25000, 37555, 37809, 0, 
334, 1, 344, 470, -1, 561, 234, 11.7, 27, Cpppppd, 265, 26646, 24621, 924, , 26646, 25000, 28710, 28856, 0, 
335, 1, 305, 494, -1, 265, 189, 5.4, 26, ABalpapaaap, -35, 42403, 35279, 832, , 42403, 25000, 39673, 40470, 0, 
336, 1, 151, 223, -1, 281, 174, 10.5, 22, ABplpapaapa, 173, 28861, 14777, 512, , 28861, 25000, 28460, 28381, 0, 
337, 1, 488, 536, -1, 197, 217, 20.4, 22, MSapaaap, 159, 26878, 15374, 572, , 26878, 25000, 27991, 28110, 0, 
338, 1, 289, 30, -1, 353, 153, 21.5, 29, ABplapaaapp, 248, 28235, 30494, 1080, , 28235, 25000, 28890, 28945, 0, 
339, 1, 365, 93, -1, 115, 209, 17.0, 23, ABalaaaparl, 204, 25873, 13247, 512, , 25873, 25000, 27211, 26996, 0, 
340, 1, 370, 439, -1, 481, 241, 7.2, 24, ABprppppapp, 215, 28899, 18958, 656, , 28899, 25000, 31505, 31852, 0, 
341, 1, 441, 498, -1, 287, 333, 14.8, 25, MSppapaa, 209, 27581, 19417, 704, , 27581, 25000, 28371, 28419, 0, 
342, 1, 480, 84, -1, 601, 237, 12.2, 29, Caappd, 264, 27219, 30268, 1112, , 27219, 25000, 28375, 28409, 0, 
343, 1, 196, 400, -1, 332, 251, 5.4, 26, ABarappapap, 248, 37302, 31035, 832, , 37302, 25000, 36985, 37653, 0, 
344, 1, 434, 203, -1, 324, 162, 21.7, 27, ABplapaaapa, 263, 28681, 26501, 924, , 28681, 25000, 29067, 28870, 0, 
345, 1, 449, 455, -1, 332, 349, 14.2, 24, Dpaaa, 160, 28328, 18583, 656, , 28328, 25000, 28955, 28897, 0, 
346, 0, 54, -1, -1, 256, 262, 14.7, 23, , 302, -887, 16039, 592, , 27093, 25000, 28208, 27980, 0, 
347, 1, 416, 392, -1, 603, 260, 15.6, 29, Cpappd, 178, 27773, 32106, 1156, , 27773, 25000, 28749, 28725, 0, 
348, 1, 144, 511, -1, 238, 204, 10.0, 22, ABalpaaaapp, 194, 29406, 11292, 384, , 29406, 25000, 28652, 28841, 0, 
349, 1, 286, 346, -1, 223, 164, 11.0, 23, ABalppapppa, 198, 26646, 13643, 512, , 26646, 25000, 29533, 29809, 0, 
350, 1, 31, 97, -1, 494, 111, 12.4, 26, ABplapappa, 220, 27333, 22741, 832, , 27333, 25000, 28121, 28203, 0, 
351, 1, 204, 248, -1, 334, 377, 14.2, 25, ABprapaaapa, 313, 29267, 20604, 704, , 29267, 25000, 29169, 29104, 0, 
352, 1, 368, 520, -1, 198, 187, 14.4, 24, MSapaaaa, 339, 26723, 18706, 700, , 26723, 25000, 27661, 27881, 0, 
353, 0, 404, -1, -1, 356, 244, 18.4, 24, , 193, -1099, 19830, 700, , 28329, 25000, 29275, 29428, 0, 
354, 1, 482, 386, -1, 369, 277, 26.5, 31, Cpaaaa, 210, 28661, 35310, 1232, , 28661, 25000, 28427, 28489, 0, 
355, 1, 264, 279, -1, 399, 249, 7.0, 22, ABprppaappa, -444, 29318, 11258, 384, , 29318, 25000, 31192, 31764, 0, 
356, 1, 348, 486, -1, 457, 171, 14.4, 23, MSpappaa, 198, 30027, 19217, 640, , 30027, 25000, 28221, 28291, 0, 
357, 1, 366, 287, -1, 353, 169, 25.4, 28, ABarppapaa, 278, 26721, 26400, 988, , 26721, 25000, 28708, 28722, 0, 
358, 1, 9, 352, -1, 256, 148, 8.8, 22, ABalppaappp, -111, 28871, 14320, 496, , 28871, 25000, 28400, 28386, 0, 
359, 1, 460, 373, -1, 468, 263, 21.9, 31, Eplaa, 308, 28441, 42092, 1480, , 28441, 25000, 29151, 29229, 0, 
360, 1, 352, 266, -1, 415, 303, 19.3, 31, Earap, 309, 27790, 38017, 1368, , 27790, 25000, 29039, 29062, 0, 
361, 1, 28, 90, -1, 317, 275, 11.0, 23, MSpapaaaa, 111, 30213, 15469, 512, , 30213, 25000, 30321, 30169, 0, 
362, 1, 420, 273, -1, 440, 173, 9.8, 23, ABplpppaaaa, 355, 28481, 15380, 540, , 28481, 25000, 28981, 29188, 0, 
363, 1, 101, 378, -1, 364, 376, 14.9, 24, ABprapaaapp, 308, 28805, 17398, 604, , 28805, 25000, 29251, 29503, 0, 
364, 1, 175, 467, -1, 237, 389, 15.9, 28, ABarpapppa, 309, 27354, 29761, 1088, , 27354, 25000, 27270, 27280, 0, 
365, 1, 91, 449, -1, 246, 156, 19.3, 24, ABalpppppap, 291, 27210, 19156, 704, , 27210, 25000, 28811, 28803, 0, 
366, 1, 447, 164, -1, 143, 191, 22.2, 23, ABalapaaapp, 163, 27428, 14811, 540, , 27428, 25000, 28840, 28919, 0, 
367, 1, 379, 432, -1, 313, 200, 13.9, 24, MSaapaaaa, 197, 29573, 17862, 604, , 29573, 25000, 28585, 28509, 0, 
368, 1, 184, 46, -1, 293, 190, 20.9, 25, MSapapaa, 359, 29448, 20260, 688, , 29448, 25000, 28408, 28443, 0, 
369, 1, 274, 7, -1, 310, 238, 19.9, 25, ABaraapapap, 217, 27531, 18941, 688, , 27531, 25000, 28247, 28285, 0, 
370, 1, 281, 473, -1, 452, 282, 5.2, 23, ABprpppaaaa, 179, 35804, 19334, 540, , 35804, 25000, 35560, 35583, 0, 
371, 1, 141, 39, -1, 204, 127, 19.0, 25, ABplpaapapa, 122, 26959, 20597, 764, , 26959, 25000, 27785, 27877, 0, 
372, 1, 193, 391, -1, 328, 224, 7.9, 23, ABplpappaaa, 231, 29141, 14454, 496, , 29141, 25000, 31277, 31096, 0, 
373, 1, 34, 356, -1, 198, 220, 16.7, 22, ABalpaapaap, 204, 26945, 14119, 524, , 26945, 25000, 27783, 27854, 0, 
374, 1, 337, 331, -1, 200, 155, 18.2, 22, ABalapaapap, 230, 27149, 13466, 496, , 27149, 25000, 27976, 28070, 0, 
375, 1, 16, 465, -1, 242, 224, 5.1, 23, ABarappaapa, 198, 40286, 19982, 496, , 40286, 25000, 38361, 38068, 0, 
376, 1, 98, 20, -1, 198, 281, 17.8, 24, ABaraappaap, 77, 26811, 17588, 656, , 26811, 25000, 28288, 28500, 0, 
377, 1, 164, 180, -1, 205, 381, 15.3, 24, ABarpappap, 285, 26378, 18570, 704, , 26378, 25000, 27369, 27172, 0, 
378, 1, 509, 531, -1, 573, 185, 9.1, 22, Caappv, 271, 27694, 12850, 464, , 27694, 25000, 29076, 29141, 0, 
379, 1, 191, 431, -1, 269, 284, 4.6, 22, ABalaapappp, 217, 40372, 23093, 572, , 40372, 25000, 35936, 35930, 0, 
380, 1, 61, 88, -1, 437, 162, 25.3, 26, ABplappapa, 279, 27437, 23486, 856, , 27437, 25000, 29419, 29419, 0, 
381, 1, 19, 354, -1, 144, 234, 22.7, 24, ABplaaaaaaa, 378, 27788, 19563, 704, , 27788, 25000, 29406, 29261, 0, 
382, 1, 72, 343, -1, 213, 220, 14.3, 22, ABaraaaaaap, 172, 27626, 14476, 524, , 27626, 25000, 27547, 27733, 0, 
383, 1, 317, 355, -1, 483, 181, 16.3, 25, ABplpppppaa, 248, 29504, 22541, 764, , 29504, 25000, 28744, 28756, 0, 
384, 1, 50, 389, -1, 454, 193, 10.4, 23, ABplppppaaa, 52, 28356, 18148, 640, , 28356, 25000, 28444, 28307, 0, 
385, 1, 531, 438, -1, 289, 252, 24.8, 22, MSappppa, 225, 28667, 14219, 496, , 28667, 25000, 28320, 28429, 0, 
386, 1, 461, 231, -1, 305, 345, 17.2, 25, MSpppaaa, 197, 28621, 20149, 704, , 28621, 25000, 28158, 28163, 0, 
387, 1, 403, 235, -1, 258, 212, 20.4, 23, ABalpaapapp, 222, 26594, 17020, 640, , 26594, 25000, 28694, 28786, 0, 
388, 0, 391, -1, -1, 337, 291, 4.4, 23, , 181, 2578, 25707, 640, , 40167, 25000, 37605, 37589, 0, 
389, 1, 529, 155, -1, 162, 181, 16.5, 23, ABalapaappa, 193, 27837, 17593, 632, , 27837, 25000, 28579, 28501, 0, 
390, 1, 322, 292, -1, 269, 127, 20.5, 29, ABalppppppp, 251, 27181, 29355, 1080, , 27181, 25000, 27937, 27851, 0, 
391, 1, 543, 544, -1, 136, 220, 17.8, 23, ABalapappaa, 331, 29954, 16175, 540, , 29954, 25000, 28055, 28285, 0, 
392, 1, 515, 306, -1, 250, 372, 14.9, 23, ABpraapappp, 194, 27192, 13487, 496, , 27192, 25000, 28266, 28244, 0, 
393, 1, 109, 264, -1, 555, 189, 12.4, 25, Cappppd, 169, 28470, 23687, 832, , 28470, 25000, 28598, 28507, 0, 
394, 1, 7, 468, -1, 334, 187, 11.5, 22, ABplpapapaa, 184, 26395, 13514, 512, , 26395, 25000, 29609, 29958, 0, 
395, 1, 214, 86, -1, 346, 295, 22.1, 24, MSpaaapap, 114, 28685, 17326, 604, , 28685, 25000, 29539, 29567, 0, 
396, 1, 96, 157, -1, 560, 317, 20.5, 28, Cppppaa, 249, 28033, 30276, 1080, , 28033, 25000, 28467, 28488, 0, 
397, 1, 62, 244, -1, 199, 169, 8.4, 25, ABalppapaap, 204, 27379, 22779, 832, , 27379, 25000, 28826, 29081, 0, 
398, 1, 307, 336, -1, 279, 163, 25.6, 30, ABplaaappp, 117, 28957, 33474, 1156, , 28957, 25000, 29840, 29892, 0, 
399, 1, 233, 512, -1, 411, 371, 17.9, 26, Dppap, 264, 27495, 21996, 800, , 27495, 25000, 28109, 28159, 0, 
400, 1, 402, 132, -1, 231, 300, 22.5, 25, MSpaaaaaa, 224, 29345, 22537, 768, , 29345, 25000, 29485, 29462, 0, 
401, 1, 69, 66, -1, 411, 203, 24.0, 25, Dapap, 258, 29402, 22463, 764, , 29402, 25000, 29004, 29035, 0, 
402, 0, 46, -1, -1, 539, 132, 10.0, 22, , 179, 1587, 11063, 384, , 28810, 25000, 27214, 27223, 0, 
403, 1, 268, 365, -1, 566, 209, 23.3, 27, Capppaa, -38, 27107, 25047, 924, , 27107, 25000, 29111, 29202, 0, 
404, 0, 356, -1, -1, 301, 317, 11.8, 22, , 172, 297, 14403, 496, , 29038, 25000, 28657, 28741, 0, 
405, 1, 26, 507, -1, 458, 310, 6.7, 24, ABprppapppa, 188, 30366, 21378, 704, , 30366, 25000, 32650, 32609, 0, 
406, 1, 339, 217, -1, 267, 351, 14.6, 28, ABpraapapap, 444, 28241, 27902, 988, , 28241, 25000, 28061, 28201, 0, 
407, 1, 419, 113, -1, 418, 236, 8.5, 23, ABprpapappp, 187, 28968, 18308, 632, , 28968, 25000, 28978, 29157, 0, 
408, 1, 514, 421, -1, 158, 312, 9.7, 24, ABalaappppp, 31, 29942, 21079, 704, , 29942, 25000, 28278, 28379, 0, 
409, 1, 430, 107, -1, 438, 309, 6.2, 25, ABprppapapa, 226, 34115, 24017, 704, , 34115, 25000, 33308, 34017, 0, 
410, 1, 117, 535, -1, 158, 159, 18.3, 25, ABalapaappp, 247, 27411, 20942, 764, , 27411, 25000, 28368, 28488, 0, 
411, 1, 152, 211, -1, 272, 346, 24.9, 29, ABarpaappa, 291, 28788, 34776, 1208, , 28788, 25000, 28652, 28663, 0, 
412, 1, 313, 374, -1, 290, 296, 15.2, 24, ABaraapppaa, -160, 28479, 18682, 656, , 28479, 25000, 28125, 28115, 0, 
413, 0, 456, -1, -1, 338, 160, 10.8, 24, , 162, 569, 19393, 656, , 29563, 25000, 28885, 28994, 0, 
414, 1, 13, 283, -1, 486, 298, 19.5, 29, Earpp, 295, 28256, 30517, 1080, , 28256, 25000, 28732, 28725, 0, 
415, 1, 438, 515, -1, 272, 147, 10.5, 23, ABplpaapppp, 205, 27347, 17283, 632, , 27347, 25000, 28230, 28342, 0, 
416, 1, 232, 188, -1, 303, 125, 10.3, 28, ABplaappap, 238, 26935, 28659, 1064, , 26935, 25000, 27619, 27608, 0, 
417, 1, 437, 278, -1, 294, 257, 21.9, 23, MSaaapapa, 140, 28319, 14046, 496, , 28319, 25000, 27890, 27925, 0, 
418, 1, 524, 523, -1, 156, 219, 20.0, 22, ABalapappap, -3, 27703, 10638, 384, , 27703, 25000, 27794, 27807, 0, 
419, 1, 340, 184, -1, 287, 310, 21.4, 25, MSpaaappa, 97, 29138, 24243, 832, , 29138, 25000, 28376, 28530, 0, 
420, 1, 520, 504, -1, 194, 330, 18.8, 22, ABarpapaapp, -17, 26248, 13019, 496, , 26248, 25000, 28271, 28560, 0, 
421, 1, 333, 198, -1, 133, 274, 24.0, 28, ABarpaaaapa, 209, 27557, 31084, 1128, , 27557, 25000, 28214, 28306, 0, 
422, 1, 186, 477, -1, 330, 238, 13.1, 24, ABalpappapp, 235, 27781, 16780, 604, , 27781, 25000, 28798, 28605, 0, 
423, 1, 140, 333, -1, 379, 176, 16.5, 25, MSaapppa, 29, 28507, 21893, 768, , 28507, 25000, 28775, 28715, 0, 
424, 1, 387, 441, -1, 493, 355, 21.2, 27, Cpppaap, 275, 27247, 23650, 868, , 27247, 25000, 28213, 28195, 0, 
425, 1, 17, 194, -1, 175, 166, 23.6, 24, ABplaapaapa, 201, 27151, 19006, 700, , 27151, 25000, 28453, 28608, 0, 
426, 1, 243, 166, -1, 289, 300, 5.8, 23, ABprpaapppp, 219, 38593, 20840, 540, , 38593, 25000, 35323, 35375, 0, 
427, 1, 53, 153, -1, 242, 273, 6.8, 22, ABarapppppa, 169, 30980, 15366, 496, , 30980, 25000, 32705, 32062, 0, 
428, 1, 463, 280, -1, 397, 248, 24.5, 30, Dappa, 268, 29712, 36605, 1232, , 29712, 25000, 29287, 29297, 0, 
429, 0, 33, -1, -1, 166, 148, 14.1, 22, , 185, 1688, 14027, 464, , 30231, 25000, 28499, 28543, 0, 
430, 1, 100, 324, -1, 523, 218, 17.4, 31, Eplpa, 49, 27970, 37256, 1332, , 27970, 25000, 29456, 29555, 0, 
431, 1, 59, 185, -1, 137, 283, 10.4, 25, ABalaaapprl, 207, 29202, 24296, 832, , 29202, 25000, 28325, 28440, 0, 
432, 1, 474, 387, -1, 568, 287, 13.5, 27, Cpppapp, 80, 28137, 25211, 896, , 28137, 25000, 28569, 28645, 0, 
433, 1, 67, 109, -1, 218, 315, 5.2, 22, ABpraaaaaap, 228, 42435, 21048, 496, , 42435, 25000, 41106, 41493, 0, 
434, 1, 298, 121, -1, 240, 201, 5.4, 23, ABalpapaapp, 183, 41047, 26270, 640, , 41047, 25000, 39608, 40001, 0, 
435, 1, 111, 195, -1, 513, 120, 10.4, 24, ABplappppa, 32, 26939, 18857, 700, , 26939, 25000, 27780, 27797, 0, 
436, 1, 165, 197, -1, 531, 120, 17.3, 26, ABarppappp, 260, 26759, 22906, 856, , 26759, 25000, 28607, 28606, 0, 
437, 1, 513, 134, -1, 215, 201, 16.5, 22, ABalpaaapaa, 367, 26932, 13789, 512, , 26932, 25000, 28008, 28093, 0, 
438, 1, 275, 212, -1, 162, 238, 13.9, 24, ABaraaaapa, 216, 26444, 15972, 604, , 26444, 25000, 27549, 27638, 0, 
439, 1, 271, 274, -1, 445, 327, 11.6, 29, MSpapppp, 237, 27163, 31400, 1156, , 27163, 25000, 28764, 28870, 0, 
440, 1, 431, 402, -1, 453, 222, 15.4, 32, Z3, 319, 27040, 40127, 1484, , 27040, 25000, 28973, 28991, 0, 
441, 1, 389, 289, -1, 198, 164, 12.4, 24, ABalppappap, 324, 27266, 19086, 700, , 27266, 25000, 28604, 28596, 0, 
442, 1, 181, 33, -1, 487, 292, 11.7, 25, ABprpppppaa, 193, 28802, 22005, 764, , 28802, 25000, 28356, 28400, 0, 
443, 1, 493, 174, -1, 458, 205, 11.8, 23, ABplppppaap, 193, 27950, 15093, 540, , 27950, 25000, 28485, 28432, 0, 
444, 1, 452, 539, -1, 325, 404, 18.0, 22, ABarpppaap, 186, 27667, 10624, 384, , 27667, 25000, 28004, 28004, 0, 
445, 1, 208, 312, -1, 578, 193, 17.4, 28, Capppap, 234, 28078, 27741, 988, , 28078, 25000, 29168, 29194, 0, 
446, 1, 406, 405, -1, 239, 202, 17.6, 22, ABalpaaapap, 186, 28909, 16536, 572, , 28909, 25000, 28059, 28152, 0, 
447, 1, 41, 6, -1, 231, 295, 6.3, 22, ABprpaaapaa, 206, 34412, 18032, 524, , 34412, 25000, 35906, 35764, 0, 
448, 1, 168, 518, -1, 543, 190, 25.5, 32, Cpaapp, 326, 28078, 40207, 1432, , 28078, 25000, 28663, 28675, 0, 
449, 1, 454, 357, -1, 409, 280, 15.5, 30, Earpa, 302, 28506, 35120, 1232, , 28506, 25000, 29082, 29109, 0, 
450, 1, 58, 495, -1, 573, 326, 11.7, 27, ABarpppppp, 273, 27025, 24971, 924, , 27025, 25000, 28107, 28219, 0, 
451, 1, 106, 51, -1, 305, 289, 12.8, 23, ABaraappppa, 387, 30006, 16203, 540, , 30006, 25000, 28733, 28640, 0, 
452, 1, 516, 503, -1, 220, 315, 12.6, 23, ABpraaapaav, 198, 27189, 17401, 640, , 27189, 25000, 28261, 28000, 0, 
453, 1, 272, 298, -1, 347, 359, 18.3, 25, Dpaap, 294, 28014, 21403, 764, , 28014, 25000, 29234, 29234, 0, 
454, 1, 283, 222, -1, 150, 155, 16.5, 28, ABalaaapall, 223, 27513, 29714, 1080, , 27513, 25000, 28126, 28016, 0, 
455, 1, 203, 329, -1, 272, 317, 10.8, 22, MSppapap, 186, 28310, 14042, 496, , 28310, 25000, 28059, 28058, 0, 
456, 0, 123, -1, -1, 203, 290, 20.5, 23, , -182, 240, 18490, 632, , 29256, 25000, 28996, 29016, 0, 
457, 1, 479, 291, -1, 385, 390, 18.4, 28, ABarpppapp, 269, 28178, 27840, 988, , 28178, 25000, 28642, 28675, 0, 
458, 1, 485, 553, -1, 307, 163, 11.1, 22, ABplpapaapp, 161, 31043, 14404, 464, , 31043, 25000, 28733, 28906, 0, 
459, 1, 486, 229, -1, 487, 302, 6.0, 23, ABprppapppp, 219, 33676, 17242, 512, , 33676, 25000, 35356, 34907, 0, 
460, 1, 47, 488, -1, 125, 186, 16.6, 26, ABalaaapalr, 232, 27775, 23109, 832, , 27775, 25000, 27695, 27782, 0, 
461, 1, 285, 340, -1, 377, 194, 24.5, 26, ABarppaapp, 259, 29249, 26207, 896, , 29249, 25000, 28865, 28918, 0, 
462, 0, 381, -1, -1, 144, 277, 15.5, 22, , 232, -770, 14133, 512, , 27604, 25000, 28355, 28374, 0, 
463, 1, 371, 171, -1, 428, 232, 12.2, 24, MSapaapp, 242, 26809, 17587, 656, , 26809, 25000, 28812, 28810, 0, 
464, 1, 153, 53, -1, 486, 354, 17.7, 27, Cppapaa, 209, 28684, 26504, 924, , 28684, 25000, 28188, 28163, 0, 
465, 1, 362, 35, -1, 312, 132, 19.2, 23, ABplpaappap, 192, 28224, 15241, 540, , 28224, 25000, 28885, 28885, 0, 
466, 1, 373, 508, -1, 399, 265, 10.0, 22, ABprpapppap, 204, 26547, 10194, 384, , 26547, 25000, 29139, 29076, 0, 
467, 1, 527, 444, -1, 360, 281, 8.8, 22, ABprpapapap, 463, 30982, 15367, 496, , 30982, 25000, 28996, 28929, 0, 
468, 1, 149, 105, -1, 329, 177, 7.7, 24, ABalpapapap, 231, 28795, 20272, 704, , 28795, 25000, 30478, 30574, 0, 
469, 1, 410, 425, -1, 543, 335, 17.0, 28, Cppapap, 246, 28404, 32040, 1128, , 28404, 25000, 28240, 28176, 0, 
470, 1, 390, 406, -1, 200, 253, 5.1, 22, ABarapppaap, 450, 45125, 20938, 464, , 45125, 25000, 40143, 40209, 0, 
471, 1, 205, 18, -1, 208, 200, 9.9, 22, ABalpaaaapa, 170, 27644, 12827, 464, , 27644, 25000, 28642, 28833, 0, 
472, 1, 14, 286, -1, 544, 257, 9.0, 24, ABprapppapp, 240, 28189, 17139, 608, , 28189, 25000, 29303, 29361, 0, 
473, 0, 177, -1, -1, 313, 383, 17.3, 24, , -112, 161, 19651, 704, , 27913, 25000, 27818, 27752, 0, 
474, 1, 357, 277, -1, 364, 230, 12.4, 23, MSaappaa, 198, 30489, 19513, 640, , 30489, 25000, 29726, 29808, 0, 
475, 1, 316, 313, -1, 331, 213, 14.6, 25, MSaapaaap, 150, 28805, 23966, 832, , 28805, 25000, 30879, 30749, 0, 
476, 1, 522, 307, -1, 198, 320, 10.3, 22, ABalaapppap, -423, 29668, 15546, 524, , 29668, 25000, 27911, 27883, 0, 
477, 1, 494, 263, -1, 279, 343, 22.1, 25, MSpppppa, 313, 28167, 19379, 688, , 28167, 25000, 27529, 27405, 0, 
478, 1, 97, 3, -1, 254, 136, 17.0, 24, ABplpaapaap, 13, 28743, 17476, 608, , 28743, 25000, 28455, 28644, 0, 
479, 0, -1, -1, -1, 564, 260, 7.1, 22, , 177, -3130, 13466, 464, , 29022, 25000, 32008, 32152, 0, 
480, 1, 258, 247, -1, 266, 161, 12.7, 24, ABplpaaappp, 187, 28791, 20269, 704, , 28791, 25000, 28877, 29052, 0, 
481, 1, 484, 141, -1, 322, 214, 18.1, 24, MSaapaapa, -863, 31366, 18945, 604, , 31366, 25000, 29157, 28970, 0, 
482, 1, 104, 186, -1, 279, 132, 12.8, 24, ABplpaapppa, 190, 28049, 18400, 656, , 28049, 25000, 29107, 29240, 0, 
483, 1, 251, 330, -1, 405, 316, 8.4, 24, ABprppapaaa, 188, 27951, 19566, 700, , 27951, 25000, 29837, 29864, 0, 
484, 1, 471, 269, -1, 407, 286, 5.1, 25, ABprpaaaapp, 204, 37516, 23860, 636, , 37516, 25000, 34999, 35373, 0, 
485, 1, 412, 127, -1, 374, 202, 10.8, 22, ABplpapappa, -22, 27905, 13841, 496, , 27905, 25000, 28729, 29028, 0, 
486, 1, 210, 510, -1, 586, 181, 20.6, 32, Cpapap, 320, 27641, 41019, 1484, , 27641, 25000, 27788, 27804, 0, 
487, 1, 309, 257, -1, 481, 351, 13.6, 27, Cppaapa, 213, 27507, 27177, 988, , 27507, 25000, 28424, 28571, 0, 
488, 1, 273, 522, -1, 174, 135, 15.7, 24, ABalpppaaaa, 187, 28121, 19797, 704, , 28121, 25000, 27759, 27809, 0, 
489, 1, 407, 464, -1, 138, 252, 13.1, 22, ABalaaaarrp, 222, 27360, 12695, 464, , 27360, 25000, 27524, 27562, 0, 
490, 1, 279, 326, -1, 317, 312, 15.6, 25, ABaraapppap, 255, 28766, 23933, 832, , 28766, 25000, 28629, 28682, 0, 
491, 1, 63, 581, -1, 187, 232, 7.4, 25, ABaraaappap, 252, 29597, 24625, 832, , 29597, 25000, 32524, 32114, 0, 
492, 1, 440, 193, -1, 525, 323, 11.9, 26, Cppaapp, 238, 26468, 21174, 800, , 26468, 25000, 28528, 28564, 0, 
493, 1, 95, 323, -1, 506, 245, 5.0, 23, ABprpppapaa, 220, 39051, 19994, 512, , 39051, 25000, 38304, 38375, 0, 
494, 1, 393, 399, -1, 292, 276, 6.9, 23, ABprpapaapa, 206, 32063, 15903, 496, , 32063, 25000, 32899, 32935, 0, 
495, 1, 221, 513, -1, 210, 183, 19.9, 22, ABalppppaad, 299, 29530, 13702, 464, , 29530, 25000, 28340, 28334, 0, 
496, 1, 296, 92, -1, 375, 224, 14.6, 22, MSaapappp, 98, 31240, 17869, 572, , 31240, 25000, 31072, 29930, 0, 
497, 1, 512, 350, -1, 197, 205, 11.7, 24, ABalpaaaaaa, 196, 28284, 19912, 704, , 28284, 25000, 28370, 28441, 0, 
498, 1, 533, 183, -1, 245, 175, 7.2, 25, ABalppapapa, -116, 29303, 20629, 704, , 29303, 25000, 33968, 34809, 0, 
499, 1, 500, 545, -1, 340, 260, 25.4, 27, MSappppp, 62, 28598, 28255, 988, , 28598, 25000, 29150, 29232, 0, 
500, 1, 542, 506, -1, 333, 257, 18.9, 22, MSaaapapp, 52, 30987, 14378, 464, , 30987, 25000, 27706, 27617, 0, 
501, 1, 230, 397, -1, 478, 303, 9.1, 24, MSpappap, -74, 28800, 17395, 604, , 28800, 25000, 29292, 29051, 0, 
502, 1, 421, 315, -1, 192, 235, 24.5, 24, ABplaaaaapp, 150, 29029, 22294, 768, , 29029, 25000, 28435, 28588, 0, 
503, 1, 71, 214, -1, 172, 243, 21.9, 22, ABalapapapp, 102, 27455, 12739, 464, , 27455, 25000, 27992, 28223, 0, 
504, 1, 518, 64, -1, 218, 244, 13.4, 22, ABaraaaaapp, -162, 27143, 15526, 572, , 27143, 25000, 27485, 27557, 0, 
505, 1, 503, 497, -1, 178, 306, 21.0, 22, ABalapppapp, 29, 30122, 11567, 384, , 30122, 25000, 28021, 28122, 0, 
506, 1, 477, 490, -1, 266, 332, 5.0, 24, ABpraappaa, 82, 41179, 25037, 608, , 41179, 25000, 40119, 40805, 0, 
507, 0, 507, -1, -1, 379, 163, 10.7, 23, , 70, -1460, 15910, 592, , 26875, 25000, 28453, 28335, 0, 
508, 1, 510, 275, -1, 109, 270, 13.7, 25, ABalaaappll, 170, 26476, 20228, 764, , 26476, 25000, 27749, 27486, 0, 
509, 1, 526, 176, -1, 338, 258, 8.7, 22, ABprpapppaa, 59, 28607, 14990, 524, , 28607, 25000, 28806, 28825, 0, 
510, 1, 147, 480, -1, 478, 212, 9.5, 23, ABplpappppp, 155, 27041, 17090, 632, , 27041, 25000, 28923, 29041, 0, 
511, 1, 291, 136, -1, 278, 294, 8.2, 25, ABprpaaappp, -216, 29322, 20643, 704, , 29322, 25000, 28356, 28221, 0, 
512, 1, 66, 542, -1, 187, 161, 16.0, 22, ABalapaapaa, 348, 26333, 10112, 384, , 26333, 25000, 28282, 28567, 0, 
513, 1, 532, 50, -1, 165, 227, 10.4, 23, ABaraaappaa, 405, 27475, 17584, 640, , 27475, 25000, 28291, 28618, 0, 
514, 1, 498, 213, -1, 147, 161, 13.7, 22, ABalppaaapa, 193, 27754, 14543, 524, , 27754, 25000, 28164, 28307, 0, 
515, 1, 209, 366, -1, 582, 197, 11.2, 27, Cpappv, -162, 28225, 24499, 868, , 28225, 25000, 29273, 29491, 0, 
516, 1, 261, 401, -1, 230, 251, 5.2, 22, ABarapppapa, 28, 40345, 20011, 496, , 40345, 25000, 37718, 37724, 0, 
517, 1, 139, 221, -1, 140, 259, 8.0, 23, ABalaapaapa, -219, 27906, 14288, 512, , 27906, 25000, 29752, 29803, 0, 
518, 1, 382, 459, -1, 498, 215, 8.2, 22, Caapaa, 177, 29847, 14804, 496, , 29847, 25000, 29254, 29417, 0, 
519, 1, 171, 125, -1, 207, 330, 13.5, 22, ABpraaapaad, 43, 27713, 14189, 512, , 27713, 25000, 28076, 28190, 0, 
520, 1, 467, 268, -1, 354, 295, 15.1, 26, MSpapappa, 137, 32881, 26305, 800, , 32881, 25000, 30463, 30496, 0, 
521, 1, 487, 532, -1, 262, 313, 20.1, 26, MSpaaaapp, 146, 28513, 22810, 800, , 28513, 25000, 28654, 28934, 0, 
522, 1, 183, 316, -1, 342, 331, 10.3, 23, Dpapa, 405, 26443, 15654, 592, , 26443, 25000, 28705, 28787, 0, 
523, 1, 517, 256, -1, 237, 204, 14.3, 27, ABalpappaap, -146, 27942, 25818, 924, , 27942, 25000, 28323, 28549, 0, 
524, 1, 459, 210, -1, 580, 321, 17.8, 28, Caaapp, 94, 27557, 28990, 1052, , 27557, 25000, 28289, 28316, 0, 
525, 1, 64, 533, -1, 265, 347, 12.6, 25, ABpraaappap, -348, 29161, 24262, 832, , 29161, 25000, 28169, 28154, 0, 
526, 1, 418, 332, -1, 218, 350, 19.3, 27, MSppappa, 146, 27701, 25596, 924, , 27701, 25000, 28870, 28936, 0, 
527, 1, 525, 556, -1, 297, 342, 10.4, 24, MSppppaa, 327, 27981, 19587, 700, , 27981, 25000, 28687, 28862, 0, 
528, 1, 84, 534, -1, 161, 267, 6.7, 22, ABalaapaapp, -170, 34479, 18067, 524, , 34479, 25000, 35892, 36906, 0, 
529, 0, 530, -1, -1, 522, 196, 5.1, 22, , 138, 2849, 21559, 464, , 46463, 25000, 42738, 43614, 0, 
530, 1, 148, 250, -1, 182, 202, 8.7, 23, ABalpaappap, 218, 29618, 17534, 592, , 29618, 25000, 28693, 28919, 0, 
531, 0, 376, -1, -1, 454, 150, 10.4, 24, , 41, 0, 0, 0, , 0, 0, 0, 0, 0, 
532, 1, 294, 142, -1, 366, 303, 8.1, 24, ABprppaapap, -171, 28525, 17229, 604, , 28525, 25000, 29568, 29097, 0, 
533, 1, 292, 499, -1, 287, 185, 9.2, 22, ABplpapaaaa, 44, 28202, 13988, 496, , 28202, 25000, 29376, 29318, 0, 
534, 1, 534, 549, -1, 190, 245, 11.7, 22, ABaraaaaapa, 380, 27781, 14557, 524, , 27781, 25000, 28151, 28221, 0, 
535, 1, 511, 478, -1, 263, 296, 16.0, 23, ABaraaapapp, 130, 28828, 14760, 512, , 28828, 25000, 28421, 28473, 0, 
536, 0, 326, -1, -1, 134, 255, 19.4, 22, , -21, 879, 16973, 572, , 29673, 25000, 28576, 28794, 0, 
537, 1, 156, 546, -1, 282, 195, 13.0, 23, ABalpappppp, -47, 28234, 14456, 512, , 28234, 25000, 28315, 28554, 0, 
538, 0, 130, -1, -1, 528, 261, 16.4, 28, , 108, -1846, 27436, 988, , 27769, 25000, 29510, 29615, 0, 
539, 0, 566, -1, -1, 472, 243, 11.5, 25, , 53, 19, 22295, 768, , 29030, 25000, 28697, 29011, 0, 
540, 0, 228, -1, -1, 484, 195, 5.2, 22, , 29, 622, 18139, 496, , 36571, 25000, 35755, 35949, 0, 
541, 1, 392, 461, -1, 456, 246, 26.1, 32, Dappp, -242, 28692, 45219, 1576, , 28692, 25000, 28506, 28486, 0, 
542, 1, 358, 529, -1, 316, 173, 18.9, 22, Daaaa, -148, 28931, 13424, 464, , 28931, 25000, 29147, 29148, 0, 
543, 1, 400, 474, -1, 229, 161, 18.4, 22, ABalpppppaa, 202, 29042, 16612, 572, , 29042, 25000, 28363, 28539, 0, 
544, 1, 554, 558, -1, 356, 184, 12.8, 21, ABplpapapap, -104, 29741, 12729, 428, , 29741, 25000, 29214, 29480, 0, 
545, 1, 222, 106, -1, 184, 204, 13.0, 20, ABaraaaaaaa, 28, 28396, 8973, 316, , 28396, 25000, 28199, 27981, 0, 
546, 1, 556, 453, -1, 356, 151, 16.5, 23, Daapp, 329, 28180, 17810, 632, , 28180, 25000, 29521, 29487, 0, 
547, 1, 545, 415, -1, 227, 214, 19.6, 22, ABalpaapapa, 227, 28281, 16177, 572, , 28281, 25000, 28153, 28003, 0, 
548, 1, 551, 509, -1, 362, 335, 10.5, 26, Dpapp, 144, 28246, 25308, 896, , 28246, 25000, 28848, 28996, 0, 
549, 1, 491, 564, -1, 219, 353, 15.0, 22, ABpraaaappp, -184, 26997, 10367, 384, , 26997, 25000, 28251, 28214, 0, 
550, 1, 559, 393, -1, 163, 187, 19.1, 19, ABalppppapa, 127, 28121, 7199, 256, , 28121, 25000, 27994, 28340, 0, 
551, 0, 552, -1, -1, 163, 299, 14.7, 23, , 296, -400, 16227, 592, , 27410, 25000, 27776, 27810, 0, 
552, 1, 547, 454, -1, 329, 276, 20.0, 24, MSaaaappp, 32, 28324, 17221, 608, , 28324, 25000, 28661, 28321, 0, 
553, 1, 555, 492, -1, 489, 229, 26.5, 32, Cpaapa, 196, 28058, 40179, 1432, , 28058, 25000, 28911, 28915, 0, 
554, 0, 558, -1, -1, 454, 277, 10.9, 23, , 161, -1031, 13364, 496, , 26944, 25000, 27872, 27975, 0, 
555, 1, 220, 589, -1, 140, 288, 12.5, 23, ABalappappa, 84, 27655, 17478, 632, , 27655, 25000, 28505, 28635, 0, 
556, 1, 586, 594, -1, 113, 257, 16.8, 23, ABalappaap, -838, 25843, 13955, 540, , 25843, 25000, 27607, 27643, 0, 
557, 1, 481, 551, -1, 166, 289, 10.8, 23, ABalaappppa, 331, 28435, 15355, 540, , 28435, 25000, 28881, 28551, 0, 
558, 0, 446, -1, -1, 219, 159, 7.0, 20, , 113, -2287, 10041, 316, , 31775, 25000, 33483, 34062, 0, 
559, 1, 557, 557, -1, 343, 316, 18.0, 26, MSpaapapp, 264, 28430, 24222, 852, , 28430, 25000, 29104, 29133, 0, 
560, 0, 561, -1, -1, 292, 164, 15.9, 23, , 226, -1663, 13516, 496, , 27250, 25000, 28795, 28913, 0, 
561, 1, 499, 559, -1, 203, 266, 20.0, 23, MSaaaaapa, 231, 28939, 14817, 512, , 28939, 25000, 28318, 28519, 0, 
562, 1, 496, 569, -1, 280, 223, 23.0, 22, MSapppap, -72, 27956, 10735, 384, , 27956, 25000, 28342, 28240, 0, 
563, 1, 562, 560, -1, 317, 172, 14.0, 22, MSappapp, 153, 26917, 10336, 384, , 26917, 25000, 28258, 28406, 0, 
564, 1, 563, 561, -1, 286, 157, 17.0, 22, MSapppaa, 224, 28404, 10907, 384, , 28404, 25000, 28855, 28808, 0, 
565, 1, 564, 563, -1, 279, 309, 19.0, 22, MSpaapaaa, 167, 26438, 10152, 384, , 26438, 25000, 28872, 28914, 0, 
566, 1, 565, 565, -1, 295, 253, 8.0, 22, ABprpapaaaa, 198, 26456, 10159, 384, , 26456, 25000, 29753, 30057, 0, 
567, 1, 27, 567, -1, 214, 161, 25.433332, 32, ABplaaapap, 302, 27528, 39750, 1444, , 27528, 25000, 29172, 29079, 0, 
568, 1, 535, 568, -1, 226, 308, 19.0, 22, MSpaaaapa, 548, 28635, 10996, 384, , 28635, 25000, 28460, 28475, 0, 
569, 1, 567, 570, -1, 340, 211, 17.0, 24, MSaapappa, -152, 30817, 18737, 608, , 30817, 25000, 32128, 31438, 0, 
570, 1, 568, 571, -1, 276, 233, 21.0, 22, MSaaapaap, 158, 27359, 10506, 384, , 27359, 25000, 28310, 28484, 0, 
571, 1, 569, 572, -1, 304, 297, 18.0, 24, MSpaapapa, 257, 30785, 18717, 608, , 30785, 25000, 28444, 28444, 0, 
572, 1, 570, 573, -1, 317, 318, 11.0, 22, MSpppapp, 134, 27471, 10549, 384, , 27471, 25000, 28376, 28470, 0, 
573, 1, 571, 575, -1, 288, 204, 7.0, 22, ABprpappaaa, 316, 31956, 12271, 384, , 31956, 25000, 31362, 31392, 0, 
574, 1, 573, 577, -1, 512, 207, 6.0, 24, ABprpppapap, 4, 39474, 24000, 608, , 39474, 25000, 37536, 37715, 0, 
575, 1, 574, 304, -1, 450, 150, 10.733334, 24, ABplpppaaap, 242, 27440, 19318, 704, , 27440, 25000, 27800, 27713, 0, 
576, 0, 544, -1, -1, 345, 199, 8.0, 22, , -7, -206, 15639, 524, , 29845, 25000, 30284, 30051, 0, 
577, 1, 575, 580, -1, 231, 291, 16.0, 24, ABaraaapapa, 136, 28188, 17138, 608, , 28188, 25000, 28885, 28892, 0, 
578, 1, 576, 429, -1, 190, 234, 6.0, 22, ABaraaapppp, 388, 38875, 14928, 384, , 38875, 25000, 38650, 39485, 0, 
579, 1, 577, 582, -1, 275, 240, 4.0, 22, ABarapppapp, 199, 32721, 12565, 384, , 32721, 25000, 35490, 35048, 0, 
580, 1, 578, 583, -1, 197, 299, 11.0, 22, ABalaapppaa, 127, 27828, 10686, 384, , 27828, 25000, 28173, 27890, 0, 
581, 1, 579, 584, -1, 228, 273, 5.0, 22, ABalaapappa, 326, 38979, 14968, 384, , 38979, 25000, 37200, 37158, 0, 
582, 1, 581, 585, -1, 195, 291, 6.0, 22, ABalaappapp, 228, 36057, 13846, 384, , 36057, 25000, 37735, 38134, 0, 
583, 1, 580, 586, -1, 170, 311, 8.0, 20, ABalaappapa, 0, 27978, 8841, 316, , 27978, 25000, 29099, 28624, 0, 
584, 1, 582, 587, -1, 181, 335, 17.0, 22, ABalapppppp, 134, 29003, 11137, 384, , 29003, 25000, 27322, 27541, 0, 
585, 1, 583, 588, -1, 162, 284, 19.0, 23, ABalapppapa, 187, 27967, 14319, 512, , 27967, 25000, 28599, 28809, 0, 
586, 1, 584, 590, -1, 165, 327, 16.0, 22, ABalapppppa, 0, 27148, 10425, 384, , 27148, 25000, 27719, 27994, 0, 
587, 1, 585, 591, -1, 145, 331, 15.0, 22, ABalappappp, 287, 27057, 10390, 384, , 27057, 25000, 27551, 27637, 0, 
588, 1, 587, 505, -1, 163, 200, 23.0, 23, ABalapapppa, 27, 27100, 13875, 512, , 27100, 25000, 27915, 28331, 0, 
589, 1, 553, 593, -1, 140, 252, 16.0, 20, ABalapppaaa, 341, 27851, 8801, 316, , 27851, 25000, 26814, 26549, 0, 
590, 1, 588, 595, -1, 154, 253, 21.0, 22, ABalapapapa, -370, 26917, 10336, 384, , 26917, 25000, 28394, 28611, 0, 
591, 1, 589, 596, -1, 183, 149, 11.68, 25, ABalppaaapp, 202, 29275, 22366, 764, , 29275, 25000, 27934, 27860, 0, 
592, 1, 590, 552, -1, 216, 158, 9.0, 21, ABalppaappa, 0, 28177, 10820, 384, , 28177, 25000, 27734, 28118, 0, 
593, 1, 591, 597, -1, 227, 181, 23.0, 22, ABalpppappp, -18, 30734, 11802, 384, , 30734, 25000, 28349, 28391, 0, 
594, 1, 592, 598, -1, 491, 196, 6.0, 29, ABplpppapap, 258, 33318, 40915, 1228, , 33318, 25000, 35240, 35409, 0, 
595, 1, 593, 70, -1, 477, 251, 9.450001, 26, ABprppppaap, -41, 27020, 22481, 832, , 27020, 25000, 28456, 28475, 0, 
596, 1, 354, 600, -1, 216, 247, 22.0, 23, MSaaapaaa, 214, 28494, 14589, 512, , 28494, 25000, 27896, 27933, 0, 
597, 1, 594, 601, -1, 149, 303, 16.0, 22, ABalappppap, -308, 28008, 10755, 384, , 28008, 25000, 27717, 28279, 0, 
598, 1, 595, 602, -1, 165, 310, 15.0, 27, ABalappapa, 187, 26875, 27735, 1032, , 26875, 25000, 27636, 27825, 0, 
599, 1, 596, 603, -1, 143, 277, 17.0, 23, ABalapppaap, 210, 27334, 13995, 512, , 27334, 25000, 28124, 28273, 0, 
600, 1, 381, 604, -1, 142, 282, 15.0, 23, ABalappppaa, 196, 28531, 14608, 512, , 28531, 25000, 28083, 28449, 0, 
