1, 0, 155, -1, -1, 156, 322, 13.3, 23, , 199, -1436, 15832, 592, , 26743, 25000, 28085, 28179, 0, 
2, 1, 79, 203, -1, 276, 375, 9.7, 28, ABpraaapppp, 280, 27314, 29062, 1064, , 27314, 25000, 28305, 28223, 0, 
3, 0, 479, -1, -1, 361, 136, 16.3, 22, , 167, 346, 15126, 524, , 28866, 25000, 28319, 28520, 0, 
4, 1, 240, 464, -1, 422, 252, 6.9, 23, ABprppaappp, -141, 32722, 16230, 496, , 32722, 25000, 32077, 32504, 0, 
5, 1, 32, 171, -1, 180, 259, 7.2, 22, ABarapppaaa, 220, 29593, 14678, 496, , 29593, 25000, 33062, 32896, 0, 
6, 1, 531, 103, -1, 196, 158, 18.4, 22, ABalapaapap, 189, 28764, 16453, 572, , 28764, 25000, 28657, 28892, 0, 
7, 1, 86, 284, -1, 544, 251, 8.8, 24, ABprapppapp, 169, 27566, 18083, 656, , 27566, 25000, 28995, 28835, 0, 
8, 1, 317, 232, -1, 213, 210, 7.1, 23, ABalpapaapa, 233, 29488, 14626, 496, , 29488, 25000, 32162, 32221, 0, 
9, 1, 29, 46, -1, 394, 266, 8.0, 24, ABarappappa, 231, 29058, 17667, 608, , 29058, 25000, 30215, 30809, 0, 
10, 1, 179, 100, -1, 229, 241, 5.4, 24, ABarapppapa, 191, 38720, 27104, 700, , 38720, 25000, 36715, 37799, 0, 
11, 1, 97, 487, -1, 528, 209, 8.0, 22, Caapap, 185, 30635, 11764, 384, , 30635, 25000, 30063, 30252, 0, 
12, 0, 209, -1, -1, 325, 273, 21.7, 22, , 213, 427, 15228, 524, , 29061, 25000, 28651, 28634, 0, 
13, 1, 67, 117, -1, 214, 273, 10.7, 26, MSppaaaa, 181, 29433, 25195, 856, , 29433, 25000, 27952, 28012, 0, 
14, 1, 303, 393, -1, 201, 352, 9.4, 25, ABprpaapapa, 102, 27381, 22781, 832, , 27381, 25000, 28735, 28714, 0, 
15, 1, 428, 322, -1, 155, 309, 10.4, 23, ABalaappppp, 188, 27039, 17305, 640, , 27039, 25000, 28843, 29015, 0, 
16, 1, 137, 61, -1, 434, 306, 26.4, 33, Cpaaap, 334, 28693, 47057, 1640, , 28693, 25000, 28593, 28593, 0, 
17, 1, 125, 19, -1, 183, 192, 21.2, 25, ABalapaaaa, 197, 27053, 19045, 704, , 27053, 25000, 28692, 28924, 0, 
18, 1, 284, 137, -1, 568, 284, 12.7, 26, Cpppapp, 221, 26958, 23076, 856, , 26958, 25000, 29366, 29482, 0, 
19, 1, 111, 143, -1, 257, 146, 8.7, 24, ABalppaappp, 153, 27585, 19420, 704, , 27585, 25000, 28838, 28881, 0, 
20, 1, 173, 479, -1, 316, 176, 10.7, 22, ABplpapaaap, 136, 27088, 14194, 524, , 27088, 25000, 29074, 28927, 0, 
21, 1, 202, 225, -1, 371, 311, 5.5, 25, ABprapaapa, 101, 35908, 27577, 768, , 35908, 25000, 36776, 37251, 0, 
22, 0, 306, -1, -1, 318, 184, 25.5, 23, , 201, 1684, 19724, 632, , 31209, 25000, 29477, 29525, 0, 
23, 1, 77, 251, -1, 336, 380, 13.4, 25, ABprapaaapa, 198, 29442, 24496, 832, , 29442, 25000, 29055, 29039, 0, 
24, 1, 81, 277, -1, 563, 230, 11.5, 27, Cpppppd, 256, 28198, 25265, 896, , 28198, 25000, 28896, 28923, 0, 
25, 1, 436, 104, -1, 440, 155, 15.2, 23, ABplppapapp, 213, 28554, 15419, 540, , 28554, 25000, 28451, 28664, 0, 
26, 1, 143, 208, -1, 233, 164, 10.9, 23, ABalppapppa, 213, 28518, 14145, 496, , 28518, 25000, 28462, 28349, 0, 
27, 1, 296, 473, -1, 269, 317, 10.5, 23, MSppapap, 168, 27935, 17655, 632, , 27935, 25000, 28681, 28744, 0, 
28, 1, 145, 414, -1, 290, 357, 11.6, 24, ABprpaappaa, 201, 28634, 20044, 700, , 28634, 25000, 28422, 28332, 0, 
29, 1, 318, 288, -1, 444, 370, 17.9, 25, Cpppaaa, 240, 28731, 19767, 688, , 28731, 25000, 28640, 28672, 0, 
30, 1, 334, 435, -1, 565, 293, 9.5, 31, ABprapppaa, 222, 27025, 33295, 1232, , 27025, 25000, 29247, 29370, 0, 
31, 1, 103, 158, -1, 448, 251, 26.0, 32, Dappp, 326, 27939, 47720, 1708, , 27939, 25000, 29135, 29195, 0, 
32, 1, 345, 220, -1, 265, 356, 24.5, 30, ABarpaappa, 295, 28387, 34973, 1232, , 28387, 25000, 28680, 28744, 0, 
33, 1, 130, 84, -1, 302, 187, 6.9, 23, ABalpapapaa, 209, 33389, 16561, 496, , 33389, 25000, 32734, 33047, 0, 
34, 1, 231, 501, -1, 196, 317, 10.2, 22, ABalaapppap, 204, 26331, 13060, 496, , 26331, 25000, 27791, 27787, 0, 
35, 1, 351, 394, -1, 390, 199, 10.6, 23, ABplppaappa, 76, 27903, 17858, 640, , 27903, 25000, 28171, 28274, 0, 
36, 1, 255, 34, -1, 258, 252, 7.4, 22, ABarapppppp, 187, 28885, 16522, 572, , 28885, 25000, 31729, 31814, 0, 
37, 1, 213, 347, -1, 472, 370, 10.3, 26, ABprappaap, 247, 28534, 24425, 856, , 28534, 25000, 28435, 28444, 0, 
38, 1, 132, 227, -1, 299, 382, 12.0, 23, ABpraaapppa, 234, 26180, 13404, 512, , 26180, 25000, 27817, 27854, 0, 
39, 1, 398, 516, -1, 204, 276, 7.5, 23, ABarappppap, 274, 30668, 19382, 632, , 30668, 25000, 31423, 32003, 0, 
40, 1, 48, 235, -1, 325, 388, 20.4, 29, ABarpppapa, 289, 27513, 31805, 1156, , 27513, 25000, 28546, 28495, 0, 
41, 1, 412, 256, -1, 215, 221, 14.6, 22, ABaraaaaaap, 204, 28670, 16399, 572, , 28670, 25000, 28200, 28315, 0, 
42, 1, 156, 402, -1, 361, 142, 12.7, 24, ABplapaapa, -82, 28675, 20187, 704, , 28675, 25000, 28149, 28282, 0, 
43, 1, 259, 70, -1, 264, 143, 17.6, 26, ABplpaapaap, 224, 28334, 23574, 832, , 28334, 25000, 28213, 28399, 0, 
44, 1, 400, 25, -1, 260, 278, 11.2, 24, ABarapappaa, 195, 27674, 18154, 656, , 27674, 25000, 27805, 27798, 0, 
45, 1, 80, 29, -1, 300, 209, 17.2, 23, ABaraapappa, 209, 27730, 14974, 540, , 27730, 25000, 28399, 28345, 0, 
46, 1, 455, 15, -1, 226, 306, 10.8, 25, ABprpaapaaa, -146, 27435, 19314, 704, , 27435, 25000, 27900, 27712, 0, 
47, 1, 379, 476, -1, 498, 330, 14.5, 25, MSpppaap, 255, 28085, 21569, 768, , 28085, 25000, 29258, 29286, 0, 
48, 1, 101, 289, -1, 175, 140, 15.9, 26, ABalpppaaaa, 78, 28308, 22646, 800, , 28308, 25000, 27706, 27636, 0, 
49, 1, 527, 457, -1, 408, 290, 15.5, 29, Earpa, 291, 28508, 30789, 1080, , 28508, 25000, 30374, 30617, 0, 
50, 1, 475, 205, -1, 373, 233, 16.0, 22, MSaapappp, 184, 30844, 11844, 384, , 30844, 25000, 30907, 30132, 0, 
51, 1, 302, 321, -1, 337, 152, 13.9, 23, ABplppaapap, 204, 28639, 14205, 496, , 28639, 25000, 28480, 28633, 0, 
52, 0, 358, -1, -1, 229, 170, 22.4, 23, , 185, 2102, 19329, 640, , 30202, 25000, 28112, 28100, 0, 
53, 1, 60, 526, -1, 266, 165, 7.7, 24, ABalppapapp, 187, 29190, 20550, 704, , 29190, 25000, 32554, 34042, 0, 
54, 1, 340, 253, -1, 314, 204, 14.0, 23, MSaapaaaa, 231, 28365, 14523, 512, , 28365, 25000, 29080, 28990, 0, 
55, 1, 40, 441, -1, 372, 260, 5.6, 24, ABprpaaaapa, 353, 37480, 26236, 700, , 37480, 25000, 35928, 36070, 0, 
56, 1, 446, 504, -1, 381, 263, 20.2, 33, Ealaa, 334, 27865, 48597, 1744, , 27865, 25000, 29539, 29508, 0, 
57, 1, 50, 41, -1, 375, 177, 17.1, 24, MSaapppa, 236, 28626, 17290, 604, , 28626, 25000, 29043, 29036, 0, 
58, 1, 222, 252, -1, 220, 231, 25.1, 26, MSapappa, 226, 28781, 23025, 800, , 28781, 25000, 29125, 29243, 0, 
59, 1, 290, 106, -1, 208, 184, 8.4, 23, ABalpapaaaa, 314, 28658, 18341, 640, , 28658, 25000, 29314, 29410, 0, 
60, 1, 265, 47, -1, 474, 171, 20.7, 25, Capaapa, 107, 30564, 23351, 764, , 30564, 25000, 29114, 29179, 0, 
61, 1, 138, 280, -1, 399, 366, 8.9, 26, ABprapaapp, 400, 27253, 21802, 800, , 27253, 25000, 27917, 27930, 0, 
62, 1, 163, 357, -1, 459, 360, 14.2, 27, Cppaaap, 216, 27636, 23988, 868, , 27636, 25000, 28958, 29009, 0, 
63, 0, 333, -1, -1, 213, 215, 22.8, 24, , 213, 3129, 20666, 656, , 31503, 25000, 28419, 28374, 0, 
64, 1, 391, 255, -1, 256, 195, 24.1, 24, ABplaapappa, 212, 27695, 16728, 604, , 27695, 25000, 28011, 27983, 0, 
65, 1, 12, 292, -1, 169, 331, 19.2, 24, ABarpapaaap, 226, 27860, 18276, 656, , 27860, 25000, 28250, 28411, 0, 
66, 1, 194, 505, -1, 109, 262, 13.8, 23, ABalaaappll, 218, 26261, 14181, 540, , 26261, 25000, 27597, 27658, 0, 
67, 1, 353, 352, -1, 285, 151, 7.2, 23, ABplaappaa, -75, 30219, 16318, 540, , 30219, 25000, 33462, 33982, 0, 
68, 1, 252, 508, -1, 237, 268, 6.8, 23, ABarapppppa, 173, 29657, 16015, 540, , 29657, 25000, 33279, 32546, 0, 
69, 1, 325, 313, -1, 240, 335, 9.3, 24, ABprpaaaaap, 373, 27730, 19522, 704, , 27730, 25000, 28841, 28754, 0, 
70, 1, 49, 302, -1, 233, 389, 15.0, 26, ABarpapppa, 299, 26388, 22483, 852, , 26388, 25000, 27589, 27605, 0, 
71, 1, 448, 173, -1, 342, 327, 18.1, 23, MSpaapapp, 208, 27784, 13781, 496, , 27784, 25000, 28922, 28980, 0, 
72, 1, 28, 120, -1, 283, 131, 12.3, 23, ABplpaapppa, 285, 27625, 16354, 592, , 27625, 25000, 28281, 28430, 0, 
73, 1, 562, 513, -1, 293, 169, 16.8, 23, MSapppaa, 229, 27091, 14629, 540, , 27091, 25000, 28105, 28168, 0, 
74, 1, 523, 189, -1, 251, 177, 7.9, 23, ABalppapapa, 187, 31044, 15398, 496, , 31044, 25000, 30760, 30466, 0, 
75, 1, 178, 244, -1, 234, 305, 22.7, 26, MSpaaaaaa, 257, 27815, 23810, 856, , 27815, 25000, 29405, 29474, 0, 
76, 1, 360, 160, -1, 484, 233, 7.4, 24, ABprppppapp, 222, 29239, 20467, 700, , 29239, 25000, 31045, 30937, 0, 
77, 0, 150, -1, -1, 85, 263, 15.9, 25, , 167, 3397, 21256, 688, , 30895, 25000, 27482, 27498, 0, 
78, 1, 299, 267, -1, 321, 317, 20.7, 24, MSpaaappp, 216, 28550, 20099, 704, , 28550, 25000, 28231, 28410, 0, 
79, 1, 409, 177, -1, 528, 116, 12.7, 23, ABplapppaap, 208, 27039, 16007, 592, , 27039, 25000, 28356, 28280, 0, 
80, 1, 211, 362, -1, 360, 210, 16.0, 26, MSaapapa, 242, 48818, 41593, 852, , 48818, 25000, 31344, 31405, 0, 
81, 1, 383, 109, -1, 287, 317, 21.3, 25, MSpaaappa, 200, 28912, 22089, 764, , 28912, 25000, 28805, 28893, 0, 
82, 1, 18, 262, -1, 306, 131, 19.5, 24, ABplpaappap, 193, 29487, 22646, 768, , 29487, 25000, 29582, 29549, 0, 
83, 1, 309, 399, -1, 428, 291, 8.6, 23, ABprppappap, 199, 28427, 18193, 640, , 28427, 25000, 29627, 29932, 0, 
84, 1, 501, 242, -1, 444, 237, 7.5, 22, ABplpapppap, 223, 27654, 14159, 512, , 27654, 25000, 30419, 30750, 0, 
85, 1, 136, 383, -1, 530, 179, 7.4, 25, ABplppppppa, 177, 30712, 25552, 832, , 30712, 25000, 32485, 32429, 0, 
86, 0, 95, -1, -1, 539, 270, 16.8, 32, , 321, -1581, 44856, 1608, , 27896, 25000, 29384, 29477, 0, 
87, 1, 420, 87, -1, 244, 331, 11.9, 23, ABpraaappaa, 232, 26895, 13340, 496, , 26895, 25000, 27949, 28080, 0, 
88, 1, 399, 269, -1, 362, 175, 11.7, 25, ABalpapappp, -82, 27208, 20787, 764, , 27208, 25000, 28351, 28537, 0, 
89, 1, 19, 390, -1, 159, 239, 14.0, 25, ABaraaaapa, 253, 27671, 21141, 764, , 27671, 25000, 27896, 27803, 0, 
90, 1, 203, 403, -1, 373, 278, 12.0, 24, MSpapapa, 184, 47635, 28962, 608, , 47635, 25000, 33575, 33877, 0, 
91, 1, 121, 162, -1, 320, 149, 25.3, 26, ABarppaaap, 265, 27432, 23482, 856, , 27432, 25000, 28910, 28911, 0, 
92, 1, 289, 482, -1, 114, 290, 16.7, 24, ABpraapaaaa, 138, 28179, 19838, 704, , 28179, 25000, 27882, 27859, 0, 
93, 1, 305, 336, -1, 256, 377, 14.4, 25, ABpraapappp, 282, 27075, 22526, 832, , 27075, 25000, 28480, 28795, 0, 
94, 1, 355, 81, -1, 295, 158, 21.6, 26, ABalppppppa, 235, 26882, 22366, 832, , 26882, 25000, 28724, 28681, 0, 
95, 0, 90, -1, -1, 355, 207, 7.5, 24, , 188, 1223, 24603, 768, , 32035, 25000, 30811, 30812, 0, 
96, 1, 243, 291, -1, 417, 307, 19.2, 32, Earap, 219, 28277, 45469, 1608, , 28277, 25000, 29371, 29437, 0, 
97, 1, 242, 325, -1, 279, 236, 17.4, 23, ABalpaaappp, 176, 27348, 17503, 640, , 27348, 25000, 28482, 28460, 0, 
98, 1, 170, 396, -1, 173, 245, 21.9, 24, ABalapapapp, 209, 28651, 17305, 604, , 28651, 25000, 29004, 28982, 0, 
99, 0, 403, -1, -1, 569, 253, 7.0, 22, , -62, -1430, 12083, 384, , 31466, 25000, 32513, 32896, 0, 
100, 1, 148, 163, -1, 173, 346, 13.4, 23, ABpraapaapa, 39, 27555, 17635, 640, , 27555, 25000, 28275, 28295, 0, 
101, 1, 250, 349, -1, 271, 307, 7.1, 22, ABprpaapppa, 172, 28004, 12994, 464, , 28004, 25000, 32458, 33022, 0, 
102, 1, 13, 200, -1, 341, 235, 11.4, 26, ABarapapapp, 8, 28785, 23949, 832, , 28785, 25000, 29066, 29320, 0, 
103, 1, 181, 249, -1, 542, 161, 16.0, 25, Cappapp, 259, 28156, 21511, 764, , 28156, 25000, 28928, 28963, 0, 
104, 1, 218, 197, -1, 341, 302, 7.4, 24, ABprppaapaa, 210, 28887, 20221, 700, , 28887, 25000, 30637, 30900, 0, 
105, 1, 264, 268, -1, 405, 183, 15.1, 24, ABplppapaap, 202, 27427, 16566, 604, , 27427, 25000, 28330, 28464, 0, 
106, 1, 112, 105, -1, 248, 133, 14.4, 23, ABplpaaapap, 190, 28941, 18522, 640, , 28941, 25000, 28284, 28343, 0, 
107, 1, 246, 448, -1, 214, 297, 8.4, 24, ABprpaaaaaa, 197, 29634, 20744, 700, , 29634, 25000, 29312, 29552, 0, 
108, 0, -1, -1, -1, 154, 308, 24.6, 23, , 189, 2211, 19830, 640, , 30984, 25000, 28675, 28773, 0, 
109, 1, 195, 307, -1, 247, 338, 14.6, 24, ABpraapapaa, 260, 27904, 19533, 700, , 27904, 25000, 28307, 28416, 0, 
110, 1, 451, 395, -1, 524, 245, 6.9, 22, ABprpppaapa, 184, 32287, 14981, 464, , 32287, 25000, 32061, 31615, 0, 
111, 1, 323, 439, -1, 213, 261, 24.4, 26, MSapappp, 200, 27655, 23009, 832, , 27655, 25000, 28355, 28528, 0, 
112, 1, 384, 179, -1, 172, 334, 23.7, 26, ABarpaapaa, 105, 28118, 24069, 856, , 28118, 25000, 29145, 29156, 0, 
113, 1, 70, 259, -1, 175, 291, 25.2, 27, ABplaaaapa, 150, 29081, 25242, 868, , 29081, 25000, 29352, 29303, 0, 
114, 1, 229, 273, -1, 331, 116, 13.8, 29, ABplaapppa, 893, 27773, 30884, 1112, , 27773, 25000, 27716, 27695, 0, 
115, 1, 1, 129, -1, 230, 191, 25.6, 29, ABplaaappa, 257, 28423, 32857, 1156, , 28423, 25000, 28994, 29124, 0, 
116, 1, 499, 392, -1, 566, 230, 7.7, 24, ABprappppp, 238, 28543, 20094, 704, , 28543, 25000, 30666, 30669, 0, 
117, 1, 14, 35, -1, 574, 181, 9.0, 24, Caappv, -147, 27474, 16704, 608, , 27474, 25000, 28434, 28583, 0, 
118, 1, 25, 114, -1, 243, 358, 16.4, 25, ABpraapappa, 202, 27874, 23191, 832, , 27874, 25000, 27968, 27957, 0, 
119, 1, 392, 285, -1, 346, 309, 21.7, 24, MSpaaapap, 162, 27766, 19547, 704, , 27766, 25000, 28889, 29144, 0, 
120, 1, 272, 543, -1, 412, 221, 24.4, 26, Dapap, 250, 29148, 24251, 832, , 29148, 25000, 29097, 29070, 0, 
121, 1, 249, 62, -1, 264, 303, 13.4, 26, ABarapaappa, 242, 28963, 24097, 832, , 28963, 25000, 28557, 28361, 0, 
122, 1, 5, 554, -1, 323, 171, 19.4, 22, Daaaa, 225, 30474, 17431, 572, , 30474, 25000, 29928, 30145, 0, 
123, 1, 348, 306, -1, 295, 301, 8.4, 23, ABprppaaaaa, 225, 28458, 18213, 640, , 28458, 25000, 29180, 29365, 0, 
124, 1, 153, 42, -1, 272, 215, 8.7, 24, ABarapapapa, 147, 27868, 19619, 704, , 27868, 25000, 29187, 29198, 0, 
125, 1, 200, 481, -1, 489, 360, 17.3, 29, Cppapaa, 286, 27069, 28910, 1068, , 27069, 25000, 28397, 28397, 0, 
126, 0, 405, -1, -1, 216, 352, 13.9, 25, , 182, 249, 19727, 688, , 28673, 25000, 28426, 28424, 0, 
127, 1, 361, 486, -1, 326, 165, 22.1, 27, ABplapaaapa, 266, 28165, 25574, 908, , 28165, 25000, 28981, 29020, 0, 
128, 1, 120, 56, -1, 512, 185, 10.1, 23, Cappppv, 218, 27823, 13800, 496, , 27823, 25000, 28511, 28560, 0, 
129, 1, 248, 477, -1, 382, 260, 13.9, 22, MSpapappp, 200, 34043, 15796, 464, , 34043, 25000, 33101, 32584, 0, 
130, 1, 92, 48, -1, 336, 246, 5.5, 27, ABarappapap, 188, 36910, 33071, 896, , 36910, 25000, 36784, 37610, 0, 
131, 1, 35, 7, -1, 272, 357, 14.1, 25, ABpraapapap, -168, 27065, 18621, 688, , 27065, 25000, 28594, 28995, 0, 
132, 1, 324, 76, -1, 330, 217, 15.4, 24, MSaapaaap, 201, 29261, 20483, 700, , 29261, 25000, 29505, 29067, 0, 
133, 1, 406, 80, -1, 251, 252, 21.7, 26, ABaraapaapp, -48, 27694, 23706, 856, , 27694, 25000, 28876, 29036, 0, 
134, 1, 312, 356, -1, 367, 377, 14.4, 24, ABprapaaapp, 307, 29929, 20950, 700, , 29929, 25000, 28530, 28422, 0, 
135, 1, 116, 417, -1, 410, 359, 13.2, 26, Cppaaaa, -37, 27003, 21494, 796, , 27003, 25000, 29135, 29135, 0, 
136, 1, 147, 138, -1, 213, 175, 16.7, 23, ABplpaapaaa, 203, 27824, 16472, 592, , 27824, 25000, 28283, 28392, 0, 
137, 1, 232, 368, -1, 242, 161, 13.5, 23, ABplpaaappa, 234, 27364, 17294, 632, , 27364, 25000, 28373, 28514, 0, 
138, 1, 123, 386, -1, 113, 233, 15.3, 23, ABalaaaparr, 228, 28204, 16697, 592, , 28204, 25000, 27814, 27705, 0, 
139, 1, 9, 331, -1, 268, 212, 17.9, 23, ABalpaaappa, 178, 27341, 13561, 496, , 27341, 25000, 27789, 27746, 0, 
140, 1, 191, 471, -1, 238, 209, 15.0, 25, ABalpappaap, 217, 27164, 20753, 764, , 27164, 25000, 28631, 28519, 0, 
141, 1, 368, 49, -1, 583, 177, 21.2, 30, Cpapap, 309, 28289, 37342, 1320, , 28289, 25000, 28649, 28649, 0, 
142, 1, 418, 38, -1, 159, 179, 21.3, 23, ABalppppapp, -210, 28419, 16824, 592, , 28419, 25000, 28972, 29100, 0, 
143, 1, 417, 146, -1, 356, 242, 7.4, 23, ABprpappapa, 191, 30391, 19450, 640, , 30391, 25000, 31072, 30932, 0, 
144, 1, 224, 303, -1, 127, 190, 16.0, 24, ABalaaapalr, 228, 27079, 16464, 608, , 27079, 25000, 28107, 28159, 0, 
145, 1, 410, 12, -1, 261, 164, 23.7, 26, ABplaapappp, 209, 28340, 24259, 856, , 28340, 25000, 28996, 28989, 0, 
146, 1, 376, 408, -1, 587, 269, 17.2, 28, Cppppap, 286, 27638, 29075, 1052, , 27638, 25000, 28603, 28762, 0, 
147, 1, 122, 101, -1, 317, 314, 7.6, 25, ABprppaaaap, 242, 27825, 23150, 832, , 27825, 25000, 30128, 30403, 0, 
148, 1, 235, 496, -1, 293, 298, 15.4, 25, ABaraapppaa, 176, 27482, 22865, 832, , 27482, 25000, 28246, 28168, 0, 
149, 1, 82, 102, -1, 160, 251, 18.3, 27, MSaaaaaa, 165, 27882, 25763, 924, , 27882, 25000, 27800, 27822, 0, 
150, 0, 88, -1, -1, 163, 274, 21.9, 24, , 206, -826, 16612, 604, , 27503, 25000, 28425, 28329, 0, 
151, 1, 41, 239, -1, 176, 147, 18.8, 23, ABalpppaapv, 209, 27917, 15075, 540, , 27917, 25000, 28348, 28125, 0, 
152, 1, 292, 108, -1, 252, 228, 8.6, 24, ABarapaaapp, 272, 27854, 19498, 700, , 27854, 25000, 29666, 29997, 0, 
153, 1, 471, 245, -1, 240, 295, 13.8, 23, ABarapaapap, 195, 27917, 15075, 540, , 27917, 25000, 27933, 27894, 0, 
154, 1, 362, 342, -1, 454, 216, 24.5, 29, Cappaaa, 256, 28207, 30464, 1080, , 28207, 25000, 28580, 28566, 0, 
155, 1, 457, 405, -1, 167, 242, 24.3, 25, ABplaaaaaap, 217, 28647, 21886, 764, , 28647, 25000, 28755, 29012, 0, 
156, 1, 152, 361, -1, 200, 236, 10.0, 24, ABarapaaaaa, 428, 29293, 17810, 608, , 29293, 25000, 28509, 28488, 0, 
157, 1, 63, 40, -1, 211, 188, 19.8, 23, ABalppppaad, 14, 27869, 15049, 540, , 27869, 25000, 27985, 28041, 0, 
158, 1, 113, 3, -1, 457, 131, 17.3, 26, ABplappapp, 377, 26938, 23059, 856, , 26938, 25000, 28383, 28433, 0, 
159, 1, 295, 434, -1, 141, 213, 14.5, 23, ABalaaaalar, 197, 27051, 17096, 632, , 27051, 25000, 28190, 28241, 0, 
160, 0, 378, -1, -1, 358, 242, 19.3, 24, , 224, 1002, 21344, 704, , 30318, 25000, 29320, 29316, 0, 
161, 1, 369, 497, -1, 405, 400, 14.7, 26, ABarppppap, 267, 27779, 23779, 856, , 27779, 25000, 28078, 28078, 0, 
162, 1, 55, 484, -1, 183, 212, 13.3, 22, ABaraaaaaaa, 205, 28658, 15017, 524, , 28658, 25000, 28041, 27827, 0, 
163, 1, 44, 123, -1, 520, 314, 10.4, 26, Cppappa, 190, 28151, 23422, 832, , 28151, 25000, 28928, 28947, 0, 
164, 1, 421, 195, -1, 187, 280, 9.2, 23, ABarappppaa, 195, 27189, 14682, 540, , 27189, 25000, 28025, 28199, 0, 
165, 1, 506, 512, -1, 197, 348, 13.3, 24, ABpraapaapp, 204, 28017, 19724, 704, , 28017, 25000, 27912, 28007, 0, 
166, 1, 304, 243, -1, 123, 213, 12.7, 22, ABalaaaarla, 190, 27412, 14364, 524, , 27412, 25000, 26870, 26993, 0, 
167, 1, 447, 44, -1, 140, 282, 11.5, 25, ABalaaapprl, 209, 27620, 21212, 768, , 27620, 25000, 27630, 27689, 0, 
168, 1, 397, 415, -1, 217, 245, 7.3, 24, ABarappaaaa, 203, 30490, 21465, 704, , 30490, 25000, 31386, 31062, 0, 
169, 1, 293, 480, -1, 419, 198, 10.8, 23, ABplppaappp, 273, 28526, 15404, 540, , 28526, 25000, 28008, 28151, 0, 
170, 1, 94, 264, -1, 172, 361, 16.2, 23, ABarpappaa, -41, 28059, 15152, 540, , 28059, 25000, 28045, 28048, 0, 
171, 0, 157, -1, -1, 240, 287, 19.2, 24, , 208, 1931, 20252, 656, , 30872, 25000, 28843, 28941, 0, 
172, 1, 39, 261, -1, 216, 312, 5.0, 22, ABpraaaaaap, 216, 43583, 16736, 384, , 43583, 25000, 40465, 40571, 0, 
173, 1, 341, 67, -1, 430, 372, 10.6, 25, ABprappaaa, -112, 27959, 23262, 832, , 27959, 25000, 27866, 27899, 0, 
174, 1, 332, 485, -1, 606, 261, 15.2, 28, Cpappd, 487, 27411, 28836, 1052, , 27411, 25000, 28207, 28263, 0, 
175, 1, 85, 139, -1, 471, 195, 7.6, 23, ABplppppapp, 207, 28219, 18060, 640, , 28219, 25000, 30186, 30100, 0, 
176, 1, 65, 176, -1, 309, 294, 12.7, 24, ABaraappppa, 90, 28724, 20222, 704, , 28724, 25000, 27631, 27661, 0, 
177, 0, 416, -1, -1, 211, 166, 20.5, 23, , 269, -280, 17707, 632, , 28017, 25000, 28093, 28297, 0, 
178, 1, 75, 359, -1, 546, 147, 9.6, 25, ABplappppp, -190, 27034, 22492, 832, , 27034, 25000, 28595, 28576, 0, 
179, 1, 472, 374, -1, 242, 323, 26.0, 24, ABarpaapap, 162, 28510, 17334, 608, , 28510, 25000, 28765, 28715, 0, 
180, 1, 140, 210, -1, 357, 282, 22.3, 26, MSaaappp, 85, 27166, 23254, 856, , 27166, 25000, 28580, 28648, 0, 
181, 1, 540, 311, -1, 165, 209, 12.0, 23, ABalpaappaa, 513, 28113, 14394, 512, , 28113, 25000, 28578, 28661, 0, 
182, 1, 47, 266, -1, 198, 380, 14.9, 24, ABarpappap, 209, 27142, 16394, 604, , 27142, 25000, 27612, 27628, 0, 
183, 0, 16, -1, -1, 545, 120, 15.5, 23, , 200, -1047, 17024, 632, , 26937, 25000, 27919, 27984, 0, 
184, 1, 279, 317, -1, 418, 155, 20.1, 26, ABplappaaa, 231, 27655, 22124, 800, , 27655, 25000, 27774, 27840, 0, 
185, 1, 300, 124, -1, 292, 154, 13.5, 25, ABplppaaaaa, 198, 27613, 21207, 768, , 27613, 25000, 28328, 28631, 0, 
186, 1, 343, 315, -1, 457, 400, 14.9, 28, ABprappapa, 266, 27676, 30111, 1088, , 27676, 25000, 28551, 28554, 0, 
187, 1, 453, 427, -1, 295, 377, 22.4, 30, ABarpaappp, 293, 26803, 30984, 1156, , 26803, 25000, 27991, 27949, 0, 
188, 1, 117, 127, -1, 487, 117, 12.5, 26, ABplapappa, 93, 27493, 24634, 896, , 27493, 25000, 28469, 28441, 0, 
189, 1, 115, 57, -1, 146, 232, 21.9, 24, ABplaaaaaaa, 294, 28013, 16920, 604, , 28013, 25000, 28431, 28373, 0, 
190, 0, 278, -1, -1, 492, 198, 4.6, 27, , 151, 2320, 25911, 640, , 40486, 25000, 38343, 38166, 0, 
191, 1, 283, 381, -1, 114, 282, 11.9, 23, ABalaaapplr, 180, 28014, 13895, 496, , 28014, 25000, 27538, 27526, 0, 
192, 1, 129, 53, -1, 300, 381, 17.6, 26, ABprapaaaap, 237, 26555, 22094, 832, , 26555, 25000, 28216, 28160, 0, 
193, 1, 484, 367, -1, 216, 248, 13.4, 22, ABaraaaaapp, 71, 27325, 15630, 572, , 27325, 25000, 27667, 27842, 0, 
194, 1, 127, 346, -1, 363, 405, 15.3, 25, ABarppppaa, 248, 26626, 20342, 764, , 26626, 25000, 28278, 28163, 0, 
195, 1, 422, 133, -1, 223, 295, 17.6, 27, ABaraappapa, 88, 27240, 26913, 988, , 27240, 25000, 28089, 28300, 0, 
196, 1, 426, 323, -1, 429, 190, 13.0, 23, ABplppapppa, 173, 27287, 13971, 512, , 27287, 25000, 28962, 29377, 0, 
197, 1, 212, 68, -1, 258, 201, 15.9, 22, ABalpapppaa, 181, 28815, 13370, 464, , 28815, 25000, 28337, 28710, 0, 
198, 1, 551, 382, -1, 189, 227, 7.9, 22, ABaraaappap, 176, 28142, 13058, 464, , 28142, 25000, 30265, 30021, 0, 
199, 1, 245, 228, -1, 280, 232, 25.5, 27, ABarppaaaa, 270, 27308, 24468, 896, , 27308, 25000, 28561, 28498, 0, 
200, 1, 146, 456, -1, 533, 182, 21.5, 27, Capapap, 270, 29766, 26670, 896, , 29766, 25000, 29017, 29002, 0, 
201, 1, 219, 226, -1, 557, 184, 12.6, 25, Cappppd, 255, 27645, 23001, 832, , 27645, 25000, 29422, 29528, 0, 
202, 1, 186, 188, -1, 177, 171, 14.2, 23, ABalppappaa, 202, 29085, 15706, 540, , 29085, 25000, 27690, 27884, 0, 
203, 1, 260, 300, -1, 136, 277, 23.4, 24, ABarpaaaapa, 225, 29530, 20671, 700, , 29530, 25000, 28697, 28768, 0, 
204, 1, 131, 64, -1, 257, 278, 23.0, 25, MSaaaaapp, 73, 28051, 21431, 764, , 28051, 25000, 28309, 28282, 0, 
205, 1, 543, 126, -1, 190, 234, 24.6, 26, ABplaaaaapp, 208, 28297, 23543, 832, , 28297, 25000, 29071, 28994, 0, 
206, 1, 268, 69, -1, 208, 240, 19.4, 25, ABaraapaapa, 237, 28520, 23729, 832, , 28520, 25000, 27941, 27950, 0, 
207, 1, 182, 411, -1, 541, 252, 20.3, 32, Eplap, 277, 27283, 43217, 1584, , 27283, 25000, 28815, 28849, 0, 
208, 1, 483, 377, -1, 392, 170, 24.9, 28, ABarppapap, 283, 28513, 31022, 1088, , 28513, 25000, 29423, 29410, 0, 
209, 1, 370, 502, -1, 187, 269, 16.6, 24, ABaraappaaa, 16, 27381, 19167, 700, , 27381, 25000, 28048, 27875, 0, 
210, 1, 380, 82, -1, 571, 323, 10.6, 26, ABarpppppp, 236, 28089, 23370, 832, , 28089, 25000, 28164, 28227, 0, 
211, 1, 3, 174, -1, 320, 277, 10.8, 24, MSpapaaaa, 191, 30095, 19742, 656, , 30095, 25000, 29189, 29354, 0, 
212, 1, 548, 536, -1, 216, 328, 13.8, 23, ABpraaapaad, 180, 28517, 15399, 540, , 28517, 25000, 28125, 28117, 0, 
213, 1, 198, 263, -1, 350, 307, 14.9, 25, MSpapappa, 185, 31349, 21568, 688, , 31349, 25000, 29782, 29687, 0, 
214, 1, 73, 95, -1, 580, 192, 17.4, 28, Capppap, 251, 27274, 26947, 988, , 27274, 25000, 29202, 29182, 0, 
215, 1, 247, 17, -1, 514, 252, 14.1, 30, Eprpp, 305, 27440, 37209, 1356, , 27440, 25000, 28849, 28896, 0, 
216, 1, 372, 276, -1, 440, 205, 8.8, 23, ABplpapppaa, 465, 30313, 16369, 540, , 30313, 25000, 28731, 28818, 0, 
217, 1, 6, 156, -1, 430, 259, 10.2, 24, MSppaapp, -102, 28099, 18433, 656, , 28099, 25000, 28709, 28711, 0, 
218, 0, 288, -1, -1, 200, 296, 20.7, 23, , 205, 1036, 17385, 592, , 29367, 25000, 28308, 28331, 0, 
219, 1, 160, 27, -1, 179, 169, 23.2, 25, ABplaapaapa, 64, 27447, 19323, 704, , 27447, 25000, 29336, 29458, 0, 
220, 1, 159, 521, -1, 231, 228, 20.5, 23, ABalpaapapa, 187, 28601, 18076, 632, , 28601, 25000, 28206, 28245, 0, 
221, 0, 339, -1, -1, 595, 256, 11.6, 24, , 209, -1283, 18942, 700, , 27060, 25000, 28189, 28343, 0, 
222, 1, 183, 326, -1, 261, 317, 22.2, 24, MSpaaaaap, 417, 28413, 18639, 656, , 28413, 25000, 28747, 28765, 0, 
223, 1, 390, 216, -1, 396, 325, 10.4, 26, MSpapppa, 260, 27512, 22890, 832, , 27512, 25000, 29102, 29151, 0, 
224, 1, 43, 404, -1, 299, 254, 11.4, 26, ABarapapppp, 221, 28040, 23329, 832, , 28040, 25000, 28081, 28129, 0, 
225, 1, 282, 351, -1, 150, 161, 16.5, 24, ABalaaapall, 202, 27680, 21258, 768, , 27680, 25000, 28840, 28740, 0, 
226, 1, 271, 180, -1, 226, 234, 10.6, 24, ABarapaaapa, 412, 27446, 19212, 700, , 27446, 25000, 28495, 28427, 0, 
227, 1, 514, 445, -1, 167, 193, 9.4, 24, ABalpaapppp, 200, 28134, 19694, 700, , 28134, 25000, 28127, 28286, 0, 
228, 1, 490, 206, -1, 266, 304, 15.7, 24, ABaraaapapp, 245, 27493, 19355, 704, , 27493, 25000, 27803, 28001, 0, 
229, 1, 233, 312, -1, 517, 227, 9.2, 24, Cpppppv, 225, 27410, 17981, 656, , 27410, 25000, 28508, 28435, 0, 
230, 1, 277, 327, -1, 198, 274, 14.2, 23, ABaraaapaap, 236, 26567, 14346, 540, , 26567, 25000, 28845, 28754, 0, 
231, 0, 402, -1, -1, 123, 247, 18.7, 22, , 194, -1045, 14246, 524, , 27187, 25000, 28262, 28232, 0, 
232, 1, 192, 110, -1, 163, 233, 8.4, 23, ABaraaapppa, 212, 29297, 18750, 640, , 29297, 25000, 29145, 29378, 0, 
233, 1, 24, 83, -1, 171, 192, 25.2, 26, ABplaaapaa, 6, 28274, 22506, 796, , 28274, 25000, 29479, 29745, 0, 
234, 1, 328, 470, -1, 466, 270, 8.8, 23, ABprppppaaa, 190, 27372, 14781, 540, , 27372, 25000, 28607, 28665, 0, 
235, 1, 316, 78, -1, 301, 253, 16.1, 24, ABaraapappp, 222, 29967, 18100, 604, , 29967, 25000, 27910, 27836, 0, 
236, 1, 27, 305, -1, 131, 319, 16.6, 24, ABpraapaaap, 210, 27397, 19178, 700, , 27397, 25000, 28209, 28175, 0, 
237, 1, 221, 168, -1, 200, 129, 19.1, 26, ABplpaapapa, 227, 26975, 21580, 800, , 26975, 25000, 27913, 27896, 0, 
238, 1, 257, 365, -1, 300, 323, 19.0, 23, MSpaapaap, 202, 29678, 15195, 512, , 29678, 25000, 29027, 28833, 0, 
239, 1, 307, 544, -1, 419, 259, 24.5, 27, Dappap, 205, 28838, 25839, 896, , 28838, 25000, 29353, 29442, 0, 
240, 1, 52, 217, -1, 502, 123, 10.0, 24, ABplappppa, 200, 26554, 16145, 608, , 26554, 25000, 28416, 28333, 0, 
241, 1, 98, 279, -1, 242, 202, 9.3, 23, ABalpappapa, -114, 28243, 16720, 592, , 28243, 25000, 28917, 28981, 0, 
242, 1, 46, 400, -1, 387, 159, 13.8, 24, ABplppapaaa, 425, 27489, 18033, 656, , 27489, 25000, 28804, 28850, 0, 
243, 1, 199, 116, -1, 406, 202, 12.8, 22, ABplppappap, 183, 26708, 13247, 496, , 26708, 25000, 28978, 29221, 0, 
244, 1, 375, 45, -1, 290, 263, 7.1, 22, ABprpapaapa, 178, 28259, 13112, 464, , 28259, 25000, 32275, 32487, 0, 
245, 1, 239, 184, -1, 255, 192, 21.0, 25, ABplaapapaa, 284, 27868, 21291, 764, , 27868, 25000, 28353, 28297, 0, 
246, 1, 96, 9, -1, 296, 230, 10.3, 25, ABarapapppa, 62, 27624, 21105, 764, , 27624, 25000, 28556, 28739, 0, 
247, 1, 439, 52, -1, 353, 154, 21.8, 27, ABplapaaapp, -52, 30279, 26282, 868, , 30279, 25000, 28870, 28812, 0, 
248, 1, 175, 132, -1, 490, 118, 17.1, 27, ABplapapap, 250, 28672, 26034, 908, , 28672, 25000, 28779, 28791, 0, 
249, 1, 144, 237, -1, 448, 143, 20.7, 29, ABplappaap, 263, 28960, 30929, 1068, , 28960, 25000, 28783, 28805, 0, 
250, 1, 23, 339, -1, 196, 284, 17.8, 24, ABaraappaap, 68, 28175, 18483, 656, , 28175, 25000, 28069, 28053, 0, 
251, 1, 387, 296, -1, 214, 354, 18.7, 28, MSppappa, 224, 28904, 30754, 1064, , 28904, 25000, 28614, 28645, 0, 
252, 1, 404, 89, -1, 336, 326, 5.4, 28, ABpraapppa, 282, 38135, 37677, 988, , 38135, 25000, 35788, 36199, 0, 
253, 0, 207, -1, -1, 379, 164, 11.2, 23, , 200, -745, 14914, 540, , 27619, 25000, 28024, 28364, 0, 
254, 1, 541, 517, -1, 415, 274, 8.8, 22, ABprppappaa, 173, 28587, 14179, 496, , 28587, 25000, 28810, 28803, 0, 
255, 1, 308, 337, -1, 366, 232, 13.3, 23, MSaappaa, 198, 28644, 16957, 592, , 28644, 25000, 29695, 29931, 0, 
256, 1, 128, 345, -1, 359, 122, 19.3, 27, ABplaapppp, 184, 28597, 26424, 924, , 28597, 25000, 27561, 27567, 0, 
257, 1, 464, 121, -1, 483, 192, 13.6, 23, ABplpppppap, 245, 27480, 17587, 640, , 27480, 25000, 28298, 28211, 0, 
258, 1, 431, 30, -1, 531, 306, 6.7, 25, ABprapappa, -83, 33213, 25375, 764, , 33213, 25000, 34360, 34395, 0, 
259, 1, 322, 412, -1, 316, 319, 16.4, 29, ABaraapppap, -68, 28006, 32375, 1156, , 28006, 25000, 28387, 28362, 0, 
260, 1, 349, 31, -1, 125, 261, 21.5, 25, ABarpaaaaal, -89, 30043, 23073, 768, , 30043, 25000, 28371, 28248, 0, 
261, 1, 10, 72, -1, 534, 208, 5.8, 28, ABprppppppa, 270, 41397, 43550, 1052, , 41397, 25000, 38768, 39425, 0, 
262, 1, 91, 407, -1, 261, 348, 11.9, 22, ABpraaappap, 84, 27767, 12884, 464, , 27767, 25000, 28960, 29095, 0, 
263, 1, 516, 99, -1, 481, 296, 6.2, 23, ABprppapppp, -97, 30585, 16516, 540, , 30585, 25000, 34899, 35254, 0, 
264, 1, 476, 375, -1, 582, 320, 17.3, 30, Caaapp, 241, 26872, 35149, 1308, , 26872, 25000, 28110, 28155, 0, 
265, 1, 366, 175, -1, 279, 397, 15.4, 25, ABarpapppp, 209, 27832, 23156, 832, , 27832, 25000, 27827, 27851, 0, 
266, 0, 185, -1, -1, 278, 297, 10.4, 23, , 206, 3360, 20157, 640, , 31495, 25000, 28231, 28135, 0, 
267, 1, 11, 358, -1, 450, 188, 21.8, 26, Capaaap, 229, 27565, 21942, 796, , 27565, 25000, 28489, 28427, 0, 
268, 1, 433, 418, -1, 351, 176, 25.6, 25, ABarppapaa, 250, 28989, 24119, 832, , 28989, 25000, 29374, 29357, 0, 
269, 1, 177, 66, -1, 512, 130, 14.5, 24, ABplapppaaa, 76, 28133, 21606, 768, , 28133, 25000, 28248, 28326, 0, 
270, 1, 216, 183, -1, 289, 273, 12.1, 24, ABarapappap, 234, 26972, 16291, 604, , 26972, 25000, 28034, 27752, 0, 
271, 1, 241, 260, -1, 253, 316, 17.5, 26, ABaraappapp, 408, 28036, 25120, 896, , 28036, 25000, 27699, 27637, 0, 
272, 1, 84, 350, -1, 213, 201, 10.6, 22, ABalpaaaapa, 182, 28668, 16398, 572, , 28668, 25000, 27776, 27880, 0, 
273, 1, 105, 192, -1, 244, 313, 6.5, 24, ABprpaaapap, 170, 34290, 26335, 768, , 34290, 25000, 33810, 33922, 0, 
274, 1, 458, 154, -1, 565, 320, 20.2, 29, Cppppaa, 278, 26845, 29852, 1112, , 26845, 25000, 29042, 29009, 0, 
275, 1, 486, 2, -1, 484, 157, 24.6, 29, ABarppappa, 290, 28080, 32460, 1156, , 28080, 25000, 29137, 29132, 0, 
276, 1, 164, 113, -1, 212, 158, 14.3, 24, ABplpaaaaaa, 405, 27839, 19599, 704, , 27839, 25000, 27817, 28124, 0, 
277, 1, 389, 514, -1, 441, 292, 11.9, 28, Z2, 268, 28448, 30951, 1088, , 28448, 25000, 28482, 28514, 0, 
278, 0, 267, -1, -1, 302, 318, 11.4, 22, , 223, -352, 15718, 572, , 27479, 25000, 28426, 27831, 0, 
279, 1, 480, 297, -1, 262, 174, 15.8, 25, MSapapap, 192, 28406, 19998, 704, , 28406, 25000, 28842, 29003, 0, 
280, 1, 491, 528, -1, 271, 303, 24.3, 24, MSaaaapaa, 230, 27832, 19594, 704, , 27832, 25000, 28664, 28797, 0, 
281, 1, 274, 309, -1, 459, 312, 19.9, 30, Epraa, 301, 28243, 38298, 1356, , 28243, 25000, 28964, 29022, 0, 
282, 1, 71, 140, -1, 283, 286, 5.4, 24, ABprpaapppp, 364, 36383, 25468, 700, , 36383, 25000, 34745, 34842, 0, 
283, 1, 371, 283, -1, 273, 163, 18.8, 26, ABplpaappaa, 242, 26070, 20752, 796, , 26070, 25000, 27692, 27579, 0, 
284, 1, 66, 60, -1, 108, 234, 20.0, 25, ABplaapaaaa, 126, 27716, 21175, 764, , 27716, 25000, 28623, 28578, 0, 
285, 1, 442, 522, -1, 161, 266, 24.9, 23, ABarpaaaapp, 209, 26431, 13110, 496, , 26431, 25000, 28998, 29093, 0, 
286, 1, 217, 401, -1, 425, 324, 8.6, 24, ABprppapaap, 153, 27901, 19531, 700, , 27901, 25000, 29313, 29316, 0, 
287, 0, 167, -1, -1, 472, 247, 11.5, 24, , 242, -1479, 21382, 768, , 27841, 25000, 29197, 29320, 0, 
288, 1, 438, 125, -1, 292, 333, 5.5, 26, ABpraappap, 213, 39552, 35439, 896, , 39552, 25000, 37046, 36912, 0, 
289, 1, 478, 328, -1, 141, 334, 19.7, 24, ABarpaaapap, 214, 27466, 19336, 704, , 27466, 25000, 27907, 27862, 0, 
290, 0, 482, -1, -1, 329, 157, 11.5, 25, , 172, 554, 21996, 768, , 28641, 25000, 28039, 28087, 0, 
291, 1, 281, 366, -1, 569, 257, 10.0, 24, ABprapapppp, 223, 27465, 16699, 608, , 27465, 25000, 28852, 28885, 0, 
292, 0, 382, -1, -1, 258, 269, 14.7, 23, , 83, -570, 16494, 592, , 27861, 25000, 28360, 28431, 0, 
293, 1, 201, 148, -1, 384, 292, 7.5, 24, ABarappappp, 193, 29349, 22540, 768, , 29349, 25000, 31008, 31220, 0, 
294, 1, 505, 370, -1, 481, 210, 10.0, 22, ABplpappppp, 222, 31016, 11910, 384, , 31016, 25000, 28408, 28467, 0, 
295, 1, 34, 141, -1, 232, 146, 17.1, 24, ABplpaaaaap, 206, 28510, 17220, 604, , 28510, 25000, 27956, 28066, 0, 
296, 1, 204, 166, -1, 568, 214, 23.6, 28, Capppaa, 257, 27700, 27368, 988, , 27700, 25000, 29297, 29297, 0, 
297, 1, 377, 199, -1, 153, 184, 13.7, 23, ABalaaaalal, 196, 27718, 16409, 592, , 27718, 25000, 28264, 28259, 0, 
298, 1, 522, 506, -1, 203, 176, 26.0, 23, ABplaaapap, 164, 27879, 14274, 512, , 27879, 25000, 29497, 29467, 0, 
299, 1, 354, 304, 318, 172, 332, 9.9, 26, ABpraaaaap, 222, 27318, 21854, 800, , 27318, 25000, 28408, 28464, 0, 
300, 1, 352, 299, -1, 539, 356, 20.2, 31, Caaapa, 307, 27064, 39622, 1464, , 27064, 25000, 28139, 28144, 0, 
301, 1, 510, 287, -1, 477, 252, 9.7, 27, ABprppppaap, 241, 28263, 26115, 924, , 28263, 25000, 29228, 29522, 0, 
302, 1, 58, 493, -1, 524, 120, 17.5, 27, ABarppappp, 236, 27129, 24308, 896, , 27129, 25000, 27949, 27965, 0, 
303, 1, 118, 397, -1, 388, 392, 17.9, 28, ABarpppapp, 279, 29000, 31552, 1088, , 29000, 25000, 27793, 27738, 0, 
304, 1, 297, 492, -1, 403, 256, 17.1, 30, Ealpa, 68, 28080, 38077, 1356, , 28080, 25000, 29543, 29633, 0, 
305, 1, 477, 469, -1, 249, 294, 8.3, 23, ABprpaaappa, 52, 27742, 16423, 592, , 27742, 25000, 28896, 28902, 0, 
306, 0, 336, -1, -1, 313, 398, 15.5, 24, , 199, -1188, 20960, 768, , 27292, 25000, 28250, 28480, 0, 
307, 1, 228, 153, -1, 390, 140, 20.0, 28, ABplapaapp, -141, 28579, 32237, 1128, , 28579, 25000, 28098, 28172, 0, 
308, 1, 87, 282, -1, 485, 149, 15.3, 24, Capappp, 247, 29273, 20608, 704, , 29273, 25000, 29190, 29192, 0, 
309, 1, 529, 5, -1, 156, 169, 11.6, 22, ABalaaaalpp, 187, 27441, 15696, 572, , 27441, 25000, 28118, 28132, 0, 
310, 1, 171, 495, -1, 464, 253, 6.0, 23, ABprppppapa, 210, 35939, 18401, 512, , 35939, 25000, 34098, 34356, 0, 
311, 1, 330, 155, -1, 129, 238, 10.6, 23, ABalaaaarra, 187, 25834, 16534, 640, , 25834, 25000, 27776, 28025, 0, 
312, 1, 133, 330, -1, 237, 217, 5.9, 23, ABarappaapa, 229, 35627, 17671, 496, , 35627, 25000, 37322, 37256, 0, 
313, 1, 411, 389, -1, 515, 265, 8.5, 26, Cppappp, 185, 28456, 25497, 896, , 28456, 25000, 29424, 29565, 0, 
314, 1, 7, 257, -1, 311, 242, 20.1, 25, ABaraapapap, 204, 28519, 19621, 688, , 28519, 25000, 28727, 28730, 0, 
315, 1, 53, 63, -1, 295, 220, 20.3, 24, ABaraapapaa, 139, 27447, 19323, 704, , 27447, 25000, 28272, 28448, 0, 
316, 1, 237, 542, -1, 152, 224, 20.0, 22, ABalapappap, 324, 27831, 10687, 384, , 27831, 25000, 27907, 28102, 0, 
317, 1, 342, 310, -1, 494, 363, 20.6, 28, Cpppaap, 244, 26966, 26642, 988, , 26966, 25000, 28567, 28651, 0, 
318, 1, 413, 122, -1, 455, 225, 15.8, 31, Z3, 295, 27853, 40777, 1464, , 27853, 25000, 28677, 28672, 0, 
319, 1, 184, 22, -1, 280, 167, 26.4, 32, ABplaaappp, 325, 30530, 45306, 1484, , 30530, 25000, 29653, 29752, 0, 
320, 1, 424, 135, -1, 485, 160, 7.8, 23, ABplpppapaa, 192, 28867, 15588, 540, , 28867, 25000, 30118, 30237, 0, 
321, 1, 407, 460, -1, 179, 243, 16.9, 23, ABaraapaaaa, 225, 28446, 14109, 496, , 28446, 25000, 27666, 27615, 0, 
322, 1, 509, 593, -1, 219, 143, 11.8, 24, ABplpaaapaa, 65, 29973, 19662, 656, , 29973, 25000, 27825, 27767, 0, 
323, 1, 110, 333, -1, 550, 177, 9.3, 24, ABplppppppp, -15, 28197, 19851, 704, , 28197, 25000, 29088, 29095, 0, 
324, 1, 225, 384, -1, 320, 302, 22.9, 23, MSpaaapaa, 210, 28046, 13911, 496, , 28046, 25000, 28597, 28377, 0, 
325, 1, 495, 354, -1, 528, 294, 19.4, 29, Eprap, 269, 28672, 33145, 1156, , 28672, 25000, 29194, 29165, 0, 
326, 1, 452, 524, -1, 135, 220, 18.0, 22, ABalapappaa, 176, 26328, 10110, 384, , 26328, 25000, 28031, 27807, 0, 
327, 1, 139, 491, -1, 365, 369, 8.9, 28, ABpraapppp, 381, 27926, 30384, 1088, , 27926, 25000, 29100, 29104, 0, 
328, 1, 54, 474, -1, 467, 326, 8.0, 22, ABprppapapp, 204, 29563, 11352, 384, , 29563, 25000, 29961, 29947, 0, 
329, 1, 593, 594, -1, 186, 146, 11.8, 23, ABalppaaapp, 184, 29148, 15740, 540, , 29148, 25000, 27868, 27809, 0, 
330, 1, 365, 380, -1, 546, 337, 16.3, 26, Cppapap, 110, 28286, 24213, 856, , 28286, 25000, 29203, 29224, 0, 
331, 1, 440, 426, -1, 545, 169, 18.8, 25, Cappapa, 280, 27107, 19083, 704, , 27107, 25000, 29240, 29136, 0, 
332, 1, 234, 530, -1, 271, 352, 21.4, 28, MSpppppa, 206, 26787, 26466, 988, , 26787, 25000, 27954, 28089, 0, 
333, 1, 395, 26, -1, 326, 152, 17.0, 23, Daapa, 191, 28314, 14497, 512, , 28314, 25000, 29126, 29234, 0, 
334, 1, 456, 211, -1, 205, 210, 12.5, 24, ABalpaaaaaa, 202, 27863, 21399, 768, , 27863, 25000, 28021, 27718, 0, 
335, 1, 134, 455, -1, 434, 167, 25.4, 28, ABplappapa, 283, 28096, 27759, 988, , 28096, 25000, 28694, 28661, 0, 
336, 1, 367, 373, -1, 457, 193, 11.3, 23, ABplppppaaa, 189, 29541, 17488, 592, , 29541, 25000, 28610, 28572, 0, 
337, 1, 124, 343, -1, 128, 214, 22.2, 23, ABplaapaaap, 234, 30606, 16527, 540, , 30606, 25000, 28603, 28715, 0, 
338, 1, 258, 430, -1, 294, 292, 23.2, 23, MSaaaapap, -2, 29715, 16046, 540, , 29715, 25000, 29594, 29907, 0, 
339, 1, 108, 149, -1, 441, 176, 10.6, 24, ABplpppaaaa, 203, 27874, 19512, 700, , 27874, 25000, 28778, 28931, 0, 
340, 1, 208, 320, -1, 322, 291, 14.7, 24, ABaraappppp, 148, 27936, 19667, 704, , 27936, 25000, 28726, 28866, 0, 
341, 1, 313, 371, -1, 282, 208, 15.3, 24, ABalpapppap, 199, 30271, 21311, 704, , 30271, 25000, 28316, 28440, 0, 
342, 1, 363, 423, -1, 456, 173, 15.5, 23, MSpappaa, 193, 28883, 18254, 632, , 28883, 25000, 29580, 29803, 0, 
343, 1, 550, 555, -1, 409, 372, 17.5, 25, Dppap, 171, 28875, 22176, 768, , 28875, 25000, 28872, 28949, 0, 
344, 1, 445, 452, -1, 405, 312, 7.8, 22, ABprppapaaa, 218, 29381, 14573, 496, , 29381, 25000, 28842, 29132, 0, 
345, 1, 57, 10, -1, 561, 316, 14.2, 25, Cpppapa, -265, 27443, 19320, 704, , 27443, 25000, 28263, 28335, 0, 
346, 1, 30, 209, -1, 396, 242, 7.3, 23, ABprppaappa, 177, 29022, 17181, 592, , 29022, 25000, 30799, 31227, 0, 
347, 1, 502, 378, -1, 557, 354, 13.1, 28, ABprapapaa, 58, 27308, 29711, 1088, , 27308, 25000, 27873, 27902, 0, 
348, 1, 536, 422, -1, 368, 201, 11.8, 22, ABplpapappa, 173, 27270, 13526, 496, , 27270, 25000, 28131, 28299, 0, 
349, 1, 498, 91, -1, 156, 156, 14.1, 23, ABalppaaapa, 200, 26752, 13269, 496, , 26752, 25000, 27571, 27601, 0, 
350, 1, 174, 230, -1, 275, 179, 21.5, 24, ABplaapapap, 215, 28378, 21794, 768, , 28378, 25000, 28371, 28702, 0, 
351, 1, 165, 290, -1, 316, 368, 9.3, 24, ABprpaappap, 208, 29813, 20988, 704, , 29813, 25000, 29011, 29007, 0, 
352, 1, 215, 213, -1, 278, 345, 18.0, 24, MSpppaaa, 192, 28148, 17114, 608, , 28148, 25000, 27994, 28063, 0, 
353, 1, 236, 172, -1, 238, 340, 6.8, 25, ABprpaapapp, 192, 32797, 23089, 704, , 32797, 25000, 34976, 35609, 0, 
354, 1, 273, 240, -1, 255, 216, 20.1, 23, ABalpaapapp, 227, 28284, 14029, 496, , 28284, 25000, 28187, 27798, 0, 
355, 0, 102, -1, -1, 345, 298, 4.8, 22, , 190, 3634, 20189, 496, , 40704, 25000, 36911, 37070, 0, 
356, 1, 286, 185, -1, 190, 252, 18.9, 23, ABaraapaaap, 204, 28702, 14236, 496, , 28702, 25000, 27594, 27367, 0, 
357, 0, 149, -1, -1, 236, 181, 16.6, 22, , 167, 675, 17027, 572, , 29767, 25000, 28959, 29092, 0, 
358, 1, 275, 221, -1, 273, 286, 8.0, 22, ABprpaaappp, 82, 27831, 10687, 384, , 27831, 25000, 28197, 28362, 0, 
359, 1, 291, 77, -1, 390, 222, 9.3, 24, ABprpappapp, 215, 28354, 19961, 704, , 28354, 25000, 29208, 29266, 0, 
360, 1, 347, 461, -1, 451, 228, 9.8, 22, ABplpappppa, 226, 28714, 14242, 496, , 28714, 25000, 29101, 29025, 0, 
361, 1, 538, 18, -1, 362, 298, 7.9, 22, ABprppaapap, 177, 29976, 13909, 464, , 29976, 25000, 29519, 29692, 0, 
362, 1, 542, 36, -1, 364, 282, 26.4, 32, Cpaaaa, 325, 27912, 41422, 1484, , 27912, 25000, 28830, 28866, 0, 
363, 1, 294, 196, -1, 446, 273, 6.1, 23, ABprpppaaaa, 244, 33183, 16459, 496, , 33183, 25000, 33514, 33310, 0, 
364, 1, 346, 20, -1, 109, 277, 19.4, 23, ABarpaaaaar, 211, 27861, 17831, 640, , 27861, 25000, 28058, 28110, 0, 
365, 1, 193, 136, -1, 303, 211, 25.0, 24, ABplapaaaap, 81, 27301, 16599, 608, , 27301, 25000, 29544, 29516, 0, 
366, 1, 238, 165, -1, 485, 188, 16.6, 25, ABplpppppaa, 222, 28606, 23800, 832, , 28606, 25000, 29199, 29208, 0, 
367, 1, 326, 1, -1, 255, 253, 11.7, 25, ABarapapaap, 65, 27654, 21128, 764, , 27654, 25000, 27888, 27738, 0, 
368, 1, 430, 424, -1, 139, 186, 11.9, 22, ABalaaaalpa, 192, 27073, 12562, 464, , 27073, 25000, 28134, 28173, 0, 
369, 1, 356, 576, -1, 242, 119, 16.1, 23, ABplpaapapp, 184, 27504, 13642, 496, , 27504, 25000, 28163, 28291, 0, 
370, 1, 190, 167, -1, 315, 225, 8.5, 24, ABplpappaaa, 167, 28736, 22069, 768, , 28736, 25000, 29626, 29792, 0, 
371, 1, 460, 442, -1, 331, 268, 24.7, 28, MSappppp, -246, 28651, 30485, 1064, , 28651, 25000, 29601, 29624, 0, 
372, 1, 449, 96, -1, 160, 151, 21.0, 24, ABalpppaapd, 196, 27538, 16743, 608, , 27538, 25000, 27832, 27778, 0, 
373, 1, 344, 218, -1, 301, 197, 21.6, 25, MSapapaa, 39, 26936, 22411, 832, , 26936, 25000, 29084, 29159, 0, 
374, 1, 93, 509, -1, 195, 217, 20.4, 23, MSapaaap, 123, 26716, 17098, 640, , 26716, 25000, 28840, 29061, 0, 
375, 1, 42, 190, -1, 354, 173, 9.0, 23, ABplpaaaapa, 226, 29822, 15269, 512, , 29822, 25000, 29476, 29462, 0, 
376, 1, 266, 98, -1, 328, 211, 18.2, 26, MSaapaapa, 187, 30974, 24655, 796, , 30974, 25000, 29656, 29612, 0, 
377, 0, 556, -1, -1, 207, 379, 12.8, 22, , 182, 141, 13477, 496, , 27171, 25000, 27051, 27030, 0, 
378, 1, 314, 85, -1, 528, 225, 17.5, 32, Eplpa, 122, 28323, 40558, 1432, , 28323, 25000, 29552, 29586, 0, 
379, 1, 196, 450, -1, 224, 127, 14.5, 22, ABalpppapad, 198, 29063, 14880, 512, , 29063, 25000, 27548, 27521, 0, 
380, 1, 311, 552, -1, 296, 264, 21.5, 25, MSaaapapa, 178, 29914, 22974, 768, , 29914, 25000, 29197, 29238, 0, 
381, 1, 276, 437, -1, 389, 232, 14.0, 23, MSaappap, 222, 27529, 14095, 512, , 27529, 25000, 28996, 28955, 0, 
382, 1, 459, 410, -1, 334, 240, 13.5, 24, ABalpappapp, 68, 27839, 21380, 768, , 27839, 25000, 28792, 28835, 0, 
383, 1, 158, 308, -1, 157, 281, 8.6, 22, ABalaaapprr, 202, 28423, 16258, 572, , 28423, 25000, 28990, 29235, 0, 
384, 1, 169, 438, -1, 379, 305, 17.6, 37, Earaa, 367, 29216, 68015, 2328, , 29216, 25000, 29369, 29441, 0, 
385, 1, 188, 376, -1, 216, 205, 17.4, 22, ABalpaaapaa, 207, 29135, 16665, 572, , 29135, 25000, 28652, 28582, 0, 
386, 1, 72, 353, -1, 264, 157, 12.6, 25, ABplpaaappp, 197, 27095, 22543, 832, , 27095, 25000, 28572, 28893, 0, 
387, 1, 537, 6, -1, 336, 332, 9.9, 22, Dpapa, 172, 27888, 12940, 464, , 27888, 25000, 29270, 29689, 0, 
388, 1, 69, 298, -1, 311, 142, 14.4, 26, ABplppaaaap, 172, 27457, 22844, 832, , 27457, 25000, 28471, 28625, 0, 
389, 1, 59, 182, -1, 413, 276, 5.7, 24, ABprpaaaapp, 202, 36800, 25907, 704, , 36800, 25000, 35331, 35492, 0, 
390, 1, 33, 8, -1, 347, 264, 8.3, 23, ABprpapapaa, 181, 29329, 17363, 592, , 29329, 25000, 30214, 30721, 0, 
391, 1, 535, 147, -1, 147, 307, 18.2, 23, ABarpapaaaa, -209, 28611, 15450, 540, , 28611, 25000, 27920, 28067, 0, 
392, 1, 223, 538, -1, 369, 352, 12.7, 25, Dppaa, 151, 29457, 22505, 764, , 29457, 25000, 29195, 29240, 0, 
393, 1, 443, 118, -1, 404, 178, 11.7, 22, ABplpaaaapp, 204, 27708, 14519, 524, , 27708, 25000, 27695, 27688, 0, 
394, 1, 107, 24, -1, 136, 249, 12.7, 22, ABalaaaarrp, -264, 27626, 14476, 524, , 27626, 25000, 28290, 28320, 0, 
395, 1, 226, 355, -1, 486, 292, 11.5, 26, ABprpppppaa, 258, 29137, 26107, 896, , 29137, 25000, 28812, 28900, 0, 
396, 1, 298, 39, -1, 552, 146, 12.8, 25, ABplapapppp, 248, 26947, 18971, 704, , 26947, 25000, 28670, 28775, 0, 
397, 1, 511, 79, -1, 166, 226, 10.5, 25, ABaraaappaa, 137, 28130, 21604, 768, , 28130, 25000, 28628, 28831, 0, 
398, 1, 492, 466, -1, 475, 274, 22.1, 32, Eplaa, 314, 27973, 44085, 1576, , 27973, 25000, 28872, 28894, 0, 
399, 1, 462, 458, -1, 461, 210, 12.6, 23, ABplppppaap, 196, 28356, 18148, 640, , 28356, 25000, 28655, 28626, 0, 
400, 1, 396, 58, -1, 422, 170, 14.2, 24, ABplppapapa, 179, 27726, 18188, 656, , 27726, 25000, 28390, 28883, 0, 
401, 1, 114, 150, -1, 452, 148, 12.1, 25, ABplpppaaap, 206, 29222, 20105, 688, , 29222, 25000, 28099, 28070, 0, 
402, 1, 435, 329, -1, 134, 229, 14.9, 22, ABalaaaarlp, 172, 28834, 13379, 464, , 28834, 25000, 27441, 27702, 0, 
403, 1, 180, 145, -1, 306, 130, 9.4, 28, ABplaappap, 280, 28424, 28083, 988, , 28424, 25000, 28250, 28230, 0, 
404, 1, 381, 128, -1, 207, 136, 16.1, 23, ABalpppapav, 116, 25869, 12831, 496, , 25869, 25000, 27792, 27871, 0, 
405, 1, 89, 387, -1, 182, 235, 6.0, 23, ABaraaapppp, 348, 40141, 20552, 512, , 40141, 25000, 39114, 40501, 0, 
406, 1, 256, 319, -1, 231, 175, 9.4, 24, ABalppapppp, 183, 29113, 20379, 700, , 29113, 25000, 29003, 28755, 0, 
407, 1, 485, 254, -1, 286, 268, 14.6, 24, ABarapaappp, 135, 28164, 19715, 700, , 28164, 25000, 28192, 28053, 0, 
408, 1, 26, 420, -1, 510, 262, 22.2, 30, Ealpp, 304, 28365, 37442, 1320, , 28365, 25000, 28818, 28815, 0, 
409, 1, 329, 191, -1, 498, 347, 8.8, 26, ABprappapp, 262, 28555, 22730, 796, , 28555, 25000, 29517, 29482, 0, 
410, 1, 189, 198, -1, 195, 302, 25.6, 28, ABplaaaapp, 206, 31180, 30806, 988, , 31180, 25000, 29807, 30115, 0, 
411, 1, 444, 413, -1, 359, 328, 9.6, 22, Dpapp, 189, 28713, 16424, 572, , 28713, 25000, 28979, 29284, 0, 
412, 1, 467, 131, -1, 459, 169, 8.9, 24, ABplppppapa, 211, 28070, 16954, 604, , 28070, 25000, 28473, 28358, 0, 
413, 1, 21, 86, -1, 231, 264, 13.5, 24, ABarapaapaa, 79, 27755, 21316, 768, , 27755, 25000, 28047, 28234, 0, 
414, 1, 331, 11, -1, 343, 300, 12.2, 26, MSpapaapa, 196, 32142, 25585, 796, , 32142, 25000, 30131, 29963, 0, 
415, 1, 414, 529, -1, 430, 194, 17.2, 25, MSaapppp, 248, 26690, 18790, 704, , 26690, 25000, 28314, 28339, 0, 
416, 1, 68, 37, -1, 292, 336, 14.6, 25, MSppapaa, 258, 27576, 22943, 832, , 27576, 25000, 28362, 28473, 0, 
417, 1, 109, 229, -1, 485, 304, 9.5, 26, MSpappap, 261, 28021, 25107, 896, , 28021, 25000, 29201, 29130, 0, 
418, 1, 310, 332, -1, 365, 209, 19.4, 24, MSaapaapp, 205, 31020, 21714, 700, , 31020, 25000, 30352, 30380, 0, 
419, 1, 488, 212, -1, 243, 167, 19.9, 22, ABalpppppap, 225, 27623, 12817, 464, , 27623, 25000, 28260, 28237, 0, 
420, 1, 210, 316, -1, 238, 239, 12.7, 23, ABarapaaaap, 201, 28057, 16610, 592, , 28057, 25000, 27623, 27821, 0, 
421, 1, 335, 73, -1, 182, 256, 13.9, 23, ABaraaapaaa, 197, 27524, 13652, 496, , 27524, 25000, 27899, 27871, 0, 
422, 1, 37, 520, -1, 143, 219, 11.2, 23, ABalpaapppa, 170, 27235, 14707, 540, , 27235, 25000, 27919, 28222, 0, 
423, 1, 83, 71, -1, 292, 239, 5.6, 25, ABarappapaa, 51, 39659, 32996, 832, , 39659, 25000, 36539, 36738, 0, 
424, 1, 408, 51, -1, 180, 174, 10.7, 23, ABalppapaaa, 213, 27627, 16355, 592, , 27627, 25000, 27763, 27760, 0, 
425, 1, 401, 314, -1, 557, 207, 9.0, 22, ABprppppppp, -22, 28974, 11126, 384, , 28974, 25000, 28396, 28514, 0, 
426, 1, 320, 201, -1, 374, 312, 13.7, 27, MSpapaapp, 333, 29589, 27340, 924, , 29589, 25000, 30114, 29807, 0, 
427, 1, 76, 130, -1, 196, 249, 5.4, 23, ABarapppaap, 77, 39242, 25115, 640, , 39242, 25000, 38926, 39408, 0, 
428, 1, 119, 193, -1, 227, 287, 6.1, 23, ABprpaaapaa, 190, 36486, 18097, 496, , 36486, 25000, 34429, 34966, 0, 
429, 0, 20, -1, -1, 162, 297, 6.9, 23, , 229, -357, 16870, 496, , 34012, 25000, 34019, 34369, 0, 
430, 1, 38, 74, -1, 521, 276, 5.3, 25, ABprappppa, 284, 41819, 31950, 764, , 41819, 25000, 38957, 38649, 0, 
431, 1, 78, 194, -1, 422, 232, 8.6, 24, ABprpapappp, 195, 29217, 20452, 700, , 29217, 25000, 29098, 29237, 0, 
432, 1, 319, 446, -1, 507, 155, 11.3, 25, ABplpppaapa, 203, 27711, 21171, 764, , 27711, 25000, 28423, 28224, 0, 
433, 1, 17, 233, -1, 521, 209, 14.1, 32, Eplpp, 325, 28355, 44687, 1576, , 28355, 25000, 29227, 29325, 0, 
434, 1, 508, 428, -1, 179, 315, 13.3, 23, ABpraaapapa, 229, 27125, 16058, 592, , 27125, 25000, 27571, 27747, 0, 
435, 1, 301, 59, -1, 271, 388, 19.6, 25, ABarpppaaa, 215, 27514, 22892, 832, , 27514, 25000, 27989, 27911, 0, 
436, 1, 373, 440, -1, 111, 209, 16.5, 24, ABalaaaparl, 192, 28025, 21523, 768, , 28025, 25000, 27336, 27284, 0, 
437, 1, 187, 451, -1, 536, 258, 5.4, 24, ABprpppaapp, -240, 40523, 28366, 700, , 40523, 25000, 39416, 39482, 0, 
438, 0, 487, -1, -1, 455, 279, 11.4, 22, , 143, 240, 16360, 572, , 28601, 25000, 28416, 28361, 0, 
439, 1, 8, 443, -1, 443, 304, 7.3, 25, ABprppapapa, -43, 28495, 21770, 764, , 28495, 25000, 31006, 31614, 0, 
440, 1, 220, 248, -1, 212, 336, 21.7, 27, MSppappp, 107, 27355, 25276, 924, , 27355, 25000, 28780, 28929, 0, 
441, 1, 254, 55, -1, 497, 307, 21.2, 30, Earpp, 304, 28008, 36971, 1320, , 28008, 25000, 29102, 29144, 0, 
442, 1, 62, 170, -1, 505, 381, 14.1, 26, ABarpppppa, 264, 26931, 21545, 800, , 26931, 25000, 28044, 28034, 0, 
443, 1, 364, 388, -1, 168, 193, 19.3, 25, ABalppppapa, 218, 27565, 21060, 764, , 27565, 25000, 28481, 28571, 0, 
444, 1, 253, 223, -1, 518, 218, 25.3, 30, Cappaap, 305, 27294, 35701, 1308, , 27294, 25000, 28811, 29005, 0, 
445, 1, 496, 483, -1, 182, 223, 15.3, 23, ABalpaapaaa, 202, 26801, 15866, 592, , 26801, 25000, 28124, 28164, 0, 
446, 1, 142, 478, -1, 536, 187, 25.7, 33, Cpaapp, 334, 28236, 49018, 1736, , 28236, 25000, 28438, 28550, 0, 
447, 1, 394, 281, -1, 264, 130, 20.7, 31, ABalppppppp, 229, 27501, 37621, 1368, , 27501, 25000, 28283, 28314, 0, 
448, 0, 36, -1, -1, 233, 238, 17.9, 23, , 197, 769, 14269, 496, , 28768, 25000, 27935, 27999, 0, 
449, 1, 350, 475, -1, 519, 136, 21.8, 29, ABplapapaa, 295, 27708, 30811, 1112, , 27708, 25000, 29090, 29090, 0, 
450, 1, 429, 224, -1, 331, 174, 7.5, 24, ABalpapapap, 220, 30303, 23273, 768, , 30303, 25000, 31670, 31824, 0, 
451, 1, 338, 379, -1, 266, 216, 11.8, 24, ABalpappppa, 243, 28928, 18977, 656, , 28928, 25000, 28676, 28833, 0, 
452, 1, 99, 425, -1, 372, 253, 9.5, 23, ABprpapappa, -63, 28538, 18036, 632, , 28538, 25000, 29242, 29504, 0, 
453, 1, 214, -1, -1, 276, 212, 5.2, 24, ABarappaapp, 38, 37925, 24879, 656, , 37925, 25000, 36173, 36831, 0, 
454, 1, 206, 459, -1, 500, 254, 10.4, 25, ABprpppppap, 193, 28647, 23834, 832, , 28647, 25000, 28741, 28950, 0, 
455, 0, 532, -1, -1, 498, 177, 6.0, 22, , 146, 2365, 14264, 384, , 37146, 25000, 35404, 34781, 0, 
456, 1, 437, 181, -1, 433, 274, 21.0, 32, Ealap, -6, 28385, 48481, 1708, , 28385, 25000, 29075, 29162, 0, 
457, 1, 230, 490, -1, 365, 182, 20.8, 23, Dapaa, 230, 29826, 16106, 540, , 29826, 25000, 28978, 28902, 0, 
458, 1, 227, 215, -1, 382, 196, 13.6, 22, ABplppappaa, 67, 29098, 16644, 572, , 29098, 25000, 28089, 28304, 0, 
459, 1, 126, 4, -1, 234, 203, 12.6, 25, ABalpaaaaap, 213, 28192, 23456, 832, , 28192, 25000, 27825, 27956, 0, 
460, 0, 385, -1, -1, 535, 126, 10.6, 22, , 180, 721, 16270, 572, , 28444, 25000, 27658, 27723, 0, 
461, 1, 244, 151, -1, 589, 164, 16.3, 29, Cpapaa, 266, 27912, 29810, 1068, , 27912, 25000, 28095, 28121, 0, 
462, 1, 269, 465, -1, 197, 192, 15.4, 22, MSapaaaa, 326, 27371, 15656, 572, , 27371, 25000, 28270, 28346, 0, 
463, 1, 172, 238, -1, 316, 276, 6.5, 24, ABprpapaapp, 186, 34384, 26407, 768, , 34384, 25000, 34051, 34660, 0, 
464, 1, 168, 295, -1, 433, 235, 12.8, 25, MSapaapp, -310, 28286, 19913, 704, , 28286, 25000, 28212, 28217, 0, 
465, 1, 388, 444, -1, 333, 189, 11.8, 22, ABplpapapaa, 36, 28567, 14169, 496, , 28567, 25000, 29104, 29364, 0, 
466, 1, 161, 406, -1, 405, 355, 25.7, 36, Caaaaa, 368, 29090, 64463, 2216, , 29090, 25000, 28596, 28584, 0, 
467, 1, 441, 119, -1, 397, 266, 10.3, 24, ABprpapppap, -146, 27098, 19077, 704, , 27098, 25000, 29709, 29549, 0, 
468, 1, 386, 207, -1, 446, 327, 11.4, 28, MSpapppp, 235, 26896, 26573, 988, , 26896, 25000, 28685, 28722, 0, 
469, 1, 64, 142, -1, 506, 144, 8.7, 23, ABplpppaapp, 198, 29091, 17222, 592, , 29091, 25000, 29260, 29519, 0, 
470, 1, 270, 348, -1, 344, 271, 11.7, 24, MSpapaaap, 229, 31666, 22293, 704, , 31666, 25000, 31382, 31106, 0, 
471, 1, 432, 488, -1, 402, 363, 21.6, 28, Dpppap, 286, 28328, 27988, 988, , 28328, 25000, 27998, 28026, 0, 
472, 1, 87, 250, -1, 478, 167, 11.0, 24, Capappa, 186, 28160, 17121, 608, , 28160, 25000, 28032, 28091, 0, 
473, 1, 474, 159, -1, 184, 319, 7.0, 23, ABpraaaaaaa, 188, 30518, 15625, 512, , 30518, 25000, 33808, 34031, 0, 
474, 1, 493, 92, -1, 256, 349, 9.7, 24, ABprpaapaap, 202, 29331, 20649, 704, , 29331, 25000, 28585, 28835, 0, 
475, 1, 357, 43, -1, 371, 203, 24.6, 28, ABarppaapp, 275, 29537, 29183, 988, , 29537, 25000, 29349, 29378, 0, 
476, 1, 31, 462, -1, 338, 335, 25.4, 32, ABarppaapa, 321, 28387, 42127, 1484, , 28387, 25000, 28684, 28711, 0, 
477, 1, 434, 65, -1, 341, 236, 24.7, 27, Daaap, 184, 28871, 26677, 924, , 28871, 25000, 29187, 29108, 0, 
478, 1, 261, 13, -1, 208, 334, 6.6, 24, ABpraaaapad, 222, 31847, 22293, 700, , 31847, 25000, 35715, 36995, 0, 
479, 1, 251, 293, -1, 502, 240, 5.1, 24, ABprpppapaa, 100, 37103, 22410, 604, , 37103, 25000, 36779, 36910, 0, 
480, 1, 154, 202, -1, 325, 249, 7.8, 22, ABprpapppaa, 135, 28536, 14154, 496, , 28536, 25000, 29650, 29055, 0, 
481, 1, 427, 449, -1, 262, 187, 6.1, 23, ABalpapaaap, 211, 37125, 18414, 496, , 37125, 25000, 37171, 38423, 0, 
482, 1, 263, 286, -1, 508, 159, 18.5, 26, Capaapp, 199, 26607, 23840, 896, , 26607, 25000, 28917, 28925, 0, 
483, 1, 135, 301, -1, 212, 333, 24.8, 27, ABarpapapp, 270, 28976, 25151, 868, , 28976, 25000, 29936, 29971, 0, 
484, 1, 469, 334, -1, 581, 189, 11.3, 27, Cpappv, 236, 28619, 26444, 924, , 28619, 25000, 28887, 29090, 0, 
485, 1, 454, 23, -1, 134, 196, 18.8, 23, ABalapaaapa, 376, 28939, 15627, 540, , 28939, 25000, 28084, 28224, 0, 
486, 1, 100, 416, -1, 488, 194, 23.5, 27, Capapaa, 241, 27664, 24787, 896, , 27664, 25000, 28620, 28633, 0, 
487, 1, 526, 222, -1, 233, 195, 6.8, 23, ABalpapaapp, 186, 37039, 20001, 540, , 37039, 25000, 34984, 35209, 0, 
488, 0, 461, -1, -1, 215, 281, 4.4, 24, , 184, 101, 26730, 700, , 38186, 25000, 37857, 38085, 0, 
489, 1, 528, 246, -1, 240, 214, 17.9, 22, ABalpaaapap, 187, 26677, 12378, 464, , 26677, 25000, 28188, 28330, 0, 
490, 1, 547, 270, -1, 207, 134, 13.1, 22, ABalpppaaap, 170, 26879, 12472, 464, , 26879, 25000, 28516, 27933, 0, 
491, 1, 524, 344, -1, 197, 313, 16.0, 25, MSppaaap, 555, 28216, 21557, 764, , 28216, 25000, 27617, 27791, 0, 
492, 1, 205, 421, -1, 471, 390, 20.5, 30, Caaaap, 304, 27320, 33658, 1232, , 27320, 25000, 28570, 28617, 0, 
493, 1, 468, 472, -1, 199, 165, 9.0, 23, ABalppapaap, 179, 27902, 14286, 512, , 27902, 25000, 28026, 28034, 0, 
494, 1, 549, 599, -1, 197, 329, 18.5, 23, ABarpapaapp, 211, 28381, 17937, 632, , 28381, 25000, 27771, 27860, 0, 
495, 1, 56, 219, -1, 409, 185, 20.5, 24, Capaaaa, 244, 26781, 20568, 768, , 26781, 25000, 28219, 28278, 0, 
496, 1, 162, 468, -1, 317, 214, 6.2, 22, ABprpappaap, 222, 35446, 17581, 496, , 35446, 25000, 33893, 34053, 0, 
497, 1, 489, 541, -1, 191, 162, 16.6, 22, ABalapaapaa, 79, 28815, 16482, 572, , 28815, 25000, 28097, 28309, 0, 
498, 1, 280, 419, -1, 479, 222, 12.3, 23, ABprpappppp, 195, 28785, 17041, 592, , 28785, 25000, 28597, 28590, 0, 
499, 1, 519, 489, -1, 518, 333, 6.7, 26, ABprapapap, 260, 30967, 26508, 856, , 30967, 25000, 34740, 35047, 0, 
500, 1, 518, 454, -1, 482, 356, 13.3, 25, Cppaapa, 214, 28572, 21829, 764, , 28572, 25000, 28802, 28764, 0, 
501, 1, 530, 432, -1, 262, 272, 4.9, 23, ABalaapappp, 204, 41403, 20536, 496, , 41403, 25000, 37895, 37792, 0, 
502, 1, 285, 398, -1, 361, 280, 9.0, 22, ABprpapapap, 183, 29099, 11174, 384, , 29099, 25000, 29264, 29472, 0, 
503, 1, 15, 247, -1, 530, 329, 11.9, 26, Cppaapp, 257, 28066, 22453, 800, , 28066, 25000, 28815, 28798, 0, 
504, 1, 106, 436, -1, 323, 354, 22.0, 26, MSpppppp, 262, 27665, 23571, 852, , 27665, 25000, 28303, 28377, 0, 
505, 1, 374, 16, -1, 200, 168, 12.5, 23, ABalppappap, 199, 26748, 16905, 632, , 26748, 25000, 27355, 27447, 0, 
506, 1, 466, 391, -1, 277, 172, 10.7, 22, ABplpapaapa, 242, 28887, 15137, 524, , 28887, 25000, 28405, 28565, 0, 
507, 1, 473, 324, -1, 263, 317, 4.9, 23, ABpraappaa, 204, 38696, 19193, 496, , 38696, 25000, 39894, 40177, 0, 
508, 1, 500, 144, -1, 208, 157, 23.0, 22, ABplaapaapp, 10, 27130, 10418, 384, , 27130, 25000, 28622, 28582, 0, 
509, 1, 2, 453, -1, 158, 209, 22.7, 22, ABalapapppa, -145, 26134, 13694, 524, , 26134, 25000, 28016, 28087, 0, 
510, 1, 4, 409, -1, 292, 185, 9.8, 21, ABplpapaaaa, 54, 29301, 12541, 428, , 29301, 25000, 28782, 29043, 0, 
511, 1, 287, 447, -1, 527, 159, 11.9, 23, ABplapppapp, 450, 29563, 14663, 496, , 29563, 25000, 27958, 28099, 0, 
512, 1, 415, 111, -1, 278, 204, 13.5, 28, ABalpappppp, 53, 27669, 29883, 1080, , 27669, 25000, 28673, 28499, 0, 
513, 1, 521, 507, -1, 497, 205, 8.3, 22, Caapaa, 274, 27296, 14303, 524, , 27296, 25000, 29488, 29580, 0, 
514, 1, 337, 75, -1, 345, 362, 17.9, 28, Dpaap, -38, 27699, 30136, 1088, , 27699, 25000, 28666, 28692, 0, 
515, 1, 546, 499, -1, 217, 161, 7.5, 22, ABalppaappa, 63, 28625, 14656, 512, , 28625, 25000, 30659, 31031, 0, 
516, 1, 494, -1, -1, 234, 207, 10.7, 23, ABalpaaaapp, 249, 27111, 16050, 592, , 27111, 25000, 28282, 28581, 0, 
517, 1, 544, 187, -1, 482, 278, 5.9, 23, ABprpppaaap, -33, 33700, 16715, 496, , 33700, 25000, 34075, 34543, 0, 
518, 1, 545, 565, -1, 334, 259, 19.5, 22, MSaaapapp, 333, 28229, 14453, 512, , 28229, 25000, 28300, 28427, 0, 
519, 1, 470, 467, -1, 126, 295, 19.6, 23, ABarpaaapaa, 416, 26789, 17145, 640, , 26789, 25000, 27517, 27574, 0, 
520, 1, 520, 33, -1, 184, 202, 9.5, 23, ABalpaappap, 200, 27516, 17390, 632, , 27516, 25000, 29078, 29367, 0, 
521, 1, 465, 511, -1, 263, 234, 6.3, 24, ABarappaaap, 360, 33188, 23364, 704, , 33188, 25000, 35290, 35257, 0, 
522, 1, 503, 186, -1, 160, 170, 18.3, 23, ABalapaappp, -60, 29326, 17361, 592, , 29326, 25000, 28779, 28747, 0, 
523, 1, 507, 134, -1, 152, 260, 10.3, 26, ABalaapaaa, 71, 27256, 23331, 856, , 27256, 25000, 28704, 28875, 0, 
524, 1, 512, 535, -1, 260, 362, 18.7, 22, MSppppap, -174, 29819, 15625, 524, , 29819, 25000, 28363, 28442, 0, 
525, 1, 534, 532, -1, 160, 184, 16.0, 22, ABalapaappa, 83, 28161, 10814, 384, , 28161, 25000, 28443, 28446, 0, 
526, 1, 539, 559, -1, 216, 325, 7.9, 22, ABpraaaapav, -2, 30414, 14112, 464, , 30414, 25000, 30053, 30071, 0, 
527, 1, 51, 372, -1, 170, 313, 20.7, 24, ABalapppapp, 61, 28192, 19847, 704, , 28192, 25000, 29023, 29169, 0, 
528, 1, 197, 500, -1, 148, 190, 23.0, 24, ABalapaaapp, 79, 27002, 16417, 608, , 27002, 25000, 27855, 27977, 0, 
529, 1, 176, 369, -1, 133, 260, 8.5, 26, ABalaapaapa, 116, 27569, 24702, 896, , 27569, 25000, 27915, 27983, 0, 
530, 0, 45, -1, -1, 211, 161, 25.4, 29, , 54, 0, 0, 0, , 0, 0, 0, 0, 0, 
531, 1, 423, 54, -1, 197, 227, 17.3, 23, ABalpaapaap, 266, 28772, 17033, 592, , 28772, 25000, 27374, 27374, 0, 
532, 1, 554, 515, -1, 298, 167, 11.6, 22, ABplpapaapp, 96, 27813, 15909, 572, , 27813, 25000, 28317, 28484, 0, 
533, 1, 517, 32, -1, 262, 312, 19.8, 27, MSpaaaapp, 429, 28796, 24995, 868, , 28796, 25000, 28591, 28823, 0, 
534, 1, 104, 573, -1, 458, 298, 7.4, 24, ABprppapppa, 193, 29756, 20829, 700, , 29756, 25000, 30279, 30615, 0, 
535, 1, 504, 278, -1, 277, 148, 10.1, 19, ABplpaapppp, 72, 26172, 6700, 256, , 26172, 25000, 28418, 28427, 0, 
536, 1, 321, 14, -1, 153, 265, 7.0, 22, ABalaapaapp, -2, 28523, 10953, 384, , 28523, 25000, 32224, 33218, 0, 
537, 0, 481, -1, -1, 226, 314, 12.3, 22, , 305, -195, 14349, 524, , 27384, 25000, 27374, 27579, 0, 
538, 1, 262, 241, -1, 488, 212, 27.3, 33, Cpaapa, 333, 27685, 48062, 1736, , 27685, 25000, 28462, 28549, 0, 
539, 1, 359, 429, -1, 404, 218, 10.7, 20, ABplpapappp, 308, 27245, 10026, 368, , 27245, 25000, 29540, 29680, 0, 
540, 0, 463, -1, -1, 222, 142, 10.0, 22, , 416, 1981, 11246, 384, , 29286, 25000, 27408, 27305, 0, 
541, 1, 419, 93, -1, 171, 288, 11.4, 22, ABalaappppa, 352, 27848, 15929, 572, , 27848, 25000, 27808, 27844, 0, 
542, 0, 450, -1, -1, 177, 146, 14.2, 22, , 416, -1313, 13448, 496, , 27113, 25000, 28453, 28426, 0, 
543, 1, 393, 550, -1, 602, 227, 12.4, 27, Caappd, 584, 27610, 27279, 988, , 27610, 25000, 28009, 28019, 0, 
544, 1, 600, 340, -1, 140, 275, 16.5, 23, ABalapppaap, 28, 28060, 17734, 632, , 28060, 25000, 28074, 28022, 0, 
545, 1, 513, 21, -1, 353, 156, 17.2, 25, Daapp, -68, 28040, 19740, 704, , 28040, 25000, 29033, 29017, 0, 
546, 1, 74, 214, -1, 330, 352, 13.4, 23, Dpaaa, 334, 28278, 18098, 640, , 28278, 25000, 28131, 28183, 0, 
547, 1, 515, 540, -1, 202, 270, 20.5, 23, MSaaaaapa, 25, 26722, 16888, 632, , 26722, 25000, 27518, 27459, 0, 
548, 1, 553, 94, -1, 143, 308, 22.8, 27, ABarpapapa, 200, 27802, 24132, 868, , 27802, 25000, 28681, 28697, 0, 
549, 1, 425, 546, -1, 293, 338, 10.5, 23, MSppppaa, 573, 31193, 19714, 632, , 31193, 25000, 28599, 28666, 0, 
550, 1, 557, 88, -1, 339, 284, 19.8, 22, MSaaaappp, -171, 27397, 13589, 496, , 27397, 25000, 28470, 28560, 0, 
551, 1, 555, 518, -1, 472, 196, 18.8, 22, MSappaap, 229, 28413, 14093, 496, , 28413, 25000, 28771, 28541, 0, 
552, 1, 559, 551, -1, 353, 176, 13.4, 22, ABplpapapap, 170, 28016, 16025, 572, , 28016, 25000, 28645, 28998, 0, 
553, 1, 22, 360, -1, 229, 168, 18.4, 25, ABalpppppaa, 226, 28460, 23679, 832, , 28460, 25000, 28495, 28429, 0, 
554, 1, 560, 498, -1, 434, 367, 22.2, 31, Dpppp, 311, 27658, 40491, 1464, , 27658, 25000, 28677, 28624, 0, 
555, 1, 552, 547, -1, 191, 241, 11.8, 22, ABaraaaaapa, 271, 30313, 15035, 496, , 30313, 25000, 28022, 28088, 0, 
556, 1, 599, 549, -1, 167, 330, 16.6, 22, ABalapppppa, -28, 27404, 15675, 572, , 27404, 25000, 27608, 27920, 0, 
557, 1, 533, 272, -1, 330, 405, 16.8, 22, ABarpppaap, 128, 26925, 13355, 496, , 26925, 25000, 28170, 28170, 0, 
558, 1, 561, 556, -1, 315, 175, 14.0, 22, MSappapp, 153, 27065, 10393, 384, , 27065, 25000, 28290, 28356, 0, 
559, 1, 563, 557, -1, 319, 232, 23.0, 23, MSappaaa, 176, 31426, 16090, 512, , 31426, 25000, 29393, 29564, 0, 
560, 1, 564, 558, -1, 280, 305, 19.0, 22, MSpaapaaa, 167, 28120, 10798, 384, , 28120, 25000, 29204, 29133, 0, 
561, 1, 565, 560, -1, 222, 353, 16.0, 22, ABpraaaappp, -184, 27141, 10422, 384, , 27141, 25000, 27720, 27695, 0, 
562, 1, 566, 561, -1, 296, 246, 8.0, 22, ABprpapaaaa, 198, 27669, 10625, 384, , 27669, 25000, 29146, 29138, 0, 
563, 1, 567, 562, -1, 324, 263, 7.0, 21, ABprpapaaap, 186, 30495, 11710, 384, , 30495, 25000, 32647, 32726, 0, 
564, 1, 568, 563, -1, 226, 311, 20.0, 24, MSpaaaapa, 548, 27283, 16588, 608, , 27283, 25000, 28434, 28416, 0, 
565, 1, 61, 548, -1, 282, 266, 24.900002, 23, MSappppa, 180, 28359, 14066, 496, , 28359, 25000, 28139, 28142, 0, 
566, 1, 569, 567, -1, 270, 237, 22.0, 22, MSapppap, -72, 28495, 10942, 384, , 28495, 25000, 27901, 28206, 0, 
567, 1, 570, 566, -1, 344, 223, 19.0, 24, MSaapappa, -152, 30276, 18408, 608, , 30276, 25000, 30829, 30357, 0, 
568, 1, 571, 564, -1, 274, 240, 21.0, 22, MSaaapaap, 158, 27125, 10416, 384, , 27125, 25000, 28453, 28556, 0, 
569, 1, 572, 568, -1, 315, 305, 18.0, 24, MSpaapapa, 257, 27301, 16599, 608, , 27301, 25000, 28869, 28943, 0, 
570, 1, 573, 569, -1, 316, 317, 10.0, 22, MSpppapp, 134, 28651, 11002, 384, , 28651, 25000, 28601, 28591, 0, 
571, 1, 95, 271, -1, 537, 271, 16.7, 32, Eprpa, 324, 28101, 44512, 1584, , 28101, 25000, 29589, 29695, 0, 
572, 1, 166, 570, -1, 351, 353, 22.0, 26, Dpppaa, 175, 26879, 22901, 852, , 26879, 25000, 28524, 28659, 0, 
573, 1, 574, 571, -1, 288, 206, 7.0, 22, ABprpappaaa, 316, 29974, 11510, 384, , 29974, 25000, 31613, 31283, 0, 
574, 1, 575, 572, -1, 360, 216, 9.0, 25, ABplpappaap, 152, 27469, 20986, 764, , 27469, 25000, 28900, 28999, 0, 
575, 1, 576, 575, -1, 509, 197, 6.0, 24, ABprpppapap, 4, 36975, 22481, 608, , 36975, 25000, 37474, 38287, 0, 
576, 1, 577, 537, -1, 440, 153, 13.325, 24, ABplppapppp, 228, 27872, 17838, 640, , 27872, 25000, 28280, 27865, 0, 
577, 0, 578, -1, -1, 350, 200, 8.0, 22, , -7, -206, 15639, 524, , 29845, 25000, 30284, 30051, 0, 
578, 1, 579, 578, -1, 230, 290, 16.0, 24, ABaraaapapa, 136, 27283, 16588, 608, , 27283, 25000, 28422, 28681, 0, 
579, 1, 580, 579, -1, 270, 233, 5.0, 22, ABarapppapp, 199, 39773, 15273, 384, , 39773, 25000, 37168, 36559, 0, 
580, 1, 581, 580, -1, 202, 297, 10.0, 22, ABalaapppaa, 127, 27477, 10551, 384, , 27477, 25000, 27677, 27887, 0, 
581, 1, 582, 581, -1, 224, 268, 5.0, 22, ABalaapappa, 326, 37646, 14456, 384, , 37646, 25000, 38014, 37809, 0, 
582, 1, 583, 582, -1, 187, 285, 5.0, 22, ABalaappapp, 228, 42240, 16220, 384, , 42240, 25000, 43893, 43893, 0, 
583, 1, 584, 583, -1, 162, 309, 8.0, 20, ABalaappapa, 0, 27623, 8729, 316, , 27623, 25000, 29656, 29502, 0, 
584, 1, 585, 586, -1, 183, 338, 17.0, 22, ABalapppppp, 134, 27049, 10387, 384, , 27049, 25000, 28143, 28236, 0, 
585, 1, 586, 584, -1, 160, 287, 20.0, 23, ABalapppapa, 187, 27182, 13917, 512, , 27182, 25000, 29326, 29369, 0, 
586, 1, 587, 585, -1, 144, 289, 13.0, 23, ABalappappa, 84, 27818, 14243, 512, , 27818, 25000, 27794, 28018, 0, 
587, 1, 588, 587, -1, 147, 333, 15.0, 22, ABalappappp, 287, 27167, 10432, 384, , 27167, 25000, 27556, 27445, 0, 
588, 1, 589, 588, -1, 164, 212, 25.0, 22, ABalapapppp, 145, 28589, 10978, 384, , 28589, 25000, 28563, 28448, 0, 
589, 1, 590, 589, -1, 168, 311, 15.0, 26, ABalappapa, 285, 26304, 22411, 852, , 26304, 25000, 27787, 27708, 0, 
590, 1, 591, 590, -1, 137, 249, 16.0, 20, ABalapppaaa, 341, 28987, 9160, 316, , 28987, 25000, 27583, 27627, 0, 
591, 1, 151, 591, -1, 107, 244, 17.0, 22, ABalappaap, -733, 27414, 10527, 384, , 27414, 25000, 27807, 27437, 0, 
592, 1, 592, 592, -1, 149, 256, 21.0, 22, ABalapapapa, -370, 29201, 11213, 384, , 29201, 25000, 28512, 28457, 0, 
593, 1, 594, 595, -1, 224, 187, 23.0, 22, ABalpppappp, -18, 29107, 11177, 384, , 29107, 25000, 28369, 28373, 0, 
594, 1, 595, 574, -1, 489, 189, 6.0, 27, ABplpppapap, 258, 34496, 35600, 1032, , 34496, 25000, 34852, 35412, 0, 
595, 1, 596, 596, -1, 472, 248, 12.0, 24, ABprpappppa, 259, 28919, 17583, 608, , 28919, 25000, 29419, 29468, 0, 
596, 1, 597, 597, -1, 218, 253, 22.0, 23, MSaaapaaa, 214, 28920, 14807, 512, , 28920, 25000, 28081, 28172, 0, 
597, 1, 598, 598, -1, 147, 296, 16.0, 22, ABalappppap, -308, 29112, 11179, 384, , 29112, 25000, 27757, 28242, 0, 
598, 0, -1, -1, -1, 172, 318, 16.0, 22, , -157, 517, 12866, 464, , 27728, 25000, 27243, 27211, 0, 
599, 1, 307, 601, -1, 376, 262, 24.0, 22, Dappaa, 0, 27487, 10555, 384, , 27487, 25000, 28352, 28362, 0, 
600, 1, 601, 602, -1, 139, 280, 15.0, 23, ABalappppaa, 196, 26439, 13537, 512, , 26439, 25000, 28534, 28589, 0, 
