1, 1, 535, 511, -1, 259, 365, 18.0, 22, MSppppap, 188, 28289, 10863, 384, , 28289, 25000, 29090, 28668, 0, 
2, 0, 28, -1, -1, 85, 263, 16.1, 25, , 159, 4744, 22234, 688, , 32317, 25000, 27573, 27573, 0, 
3, 1, 326, 40, -1, 264, 321, 22.6, 25, MSpaaaaap, 82, 27751, 23089, 832, , 27751, 25000, 28129, 28270, 0, 
4, 1, 420, 259, -1, 515, 271, 22.4, 31, Ealpp, 229, 28625, 38128, 1332, , 28625, 25000, 28537, 28567, 0, 
5, 1, 225, 214, -1, 368, 302, 5.4, 25, ABprapaapa, 203, 38478, 32014, 832, , 38478, 25000, 35586, 36028, 0, 
6, 1, 362, 32, -1, 362, 214, 16.4, 26, MSaapapa, 229, 47309, 39361, 832, , 47309, 25000, 31225, 31220, 0, 
7, 1, 52, 300, -1, 354, 158, 22.2, 28, ABplapaaapp, 251, 28935, 30440, 1052, , 28935, 25000, 28517, 28592, 0, 
8, 1, 46, 108, -1, 393, 265, 8.5, 24, ABarappappa, 221, 29523, 22674, 768, , 29523, 25000, 29230, 29585, 0, 
9, 1, 310, 138, -1, 494, 368, 20.2, 27, Cpppaap, 270, 27682, 24028, 868, , 27682, 25000, 28865, 28921, 0, 
10, 1, 92, 196, -1, 253, 347, 9.4, 25, ABprpaapaap, 25, 29673, 24688, 832, , 29673, 25000, 29062, 28827, 0, 
11, 1, 64, 483, -1, 256, 285, 22.4, 24, MSaaaaapp, 1, 28946, 20262, 700, , 28946, 25000, 28767, 28736, 0, 
12, 1, 111, 344, -1, 285, 200, 13.9, 25, ABalpappppp, 258, 27047, 18608, 688, , 27047, 25000, 28059, 28050, 0, 
13, 1, 261, 451, -1, 214, 306, 5.0, 23, ABpraaaaaap, 219, 41959, 21483, 512, , 41959, 25000, 40446, 40766, 0, 
14, 1, 389, 529, -1, 510, 261, 8.4, 25, Cppappp, 191, 28984, 24115, 832, , 28984, 25000, 29505, 29693, 0, 
15, 1, 418, 392, -1, 349, 180, 25.8, 26, ABarppapaa, 264, 29822, 23738, 796, , 29822, 25000, 29545, 29552, 0, 
16, 1, 7, 254, -1, 275, 360, 13.9, 23, ABpraapapap, 130, 27774, 13776, 496, , 27774, 25000, 28555, 28510, 0, 
17, 1, 191, 244, -1, 499, 343, 8.7, 26, ABprappapp, 162, 28715, 24580, 856, , 28715, 25000, 29539, 29579, 0, 
18, 1, 148, 63, -1, 379, 282, 7.2, 25, ABarappappp, 204, 32065, 22574, 704, , 32065, 25000, 31606, 32054, 0, 
19, 1, 60, 80, -1, 109, 231, 20.1, 25, ABplaapaaaa, -339, 28071, 19313, 688, , 28071, 25000, 28338, 28281, 0, 
20, 0, 50, -1, -1, 544, 118, 15.9, 22, , 200, -287, 12840, 464, , 27672, 25000, 28123, 27959, 0, 
21, 1, 407, 377, -1, 264, 346, 11.9, 22, ABpraaappap, 194, 28015, 12999, 464, , 28015, 25000, 28225, 28172, 0, 
22, 1, 124, 304, -1, 291, 158, 13.5, 25, ABplppaaaaa, 130, 28737, 22070, 768, , 28737, 25000, 27782, 27793, 0, 
23, 1, 36, 481, -1, 362, 286, 26.4, 35, Cpaaaa, 315, 28405, 54878, 1932, , 28405, 25000, 28537, 28588, 0, 
24, 1, 479, 544, -1, 322, 177, 10.8, 23, ABplpapaaap, 227, 28963, 15640, 540, , 28963, 25000, 28101, 28175, 0, 
25, 1, 500, 257, -1, 150, 192, 22.6, 24, ABalapaaapp, 172, 28290, 19803, 700, , 28290, 25000, 28176, 28384, 0, 
26, 1, 243, 6, -1, 128, 212, 12.8, 22, ABalaaaarla, 192, 28373, 14073, 496, , 28373, 25000, 27610, 27418, 0, 
27, 1, 306, 226, -1, 294, 295, 8.2, 23, ABprppaaaaa, 227, 28487, 15383, 540, , 28487, 25000, 29156, 29247, 0, 
28, 1, 57, 365, -1, 144, 234, 22.1, 23, ABplaaaaaaa, 363, 25984, 12888, 496, , 25984, 25000, 28993, 29134, 0, 
29, 1, 187, 401, -1, 485, 274, 6.0, 24, ABprpppaaap, 237, 34993, 21276, 608, , 34993, 25000, 33745, 33542, 0, 
30, 1, 360, 325, -1, 231, 159, 18.4, 24, ABalpppppaa, 210, 28614, 20030, 700, , 28614, 25000, 28280, 28300, 0, 
31, 1, 538, 471, -1, 367, 351, 12.1, 24, Dppaa, 189, 28786, 17387, 604, , 28786, 25000, 29229, 29259, 0, 
32, 1, 480, 282, -1, 417, 201, 11.1, 23, ABplppaappp, 188, 27583, 13681, 496, , 27583, 25000, 28511, 28848, 0, 
33, 1, 351, 493, -1, 154, 154, 16.2, 25, ABalaaapall, 200, 27523, 19376, 704, , 27523, 25000, 27846, 27840, 0, 
34, 1, 404, 314, -1, 297, 253, 11.9, 24, ABarapapppp, 206, 27773, 16775, 604, , 27773, 25000, 28673, 28635, 0, 
35, 0, 438, -1, -1, 381, 301, 16.4, 31, , 278, -116, 39921, 1332, , 29971, 25000, 29860, 30087, 0, 
36, 1, 352, 251, -1, 282, 155, 7.0, 23, ABplaappaa, 229, 30428, 15579, 512, , 30428, 25000, 34084, 34881, 0, 
37, 1, 35, 429, -1, 572, 177, 9.4, 24, Caappv, 216, 28476, 19933, 700, , 28476, 25000, 28890, 28869, 0, 
38, 1, 278, 422, -1, 268, 149, 11.1, 24, ABplpaapppp, 248, 27495, 16607, 604, , 27495, 25000, 28811, 29009, 0, 
39, 1, 488, 539, -1, 402, 367, 20.1, 29, Dpppap, 225, 28122, 33971, 1208, , 28122, 25000, 28722, 28801, 0, 
40, 1, 330, 535, -1, 235, 214, 6.6, 22, ABarappaapa, 196, 31196, 17844, 572, , 31196, 25000, 33766, 34448, 0, 
41, 1, 43, 369, -1, 371, 210, 25.0, 27, ABarppaapp, 269, 29816, 30770, 1032, , 29816, 25000, 29333, 29328, 0, 
42, 1, 230, 3, -1, 279, 180, 22.0, 24, ABplaapapap, 237, 27132, 16496, 608, , 27132, 25000, 27687, 27682, 0, 
43, 1, 66, 147, -1, 516, 128, 14.9, 23, ABplapppaaa, -32, 28702, 14236, 496, , 28702, 25000, 28752, 28769, 0, 
44, 1, 399, 132, -1, 424, 285, 8.7, 22, ABprppappap, 208, 29103, 15250, 524, , 29103, 25000, 29521, 29762, 0, 
45, 1, 209, 460, -1, 396, 237, 7.7, 23, ABprppaappa, 196, 29144, 17253, 592, , 29144, 25000, 30398, 30345, 0, 
46, 1, 321, 99, -1, 335, 153, 14.2, 24, ABplppaapap, 492, 27500, 18040, 656, , 27500, 25000, 28225, 28353, 0, 
47, 1, 388, 455, -1, 170, 194, 19.4, 26, ABalppppapa, 6, 29322, 24396, 832, , 29322, 25000, 28320, 28521, 0, 
48, 1, 295, 391, -1, 435, 238, 13.0, 25, MSapaapp, 259, 28166, 21519, 764, , 28166, 25000, 28575, 28611, 0, 
49, 1, 156, 33, -1, 431, 254, 10.5, 23, MSppaapp, 121, 26223, 16573, 632, , 26223, 25000, 28844, 28727, 0, 
50, 1, 483, 255, -1, 187, 223, 15.7, 23, ABalpaapaaa, -54, 29603, 17525, 592, , 29603, 25000, 28357, 28435, 0, 
51, 1, 104, 216, -1, 439, 161, 15.9, 23, ABplppapapp, 105, 28149, 13962, 496, , 28149, 25000, 28565, 28659, 0, 
52, 0, 258, -1, -1, 332, 277, 21.9, 23, , 30, 449, 14172, 496, , 28573, 25000, 28097, 28124, 0, 
53, 1, 11, 43, -1, 345, 302, 12.0, 23, MSpapaapa, 237, 32078, 16424, 512, , 32078, 25000, 30757, 30677, 0, 
54, 1, 257, 9, -1, 315, 244, 20.3, 25, ABaraapapap, 218, 28212, 21554, 764, , 28212, 25000, 28505, 28653, 0, 
55, 1, 286, 207, -1, 507, 161, 19.2, 25, Capaapp, 223, 28276, 19906, 704, , 28276, 25000, 28633, 28633, 0, 
56, 1, 211, 48, -1, 207, 203, 12.5, 26, ABalpaaaaaa, 214, 28415, 25460, 896, , 28415, 25000, 28466, 28473, 0, 
57, 1, 170, 90, -1, 504, 382, 13.6, 27, ABarpppppa, 271, 28325, 27985, 988, , 28325, 25000, 27960, 27989, 0, 
58, 1, 427, 351, -1, 291, 385, 21.6, 30, ABarpaappp, 272, 27244, 31494, 1156, , 27244, 25000, 27566, 27546, 0, 
59, 1, 280, 64, -1, 399, 360, 8.2, 26, ABprapaapp, 84, 28639, 22797, 796, , 28639, 25000, 29954, 30022, 0, 
60, 1, 354, 239, -1, 530, 294, 19.0, 29, Eprap, 297, 29113, 35751, 1228, , 29113, 25000, 29020, 28986, 0, 
61, 0, 169, -1, -1, 566, 245, 6.9, 22, , 192, -1108, 15468, 464, , 33336, 25000, 33800, 34444, 0, 
62, 1, 268, 47, -1, 405, 188, 15.5, 24, ABplppapaap, 203, 29154, 22390, 768, , 29154, 25000, 27997, 27985, 0, 
63, 1, 443, 215, -1, 443, 296, 7.2, 24, ABprppapapa, 226, 30174, 19794, 656, , 30174, 25000, 32220, 33155, 0, 
64, 1, 449, 238, -1, 258, 186, 6.3, 23, ABalpapaaap, 211, 36052, 21343, 592, , 36052, 25000, 36351, 37952, 0, 
65, 1, 548, 299, -1, 269, 276, 25.5, 27, MSappppa, 232, 27479, 24621, 896, , 27479, 25000, 28741, 28750, 0, 
66, 1, 80, 107, -1, 258, 257, 21.8, 26, ABaraapaapp, 249, 28913, 23015, 796, , 28913, 25000, 28576, 28336, 0, 
67, 1, 138, 334, -1, 215, 175, 17.2, 23, ABplpaapaaa, 108, 27230, 14704, 540, , 27230, 25000, 28071, 28278, 0, 
68, 1, 284, 468, -1, 547, 250, 9.4, 25, ABprapppapp, 197, 28862, 24013, 832, , 28862, 25000, 28982, 29099, 0, 
69, 1, 317, 44, -1, 417, 163, 20.3, 26, ABplappaaa, 243, 28661, 24534, 856, , 28661, 25000, 28132, 28135, 0, 
70, 1, 425, 208, -1, 370, 251, 9.9, 22, ABprpapappa, 200, 28071, 13025, 464, , 28071, 25000, 29201, 29234, 0, 
71, 1, 349, 275, -1, 272, 300, 7.0, 22, ABprpaapppa, 121, 28771, 11048, 384, , 28771, 25000, 31724, 32389, 0, 
72, 1, 474, 441, -1, 465, 317, 7.8, 23, ABprppapapp, 199, 29070, 15698, 540, , 29070, 25000, 30228, 30392, 0, 
73, 1, 344, 310, -1, 202, 315, 16.0, 25, MSppaaap, 238, 28154, 21510, 764, , 28154, 25000, 28118, 28037, 0, 
74, 1, 394, 373, -1, 390, 200, 10.7, 24, ABplppaappa, -13, 27835, 19596, 704, , 27835, 25000, 28389, 28114, 0, 
75, 1, 42, 87, -1, 269, 209, 9.3, 23, ABarapapapa, -475, 28338, 16776, 592, , 28338, 25000, 28445, 28544, 0, 
76, 1, 277, 155, -1, 565, 224, 11.6, 26, Cpppppd, 254, 27117, 22561, 832, , 27117, 25000, 28377, 28386, 0, 
77, 1, 185, 181, -1, 195, 254, 19.0, 24, ABaraapaaap, 369, 28933, 17591, 608, , 28933, 25000, 27515, 27751, 0, 
78, 1, 163, 129, -1, 176, 337, 13.5, 24, ABpraapaapa, 55, 28337, 21763, 768, , 28337, 25000, 28568, 29019, 0, 
79, 1, 239, 164, -1, 175, 147, 19.0, 23, ABalpppaapv, 13, 28668, 14678, 512, , 28668, 25000, 27928, 27986, 0, 
80, 1, 127, 189, -1, 486, 120, 13.4, 26, ABplapappa, 241, 27496, 22877, 832, , 27496, 25000, 27989, 27970, 0, 
81, 0, 433, -1, -1, 166, 286, 6.7, 27, , 171, -1601, 32477, 924, , 35148, 25000, 35554, 36749, 0, 
82, 1, 528, 395, -1, 280, 310, 23.9, 22, MSaaaapaa, 171, 26752, 12413, 464, , 26752, 25000, 27865, 27729, 0, 
83, 1, 154, 456, -1, 569, 321, 19.8, 29, Cppppaa, 234, 29030, 32281, 1112, , 29030, 25000, 28581, 28644, 0, 
84, 1, 26, 88, -1, 328, 163, 17.1, 23, Daapa, 231, 28347, 14060, 496, , 28347, 25000, 29047, 29072, 0, 
85, 1, 414, 245, -1, 293, 358, 11.2, 24, ABprpaappaa, 205, 29314, 19230, 656, , 29314, 25000, 27906, 28086, 0, 
86, 1, 485, 274, -1, 611, 254, 15.4, 28, Cpappd, 259, 27798, 27464, 988, , 27798, 25000, 27970, 27955, 0, 
87, 1, 515, 500, -1, 300, 167, 11.6, 22, ABplpapaapp, 162, 28998, 16587, 572, , 28998, 25000, 28228, 28268, 0, 
88, 1, 118, 211, -1, 405, 177, 12.3, 22, ABplpaaaapp, 182, 27504, 14412, 524, , 27504, 25000, 27861, 27979, 0, 
89, 1, 83, 105, -1, 168, 192, 25.2, 26, ABplaaapaa, 258, 27741, 22082, 796, , 27741, 25000, 28686, 28624, 0, 
90, 1, 68, 340, -1, 261, 202, 16.6, 23, ABalpapppaa, 194, 26550, 16992, 640, , 26550, 25000, 28124, 28034, 0, 
91, 1, 182, 180, -1, 414, 270, 6.1, 23, ABprpaaaapp, -89, 34819, 17270, 496, , 34819, 25000, 34270, 34665, 0, 
92, 1, 40, 532, -1, 218, 190, 19.9, 23, ABalppppaad, 194, 28631, 14201, 496, , 28631, 25000, 29032, 29105, 0, 
93, 1, 219, 414, -1, 408, 192, 20.7, 25, Capaaaa, 189, 26839, 20505, 764, , 26839, 25000, 28767, 28726, 0, 
94, 1, 45, 352, -1, 290, 259, 6.8, 22, ABprpapaapa, 196, 30198, 14978, 496, , 30198, 25000, 34024, 33726, 0, 
95, 1, 303, 18, -1, 133, 190, 16.6, 25, ABalaaapalr, 217, 27513, 22891, 832, , 27513, 25000, 27629, 27700, 0, 
96, 1, 189, 219, -1, 257, 180, 8.5, 23, ABalppapapa, 204, 28203, 17824, 632, , 28203, 25000, 29044, 28789, 0, 
97, 0, 112, -1, -1, 173, 275, 21.8, 24, , 201, 4133, 21404, 656, , 32628, 25000, 28500, 28495, 0, 
98, 1, 62, 354, -1, 265, 300, 13.3, 27, ABarapaappa, 92, 28267, 26119, 924, , 28267, 25000, 28164, 28349, 0, 
99, 1, 143, 408, -1, 254, 150, 9.1, 23, ABalppaappp, 208, 28165, 13970, 496, , 28165, 25000, 28109, 27713, 0, 
100, 1, 454, 139, -1, 486, 354, 12.6, 24, Cppaapa, 241, 27874, 19512, 700, , 27874, 25000, 28220, 28226, 0, 
101, 1, 270, 56, -1, 205, 133, 13.3, 22, ABalpppaaap, 182, 28683, 15030, 524, , 28683, 25000, 27885, 27744, 0, 
102, 1, 102, 279, -1, 162, 253, 18.4, 28, MSaaaaaa, 165, 27462, 27132, 988, , 27462, 25000, 27886, 27935, 0, 
103, 1, 183, 396, -1, 290, 275, 11.9, 23, ABarapappap, 26, 29071, 14419, 496, , 29071, 25000, 28835, 28874, 0, 
104, 1, 323, 240, -1, 429, 195, 13.5, 23, ABplppapppa, 306, 29957, 18933, 632, , 29957, 25000, 28459, 28583, 0, 
105, 1, 380, 406, -1, 549, 337, 16.1, 25, Cppapap, 238, 27221, 18728, 688, , 27221, 25000, 28237, 28250, 0, 
106, 1, 358, 165, -1, 447, 199, 21.8, 25, Capaaap, 237, 28330, 19944, 704, , 28330, 25000, 28207, 28183, 0, 
107, 1, 63, 168, -1, 299, 224, 20.6, 25, ABaraapapaa, 108, 27700, 23046, 832, , 27700, 25000, 28373, 28202, 0, 
108, 1, 3, 241, -1, 458, 135, 18.1, 27, ABplappapp, 167, 27550, 25015, 908, , 27550, 25000, 28505, 28503, 0, 
109, 1, 297, 263, -1, 262, 171, 16.2, 24, MSapapap, -28, 27974, 18351, 656, , 27974, 25000, 28940, 28935, 0, 
110, 1, 393, 228, -1, 193, 348, 9.2, 24, ABprpaapapa, -75, 27160, 17817, 656, , 27160, 25000, 28617, 28631, 0, 
111, 1, 279, 536, -1, 235, 206, 9.8, 22, ABalpappapa, -53, 28276, 14025, 496, , 28276, 25000, 28632, 28559, 0, 
112, 0, 338, -1, -1, 268, 207, 5.3, 23, , 333, 425, 22537, 592, , 38069, 25000, 37397, 37644, 0, 
113, 1, 145, 343, -1, 305, 130, 9.5, 30, ABplaappap, 299, 28066, 34577, 1232, , 28066, 25000, 28321, 28340, 0, 
114, 1, 276, 409, -1, 444, 202, 9.5, 23, ABplpapppaa, 209, 29350, 18549, 632, , 29350, 25000, 28757, 28551, 0, 
115, 1, 198, 367, -1, 190, 304, 25.6, 27, ABplaaaapp, 223, 27711, 27378, 988, , 27711, 25000, 29069, 29171, 0, 
116, 1, 369, 294, -1, 134, 261, 8.3, 23, ABalaapaapa, 232, 27539, 16303, 592, , 27539, 25000, 28765, 28670, 0, 
117, 1, 403, 116, -1, 372, 279, 12.0, 25, MSpapapa, 222, 52164, 39853, 764, , 52164, 25000, 33757, 34214, 0, 
118, 1, 175, 297, -1, 277, 398, 14.7, 25, ABarpapppp, 229, 26537, 20274, 764, , 26537, 25000, 28314, 28302, 0, 
119, 1, 423, 498, -1, 457, 173, 16.1, 23, MSpappaa, 200, 28407, 14090, 496, , 28407, 25000, 28255, 28208, 0, 
120, 1, 29, 151, -1, 306, 212, 17.4, 24, ABaraapappa, 226, 28917, 20242, 700, , 28917, 25000, 28743, 28765, 0, 
121, 0, 236, -1, -1, 495, 191, 5.3, 23, , 175, -6, 22394, 592, , 37828, 25000, 37962, 37834, 0, 
122, 0, 115, -1, -1, 225, 168, 22.6, 28, , 209, -1143, 27211, 988, , 27541, 25000, 28621, 28684, 0, 
123, 0, 275, -1, -1, 331, 156, 11.8, 24, , 197, -1217, 18233, 656, , 27794, 25000, 28934, 29011, 0, 
124, 1, 117, 136, -1, 216, 269, 10.6, 25, MSppaaaa, 170, 28012, 23306, 832, , 28012, 25000, 28603, 28589, 0, 
125, 1, 396, 50, -1, 173, 249, 21.9, 22, ABalapapapp, -14, 27177, 12610, 464, , 27177, 25000, 28753, 28540, 0, 
126, 1, 327, 342, -1, 201, 273, 14.4, 24, ABaraaapaap, 199, 26760, 18732, 700, , 26760, 25000, 28704, 28739, 0, 
127, 1, 343, 65, -1, 127, 211, 22.3, 24, ABplaapaaap, 111, 27520, 19374, 704, , 27520, 25000, 28653, 28763, 0, 
128, 1, 368, 356, -1, 241, 160, 13.9, 23, ABplpaaappa, 192, 27228, 13505, 496, , 27228, 25000, 28906, 28767, 0, 
129, 1, 269, 171, -1, 364, 175, 11.4, 23, ABalpapappp, 237, 27673, 17711, 640, , 27673, 25000, 27953, 27939, 0, 
130, 1, 370, 366, -1, 487, 211, 10.5, 23, ABplpappppp, 217, 28085, 17750, 632, , 28085, 25000, 29343, 29596, 0, 
131, 1, 315, 61, -1, 457, 402, 14.2, 27, ABprappapa, 27, 27270, 23670, 868, , 27270, 25000, 28220, 28220, 0, 
132, 1, 376, 283, -1, 218, 205, 17.8, 22, ABalpaaapaa, 183, 29401, 14583, 496, , 29401, 25000, 28106, 28156, 0, 
133, 1, 430, 293, -1, 294, 293, 22.6, 23, MSaaaapap, 227, 28695, 18365, 640, , 28695, 25000, 29063, 29252, 0, 
134, 1, 120, 349, -1, 289, 136, 12.1, 23, ABplpaapppa, 196, 27944, 13860, 496, , 27944, 25000, 28587, 28815, 0, 
135, 1, 508, 220, -1, 235, 261, 6.7, 23, ABarapppppa, 165, 31637, 18729, 592, , 31637, 25000, 33877, 33648, 0, 
136, 1, 439, 89, -1, 210, 270, 24.5, 27, MSapappp, 206, 27440, 24586, 896, , 27440, 25000, 28979, 28996, 0, 
137, 1, 197, 375, -1, 339, 296, 7.1, 25, ABprppaapaa, 194, 30503, 19400, 636, , 30503, 25000, 31536, 31811, 0, 
138, 1, 424, 122, -1, 136, 183, 12.2, 23, ABalaaaalpa, 231, 27007, 14584, 540, , 27007, 25000, 27762, 27641, 0, 
139, 0, -1, -1, -1, 218, 145, 10.7, 26, , 206, 2605, 25702, 856, , 30026, 25000, 27640, 27421, 0, 
140, 1, 319, 423, -1, 227, 176, 10.0, 23, ABalppapppp, 168, 29270, 14986, 512, , 29270, 25000, 28476, 28506, 0, 
141, 1, 106, 160, -1, 209, 182, 9.1, 24, ABalpapaaaa, 199, 27657, 16705, 604, , 27657, 25000, 28487, 28577, 0, 
142, 1, 109, 167, -1, 287, 321, 20.9, 24, MSpaaappa, 223, 27565, 16649, 604, , 27565, 25000, 29093, 29030, 0, 
143, 1, 470, 424, -1, 466, 263, 9.0, 23, ABprppppaaa, 206, 27713, 14189, 512, , 27713, 25000, 29461, 29572, 0, 
144, 1, 220, 192, -1, 261, 361, 24.5, 29, ABarpaappa, 596, 28251, 30511, 1080, , 28251, 25000, 29041, 28957, 0, 
145, 1, 469, 15, -1, 245, 293, 8.4, 23, ABprpaaappa, 177, 28164, 18025, 640, , 28164, 25000, 28916, 29001, 0, 
146, 0, 494, -1, -1, 213, 270, 4.5, 25, , 196, 5318, 32812, 768, , 42724, 25000, 37387, 37406, 0, 
147, 1, 471, 37, -1, 239, 202, 15.0, 27, ABalpappaap, 183, 27132, 28000, 1032, , 27132, 25000, 28116, 28212, 0, 
148, 1, 263, 118, -1, 346, 317, 14.8, 24, MSpapappa, 182, 33088, 21706, 656, , 33088, 25000, 30438, 30308, 0, 
149, 1, 292, 123, -1, 166, 331, 19.7, 24, ABarpapaaap, 222, 27337, 19245, 704, , 27337, 25000, 28359, 28506, 0, 
150, 1, 342, 51, -1, 456, 225, 24.9, 30, Cappaaa, 258, 27723, 37592, 1356, , 27723, 25000, 28294, 28326, 0, 
151, 1, 167, 470, -1, 310, 220, 8.5, 24, ABplpappaaa, 181, 29583, 22720, 768, , 29583, 25000, 28913, 28923, 0, 
152, 1, 24, 521, -1, 136, 248, 13.2, 23, ABalaaaarrp, 58, 28039, 15141, 540, , 28039, 25000, 28664, 28607, 0, 
153, 1, 451, 49, -1, 534, 251, 5.9, 22, ABprpppaapp, -166, 40530, 18806, 464, , 40530, 25000, 37960, 38232, 0, 
154, 1, 298, 150, -1, 309, 141, 15.1, 25, ABplppaaaap, 255, 27145, 18676, 688, , 27145, 25000, 28156, 28097, 0, 
155, 1, 408, 125, -1, 591, 270, 17.2, 27, Cppppap, 277, 28120, 24408, 868, , 28120, 25000, 29279, 29210, 0, 
156, 1, 69, 452, -1, 214, 241, 19.6, 23, ABaraapaapa, -50, 27381, 17524, 640, , 27381, 25000, 28508, 28490, 0, 
157, 1, 417, 276, -1, 411, 357, 12.4, 27, Cppaaaa, 262, 28157, 27819, 988, , 28157, 25000, 29432, 29394, 0, 
158, 1, 252, 191, -1, 216, 240, 24.8, 27, MSapappa, 247, 28805, 25003, 868, , 28805, 25000, 28795, 29126, 0, 
159, 1, 313, 374, -1, 232, 332, 9.0, 24, ABprpaaaaap, 215, 28502, 17329, 608, , 28502, 25000, 28552, 28665, 0, 
160, 1, 153, 36, -1, 392, 145, 20.1, 27, ABplapaapp, 412, 27330, 24816, 908, , 27330, 25000, 27876, 27947, 0, 
161, 1, 123, 319, -1, 524, 310, 10.4, 27, Cppappa, 258, 27649, 27317, 988, , 27649, 25000, 29846, 29944, 0, 
162, 1, 172, 431, -1, 232, 338, 6.4, 24, ABprpaapapp, 199, 32404, 22683, 700, , 32404, 25000, 35163, 36167, 0, 
163, 1, 9, 370, -1, 301, 230, 10.9, 24, ABarapapppa, -33, 30381, 18350, 604, , 30381, 25000, 28480, 28498, 0, 
164, 1, 299, 144, -1, 540, 361, 18.9, 30, Caaapa, 291, 27839, 37750, 1356, , 27839, 25000, 28295, 28307, 0, 
165, 1, 254, 141, -1, 289, 277, 14.6, 24, ABarapaappp, 198, 28343, 19840, 700, , 28343, 25000, 28485, 28395, 0, 
166, 1, 435, 177, 394, 563, 288, 9.3, 27, ABprapppaa, 212, 28263, 26115, 924, , 28263, 25000, 29256, 29301, 0, 
167, 1, 518, 556, -1, 472, 202, 19.0, 23, MSappaap, 235, 27680, 14172, 512, , 27680, 25000, 28539, 28516, 0, 
168, 1, 180, 525, -1, 232, 234, 11.1, 24, ABarapaaapa, 90, 30242, 18266, 604, , 30242, 25000, 28260, 28388, 0, 
169, 1, 77, 362, -1, 389, 222, 9.6, 26, ABprpappapp, 255, 29724, 24730, 832, , 29724, 25000, 28999, 29097, 0, 
170, 1, 309, 156, -1, 461, 314, 19.3, 29, Epraa, 292, 28338, 30265, 1068, , 28338, 25000, 28765, 28822, 0, 
171, 1, 259, 200, -1, 169, 289, 25.3, 26, ABplaaaapa, 144, 28294, 24220, 856, , 28294, 25000, 28935, 29039, 0, 
172, 1, 171, 84, -1, 177, 253, 7.3, 22, ABarapppaaa, 198, 28323, 14841, 524, , 28323, 25000, 31916, 31918, 0, 
173, 1, 466, 100, -1, 478, 279, 22.0, 32, Eplaa, 324, 30021, 51276, 1708, , 30021, 25000, 29008, 29051, 0, 
174, 1, 415, 78, -1, 215, 239, 7.8, 25, ABarappaaaa, 7, 30236, 21286, 704, , 30236, 25000, 30972, 30649, 0, 
175, 1, 168, 264, -1, 200, 130, 19.5, 25, ABplpaapapa, 218, 26996, 20733, 768, , 26996, 25000, 27910, 27963, 0, 
176, 1, 87, 174, -1, 242, 327, 11.4, 22, ABpraaappaa, 224, 27224, 15572, 572, , 27224, 25000, 28409, 28455, 0, 
177, 1, 126, 415, -1, 185, 237, 24.8, 29, ABplaaaaapp, 209, 27273, 30328, 1112, , 27273, 25000, 28152, 28192, 0, 
178, 1, 47, 170, -1, 475, 177, 21.4, 26, Capaapa, 220, 28684, 23865, 832, , 28684, 25000, 29261, 29334, 0, 
179, 1, 521, 363, -1, 238, 232, 21.1, 24, ABalpaapapa, 242, 30197, 18239, 604, , 30197, 25000, 28785, 29087, 0, 
180, 1, 455, 82, -1, 434, 174, 25.5, 28, ABplappapa, 270, 29794, 32177, 1080, , 29794, 25000, 28810, 28810, 0, 
181, 1, 356, 307, -1, 365, 378, 13.9, 23, ABprapaaapp, 198, 29968, 14864, 496, , 29968, 25000, 28115, 28292, 0, 
182, 1, 495, 149, -1, 470, 243, 6.1, 23, ABprppppapa, 229, 33833, 16781, 496, , 33833, 25000, 34323, 34501, 0, 
183, 1, 314, 55, -1, 558, 200, 9.0, 22, ABprppppppp, 202, 27448, 10540, 384, , 27448, 25000, 29379, 29597, 0, 
184, 1, 249, 198, -1, 543, 157, 16.6, 27, Cappapp, 241, 27228, 26901, 988, , 27228, 25000, 28672, 28680, 0, 
185, 1, 19, 62, -1, 184, 195, 21.5, 25, ABalapaaaa, 324, 27617, 21210, 768, , 27617, 25000, 27565, 27517, 0, 
186, 1, 181, 491, -1, 435, 283, 20.8, 32, Ealap, 321, 28454, 45754, 1608, , 28454, 25000, 29211, 29287, 0, 
187, 1, 105, 317, -1, 250, 142, 15.0, 22, ABplpaaapap, 270, 28607, 10985, 384, , 28607, 25000, 28456, 28700, 0, 
188, 1, 540, 515, -1, 205, 278, 21.1, 22, MSaaaaapa, 177, 27601, 12807, 464, , 27601, 25000, 27753, 27757, 0, 
189, 1, 128, 387, -1, 211, 136, 16.3, 23, ABalpppapav, 212, 27424, 16235, 592, , 27424, 25000, 28123, 28175, 0, 
190, 1, 188, 131, -1, 176, 170, 14.3, 24, ABalppappaa, 211, 27152, 19115, 704, , 27152, 25000, 28343, 28572, 0, 
191, 1, 442, 540, -1, 334, 277, 24.5, 26, MSappppp, 265, 28772, 25780, 896, , 28772, 25000, 28458, 28459, 0, 
192, 1, 251, 190, -1, 337, 379, 13.0, 24, ABprapaaapa, 312, 27988, 17017, 608, , 27988, 25000, 28263, 28064, 0, 
193, 1, 304, 7, -1, 162, 340, 11.4, 24, ABpraaaaapd, -128, 28026, 19618, 700, , 28026, 25000, 28363, 28378, 0, 
194, 1, 82, 91, -1, 568, 320, 10.2, 26, ABarpppppp, 262, 28011, 22297, 796, , 28011, 25000, 28827, 28895, 0, 
195, 1, 240, 20, -1, 262, 215, 20.4, 23, ABalpaapapp, 234, 27659, 17702, 640, , 27659, 25000, 28284, 28441, 0, 
196, 1, 166, 117, -1, 569, 218, 24.2, 28, Capppaa, 289, 27839, 29287, 1052, , 27839, 25000, 29186, 29203, 0, 
197, 1, 262, 16, -1, 307, 136, 19.9, 24, ABplpaappap, 40, 27656, 16704, 604, , 27656, 25000, 28878, 28903, 0, 
198, 1, 357, 305, -1, 461, 360, 13.1, 25, Cppaaap, 220, 27920, 19209, 688, , 27920, 25000, 28852, 28891, 0, 
199, 0, 400, -1, -1, 387, 156, 14.8, 23, , 232, -1841, 14437, 540, , 26735, 25000, 28543, 28576, 0, 
200, 1, 51, 350, -1, 180, 173, 10.9, 22, ABalppapaaa, 219, 29198, 13548, 464, , 29198, 25000, 28428, 28736, 0, 
201, 1, 202, 513, -1, 325, 237, 9.0, 22, ABprpapppaa, 170, 27247, 10463, 384, , 27247, 25000, 28376, 28308, 0, 
202, 1, 131, 380, -1, 456, 169, 9.4, 23, ABplppppapa, 214, 28183, 18037, 640, , 28183, 25000, 28483, 28518, 0, 
203, 1, 281, 527, -1, 278, 129, 20.2, 24, ABalpppppppp, 186, 29517, 19363, 656, , 29517, 25000, 28313, 28284, 0, 
204, 0, 335, -1, -1, 274, 297, 10.1, 22, , 213, -424, 13073, 464, , 28175, 25000, 28341, 28599, 0, 
205, 1, 378, 413, -1, 558, 354, 12.8, 27, ABprapapaa, 399, 28083, 24376, 868, , 28083, 25000, 27491, 27483, 0, 
206, 1, 478, 262, -1, 536, 194, 25.5, 32, Cpaapp, 321, 28714, 41119, 1432, , 28714, 25000, 28730, 28660, 0, 
207, 1, 271, 197, -1, 545, 267, 16.6, 30, Eprpa, 305, 28744, 33228, 1156, , 28744, 25000, 29703, 29607, 0, 
208, 1, 481, 404, -1, 492, 362, 16.6, 28, Cppapaa, 312, 27927, 27592, 988, , 27927, 25000, 28127, 28138, 0, 
209, 1, 361, 12, -1, 203, 234, 10.7, 24, ABarapaaaaa, 146, 30179, 21246, 704, , 30179, 25000, 28224, 28240, 0, 
210, 1, 110, 398, -1, 165, 232, 8.5, 23, ABaraaapppa, 210, 27540, 17405, 632, , 27540, 25000, 28699, 28993, 0, 
211, 1, 174, 135, -1, 319, 273, 11.0, 23, MSpapaaaa, 199, 30189, 15457, 512, , 30189, 25000, 30445, 30160, 0, 
212, 1, 509, 486, -1, 198, 219, 20.9, 23, MSapaaap, 218, 27335, 13558, 496, , 27335, 25000, 28767, 28860, 0, 
213, 1, 324, 328, -1, 261, 312, 4.7, 24, ABpraappaa, 221, 40905, 28797, 704, , 40905, 25000, 39629, 39498, 0, 
214, 0, 234, -1, -1, 204, 299, 21.1, 24, , -112, 1715, 18116, 604, , 29993, 25000, 28204, 28278, 0, 
215, 1, 37, 231, -1, 290, 339, 14.6, 24, MSppapaa, -43, 28234, 19764, 700, , 28234, 25000, 28123, 28214, 0, 
216, 1, 65, 302, -1, 342, 241, 24.7, 27, Daaap, 277, 29317, 27089, 924, , 29317, 25000, 29395, 29434, 0, 
217, 1, 336, 253, -1, 249, 375, 13.5, 24, ABpraapappp, 209, 26926, 20679, 768, , 26926, 25000, 28498, 28290, 0, 
218, 1, 38, 110, -1, 158, 173, 20.8, 23, ABalppppapp, -1, 26739, 14439, 540, , 26739, 25000, 28604, 28767, 0, 
219, 1, 325, 348, -1, 280, 235, 17.9, 25, ABalpaaappp, 179, 29007, 19957, 688, , 29007, 25000, 28070, 28177, 0, 
220, 1, 287, 17, -1, 480, 247, 10.4, 27, ABprppppaap, 227, 28917, 28570, 988, , 28917, 25000, 28504, 28920, 0, 
221, 1, 248, 225, -1, 205, 339, 21.1, 25, MSppappp, 249, 27660, 19030, 688, , 27660, 25000, 29007, 28971, 0, 
222, 1, 33, 405, -1, 190, 203, 10.0, 22, ABalpaappap, 162, 26932, 10342, 384, , 26932, 25000, 28108, 28150, 0, 
223, 1, 496, 402, -1, 295, 301, 15.3, 24, ABaraapppaa, 196, 29277, 20611, 704, , 29277, 25000, 28023, 27924, 0, 
224, 1, 56, 467, -1, 511, 182, 10.4, 23, Cappppv, 206, 27884, 17846, 640, , 27884, 25000, 28708, 28607, 0, 
225, 1, 223, 161, -1, 517, 228, 25.3, 29, Cappaap, 285, 28808, 30767, 1068, , 28808, 25000, 28736, 28764, 0, 
226, 1, 289, 526, -1, 186, 131, 16.9, 22, ABalpppaaaa, 167, 28188, 13079, 464, , 28188, 25000, 27504, 27520, 0, 
227, 0, 274, -1, -1, 365, 247, 19.6, 24, , 208, 696, 21185, 700, , 30264, 25000, 29722, 29568, 0, 
228, 1, 529, 58, -1, 433, 196, 17.5, 24, MSaapppp, 238, 26910, 20667, 768, , 26910, 25000, 28270, 28281, 0, 
229, 1, 374, 298, -1, 232, 333, 25.5, 26, ABarpaapap, 155, 28632, 25654, 896, , 28632, 25000, 28585, 28669, 0, 
230, 1, 16, 534, -1, 200, 164, 12.9, 22, ABalppappap, 18, 28024, 13003, 464, , 28024, 25000, 28159, 28197, 0, 
231, 1, 543, 359, -1, 411, 229, 24.6, 27, Dapap, 275, 28612, 28269, 988, , 28612, 25000, 28727, 28709, 0, 
232, 1, 333, 464, -1, 547, 173, 9.6, 24, ABplppppppp, 197, 29113, 20379, 700, , 29113, 25000, 28393, 28336, 0, 
233, 1, 505, 466, -1, 111, 263, 13.5, 24, ABalaaappll, 178, 26785, 20571, 768, , 26785, 25000, 27578, 27638, 0, 
234, 1, 129, 66, -1, 226, 194, 26.2, 29, ABplaaappa, 284, 29961, 33317, 1112, , 29961, 25000, 29855, 29995, 0, 
235, 1, 15, 77, -1, 223, 307, 10.9, 24, ABprpaapaaa, 112, 28209, 17038, 604, , 28209, 25000, 28308, 28291, 0, 
236, 1, 73, 158, -1, 184, 254, 14.2, 23, ABaraaapaaa, 106, 27791, 15007, 540, , 27791, 25000, 27840, 28093, 0, 
237, 1, 72, 301, -1, 528, 199, 5.8, 28, ABprppppppa, 262, 41094, 43231, 1052, , 41094, 25000, 38432, 38473, 0, 
238, 1, 412, 368, -1, 317, 323, 15.8, 29, ABaraapppap, 109, 28554, 31752, 1112, , 28554, 25000, 28765, 28820, 0, 
239, 1, 132, 96, -1, 484, 116, 17.5, 27, ABplapapap, 245, 28893, 25888, 896, , 28893, 25000, 28046, 27964, 0, 
240, 1, 448, 69, -1, 213, 295, 8.4, 23, ABprpaaaaaa, 113, 30834, 19734, 640, , 30834, 25000, 29367, 29559, 0, 
241, 1, 340, 551, -1, 138, 272, 17.4, 25, ABalapppaap, 145, 27153, 22591, 832, , 27153, 25000, 27812, 27980, 0, 
242, 1, 499, 378, -1, 217, 161, 7.5, 22, ABalppaappa, 178, 29225, 14963, 512, , 29225, 25000, 32150, 32428, 0, 
243, 1, 130, 8, -1, 194, 247, 6.0, 22, ABarapppaap, 201, 34909, 13405, 384, , 34909, 25000, 37235, 38108, 0, 
244, 1, 301, 235, -1, 209, 332, 24.7, 27, ABarpapapp, 12, 29236, 27014, 924, , 29236, 25000, 28265, 28163, 0, 
245, 1, 200, 260, -1, 340, 234, 11.8, 25, ABarapapapp, 153, 29794, 20975, 704, , 29794, 25000, 28708, 28742, 0, 
246, 1, 27, 199, -1, 177, 168, 22.7, 23, ABplaapaapa, 225, 27601, 16340, 592, , 27601, 25000, 27639, 27786, 0, 
247, 1, 359, 176, -1, 543, 142, 9.6, 25, ABplappppp, 102, 29275, 24357, 832, , 29275, 25000, 27974, 27936, 0, 
248, 1, 17, 224, -1, 518, 249, 13.7, 32, Eprpp, -83, 28537, 45203, 1584, , 28537, 25000, 29852, 30009, 0, 
249, 1, 395, 163, -1, 526, 236, 7.7, 23, ABprpppaapa, 222, 27363, 16199, 592, , 27363, 25000, 30401, 30327, 0, 
250, 1, 139, 480, -1, 472, 193, 7.6, 24, ABplppppapp, 340, 28510, 19957, 700, , 28510, 25000, 30083, 30023, 0, 
251, 1, 67, 148, -1, 429, 367, 9.9, 26, ABprappaaa, 97, 26773, 21418, 800, , 26773, 25000, 28134, 28182, 0, 
252, 1, 464, 134, -1, 424, 244, 7.2, 23, ABprppaappp, 172, 28096, 15172, 540, , 28096, 25000, 31258, 31443, 0, 
253, 1, 95, 145, -1, 578, 190, 17.7, 26, Capppap, 197, 29393, 25160, 856, , 29393, 25000, 29457, 29361, 0, 
254, 1, 190, 247, -1, 355, 173, 8.7, 25, ABplpaaaapa, 260, 29319, 22400, 764, , 29319, 25000, 29222, 29306, 0, 
255, 1, 195, 31, -1, 185, 278, 9.4, 23, ABarappppaa, -451, 27602, 17665, 640, , 27602, 25000, 28239, 28361, 0, 
256, 1, 296, 306, -1, 211, 356, 18.4, 29, MSppappa, 225, 27849, 32194, 1156, , 27849, 25000, 28520, 28647, 0, 
257, 1, 419, 341, -1, 482, 223, 12.9, 24, ABprpappppp, 206, 26459, 15981, 604, , 26459, 25000, 28957, 29167, 0, 
258, 1, 134, 179, 550, 156, 252, 10.8, 22, ABalaapaaa, 197, 27911, 13844, 496, , 27911, 25000, 27469, 27520, 0, 
259, 1, 224, 157, -1, 331, 163, 8.1, 25, ABalpapapap, 172, 28004, 19267, 688, , 28004, 25000, 30512, 30774, 0, 
260, 1, 486, 39, -1, 327, 172, 22.5, 27, ABplapaaapa, 220, 26770, 23986, 896, , 26770, 25000, 28996, 29170, 0, 
261, 1, 285, 175, -1, 344, 317, 21.2, 23, MSpaaapap, 171, 27550, 14877, 540, , 27550, 25000, 28390, 28452, 0, 
262, 1, 207, 465, -1, 447, 326, 10.9, 27, MSpapppp, 236, 27318, 24805, 908, , 27318, 25000, 28317, 28347, 0, 
263, 1, 347, 25, -1, 472, 367, 9.8, 26, ABprappaap, -30, 27545, 21926, 796, , 27545, 25000, 28514, 28524, 0, 
264, 1, 212, 407, -1, 248, 168, 20.0, 23, ABalpppppap, 228, 29020, 14858, 512, , 29020, 25000, 28993, 29073, 0, 
265, 1, 346, 72, -1, 363, 406, 14.3, 25, ABarppppaa, 204, 27147, 20740, 764, , 27147, 25000, 28501, 28260, 0, 
266, 1, 458, 477, -1, 466, 209, 12.9, 22, ABplppppaap, 171, 28638, 13288, 464, , 28638, 25000, 28560, 28943, 0, 
267, 1, 473, 530, -1, 267, 316, 10.0, 22, MSppapap, -47, 26661, 10238, 384, , 26661, 25000, 28771, 28729, 0, 
268, 1, 8, 130, -1, 345, 256, 8.4, 23, ABprpapapaa, 157, 27945, 17885, 640, , 27945, 25000, 29504, 29623, 0, 
269, 1, 353, 70, -1, 265, 157, 12.9, 23, ABplpaaappp, 178, 28772, 14271, 496, , 28772, 25000, 28089, 28136, 0, 
270, 1, 70, 488, -1, 285, 146, 18.2, 25, ABplpaapaap, 216, 28957, 20386, 704, , 28957, 25000, 28795, 28861, 0, 
271, 1, 462, 232, -1, 336, 345, 25.1, 32, ABarppaapa, 182, 27265, 42969, 1576, , 27265, 25000, 28672, 28723, 0, 
272, 0, 363, -1, -1, 312, 394, 14.0, 23, , 94, -577, 13820, 512, , 26992, 25000, 27569, 27569, 0, 
273, 1, 53, 277, -1, 296, 381, 17.2, 27, ABprapaaaap, 249, 28101, 24392, 868, , 28101, 25000, 27932, 27901, 0, 
274, 1, 218, 106, -1, 304, 201, 22.0, 25, MSapapaa, 220, 28013, 21402, 764, , 28013, 25000, 28293, 28220, 0, 
275, 1, 59, 448, -1, 270, 388, 19.2, 24, ABarpppaaa, 238, 28245, 18529, 656, , 28245, 25000, 28405, 28432, 0, 
276, 1, 101, 324, -1, 312, 310, 7.0, 24, ABprppaaaap, 239, 29446, 17903, 608, , 29446, 25000, 31633, 31608, 0, 
277, 1, 136, 86, -1, 298, 214, 25.4, 27, ABplapaaaap, -32, 28637, 28293, 988, , 28637, 25000, 29130, 29141, 0, 
278, 1, 441, 269, -1, 372, 251, 5.8, 23, ABprpaaaapa, 230, 37002, 19981, 540, , 37002, 25000, 35036, 35033, 0, 
279, 1, 402, 103, -1, 362, 145, 12.8, 24, ABplapaapa, 220, 27982, 18356, 656, , 27982, 25000, 28443, 28413, 0, 
280, 1, 461, 95, -1, 455, 227, 10.0, 22, ABplpappppa, 195, 29419, 11297, 384, , 29419, 25000, 28589, 28694, 0, 
281, 1, 320, 546, -1, 320, 298, 13.8, 24, ABaraappppp, 210, 27248, 17875, 656, , 27248, 25000, 28782, 29094, 0, 
282, 1, 387, 412, -1, 186, 220, 5.9, 24, ABaraaapppp, 231, 40157, 24255, 604, , 40157, 25000, 39959, 40985, 0, 
283, 1, 78, 210, -1, 307, 251, 16.7, 24, ABaraapappp, 190, 27531, 19382, 704, , 27531, 25000, 28430, 28450, 0, 
284, 1, 398, 385, -1, 354, 275, 8.9, 22, ABprpapapap, 175, 28994, 13453, 464, , 28994, 25000, 29004, 29544, 0, 
285, 1, 281, 22, -1, 248, 130, 21.5, 25, ABalpppppppa, 201, 28815, 22130, 768, , 28815, 25000, 27384, 27352, 0, 
286, 0, 501, -1, -1, 192, 316, 10.2, 22, , 187, 203, 14357, 496, , 28946, 25000, 28591, 28743, 0, 
287, 0, 90, -1, -1, 148, 316, 23.8, 23, , 100, 641, 15724, 540, , 29119, 25000, 28789, 28478, 0, 
288, 1, 312, 152, -1, 520, 221, 9.4, 25, Cpppppv, 204, 28585, 23783, 832, , 28585, 25000, 28823, 28974, 0, 
289, 1, 232, 322, -1, 209, 208, 7.4, 24, ABalpapaapa, 193, 28990, 20293, 700, , 28990, 25000, 31722, 32412, 0, 
290, 1, 210, 68, -1, 360, 296, 21.9, 26, MSaaappp, 205, 26764, 21411, 800, , 26764, 25000, 28446, 28613, 0, 
291, 1, 383, 57, -1, 529, 176, 7.7, 24, ABplppppppa, 204, 29266, 20603, 704, , 29266, 25000, 31180, 30947, 0, 
292, 1, 367, 446, -1, 219, 250, 13.7, 21, ABaraaaaapp, 171, 27432, 12948, 472, , 27432, 25000, 28550, 28660, 0, 
293, 1, 445, 440, -1, 164, 188, 9.9, 24, ABalpaapppp, 35, 27323, 16503, 604, , 27323, 25000, 28141, 28065, 0, 
294, 1, 237, 410, -1, 447, 150, 21.4, 29, ABplappaap, 132, 27698, 32019, 1156, , 27698, 25000, 28306, 28309, 0, 
295, 0, 265, -1, -1, 300, 321, 11.0, 22, , 203, 601, 11008, 384, , 28667, 25000, 28157, 28066, 0, 
296, 1, 228, 337, -1, 276, 238, 25.6, 28, ABarppaaaa, 428, 28193, 27855, 988, , 28193, 25000, 28551, 28600, 0, 
297, 1, 146, 390, -1, 351, 230, 7.8, 24, ABprpappapa, 218, 29081, 19077, 656, , 29081, 25000, 31490, 31483, 0, 
298, 1, 255, 154, -1, 256, 197, 23.9, 24, ABplaapappa, 201, 27767, 16771, 604, , 27767, 25000, 28351, 28403, 0, 
299, 1, 247, 265, -1, 533, 329, 12.3, 25, Cppaapp, 199, 27825, 21258, 764, , 27825, 25000, 29061, 29151, 0, 
300, 1, 300, 121, -1, 137, 277, 22.9, 25, ABarpaaaapa, -29, 28000, 19264, 688, , 28000, 25000, 28166, 28120, 0, 
301, 1, 79, 13, -1, 167, 222, 10.9, 23, ABaraaappaa, -75, 27484, 13632, 496, , 27484, 25000, 28063, 28094, 0, 
302, 1, 322, 97, -1, 153, 306, 10.1, 23, ABalaappppp, 63, 28157, 13966, 496, , 28157, 25000, 29171, 29150, 0, 
303, 1, 506, 11, -1, 197, 181, 25.9, 22, ABplaaapap, -84, 26556, 12322, 464, , 26556, 25000, 29750, 29864, 0, 
304, 1, 477, 23, -1, 385, 265, 13.9, 22, MSpapappp, 203, 32377, 15023, 464, , 32377, 25000, 33069, 31903, 0, 
305, 0, 178, -1, -1, 242, 286, 19.4, 23, , 94, -648, 18170, 640, , 28391, 25000, 28938, 29039, 0, 
306, 1, 122, 416, -1, 460, 221, 16.2, 31, Z3, -251, 27656, 40489, 1464, , 27656, 25000, 28231, 28164, 0, 
307, 1, 311, 102, -1, 169, 206, 12.3, 22, ABalpaappaa, 185, 27515, 14418, 524, , 27515, 25000, 28444, 28468, 0, 
308, 1, 217, 76, -1, 496, 125, 10.3, 27, ABplappppa, 364, 27029, 24975, 924, , 27029, 25000, 27573, 27564, 0, 
309, 1, 4, 602, -1, 238, 202, 12.6, 25, ABalpaaaaap, 254, 28897, 24042, 832, , 28897, 25000, 28072, 28226, 0, 
310, 1, 125, 185, -1, 288, 328, 5.4, 26, ABpraappap, 269, 38050, 31658, 832, , 38050, 25000, 37646, 37546, 0, 
311, 1, 165, 432, -1, 488, 187, 16.8, 24, ABplpppppaa, 235, 26611, 17457, 656, , 26611, 25000, 28568, 28607, 0, 
312, 1, 253, 221, -1, 320, 209, 14.4, 23, MSaapaaaa, 335, 30784, 19702, 640, , 30784, 25000, 28008, 27883, 0, 
313, 1, 379, 209, -1, 272, 218, 12.3, 24, ABalpappppa, 241, 27875, 19624, 704, , 27875, 25000, 28102, 28194, 0, 
314, 1, 381, 172, -1, 116, 277, 12.0, 23, ABalaaapplr, 209, 27527, 14094, 512, , 27527, 25000, 27395, 27501, 0, 
315, 1, 184, 27, -1, 255, 189, 21.4, 25, ABplaapapaa, 236, 28942, 24080, 832, , 28942, 25000, 28625, 28991, 0, 
316, 1, 250, 336, -1, 481, 169, 11.0, 24, Capappa, 187, 26395, 16048, 608, , 26395, 25000, 28640, 28522, 0, 
317, 1, 328, 496, -1, 139, 330, 19.4, 24, ABarpaaapap, 232, 26741, 18719, 700, , 26741, 25000, 27924, 27850, 0, 
318, 1, 416, 213, -1, 488, 202, 23.6, 27, Capapaa, 237, 29564, 29209, 988, , 29564, 25000, 28047, 28090, 0, 
319, 1, 12, 194, -1, 261, 164, 23.8, 26, ABplaapappp, 219, 26754, 21296, 796, , 26754, 25000, 28820, 28873, 0, 
320, 1, 151, 252, -1, 590, 163, 16.5, 29, Cpapaa, 289, 29012, 31333, 1080, , 29012, 25000, 28233, 28210, 0, 
321, 1, 222, 345, -1, 231, 194, 7.6, 24, ABalpapaapp, 184, 28660, 20062, 700, , 28660, 25000, 31484, 32682, 0, 
322, 1, 446, 14, -1, 506, 155, 12.2, 25, ABplpppaapa, 173, 27241, 19178, 704, , 27241, 25000, 28833, 29004, 0, 
323, 1, 74, 399, -1, 511, 263, 5.1, 24, ABprappppa, 209, 40430, 24420, 604, , 40430, 25000, 37972, 37770, 0, 
324, 1, 436, 445, -1, 318, 359, 21.6, 26, MSpppppp, 233, 29287, 24367, 832, , 29287, 25000, 28374, 28380, 0, 
325, 1, 10, 320, -1, 566, 315, 14.0, 24, Cpppapa, 244, 27069, 16458, 608, , 27069, 25000, 28644, 28620, 0, 
326, 1, 307, 313, -1, 252, 340, 14.2, 23, ABpraapapaa, 236, 28257, 15259, 540, , 28257, 25000, 28677, 28742, 0, 
327, 1, 30, 113, -1, 529, 296, 6.3, 25, ABprapappa, 221, 34499, 26357, 764, , 34499, 25000, 35764, 35892, 0, 
328, 1, 192, 73, -1, 243, 309, 6.4, 23, ABprpaaapap, 374, 32775, 20976, 640, , 32775, 25000, 34421, 34591, 0, 
329, 1, 365, 459, -1, 301, 326, 18.8, 23, MSpaapaap, 199, 29239, 15789, 540, , 29239, 25000, 28943, 28952, 0, 
330, 1, 149, 403, -1, 440, 176, 11.2, 23, ABplpppaaaa, 84, 28441, 15358, 540, , 28441, 25000, 27885, 27967, 0, 
331, 0, 152, -1, -1, 215, 216, 23.0, 24, , 203, -52, 17589, 608, , 28929, 25000, 28929, 28981, 0, 
332, 0, 385, -1, -1, 209, 165, 25.4, 26, , -29, 0, 0, 0, , 0, 0, 0, 0, 0, 
333, 1, 141, 383, -1, 243, 138, 17.4, 24, ABplpaaaaap, 260, 27376, 19163, 700, , 27376, 25000, 28248, 28398, 0, 
334, 1, 339, 218, -1, 198, 283, 17.8, 24, ABaraappaap, 69, 29136, 19113, 656, , 29136, 25000, 28411, 28419, 0, 
335, 1, 113, 21, -1, 213, 158, 14.6, 24, ABplpaaaaaa, 419, 28887, 20221, 700, , 28887, 25000, 27962, 28006, 0, 
336, 1, 355, 289, -1, 488, 286, 11.5, 24, ABprpppppaa, 289, 27974, 21484, 768, , 27974, 25000, 28509, 28507, 0, 
337, 1, 173, 482, -1, 343, 336, 17.8, 22, MSpaapapp, 150, 30067, 14913, 496, , 30067, 25000, 28730, 28792, 0, 
338, 1, 537, 202, -1, 440, 158, 13.8, 24, ABplppapppp, 189, 27933, 18324, 656, , 27933, 25000, 28439, 28461, 0, 
339, 1, 137, 278, -1, 572, 282, 12.6, 26, Cpppapp, 259, 27745, 23084, 832, , 27745, 25000, 29384, 29385, 0, 
340, 1, 332, 291, -1, 368, 219, 19.3, 25, MSaapaapp, 243, 30914, 23618, 764, , 30914, 25000, 31494, 31410, 0, 
341, 0, 231, -1, -1, 315, 192, 25.9, 23, , 208, 1348, 15026, 496, , 30294, 25000, 29085, 28946, 0, 
342, 1, 331, 330, -1, 273, 214, 18.0, 22, ABalpaaappa, 164, 27654, 10619, 384, , 27654, 25000, 27783, 27580, 0, 
343, 0, 89, -1, -1, 333, 326, 5.5, 24, , 183, 87, 28149, 768, , 36652, 25000, 36654, 36565, 0, 
344, 1, 135, 290, -1, 486, 155, 8.4, 24, ABplpppapaa, 210, 28499, 19949, 700, , 28499, 25000, 29126, 29259, 0, 
345, 1, 13, 184, -1, 207, 327, 6.4, 26, ABpraaaapad, 225, 34583, 28773, 832, , 34583, 25000, 36775, 37446, 0, 
346, 1, 438, 444, -1, 377, 318, 18.0, 32, Earaa, 277, 28584, 48822, 1708, , 28584, 25000, 29508, 29447, 0, 
347, 1, 177, 421, -1, 526, 116, 12.8, 22, ABplapppaap, 257, 27183, 13483, 496, , 27183, 25000, 27827, 27834, 0, 
348, 1, 491, 201, -1, 364, 366, 8.5, 29, ABpraapppp, 282, 28448, 30724, 1080, , 28448, 25000, 29755, 29794, 0, 
349, 1, 348, 339, -1, 343, 269, 11.6, 23, MSpapaaap, 114, 33741, 21594, 640, , 33741, 25000, 30303, 29924, 0, 
350, 1, 542, 323, -1, 150, 225, 19.7, 24, ABalapappap, 178, 28011, 19720, 704, , 28011, 25000, 28574, 28537, 0, 
351, 1, 366, 338, -1, 575, 250, 10.1, 24, ABprapapppp, 241, 28257, 17067, 604, , 28257, 25000, 28358, 28331, 0, 
352, 1, 84, 237, -1, 301, 183, 7.5, 24, ABalpapapaa, -81, 29145, 22383, 768, , 29145, 25000, 31965, 32113, 0, 
353, 1, 305, 53, -1, 133, 320, 16.1, 24, ABpraapaaap, 383, 26811, 16194, 604, , 26811, 25000, 27623, 27743, 0, 
354, 1, 206, 311, -1, 267, 303, 15.4, 24, ABaraaapapp, 246, 27524, 19267, 700, , 27524, 25000, 28490, 28316, 0, 
355, 1, 213, 203, -1, 261, 345, 18.4, 23, MSpppaaa, 192, 29117, 18635, 640, , 29117, 25000, 28490, 28431, 0, 
356, 1, 233, 376, -1, 524, 209, 14.3, 32, Eplpp, 324, 27898, 44191, 1584, , 27898, 25000, 30022, 30215, 0, 
357, 1, 194, 502, -1, 425, 229, 9.2, 23, ABprpapappp, 213, 26857, 14503, 540, , 26857, 25000, 28903, 28937, 0, 
358, 1, 437, 504, -1, 392, 236, 14.4, 23, MSaappap, 200, 28225, 18064, 640, , 28225, 25000, 28877, 28981, 0, 
359, 1, 554, 555, -1, 326, 173, 19.9, 22, Daaaa, 226, 26800, 12435, 464, , 26800, 25000, 28962, 29011, 0, 
360, 1, 260, 111, -1, 252, 314, 17.4, 26, ABaraappapp, 262, 28501, 23713, 832, , 28501, 25000, 28149, 28188, 0, 
361, 1, 244, 38, -1, 235, 310, 22.7, 24, MSpaaaaaa, 221, 28155, 19821, 704, , 28155, 25000, 28247, 28264, 0, 
362, 1, 475, 355, -1, 515, 141, 22.4, 29, ABplapapaa, 258, 27783, 32117, 1156, , 27783, 25000, 28262, 28260, 0, 
363, 0, 164, -1, -1, 239, 238, 18.2, 23, , 178, -990, 14903, 540, , 27598, 25000, 28395, 28588, 0, 
364, 1, 291, 346, -1, 419, 313, 19.4, 32, Earap, 317, 28114, 41721, 1484, , 28114, 25000, 29043, 29179, 0, 
365, 1, 31, 128, -1, 120, 259, 21.7, 25, ABarpaaaaal, -97, 26923, 20569, 764, , 26923, 25000, 28318, 28351, 0, 
366, 1, 226, 178, -1, 556, 180, 12.6, 24, Cappppd, -32, 27017, 18912, 700, , 27017, 25000, 28154, 28234, 0, 
367, 1, 48, 206, -1, 336, 236, 5.4, 28, ABarappapap, 261, 38942, 38475, 988, , 38942, 25000, 36181, 36696, 0, 
368, 1, 459, 439, -1, 504, 256, 10.5, 26, ABprpppppap, 221, 27231, 24399, 896, , 27231, 25000, 28546, 28523, 0, 
369, 1, 75, 266, -1, 342, 368, 17.6, 26, Dpaap, 191, 29587, 24616, 832, , 29587, 25000, 28965, 29028, 0, 
370, 1, 242, 388, -1, 445, 230, 7.7, 22, ABplpapppap, 198, 29704, 15565, 524, , 29704, 25000, 30034, 30097, 0, 
371, 0, 531, -1, -1, 240, 181, 17.3, 22, , -61, 597, 14826, 524, , 28294, 25000, 27571, 27697, 0, 
372, 0, 204, -1, -1, 381, 165, 12.0, 24, , 200, 91, 17040, 608, , 28026, 25000, 27888, 27935, 0, 
373, 1, 465, 548, -1, 206, 186, 15.4, 24, MSapaaaa, 18, 27324, 19127, 700, , 27324, 25000, 27850, 27953, 0, 
374, 1, 492, 272, -1, 405, 261, 17.2, 29, Ealpa, -34, 27590, 30680, 1112, , 27590, 25000, 29223, 29265, 0, 
375, 1, 150, 159, -1, 453, 152, 13.0, 25, ABplpppaaap, 207, 28122, 21485, 764, , 28122, 25000, 28159, 28241, 0, 
376, 1, 160, 371, -1, 486, 226, 7.8, 25, ABprppppapp, 229, 29693, 20904, 704, , 29693, 25000, 31271, 31353, 0, 
377, 1, 96, 112, -1, 162, 150, 21.3, 24, ABalpppaapd, 345, 26909, 18944, 704, , 26909, 25000, 27688, 27654, 0, 
378, 1, 283, 454, -1, 275, 162, 19.4, 26, ABplpaappaa, 285, 28279, 23528, 832, , 28279, 25000, 28363, 28308, 0, 
379, 1, 373, 327, -1, 459, 194, 11.5, 22, ABplppppaaa, -207, 27482, 14071, 512, , 27482, 25000, 27986, 27749, 0, 
380, 1, 384, 287, -1, 321, 306, 22.8, 23, MSpaaapaa, 176, 29939, 16167, 540, , 29939, 25000, 28238, 28165, 0, 
381, 1, 100, 67, -1, 226, 233, 5.5, 24, ABarapppapa, 176, 40824, 31353, 768, , 40824, 25000, 36662, 37368, 0, 
382, 1, 25, 115, -1, 262, 277, 10.9, 24, ABarapappaa, 91, 29432, 17777, 604, , 29432, 25000, 28322, 28570, 0, 
383, 1, 345, 140, -1, 361, 130, 19.5, 28, ABplaapppp, 273, 27776, 29998, 1080, , 27776, 25000, 27980, 28012, 0, 
384, 1, 229, 46, -1, 484, 307, 9.6, 25, MSpappap, 240, 27809, 23137, 832, , 27809, 25000, 29397, 29548, 0, 
385, 1, 142, 400, -1, 506, 142, 9.2, 22, ABplpppaapp, 191, 28712, 14241, 496, , 28712, 25000, 28960, 29182, 0, 
386, 1, 245, 333, -1, 239, 294, 13.9, 23, ABarapaapap, 207, 26986, 13385, 496, , 26986, 25000, 27849, 27941, 0, 
387, 1, 54, 463, -1, 203, 229, 17.6, 22, ABalpaapaap, 165, 27441, 15696, 572, , 27441, 25000, 28207, 28343, 0, 
388, 1, 513, 308, -1, 297, 180, 17.9, 22, MSapppaa, 150, 29922, 13884, 464, , 29922, 25000, 28880, 28906, 0, 
389, 1, 49, 133, -1, 580, 174, 21.3, 32, Cpapap, 253, 28078, 44476, 1584, , 28078, 25000, 28249, 28258, 0, 
390, 1, 266, 217, -1, 194, 377, 14.4, 24, ABarpappap, 236, 26736, 18715, 700, , 26736, 25000, 27176, 27187, 0, 
391, 1, 235, 473, -1, 322, 393, 19.9, 28, ABarpppapa, 653, 26624, 28967, 1088, , 26624, 25000, 28337, 28398, 0, 
392, 1, 452, 438, -1, 401, 301, 7.4, 23, ABprppapaaa, 220, 28359, 18150, 640, , 28359, 25000, 30841, 30950, 0, 
393, 1, 493, 94, -1, 523, 121, 17.9, 26, ABarppappp, 256, 27940, 22352, 800, , 27940, 25000, 27648, 27588, 0, 
394, 1, 406, 443, -1, 404, 369, 24.4, 35, Caaaaa, 346, 28397, 54863, 1932, , 28397, 25000, 28354, 28354, 0, 
395, 1, 421, 187, -1, 472, 394, 19.3, 29, Caaaap, 289, 28076, 29985, 1068, , 28076, 25000, 27982, 27951, 0, 
396, 1, 196, 114, -1, 447, 256, 5.8, 26, ABprpppaaaa, 209, 34558, 27508, 796, , 34558, 25000, 34995, 35516, 0, 
397, 1, 159, 497, -1, 185, 309, 6.8, 22, ABpraaaaaaa, 194, 32262, 16002, 496, , 32262, 25000, 34754, 35057, 0, 
398, 1, 208, 519, -1, 235, 163, 11.0, 23, ABalppapppa, 187, 31039, 15892, 512, , 31039, 25000, 28566, 28362, 0, 
399, 0, 463, -1, -1, 342, 299, 5.4, 24, , 188, -238, 25845, 700, , 36921, 25000, 36050, 37159, 0, 
400, 1, 108, 183, -1, 256, 227, 9.5, 24, ABarapaaapp, 198, 28651, 22004, 768, , 28651, 25000, 29059, 29094, 0, 
401, 1, 371, 54, -1, 285, 210, 15.9, 23, ABalpapppap, 94, 27778, 13778, 496, , 27778, 25000, 27994, 28236, 0, 
402, 1, 71, 315, -1, 290, 230, 5.9, 23, ABarappapaa, 228, 35020, 17370, 496, , 35020, 25000, 35537, 35955, 0, 
403, 1, 39, 146, -1, 553, 144, 13.3, 26, ABplapapppp, 130, 27725, 23733, 856, , 27725, 25000, 27815, 27824, 0, 
404, 1, 20, 361, -1, 109, 276, 18.8, 23, ABarpaaaaar, 199, 26576, 14351, 540, , 26576, 25000, 27915, 27983, 0, 
405, 1, 520, 335, -1, 146, 214, 11.7, 23, ABalpaapppa, -182, 27764, 16436, 592, , 27764, 25000, 27523, 27312, 0, 
406, 0, -1, -1, -1, 224, 314, 12.5, 24, , 205, 144, 21426, 768, , 27898, 25000, 27768, 27754, 0, 
407, 1, 22, 326, -1, 278, 166, 26.3, 33, ABplaaappp, 334, 30100, 52253, 1736, , 30100, 25000, 30020, 30173, 0, 
408, 1, 468, 543, -1, 315, 209, 6.4, 23, ABprpappaap, 211, 31806, 20356, 640, , 31806, 25000, 33169, 33411, 0, 
409, 1, 392, 250, -1, 568, 224, 7.8, 25, ABprappppp, 211, 30195, 21257, 704, , 30195, 25000, 30569, 30746, 0, 
410, 1, 103, -1, -1, 199, 156, 18.3, 22, ABalapaapap, 184, 26420, 13844, 524, , 26420, 25000, 28407, 28702, 0, 
411, 1, 290, 426, -1, 314, 367, 9.0, 24, ABprpaappap, 242, 29752, 18089, 608, , 29752, 25000, 29446, 29462, 0, 
412, 1, 405, 273, -1, 169, 248, 24.1, 25, ABplaaaaaap, 209, 27946, 19227, 688, , 27946, 25000, 28512, 28898, 0, 
413, 1, 264, 41, -1, 166, 359, 15.6, 24, ABarpappaa, 199, 26970, 18879, 700, , 26970, 25000, 27524, 27355, 0, 
414, 1, 516, 258, -1, 204, 272, 7.8, 22, ABarappppap, 191, 30528, 15142, 496, , 30528, 25000, 30954, 30898, 0, 
415, 1, 447, 538, -1, 526, 163, 12.3, 20, ABplapppapp, 121, 28688, 10557, 368, , 28688, 25000, 28503, 28520, 0, 
416, 0, 533, -1, -1, 217, 169, 20.4, 23, , 189, -1134, 18014, 640, , 28147, 25000, 28944, 29281, 0, 
417, 1, 1, 284, -1, 259, 254, 12.0, 23, ABarapapaap, 52, 26789, 13716, 512, , 26789, 25000, 28954, 28713, 0, 
418, 1, 85, 127, -1, 528, 222, 17.6, 32, Eplpa, 323, 28743, 42655, 1484, , 28743, 25000, 30200, 30291, 0, 
419, 1, 98, 381, -1, 334, 215, 18.7, 24, MSaapaapa, 232, 30587, 21533, 704, , 30587, 25000, 29476, 29377, 0, 
420, 0, 161, -1, -1, 602, 251, 11.9, 23, , 195, 1988, 14529, 496, , 29292, 25000, 27304, 27304, 0, 
421, 1, 147, 10, -1, 145, 308, 18.1, 23, ABarpapaaaa, 227, 28109, 13942, 496, , 28109, 25000, 27869, 28107, 0, 
422, 1, 375, 222, -1, 586, 324, 16.7, 30, Caaapp, 265, 26799, 35053, 1308, , 26799, 25000, 28194, 28172, 0, 
423, 1, 426, 4, -1, 545, 169, 19.6, 26, Cappapa, 267, 27916, 23226, 832, , 27916, 25000, 28777, 28891, 0, 
424, 0, 294, -1, -1, 259, 269, 14.7, 24, , 199, -830, 19300, 704, , 27415, 25000, 28335, 28245, 0, 
425, 1, 390, 92, -1, 163, 238, 14.1, 27, ABaraaaapa, 112, 27917, 25349, 908, , 27917, 25000, 27953, 27821, 0, 
426, 1, 547, 109, -1, 191, 242, 12.8, 18, ABaraaaaapa, 284, 26496, 6889, 260, , 26496, 25000, 28019, 28047, 0, 
427, 1, 377, 101, -1, 390, 177, 25.3, 28, ABarppapap, -132, 28639, 30472, 1064, , 28639, 25000, 28999, 29044, 0, 
428, 1, 318, 42, -1, 174, 322, 8.6, 22, ABpraaaaapv, 182, 27566, 15768, 572, , 27566, 25000, 28749, 28590, 0, 
429, 1, 162, 427, -1, 318, 154, 25.6, 26, ABarppaaap, 513, 27264, 22684, 832, , 27264, 25000, 28899, 28857, 0, 
430, 1, 401, 162, -1, 426, 315, 8.4, 24, ABprppapaap, 175, 28949, 20264, 700, , 28949, 25000, 28981, 29009, 0, 
431, 1, 551, 386, -1, 355, 176, 13.8, 22, ABplpapapap, 180, 27581, 13680, 496, , 27581, 25000, 28297, 28259, 0, 
432, 1, 456, 357, -1, 532, 188, 22.1, 28, Capapap, 331, 28436, 30938, 1088, , 28436, 25000, 29333, 29474, 0, 
433, 1, 562, 541, -1, 327, 250, 6.8, 22, ABprpapaaap, 189, 31603, 15675, 496, , 31603, 25000, 34540, 34763, 0, 
434, 1, 386, 329, -1, 113, 233, 15.4, 24, ABalaaaparr, 201, 26507, 18555, 700, , 26507, 25000, 26946, 26753, 0, 
435, 1, 504, 230, -1, 384, 271, 20.3, 33, Ealaa, 104, 27735, 48148, 1736, , 27735, 25000, 28820, 28902, 0, 
436, 1, 511, 389, -1, 266, 227, 7.0, 23, ABarappaaap, 202, 28666, 14677, 512, , 28666, 25000, 32237, 32207, 0, 
437, 1, 81, 186, -1, 295, 158, 22.0, 26, ABalppppppa, 235, 27601, 23516, 852, , 27601, 25000, 27768, 27887, 0, 
438, 1, 121, 195, -1, 485, 189, 13.8, 23, ABplpppppap, 201, 27381, 14786, 540, , 27381, 25000, 29026, 29090, 0, 
439, 1, 215, 475, -1, 384, 199, 13.6, 23, ABplppappaa, -296, 28988, 18552, 640, , 28988, 25000, 28244, 28131, 0, 
440, 1, 238, 75, -1, 314, 270, 6.1, 23, ABprpapaapp, 14, 33018, 16377, 496, , 33018, 25000, 36664, 36893, 0, 
441, 1, 32, 447, -1, 263, 309, 20.0, 24, MSpaaaapp, 238, 28122, 17098, 608, , 28122, 25000, 28502, 28562, 0, 
442, 1, 133, 60, -1, 222, 295, 17.9, 26, ABaraappapa, 218, 28500, 22800, 800, , 28500, 25000, 28416, 28684, 0, 
443, 1, 489, 382, -1, 517, 326, 6.5, 27, ABprapapap, 243, 33426, 29950, 896, , 33426, 25000, 34280, 34576, 0, 
444, 1, 497, 242, -1, 406, 401, 13.9, 28, ABarppppap, 256, 27965, 30426, 1088, , 27965, 25000, 28107, 28065, 0, 
445, 0, 97, -1, -1, 212, 348, 13.9, 25, , 173, 538, 20267, 688, , 29458, 25000, 28726, 28920, 0, 
446, 1, 432, 248, -1, 259, 266, 4.8, 22, ABalaapappp, 112, 39238, 19462, 496, , 39238, 25000, 36972, 37012, 0, 
447, 0, 428, -1, -1, 182, 304, 13.1, 23, , 172, -1269, 13453, 496, , 27123, 25000, 28145, 28392, 0, 
448, 1, 397, 79, -1, 382, 394, 16.8, 27, ABarpppapp, 234, 28869, 25058, 868, , 28869, 25000, 28516, 28673, 0, 
449, 1, 86, 205, -1, 236, 261, 13.8, 24, ABarapaapaa, 95, 27945, 18332, 656, , 27945, 25000, 28185, 28407, 0, 
450, 1, 411, 137, -1, 544, 255, 20.4, 33, Eplap, -40, 28519, 46771, 1640, , 28519, 25000, 29266, 29305, 0, 
451, 1, 512, 393, -1, 194, 344, 12.5, 25, ABpraapaapp, 176, 27658, 21241, 768, , 27658, 25000, 29157, 29334, 0, 
452, 0, 503, -1, -1, 171, 148, 12.0, 22, , 156, -290, 10652, 384, , 27740, 25000, 28077, 28030, 0, 
453, 1, 201, 268, -1, 375, 315, 13.3, 26, MSpapaapp, 215, 29154, 24956, 856, , 29154, 25000, 30127, 30031, 0, 
454, 1, 176, 1, -1, 308, 296, 12.1, 22, ABaraappppa, 205, 27483, 12752, 464, , 27483, 25000, 28691, 28974, 0, 
455, 1, 93, 557, -1, 167, 280, 11.5, 22, ABalaappppa, 344, 28393, 14537, 512, , 28393, 25000, 28401, 28533, 0, 
456, 1, 288, 379, -1, 444, 376, 17.3, 26, Cpppaaa, 223, 28296, 24221, 856, , 28296, 25000, 29243, 29254, 0, 
457, 0, 545, -1, -1, 222, 315, 19.9, 22, , -55, 0, 0, 0, , 0, 0, 0, 0, 0, 
458, 1, 6, 523, -1, 333, 329, 9.9, 23, Dpapa, 219, 27560, 13670, 496, , 27560, 25000, 29213, 29262, 0, 
459, 0, 341, -1, -1, 162, 313, 12.6, 23, , 99, -274, 17996, 640, , 28119, 25000, 28261, 28393, 0, 
460, 1, 55, 119, -1, 499, 313, 20.7, 30, Earpp, -214, 28711, 37554, 1308, , 28711, 25000, 28780, 28729, 0, 
461, 1, 440, 29, -1, 115, 208, 16.8, 24, ABalaaaparl, 196, 26838, 17606, 656, , 26838, 25000, 27071, 27012, 0, 
462, 1, 41, 461, -1, 380, 181, 17.3, 24, MSaapppa, 243, 27044, 19039, 704, , 27044, 25000, 28394, 28375, 0, 
463, 0, 107, -1, -1, 449, 274, 11.6, 22, , 262, -547, 15686, 572, , 27423, 25000, 28008, 27970, 0, 
464, 1, 293, 436, -1, 505, 234, 5.0, 24, ABprpppapaa, 181, 40188, 24434, 608, , 40188, 25000, 38200, 38099, 0, 
465, 1, 457, 469, -1, 412, 295, 15.5, 30, Earpa, 302, 28273, 34832, 1232, , 28273, 25000, 29749, 29799, 0, 
466, 1, 476, 19, -1, 501, 328, 14.0, 26, MSpppaap, 242, 28454, 24243, 852, , 28454, 25000, 28874, 28829, 0, 
467, 1, 114, 26, -1, 241, 361, 16.1, 24, ABpraapappa, 225, 28710, 17341, 604, , 28710, 25000, 28347, 28374, 0, 
468, 0, 157, -1, -1, 359, 127, 16.9, 22, , 189, 870, 13420, 464, , 28922, 25000, 28050, 28052, 0, 
469, 0, 364, -1, -1, 175, 143, 15.3, 22, , 184, 1758, 15811, 524, , 30174, 25000, 28191, 28416, 0, 
470, 1, 498, 554, -1, 439, 359, 21.1, 26, Dpppp, 192, 28604, 22883, 800, , 28604, 25000, 29078, 29081, 0, 
471, 1, 382, 353, -1, 189, 220, 8.2, 23, ABaraaappap, 198, 28485, 15382, 540, , 28485, 25000, 29350, 29795, 0, 
472, 1, 2, 280, -1, 482, 163, 24.7, 29, ABarppappa, 293, 27734, 29620, 1068, , 27734, 25000, 28963, 28970, 0, 
473, 1, 482, 120, -1, 113, 293, 16.5, 24, ABpraapaaaa, 499, 27848, 21387, 768, , 27848, 25000, 27449, 27529, 0, 
474, 1, 350, 524, -1, 215, 202, 10.9, 21, ABalpaaaapa, 172, 29126, 10136, 348, , 29126, 25000, 27623, 27729, 0, 
475, 1, 5, 489, -1, 155, 168, 12.0, 22, ABalaaaalpp, 62, 27617, 10605, 384, , 27617, 25000, 28093, 28200, 0, 
476, 1, 302, 420, -1, 226, 388, 14.8, 24, ABarpapppa, 196, 27553, 18075, 656, , 27553, 25000, 27284, 27154, 0, 
477, 1, 203, 347, -1, 273, 374, 9.3, 28, ABpraaapppp, 286, 27446, 29203, 1064, , 27446, 25000, 28577, 28621, 0, 
478, 1, 61, 434, -1, 440, 313, 26.3, 30, Cpaaap, 274, 28476, 37246, 1308, , 28476, 25000, 29187, 29187, 0, 
479, 1, 273, 270, -1, 332, 119, 13.7, 27, ABplaapppa, -57, 28516, 26349, 924, , 28516, 25000, 27281, 27202, 0, 
480, 1, 216, 45, -1, 391, 323, 10.2, 27, MSpapppa, 266, 27635, 23987, 868, , 27635, 25000, 29157, 29221, 0, 
481, 1, 140, 372, -1, 284, 275, 5.2, 24, ABprpaapppp, 243, 40335, 26460, 656, , 40335, 25000, 36994, 37297, 0, 
482, 1, 444, 59, -1, 337, 192, 12.2, 22, ABplpapapaa, 177, 27520, 13650, 496, , 27520, 25000, 28604, 28735, 0, 
483, 0, 510, -1, -1, 529, 124, 11.0, 22, , 198, 879, 10840, 384, , 28229, 25000, 27417, 27350, 0, 
484, 1, 44, 71, -1, 142, 277, 11.8, 24, ABalaaapprl, 166, 27616, 18116, 656, , 27616, 25000, 28431, 28378, 0, 
485, 1, 21, 490, -1, 356, 161, 16.9, 24, Daapp, 177, 28702, 17336, 604, , 28702, 25000, 28558, 28597, 0, 
486, 1, 450, 281, -1, 223, 127, 14.3, 22, ABalpppapad, 190, 28439, 14902, 524, , 28439, 25000, 27114, 26951, 0, 
487, 1, 179, 227, -1, 168, 334, 23.4, 24, ABarpaapaa, 212, 28543, 19980, 700, , 28543, 25000, 28054, 28054, 0, 
488, 1, 116, 188, -1, 405, 207, 13.1, 22, ABplppappap, 330, 28034, 13008, 464, , 28034, 25000, 28248, 28389, 0, 
489, 1, 502, 510, -1, 185, 270, 17.2, 23, ABaraappaaa, 56, 28483, 15381, 540, , 28483, 25000, 28053, 27979, 0, 
490, 0, 525, -1, -1, 203, 377, 12.5, 22, , -35, -711, 13704, 512, , 26766, 25000, 27439, 27477, 0, 
491, 1, 490, 233, -1, 369, 187, 20.8, 25, Dapaa, 185, 27447, 19323, 704, , 27447, 25000, 28757, 28701, 0, 
492, 1, 555, 30, -1, 402, 374, 17.4, 26, Dppap, 211, 27325, 22734, 832, , 27325, 25000, 29113, 29251, 0, 
493, 1, 221, 246, -1, 269, 279, 8.0, 22, ABprpaaappp, 78, 28695, 11019, 384, , 28695, 25000, 28752, 28810, 0, 
494, 1, 334, 476, -1, 582, 179, 11.4, 28, Cpappv, 284, 29930, 29571, 988, , 29930, 25000, 28797, 28926, 0, 
495, 1, 544, 577, -1, 425, 265, 25.1, 29, Dappap, 218, 29397, 35512, 1208, , 29397, 25000, 29076, 29180, 0, 
496, 1, 193, 249, -1, 228, 281, 6.2, 23, ABprpaaapaa, 27, 35572, 19209, 540, , 35572, 25000, 36002, 36137, 0, 
497, 1, 267, 487, -1, 321, 328, 20.9, 23, MSpaaappp, 133, 27808, 13793, 496, , 27808, 25000, 28314, 28026, 0, 
498, 1, 391, 458, -1, 275, 175, 11.1, 22, ABplpapaapa, 18, 28470, 13210, 464, , 28470, 25000, 28050, 28302, 0, 
499, 1, 409, 74, -1, 296, 196, 10.6, 22, ABplpapaaaa, 133, 27383, 15663, 572, , 27383, 25000, 28527, 28477, 0, 
500, 1, 246, 494, -1, 243, 212, 18.4, 23, ABalpaaapap, 100, 29067, 18603, 640, , 29067, 25000, 28059, 28234, 0, 
501, 1, 282, 193, -1, 489, 150, 16.3, 24, Capappp, 295, 28507, 20069, 704, , 28507, 25000, 28844, 28794, 0, 
502, 1, 227, 457, -1, 293, 381, 11.6, 24, ABpraaapppa, -42, 27503, 19252, 700, , 27503, 25000, 28501, 28623, 0, 
503, 1, 514, 517, -1, 441, 291, 12.1, 29, Z2, -30, 27255, 32924, 1208, , 27255, 25000, 28461, 28477, 0, 
504, 1, 434, 28, -1, 141, 211, 14.9, 22, ABalaaaalar, 36, 28388, 13172, 464, , 28388, 25000, 27962, 28042, 0, 
505, 1, 76, 267, -1, 335, 217, 15.4, 25, MSaapaaap, 102, 29728, 24734, 832, , 29728, 25000, 29681, 28924, 0, 
506, 1, 205, 549, -1, 375, 236, 16.0, 22, MSaapappp, 3, 30167, 11584, 384, , 30167, 25000, 30648, 29311, 0, 
507, 1, 467, 52, -1, 124, 297, 20.0, 21, ABarpaaapaa, 448, 26721, 10261, 384, , 26721, 25000, 27843, 27660, 0, 
508, 1, 337, 229, -1, 368, 235, 13.6, 23, MSaappaa, 128, 26938, 17240, 640, , 26938, 25000, 29356, 29408, 0, 
509, 1, 589, 286, -1, 169, 307, 14.5, 26, ABalappapa, 17, 26901, 24103, 896, , 26901, 25000, 28012, 27881, 0, 
510, 1, 460, 433, -1, 184, 242, 17.1, 23, ABaraapaaaa, 219, 26968, 13376, 496, , 26968, 25000, 27382, 27134, 0, 
511, 1, 530, 437, -1, 269, 354, 21.0, 29, MSpppppa, 304, 27976, 34354, 1228, , 27976, 25000, 28167, 28185, 0, 
512, 0, 527, -1, -1, 492, 162, 6.8, 22, , 354, -2760, 15361, 496, , 30970, 25000, 32866, 33730, 0, 
513, 0, 519, -1, -1, 127, 242, 18.9, 22, , 233, 1897, 14052, 464, , 30284, 25000, 28341, 28387, 0, 
514, 1, 18, 516, -1, 360, 292, 7.9, 22, ABprppaapap, 130, 27431, 12728, 464, , 27431, 25000, 29914, 29776, 0, 
515, 1, 472, 484, -1, 199, 164, 9.8, 22, ABalppapaap, 159, 27002, 13393, 496, , 27002, 25000, 28568, 28655, 0, 
516, 1, 119, 479, -1, 394, 264, 10.4, 28, ABprpapppap, 314, 28461, 28119, 988, , 28461, 25000, 30690, 30544, 0, 
517, 1, 316, 34, -1, 240, 240, 13.4, 22, ABarapaaaap, -2, 28163, 16109, 572, , 28163, 25000, 28083, 27745, 0, 
518, 1, 144, 5, -1, 204, 163, 22.4, 24, ABplaapaapp, 143, 27566, 19296, 700, , 27566, 25000, 28379, 28514, 0, 
519, 1, 94, 83, -1, 139, 305, 22.5, 30, ABarpapapa, 352, 28379, 34963, 1232, , 28379, 25000, 28490, 28427, 0, 
520, 1, 256, 81, -1, 219, 219, 15.6, 23, ABaraaaaaap, 114, 27055, 17315, 640, , 27055, 25000, 28471, 28428, 0, 
521, 1, 484, 318, -1, 187, 208, 14.0, 22, ABaraaaaaaa, 49, 27581, 10591, 384, , 27581, 25000, 28245, 28112, 0, 
522, 1, 214, 542, -1, 324, 352, 13.7, 22, Dpaaa, 30, 28372, 14867, 524, , 28372, 25000, 27853, 27856, 0, 
523, 1, 422, 124, -1, 369, 204, 12.2, 20, ABplpapappa, 299, 30126, 11930, 396, , 30126, 25000, 28742, 28679, 0, 
524, 1, 532, 506, -1, 166, 186, 16.4, 23, ABalapaappa, 139, 28305, 18115, 640, , 28305, 25000, 27766, 27615, 0, 
525, 1, 91, 509, -1, 155, 153, 14.3, 21, ABalppaaapa, 123, 27138, 12809, 472, , 27138, 25000, 27539, 27813, 0, 
526, 1, 34, 104, -1, 250, 246, 7.3, 22, ABarapppppp, -50, 28553, 14962, 524, , 28553, 25000, 31380, 31460, 0, 
527, 1, 199, 508, -1, 148, 187, 13.9, 22, ABalaaaalal, 280, 27810, 12904, 464, , 27810, 25000, 27834, 27791, 0, 
528, 1, 413, 478, -1, 357, 319, 9.0, 24, Dpapp, 181, 27539, 16744, 608, , 27539, 25000, 29439, 29732, 0, 
529, 1, 588, 501, -1, 161, 215, 24.2, 22, ABalapapppp, 95, 28359, 14066, 496, , 28359, 25000, 27947, 28139, 0, 
530, 1, 58, 292, -1, 423, 176, 14.4, 23, ABplppapapa, 174, 27372, 17518, 640, , 27372, 25000, 28312, 28386, 0, 
531, 0, 539, -1, -1, 339, 206, 8.0, 20, , -38, 1993, 10207, 316, , 32301, 25000, 30194, 30308, 0, 
532, 1, 99, 505, -1, 483, 292, 6.0, 25, ABprppapppp, -84, 33955, 25942, 764, , 33955, 25000, 33516, 33528, 0, 
533, 1, 429, 568, -1, 405, 220, 10.4, 22, ABplpapappp, 236, 28016, 16025, 572, , 28016, 25000, 29018, 28883, 0, 
534, 1, 329, 417, -1, 134, 229, 14.9, 22, ABalaaaarlp, -110, 27547, 12782, 464, , 27547, 25000, 28096, 28331, 0, 
535, 1, 155, 2, -1, 132, 233, 10.7, 22, ABalaaaarra, 394, 27164, 14234, 524, , 27164, 25000, 27802, 27897, 0, 
536, 1, 410, 512, -1, 337, 246, 13.7, 25, ABalpappapp, -23, 28903, 22082, 764, , 28903, 25000, 28735, 28671, 0, 
537, 1, 186, 514, -1, 166, 173, 18.0, 22, ABalapaappp, 27, 26534, 10189, 384, , 26534, 25000, 28352, 28260, 0, 
538, 1, 241, 559, -1, 487, 213, 27.4, 28, Cpaapa, 196, 28249, 27910, 988, , 28249, 25000, 28286, 28327, 0, 
539, 1, 536, 485, -1, 216, 325, 13.6, 22, ABpraaapaad, 257, 28857, 16506, 572, , 28857, 25000, 28393, 28534, 0, 
540, 1, 507, 411, -1, 500, 199, 8.5, 22, Caapaa, 138, 28854, 14773, 512, , 28854, 25000, 28916, 29030, 0, 
541, 1, 453, 531, -1, 158, 209, 22.0, 22, ABalapapppa, 25, 27711, 10641, 384, , 27711, 25000, 28023, 28231, 0, 
542, 1, 23, 143, -1, 137, 196, 18.8, 22, ABalapaaapa, 247, 26327, 13058, 496, , 26327, 25000, 28105, 28230, 0, 
543, 1, 308, 594, -1, 158, 278, 8.5, 23, ABalaaapprr, -26, 28106, 17763, 632, , 28106, 25000, 29736, 29561, 0, 
544, 1, 550, 425, -1, 600, 221, 12.5, 26, Caappd, 34, 27376, 24529, 896, , 27376, 25000, 27469, 27476, 0, 
545, 1, 552, 449, -1, 301, 270, 21.4, 23, MSaaapapa, 92, 27897, 17854, 640, , 27897, 25000, 29505, 29576, 0, 
546, 1, 372, 522, -1, 167, 306, 20.3, 22, ABalapppapp, 31, 26847, 14068, 524, , 26847, 25000, 28674, 28977, 0, 
547, 1, 526, 507, -1, 264, 167, 7.7, 25, ABalppapapp, -65, 29471, 22516, 764, , 29471, 25000, 30719, 31205, 0, 
548, 1, 14, 450, -1, 155, 257, 6.8, 23, ABalaapaapp, 133, 34533, 18648, 540, , 34533, 25000, 34810, 36426, 0, 
549, 1, 517, 430, -1, 413, 267, 9.0, 22, ABprppappaa, 132, 28544, 10961, 384, , 28544, 25000, 29195, 29444, 0, 
550, 1, 541, 547, -1, 192, 160, 16.5, 22, ABalapaapaa, -604, 26904, 13775, 512, , 26904, 25000, 28690, 29099, 0, 
551, 1, 522, 360, -1, 161, 268, 24.9, 22, ABarpaaaapp, 88, 27162, 12603, 464, , 27162, 25000, 28519, 28890, 0, 
552, 1, 88, 332, -1, 333, 283, 20.1, 24, MSaaaappp, 355, 29291, 17692, 604, , 29291, 25000, 27823, 27806, 0, 
553, 0, 553, -1, -1, 528, 262, 16.6, 22, , 154, -1074, 15766, 572, , 27563, 25000, 28622, 28637, 0, 
554, 1, 158, 537, -1, 458, 265, 26.4, 31, Dappp, 338, 30232, 40269, 1332, , 30232, 25000, 29076, 29074, 0, 
555, 1, 546, 562, -1, 289, 336, 9.9, 22, MSppppaa, 578, 27716, 12860, 464, , 27716, 25000, 28826, 28900, 0, 
556, 0, 381, -1, -1, 131, 272, 9.7, 22, , 183, -107, 14684, 524, , 28023, 25000, 28005, 28130, 0, 
557, 1, 579, 418, -1, 266, 233, 4.7, 22, ABarapppapp, 222, 34527, 18092, 524, , 34527, 25000, 37200, 37348, 0, 
558, 1, 272, 553, -1, 323, 404, 17.0, 23, ABarpppaap, 212, 27184, 13918, 512, , 27184, 25000, 27141, 27158, 0, 
559, 1, 556, 560, -1, 319, 179, 15.0, 22, MSappapp, 153, 28070, 10779, 384, , 28070, 25000, 28292, 28329, 0, 
560, 1, 557, 575, -1, 312, 255, 23.0, 23, MSappaaa, 176, 31973, 16370, 512, , 31973, 25000, 30407, 30616, 0, 
561, 0, 545, -1, -1, 195, 323, 18.0, 22, , 210, -1169, 10373, 384, , 27013, 25000, 28083, 28182, 0, 
562, 1, 558, 564, -1, 280, 307, 18.0, 22, MSpaapaaa, 167, 29617, 11373, 384, , 29617, 25000, 28519, 28557, 0, 
563, 1, 559, 565, -1, 215, 322, 8.0, 22, ABpraaaapav, -2, 28490, 10940, 384, , 28490, 25000, 29801, 30156, 0, 
564, 1, 560, 566, -1, 222, 354, 16.0, 22, ABpraaaappp, -184, 25591, 9827, 384, , 25591, 25000, 28122, 28079, 0, 
565, 1, 561, 567, -1, 296, 246, 8.0, 22, ABprpapaaaa, 198, 28828, 11070, 384, , 28828, 25000, 29376, 29415, 0, 
566, 1, 563, 518, -1, 224, 310, 20.0, 24, MSpaaaapa, 548, 28319, 17218, 608, , 28319, 25000, 28082, 28130, 0, 
567, 1, 564, 569, -1, 277, 238, 21.0, 22, MSaaapaap, -72, 29164, 11199, 384, , 29164, 25000, 28652, 28425, 0, 
568, 1, 565, 570, -1, 342, 258, 20.0, 22, MSaaapapp, 333, 29273, 11241, 384, , 29273, 25000, 28741, 28831, 0, 
569, 1, 566, 571, -1, 345, 231, 20.0, 24, MSaapappa, -152, 31564, 19191, 608, , 31564, 25000, 30216, 30158, 0, 
570, 1, 567, 572, -1, 279, 237, 22.0, 22, MSapppap, -72, 29849, 11462, 384, , 29849, 25000, 28277, 28052, 0, 
571, 1, 568, 573, -1, 317, 311, 18.0, 24, MSpaapapa, 257, 26584, 16163, 608, , 26584, 25000, 28530, 28609, 0, 
572, 1, 569, 574, -1, 311, 313, 10.0, 22, MSpppapp, 134, 28505, 10946, 384, , 28505, 25000, 28023, 28077, 0, 
573, 1, 570, 576, -1, 346, 352, 22.0, 26, Dpppaa, 175, 27678, 23582, 852, , 27678, 25000, 28260, 28340, 0, 
574, 1, 89, 578, -1, 328, 316, 5.0, 27, ABpraapppa, 260, 39078, 40329, 1032, , 39078, 25000, 35676, 36278, 0, 
575, 1, 571, 579, -1, 285, 206, 7.0, 22, ABprpappaaa, 316, 30247, 11615, 384, , 30247, 25000, 31154, 31377, 0, 
576, 1, 572, 580, -1, 352, 207, 9.0, 25, ABplpappaap, 152, 29978, 22903, 764, , 29978, 25000, 29699, 29814, 0, 
577, 1, 573, 316, -1, 456, 286, 7.2, 24, ABprppapppa, 193, 30311, 19884, 656, , 30311, 25000, 32334, 32706, 0, 
578, 1, 574, 581, -1, 491, 191, 5.1499996, 26, ABplpppapap, 151, 37640, 30413, 808, , 37640, 25000, 36801, 36364, 0, 
579, 1, 575, 582, -1, 508, 190, 6.0, 24, ABprpppapap, 4, 40209, 24447, 608, , 40209, 25000, 36827, 36130, 0, 
580, 1, 576, 583, -1, 242, 119, 16.1, 23, ABplpaapapp, 184, 26944, 13364, 496, , 26944, 25000, 27860, 27627, 0, 
581, 1, 400, 584, -1, 387, 160, 14.0, 23, ABplppapaaa, 229, 27109, 13880, 512, , 27109, 25000, 28589, 28601, 0, 
582, 1, 578, 585, -1, 229, 290, 16.0, 24, ABaraaapapa, 136, 27186, 16529, 608, , 27186, 25000, 29064, 28898, 0, 
583, 1, 580, 586, -1, 202, 297, 10.0, 22, ABalaapppaa, 127, 28135, 10804, 384, , 28135, 25000, 28311, 28040, 0, 
584, 1, 581, 587, -1, 220, 255, 5.0, 22, ABalaapappa, 326, 39094, 15012, 384, , 39094, 25000, 38814, 38688, 0, 
585, 1, 582, 588, -1, 188, 276, 6.0, 22, ABalaappapp, 228, 43667, 16768, 384, , 43667, 25000, 38760, 39581, 0, 
586, 1, 583, 589, -1, 159, 304, 8.0, 20, ABalaappapa, 0, 30497, 9637, 316, , 30497, 25000, 28849, 28874, 0, 
587, 1, 584, 590, -1, 158, 287, 20.0, 23, ABalapppapa, 187, 27799, 14233, 512, , 27799, 25000, 28506, 28850, 0, 
588, 1, 585, 591, -1, 143, 285, 13.0, 23, ABalappappa, 84, 28605, 14646, 512, , 28605, 25000, 27813, 28010, 0, 
589, 1, 586, 592, -1, 173, 340, 18.0, 22, ABalapppppp, 134, 28253, 10849, 384, , 28253, 25000, 28203, 28087, 0, 
590, 1, 587, 593, -1, 153, 329, 14.0, 22, ABalappappp, 287, 26630, 10226, 384, , 26630, 25000, 28242, 27935, 0, 
591, 1, 524, 321, -1, 134, 217, 18.0, 22, ABalapappaa, -49, 29560, 11351, 384, , 29560, 25000, 27913, 28182, 0, 
592, 1, 549, 595, -1, 172, 327, 16.0, 25, ABalapppppa, -120, 28209, 21552, 764, , 28209, 25000, 28393, 28560, 0, 
593, 1, 590, 596, -1, 138, 256, 16.0, 22, ABalapppaaa, 341, 28961, 11121, 384, , 28961, 25000, 27194, 27520, 0, 
594, 1, 591, 597, -1, 113, 243, 17.0, 22, ABalappaap, -733, 28044, 10769, 384, , 28044, 25000, 27124, 27211, 0, 
595, 1, 592, 598, -1, 153, 260, 21.0, 22, ABalapapapa, -370, 27445, 10539, 384, , 27445, 25000, 28895, 28675, 0, 
596, 1, 593, 545, -1, 219, 143, 12.133333, 24, ABplpaaapaa, 65, 29142, 17602, 604, , 29142, 25000, 27973, 27832, 0, 
597, 1, 594, 599, -1, 187, 144, 12.0, 23, ABalppaaapp, 184, 27922, 14296, 512, , 27922, 25000, 27697, 27676, 0, 
598, 1, 595, 600, -1, 227, 189, 23.0, 22, ABalpppappp, -18, 29096, 11173, 384, , 29096, 25000, 27603, 27572, 0, 
599, 1, 596, 601, -1, 480, 244, 12.0, 24, ABprpappppa, 259, 27513, 16728, 608, , 27513, 25000, 28808, 29161, 0, 
600, 1, 597, 603, -1, 222, 250, 22.0, 23, MSaaapaaa, 214, 27359, 14008, 512, , 27359, 25000, 29192, 28869, 0, 
601, 1, 598, 604, -1, 151, 297, 16.0, 22, ABalappppap, -308, 28310, 10871, 384, , 28310, 25000, 27982, 28288, 0, 
602, 1, 599, 605, -1, 196, 333, 19.0, 23, ABarpapaapp, 211, 27842, 14255, 512, , 27842, 25000, 27376, 27607, 0, 
603, 0, 600, -1, -1, 175, 316, 15.7, 22, , -157, 517, 12866, 464, , 27728, 25000, 27243, 27211, 0, 
604, 1, 601, 607, -1, 379, 273, 24.0, 22, Dappaa, 0, 27898, 10713, 384, , 27898, 25000, 28264, 28272, 0, 
605, 1, 428, 472, -1, 182, 306, 13.033334, 22, ABpraaapapa, 161, 26952, 10673, 396, , 26952, 25000, 28190, 28209, 0, 
606, 1, 602, 609, -1, 137, 273, 15.0, 23, ABalappppaa, 196, 26227, 13428, 512, , 26227, 25000, 27946, 28101, 0, 
