1, 1, 334, 285, -1, 244, 298, 6.3, 24, ABprpaaapap, 61, 34462, 24261, 704, , 34462, 25000, 35089, 35188, 0, 
2, 1, 87, 31, -1, 239, 201, 15.0, 27, ABalpaaaaap, 270, 27504, 28384, 1032, , 27504, 25000, 28259, 28338, 0, 
3, 0, 137, -1, -1, 257, 199, 5.7, 23, , -52, 1807, 24544, 592, , 41459, 25000, 39208, 39652, 0, 
4, 1, 477, 466, -1, 546, 243, 9.7, 24, ABprapppapp, 182, 26938, 18964, 704, , 26938, 25000, 28851, 28851, 0, 
5, 0, 534, -1, -1, 482, 177, 6.9, 27, , 214, -2063, 27829, 908, , 30649, 25000, 32286, 32712, 0, 
6, 1, 120, 222, -1, 222, 272, 6.1, 23, ABprpaaapaa, 44, 35063, 17391, 496, , 35063, 25000, 36208, 36790, 0, 
7, 1, 448, 191, -1, 139, 242, 12.5, 26, ABalaaaarrp, 228, 26781, 23996, 896, , 26781, 25000, 27931, 27634, 0, 
8, 1, 70, 264, -1, 328, 175, 22.8, 27, ABplapaaapa, 92, 29859, 25918, 868, , 29859, 25000, 29112, 29294, 0, 
9, 1, 297, 136, -1, 200, 282, 17.5, 27, ABaraappaap, 277, 28194, 25262, 896, , 28194, 25000, 27748, 27613, 0, 
10, 1, 175, 319, -1, 264, 327, 22.7, 26, MSpaaaaap, 69, 27339, 23402, 856, , 27339, 25000, 28525, 28471, 0, 
11, 1, 38, 266, -1, 572, 326, 19.3, 28, Cppppaa, 115, 27476, 29234, 1064, , 27476, 25000, 29220, 29231, 0, 
12, 1, 45, 349, -1, 274, 222, 12.6, 23, ABalpappppa, 217, 27667, 17707, 640, , 27667, 25000, 28159, 28116, 0, 
13, 1, 140, 90, -1, 239, 269, 14.2, 23, ABarapaapaa, 77, 26919, 14536, 540, , 26919, 25000, 28094, 28029, 0, 
14, 1, 341, 44, -1, 299, 217, 25.5, 27, ABplapaaaap, 240, 28348, 25400, 896, , 28348, 25000, 29453, 29477, 0, 
15, 1, 101, 3, -1, 203, 260, 19.6, 24, ABaraapaaap, 90, 28530, 19971, 700, , 28530, 25000, 27758, 27663, 0, 
16, 1, 458, 109, -1, 242, 363, 15.7, 25, ABpraapappa, 243, 27022, 20645, 764, , 27022, 25000, 28692, 29018, 0, 
17, 1, 232, 77, -1, 321, 299, 13.5, 24, ABaraappppp, 207, 27268, 20942, 768, , 27268, 25000, 29172, 29110, 0, 
18, 1, 85, 251, -1, 219, 135, 17.1, 23, ABalpppapav, 208, 27750, 13764, 496, , 27750, 25000, 28777, 28580, 0, 
19, 1, 178, 444, -1, 387, 162, 14.2, 23, ABplppapaaa, 227, 28057, 15151, 540, , 28057, 25000, 28898, 28896, 0, 
20, 1, 222, 389, -1, 219, 267, 11.0, 23, MSppaaaa, 229, 28076, 14375, 512, , 28076, 25000, 27904, 27907, 0, 
21, 1, 156, 89, -1, 444, 172, 12.1, 24, ABplpppaaaa, 228, 28361, 17130, 604, , 28361, 25000, 28112, 27942, 0, 
22, 1, 444, 309, -1, 295, 284, 8.0, 22, ABprppaaaaa, 104, 27831, 10687, 384, , 27831, 25000, 29502, 29268, 0, 
23, 0, 71, -1, -1, 381, 297, 16.8, 24, , 192, -72, 20002, 656, , 30491, 25000, 30029, 30563, 0, 
24, 1, 290, 250, -1, 453, 150, 13.8, 24, ABplpppaaap, 204, 27831, 18257, 656, , 27831, 25000, 28582, 28752, 0, 
25, 1, 530, 507, -1, 470, 206, 13.6, 24, ABplppppaap, 66, 28436, 19905, 700, , 28436, 25000, 28087, 28081, 0, 
26, 1, 286, 119, -1, 391, 149, 20.1, 28, ABplapaapp, 369, 28449, 30952, 1088, , 28449, 25000, 28151, 27992, 0, 
27, 1, 43, 238, -1, 499, 333, 13.9, 26, MSpppaap, 247, 27076, 21661, 800, , 27076, 25000, 29121, 29219, 0, 
28, 1, 44, 473, -1, 289, 378, 10.5, 24, ABpraaapppa, 200, 27574, 21177, 768, , 27574, 25000, 28066, 27924, 0, 
29, 1, 50, 154, -1, 163, 331, 19.0, 23, ABarpapaaap, -4, 27535, 14098, 512, , 27535, 25000, 28794, 28780, 0, 
30, 1, 259, 143, -1, 218, 383, 13.7, 26, ABarpapppa, 212, 26487, 22673, 856, , 26487, 25000, 28085, 28182, 0, 
31, 1, 223, 141, -1, 206, 326, 16.0, 25, MSppaaap, 240, 26869, 20528, 764, , 26869, 25000, 28007, 28075, 0, 
32, 1, 443, 283, -1, 367, 222, 19.7, 25, MSaapaapp, 244, 31450, 24028, 764, , 31450, 25000, 31786, 31623, 0, 
33, 1, 217, 10, -1, 256, 341, 13.7, 23, ABpraapapaa, 262, 28439, 16836, 592, , 28439, 25000, 28304, 28286, 0, 
34, 1, 489, 545, -1, 133, 306, 21.8, 29, ABarpapapa, -192, 27580, 30669, 1112, , 27580, 25000, 28252, 28276, 0, 
35, 1, 425, 163, -1, 352, 173, 8.8, 24, ABplpaaaapa, 217, 28995, 19021, 656, , 28995, 25000, 28769, 28749, 0, 
36, 1, 497, 262, -1, 335, 154, 14.1, 24, ABplppaapap, 91, 26881, 16236, 604, , 26881, 25000, 28313, 28376, 0, 
37, 1, 104, 243, -1, 225, 176, 10.5, 22, ABalppapppp, 167, 28273, 14476, 512, , 28273, 25000, 28773, 28832, 0, 
38, 1, 357, 519, -1, 392, 244, 14.8, 22, MSaappap, 220, 28587, 14179, 496, , 28587, 25000, 28871, 28792, 0, 
39, 0, 66, -1, -1, 515, 184, 5.0, 22, , 185, -2074, 15147, 384, , 39445, 25000, 40885, 41519, 0, 
40, 1, 376, 345, -1, 264, 282, 11.1, 24, ABarapappaa, 102, 29035, 17537, 604, , 29035, 25000, 28177, 28149, 0, 
41, 1, 147, 404, -1, 258, 298, 4.6, 24, ABpraappaa, 223, 39280, 27496, 700, , 39280, 25000, 37744, 37427, 0, 
42, 1, 355, 322, -1, 345, 325, 21.2, 22, MSpaaapap, 206, 27911, 13844, 496, , 27911, 25000, 28396, 28394, 0, 
43, 1, 225, 361, -1, 184, 218, 6.8, 23, ABaraaapppp, 93, 33328, 17997, 540, , 33328, 25000, 35094, 35807, 0, 
44, 1, 171, 37, -1, 297, 151, 13.5, 29, ABplppaaaaa, 125, 28003, 30243, 1080, , 28003, 25000, 28959, 29325, 0, 
45, 1, 467, -1, -1, 222, 197, 8.6, 24, ABalpapaapp, 200, 29631, 20742, 700, , 29631, 25000, 29485, 29621, 0, 
46, 1, 295, 368, -1, 481, 169, 25.4, 29, ABarppappa, 292, 27849, 32193, 1156, , 27849, 25000, 28807, 28814, 0, 
47, 1, 77, 241, -1, 494, 189, 17.3, 24, ABplpppppaa, 89, 29009, 20422, 704, , 29009, 25000, 29452, 29491, 0, 
48, 1, 487, 286, -1, 367, 256, 10.2, 22, ABprpapappa, 223, 28280, 14027, 496, , 28280, 25000, 29848, 30294, 0, 
49, 1, 363, 296, -1, 205, 277, 24.4, 26, MSapappp, 237, 28870, 24020, 832, , 28870, 25000, 28859, 28913, 0, 
50, 1, 158, 38, -1, 183, 316, 25.3, 27, ABplaaaapp, 438, 28152, 26012, 924, , 28152, 25000, 28992, 28889, 0, 
51, 1, 59, 247, -1, 556, 176, 12.8, 25, Cappppd, 196, 27700, 19501, 704, , 27700, 25000, 28826, 28872, 0, 
52, 1, 380, 240, -1, 280, 266, 5.3, 23, ABprpaapppp, 233, 37063, 21941, 592, , 37063, 25000, 36855, 36675, 0, 
53, 1, 427, 178, -1, 486, 121, 14.2, 26, ABplapappa, 248, 27241, 21684, 796, , 27241, 25000, 28021, 27957, 0, 
54, 1, 109, 486, -1, 472, 190, 8.4, 23, ABplppppapp, 40, 27875, 17840, 640, , 27875, 25000, 28397, 28508, 0, 
55, 1, 220, 158, -1, 202, 337, 21.3, 27, MSppappp, 515, 27267, 25195, 924, , 27267, 25000, 29049, 29114, 0, 
56, 1, 90, 350, -1, 161, 335, 22.7, 25, ABarpaapaa, 228, 28048, 21429, 764, , 28048, 25000, 29063, 29075, 0, 
57, 1, 361, 287, -1, 289, 279, 14.6, 23, ABarapaappp, 137, 27025, 17296, 640, , 27025, 25000, 28421, 28419, 0, 
58, 1, 170, 115, -1, 251, 147, 10.0, 24, ABalppaappp, 202, 29245, 17781, 608, , 29245, 25000, 28751, 28722, 0, 
59, 1, 358, 419, -1, 351, 179, 26.1, 24, ABarppapaa, 206, 27293, 16485, 604, , 27293, 25000, 30317, 30327, 0, 
60, 1, 456, 170, -1, 170, 316, 8.6, 22, ABpraaaaapv, 203, 29026, 16603, 572, , 29026, 25000, 29135, 29184, 0, 
61, 1, 454, 495, -1, 552, 275, 16.7, 31, Eprpa, 223, 28743, 39320, 1368, , 28743, 25000, 29456, 29585, 0, 
62, 1, 92, 92, -1, 285, 203, 16.0, 24, ABalpapppap, 239, 26474, 16096, 608, , 26474, 25000, 28125, 28166, 0, 
63, 1, 185, 411, -1, 343, 276, 11.3, 24, MSpapaaap, 197, 29686, 20899, 704, , 29686, 25000, 30600, 30085, 0, 
64, 1, 302, 254, -1, 343, 238, 12.2, 24, ABarapapapp, 41, 30188, 19803, 656, , 30188, 25000, 29670, 29694, 0, 
65, 1, 53, 221, -1, 187, 370, 13.7, 25, ABarpappap, 204, 26613, 20332, 764, , 26613, 25000, 27596, 27396, 0, 
66, 1, 323, 233, -1, 362, 310, 22.3, 25, MSaaappp, 201, 28202, 21546, 764, , 28202, 25000, 28296, 28407, 0, 
67, 1, 392, 469, -1, 516, 319, 6.1, 26, ABprapapap, 259, 35874, 28699, 800, , 35874, 25000, 37438, 37611, 0, 
68, 1, 424, 64, -1, 250, 373, 12.8, 26, ABpraapappp, 204, 28822, 22942, 796, , 28822, 25000, 28161, 28252, 0, 
69, 1, 299, 314, -1, 463, 322, 18.8, 30, Epraa, 304, 27231, 35945, 1320, , 27231, 25000, 28660, 28670, 0, 
70, 1, 30, 2, -1, 161, 197, 24.7, 25, ABplaaapaa, -90, 28419, 21712, 764, , 28419, 25000, 28562, 28635, 0, 
71, 1, 75, 101, -1, 439, 170, 16.1, 24, ABplppapapp, 211, 28404, 17156, 604, , 28404, 25000, 28379, 28235, 0, 
72, 1, 8, 433, -1, 423, 280, 9.4, 23, ABprppappap, 196, 26881, 17204, 640, , 26881, 25000, 29320, 29449, 0, 
73, 1, 336, 339, -1, 436, 380, 16.6, 25, Cpppaaa, 231, 28192, 23456, 832, , 28192, 25000, 28475, 28589, 0, 
74, 1, 133, 364, -1, 452, 358, 12.4, 25, Cppaaap, 252, 28007, 23302, 832, , 28007, 25000, 29253, 29306, 0, 
75, 1, 128, 164, -1, 275, 361, 13.4, 23, ABpraapapap, 277, 28800, 18432, 640, , 28800, 25000, 27638, 27654, 0, 
76, 1, 119, 207, -1, 400, 288, 7.5, 23, ABprppapaaa, 175, 29133, 18412, 632, , 29133, 25000, 30990, 31197, 0, 
77, 1, 164, 430, -1, 512, 177, 10.9, 24, Cappppv, 315, 28041, 16937, 604, , 28041, 25000, 28571, 28629, 0, 
78, 1, 195, 277, -1, 287, 241, 17.7, 24, ABalpaaappp, 162, 28199, 19852, 704, , 28199, 25000, 28029, 27975, 0, 
79, 1, 39, 103, -1, 221, 303, 10.5, 23, ABprpaapaaa, 135, 27239, 17215, 632, , 27239, 25000, 28437, 28405, 0, 
80, 1, 197, 76, -1, 366, 285, 5.4, 25, ABprapaapa, 202, 37856, 31496, 832, , 37856, 25000, 36680, 36946, 0, 
81, 1, 20, 40, -1, 166, 295, 24.8, 25, ABplaaaapa, 218, 28305, 19927, 704, , 28305, 25000, 28329, 28371, 0, 
82, 1, 131, 272, -1, 257, 229, 10.1, 23, ABarapaaapp, 264, 28379, 14076, 496, , 28379, 25000, 28252, 28207, 0, 
83, 1, 155, 395, -1, 157, 157, 21.1, 25, ABalpppaapd, 22, 29913, 20580, 688, , 29913, 25000, 28152, 27944, 0, 
84, 1, 461, 149, -1, 176, 171, 22.4, 24, ABplaapaapa, 61, 29209, 20446, 700, , 29209, 25000, 28037, 27911, 0, 
85, 1, 307, 253, -1, 416, 260, 7.0, 23, ABprpaaaapp, 226, 29775, 15245, 512, , 29775, 25000, 32789, 33233, 0, 
86, 1, 416, 460, -1, 374, 317, 13.7, 28, MSpapaapp, 216, 28643, 30476, 1064, , 28643, 25000, 30448, 30318, 0, 
87, 1, 86, 407, -1, 291, 180, 7.9, 24, ABalpapapaa, 234, 29652, 17910, 604, , 29652, 25000, 31043, 30977, 0, 
88, 1, 62, 532, -1, 421, 185, 14.7, 23, ABplppapapa, -126, 27412, 16228, 592, , 27412, 25000, 28041, 27815, 0, 
89, 1, 189, 47, -1, 187, 248, 18.0, 25, ABaraapaaaa, 52, 27522, 21027, 764, , 27522, 25000, 27911, 28094, 0, 
90, 1, 520, 500, -1, 255, 369, 9.0, 22, ABpraaapppp, 219, 26138, 10037, 384, , 26138, 25000, 28283, 28259, 0, 
91, 1, 25, 342, -1, 296, 308, 15.4, 25, ABaraapppaa, 207, 27383, 22783, 832, , 27383, 25000, 27949, 27865, 0, 
92, 1, 353, 327, -1, 360, 132, 19.2, 27, ABplaapppp, 231, 29301, 25433, 868, , 29301, 25000, 28455, 28401, 0, 
93, 1, 383, 72, -1, 487, 151, 8.6, 23, ABplpppapaa, 195, 29239, 18713, 640, , 29239, 25000, 29209, 29107, 0, 
94, 1, 187, 169, -1, 308, 228, 11.9, 24, ABarapapppa, 215, 28613, 17282, 604, , 28613, 25000, 28674, 28714, 0, 
95, 1, 188, 316, -1, 255, 179, 9.2, 26, ABalppapapa, 63, 28839, 22956, 796, , 28839, 25000, 29006, 29004, 0, 
96, 1, 408, 111, -1, 165, 259, 18.4, 28, MSaaaaaa, 177, 27994, 27658, 988, , 27994, 25000, 28048, 27975, 0, 
97, 1, 284, 383, -1, 462, 308, 7.3, 23, ABprppapapp, 203, 26914, 15933, 592, , 26914, 25000, 30455, 30488, 0, 
98, 1, 31, 203, -1, 264, 319, 17.4, 28, ABaraappapp, 275, 27227, 26900, 988, , 27227, 25000, 28494, 28592, 0, 
99, 1, 505, 78, -1, 238, 226, 12.2, 23, ABarapaaapa, 210, 27176, 14675, 540, , 27176, 25000, 28390, 28267, 0, 
100, 1, 278, 525, -1, 150, 303, 10.1, 22, ABalaappppp, 215, 26612, 12348, 464, , 26612, 25000, 28075, 28088, 0, 
101, 1, 205, 359, -1, 502, 318, 20.8, 30, Earpp, 301, 28664, 37836, 1320, , 28664, 25000, 29419, 29358, 0, 
102, 1, 603, 225, -1, 180, 313, 14.8, 23, ABalappapap, 194, 28265, 15263, 540, , 28265, 25000, 27426, 27223, 0, 
103, 1, 213, 112, -1, 257, 258, 12.4, 25, ABarapapaap, 192, 26540, 22081, 832, , 26540, 25000, 27821, 27667, 0, 
104, 1, 111, 450, -1, 244, 161, 14.3, 23, ABplpaaappa, 206, 28443, 16838, 592, , 28443, 25000, 28719, 29060, 0, 
105, 1, 279, 489, -1, 489, 371, 19.4, 28, Cpppaap, 279, 28343, 28003, 988, , 28343, 25000, 28411, 28465, 0, 
106, 1, 110, 523, -1, 425, 200, 17.7, 23, MSaapppp, 226, 28277, 16740, 592, , 28277, 25000, 28011, 28037, 0, 
107, 1, 116, 370, -1, 318, 211, 14.7, 23, MSaapaaaa, 203, 29014, 17176, 592, , 29014, 25000, 28604, 28705, 0, 
108, 1, 159, 148, -1, 468, 363, 9.1, 26, ABprappaap, 246, 29024, 23219, 800, , 29024, 25000, 28665, 28699, 0, 
109, 1, 97, 145, -1, 253, 136, 14.7, 25, ABplpaaapap, 233, 28391, 21691, 764, , 28391, 25000, 28310, 28379, 0, 
110, 1, 537, 499, -1, 348, 161, 17.0, 22, Daapp, 208, 27164, 10431, 384, , 27164, 25000, 28108, 28098, 0, 
111, 1, 465, 521, -1, 282, 176, 11.4, 21, ABplpapaapa, 183, 28595, 14984, 524, , 28595, 25000, 28285, 28250, 0, 
112, 1, 208, 358, -1, 359, 356, 7.5, 27, ABpraapppp, 276, 28132, 25206, 896, , 28132, 25000, 30619, 30633, 0, 
113, 1, 68, 446, -1, 206, 183, 9.9, 23, ABalpapaaaa, 249, 27921, 13849, 496, , 27921, 25000, 28699, 28889, 0, 
114, 1, 212, 49, -1, 291, 295, 22.5, 23, MSaaaapap, 227, 28253, 17856, 632, , 28253, 25000, 28569, 28596, 0, 
115, 1, 356, 485, -1, 509, 166, 19.6, 25, Capaapp, 247, 28025, 23317, 832, , 28025, 25000, 29382, 29387, 0, 
116, 1, 1, 98, -1, 535, 196, 23.4, 29, Capapap, 276, 28228, 32631, 1156, , 28228, 25000, 29211, 29229, 0, 
117, 1, 419, 201, -1, 160, 187, 14.0, 22, ABalaaaalal, 198, 26573, 10204, 384, , 26573, 25000, 27814, 27920, 0, 
118, 0, 288, -1, -1, 217, 348, 13.0, 24, , 224, -1061, 16997, 608, , 27956, 25000, 28817, 29017, 0, 
119, 1, 314, 313, -1, 264, 218, 21.1, 23, ABalpaapapp, 196, 28230, 14002, 496, , 28230, 25000, 28402, 28338, 0, 
120, 0, 215, -1, -1, 261, 282, 15.3, 24, , 100, -45, 20032, 704, , 28455, 25000, 28499, 28500, 0, 
121, 0, 49, -1, -1, 335, 316, 6.0, 22, , 192, -221, 13180, 384, , 34323, 25000, 34443, 34544, 0, 
122, 1, 303, 275, -1, 315, 301, 6.6, 27, ABprppaaaap, -43, 32789, 32396, 988, , 32789, 25000, 34186, 33754, 0, 
123, 1, 521, 365, -1, 396, 374, 16.7, 23, Dppap, 151, 29150, 17257, 592, , 29150, 25000, 28867, 28962, 0, 
124, 1, 325, 216, -1, 459, 141, 18.3, 26, ABplappapp, 107, 27549, 23582, 856, , 27549, 25000, 28761, 28794, 0, 
125, 1, 459, 390, -1, 406, 399, 12.2, 26, ABarppppap, 259, 27219, 21666, 796, , 27219, 25000, 28075, 28075, 0, 
126, 1, 88, 174, -1, 494, 339, 7.8, 25, ABprappapp, 236, 28548, 20098, 704, , 28548, 25000, 31147, 31156, 0, 
127, 1, 36, 267, -1, 240, 296, 13.8, 24, ABarapaapap, 62, 29290, 19214, 656, , 29290, 25000, 28207, 28344, 0, 
128, 1, 46, 55, -1, 334, 376, 11.7, 25, ABprapaaapa, 210, 28157, 21512, 764, , 28157, 25000, 29420, 29412, 0, 
129, 1, 351, 162, -1, 330, 324, 9.2, 23, Dpapa, 219, 27920, 15077, 540, , 27920, 25000, 28454, 28716, 0, 
130, 1, 203, 9, -1, 384, 398, 16.2, 27, ABarpppapp, 275, 26990, 23427, 868, , 26990, 25000, 27986, 27914, 0, 
131, 1, 194, 269, -1, 388, 224, 10.4, 24, ABprpappapp, 361, 29673, 20771, 700, , 29673, 25000, 28776, 29010, 0, 
132, 1, 370, 408, -1, 162, 219, 23.1, 23, ABalapapppp, 230, 26815, 13300, 496, , 26815, 25000, 28407, 28487, 0, 
133, 1, 478, 470, -1, 529, 176, 8.1, 23, ABplppppppa, 202, 29139, 14453, 496, , 29139, 25000, 30401, 30199, 0, 
134, 1, 264, 260, -1, 195, 131, 19.5, 27, ABplpaapapa, 345, 28119, 25195, 896, , 28119, 25000, 27351, 27405, 0, 
135, 1, 42, 305, -1, 285, 220, 6.2, 23, ABarappapaa, 70, 34113, 18421, 540, , 34113, 25000, 35404, 35982, 0, 
136, 0, -1, -1, -1, 178, 144, 15.5, 25, , 15, -495, 21273, 768, , 27699, 25000, 28125, 28194, 0, 
137, 1, 475, 295, -1, 247, 163, 19.9, 23, ABalpppppap, -149, 26502, 13145, 496, , 26502, 25000, 28603, 28563, 0, 
138, 1, 172, 128, -1, 265, 304, 13.1, 24, ABarapaappa, 19, 28018, 16923, 604, , 28018, 25000, 27717, 27594, 0, 
139, 1, 176, 366, -1, 183, 168, 15.2, 23, ABalppappaa, 65, 27415, 14804, 540, , 27415, 25000, 28645, 28844, 0, 
140, 1, 522, 303, -1, 233, 160, 11.6, 25, ABalppapppa, 194, 28185, 23450, 832, , 28185, 25000, 29032, 28943, 0, 
141, 1, 446, 96, -1, 131, 276, 22.5, 23, ABarpaaaapa, 194, 28049, 17727, 632, , 28049, 25000, 28918, 29173, 0, 
142, 1, 238, 434, -1, 124, 287, 18.9, 24, ABarpaaapaa, 182, 27714, 16739, 604, , 27714, 25000, 27990, 28075, 0, 
143, 0, 191, -1, -1, 86, 263, 16.0, 24, , -483, 3222, 18698, 608, , 30753, 25000, 27534, 27531, 0, 
144, 1, 417, 343, -1, 228, 339, 25.4, 29, ABarpaapap, 265, 27181, 31421, 1156, , 27181, 25000, 29314, 29389, 0, 
145, 1, 438, 59, -1, 488, 244, 10.3, 27, ABprppppaap, 261, 27618, 25519, 924, , 27618, 25000, 28883, 29248, 0, 
146, 1, 329, 87, -1, 265, 276, 8.1, 22, ABprpaaappp, 211, 29478, 13678, 464, , 29478, 25000, 28447, 28315, 0, 
147, 0, 245, -1, -1, 230, 174, 22.7, 23, , 198, 1176, 17817, 592, , 30096, 25000, 28757, 28920, 0, 
148, 1, 5, 337, -1, 115, 260, 20.9, 24, ABarpaaaaal, -84, 27535, 16631, 604, , 27535, 25000, 28528, 28603, 0, 
149, 1, 379, 249, -1, 459, 222, 16.6, 31, Z3, 311, 27201, 36232, 1332, , 27201, 25000, 28034, 27991, 0, 
150, 1, 486, 526, -1, 475, 285, 6.7, 22, ABprppapppp, 174, 31080, 16286, 524, , 31080, 25000, 32422, 32118, 0, 
151, 1, 346, 166, -1, 506, 227, 5.2, 24, ABprpppapaa, 186, 38590, 25315, 656, , 38590, 25000, 38550, 38220, 0, 
152, 1, 462, 23, -1, 272, 398, 13.7, 26, ABarpapppp, 209, 27577, 23606, 856, , 27577, 25000, 28327, 28311, 0, 
153, 1, 470, 217, -1, 369, 242, 6.2, 23, ABprpaaaapa, 206, 34087, 18407, 540, , 34087, 25000, 34622, 34617, 0, 
154, 0, 397, -1, -1, 339, 142, 11.6, 23, , 103, 1804, 19322, 640, , 30191, 25000, 28172, 28387, 0, 
155, 0, 268, -1, -1, 543, 121, 17.0, 22, , 221, 885, 11025, 384, , 28711, 25000, 27735, 27826, 0, 
156, 1, 10, 116, -1, 222, 196, 26.1, 28, ABplaaappa, 87, 30005, 32645, 1088, , 30005, 25000, 29213, 29314, 0, 
157, 1, 229, 56, -1, 464, 193, 12.3, 23, ABplppppaaa, 171, 28551, 16902, 592, , 28551, 25000, 28129, 27945, 0, 
158, 1, 593, 432, -1, 185, 147, 12.4, 25, ABalppaaapp, 26, 27609, 22971, 832, , 27609, 25000, 28176, 28076, 0, 
159, 1, 56, 292, -1, 468, 398, 18.5, 29, Caaaap, 286, 27454, 29650, 1080, , 27454, 25000, 28058, 28050, 0, 
160, 1, 141, 347, -1, 473, 267, 9.4, 23, ABprppppaaa, 222, 27889, 17849, 640, , 27889, 25000, 29195, 29305, 0, 
161, 1, 319, 392, -1, 170, 226, 11.2, 24, ABaraaappaa, -93, 28416, 18641, 656, , 28416, 25000, 28532, 28608, 0, 
162, 1, 538, 129, -1, 334, 293, 20.4, 24, MSaaaappp, 238, 27363, 19154, 700, , 27363, 25000, 29074, 29134, 0, 
163, 1, 142, 334, -1, 224, 127, 14.4, 22, ABalpppapad, -118, 26771, 15313, 572, , 26771, 25000, 27670, 27734, 0, 
164, 1, 338, 360, -1, 237, 310, 23.1, 25, MSpaaaaaa, 90, 27837, 19152, 688, , 27837, 25000, 29078, 29082, 0, 
165, 1, 230, 308, -1, 443, 287, 19.8, 30, Ealap, 301, 28355, 37428, 1320, , 28355, 25000, 28557, 28557, 0, 
166, 1, 107, 53, -1, 502, 377, 12.6, 27, ABarpppppa, 248, 26855, 26533, 988, , 26855, 25000, 28127, 28068, 0, 
167, 1, 510, 294, -1, 245, 202, 11.3, 24, ABalpappapa, 226, 28124, 19799, 704, , 28124, 25000, 28589, 28680, 0, 
168, 1, 415, 371, -1, 331, 119, 13.5, 27, ABplaapppa, 274, 26408, 23662, 896, , 26408, 25000, 27286, 27353, 0, 
169, 1, 282, 461, -1, 545, 260, 20.1, 34, Eplap, 320, 28088, 55501, 1976, , 28088, 25000, 29370, 29337, 0, 
170, 1, 499, 11, -1, 339, 243, 24.6, 26, Daaap, 259, 28588, 23785, 832, , 28588, 25000, 29236, 29306, 0, 
171, 1, 344, 412, -1, 157, 180, 21.1, 22, ABalppppapp, 194, 29879, 13864, 464, , 29879, 25000, 28660, 27796, 0, 
172, 1, 204, 344, -1, 448, 200, 10.4, 22, ABplpapppaa, 154, 29028, 16604, 572, , 29028, 25000, 28450, 28560, 0, 
173, 1, 102, 510, -1, 146, 210, 15.3, 23, ABalaaaalar, 201, 27287, 16154, 592, , 27287, 25000, 28126, 28095, 0, 
174, 1, 11, 508, -1, 207, 209, 8.5, 23, ABalpapaapa, 185, 30019, 18972, 632, , 30019, 25000, 29532, 29827, 0, 
175, 0, 135, -1, -1, 217, 218, 23.5, 23, , 6, 221, 18133, 632, , 28691, 25000, 28453, 28470, 0, 
176, 0, 26, -1, -1, 205, 306, 21.1, 23, , 213, 1938, 15033, 496, , 30308, 25000, 28272, 28370, 0, 
177, 1, 19, 494, -1, 525, 286, 5.8, 24, ABprapappa, 248, 39104, 25652, 656, , 39104, 25000, 38589, 38732, 0, 
178, 0, 265, -1, -1, 358, 251, 19.9, 24, , 207, -65, 17681, 604, , 29273, 25000, 29214, 29338, 0, 
179, 1, 333, 120, -1, 292, 274, 11.8, 23, ABarapappap, 12, 27348, 14768, 540, , 27348, 25000, 28902, 28999, 0, 
180, 1, 214, 67, -1, 213, 176, 17.9, 24, ABplpaapaaa, 197, 26639, 16090, 604, , 26639, 25000, 28745, 28769, 0, 
181, 1, 95, 190, -1, 256, 135, 17.9, 24, ABplpaaaaap, 205, 28987, 17508, 604, , 28987, 25000, 28854, 28685, 0, 
182, 1, 52, 464, -1, 343, 223, 7.8, 25, ABprpappapa, 218, 30706, 21617, 704, , 30706, 25000, 30003, 30202, 0, 
183, 1, 312, 496, -1, 195, 241, 6.5, 23, ABarapppaap, 203, 32312, 20421, 632, , 32312, 25000, 35135, 36506, 0, 
184, 1, 500, 299, -1, 190, 223, 9.2, 22, ABaraaappap, 220, 27879, 13828, 496, , 27879, 25000, 29096, 29357, 0, 
185, 1, 179, 160, -1, 293, 140, 11.6, 22, ABplpaapppa, 316, 27105, 15504, 572, , 27105, 25000, 28969, 29144, 0, 
186, 1, 439, 329, -1, 527, 117, 13.5, 24, ABplapppaap, 225, 27975, 21485, 768, , 27975, 25000, 27969, 27940, 0, 
187, 0, 132, -1, -1, 360, 130, 16.9, 22, , 208, 2604, 14292, 464, , 30802, 25000, 28384, 28198, 0, 
188, 1, 252, 26, -1, 218, 236, 8.4, 23, ABarappaaaa, 17, 28181, 18036, 640, , 28181, 25000, 28810, 28742, 0, 
189, 1, 196, 139, -1, 315, 136, 20.2, 24, ABplpaappap, 226, 28570, 18742, 656, , 28570, 25000, 28470, 28512, 0, 
190, 1, 473, 457, -1, 337, 353, 24.9, 31, ABarppaapa, 304, 27952, 41369, 1480, , 27952, 25000, 28500, 28491, 0, 
191, 1, 445, 477, -1, 303, 215, 9.6, 22, ABplpappaaa, -389, 28226, 16145, 572, , 28226, 25000, 29048, 29006, 0, 
192, 1, 327, 68, -1, 387, 201, 11.0, 23, ABplppaappa, 172, 27818, 14243, 512, , 27818, 25000, 28321, 28511, 0, 
193, 1, 298, 107, -1, 209, 232, 11.2, 24, ABarapaaaaa, 267, 27476, 18024, 656, , 27476, 25000, 28543, 28510, 0, 
194, 1, 362, 125, -1, 144, 304, 17.9, 22, ABarpapaaaa, 221, 26724, 12400, 464, , 26724, 25000, 28310, 28474, 0, 
195, 1, 400, 150, -1, 213, 158, 14.9, 29, ABplpaaaaaa, -547, 28746, 34725, 1208, , 28746, 25000, 28066, 28207, 0, 
196, 1, 21, 13, -1, 417, 317, 19.6, 30, Earap, -110, 29419, 34008, 1156, , 29419, 25000, 28770, 28758, 0, 
197, 1, 372, 133, -1, 430, 322, 25.9, 34, Cpaaap, 345, 29106, 57514, 1976, , 29106, 25000, 28993, 28994, 0, 
198, 1, 224, 312, -1, 341, 331, 17.9, 26, MSpaapapp, 157, 28226, 22581, 800, , 28226, 25000, 28579, 28628, 0, 
199, 1, 541, 118, -1, 306, 186, 10.1, 22, ABplpapaaaa, 190, 28274, 13119, 464, , 28274, 25000, 29610, 29659, 0, 
200, 0, 453, -1, -1, 166, 279, 21.4, 24, , 227, 4413, 22391, 700, , 31987, 25000, 27735, 27574, 0, 
201, 1, 277, 5, -1, 344, 372, 17.3, 24, Dpaap, 248, 29344, 20658, 704, , 29344, 25000, 29153, 29172, 0, 
202, 1, 233, 289, -1, 425, 308, 8.3, 22, ABprppapaap, 186, 29508, 15462, 524, , 29508, 25000, 29818, 29979, 0, 
203, 1, 310, 81, -1, 366, 215, 24.9, 27, ABarppaapp, 262, 29161, 26478, 908, , 29161, 25000, 29393, 29386, 0, 
204, 1, 359, 441, -1, 457, 397, 12.9, 26, ABprappapa, 245, 27753, 22202, 800, , 27753, 25000, 27667, 27667, 0, 
205, 1, 514, 127, -1, 187, 210, 14.2, 22, ABaraaaaaaa, 203, 27173, 13478, 496, , 27173, 25000, 29383, 29213, 0, 
206, 1, 471, 397, -1, 214, 165, 7.5, 23, ABalppaappa, 202, 28761, 18177, 632, , 28761, 25000, 31777, 31892, 0, 
207, 0, 76, -1, -1, 158, 311, 12.2, 23, , 394, 314, 15563, 540, , 28820, 25000, 28236, 28506, 0, 
208, 1, 28, 20, -1, 192, 222, 16.3, 24, ABalpaapaaa, 199, 28325, 19941, 704, , 28325, 25000, 28303, 28548, 0, 
209, 1, 305, 301, -1, 344, 309, 11.9, 23, MSpapaapa, 232, 31016, 15384, 496, , 31016, 25000, 29865, 29873, 0, 
210, 1, 431, 375, -1, 136, 195, 16.8, 24, ABalaaapalr, 226, 27916, 18313, 656, , 27916, 25000, 28047, 28143, 0, 
211, 1, 17, 79, -1, 133, 315, 15.8, 24, ABpraapaaap, 242, 27747, 18202, 656, , 27747, 25000, 28009, 27961, 0, 
212, 1, 167, 16, -1, 518, 147, 22.7, 28, ABplapapaa, 282, 27728, 29503, 1064, , 27728, 25000, 28246, 28246, 0, 
213, 1, 269, 123, -1, 266, 207, 9.7, 24, ABarapapapa, 201, 27438, 19316, 704, , 27438, 25000, 28709, 28816, 0, 
214, 1, 108, 159, -1, 316, 330, 15.5, 29, ABaraapppap, 229, 27519, 29720, 1080, , 27519, 25000, 27991, 27851, 0, 
215, 0, 398, -1, -1, 217, 165, 20.7, 23, , 175, -1414, 16277, 592, , 27495, 25000, 28829, 28909, 0, 
216, 1, 22, 402, -1, 140, 236, 21.8, 24, ABplaaaaaaa, 194, 27657, 18143, 656, , 27657, 25000, 29206, 29199, 0, 
217, 1, 422, 276, -1, 179, 299, 12.2, 24, ABpraaapapa, 239, 27706, 18175, 656, , 27706, 25000, 27974, 28052, 0, 
218, 1, 228, 75, -1, 362, 146, 12.9, 24, ABplapaapa, 509, 26869, 16229, 604, , 26869, 25000, 28522, 28541, 0, 
219, 1, 123, 179, -1, 506, 155, 13.2, 24, ABplpppaapa, 178, 27044, 17741, 656, , 27044, 25000, 28207, 28325, 0, 
220, 1, 410, 50, -1, 297, 155, 22.3, 24, ABalppppppa, 209, 28055, 19751, 704, , 28055, 25000, 27399, 27420, 0, 
221, 1, 248, 210, -1, 291, 251, 11.9, 25, ABarapapppp, 292, 27597, 18987, 688, , 27597, 25000, 28184, 28284, 0, 
222, 1, 151, 498, -1, 479, 290, 22.5, 31, Eplaa, 312, 27767, 34209, 1232, , 27767, 25000, 28888, 28931, 0, 
223, 1, 399, 393, -1, 272, 171, 26.4, 33, ABplaaappp, 337, 30587, 50162, 1640, , 30587, 25000, 29687, 29857, 0, 
224, 1, 78, 165, -1, 364, 172, 12.4, 23, ABalpapappp, -111, 28064, 17961, 640, , 28064, 25000, 28947, 29069, 0, 
225, 1, 390, 311, -1, 318, 239, 9.0, 22, ABprpapppaa, 225, 30995, 11902, 384, , 30995, 25000, 28723, 29015, 0, 
226, 1, 65, 48, -1, 505, 139, 10.1, 22, ABplpppaapp, 168, 27489, 12755, 464, , 27489, 25000, 28244, 28470, 0, 
227, 1, 122, 453, -1, 229, 222, 5.9, 23, ABarapppapa, 202, 38625, 19158, 496, , 38625, 25000, 37866, 38197, 0, 
228, 1, 496, 204, -1, 353, 287, 8.0, 22, ABprppaapap, 204, 27112, 10411, 384, , 27112, 25000, 29374, 29646, 0, 
229, 1, 518, 12, -1, 150, 228, 19.9, 22, ABalapappap, 196, 28722, 13327, 464, , 28722, 25000, 28172, 28253, 0, 
230, 1, 263, 186, -1, 329, 227, 5.4, 28, ABarappapap, 274, 42939, 42424, 988, , 42939, 25000, 35347, 35491, 0, 
231, 1, 347, 346, -1, 246, 182, 6.8, 25, ABalpapaaap, 206, 34223, 24093, 704, , 34223, 25000, 36511, 37207, 0, 
232, 0, 373, -1, -1, 385, 165, 11.2, 23, , 250, 1042, 15799, 540, , 29257, 25000, 28256, 28215, 0, 
233, 1, 162, 151, -1, 353, 273, 26.5, 33, Cpaaaa, 334, 28123, 45672, 1624, , 28123, 25000, 28721, 28705, 0, 
234, 1, 267, 336, -1, 488, 207, 11.0, 22, ABplpappppp, 196, 25997, 9983, 384, , 25997, 25000, 28613, 28615, 0, 
235, 1, 32, 603, -1, 261, 200, 17.6, 24, ABalpapppaa, 199, 28490, 19943, 700, , 28490, 25000, 28057, 28188, 0, 
236, 1, 441, 235, -1, 265, 368, 17.5, 23, MSppppap, 156, 26206, 16562, 632, , 26206, 25000, 28979, 28973, 0, 
237, 1, 546, 487, -1, 478, 205, 19.5, 25, MSappaap, 204, 27938, 21456, 768, , 27938, 25000, 28331, 28350, 0, 
238, 1, 480, 258, -1, 436, 378, 19.0, 23, Dpppp, 231, 28189, 14433, 512, , 28189, 25000, 28391, 28442, 0, 
239, 1, 309, 202, -1, 297, 355, 10.3, 25, ABprpaappaa, 241, 27927, 21336, 764, , 27927, 25000, 27946, 28161, 0, 
240, 1, 40, 22, -1, 297, 386, 16.0, 28, ABprapaaaap, 8, 27401, 30908, 1128, , 27401, 25000, 28224, 28242, 0, 
241, 1, 184, 501, -1, 504, 261, 8.1, 22, Cppappp, 206, 28397, 13176, 464, , 28397, 25000, 30247, 30325, 0, 
242, 1, 388, 39, -1, 209, 204, 13.2, 25, ABalpaaaaaa, 41, 27740, 19529, 704, , 27740, 25000, 28434, 28664, 0, 
243, 1, 138, 399, -1, 211, 296, 4.9, 23, ABpraaaaaap, 193, 43167, 21411, 496, , 43167, 25000, 40696, 41237, 0, 
244, 1, 157, 484, -1, 306, 296, 11.8, 23, ABaraappppa, 406, 28459, 15368, 540, , 28459, 25000, 28090, 28225, 0, 
245, 1, 508, 533, -1, 168, 312, 20.6, 22, ABalapppapp, 73, 27729, 15861, 572, , 27729, 25000, 28272, 28387, 0, 
246, 1, 60, 353, -1, 178, 333, 12.5, 23, ABpraapaapa, 395, 26595, 16808, 632, , 26595, 25000, 28202, 28295, 0, 
247, 0, 278, -1, -1, 147, 304, 8.4, 22, , 320, 603, 16602, 572, , 29024, 25000, 28580, 28421, 0, 
248, 1, 16, 58, -1, 105, 231, 19.0, 25, ABplaapaaaa, 207, 28098, 21467, 764, , 28098, 25000, 28271, 28269, 0, 
249, 1, 14, 440, -1, 118, 272, 11.3, 27, ABalaaapplr, 200, 27500, 25410, 924, , 27500, 25000, 27303, 27271, 0, 
250, 1, 468, 528, -1, 210, 318, 6.3, 24, ABpraaaapad, 203, 33727, 23744, 704, , 33727, 25000, 36099, 36847, 0, 
251, 1, 331, 105, -1, 179, 171, 11.6, 24, ABalppapaaa, 205, 28534, 19974, 700, , 28534, 25000, 28869, 28702, 0, 
252, 1, 308, 237, -1, 405, 382, 23.6, 34, Caaaaa, 342, 27400, 48772, 1780, , 27400, 25000, 28066, 28081, 0, 
253, 1, 37, 155, -1, 269, 187, 21.0, 24, ABplaapapaa, 22, 27842, 16928, 608, , 27842, 25000, 28200, 28090, 0, 
254, 1, 29, 413, -1, 538, 228, 17.7, 31, Eplpa, 299, 29646, 40556, 1368, , 29646, 25000, 28917, 29021, 0, 
255, 0, 72, -1, -1, 239, 292, 20.0, 24, , 215, 2879, 19083, 608, , 31387, 25000, 28570, 28508, 0, 
256, 1, 210, 209, -1, 368, 281, 12.4, 25, MSpapapa, 259, 44095, 36687, 832, , 44095, 25000, 33262, 33575, 0, 
257, 1, 58, 298, -1, 369, 240, 14.0, 22, MSaappaa, 177, 28505, 10946, 384, , 28505, 25000, 28840, 28973, 0, 
258, 1, 260, 84, -1, 112, 286, 15.5, 24, ABpraapaaaa, 193, 27495, 21116, 768, , 27495, 25000, 27599, 27592, 0, 
259, 1, 345, 320, -1, 448, 203, 21.8, 23, Capaaap, 202, 28483, 15381, 540, , 28483, 25000, 28325, 28331, 0, 
260, 1, 35, 335, -1, 182, 247, 7.8, 23, ABarapppaaa, 189, 27841, 15034, 540, , 27841, 25000, 30387, 30339, 0, 
261, 1, 428, 252, -1, 289, 251, 7.3, 23, ABprpapaapa, 202, 30659, 18150, 592, , 30659, 25000, 31376, 31444, 0, 
262, 1, 239, 131, -1, 428, 360, 9.3, 26, ABprappaaa, -80, 28437, 24342, 856, , 28437, 25000, 28869, 28923, 0, 
263, 1, 211, 472, -1, 544, 158, 16.9, 26, Cappapp, 250, 27385, 21908, 800, , 27385, 25000, 29024, 28973, 0, 
264, 1, 80, 356, -1, 475, 236, 6.6, 24, ABprppppapa, 227, 32141, 22499, 700, , 32141, 25000, 33556, 33932, 0, 
265, 1, 74, 378, -1, 552, 143, 13.6, 26, ABplapapppp, 132, 28615, 23808, 832, , 28615, 25000, 28301, 28298, 0, 
266, 1, 257, 110, -1, 188, 343, 8.6, 29, ABprpaapapa, -298, 29352, 33931, 1156, , 29352, 25000, 28770, 28709, 0, 
267, 1, 113, 293, -1, 577, 279, 12.2, 26, Cpppapp, 256, 27421, 21827, 796, , 27421, 25000, 29502, 29505, 0, 
268, 1, 348, 192, -1, 536, 298, 19.4, 30, Eprap, -174, 28202, 32602, 1156, , 28202, 25000, 29617, 29743, 0, 
269, 1, 181, 100, -1, 313, 244, 17.2, 26, ABaraapappp, 115, 28284, 22514, 796, , 28284, 25000, 28621, 28666, 0, 
270, 1, 457, 152, -1, 456, 169, 9.9, 23, ABplppppapa, 203, 28546, 14159, 496, , 28546, 25000, 28245, 28345, 0, 
271, 0, 332, -1, -1, 211, 257, 4.7, 22, , 204, 1749, 21088, 524, , 40244, 25000, 38715, 38495, 0, 
272, 1, 311, 167, -1, 205, 326, 24.7, 25, ABarpapapp, 193, 28965, 22129, 764, , 28965, 25000, 28905, 29141, 0, 
273, 1, 198, 135, -1, 495, 151, 16.8, 24, Capappp, 245, 29444, 19315, 656, , 29444, 25000, 28854, 28871, 0, 
274, 1, 15, 94, -1, 236, 211, 7.7, 23, ABarappaapa, 157, 30419, 18008, 592, , 30419, 25000, 30876, 30374, 0, 
275, 1, 169, 363, -1, 323, 396, 19.1, 28, ABarpppapa, 122, 27902, 30357, 1088, , 27902, 25000, 27731, 27708, 0, 
276, 1, 206, 326, -1, 403, 213, 13.6, 23, ABplppappap, 201, 27655, 17699, 640, , 27655, 25000, 27505, 27967, 0, 
277, 1, 276, 193, -1, 524, 253, 13.7, 31, Eprpp, 303, 27534, 37666, 1368, , 27534, 25000, 29290, 29328, 0, 
278, 1, 349, 73, -1, 355, 165, 23.0, 27, ABplapaaapp, -82, 28254, 29158, 1032, , 28254, 25000, 28841, 28648, 0, 
279, 1, 73, 122, -1, 266, 155, 13.2, 26, ABplpaaappp, 182, 26644, 21209, 796, , 26644, 25000, 28089, 28207, 0, 
280, 0, 479, -1, -1, 239, 183, 17.9, 22, , 164, 1043, 13604, 464, , 29319, 25000, 28250, 28276, 0, 
281, 1, 350, 357, -1, 330, 171, 16.8, 25, Daapa, 213, 28709, 20211, 704, , 28709, 25000, 28779, 29062, 0, 
282, 1, 69, 323, -1, 557, 354, 11.9, 28, ABprapapaa, 277, 28374, 30871, 1088, , 28374, 25000, 27750, 27735, 0, 
283, 1, 506, 33, -1, 288, 328, 21.3, 24, MSpaaappa, 236, 28987, 20407, 704, , 28987, 25000, 28188, 28437, 0, 
284, 1, 495, 448, -1, 189, 262, 14.4, 24, ABaraaapaaa, 235, 26269, 18388, 700, , 26269, 25000, 28087, 28428, 0, 
285, 1, 261, 124, -1, 316, 246, 21.5, 26, ABaraapapap, 230, 28342, 25394, 896, , 28342, 25000, 28036, 27918, 0, 
286, 1, 81, 28, -1, 450, 275, 7.3, 23, ABprppapppa, 205, 31154, 18443, 592, , 31154, 25000, 31030, 31521, 0, 
287, 1, 127, 474, -1, 577, 268, 8.2, 24, ABprapppaap, 199, 27980, 18355, 656, , 27980, 25000, 28668, 28662, 0, 
288, 1, 33, 184, -1, 348, 243, 8.9, 22, ABprpapapaa, 194, 26584, 12335, 464, , 26584, 25000, 28700, 28821, 0, 
289, 1, 251, 351, -1, 489, 367, 16.2, 26, Cppapaa, 235, 28470, 22662, 796, , 28470, 25000, 28704, 28696, 0, 
290, 1, 447, 259, -1, 278, 157, 19.7, 23, ABplpaappaa, 272, 28900, 17109, 592, , 28900, 25000, 27921, 27967, 0, 
291, 1, 226, 239, -1, 185, 305, 6.4, 22, ABpraaaaaaa, 194, 35692, 20416, 572, , 35692, 25000, 37060, 37839, 0, 
292, 1, 432, 391, -1, 189, 196, 22.0, 25, ABalapaaaa, 339, 27179, 20765, 764, , 27179, 25000, 28799, 28583, 0, 
293, 1, 236, 503, -1, 151, 162, 16.6, 27, ABalaaapall, 205, 26887, 26564, 988, , 26887, 25000, 28580, 28551, 0, 
294, 1, 420, 385, -1, 306, 205, 22.4, 25, MSapapaa, 210, 27102, 22549, 832, , 27102, 25000, 28972, 28890, 0, 
295, 1, 352, 514, -1, 367, 198, 12.6, 22, ABplpapappa, 176, 27128, 15517, 572, , 27128, 25000, 28469, 28704, 0, 
296, 0, 270, -1, -1, 240, 243, 19.8, 22, , -493, -648, 13807, 496, , 27837, 25000, 28640, 28485, 0, 
297, 0, 152, -1, -1, 299, 313, 10.4, 23, , 187, 792, 18312, 640, , 28613, 25000, 27885, 27821, 0, 
298, 1, 177, 45, -1, 366, 375, 12.8, 23, ABprapaaapp, 320, 28220, 15239, 540, , 28220, 25000, 28352, 28334, 0, 
299, 1, 476, 476, -1, 450, 323, 10.7, 26, MSpapppp, 191, 27674, 23689, 856, , 27674, 25000, 28772, 28914, 0, 
300, 1, 481, 261, -1, 438, 254, 10.9, 24, MSppaapp, 209, 29041, 17541, 604, , 29041, 25000, 28355, 28195, 0, 
301, 1, 98, 248, -1, 187, 274, 9.5, 23, ABarappppaa, 268, 28356, 17921, 632, , 28356, 25000, 28538, 28840, 0, 
302, 1, 491, 328, -1, 391, 265, 11.3, 25, ABprpapppap, 206, 28260, 21591, 764, , 28260, 25000, 29890, 29672, 0, 
303, 1, 436, 246, -1, 270, 159, 6.9, 24, ABplaappaa, 223, 32790, 19805, 604, , 32790, 25000, 35139, 35814, 0, 
304, 1, 469, 394, -1, 202, 265, 7.9, 22, ABarappppap, 338, 28759, 13344, 464, , 28759, 25000, 29250, 29396, 0, 
305, 1, 343, 85, -1, 196, 178, 25.5, 30, ABplaaapap, 110, 28057, 34566, 1232, , 28057, 25000, 29015, 29011, 0, 
306, 1, 96, 490, -1, 165, 185, 10.1, 23, ABalpaapppp, 202, 28403, 14088, 496, , 28403, 25000, 27753, 27627, 0, 
307, 1, 498, 60, -1, 445, 296, 12.4, 31, Z2, 313, 26831, 35739, 1332, , 26831, 25000, 28560, 28577, 0, 
308, 1, 293, 374, -1, 570, 221, 12.2, 27, Cpppppd, 276, 28765, 24968, 868, , 28765, 25000, 29418, 29538, 0, 
309, 1, 306, 463, -1, 536, 366, 18.4, 29, Caaapa, 295, 28024, 32396, 1156, , 28024, 25000, 28732, 28732, 0, 
310, 1, 386, 54, -1, 430, 225, 10.2, 22, ABprpapappp, 85, 28478, 14125, 496, , 28478, 25000, 28444, 28445, 0, 
311, 1, 542, 548, -1, 600, 218, 11.6, 24, Caappd, 172, 26889, 18822, 700, , 26889, 25000, 27294, 27269, 0, 
312, 1, 516, 331, -1, 344, 325, 14.4, 25, MSpapappa, 123, 30651, 25502, 832, , 30651, 25000, 29125, 29313, 0, 
313, 1, 18, 41, -1, 262, 170, 16.5, 24, MSapapap, -56, 27188, 20880, 768, , 27188, 25000, 28423, 28377, 0, 
314, 1, 94, 147, -1, 122, 213, 21.7, 24, ABplaapaaap, 194, 27149, 19113, 704, , 27149, 25000, 27972, 28050, 0, 
315, 1, 374, 278, -1, 236, 329, 8.6, 24, ABprpaaaaap, 332, 28061, 19643, 700, , 28061, 25000, 28566, 28711, 0, 
316, 1, 237, 415, -1, 259, 291, 22.3, 24, MSaaaaapp, 150, 29270, 20606, 704, , 29270, 25000, 28682, 28814, 0, 
317, 1, 54, 32, -1, 541, 137, 10.3, 25, ABplappppp, 228, 27312, 20866, 764, , 27312, 25000, 27131, 27163, 0, 
318, 1, 23, 30, -1, 211, 244, 25.3, 28, MSapappa, 218, 28620, 30452, 1064, , 28620, 25000, 29021, 29055, 0, 
319, 0, 136, -1, -1, 277, 299, 10.1, 22, , 194, -500, 13124, 464, , 28284, 25000, 28675, 28784, 0, 
320, 1, 235, 281, -1, 157, 280, 7.5, 27, ABalaaapprr, 193, 30689, 27497, 896, , 30689, 25000, 32282, 32599, 0, 
321, 1, 79, 194, -1, 262, 262, 22.4, 26, ABaraapaapp, -148, 26960, 22431, 832, , 26960, 25000, 28599, 28612, 0, 
322, 1, 231, 113, -1, 358, 215, 16.8, 26, MSaapapa, 280, 44499, 35421, 796, , 44499, 25000, 31939, 32161, 0, 
323, 1, 430, 483, -1, 268, 309, 15.5, 24, ABaraaapapp, 217, 27973, 21483, 768, , 27973, 25000, 28213, 28449, 0, 
324, 1, 354, 65, -1, 524, 239, 8.2, 24, ABprpppaapa, 215, 29694, 19479, 656, , 29694, 25000, 28954, 28996, 0, 
325, 1, 463, 226, -1, 519, 247, 25.7, 27, Cappaap, 207, 28003, 25875, 924, , 28003, 25000, 28676, 28670, 0, 
326, 1, 364, 462, -1, 278, 319, 24.5, 23, MSaaaapaa, 189, 29214, 18463, 632, , 29214, 25000, 28549, 28650, 0, 
327, 1, 394, 570, -1, 400, 370, 19.9, 26, Dpppap, 260, 28736, 22989, 800, , 28736, 25000, 28930, 28975, 0, 
328, 1, 368, 421, -1, 404, 269, 17.9, 28, Ealpa, 282, 28556, 31069, 1088, , 28556, 25000, 29302, 29317, 0, 
329, 1, 139, 381, -1, 364, 349, 11.5, 22, Dppaa, 185, 28252, 14465, 512, , 28252, 25000, 27948, 27858, 0, 
330, 1, 4, 497, -1, 529, 211, 14.4, 31, Eplpp, 311, 27643, 36820, 1332, , 27643, 25000, 29763, 29800, 0, 
331, 0, 262, -1, -1, 316, 183, 25.9, 24, , 59, -1542, 16980, 604, , 28113, 25000, 29601, 29655, 0, 
332, 1, 256, 388, -1, 242, 287, 8.2, 24, ABprpaaappa, 414, 28439, 18656, 656, , 28439, 25000, 29364, 29197, 0, 
333, 1, 100, 157, -1, 567, 216, 7.8, 26, ABprappppp, 240, 29465, 23454, 796, , 29465, 25000, 30603, 30850, 0, 
334, 1, 285, 418, -1, 419, 205, 11.4, 24, ABplppaappp, 143, 27204, 19043, 700, , 27204, 25000, 28040, 28511, 0, 
335, 1, 275, 8, -1, 213, 289, 8.2, 23, ABprpaaaaaa, 446, 27100, 14634, 540, , 27100, 25000, 28761, 28896, 0, 
336, 1, 395, 279, -1, 393, 234, 8.1, 22, ABprppaappa, -23, 29998, 13919, 464, , 29998, 25000, 30037, 29984, 0, 
337, 1, 240, 137, -1, 379, 275, 20.9, 33, Ealaa, 517, 28694, 49813, 1736, , 28694, 25000, 28932, 28998, 0, 
338, 1, 316, 284, -1, 207, 358, 18.3, 27, MSppappa, 241, 28908, 26711, 924, , 28908, 25000, 28063, 28116, 0, 
339, 1, 247, 245, -1, 448, 156, 21.4, 28, ABplappaap, 276, 27906, 27571, 988, , 27906, 25000, 28713, 28725, 0, 
340, 1, 315, 214, -1, 332, 188, 12.5, 22, ABplpapapaa, 223, 26533, 13585, 512, , 26533, 25000, 29286, 29649, 0, 
341, 0, 418, -1, -1, 312, 395, 13.0, 23, , 109, -286, 14301, 512, , 27932, 25000, 28230, 28218, 0, 
342, 1, 273, 401, -1, 257, 366, 24.0, 30, ABarpaappa, 309, 27547, 37134, 1348, , 27547, 25000, 28160, 28127, 0, 
343, 1, 9, 515, -1, 298, 335, 18.4, 23, MSpaapaap, 186, 28341, 18138, 640, , 28341, 25000, 28466, 28581, 0, 
344, 1, 154, 62, -1, 258, 197, 23.9, 25, ABplaapappa, -369, 27026, 18594, 688, , 27026, 25000, 28608, 28575, 0, 
345, 1, 161, 414, -1, 321, 267, 11.4, 23, MSpapaaaa, 159, 30845, 19741, 640, , 30845, 25000, 29424, 29663, 0, 
346, 1, 89, 46, -1, 268, 391, 18.1, 25, ABarpppaaa, 239, 28517, 19620, 688, , 28517, 25000, 28248, 28450, 0, 
347, 1, 460, 156, -1, 478, 183, 21.8, 25, Capaapa, 250, 28999, 20415, 704, , 28999, 25000, 28482, 28545, 0, 
348, 1, 442, 82, -1, 338, 249, 14.2, 23, ABalpappapp, 225, 29219, 15778, 540, , 29219, 25000, 28896, 28911, 0, 
349, 1, 163, 230, -1, 241, 212, 19.5, 24, ABalpaaapap, 114, 27150, 20851, 768, , 27150, 25000, 28797, 28969, 0, 
350, 1, 402, 29, -1, 210, 273, 14.6, 23, ABaraaapaap, 183, 27389, 17529, 640, , 27389, 25000, 28071, 28404, 0, 
351, 1, 190, 70, -1, 407, 182, 12.4, 23, ABplpaaaapp, 182, 27661, 17703, 640, , 27661, 25000, 27828, 27956, 0, 
352, 1, 464, 387, -1, 132, 331, 18.1, 23, ABarpaaapap, 184, 26694, 13240, 496, , 26694, 25000, 27720, 27693, 0, 
353, 1, 254, 188, -1, 570, 320, 9.4, 28, ABarpppppp, 82, 28098, 27761, 988, , 28098, 25000, 28070, 28079, 0, 
354, 1, 144, 35, -1, 316, 308, 22.6, 24, MSpaaapaa, 203, 27676, 19373, 700, , 27676, 25000, 28294, 28421, 0, 
355, 1, 409, 307, -1, 355, 313, 8.5, 23, Dpapp, 138, 27826, 17586, 632, , 27826, 25000, 30005, 30121, 0, 
356, 1, 519, 224, -1, 274, 153, 10.4, 22, ABplpaapppp, 172, 28159, 16107, 572, , 28159, 25000, 28838, 28786, 0, 
357, 1, 328, 104, -1, 223, 301, 17.8, 24, ABaraappapa, 49, 27280, 17896, 656, , 27280, 25000, 27820, 27826, 0, 
358, 0, 291, -1, -1, 213, 146, 9.9, 23, , 43, -723, 13462, 496, , 27141, 25000, 28032, 27864, 0, 
359, 1, 292, 511, -1, 184, 246, 15.6, 22, ABaraaaapap, 151, 26638, 15237, 572, , 26638, 25000, 28685, 28992, 0, 
360, 1, 330, 220, -1, 204, 133, 13.8, 22, ABalpppaaap, 180, 27510, 13645, 496, , 27510, 25000, 27908, 27749, 0, 
361, 1, 143, 437, -1, 163, 339, 10.8, 22, ABpraaaaapd, 190, 27321, 13551, 496, , 27321, 25000, 28416, 28579, 0, 
362, 1, 51, 512, -1, 168, 206, 12.5, 22, ABalpaappaa, 217, 29184, 14942, 512, , 29184, 25000, 28056, 28216, 0, 
363, 1, 294, 196, -1, 374, 276, 8.2, 23, ABarappappp, -135, 29044, 15684, 540, , 29044, 25000, 29948, 30191, 0, 
364, 1, 404, 376, -1, 410, 351, 11.6, 25, Cppaaaa, 222, 26504, 22051, 832, , 26504, 25000, 28788, 28798, 0, 
365, 1, 474, 317, -1, 157, 227, 14.1, 22, ABaraaaapaa, 157, 27864, 12929, 464, , 27864, 25000, 28213, 28293, 0, 
366, 1, 450, 409, -1, 492, 213, 23.7, 26, Capapaa, 256, 28480, 24379, 856, , 28480, 25000, 28616, 28616, 0, 
367, 1, 202, 478, -1, 487, 120, 18.3, 26, ABplapapap, 248, 28326, 24247, 856, , 28326, 25000, 28133, 28198, 0, 
368, 1, 485, 479, -1, 200, 160, 10.4, 22, ABalppapaap, 184, 27881, 15948, 572, , 27881, 25000, 28734, 28788, 0, 
369, 1, 106, 66, -1, 485, 351, 12.1, 26, Cppaapa, 292, 27779, 22223, 800, , 27779, 25000, 28291, 28561, 0, 
370, 1, 412, 74, -1, 408, 243, 25.1, 29, Dapap, 299, 28060, 33897, 1208, , 28060, 25000, 29264, 29270, 0, 
371, 1, 112, 382, -1, 569, 316, 13.2, 25, Cpppapa, 242, 26690, 18790, 704, , 26690, 25000, 29057, 29068, 0, 
372, 1, 145, 126, -1, 460, 179, 17.3, 24, MSpappaa, 207, 28112, 19791, 704, , 28112, 25000, 28881, 28871, 0, 
373, 1, 455, 153, -1, 227, 319, 19.9, 23, MSpaaaapa, 227, 27115, 13449, 496, , 27115, 25000, 28034, 28053, 0, 
374, 1, 274, 380, -1, 308, 357, 7.9, 25, ABprpaappap, -102, 28736, 18276, 636, , 28736, 25000, 29562, 29647, 0, 
375, 1, 129, 369, -1, 273, 224, 18.2, 22, ABalpaaappa, 208, 28323, 14048, 496, , 28323, 25000, 27776, 27444, 0, 
376, 1, 27, 95, -1, 394, 261, 8.5, 23, ABarappappa, 200, 28883, 18254, 632, , 28883, 25000, 29913, 29740, 0, 
377, 1, 258, 527, -1, 404, 197, 15.6, 24, ABplppapaap, 196, 28194, 19736, 700, , 28194, 25000, 27836, 28011, 0, 
378, 1, 300, 520, -1, 575, 160, 10.9, 25, Cpappv, 221, 28410, 19546, 688, , 28410, 25000, 28590, 28760, 0, 
379, 1, 199, 492, -1, 382, 271, 14.3, 23, MSpapappp, 204, 30728, 18191, 592, , 30728, 25000, 31974, 31272, 0, 
380, 1, 168, 400, -1, 489, 186, 14.7, 23, ABplpppppap, 162, 27831, 16476, 592, , 27831, 25000, 29497, 29616, 0, 
381, 1, 91, 25, -1, 305, 211, 18.1, 23, ABaraapappa, 121, 29268, 14517, 496, , 29268, 25000, 27732, 27748, 0, 
382, 1, 493, 102, -1, 423, 235, 8.5, 23, ABprppaappp, 217, 27555, 17415, 632, , 27555, 25000, 29455, 29424, 0, 
383, 1, 241, 18, -1, 555, 292, 8.8, 24, ABprapppaaa, 201, 28611, 18769, 656, , 28611, 25000, 29014, 29107, 0, 
384, 1, 280, 42, -1, 413, 254, 10.2, 23, ABprppappaa, 207, 29083, 15705, 540, , 29083, 25000, 28640, 28727, 0, 
385, 1, 124, 69, -1, 233, 323, 5.2, 23, ABprpaapapp, 119, 44426, 23990, 540, , 44426, 25000, 40689, 41082, 0, 
386, 1, 34, 396, -1, 136, 233, 10.4, 23, ABalaaaarra, 197, 27995, 17917, 640, , 27995, 25000, 27555, 27740, 0, 
387, 1, 421, 17, -1, 439, 289, 8.0, 22, ABprppapapa, 193, 29044, 11153, 384, , 29044, 25000, 29681, 29236, 0, 
388, 1, 287, 231, -1, 308, 198, 7.0, 22, ABprpappaap, 97, 30992, 11901, 384, , 30992, 25000, 32091, 32231, 0, 
389, 1, 326, 384, -1, 138, 179, 12.5, 23, ABalaaaalpa, 55, 27723, 17521, 632, , 27723, 25000, 27676, 27622, 0, 
390, 1, 150, 297, -1, 397, 354, 7.4, 27, ABprapaapp, 234, 28683, 28339, 988, , 28683, 25000, 30414, 30449, 0, 
391, 1, 255, 348, -1, 132, 207, 12.8, 22, ABalaaaarla, 211, 26621, 13204, 496, , 26621, 25000, 27168, 26977, 0, 
392, 1, 216, 386, -1, 522, 303, 10.1, 25, Cppappa, 254, 26673, 18351, 688, , 26673, 25000, 29479, 29457, 0, 
393, 1, 550, 550, -1, 307, 274, 21.2, 22, MSaaapapa, 138, 26401, 13095, 496, , 26401, 25000, 29018, 28821, 0, 
394, 1, 253, 63, -1, 510, 260, 10.5, 25, ABprpppppap, 123, 27962, 21475, 768, , 27962, 25000, 28973, 29135, 0, 
395, 1, 466, 236, -1, 484, 307, 9.5, 24, MSpappap, 53, 29573, 22712, 768, , 29573, 25000, 29356, 29461, 0, 
396, 1, 243, 228, -1, 266, 165, 24.0, 27, ABplaapappp, 244, 27668, 28553, 1032, , 27668, 25000, 28233, 28053, 0, 
397, 1, 365, 458, -1, 288, 126, 20.1, 23, ABalpppppppp, 190, 29302, 14534, 496, , 29302, 25000, 28414, 28276, 0, 
398, 1, 281, 454, -1, 589, 163, 17.0, 30, Cpapaa, 296, 27995, 37737, 1348, , 27995, 25000, 27956, 27960, 0, 
399, 1, 504, 481, -1, 221, 143, 12.6, 22, ABplpaaapaa, 200, 28671, 16400, 572, , 28671, 25000, 28749, 29062, 0, 
400, 0, -1, -1, -1, 204, 151, 18.5, 22, , 347, -177, 14548, 512, , 28414, 25000, 28213, 28591, 0, 
401, 1, 146, 330, -1, 520, 215, 9.8, 24, Cpppppv, 78, 29585, 19408, 656, , 29585, 25000, 28497, 28530, 0, 
402, 1, 401, 71, 568, 382, 185, 17.5, 26, MSaapppa, 174, 27269, 24433, 896, , 27269, 25000, 27899, 27873, 0, 
403, 1, 369, 377, -1, 163, 353, 14.9, 23, ABarpappaa, 203, 28065, 13920, 496, , 28065, 25000, 27968, 27949, 0, 
404, 0, 414, -1, -1, 339, 280, 6.6, 23, , 208, 1379, 22336, 640, , 34900, 25000, 33576, 33521, 0, 
405, 1, 403, 372, -1, 389, 180, 25.5, 26, ABarppapap, 259, 30378, 27219, 896, , 30378, 25000, 30178, 30182, 0, 
406, 1, 313, 488, -1, 558, 198, 9.3, 23, ABprppppppp, 69, 28184, 16685, 592, , 28184, 25000, 29259, 29380, 0, 
407, 0, 192, -1, -1, 602, 247, 11.6, 22, , 190, 695, 16137, 572, , 28212, 25000, 27486, 27517, 0, 
408, 1, 182, 215, -1, 250, 349, 18.9, 23, MSpppaaa, 209, 28895, 14332, 496, , 28895, 25000, 28286, 28333, 0, 
409, 1, 126, 302, -1, 170, 259, 23.5, 26, ABplaaaaaap, 224, 28431, 25474, 896, , 28431, 25000, 28887, 29049, 0, 
410, 1, 180, 223, -1, 415, 299, 15.5, 30, Earpa, -228, 28234, 34784, 1232, , 28234, 25000, 30237, 30246, 0, 
411, 1, 249, 80, -1, 325, 164, 8.0, 25, ABalpapapap, 539, 28979, 22140, 764, , 28979, 25000, 30292, 30376, 0, 
412, 1, 321, 99, -1, 263, 342, 8.9, 25, ABprpaapaap, 226, 29375, 20210, 688, , 29375, 25000, 28937, 29343, 0, 
413, 1, 266, 452, -1, 544, 172, 19.7, 25, Cappapa, 232, 28586, 21840, 764, , 28586, 25000, 28973, 28967, 0, 
414, 1, 387, 422, -1, 435, 182, 25.5, 31, ABplappapa, 485, 29013, 35744, 1232, , 29013, 25000, 28850, 28850, 0, 
415, 1, 335, 144, -1, 450, 235, 24.4, 28, Cappaaa, 386, 28724, 28379, 988, , 28724, 25000, 28801, 28805, 0, 
416, 1, 82, 405, -1, 488, 222, 13.4, 23, ABprpappppp, 22, 26523, 16975, 640, , 26523, 25000, 28467, 28491, 0, 
417, 1, 6, 24, -1, 516, 127, 15.4, 24, ABplapppaaa, 201, 28263, 19784, 700, , 28263, 25000, 28383, 28547, 0, 
418, 1, 515, 51, -1, 112, 232, 14.8, 23, ABalaaaparr, 227, 26617, 14373, 540, , 26617, 25000, 27094, 27137, 0, 
419, 1, 174, 273, -1, 299, 229, 21.0, 24, ABaraapapaa, 223, 27572, 16764, 608, , 27572, 25000, 28431, 28640, 0, 
420, 1, 535, 121, -1, 147, 213, 11.7, 22, ABalpaapppa, 392, 28895, 15141, 524, , 28895, 25000, 27379, 27294, 0, 
421, 1, 221, 205, -1, 593, 274, 16.5, 26, Cppppap, -141, 28250, 25312, 896, , 28250, 25000, 29219, 29252, 0, 
422, 1, 301, 195, -1, 272, 236, 25.9, 28, ABarppaaaa, 235, 28958, 31506, 1088, , 28958, 25000, 28191, 28189, 0, 
423, 1, 531, 410, -1, 459, 277, 27.2, 30, Dappp, 297, 27290, 36023, 1320, , 27290, 25000, 29040, 29040, 0, 
424, 1, 378, 355, -1, 439, 247, 13.5, 27, MSapaapp, 234, 27641, 24766, 896, , 27641, 25000, 28316, 28305, 0, 
425, 1, 435, 132, -1, 202, 283, 21.1, 22, MSaaaaapa, 227, 26239, 12175, 464, , 26239, 25000, 27770, 27861, 0, 
426, 1, 289, 435, -1, 360, 404, 13.3, 24, ABarppppaa, 191, 27366, 19266, 704, , 27366, 25000, 28197, 28144, 0, 
427, 1, 48, 229, -1, 481, 162, 11.7, 24, Capappa, 245, 28425, 20011, 704, , 28425, 25000, 28130, 28058, 0, 
428, 1, 84, 183, -1, 533, 329, 11.9, 24, Cppaapp, 249, 28310, 17099, 604, , 28310, 25000, 29054, 28967, 0, 
429, 1, 472, 332, -1, 486, 222, 8.2, 24, ABprppppapp, 464, 28396, 18628, 656, , 28396, 25000, 29370, 29559, 0, 
430, 1, 377, 379, -1, 407, 196, 21.2, 25, Capaaaa, 254, 30587, 21533, 704, , 30587, 25000, 27855, 27994, 0, 
431, 1, 317, 57, 538, 391, 317, 10.1, 30, MSpapppa, 196, 28173, 38203, 1356, , 28173, 25000, 29795, 29814, 0, 
432, 1, 381, 213, -1, 575, 242, 9.9, 24, ABprapapppp, 226, 27066, 16348, 604, , 27066, 25000, 28461, 28512, 0, 
433, 1, 165, 182, -1, 284, 319, 5.2, 25, ABpraappap, 256, 42257, 29749, 704, , 42257, 25000, 37023, 37037, 0, 
434, 1, 57, 354, -1, 162, 227, 9.0, 23, ABaraaapppa, 204, 28953, 14824, 512, , 28953, 25000, 27900, 27877, 0, 
435, 1, 389, 318, -1, 581, 192, 18.4, 27, Capppap, 214, 27979, 27643, 988, , 27979, 25000, 29530, 29623, 0, 
436, 0, 227, -1, -1, 527, 120, 11.1, 22, , 217, 950, 12982, 464, , 27978, 25000, 27087, 27028, 0, 
437, 1, 360, 106, -1, 317, 149, 25.4, 28, ABarppaaap, 242, 27752, 27419, 988, , 27752, 25000, 28889, 28907, 0, 
438, 1, 207, 86, -1, 569, 226, 24.4, 28, Capppaa, 432, 27818, 27484, 988, , 27818, 25000, 29370, 29370, 0, 
439, 0, 375, -1, -1, 228, 309, 12.1, 22, , 34, 532, 13542, 464, , 29185, 25000, 28598, 28653, 0, 
440, 1, 385, 61, -1, 258, 344, 11.2, 23, ABpraaappap, -8, 27230, 14704, 540, , 27230, 25000, 28584, 28823, 0, 
441, 1, 103, 282, -1, 289, 390, 20.8, 29, ABarpaappp, 266, 27732, 30838, 1112, , 27732, 25000, 27944, 27877, 0, 
442, 1, 449, 270, -1, 448, 250, 7.0, 24, ABprpppaaaa, 218, 30084, 18291, 608, , 30084, 25000, 31303, 31553, 0, 
443, 1, 117, 367, -1, 382, 205, 13.8, 23, ABplppappaa, 208, 27137, 14654, 540, , 27137, 25000, 28056, 28372, 0, 
444, 1, 64, 180, -1, 487, 126, 10.3, 26, ABplappppa, 60, 26812, 22951, 856, , 26812, 25000, 28168, 28142, 0, 
445, 1, 322, 93, -1, 318, 367, 21.7, 27, MSpppppp, 304, 28227, 26082, 924, , 28227, 25000, 27838, 27882, 0, 
446, 1, 529, 506, -1, 147, 204, 18.4, 23, ABalapaaapa, 295, 27869, 17836, 640, , 27869, 25000, 28639, 28774, 0, 
447, 1, 160, 189, -1, 197, 224, 21.6, 23, MSapaaap, 182, 28111, 17991, 640, , 28111, 25000, 28593, 28608, 0, 
448, 1, 440, 459, -1, 332, 213, 19.7, 23, MSaapaapa, 226, 30309, 17943, 592, , 30309, 25000, 29221, 29216, 0, 
449, 1, 24, 535, -1, 157, 255, 8.1, 22, ABalaapaaar, 165, 28004, 12994, 464, , 28004, 25000, 29515, 29723, 0, 
450, 1, 218, 315, -1, 429, 200, 13.5, 22, ABplppapppa, 79, 28592, 14639, 512, , 28592, 25000, 28081, 28316, 0, 
451, 1, 272, 1, -1, 176, 196, 19.8, 25, ABalppppapa, 237, 27933, 19665, 704, , 27933, 25000, 28235, 28247, 0, 
452, 1, 67, 438, -1, 417, 171, 20.5, 25, ABplappaaa, 252, 27371, 21021, 768, , 27371, 25000, 28114, 27893, 0, 
453, 1, 324, 425, -1, 496, 288, 11.7, 24, ABprpppppaa, -20, 28148, 19816, 704, , 28148, 25000, 28994, 28992, 0, 
454, 1, 340, 310, -1, 173, 148, 18.9, 23, ABalpppaapv, 205, 26758, 13272, 496, , 26758, 25000, 28437, 28380, 0, 
455, 1, 366, 424, -1, 483, 271, 5.7, 24, ABprpppaaap, 205, 37179, 26174, 704, , 37179, 25000, 34812, 35379, 0, 
456, 1, 483, 537, -1, 196, 348, 12.8, 23, ABpraapaapp, 182, 27998, 15119, 540, , 27998, 25000, 28671, 28939, 0, 
457, 1, 452, 43, -1, 156, 251, 12.4, 22, ABalaapaaal, 37, 30295, 17329, 572, , 30295, 25000, 28303, 28743, 0, 
458, 1, 339, 406, -1, 582, 186, 21.5, 31, Cpapap, 312, 27632, 34043, 1232, , 27632, 25000, 28579, 28598, 0, 
459, 0, 114, -1, -1, 333, 287, 22.6, 22, , 186, -1948, 15139, 572, , 26467, 25000, 28162, 28415, 0, 
460, 0, 304, -1, -1, 562, 236, 6.6, 22, , 164, 1565, 20665, 572, , 36128, 25000, 34082, 34563, 0, 
461, 1, 83, 517, -1, 151, 270, 24.1, 23, ABarpaaaapp, -141, 28617, 14194, 496, , 28617, 25000, 29170, 29375, 0, 
462, 1, 342, 185, -1, 284, 182, 22.5, 23, ABplaapapap, 214, 28310, 17892, 632, , 28310, 25000, 27754, 27894, 0, 
463, 1, 153, 341, -1, 312, 136, 15.6, 27, ABplppaaaap, 257, 27419, 27090, 988, , 27419, 25000, 28843, 29028, 0, 
464, 1, 407, 290, -1, 458, 227, 10.5, 22, ABplpappppa, 95, 26994, 13821, 512, , 26994, 25000, 28417, 28447, 0, 
465, 1, 201, 181, -1, 302, 134, 9.2, 29, ABplaappap, -128, 27254, 30307, 1112, , 27254, 25000, 28533, 28570, 0, 
466, 1, 166, 504, -1, 219, 209, 18.7, 23, ABalpaaapaa, 220, 28115, 16644, 592, , 28115, 25000, 28184, 28624, 0, 
467, 1, 246, 161, -1, 546, 344, 15.4, 26, Cppapap, 268, 28267, 23518, 832, , 28267, 25000, 28603, 28613, 0, 
468, 1, 244, 268, -1, 527, 248, 6.4, 25, ABprpppaapp, 210, 32822, 27308, 832, , 32822, 25000, 36213, 36707, 0, 
469, 1, 318, 362, -1, 188, 131, 16.6, 23, ABalpppaaaa, 153, 27114, 17353, 640, , 27114, 25000, 27539, 27483, 0, 
470, 1, 47, 206, -1, 529, 199, 6.5, 29, ABprppppppa, 257, 33199, 35855, 1080, , 33199, 25000, 36099, 36336, 0, 
471, 1, 148, 417, -1, 265, 360, 20.7, 27, MSpppppa, 212, 27327, 25250, 924, , 27327, 25000, 28640, 28512, 0, 
472, 1, 433, 325, -1, 523, 123, 19.0, 28, ABarppappp, 248, 27868, 31435, 1128, , 27868, 25000, 28390, 28334, 0, 
473, 1, 426, 142, -1, 276, 283, 25.8, 24, MSappppa, 136, 29480, 19339, 656, , 29480, 25000, 29392, 29392, 0, 
474, 1, 63, 21, -1, 244, 136, 21.8, 25, ABalpppppppa, 234, 26895, 18934, 704, , 26895, 25000, 28378, 28379, 0, 
475, 1, 488, 465, -1, 265, 314, 9.3, 22, MSppapap, 172, 28303, 14831, 524, , 28303, 25000, 29378, 29439, 0, 
476, 1, 219, 114, -1, 318, 332, 20.4, 24, MSpaaappp, 214, 28449, 19914, 700, , 28449, 25000, 28133, 27823, 0, 
477, 1, 434, 324, -1, 107, 269, 18.0, 22, ABarpaaaaar, 169, 29875, 11472, 384, , 29875, 25000, 28286, 28321, 0, 
478, 1, 242, 436, -1, 144, 268, 11.0, 22, ABalaaapprl, 59, 28370, 10894, 384, , 28370, 25000, 27839, 28084, 0, 
479, 1, 523, 447, -1, 235, 239, 22.2, 23, ABalpaapapa, 231, 28559, 15422, 540, , 28559, 25000, 28939, 28845, 0, 
480, 1, 149, 429, -1, 261, 223, 4.9, 22, ABarapppapp, 191, 37295, 17305, 464, , 37295, 25000, 38181, 38212, 0, 
481, 1, 200, 442, -1, 179, 239, 24.1, 24, ABplaaaaapp, 215, 28151, 17003, 604, , 28151, 25000, 28248, 28469, 0, 
482, 1, 271, 338, -1, 112, 209, 16.4, 24, ABalaaaparl, 176, 27159, 19011, 700, , 27159, 25000, 27139, 27153, 0, 
483, 1, 484, 423, -1, 527, 153, 12.4, 22, ABplapppapp, 162, 26500, 15158, 572, , 26500, 25000, 27360, 27382, 0, 
484, 1, 115, 426, -1, 135, 229, 14.8, 22, ABalaaaarlp, 97, 28651, 14211, 496, , 28651, 25000, 26883, 27083, 0, 
485, 1, 393, 140, -1, 511, 270, 21.5, 30, Ealpp, 300, 27392, 33747, 1232, , 27392, 25000, 29412, 29364, 0, 
486, 1, 539, 244, -1, 163, 247, 6.0, 21, ABalaapaapp, 110, 40674, 15619, 384, , 40674, 25000, 39655, 40562, 0, 
487, 0, 396, -1, -1, 195, 326, 10.4, 22, , 47, 1620, 16981, 572, , 29687, 25000, 28106, 28067, 0, 
488, 1, 2, 475, -1, 545, 170, 9.8, 23, ABplppppppp, 75, 27802, 15013, 540, , 27802, 25000, 28920, 29077, 0, 
489, 1, 511, 274, -1, 350, 267, 8.7, 22, ABprpapapap, 102, 28798, 15090, 524, , 28798, 25000, 29146, 29801, 0, 
490, 1, 507, 480, -1, 585, 324, 16.2, 28, Caaapp, 47, 27519, 28950, 1052, , 27519, 25000, 28183, 28230, 0, 
491, 1, 371, 7, -1, 290, 142, 18.3, 25, ABplpaapaap, 337, 28527, 21795, 764, , 28527, 25000, 28477, 28305, 0, 
492, 1, 12, 352, -1, 505, 252, 4.9, 24, ABprappppa, 286, 38548, 23283, 604, , 38548, 25000, 38107, 38266, 0, 
493, 1, 283, 291, -1, 188, 199, 10.5, 22, ABalpaappap, 248, 28717, 14703, 512, , 28717, 25000, 28888, 28823, 0, 
494, 0, 105, -1, -1, 125, 246, 19.0, 22, , 95, -83, 10742, 384, , 27974, 25000, 28239, 28057, 0, 
495, 1, 13, 27, -1, 335, 215, 16.0, 22, MSaapaaap, -149, 29464, 11314, 384, , 29464, 25000, 29680, 28823, 0, 
496, 1, 512, 531, -1, 309, 165, 11.7, 21, ABplpapaapp, 49, 31373, 14808, 472, , 31373, 25000, 29163, 29283, 0, 
497, 1, 367, 451, -1, 372, 242, 16.1, 27, MSaapappp, 317, 29841, 27096, 908, , 29841, 25000, 29934, 29329, 0, 
498, 1, 451, 534, -1, 200, 164, 13.3, 22, ABalppappap, 240, 27906, 14623, 524, , 27906, 25000, 29214, 29220, 0, 
499, 1, 490, 582, -1, 189, 273, 17.0, 22, ABaraappaaa, 68, 29328, 11262, 384, , 29328, 25000, 27670, 27660, 0, 
500, 1, 121, 256, -1, 238, 156, 18.5, 22, ABalpppppaa, 50, 31021, 15883, 512, , 31021, 25000, 27862, 27978, 0, 
501, 1, 320, 197, -1, 310, 259, 5.8, 24, ABprpapaapp, 303, 38777, 25438, 656, , 38777, 25000, 36138, 36665, 0, 
502, 1, 384, 83, -1, 226, 246, 14.5, 22, ABaraaaaapp, 43, 28813, 14752, 512, , 28813, 25000, 29188, 29134, 0, 
503, 1, 540, 491, -1, 193, 159, 17.2, 21, ABalapaapaa, 100, 27371, 11715, 428, , 27371, 25000, 29143, 29307, 0, 
504, 0, 118, -1, -1, 345, 280, 4.8, 21, , -386, 3246, 17941, 428, , 41918, 25000, 38513, 38672, 0, 
505, 1, 186, 218, -1, 210, 228, 18.2, 22, ABalpaapaap, 222, 27720, 13749, 496, , 27720, 25000, 27827, 28008, 0, 
506, 1, 130, 449, -1, 112, 262, 12.9, 24, ABalaaappll, 462, 27753, 16763, 604, , 27753, 25000, 27298, 27321, 0, 
507, 0, 7, -1, -1, 144, 306, 23.6, 22, , 100, 64, 16483, 572, , 28816, 25000, 28641, 28752, 0, 
508, 1, 509, 265, -1, 222, 223, 16.2, 22, ABaraaaaaap, 467, 28760, 14265, 496, , 28760, 25000, 28545, 28642, 0, 
509, 1, 543, 88, -1, 326, 174, 20.0, 22, Daaaa, 110, 27396, 10520, 384, , 27396, 25000, 29635, 29635, 0, 
510, 1, 234, 255, -1, 244, 242, 13.2, 28, ABarapaaaap, 299, 28213, 29680, 1052, , 28213, 25000, 28179, 28589, 0, 
511, 1, 55, 19, -1, 244, 323, 10.9, 22, ABpraaappaa, 334, 27834, 12915, 464, , 27834, 25000, 28623, 28755, 0, 
512, 1, 526, 482, -1, 143, 192, 22.3, 22, ABalapaaapp, 119, 28103, 14726, 524, , 28103, 25000, 27103, 26922, 0, 
513, 0, 173, -1, -1, 450, 283, 11.0, 21, , 249, -1129, 10847, 384, , 28247, 25000, 28924, 29376, 0, 
514, 1, 411, 505, -1, 155, 164, 12.4, 22, ABalaaaalpp, 23, 27724, 15858, 572, , 27724, 25000, 26982, 26795, 0, 
515, 1, 405, 198, -1, 223, 188, 20.5, 23, ABalppppaad, 333, 26897, 16999, 632, , 26897, 25000, 28758, 28867, 0, 
516, 1, 61, 108, -1, 265, 314, 19.5, 27, MSpaaaapp, -170, 27234, 24402, 896, , 27234, 25000, 28653, 28819, 0, 
517, 1, 492, 403, -1, 574, 179, 9.7, 24, Caappv, -19, 28807, 20280, 704, , 28807, 25000, 28793, 29070, 0, 
518, 1, 250, 539, -1, 321, 351, 12.5, 23, Dpaaa, 305, 29949, 18928, 632, , 29949, 25000, 28260, 28264, 0, 
519, 1, 533, 420, -1, 447, 230, 8.6, 22, ABplpapppap, 139, 29455, 16848, 572, , 29455, 25000, 28549, 28354, 0, 
520, 1, 532, 468, -1, 268, 220, 7.6, 23, ABarappaaap, 141, 29497, 18878, 640, , 29497, 25000, 30780, 30436, 0, 
521, 1, 423, 522, -1, 611, 265, 14.5, 30, Cpappd, 518, 27023, 33292, 1232, , 27023, 25000, 27654, 27683, 0, 
522, 1, 517, 612, -1, 290, 187, 18.9, 22, MSapppaa, 117, 26907, 12485, 464, , 26907, 25000, 28369, 28367, 0, 
523, 0, 502, -1, -1, 531, 260, 15.9, 20, , 43, -654, 8882, 316, , 28108, 25000, 28397, 28762, 0, 
524, 0, 544, -1, -1, 488, 203, 5.0, 21, , 65, 6086, 16272, 384, , 42375, 25000, 36229, 36289, 0, 
525, 1, 429, 271, -1, 243, 242, 7.8, 23, ABarapppppp, 59, 28554, 15419, 540, , 28554, 25000, 29927, 29916, 0, 
526, 1, 437, 428, -1, 375, 318, 17.9, 37, Earaa, 220, 27873, 68232, 2448, , 27873, 25000, 29572, 29664, 0, 
527, 1, 503, 175, -1, 274, 290, 7.0, 22, ABprpaapppa, 70, 30539, 11727, 384, , 30539, 25000, 31753, 32403, 0, 
528, 1, 524, 416, -1, 348, 176, 13.8, 22, ABplpapapap, 184, 29504, 14634, 496, , 29504, 25000, 28083, 28221, 0, 
529, 1, 536, 518, -1, 327, 252, 6.9, 21, ABprpapaaap, 132, 28454, 9902, 348, , 28454, 25000, 32483, 31595, 0, 
530, 1, 548, 373, -1, 205, 166, 23.2, 23, ABplaapaapp, -161, 27965, 15101, 540, , 27965, 25000, 28728, 28656, 0, 
531, 1, 296, 549, -1, 236, 253, 6.6, 22, ABarapppppa, 13, 31904, 18249, 572, , 31904, 25000, 34275, 34407, 0, 
532, 1, 209, 242, -1, 133, 264, 9.3, 22, ABalaapaapa, -48, 27302, 14306, 524, , 27302, 25000, 28765, 28684, 0, 
533, 1, 482, 600, -1, 200, 188, 15.8, 22, MSapaaaa, 84, 27421, 13601, 496, , 27421, 25000, 28768, 29216, 0, 
534, 1, 513, 576, -1, 256, 256, 5.0, 24, ABalaapappp, 28, 41176, 25035, 608, , 41176, 25000, 37940, 37646, 0, 
535, 0, 459, -1, -1, 410, 380, 15.4, 23, , -39, -1332, 17569, 640, , 27452, 25000, 28665, 28784, 0, 
536, 1, 501, 36, -1, 290, 344, 14.4, 23, MSppapaa, -10, 27725, 17744, 640, , 27725, 25000, 27559, 27361, 0, 
537, 1, 193, 219, -1, 220, 323, 13.3, 22, ABpraaapaad, 272, 26779, 14032, 524, , 26779, 25000, 28087, 28139, 0, 
538, 1, 525, 546, -1, 331, 296, 25.9, 22, MSappppp, 325, 27101, 12575, 464, , 27101, 25000, 30102, 30151, 0, 
539, 1, 549, 547, -1, 171, 257, 21.5, 22, ABalapapapp, 174, 28578, 14632, 512, , 28578, 25000, 28920, 29163, 0, 
540, 1, 547, 552, -1, 345, 270, 21.8, 22, MSaaapapp, 135, 28141, 13958, 496, , 28141, 25000, 28204, 28251, 0, 
541, 1, 391, 234, -1, 157, 156, 15.0, 22, ABalppaaapa, 244, 27865, 10700, 384, , 27865, 25000, 28413, 28750, 0, 
542, 1, 528, 97, -1, 168, 182, 16.8, 22, ABalapaappa, 112, 28601, 14186, 496, , 28601, 25000, 28097, 28237, 0, 
543, 1, 406, 176, -1, 364, 187, 20.5, 27, Dapaa, 157, 27748, 24862, 896, , 27748, 25000, 29064, 29014, 0, 
544, 0, 551, -1, -1, 135, 251, 8.3, 22, , -478, 1610, 16023, 524, , 30578, 25000, 28891, 28968, 0, 
545, 1, 598, 431, -1, 156, 169, 18.8, 22, ABalapaappp, 932, 28391, 14082, 496, , 28391, 25000, 28200, 28445, 0, 
546, 0, 552, -1, -1, 387, 125, 16.5, 24, , 492, 1134, 22252, 768, , 28974, 25000, 28014, 27840, 0, 
547, 1, 527, 529, -1, 330, 171, 11.0, 22, ABplpapaaap, 235, 26331, 10111, 384, , 26331, 25000, 29518, 29395, 0, 
548, 1, 554, 530, -1, 148, 220, 18.0, 20, ABalapappaa, 170, 30509, 9641, 316, , 30509, 25000, 28078, 28294, 0, 
549, 1, 413, 536, -1, 150, 281, 13.0, 23, ABalappappa, 600, 26305, 13468, 512, , 26305, 25000, 27457, 27650, 0, 
550, 1, 555, 541, -1, 440, 163, 14.3, 24, ABplppapppp, 192, 28655, 20173, 704, , 28655, 25000, 28316, 28345, 0, 
551, 1, 545, 543, -1, 195, 241, 12.7, 22, ABaraaaaapa, 253, 27580, 14452, 524, , 27580, 25000, 28367, 28475, 0, 
552, 1, 41, 544, -1, 536, 205, 27.0, 34, Cpaapp, 344, 28434, 56641, 1992, , 28434, 25000, 28717, 28714, 0, 
553, 0, 93, -1, -1, 295, 196, 12.1, 22, , 138, 933, 13879, 464, , 29912, 25000, 28940, 28979, 0, 
554, 1, 553, 554, -1, 144, 275, 16.5, 22, ABalapppaap, 150, 26637, 13638, 512, , 26637, 25000, 27800, 28023, 0, 
555, 1, 557, 555, -1, 485, 235, 27.05, 28, Cpaapa, 196, 28094, 30341, 1080, , 28094, 25000, 29120, 29093, 0, 
556, 1, 558, 556, -1, 311, 172, 15.0, 22, MSappapp, 153, 27888, 10709, 384, , 27888, 25000, 28682, 28628, 0, 
557, 1, 559, 557, -1, 290, 332, 10.0, 22, MSppppaa, 578, 26299, 10099, 384, , 26299, 25000, 27635, 27668, 0, 
558, 0, 560, -1, -1, 191, 328, 18.0, 22, , 210, 1679, 11398, 384, , 29682, 25000, 27961, 28003, 0, 
559, 1, 561, 559, -1, 285, 315, 18.0, 22, MSpaapaaa, 167, 29503, 11329, 384, , 29503, 25000, 28561, 28893, 0, 
560, 1, 562, 227, -1, 209, 318, 8.0, 22, ABpraaaapav, -2, 28484, 10938, 384, , 28484, 25000, 28710, 28430, 0, 
561, 1, 563, 560, -1, 219, 354, 15.0, 22, ABpraaaappp, -184, 28018, 10759, 384, , 28018, 25000, 28880, 28980, 0, 
562, 1, 564, 561, -1, 302, 236, 8.0, 22, ABprpapaaaa, 198, 27529, 10571, 384, , 27529, 25000, 29881, 29469, 0, 
563, 1, 565, 562, -1, 406, 221, 12.0, 22, ABplpapappp, 236, 26133, 10035, 384, , 26133, 25000, 28508, 28387, 0, 
564, 1, 566, 563, -1, 276, 247, 21.0, 22, MSaaapaap, -72, 28615, 10988, 384, , 28615, 25000, 29037, 29390, 0, 
565, 1, 567, 564, -1, 339, 233, 21.0, 24, MSaapappa, -152, 29633, 18017, 608, , 29633, 25000, 28390, 28184, 0, 
566, 1, 568, 565, -1, 280, 240, 23.0, 22, MSapppap, -72, 28391, 10902, 384, , 28391, 25000, 28534, 28526, 0, 
567, 1, 569, 566, -1, 315, 318, 18.0, 24, MSpaapapa, 257, 27577, 16767, 608, , 27577, 25000, 27723, 27933, 0, 
568, 1, 570, 567, -1, 312, 306, 9.0, 22, MSpppapp, 134, 27690, 10633, 384, , 27690, 25000, 28303, 28222, 0, 
569, 1, 571, 569, -1, 303, 266, 24.0, 23, MSappaaa, 176, 31863, 16314, 512, , 31863, 25000, 29224, 29251, 0, 
570, 1, 572, 571, -1, 346, 354, 23.0, 24, Dpppaa, 175, 27860, 16939, 608, , 27860, 25000, 27899, 28138, 0, 
571, 1, 573, 572, -1, 419, 282, 24.0, 27, Dappap, 218, 28064, 28962, 1032, , 28064, 25000, 28172, 28175, 0, 
572, 1, 337, 573, -1, 498, 200, 9.0, 24, Caapaa, -59, 27730, 16860, 608, , 27730, 25000, 29231, 29435, 0, 
573, 1, 556, 574, -1, 317, 406, 15.0, 22, ABarpppaap, 239, 26742, 10269, 384, , 26742, 25000, 27969, 28024, 0, 
574, 1, 574, 575, -1, 328, 299, 5.0, 27, ABpraapppa, 260, 39434, 40696, 1032, , 39434, 25000, 36751, 37354, 0, 
575, 1, 575, 577, -1, 283, 202, 8.0, 22, ABprpappaaa, 316, 30966, 11891, 384, , 30966, 25000, 28936, 28999, 0, 
576, 1, 576, 578, -1, 357, 211, 9.0, 25, ABplpappaap, 152, 26949, 20589, 764, , 26949, 25000, 29102, 29182, 0, 
577, 1, 66, 134, -1, 489, 180, 6.1, 29, ABplpppapap, -163, 35011, 39913, 1140, , 35011, 25000, 35065, 35119, 0, 
578, 1, 577, 579, -1, 507, 182, 6.0, 24, ABprpppapap, 4, 38092, 23160, 608, , 38092, 25000, 36296, 36916, 0, 
579, 1, 578, 553, -1, 241, 119, 16.1, 23, ABplpaapapp, 184, 29212, 14489, 496, , 29212, 25000, 28013, 28189, 0, 
580, 1, 579, 580, -1, 232, 300, 16.0, 24, ABaraaapapa, 136, 28482, 17317, 608, , 28482, 25000, 28879, 28972, 0, 
581, 1, 580, 581, -1, 212, 247, 20.650002, 25, ABaraapaapa, 207, 30342, 23181, 764, , 30342, 25000, 28210, 28094, 0, 
582, 1, 581, 583, -1, 202, 293, 10.0, 22, ABalaapppaa, 127, 27977, 10743, 384, , 27977, 25000, 27817, 28222, 0, 
583, 1, 582, 584, -1, 213, 237, 5.0, 22, ABalaapappa, 326, 41177, 15812, 384, , 41177, 25000, 38867, 39138, 0, 
584, 1, 583, 585, -1, 189, 267, 5.0, 22, ABalaappapp, 228, 44104, 16936, 384, , 44104, 25000, 43690, 43795, 0, 
585, 1, 584, 586, -1, 164, 302, 7.0, 20, ABalaappapa, 0, 32187, 10171, 316, , 32187, 25000, 33038, 33318, 0, 
586, 1, 585, 587, -1, 153, 295, 20.0, 23, ABalapppapa, 187, 26305, 13468, 512, , 26305, 25000, 28073, 28423, 0, 
587, 1, 589, 588, -1, 171, 331, 16.0, 22, ABalapppppa, 134, 32997, 12671, 384, , 32997, 25000, 27364, 27253, 0, 
588, 1, 587, 589, -1, 150, 323, 14.0, 22, ABalappappp, 287, 28125, 10800, 384, , 28125, 25000, 28182, 28257, 0, 
589, 1, 588, 590, -1, 171, 279, 11.0, 23, ABalaappppa, 266, 27311, 13983, 512, , 27311, 25000, 27641, 27733, 0, 
590, 1, 586, 609, -1, 179, 336, 18.0, 22, ABalapppppp, 134, 28909, 11101, 384, , 28909, 25000, 27495, 27245, 0, 
591, 1, 590, 592, -1, 144, 248, 16.0, 22, ABalapppaaa, 341, 29034, 11149, 384, , 29034, 25000, 27759, 27971, 0, 
592, 1, 591, 593, -1, 125, 248, 17.0, 22, ABalappaap, -733, 29289, 11247, 384, , 29289, 25000, 28139, 27968, 0, 
593, 1, 494, 594, -1, 160, 210, 22.0, 21, ABalapapppa, 91, 28612, 10987, 384, , 28612, 25000, 28138, 28326, 0, 
594, 1, 592, 595, -1, 149, 261, 20.0, 22, ABalapapapa, -370, 26813, 10296, 384, , 26813, 25000, 27740, 27761, 0, 
595, 1, 93, 596, -1, 283, 196, 14.0, 22, ABalpappppp, 183, 28211, 10833, 384, , 28211, 25000, 28247, 28423, 0, 
596, 1, 594, 597, -1, 227, 189, 24.0, 22, ABalpppappp, -18, 29456, 11311, 384, , 29456, 25000, 28558, 28036, 0, 
597, 0, 3, -1, -1, 243, 203, 13.0, 23, , 110, -767, 19086, 688, , 27741, 25000, 28244, 28508, 0, 
598, 1, 595, 599, -1, 484, 241, 12.0, 24, ABprpappppa, 259, 28438, 17290, 608, , 28438, 25000, 29256, 29500, 0, 
599, 1, 596, 601, -1, 220, 203, 11.0, 22, ABalpaaaapa, 175, 28911, 11102, 384, , 28911, 25000, 28975, 28870, 0, 
600, 1, 597, 602, -1, 261, 165, 8.0, 22, ABalppapapp, 257, 29701, 11405, 384, , 29701, 25000, 28889, 28418, 0, 
601, 1, 599, 604, -1, 241, 205, 16.35, 25, ABalpappaap, 278, 26945, 20586, 764, , 26945, 25000, 28296, 28259, 0, 
602, 1, 600, 605, -1, 223, 261, 22.0, 23, MSaaapaaa, 214, 29469, 15088, 512, , 29469, 25000, 28583, 28561, 0, 
603, 1, 601, 606, -1, 153, 296, 15.0, 22, ABalappppap, -308, 27367, 10509, 384, , 27367, 25000, 28305, 28394, 0, 
604, 1, 602, 608, -1, 189, 332, 19.0, 23, ABarpapaapp, 211, 29221, 14961, 512, , 29221, 25000, 27942, 27925, 0, 
605, 1, 382, 610, -1, 167, 307, 13.0, 21, ABalappapaa, 171, 26190, 10057, 384, , 26190, 25000, 28305, 28462, 0, 
606, 1, 604, 611, -1, 379, 278, 24.0, 24, Dappaa, 0, 28176, 17131, 608, , 28176, 25000, 28057, 28056, 0, 
607, 1, 605, 613, -1, 140, 279, 15.0, 23, ABalappppaa, 196, 27002, 13825, 512, , 27002, 25000, 28278, 28406, 0, 
