1, 1, 451, 257, -1, 176, 197, 19.6, 24, ABalppppapa, 243, 27587, 19311, 700, , 27587, 25000, 28190, 28293, 0, 
2, 1, 70, 380, -1, 162, 195, 24.6, 25, ABplaaapaa, 140, 28083, 23365, 832, , 28083, 25000, 28742, 28729, 0, 
3, 1, 15, 548, -1, 202, 258, 20.3, 25, ABaraapaaap, -239, 29216, 22321, 764, , 29216, 25000, 28298, 28333, 0, 
4, 0, 459, -1, -1, 333, 295, 22.5, 23, , 141, -310, 17998, 632, , 28478, 25000, 28760, 28788, 0, 
5, 1, 201, 474, -1, 344, 371, 16.9, 24, Dpaap, 238, 28265, 17072, 604, , 28265, 25000, 29089, 29092, 0, 
6, 0, 155, -1, -1, 542, 121, 17.2, 23, , 187, -1065, 14405, 540, , 26676, 25000, 27841, 27741, 0, 
7, 1, 491, 29, -1, 290, 140, 18.5, 26, ABplpaapaap, 226, 28133, 25207, 896, , 28133, 25000, 29082, 29256, 0, 
8, 1, 335, 153, -1, 211, 286, 8.2, 23, ABprpaaaaaa, 122, 28998, 15659, 540, , 28998, 25000, 29419, 29338, 0, 
9, 1, 130, 208, -1, 383, 395, 15.8, 27, ABarpppapp, 264, 27924, 24238, 868, , 27924, 25000, 28235, 28121, 0, 
10, 1, 33, 472, -1, 258, 343, 13.6, 24, ABpraapapaa, 268, 29551, 20686, 700, , 29551, 25000, 28659, 28899, 0, 
11, 1, 170, 527, -1, 334, 245, 24.9, 24, Daaap, 249, 27742, 16756, 604, , 27742, 25000, 28933, 29043, 0, 
12, 1, 229, 516, -1, 152, 230, 20.0, 22, ABalapappap, 185, 28914, 11103, 384, , 28914, 25000, 28217, 28433, 0, 
13, 1, 196, 315, -1, 415, 317, 19.6, 30, Earap, 298, 27913, 32267, 1156, , 27913, 25000, 29371, 29347, 0, 
14, 0, 331, -1, -1, 319, 184, 25.8, 24, , 382, -1328, 18704, 656, , 28512, 25000, 29805, 29840, 0, 
15, 0, 147, -1, -1, 230, 174, 22.9, 23, , 213, 63, 14497, 496, , 29228, 25000, 28960, 29165, 0, 
16, 1, 212, 273, -1, 516, 148, 23.1, 29, ABplapapaa, 287, 27420, 33123, 1208, , 27420, 25000, 28106, 28130, 0, 
17, 1, 387, 176, -1, 436, 283, 8.0, 23, ABprppapapa, 199, 29877, 15297, 512, , 29877, 25000, 29009, 29289, 0, 
18, 1, 383, 319, -1, 551, 287, 8.6, 24, ABprapppaaa, 186, 29799, 20859, 700, , 29799, 25000, 29389, 29410, 0, 
19, 1, 511, 417, -1, 242, 319, 10.7, 23, ABpraaappaa, 190, 28340, 16777, 592, , 28340, 25000, 29274, 29512, 0, 
20, 1, 208, 309, -1, 191, 220, 16.5, 24, ABalpaapaaa, 201, 29263, 22474, 768, , 29263, 25000, 28852, 29110, 0, 
21, 1, 474, 471, -1, 245, 137, 22.0, 24, ABalpppppppa, 212, 27306, 16602, 608, , 27306, 25000, 28648, 28662, 0, 
22, 1, 240, 3, -1, 297, 384, 15.7, 26, ABprapaaaap, 318, 27880, 23865, 856, , 27880, 25000, 28085, 28173, 0, 
23, 1, 152, 157, -1, 271, 397, 13.4, 27, ABarpapppp, -9, 28156, 27818, 988, , 28156, 25000, 27723, 27635, 0, 
24, 1, 417, 501, -1, 516, 127, 15.7, 23, ABplapppaaa, 199, 28713, 16998, 592, , 28713, 25000, 28575, 28897, 0, 
25, 1, 381, 322, -1, 304, 210, 18.3, 23, ABaraapappa, -195, 29215, 17295, 592, , 29215, 25000, 28725, 28835, 0, 
26, 1, 188, 389, -1, 213, 231, 8.4, 24, ABarappaaaa, 282, 28820, 20174, 700, , 28820, 25000, 29758, 29808, 0, 
27, 1, 495, 84, -1, 335, 221, 15.9, 19, MSaapaaap, 132, 27074, 6931, 256, , 27074, 25000, 29951, 29821, 0, 
28, 1, 286, 25, -1, 447, 269, 7.6, 22, ABprppapppa, 179, 27692, 15840, 572, , 27692, 25000, 29719, 29769, 0, 
29, 1, 350, 531, -1, 214, 271, 14.9, 24, ABaraaapaap, 416, 27541, 16635, 604, , 27541, 25000, 28435, 28552, 0, 
30, 1, 318, 379, -1, 209, 245, 25.3, 27, MSapappa, 254, 29075, 26865, 924, , 29075, 25000, 29092, 29215, 0, 
31, 1, 2, 115, -1, 240, 199, 14.5, 25, ABalpaaaaap, 244, 28486, 21877, 768, , 28486, 25000, 27737, 27782, 0, 
32, 1, 317, 26, -1, 540, 137, 10.5, 24, ABplappppp, -63, 27885, 21416, 768, , 27885, 25000, 28575, 28606, 0, 
33, 1, 283, 118, -1, 284, 331, 21.4, 25, MSpaaappa, 207, 27373, 22774, 832, , 27373, 25000, 28894, 29041, 0, 
34, 0, 494, -1, -1, 125, 246, 19.1, 22, , -40, 1612, 13499, 464, , 29093, 25000, 27873, 27481, 0, 
35, 1, 354, 92, -1, 316, 310, 22.5, 23, MSpaaapaa, 189, 29503, 18646, 632, , 29503, 25000, 28411, 28455, 0, 
36, 1, 536, 429, -1, 290, 343, 14.1, 23, MSppapaa, 239, 27982, 13879, 496, , 27982, 25000, 27916, 27948, 0, 
37, 1, 44, 85, -1, 297, 146, 13.6, 29, ABplppaaaaa, 250, 27034, 31251, 1156, , 27034, 25000, 28699, 28913, 0, 
38, 1, 50, 405, -1, 181, 315, 25.2, 27, ABplaaaapp, 211, 28377, 24631, 868, , 28377, 25000, 28734, 28897, 0, 
39, 1, 242, 149, -1, 211, 203, 13.5, 24, ABalpaaaaaa, 249, 27102, 20814, 768, , 27102, 25000, 28004, 27903, 0, 
40, 1, 81, 259, -1, 163, 296, 24.7, 26, ABplaaaapa, 230, 27772, 23773, 856, , 27772, 25000, 28684, 28576, 0, 
41, 1, 313, 77, -1, 263, 172, 16.6, 23, MSapapap, 233, 27528, 17618, 640, , 27528, 25000, 28295, 28278, 0, 
42, 1, 384, 32, -1, 410, 255, 10.6, 23, ABprppappaa, 204, 28058, 17957, 640, , 28058, 25000, 28563, 28738, 0, 
43, 1, 457, 444, -1, 154, 252, 12.8, 22, ABalaapaaal, 215, 28835, 14302, 496, , 28835, 25000, 28512, 28495, 0, 
44, 1, 14, 47, -1, 297, 220, 25.8, 27, ABplapaaaap, -1, 28917, 25100, 868, , 28917, 25000, 28337, 28407, 0, 
45, 1, 298, 165, -1, 368, 373, 12.5, 24, ABprapaaapp, -10, 29238, 22455, 768, , 29238, 25000, 28579, 28598, 0, 
46, 1, 346, 398, -1, 267, 391, 18.1, 24, ABarpppaaa, -161, 28844, 17422, 604, , 28844, 25000, 27844, 27780, 0, 
47, 1, 89, 491, -1, 189, 245, 17.6, 25, ABaraapaaaa, 324, 27244, 22667, 832, , 27244, 25000, 28147, 28393, 0, 
48, 1, 226, 535, -1, 504, 137, 10.5, 23, ABplpppaapp, 162, 27704, 17509, 632, , 27704, 25000, 28542, 28753, 0, 
49, 1, 114, 443, -1, 292, 296, 22.4, 23, MSaaaapap, 206, 27525, 17616, 640, , 27525, 25000, 29049, 28834, 0, 
50, 1, 220, 125, -1, 300, 156, 22.2, 26, ABalppppppa, 256, 26491, 21087, 796, , 26491, 25000, 28264, 28398, 0, 
51, 1, 418, 107, -1, 112, 232, 14.9, 23, ABalaaaparr, 208, 27538, 13659, 496, , 27538, 25000, 27483, 27410, 0, 
52, 0, 341, -1, -1, 310, 394, 12.7, 23, , 207, 280, 16840, 592, , 28446, 25000, 28166, 28166, 0, 
53, 1, 166, 288, -1, 502, 375, 12.1, 27, ABarpppppa, 266, 27722, 25172, 908, , 27722, 25000, 27982, 27979, 0, 
54, 1, 310, 437, -1, 431, 224, 10.5, 22, ABprpapappp, 205, 27639, 14151, 512, , 27639, 25000, 27611, 27794, 0, 
55, 1, 128, 393, -1, 333, 374, 11.6, 25, ABprapaaapa, -13, 27778, 23111, 832, , 27778, 25000, 28282, 28376, 0, 
56, 1, 157, 215, -1, 467, 190, 12.5, 23, ABplppppaaa, 190, 26728, 16892, 632, , 26728, 25000, 28824, 29107, 0, 
57, 1, 431, 262, -1, 401, 313, 10.7, 26, MSpapppap, 171, 28092, 24047, 856, , 28092, 25000, 28861, 28854, 0, 
58, 1, 248, 57, -1, 105, 230, 18.9, 24, ABplaapaaaa, 195, 29255, 17670, 604, , 29255, 25000, 27732, 27739, 0, 
59, 1, 145, 600, -1, 488, 240, 10.3, 26, ABprppppaap, 248, 28690, 24559, 856, , 28690, 25000, 28837, 28883, 0, 
60, 1, 307, 255, -1, 446, 292, 12.5, 30, Z2, 336, 27433, 33798, 1232, , 27433, 25000, 28235, 28277, 0, 
61, 1, 440, 62, -1, 257, 340, 10.9, 24, ABpraaappap, 210, 26988, 16301, 604, , 26988, 25000, 28438, 28530, 0, 
62, 1, 344, 100, -1, 260, 195, 24.0, 25, ABplaapappa, 233, 28393, 21692, 764, , 28393, 25000, 28313, 28391, 0, 
63, 1, 394, 250, -1, 509, 257, 10.3, 23, ABprpppppap, 215, 27816, 16467, 592, , 27816, 25000, 28776, 28823, 0, 
64, 1, 68, 355, -1, 247, 372, 12.6, 25, ABpraapappp, 221, 26814, 22309, 832, , 26814, 25000, 28874, 29018, 0, 
65, 1, 324, 7, -1, 522, 240, 8.2, 25, ABprpppaapa, 169, 28825, 20293, 704, , 28825, 25000, 29742, 29701, 0, 
66, 1, 369, 249, -1, 484, 348, 12.2, 25, Cppaapa, 244, 28514, 20074, 704, , 28514, 25000, 28547, 28689, 0, 
67, 1, 180, 117, -1, 213, 178, 18.0, 24, ABplpaapaaa, 206, 27082, 16466, 608, , 27082, 25000, 28444, 28499, 0, 
68, 1, 192, 237, -1, 384, 202, 11.5, 22, ABplppaappa, -51, 28135, 14405, 512, , 28135, 25000, 28742, 28702, 0, 
69, 1, 385, 279, -1, 231, 318, 5.1, 23, ABprpaapapp, 123, 39732, 19707, 496, , 39732, 25000, 39804, 39505, 0, 
70, 1, 351, 45, -1, 406, 181, 12.5, 24, ABplpaaaapp, 165, 27348, 21003, 768, , 27348, 25000, 28643, 28655, 0, 
71, 1, 402, 124, -1, 392, 195, 18.1, 24, MSaapppap, 157, 27396, 16547, 604, , 27396, 25000, 28402, 28489, 0, 
72, 1, 93, 456, -1, 487, 149, 8.9, 24, ABplpppapaa, 183, 27949, 16881, 604, , 27949, 25000, 28872, 28926, 0, 
73, 1, 278, 134, -1, 356, 168, 22.8, 27, ABplapaaapp, 267, 28673, 24888, 868, , 28673, 25000, 28672, 28812, 0, 
74, 1, 370, 532, -1, 406, 244, 25.4, 29, Dapap, 273, 27938, 32296, 1156, , 27938, 25000, 28935, 28923, 0, 
75, 1, 218, 337, -1, 362, 145, 13.1, 24, ABplapaapa, -93, 28467, 17194, 604, , 28467, 25000, 28822, 28997, 0, 
76, 1, 80, 78, -1, 367, 280, 5.3, 24, ABprapaapa, 123, 38196, 26890, 704, , 38196, 25000, 36634, 36697, 0, 
77, 1, 17, 131, -1, 320, 297, 13.4, 24, ABaraappppp, 200, 27336, 19135, 700, , 27336, 25000, 28277, 28172, 0, 
78, 1, 99, 364, -1, 240, 227, 12.2, 23, ABarapaaapa, 271, 27148, 14660, 540, , 27148, 25000, 28399, 28294, 0, 
79, 1, 211, 61, -1, 132, 315, 15.5, 25, ABpraapaaap, 208, 27042, 20768, 768, , 27042, 25000, 27457, 27146, 0, 
80, 1, 411, 305, -1, 329, 163, 8.3, 25, ABalpapapap, 253, 28370, 21675, 764, , 28370, 25000, 29741, 29833, 0, 
81, 1, 203, 397, -1, 371, 213, 24.8, 27, ABarppaapp, 270, 28092, 24384, 868, , 28092, 25000, 29779, 29681, 0, 
82, 1, 348, 488, -1, 340, 248, 14.5, 24, ABalpappapp, 219, 28279, 21718, 768, , 28279, 25000, 29526, 29726, 0, 
83, 1, 502, 403, -1, 228, 246, 14.5, 22, ABaraaaaapp, 153, 27066, 13858, 512, , 27066, 25000, 28253, 27962, 0, 
84, 1, 258, 145, -1, 111, 283, 15.3, 25, ABpraapaaaa, -137, 27886, 21305, 764, , 27886, 25000, 27253, 27232, 0, 
85, 1, 305, 106, -1, 196, 176, 25.5, 29, ABplaaapap, 247, 28631, 30922, 1080, , 28631, 25000, 28883, 28826, 0, 
86, 1, 438, 148, -1, 567, 228, 24.4, 29, Capppaa, 263, 28538, 32990, 1156, , 28538, 25000, 28819, 28819, 0, 
87, 1, 146, 189, -1, 263, 271, 7.9, 24, ABprpaaappp, 196, 28795, 17392, 604, , 28795, 25000, 29731, 30053, 0, 
88, 1, 509, 186, -1, 329, 172, 19.9, 23, Daaaa, 217, 29214, 14490, 496, , 29214, 25000, 29885, 29941, 0, 
89, 1, 21, 34, -1, 444, 171, 12.3, 24, ABplpppaaaa, 392, 27797, 19569, 704, , 27797, 25000, 27832, 27835, 0, 
90, 1, 13, 139, -1, 239, 271, 14.6, 23, ABarapaapaa, 389, 27942, 17883, 640, , 27942, 25000, 28199, 28220, 0, 
91, 0, 522, -1, -1, 263, 198, 18.4, 23, , 203, -900, 17256, 640, , 26963, 25000, 27652, 27863, 0, 
92, 1, 62, 128, -1, 282, 205, 16.1, 25, ABalpapppap, 76, 26990, 18569, 688, , 26990, 25000, 27913, 27947, 0, 
93, 1, 445, 293, -1, 315, 368, 21.4, 27, MSpppppp, 182, 27673, 27341, 988, , 27673, 25000, 28230, 28354, 0, 
94, 1, 274, 179, -1, 232, 210, 7.9, 23, ABarappaapa, 191, 29361, 14563, 496, , 29361, 25000, 30012, 29492, 0, 
95, 1, 376, 382, -1, 394, 257, 8.8, 23, ABarappappa, 67, 29909, 16151, 540, , 29909, 25000, 28894, 29173, 0, 
96, 1, 141, 30, -1, 128, 276, 22.2, 23, ABarpaaaapa, 203, 29456, 15906, 540, , 29456, 25000, 28324, 28256, 0, 
97, 1, 542, 602, -1, 167, 186, 16.6, 22, ABalapaappa, 156, 27222, 15571, 572, , 27222, 25000, 28556, 28569, 0, 
98, 1, 116, 71, -1, 532, 197, 23.4, 28, Capapap, 282, 27715, 27382, 988, , 27715, 25000, 28664, 28750, 0, 
99, 1, 412, 94, -1, 267, 338, 8.7, 23, ABprpaapaap, 195, 28666, 16970, 592, , 28666, 25000, 28691, 28900, 0, 
100, 1, 269, 413, -1, 312, 239, 17.3, 25, ABaraapappp, 121, 27882, 21302, 764, , 27882, 25000, 28792, 28937, 0, 
101, 1, 71, 87, -1, 438, 172, 16.1, 24, ABplppapapp, 234, 29512, 17825, 604, , 29512, 25000, 29270, 29250, 0, 
102, 1, 382, 253, -1, 422, 232, 8.9, 23, ABprppaappp, 206, 30109, 14934, 496, , 30109, 25000, 27966, 28097, 0, 
103, 1, 79, 103, -1, 218, 300, 10.7, 24, ABprpaapaaa, 226, 30033, 21143, 704, , 30033, 25000, 28814, 28828, 0, 
104, 1, 357, 39, -1, 223, 300, 17.9, 24, ABaraappapa, 49, 28017, 16922, 604, , 28017, 25000, 28904, 29067, 0, 
105, 1, 251, 147, -1, 181, 173, 12.0, 24, ABalppapaaa, 216, 28893, 17567, 608, , 28893, 25000, 28659, 28969, 0, 
106, 1, 437, 307, -1, 314, 150, 25.5, 26, ABarppaaap, 262, 27228, 24396, 896, , 27228, 25000, 28604, 28604, 0, 
107, 1, 193, 141, -1, 209, 235, 11.4, 24, ABarapaaaaa, 129, 28329, 19830, 700, , 28329, 25000, 28510, 28347, 0, 
108, 1, 516, 266, -1, 263, 317, 19.5, 27, MSpaaaapp, 98, 28590, 25617, 896, , 28590, 25000, 28529, 28472, 0, 
109, 1, 16, 55, -1, 241, 365, 15.5, 24, ABpraapappa, 228, 27257, 20933, 768, , 27257, 25000, 28217, 28281, 0, 
110, 1, 266, 17, -1, 190, 342, 8.4, 28, ABprpaapapa, 14, 28263, 27924, 988, , 28263, 25000, 29449, 29337, 0, 
111, 1, 96, 219, -1, 166, 261, 18.4, 29, MSaaaaaa, 250, 26804, 30985, 1156, , 26804, 25000, 27987, 28049, 0, 
112, 1, 103, 290, -1, 257, 261, 12.4, 24, ABarapapaap, 373, 27724, 19407, 700, , 27724, 25000, 28478, 28506, 0, 
113, 1, 322, 67, -1, 357, 212, 16.9, 25, MSaapapa, -53, 42487, 29231, 688, , 42487, 25000, 31676, 31754, 0, 
114, 1, 476, 438, -1, 317, 333, 20.4, 24, MSpaaappp, 228, 26783, 18748, 700, , 26783, 25000, 27976, 27811, 0, 
115, 1, 58, 151, -1, 251, 146, 10.4, 24, ABalppaappp, 181, 28633, 20043, 700, , 28633, 25000, 28111, 28216, 0, 
116, 1, 156, 254, -1, 221, 197, 26.3, 29, ABplaaappa, 126, 29898, 31931, 1068, , 29898, 25000, 29548, 29670, 0, 
117, 0, 143, -1, -1, 85, 263, 16.0, 25, , 431, 2368, 22709, 764, , 29724, 25000, 27430, 27356, 0, 
118, 1, 199, 453, -1, 305, 184, 9.8, 22, ABplpapaaaa, 183, 29036, 14402, 496, , 29036, 25000, 29790, 29912, 0, 
119, 1, 26, 311, -1, 389, 149, 20.3, 28, ABplapaapp, 79, 28299, 30110, 1064, , 28299, 25000, 28094, 28126, 0, 
120, 1, 179, 127, -1, 292, 275, 11.7, 23, ABarapappap, 52, 28404, 16815, 592, , 28404, 25000, 28093, 28033, 0, 
121, 1, 420, 387, -1, 148, 211, 11.8, 22, ABalpaapppa, 184, 26369, 13079, 496, , 26369, 25000, 28117, 28458, 0, 
122, 1, 279, 68, -1, 269, 156, 13.5, 26, ABplpaaappp, -59, 28359, 25410, 896, , 28359, 25000, 27742, 27876, 0, 
123, 1, 213, 298, -1, 263, 204, 9.8, 24, ABarapapapa, 295, 28550, 18729, 656, , 28550, 25000, 28691, 28689, 0, 
124, 1, 285, 377, -1, 315, 248, 21.4, 26, ABaraapapap, 77, 28126, 23401, 832, , 28126, 25000, 28809, 28867, 0, 
125, 1, 194, 454, -1, 144, 302, 17.8, 23, ABarpapaaaa, 49, 28706, 15501, 540, , 28706, 25000, 28061, 28222, 0, 
126, 1, 372, 156, -1, 458, 176, 17.5, 24, MSpappaa, -321, 28298, 21733, 768, , 28298, 25000, 28963, 29157, 0, 
127, 1, 205, 448, -1, 187, 210, 14.1, 23, ABaraaaaaaa, 186, 28038, 13907, 496, , 28038, 25000, 28020, 28073, 0, 
128, 1, 138, 211, -1, 264, 306, 13.2, 24, ABarapaappa, 237, 27232, 17864, 656, , 27232, 25000, 27910, 27991, 0, 
129, 1, 162, 229, -1, 333, 296, 20.0, 24, MSaaaappp, 217, 29035, 17653, 608, , 29035, 25000, 28899, 28859, 0, 
130, 0, 207, -1, -1, 159, 305, 12.0, 23, , 208, 331, 14409, 512, , 28143, 25000, 27513, 27812, 0, 
131, 1, 262, 21, -1, 427, 358, 9.2, 27, ABprappaaa, 192, 27271, 23671, 868, , 27271, 25000, 28262, 28242, 0, 
132, 1, 425, 541, -1, 201, 283, 21.1, 24, MSaaaaapa, 202, 27737, 16753, 604, , 27737, 25000, 28738, 28650, 0, 
133, 1, 197, 385, -1, 431, 326, 25.9, 35, Cpaaap, 355, 28832, 59625, 2068, , 28832, 25000, 28966, 28966, 0, 
134, 1, 577, 252, -1, 489, 175, 6.5, 33, ABplpppapap, 330, 31698, 51477, 1624, , 31698, 25000, 34880, 35529, 0, 
135, 1, 273, 390, -1, 494, 148, 16.9, 24, Capappp, 238, 27455, 16583, 604, , 27455, 25000, 29190, 29194, 0, 
136, 1, 9, 113, -1, 203, 281, 17.5, 25, ABaraappaap, 254, 29018, 22286, 768, , 29018, 25000, 28102, 28304, 0, 
137, 1, 337, 563, -1, 380, 277, 20.8, 31, Ealaa, 314, 26803, 39240, 1464, , 26803, 25000, 28508, 28565, 0, 
138, 0, 358, -1, -1, 210, 151, 9.7, 27, , 189, 1080, 26734, 924, , 28933, 25000, 27865, 27853, 0, 
139, 1, 189, 9, -1, 313, 136, 20.5, 24, ABplpaappap, 258, 28077, 21563, 768, , 28077, 25000, 28987, 29038, 0, 
140, 1, 485, 244, -1, 510, 273, 21.3, 32, Ealpp, 322, 28069, 44462, 1584, , 28069, 25000, 29006, 29126, 0, 
141, 1, 31, 484, -1, 208, 328, 16.5, 24, MSppaaap, 232, 27563, 21168, 768, , 27563, 25000, 27901, 27994, 0, 
142, 1, 473, 399, -1, 266, 284, 25.4, 26, MSappppa, 246, 28648, 23835, 832, , 28648, 25000, 29279, 29279, 0, 
143, 1, 30, 52, -1, 218, 383, 13.4, 25, ABarpapppa, 204, 27909, 23220, 832, , 27909, 25000, 27541, 27511, 0, 
144, 1, 415, 261, -1, 447, 239, 25.1, 27, Cappaaa, 271, 27792, 25235, 908, , 27792, 25000, 28190, 28207, 0, 
145, 1, 109, 278, -1, 250, 133, 14.9, 24, ABplpaaapap, 223, 28108, 16977, 604, , 28108, 25000, 28280, 28464, 0, 
146, 0, 46, -1, -1, 483, 177, 24.0, 23, , 200, -1128, 13981, 512, , 27307, 25000, 28426, 28435, 0, 
147, 1, 314, 120, -1, 120, 213, 21.4, 25, ABplaapaaap, 510, 28558, 23760, 832, , 28558, 25000, 28186, 28193, 0, 
148, 1, 108, 301, -1, 468, 356, 9.0, 26, ABprappaap, 257, 28228, 24050, 852, , 28228, 25000, 28743, 28796, 0, 
149, 1, 84, 304, -1, 176, 172, 22.3, 23, ABplaapaapa, -113, 29265, 17325, 592, , 29265, 25000, 28497, 28411, 0, 
150, 1, 195, 181, -1, 213, 158, 15.0, 27, ABplpaaaaaa, 385, 27802, 28692, 1032, , 27802, 25000, 28204, 28160, 0, 
151, 1, 233, 428, -1, 354, 268, 26.4, 34, Cpaaaa, 333, 28817, 51294, 1780, , 28817, 25000, 29023, 29140, 0, 
152, 1, 270, 164, -1, 454, 168, 10.1, 23, ABplppppapa, 231, 29938, 14849, 496, , 29938, 25000, 28970, 29150, 0, 
153, 1, 373, 96, -1, 226, 316, 20.3, 25, MSpaaaapa, 213, 28427, 21718, 764, , 28427, 25000, 29111, 29266, 0, 
154, 1, 29, 446, -1, 162, 328, 18.7, 24, ABarpapaaap, -70, 27250, 19184, 704, , 27250, 25000, 27800, 27982, 0, 
155, 1, 253, 137, -1, 272, 186, 21.3, 26, ABplaapapaa, 211, 28481, 24380, 856, , 28481, 25000, 28580, 28869, 0, 
156, 1, 347, 314, -1, 478, 184, 21.8, 25, Capaapa, 249, 26382, 18573, 704, , 26382, 25000, 28764, 28847, 0, 
157, 1, 333, 59, -1, 563, 215, 7.8, 27, ABprappppp, 227, 28902, 25087, 868, , 28902, 25000, 30922, 31208, 0, 
158, 1, 55, 452, -1, 201, 337, 21.1, 25, MSppappp, 380, 27073, 18626, 688, , 27073, 25000, 28019, 28144, 0, 
159, 1, 214, 4, -1, 316, 327, 15.5, 27, ABaraapppap, 133, 27296, 24457, 896, , 27296, 25000, 27914, 27984, 0, 
160, 1, 185, 543, -1, 294, 138, 11.7, 23, ABplpaapppa, 80, 28113, 16643, 592, , 28113, 25000, 28012, 28355, 0, 
161, 1, 467, 350, -1, 545, 343, 15.3, 27, Cppapap, 266, 27321, 25245, 924, , 27321, 25000, 29022, 29025, 0, 
162, 1, 129, 539, -1, 326, 321, 9.0, 22, Dpapa, 227, 29245, 11230, 384, , 29245, 25000, 28838, 28955, 0, 
163, 1, 35, 169, -1, 355, 171, 9.1, 23, ABplpaaaapa, 223, 28534, 14153, 496, , 28534, 25000, 29682, 29739, 0, 
164, 1, 75, 1, -1, 277, 364, 13.0, 23, ABpraapapap, 1, 29627, 15169, 512, , 29627, 25000, 28204, 28379, 0, 
165, 1, 224, 406, -1, 366, 173, 12.6, 23, ABalpapappp, 194, 27209, 17414, 640, , 27209, 25000, 28317, 28444, 0, 
166, 1, 151, 414, -1, 504, 222, 5.2, 25, ABprpppapaa, 199, 40577, 28566, 704, , 40577, 25000, 39181, 39053, 0, 
167, 1, 272, 40, -1, 202, 329, 24.6, 28, ABarpapapp, 210, 27987, 27651, 988, , 27987, 25000, 28710, 28678, 0, 
168, 0, 255, -1, -1, 242, 291, 19.7, 24, , 157, 2862, 22097, 704, , 31388, 25000, 28539, 28526, 0, 
169, 1, 94, 187, -1, 310, 227, 12.4, 24, ABarapapppa, 220, 29501, 20651, 700, , 29501, 25000, 29178, 29262, 0, 
170, 1, 60, 401, -1, 172, 317, 8.7, 23, ABpraaaaapv, 214, 27679, 16386, 592, , 27679, 25000, 28035, 28291, 0, 
171, 0, 407, -1, -1, 601, 248, 11.6, 22, , 156, 1438, 16821, 572, , 29407, 25000, 28019, 27969, 0, 
172, 0, 297, -1, -1, 298, 308, 10.0, 22, , 152, -977, 10726, 384, , 27932, 25000, 28911, 28909, 0, 
173, 0, 232, -1, -1, 388, 162, 11.3, 23, , -46, 605, 16984, 592, , 28689, 25000, 28039, 28084, 0, 
174, 1, 126, 161, -1, 491, 335, 7.6, 27, ABprappapp, 277, 28089, 27752, 988, , 28089, 25000, 31324, 31388, 0, 
175, 1, 527, 464, -1, 270, 286, 7.0, 22, ABprpaapppa, 183, 28104, 10792, 384, , 28104, 25000, 32769, 33287, 0, 
176, 1, 543, 374, -1, 365, 186, 20.3, 26, Dapaa, 171, 29380, 25149, 856, , 29380, 25000, 29542, 29634, 0, 
177, 0, 296, -1, -1, 240, 245, 19.6, 23, , 192, 103, 18382, 640, , 28722, 25000, 28588, 28619, 0, 
178, 1, 53, 200, -1, 485, 118, 14.4, 26, ABplapappa, 37, 27008, 22471, 832, , 27008, 25000, 28401, 28387, 0, 
179, 1, 219, 369, -1, 504, 153, 13.3, 24, ABplpppaapa, 586, 28216, 19864, 704, , 28216, 25000, 27807, 27760, 0, 
180, 1, 444, 14, -1, 484, 126, 10.4, 26, ABplappppa, 61, 27121, 22565, 832, , 27121, 25000, 27585, 27511, 0, 
181, 1, 465, 178, -1, 303, 134, 9.3, 28, ABplaappap, 274, 27241, 28984, 1064, , 27241, 25000, 28150, 28202, 0, 
182, 1, 433, 90, -1, 282, 317, 5.1, 25, ABpraappap, 257, 36302, 23088, 636, , 36302, 25000, 37399, 37240, 0, 
183, 1, 428, 175, -1, 532, 326, 11.8, 25, Cppaapp, 229, 29435, 20722, 704, , 29435, 25000, 28335, 28384, 0, 
184, 1, 288, 496, -1, 346, 239, 8.8, 22, ABprpapapaa, 203, 29367, 14566, 496, , 29367, 25000, 29243, 29150, 0, 
185, 1, 462, 98, -1, 287, 183, 22.9, 24, ABplaapapap, 126, 26649, 16096, 604, , 26649, 25000, 29110, 29355, 0, 
186, 1, 230, 108, -1, 329, 223, 5.5, 29, ABarappapap, 142, 38996, 42116, 1080, , 38996, 25000, 35607, 35868, 0, 
187, 0, 400, -1, -1, 206, 150, 19.0, 22, , 204, -1381, 10397, 384, , 27076, 25000, 28174, 28457, 0, 
188, 1, 353, 363, -1, 569, 313, 9.3, 27, ABarpppppp, 250, 27236, 25166, 924, , 27236, 25000, 28333, 28318, 0, 
189, 1, 447, 422, -1, 194, 225, 21.7, 20, MSapaaap, 102, 29128, 10719, 368, , 29128, 25000, 27540, 27551, 0, 
190, 1, 181, 339, -1, 257, 136, 18.0, 23, ABplpaaaaap, 212, 27617, 14140, 512, , 27617, 25000, 28904, 28922, 0, 
191, 1, 7, 133, -1, 137, 238, 12.9, 22, ABalaaaarrp, 211, 28869, 13395, 464, , 28869, 25000, 27712, 27724, 0, 
192, 1, 268, 79, -1, 539, 298, 19.3, 30, Eprap, 303, 28386, 37129, 1308, , 28386, 25000, 29549, 29647, 0, 
193, 1, 277, 361, -1, 522, 248, 13.8, 30, Eprpp, 297, 28000, 36960, 1320, , 28000, 25000, 28901, 28900, 0, 
194, 1, 321, 240, -1, 264, 263, 22.1, 27, ABaraapaapp, 270, 28059, 25478, 908, , 28059, 25000, 28898, 28969, 0, 
195, 1, 422, 386, -1, 269, 236, 25.9, 27, ABarppaaaa, 318, 27676, 25130, 908, , 27676, 25000, 28835, 28783, 0, 
196, 1, 363, 35, -1, 374, 275, 8.2, 23, ABarappappp, 194, 28587, 15437, 540, , 28587, 25000, 28832, 28960, 0, 
197, 1, 501, 294, -1, 308, 256, 5.9, 23, ABprpapaapp, 169, 38907, 19298, 496, , 38907, 25000, 36221, 37028, 0, 
198, 1, 515, 439, -1, 224, 193, 21.0, 22, ABalppppaad, 164, 25945, 9963, 384, , 25945, 25000, 28116, 28137, 0, 
199, 0, -1, -1, -1, 146, 303, 8.1, 22, , 194, 1375, 14122, 464, , 30435, 25000, 29165, 29060, 0, 
200, 0, 175, -1, -1, 219, 218, 23.7, 24, , 199, -698, 19458, 704, , 27639, 25000, 28399, 28337, 0, 
201, 1, 117, 522, -1, 160, 188, 13.9, 22, ABalaaaalal, 194, 28690, 13312, 464, , 28690, 25000, 28123, 28232, 0, 
202, 1, 239, 267, -1, 296, 354, 10.1, 25, ABprpaappaa, 239, 27558, 18960, 688, , 27558, 25000, 28565, 28582, 0, 
203, 1, 98, 320, -1, 263, 323, 17.4, 28, ABaraappapp, 282, 27666, 27334, 988, , 27666, 25000, 28274, 28455, 0, 
204, 1, 228, 95, -1, 352, 285, 7.9, 22, ABprppaapap, 195, 30491, 14148, 464, , 30491, 25000, 29186, 29273, 0, 
205, 1, 421, 346, -1, 594, 273, 16.6, 26, Cppppap, 254, 27492, 22873, 832, , 27492, 25000, 29105, 29180, 0, 
206, 1, 470, 123, -1, 526, 193, 6.5, 29, ABprppppppa, -18, 34546, 37310, 1080, , 34546, 25000, 36081, 36675, 0, 
207, 1, 76, 162, -1, 399, 286, 7.8, 22, ABprppapaaa, 209, 29498, 14631, 496, , 29498, 25000, 30272, 30480, 0, 
208, 0, 487, -1, -1, 194, 328, 10.7, 22, , 164, 136, 15020, 524, , 28664, 25000, 28467, 28528, 0, 
209, 1, 256, 97, -1, 366, 280, 12.4, 25, MSpapapa, 3, 44496, 37021, 832, , 44496, 25000, 32968, 33114, 0, 
210, 1, 221, 323, -1, 289, 252, 12.0, 24, ABarapapppp, 242, 29250, 17784, 608, , 29250, 25000, 28132, 28200, 0, 
211, 0, 404, -1, -1, 335, 274, 6.4, 22, , 174, -9, 19420, 572, , 33951, 25000, 34430, 33960, 0, 
212, 0, 178, -1, -1, 357, 252, 20.2, 24, , 199, 284, 19258, 656, , 29357, 25000, 28889, 29073, 0, 
213, 1, 432, 368, -1, 573, 240, 9.9, 24, ABprapapppp, 240, 28171, 17015, 604, , 28171, 25000, 27870, 27957, 0, 
214, 1, 340, 407, -1, 329, 185, 12.9, 22, ABplpapapaa, 211, 27847, 12921, 464, , 27847, 25000, 28655, 29026, 0, 
215, 1, 408, 450, -1, 249, 351, 18.9, 23, MSpppaaa, 219, 28218, 13996, 496, , 28218, 25000, 28618, 28564, 0, 
216, 1, 124, 122, -1, 459, 139, 18.6, 26, ABplappapp, -179, 28251, 23505, 832, , 28251, 25000, 29066, 29076, 0, 
217, 1, 153, 232, -1, 366, 240, 6.3, 24, ABprpaaaapa, 239, 31999, 22527, 704, , 31999, 25000, 35535, 35634, 0, 
218, 1, 505, 224, -1, 211, 227, 18.0, 22, ABalpaapaap, 210, 27690, 10633, 384, , 27690, 25000, 28583, 28534, 0, 
219, 1, 537, 544, -1, 216, 322, 13.9, 21, ABpraaapaad, 220, 29302, 10197, 348, , 29302, 25000, 28668, 28668, 0, 
220, 1, 360, 409, -1, 201, 133, 13.8, 22, ABalpppaaap, 5, 27204, 13493, 496, , 27204, 25000, 27401, 27461, 0, 
221, 1, 65, 99, -1, 184, 368, 13.7, 26, ABarpappap, 197, 26515, 22697, 856, , 26515, 25000, 27840, 27776, 0, 
222, 1, 6, 371, -1, 222, 267, 6.2, 23, ABprpaaapaa, 165, 37339, 20163, 540, , 37339, 25000, 35919, 36464, 0, 
223, 1, 410, 473, -1, 414, 304, 15.7, 30, Earpa, 303, 27519, 35995, 1308, , 27519, 25000, 29793, 29805, 0, 
224, 1, 356, 326, -1, 272, 143, 11.1, 23, ABplpaapppp, 193, 28577, 14174, 496, , 28577, 25000, 28613, 28345, 0, 
225, 1, 102, 512, -1, 180, 311, 14.9, 24, ABalappapap, 197, 27555, 16643, 604, , 27555, 25000, 27643, 27319, 0, 
226, 1, 325, 172, -1, 521, 247, 25.8, 28, Cappaap, 349, 28489, 29970, 1052, , 28489, 25000, 28476, 28521, 0, 
227, 1, 560, 400, -1, 209, 316, 7.3, 24, ABpraaaapav, 216, 31580, 22232, 704, , 31580, 25000, 31900, 31720, 0, 
228, 1, 396, 276, -1, 267, 165, 24.3, 27, ABplaapappp, 426, 27529, 25437, 924, , 27529, 25000, 28501, 28322, 0, 
229, 1, 427, 281, -1, 478, 159, 12.2, 23, Capappa, 146, 27963, 15100, 540, , 27963, 25000, 28530, 28483, 0, 
230, 1, 349, 73, -1, 242, 214, 19.8, 24, ABalpaaapap, 181, 27361, 17949, 656, , 27361, 25000, 28209, 28000, 0, 
231, 1, 388, 394, -1, 311, 195, 7.0, 22, ABprpappaap, 205, 30010, 11524, 384, , 30010, 25000, 31895, 32063, 0, 
232, 0, 460, -1, -1, 558, 231, 6.3, 22, , 194, -465, 19069, 524, , 36391, 25000, 35754, 36856, 0, 
233, 1, 66, 427, -1, 365, 316, 22.5, 26, MSaaappp, 209, 29498, 26430, 896, , 29498, 25000, 28404, 28570, 0, 
234, 1, 541, 493, -1, 156, 156, 14.8, 22, ABalppaaapa, 192, 27718, 13748, 496, , 27718, 25000, 27780, 27855, 0, 
235, 1, 236, 442, -1, 267, 368, 17.1, 22, MSppppap, 171, 27614, 12813, 464, , 27614, 25000, 28254, 28361, 0, 
236, 1, 395, 330, -1, 485, 303, 9.5, 24, MSpappap, 230, 27900, 21427, 768, , 27900, 25000, 29196, 29246, 0, 
237, 1, 252, 458, -1, 406, 389, 22.9, 33, Caaaaa, 321, 27596, 47906, 1736, , 27596, 25000, 28179, 28183, 0, 
238, 1, 27, 333, -1, 500, 326, 13.9, 25, MSpppaap, 234, 28616, 19688, 688, , 28616, 25000, 28375, 28335, 0, 
239, 1, 291, 64, -1, 183, 303, 6.5, 23, ABpraaaaaaa, 176, 35180, 22234, 632, , 35180, 25000, 36470, 37457, 0, 
240, 1, 52, 388, -1, 276, 257, 5.2, 25, ABprpaapppp, 251, 39322, 27683, 704, , 39322, 25000, 36561, 36848, 0, 
241, 1, 47, 210, -1, 493, 186, 17.5, 24, ABplpppppaa, 244, 26646, 20464, 768, , 26646, 25000, 29353, 29367, 0, 
242, 1, 532, 243, -1, 131, 254, 8.8, 23, ABalaapaapa, 113, 28387, 15329, 540, , 28387, 25000, 27746, 27773, 0, 
243, 1, 37, 425, -1, 222, 175, 11.3, 22, ABalppapppp, 185, 28290, 14824, 524, , 28290, 25000, 28334, 28430, 0, 
244, 1, 486, 116, -1, 156, 246, 6.9, 22, ABalaapaapp, 177, 33119, 15367, 464, , 33119, 25000, 34324, 35098, 0, 
245, 1, 339, 20, -1, 446, 155, 21.6, 29, ABplappaap, 285, 27580, 31883, 1156, , 27580, 25000, 28337, 28347, 0, 
246, 1, 303, 110, -1, 269, 159, 7.0, 24, ABplaappaa, 59, 33337, 20269, 608, , 33337, 25000, 33631, 34370, 0, 
247, 1, 51, 480, -1, 557, 175, 13.3, 27, Cappppd, 249, 28602, 26428, 924, , 28602, 25000, 28580, 28708, 0, 
248, 1, 301, 274, -1, 188, 274, 9.5, 23, ABarappppaa, 197, 27918, 17644, 632, , 27918, 25000, 28846, 28992, 0, 
249, 1, 149, 354, -1, 458, 219, 17.2, 31, Z3, 426, 26436, 38702, 1464, , 26436, 25000, 28190, 28242, 0, 
250, 1, 24, 367, -1, 452, 149, 14.1, 23, ABplpppaaap, -42, 27952, 13864, 496, , 27952, 25000, 28330, 28095, 0, 
251, 1, 18, 88, -1, 219, 134, 17.2, 24, ABalpppapav, 300, 28373, 18613, 656, , 28373, 25000, 28602, 28658, 0, 
252, 1, 261, 194, -1, 287, 245, 7.5, 23, ABprpapaapa, 190, 29997, 18958, 632, , 29997, 25000, 31783, 30904, 0, 
253, 1, 85, 336, -1, 414, 258, 7.2, 23, ABprpaaaapp, 523, 29019, 15670, 540, , 29019, 25000, 32210, 32625, 0, 
254, 1, 64, 205, -1, 341, 238, 12.3, 24, ABarapapapp, 240, 27347, 19252, 704, , 27347, 25000, 29136, 29221, 0, 
255, 1, 510, 280, -1, 245, 245, 13.2, 25, ABarapaaaap, 186, 30091, 21184, 704, , 30091, 25000, 27976, 28295, 0, 
256, 1, 500, 296, -1, 237, 157, 18.6, 23, ABalpppppaa, 54, 28753, 18402, 640, , 28753, 25000, 28925, 28727, 0, 
257, 0, 154, -1, -1, 342, 137, 11.5, 22, , 164, 2214, 15489, 512, , 30252, 25000, 28067, 28038, 0, 
258, 1, 238, 360, 546, 434, 374, 20.4, 28, Dpppp, 224, 27430, 27101, 988, , 27430, 25000, 28463, 28538, 0, 
259, 1, 290, 545, -1, 280, 155, 20.0, 23, ABplpaappaa, 215, 27676, 14170, 512, , 27676, 25000, 27777, 27896, 0, 
260, 1, 134, 358, -1, 190, 134, 19.6, 29, ABplpaapapa, 42, 27060, 31281, 1156, , 27060, 25000, 27682, 27600, 0, 
261, 1, 300, 432, -1, 439, 253, 10.8, 23, MSppaapp, 199, 27400, 14796, 540, , 27400, 25000, 28075, 28070, 0, 
262, 1, 36, 426, -1, 336, 151, 13.9, 23, ABplppaapap, 450, 26071, 12931, 496, , 26071, 25000, 28309, 28316, 0, 
263, 0, 120, -1, -1, 264, 282, 15.3, 24, , 83, 105, 20032, 704, , 28455, 25000, 28138, 28350, 0, 
264, 1, 8, 334, -1, 329, 176, 22.8, 26, ABplapaaapa, 245, 28366, 22579, 796, , 28366, 25000, 28470, 28541, 0, 
265, 1, 508, 235, -1, 222, 219, 16.0, 22, ABaraaaaaap, 191, 28500, 10944, 384, , 28500, 25000, 28328, 28327, 0, 
266, 1, 11, 43, -1, 573, 325, 19.3, 28, Cppppaa, 210, 28147, 29948, 1064, , 28147, 25000, 28646, 28668, 0, 
267, 1, 127, 27, -1, 240, 295, 13.6, 24, ABarapaapap, 119, 26150, 18305, 700, , 26150, 25000, 28915, 28961, 0, 
268, 1, 468, 404, -1, 526, 246, 6.4, 26, ABprpppaapp, 248, 33983, 28274, 832, , 33983, 25000, 35599, 36584, 0, 
269, 1, 131, 302, -1, 389, 226, 11.0, 25, ABprpappapp, 2, 29050, 22194, 764, , 29050, 25000, 28985, 29267, 0, 
270, 1, 442, 238, -1, 444, 243, 7.0, 24, ABprpppaaaa, 183, 28548, 17357, 608, , 28548, 25000, 30952, 31441, 0, 
271, 1, 525, 345, -1, 239, 238, 7.5, 24, ABarapppppp, 370, 28397, 21809, 768, , 28397, 25000, 31724, 31021, 0, 
272, 1, 82, 33, -1, 258, 229, 10.3, 23, ABarapaaapp, 193, 29931, 17719, 592, , 29931, 25000, 28600, 28697, 0, 
273, 1, 419, 46, -1, 298, 230, 21.4, 25, ABaraapapaa, 211, 28123, 23398, 832, , 28123, 25000, 28411, 28397, 0, 
274, 1, 489, 335, -1, 346, 261, 8.8, 22, ABprpapapap, 179, 30841, 15297, 496, , 30841, 25000, 28680, 28555, 0, 
275, 1, 122, 193, -1, 312, 297, 6.8, 26, ABprppaaaap, 281, 32342, 25744, 796, , 32342, 25000, 32841, 32361, 0, 
276, 1, 217, 521, -1, 184, 296, 12.4, 23, ABpraaapapa, 232, 26745, 17117, 640, , 26745, 25000, 27894, 27792, 0, 
277, 1, 78, 233, -1, 285, 239, 18.0, 22, ABalpaaappp, -208, 26549, 10195, 384, , 26549, 25000, 28088, 28226, 0, 
278, 1, 315, 121, -1, 236, 326, 8.4, 24, ABprpaaaaap, 202, 27306, 19114, 700, , 27306, 25000, 29467, 29575, 0, 
279, 1, 336, 222, -1, 388, 232, 8.4, 23, ABprppaappa, 219, 28577, 18289, 640, , 28577, 25000, 29250, 29104, 0, 
280, 0, 436, -1, -1, 526, 119, 11.5, 22, , 188, -124, 14365, 512, , 28057, 25000, 28096, 28181, 0, 
281, 1, 320, 63, -1, 155, 279, 7.5, 25, ABalaaapprr, 48, 29609, 22740, 768, , 29609, 25000, 32233, 32433, 0, 
282, 1, 441, 15, -1, 286, 392, 20.5, 30, ABarpaappp, 244, 27613, 34019, 1232, , 27613, 25000, 28039, 28016, 0, 
283, 1, 32, 247, -1, 367, 223, 19.8, 26, MSaapaapp, 189, 31361, 24963, 796, , 31361, 25000, 30791, 30492, 0, 
284, 1, 338, 204, -1, 208, 358, 18.1, 27, MSppappa, 8, 27772, 25217, 908, , 27772, 25000, 28274, 28432, 0, 
285, 1, 1, 150, -1, 243, 292, 6.1, 24, ABprpaaapap, 83, 35515, 21451, 604, , 35515, 25000, 35922, 36439, 0, 
286, 1, 48, 463, -1, 364, 253, 10.1, 22, ABprpapappa, 186, 27330, 12681, 464, , 27330, 25000, 29265, 29204, 0, 
287, 1, 57, 264, -1, 290, 281, 14.3, 24, ABarapaappp, 137, 26943, 18968, 704, , 26943, 25000, 28609, 28757, 0, 
288, 0, 535, -1, -1, 405, 377, 15.6, 23, , -38, -57, 18532, 640, , 28956, 25000, 28611, 29013, 0, 
289, 1, 202, 457, -1, 423, 306, 8.3, 22, ABprppapaap, 197, 29534, 15476, 524, , 29534, 25000, 29513, 29564, 0, 
290, 1, 464, 174, -1, 457, 227, 10.9, 22, ABplpappppa, 223, 26953, 12506, 464, , 26953, 25000, 27950, 27928, 0, 
291, 1, 493, 130, -1, 189, 200, 10.9, 22, ABalpaappap, 243, 29890, 13869, 464, , 29890, 25000, 29066, 29058, 0, 
292, 1, 159, 286, -1, 469, 397, 18.5, 30, Caaaap, 250, 27286, 33616, 1232, , 27286, 25000, 28174, 28185, 0, 
293, 1, 267, 155, -1, 575, 276, 12.2, 25, Cpppapp, 85, 28381, 19980, 704, , 28381, 25000, 29526, 29526, 0, 
294, 1, 167, 378, -1, 250, 204, 11.6, 23, ABalpappapa, 209, 27844, 17820, 640, , 27844, 25000, 28536, 28538, 0, 
295, 1, 137, 348, -1, 248, 164, 20.4, 23, ABalpppppap, 212, 28733, 18389, 640, , 28733, 25000, 28659, 28733, 0, 
296, 1, 49, 212, -1, 204, 276, 24.5, 26, MSapappp, 259, 28490, 25527, 896, , 28490, 25000, 29342, 29423, 0, 
297, 1, 390, 143, -1, 396, 351, 7.3, 27, ABprapaapp, 131, 28926, 26728, 924, , 28926, 25000, 30777, 30909, 0, 
298, 1, 257, 16, -1, 369, 238, 14.2, 22, MSaappaa, 105, 26972, 13378, 496, , 26972, 25000, 28769, 29090, 0, 
299, 1, 184, 526, -1, 189, 226, 9.7, 22, ABaraaappap, 223, 28053, 14700, 524, , 28053, 25000, 28852, 29038, 0, 
300, 0, -1, -1, -1, 288, 193, 12.2, 22, , 129, 4451, 16165, 496, , 32591, 25000, 28061, 28140, 0, 
301, 1, 209, 206, -1, 342, 312, 12.0, 24, MSpapaapa, 220, 31936, 19417, 608, , 31936, 25000, 29039, 29056, 0, 
302, 1, 409, 192, -1, 167, 267, 23.4, 32, ABplaaaaaap, 316, 27274, 40474, 1484, , 27274, 25000, 28215, 28459, 0, 
303, 1, 140, 498, -1, 235, 161, 11.6, 23, ABalppapppa, 183, 27648, 17695, 640, , 27648, 25000, 28200, 28302, 0, 
304, 0, 507, -1, -1, 141, 308, 23.3, 23, , 183, 2333, 18418, 592, , 31111, 25000, 28800, 28778, 0, 
305, 1, 135, 269, -1, 284, 214, 6.3, 24, ABarappapaa, 67, 36166, 25461, 704, , 36166, 25000, 34535, 35124, 0, 
306, 0, 3, -1, -1, 256, 195, 5.9, 22, , 60, -6534, 15774, 464, , 33996, 25000, 38901, 40530, 0, 
307, 1, 355, 509, -1, 352, 309, 8.1, 22, Dpapp, 112, 27381, 12705, 464, , 27381, 25000, 29438, 29507, 0, 
308, 1, 165, 459, -1, 441, 290, 19.6, 30, Ealap, 301, 28757, 33243, 1156, , 28757, 25000, 29657, 29730, 0, 
309, 1, 22, 5, -1, 293, 278, 8.0, 23, ABprppaaaaa, 359, 30867, 15804, 512, , 30867, 25000, 30268, 30398, 0, 
310, 1, 454, 347, -1, 172, 147, 18.9, 23, ABalpppaapv, 295, 28522, 14147, 496, , 28522, 25000, 28104, 28217, 0, 
311, 1, 225, 58, -1, 316, 234, 9.5, 22, ABprpapppaa, 192, 29418, 15062, 512, , 29418, 25000, 28885, 28383, 0, 
312, 1, 198, 566, -1, 342, 329, 18.6, 25, MSpaapapp, 178, 28454, 23674, 832, , 28454, 25000, 28302, 28262, 0, 
313, 1, 119, 159, -1, 265, 217, 21.3, 24, ABalpaapapp, 57, 27364, 19264, 704, , 27364, 25000, 28687, 28533, 0, 
314, 1, 69, 408, -1, 464, 320, 18.6, 29, Epraa, 296, 28843, 33343, 1156, , 28843, 25000, 29588, 29625, 0, 
315, 1, 450, 490, -1, 426, 201, 13.6, 23, ABplppapppa, 94, 27933, 17877, 640, , 27933, 25000, 28204, 28370, 0, 
316, 1, 95, 297, -1, 256, 175, 9.8, 24, ABalppapapa, 205, 29177, 19140, 656, , 29177, 25000, 28121, 28293, 0, 
317, 1, 365, 518, -1, 156, 227, 14.0, 22, ABaraaaapaa, 159, 26549, 10195, 384, , 26549, 25000, 27337, 27578, 0, 
318, 1, 435, 183, -1, 582, 192, 18.6, 27, Capppap, 246, 28336, 27996, 988, , 28336, 25000, 29445, 29456, 0, 
319, 1, 10, 74, -1, 261, 326, 22.8, 24, MSpaaaaap, -242, 27619, 18118, 656, , 27619, 25000, 28921, 29039, 0, 
320, 1, 259, 242, -1, 447, 208, 21.9, 24, Capaaap, 243, 28214, 17041, 604, , 28214, 25000, 28308, 28312, 0, 
321, 0, 118, -1, -1, 216, 345, 13.0, 24, , 28, 572, 17481, 608, , 28752, 25000, 28434, 28180, 0, 
322, 1, 42, 207, -1, 347, 326, 21.2, 23, MSpaaapap, 193, 28144, 15198, 540, , 28144, 25000, 27842, 28008, 0, 
323, 1, 282, 86, -1, 555, 351, 11.6, 27, ABprapapaa, 261, 27171, 26845, 988, , 27171, 25000, 27844, 27748, 0, 
324, 1, 477, 384, -1, 104, 266, 18.0, 22, ABarpaaaaar, 178, 26688, 10248, 384, , 26688, 25000, 28598, 28582, 0, 
325, 1, 472, 105, -1, 521, 119, 19.2, 27, ABarppappp, 244, 27304, 23700, 868, , 27304, 25000, 28131, 28144, 0, 
326, 1, 276, 416, -1, 401, 210, 13.8, 22, ABplppappap, 180, 26603, 13195, 496, , 26603, 25000, 28678, 28573, 0, 
327, 1, 92, 182, -1, 360, 132, 19.4, 27, ABplaapppp, 252, 28365, 28025, 988, , 28365, 25000, 28687, 28719, 0, 
328, 1, 302, 525, -1, 384, 267, 11.2, 24, ABprpapppap, 193, 28337, 18589, 656, , 28337, 25000, 30397, 29906, 0, 
329, 1, 186, 202, -1, 527, 116, 14.1, 26, ABplapppaap, 213, 27228, 21782, 800, , 27228, 25000, 28257, 28167, 0, 
330, 1, 401, 263, -1, 521, 213, 9.9, 23, Cpppppv, 201, 28315, 14044, 496, , 28315, 25000, 28860, 28958, 0, 
331, 1, 312, 24, -1, 344, 326, 14.4, 26, MSpapappa, 187, 29852, 24837, 832, , 29852, 25000, 29387, 29315, 0, 
332, 1, 429, 111, -1, 484, 221, 8.0, 24, ABprppppapp, 241, 29798, 18117, 608, , 29798, 25000, 30252, 30320, 0, 
333, 0, 319, -1, -1, 273, 297, 10.0, 22, , 185, 686, 11328, 384, , 29500, 25000, 28729, 28814, 0, 
334, 1, 163, 373, -1, 222, 126, 14.7, 22, ABalpppapad, 186, 28630, 15002, 524, , 28630, 25000, 27555, 27447, 0, 
335, 1, 260, 163, -1, 178, 248, 7.8, 23, ABarapppaaa, 203, 28156, 15204, 540, , 28156, 25000, 31129, 31497, 0, 
336, 1, 234, 349, -1, 488, 205, 10.8, 22, ABplpappppp, 187, 29304, 14535, 496, , 29304, 25000, 29037, 28834, 0, 
337, 1, 148, 218, -1, 112, 259, 20.7, 24, ABarpaaaaal, 211, 28710, 20212, 704, , 28710, 25000, 28169, 28059, 0, 
338, 1, 482, 436, -1, 113, 207, 16.4, 23, ABalaaaparl, 177, 27664, 17705, 640, , 27664, 25000, 27109, 27111, 0, 
339, 1, 73, 295, -1, 435, 382, 16.4, 25, Cpppaaa, 251, 27297, 22711, 832, , 27297, 25000, 28396, 28396, 0, 
340, 0, 523, -1, -1, 529, 266, 16.4, 24, , 163, -1314, 18992, 700, , 27131, 25000, 28298, 28445, 0, 
341, 1, 463, 198, -1, 313, 133, 15.7, 26, ABplppaaaap, 223, 27919, 23899, 856, , 27919, 25000, 28759, 28910, 0, 
342, 1, 91, 196, -1, 299, 305, 15.3, 25, ABaraapppaa, 254, 27404, 20937, 764, , 27404, 25000, 27717, 27816, 0, 
343, 1, 144, 28, -1, 229, 339, 25.0, 22, ABarpaapap, 177, 29336, 11265, 384, , 29336, 25000, 28893, 29043, 0, 
344, 1, 172, 468, -1, 450, 198, 10.7, 22, ABplpapppaa, 169, 27275, 14292, 524, , 27275, 25000, 28284, 28223, 0, 
345, 1, 40, 166, -1, 263, 280, 11.2, 23, ABarapappaa, 102, 27117, 14643, 540, , 27117, 25000, 28670, 28806, 0, 
346, 1, 231, 462, -1, 245, 181, 7.2, 24, ABalpapaaap, 221, 28165, 18476, 656, , 28165, 25000, 32936, 33230, 0, 
347, 1, 160, 245, -1, 474, 263, 9.5, 22, ABprppppaaa, 214, 28006, 14339, 512, , 28006, 25000, 28640, 28653, 0, 
348, 1, 391, 483, -1, 131, 204, 13.1, 23, ABalaaaarla, 197, 27651, 13715, 496, , 27651, 25000, 27426, 27483, 0, 
349, 1, 12, 271, -1, 279, 222, 12.9, 23, ABalpappppa, 209, 27978, 13877, 496, , 27978, 25000, 27613, 27537, 0, 
350, 1, 56, 277, -1, 158, 336, 22.4, 25, ABarpaapaa, 181, 28076, 23359, 832, , 28076, 25000, 28493, 28561, 0, 
351, 1, 289, 109, -1, 490, 365, 16.1, 26, Cppapaa, 236, 29041, 23233, 800, , 29041, 25000, 29254, 29333, 0, 
352, 1, 492, 60, -1, 502, 248, 4.9, 24, ABprappppa, 273, 40983, 24754, 604, , 40983, 25000, 37720, 37772, 0, 
353, 1, 246, 91, -1, 176, 331, 12.4, 24, ABpraapaapa, 168, 26527, 18569, 700, , 26527, 25000, 28199, 28383, 0, 
354, 1, 434, 421, -1, 161, 225, 9.1, 22, ABaraaapppa, 448, 27644, 12827, 464, , 27644, 25000, 28991, 29243, 0, 
355, 1, 424, 451, -1, 439, 240, 14.0, 27, MSapaapp, 375, 25999, 26831, 1032, , 25999, 25000, 28404, 28375, 0, 
356, 1, 264, 158, -1, 472, 236, 6.5, 23, ABprppppapa, 204, 33051, 20888, 632, , 33051, 25000, 33586, 34192, 0, 
357, 1, 281, 37, -1, 328, 167, 16.8, 24, Daapa, 245, 27422, 17989, 656, , 27422, 25000, 29221, 29251, 0, 
358, 1, 112, 283, -1, 359, 356, 7.5, 28, ABpraapppp, 210, 29846, 32234, 1080, , 29846, 25000, 31220, 31219, 0, 
359, 1, 101, 303, -1, 504, 317, 20.7, 30, Earpp, 303, 28433, 37191, 1308, , 28433, 25000, 29529, 29540, 0, 
360, 1, 164, 75, -1, 238, 307, 23.5, 25, MSpaaaaaa, 72, 28164, 21630, 768, , 28164, 25000, 28504, 28482, 0, 
361, 1, 43, 144, -1, 184, 219, 7.3, 24, ABaraaapppp, 189, 29509, 20774, 704, , 29509, 25000, 32257, 32722, 0, 
362, 1, 469, 533, -1, 188, 131, 16.8, 22, ABalpppaaaa, 16, 28266, 14020, 496, , 28266, 25000, 28269, 28354, 0, 
363, 1, 275, 317, -1, 320, 395, 18.8, 28, ABarpppapa, 250, 27514, 28945, 1052, , 27514, 25000, 28319, 28278, 0, 
364, 1, 74, 69, -1, 452, 354, 12.5, 25, Cppaaap, 30, 27503, 21122, 768, , 27503, 25000, 28656, 28682, 0, 
365, 1, 123, 467, -1, 397, 376, 17.4, 23, Dppap, 227, 28319, 18124, 640, , 28319, 25000, 28991, 29265, 0, 
366, 1, 139, 83, -1, 182, 169, 15.4, 24, ABalppappaa, 71, 26749, 18724, 700, , 26749, 25000, 27664, 27759, 0, 
367, 1, 443, 54, -1, 378, 205, 14.1, 22, ABplppappaa, 359, 27750, 12876, 464, , 27750, 25000, 29362, 29476, 0, 
368, 1, 46, 102, -1, 480, 175, 25.3, 27, ABarppappa, 147, 27865, 25747, 924, , 27865, 25000, 28490, 28463, 0, 
369, 1, 375, 435, -1, 272, 222, 18.3, 23, ABalpaaappa, 197, 27677, 16385, 592, , 27677, 25000, 27648, 27880, 0, 
370, 1, 107, 395, -1, 317, 209, 15.0, 23, MSaapaaaa, 220, 29975, 15347, 512, , 29975, 25000, 28935, 28971, 0, 
371, 1, 168, 313, -1, 331, 117, 13.5, 27, ABplaapppa, 233, 27204, 24375, 896, , 27204, 25000, 27367, 27381, 0, 
372, 1, 405, 418, -1, 389, 184, 25.4, 26, ABarppapap, 239, 30202, 25128, 832, , 30202, 25000, 29626, 29619, 0, 
373, 1, 530, 366, -1, 202, 165, 23.0, 24, ABplaapaapp, 9, 28949, 17601, 608, , 28949, 25000, 28711, 28824, 0, 
374, 1, 308, 76, -1, 570, 217, 12.2, 26, Cpppppd, 300, 27829, 22152, 796, , 27829, 25000, 28674, 28745, 0, 
375, 1, 210, 258, -1, 137, 196, 16.9, 26, ABalaaapalr, 211, 28611, 22889, 800, , 28611, 25000, 27899, 28119, 0, 
376, 1, 364, 272, -1, 409, 349, 11.5, 25, Cppaaaa, 231, 27017, 20749, 768, , 27017, 25000, 29850, 30006, 0, 
377, 1, 403, 356, -1, 162, 350, 14.8, 23, ABarpappaa, 191, 27937, 15086, 540, , 27937, 25000, 27877, 27963, 0, 
378, 1, 265, 324, -1, 551, 141, 13.9, 26, ABplapapppp, 229, 27399, 21919, 800, , 27399, 25000, 28340, 28384, 0, 
379, 1, 430, 2, -1, 406, 197, 21.3, 24, Capaaaa, 208, 28048, 19746, 704, , 28048, 25000, 28296, 28327, 0, 
380, 1, 374, 433, -1, 303, 354, 7.6, 25, ABprpaappap, 350, 31500, 26208, 832, , 31500, 25000, 30696, 30869, 0, 
381, 1, 329, 508, -1, 367, 346, 11.4, 23, Dppaa, 195, 27206, 17412, 640, , 27206, 25000, 29131, 29173, 0, 
382, 1, 371, 415, -1, 569, 314, 13.3, 25, Cpppapa, -13, 29703, 22693, 764, , 29703, 25000, 29036, 29088, 0, 
383, 1, 97, 430, -1, 459, 304, 7.3, 23, ABprppapapp, 192, 30128, 17836, 592, , 30128, 25000, 30890, 30976, 0, 
384, 1, 389, 142, -1, 138, 178, 12.7, 22, ABalaaaalpa, 502, 29489, 15452, 524, , 29489, 25000, 27719, 27542, 0, 
385, 1, 294, 168, -1, 311, 209, 22.8, 27, MSapapaa, 178, 27638, 23990, 868, , 27638, 25000, 28748, 28838, 0, 
386, 1, 392, 289, -1, 522, 301, 10.2, 25, Cppappa, 249, 26727, 18816, 704, , 26727, 25000, 28932, 28835, 0, 
387, 1, 352, 321, -1, 131, 330, 18.1, 22, ABarpaaapap, 225, 27509, 12764, 464, , 27509, 25000, 27924, 27973, 0, 
388, 1, 332, 282, -1, 239, 283, 8.1, 23, ABprpaaappa, 67, 27520, 13650, 496, , 27520, 25000, 28655, 28636, 0, 
389, 1, 20, 230, -1, 217, 268, 11.0, 22, MSppaaaa, 201, 26536, 10190, 384, , 26536, 25000, 28584, 28557, 0, 
390, 1, 125, 328, -1, 408, 400, 12.4, 27, ABarppppap, 43, 26659, 26339, 988, , 26659, 25000, 27911, 27911, 0, 
391, 1, 292, 396, -1, 192, 198, 21.8, 25, ABalapaaaa, 208, 27000, 19008, 704, , 27000, 25000, 28321, 28470, 0, 
392, 1, 161, 419, -1, 171, 226, 11.3, 23, ABaraaappaa, 49, 27834, 16478, 592, , 27834, 25000, 28939, 29235, 0, 
393, 1, 223, 89, -1, 271, 172, 26.5, 34, ABplaaappp, 346, 30021, 50675, 1688, , 30021, 25000, 29812, 30074, 0, 
394, 1, 304, 492, -1, 200, 263, 7.8, 22, ABarappppap, 200, 29643, 14703, 496, , 29643, 25000, 30972, 31486, 0, 
395, 1, 83, 402, -1, 152, 159, 21.2, 26, ABalpppaapd, 198, 27270, 21707, 796, , 27270, 25000, 28137, 27911, 0, 
396, 1, 386, 359, -1, 136, 230, 10.5, 23, ABalaaaarra, 215, 27280, 17241, 632, , 27280, 25000, 27581, 27555, 0, 
397, 1, 206, 216, -1, 214, 169, 7.5, 23, ABalppaappa, 182, 28915, 18274, 632, , 28915, 25000, 31674, 31702, 0, 
398, 0, 200, -1, -1, 163, 278, 21.4, 24, , 304, 1920, 21035, 700, , 30050, 25000, 27781, 28130, 0, 
399, 1, 243, 154, -1, 208, 287, 4.8, 23, ABpraaaaaap, 156, 41722, 22530, 540, , 41722, 25000, 40047, 39945, 0, 
400, 1, 380, 291, -1, 490, 183, 14.9, 23, ABplpppppap, 208, 27538, 13659, 496, , 27538, 25000, 29316, 29350, 0, 
401, 1, 342, 49, -1, 255, 367, 23.9, 31, ABarpaappa, 676, 28066, 41538, 1480, , 28066, 25000, 28506, 28508, 0, 
402, 1, 216, 56, -1, 140, 237, 21.7, 24, ABplaaaaaaa, 202, 29524, 20785, 704, , 29524, 25000, 28560, 28622, 0, 
403, 1, 517, 119, -1, 572, 175, 9.7, 23, Caappv, 212, 26652, 15778, 592, , 26652, 25000, 28579, 28738, 0, 
404, 1, 41, 226, -1, 258, 298, 4.5, 23, ABpraappaa, 181, 41525, 26244, 632, , 41525, 25000, 37420, 37366, 0, 
405, 1, 416, 221, -1, 484, 222, 13.4, 23, ABprpappppp, 218, 27555, 17635, 640, , 27555, 25000, 28819, 28907, 0, 
406, 1, 458, 66, -1, 580, 186, 22.1, 30, Cpapap, 304, 28409, 38522, 1356, , 28409, 25000, 28612, 28634, 0, 
407, 1, 87, 227, -1, 293, 174, 8.0, 23, ABalpapapaa, 230, 30213, 15469, 512, , 30213, 25000, 30018, 30373, 0, 
408, 1, 132, 214, -1, 163, 217, 22.8, 24, ABalapapppp, 136, 27393, 17970, 656, , 27393, 25000, 28344, 28486, 0, 
409, 1, 366, 424, -1, 490, 215, 23.6, 28, Capapaa, 13, 28078, 27741, 988, , 28078, 25000, 28390, 28408, 0, 
410, 1, 423, 275, -1, 455, 278, 26.1, 30, Dappp, 303, 27682, 37537, 1356, , 27682, 25000, 28396, 28394, 0, 
411, 1, 63, 136, -1, 340, 275, 11.1, 23, MSpapaaap, 189, 31101, 15426, 496, , 31101, 25000, 29076, 28805, 0, 
412, 1, 171, 445, -1, 157, 180, 20.9, 22, ABalppppapp, 284, 30619, 14207, 464, , 30619, 25000, 29225, 29541, 0, 
413, 1, 254, 167, -1, 544, 222, 18.4, 30, Eplpa, 306, 29078, 33614, 1156, , 29078, 25000, 29793, 29825, 0, 
414, 1, 345, 260, -1, 318, 265, 11.4, 23, MSpapaaaa, 178, 29098, 18623, 640, , 29098, 25000, 29097, 29243, 0, 
415, 1, 316, 251, -1, 260, 292, 22.2, 24, MSaaaaapp, 213, 27750, 18204, 656, , 27750, 25000, 28344, 28309, 0, 
416, 1, 528, 505, -1, 348, 175, 13.7, 22, ABplpapapap, -7, 27372, 14343, 524, , 27372, 25000, 28788, 28843, 0, 
417, 1, 471, 499, -1, 263, 360, 20.8, 25, MSpppppa, 226, 29479, 20753, 704, , 29479, 25000, 28941, 29080, 0, 
418, 1, 334, 18, -1, 418, 205, 11.4, 24, ABplppaappp, 150, 26667, 18667, 700, , 26667, 25000, 28139, 28484, 0, 
419, 1, 59, 197, -1, 349, 185, 26.2, 24, ABarppapaa, 246, 28477, 18681, 656, , 28477, 25000, 29617, 29617, 0, 
420, 1, 519, 550, -1, 445, 226, 8.9, 22, ABplpapppap, 123, 27504, 12762, 464, , 27504, 25000, 27726, 27693, 0, 
421, 1, 328, 114, -1, 405, 271, 17.9, 28, Ealpa, 665, 28077, 30548, 1088, , 28077, 25000, 29241, 29266, 0, 
422, 1, 414, 6, -1, 434, 184, 25.6, 30, ABplappapa, 301, 29052, 33584, 1156, , 29052, 25000, 29114, 29114, 0, 
423, 1, 483, 138, -1, 523, 153, 12.8, 22, ABplapppapp, 161, 28452, 14112, 496, , 28452, 25000, 27699, 27677, 0, 
424, 1, 455, 184, -1, 481, 271, 5.9, 24, ABprpppaaap, 206, 36412, 21993, 604, , 36412, 25000, 34841, 35419, 0, 
425, 1, 453, 392, -1, 495, 283, 11.6, 23, ABprpppppaa, 220, 28417, 18187, 640, , 28417, 25000, 28750, 28685, 0, 
426, 1, 484, 482, -1, 134, 229, 14.9, 22, ABalaaaarlp, 276, 27778, 12889, 464, , 27778, 25000, 27576, 27228, 0, 
427, 0, 121, -1, -1, 331, 315, 6.0, 22, , 163, -158, 13451, 384, , 35029, 25000, 34972, 35187, 0, 
428, 1, 526, 470, -1, 376, 319, 17.7, 36, Earaa, 359, 28824, 63874, 2216, , 28824, 25000, 29512, 29675, 0, 
429, 1, 480, 185, -1, 259, 220, 5.0, 23, ABarapppapp, 202, 45537, 23315, 512, , 45537, 25000, 37189, 37288, 0, 
430, 1, 77, 234, -1, 512, 176, 10.9, 24, Cappppv, 202, 27591, 16665, 604, , 27591, 25000, 28678, 28643, 0, 
431, 1, 545, 341, -1, 157, 176, 18.8, 23, ABalapaappp, 910, 28289, 15276, 540, , 28289, 25000, 28315, 28259, 0, 
432, 1, 158, 534, -1, 179, 145, 12.5, 25, ABalppaaapp, -2, 28378, 21794, 768, , 28378, 25000, 27589, 27607, 0, 
433, 1, 72, 72, -1, 421, 277, 9.7, 22, ABprppappap, 196, 27618, 14472, 524, , 27618, 25000, 28800, 28873, 0, 
434, 1, 142, 515, -1, 123, 287, 18.2, 25, ABarpaaapaa, 180, 27085, 19068, 704, , 27085, 25000, 28006, 28083, 0, 
435, 1, 426, 53, -1, 358, 401, 12.8, 24, ABarppppaa, 244, 27645, 18135, 656, , 27645, 25000, 28009, 28011, 0, 
436, 1, 478, 502, -1, 142, 265, 11.1, 22, ABalaaapprl, 161, 28032, 13007, 464, , 28032, 25000, 27237, 27348, 0, 
437, 1, 361, 352, -1, 162, 336, 10.5, 23, ABpraaaaapd, 180, 27769, 17550, 632, , 27769, 25000, 27310, 27407, 0, 
438, 1, 452, 481, -1, 416, 170, 20.6, 24, ABplappaaa, 222, 28631, 20042, 700, , 28631, 25000, 28595, 28685, 0, 
439, 0, 513, -1, -1, 452, 277, 11.7, 22, , 252, -1311, 14486, 524, , 27645, 25000, 28727, 28956, 0, 
440, 1, 249, 270, -1, 118, 271, 11.4, 27, ABalaaapplr, 246, 27221, 26894, 988, , 27221, 25000, 27422, 27296, 0, 
441, 1, 204, 447, -1, 456, 394, 12.6, 26, ABprappapa, 254, 27120, 22564, 832, , 27120, 25000, 28167, 28167, 0, 
442, 1, 481, 441, -1, 179, 240, 24.1, 24, ABplaaaaapp, 238, 28253, 17065, 604, , 28253, 25000, 27496, 27404, 0, 
443, 0, 23, -1, -1, 384, 296, 16.4, 23, , 162, 296, 19463, 640, , 30411, 25000, 29830, 30115, 0, 
444, 1, 19, 236, -1, 385, 164, 14.3, 23, ABplppapaaa, 70, 27007, 15988, 592, , 27007, 25000, 28735, 28725, 0, 
445, 0, 176, -1, -1, 204, 306, 21.0, 22, , -15, 907, 11588, 384, , 30177, 25000, 28946, 29270, 0, 
446, 1, 113, 248, -1, 204, 185, 10.3, 22, ABalpapaaaa, 188, 28725, 15052, 524, , 28725, 25000, 28757, 28941, 0, 
447, 1, 479, 310, -1, 241, 239, 22.2, 22, ABalpaapapa, 250, 27720, 13749, 496, , 27720, 25000, 28358, 28443, 0, 
448, 1, 284, 391, -1, 190, 264, 14.5, 24, ABaraaapaaa, 241, 26995, 20732, 768, , 26995, 25000, 28170, 28329, 0, 
449, 1, 506, 308, -1, 114, 256, 13.0, 22, ABalaaappll, 134, 27018, 10375, 384, , 27018, 25000, 27614, 27815, 0, 
450, 1, 104, 292, -1, 243, 157, 14.6, 22, ABplpaaappa, 214, 28119, 16084, 572, , 28119, 25000, 28811, 28724, 0, 
451, 1, 497, 38, -1, 371, 242, 16.5, 26, MSaapappp, 227, 28717, 25730, 896, , 28717, 25000, 29803, 29650, 0, 
452, 1, 413, 476, -1, 545, 172, 20.1, 24, Cappapa, 224, 29000, 17516, 604, , 29000, 25000, 29078, 29092, 0, 
453, 1, 227, 213, -1, 226, 216, 5.9, 22, ABarapppapa, 194, 37248, 17283, 464, , 37248, 25000, 37361, 37967, 0, 
454, 1, 398, 381, -1, 587, 161, 17.1, 30, Cpapaa, 306, 27611, 37441, 1356, , 27611, 25000, 28165, 28132, 0, 
455, 0, 280, -1, -1, 241, 182, 18.2, 22, , 129, 1387, 14771, 496, , 29780, 25000, 28222, 28393, 0, 
456, 0, 187, -1, -1, 358, 127, 16.8, 22, , 254, 770, 14777, 496, , 29792, 25000, 29218, 29022, 0, 
457, 1, 190, 599, -1, 334, 354, 24.7, 31, ABarppaapa, 293, 27819, 38057, 1368, , 27819, 25000, 28662, 28678, 0, 
458, 1, 397, 465, -1, 287, 124, 20.2, 23, ABalpppppppp, 182, 30754, 16607, 540, , 30754, 25000, 28290, 28398, 0, 
459, 1, 448, 299, -1, 334, 211, 19.4, 23, MSaapaapa, 224, 31566, 20202, 640, , 31566, 25000, 30907, 30898, 0, 
460, 1, 86, 42, -1, 373, 315, 13.5, 28, MSpapaapp, 227, 30312, 32737, 1080, , 30312, 25000, 30081, 29975, 0, 
461, 1, 169, 423, -1, 546, 261, 20.1, 33, Eplap, 332, 28787, 49975, 1736, , 28787, 25000, 28804, 28940, 0, 
462, 1, 326, 36, -1, 278, 324, 24.4, 24, MSaaaapaa, -250, 28023, 19616, 700, , 28023, 25000, 28955, 29149, 0, 
463, 1, 309, 171, -1, 537, 366, 18.5, 31, Caaapa, 305, 27220, 33535, 1232, , 27220, 25000, 27984, 27969, 0, 
464, 1, 182, 201, -1, 335, 217, 8.2, 26, ABprpappapa, 212, 29384, 23390, 796, , 29384, 25000, 30199, 29875, 0, 
465, 1, 475, 556, -1, 264, 311, 8.8, 22, MSppapap, 155, 28266, 14020, 496, , 28266, 25000, 29293, 29223, 0, 
466, 1, 4, 265, -1, 546, 238, 9.6, 24, ABprapppapp, 183, 27320, 19124, 700, , 27320, 25000, 28616, 28622, 0, 
467, 0, 330, -1, -1, 532, 211, 13.5, 27, , 77, -1069, 25215, 896, , 28142, 25000, 28898, 29211, 0, 
468, 1, 520, 497, -1, 266, 211, 7.7, 27, ABarappaaap, 239, 29294, 27068, 924, , 29294, 25000, 30901, 30569, 0, 
469, 1, 67, 268, -1, 515, 317, 6.1, 26, ABprapapap, 239, 32129, 25703, 800, , 32129, 25000, 37195, 37316, 0, 
470, 1, 133, 343, -1, 529, 170, 8.4, 24, ABplppppppa, 209, 28630, 20041, 700, , 28630, 25000, 29752, 29813, 0, 
471, 0, 271, -1, -1, 208, 254, 4.7, 22, , 56, 2106, 21480, 524, , 40992, 25000, 39224, 38886, 0, 
472, 1, 263, 461, -1, 542, 155, 17.2, 26, Cappapp, 222, 26609, 21181, 796, , 26609, 25000, 28279, 28278, 0, 
473, 1, 28, 469, -1, 288, 376, 10.1, 23, ABpraaapppa, 216, 28129, 13952, 496, , 28129, 25000, 28629, 28769, 0, 
474, 1, 287, 191, -1, 576, 265, 7.9, 23, ABprapppaap, 229, 28754, 14262, 496, , 28754, 25000, 29582, 29594, 0, 
475, 1, 488, 316, -1, 542, 170, 10.3, 24, ABplppppppp, 210, 27849, 19606, 704, , 27849, 25000, 28345, 28530, 0, 
476, 1, 299, 65, -1, 448, 320, 10.7, 26, MSpapppp, 224, 26612, 22780, 856, , 26612, 25000, 28831, 28930, 0, 
477, 1, 191, 12, -1, 299, 215, 9.6, 23, ABplpappaaa, 212, 29059, 18598, 640, , 29059, 25000, 29102, 28918, 0, 
478, 1, 367, 41, -1, 486, 118, 18.6, 27, ABplapapap, 236, 27236, 26909, 988, , 27236, 25000, 28047, 28039, 0, 
479, 1, 368, 605, -1, 200, 161, 10.6, 22, ABalppapaap, 222, 28736, 16437, 572, , 28736, 25000, 27778, 27906, 0, 
480, 1, 490, 51, -1, 588, 323, 15.8, 27, Caaapp, 267, 27387, 23772, 868, , 27387, 25000, 28278, 28146, 0, 
481, 1, 399, 80, -1, 219, 143, 12.7, 22, ABplpaaapaa, 174, 27239, 14273, 524, , 27239, 25000, 28055, 27812, 0, 
482, 1, 512, 372, -1, 145, 196, 22.2, 22, ABalapaaapp, 101, 26589, 13188, 496, , 26589, 25000, 28742, 28756, 0, 
483, 1, 323, 228, -1, 267, 313, 15.6, 23, ABaraaapapp, -16, 28000, 17920, 640, , 28000, 25000, 28278, 28649, 0, 
484, 1, 244, 511, -1, 309, 296, 11.5, 24, ABaraappppa, 206, 27594, 21192, 768, , 27594, 25000, 28382, 28386, 0, 
485, 1, 115, 353, -1, 508, 166, 19.9, 25, Capaapp, 230, 29369, 20206, 688, , 29369, 25000, 29336, 29328, 0, 
486, 1, 54, 412, -1, 472, 185, 8.8, 24, ABplppppapp, 231, 29250, 19188, 656, , 29250, 25000, 29744, 29741, 0, 
487, 1, 237, 312, -1, 467, 200, 19.8, 20, MSappaap, 139, 27611, 10934, 396, , 27611, 25000, 28188, 28308, 0, 
488, 1, 406, 495, -1, 560, 194, 9.4, 23, ABprppppppp, 218, 28944, 18524, 640, , 28944, 25000, 28219, 28334, 0, 
489, 1, 105, 332, -1, 490, 372, 19.2, 28, Cpppaap, 241, 27324, 28745, 1052, , 27324, 25000, 28790, 28847, 0, 
490, 1, 306, 112, -1, 166, 185, 10.4, 23, ABalpaapppp, 217, 28945, 18525, 640, , 28945, 25000, 28517, 28331, 0, 
491, 1, 503, 231, -1, 195, 159, 17.3, 21, ABalapaapaa, 126, 27250, 12862, 472, , 27250, 25000, 28060, 28308, 0, 
492, 1, 379, 487, -1, 380, 268, 14.3, 23, MSpapappp, 432, 32394, 19177, 592, , 32394, 25000, 32037, 31550, 0, 
493, 0, 45, -1, -1, 226, 193, 9.8, 23, , 188, 1325, 16319, 540, , 30220, 25000, 28936, 28895, 0, 
494, 1, 177, 220, -1, 523, 284, 5.7, 25, ABprapappa, 252, 42992, 32846, 764, , 42992, 25000, 39111, 39145, 0, 
495, 1, 61, 489, -1, 547, 269, 16.6, 30, Eprpa, 300, 27889, 32240, 1156, , 27889, 25000, 29029, 29063, 0, 
496, 1, 183, 284, -1, 194, 237, 6.4, 23, ABarapppaap, 213, 35169, 22508, 640, , 35169, 25000, 37123, 38828, 0, 
497, 1, 330, 152, -1, 525, 207, 15.4, 28, Eplpp, 141, 26582, 26263, 988, , 26582, 25000, 29607, 29629, 0, 
498, 1, 222, 370, -1, 481, 292, 22.5, 32, Eplaa, 323, 26601, 38092, 1432, , 26601, 25000, 29235, 29366, 0, 
499, 1, 110, 571, -1, 349, 163, 16.5, 24, Daapp, 34, 28242, 21690, 768, , 28242, 25000, 28784, 28826, 0, 
500, 1, 90, 8, -1, 252, 364, 8.7, 24, ABpraaapppp, -7, 27037, 19034, 704, , 27037, 25000, 28412, 28477, 0, 
501, 1, 241, 190, -1, 507, 262, 8.1, 22, Cppappp, -35, 26940, 12500, 464, , 26940, 25000, 30093, 30277, 0, 
502, 0, 504, -1, -1, 346, 281, 4.9, 19, , 242, 6337, 11211, 256, , 43793, 25000, 37188, 37456, 0, 
503, 1, 293, 239, -1, 151, 164, 16.8, 25, ABalaaapall, 34, 27946, 19674, 704, , 27946, 25000, 28219, 28072, 0, 
504, 1, 466, 132, -1, 220, 210, 19.0, 22, ABalpaaapaa, 227, 30648, 11769, 384, , 30648, 25000, 28046, 28380, 0, 
505, 1, 514, 485, -1, 156, 165, 12.5, 22, ABalaaaalpp, 24, 29125, 14912, 512, , 29125, 25000, 27579, 27428, 0, 
506, 1, 446, 523, -1, 141, 203, 18.6, 22, ABalapaaapa, 145, 27827, 15917, 572, , 27827, 25000, 27671, 27701, 0, 
507, 1, 25, 460, -1, 470, 203, 13.8, 23, ABplppppaap, 348, 28874, 15592, 540, , 28874, 25000, 28555, 28740, 0, 
508, 1, 174, 10, -1, 210, 208, 9.1, 23, ABalpapaapa, 269, 29869, 14815, 496, , 29869, 25000, 29523, 29473, 0, 
509, 0, 546, -1, -1, 379, 119, 16.7, 23, , 237, 98, 16792, 592, , 28365, 25000, 28490, 28267, 0, 
510, 1, 173, 420, -1, 149, 211, 15.1, 22, ABalaaaalar, 288, 26748, 12411, 464, , 26748, 25000, 27986, 27941, 0, 
511, 1, 359, 466, -1, 188, 242, 15.1, 22, ABaraaaapap, 188, 27390, 12709, 464, , 27390, 25000, 27755, 27846, 0, 
512, 1, 362, 300, -1, 169, 206, 12.5, 22, ABalpaappaa, 57, 28221, 14449, 512, , 28221, 25000, 27916, 28011, 0, 
513, 0, 439, -1, -1, 225, 310, 12.0, 22, , 35, 918, 11315, 384, , 29466, 25000, 28170, 28548, 0, 
514, 1, 295, 510, -1, 362, 196, 13.1, 22, ABplpapappa, 415, 29088, 13497, 464, , 29088, 25000, 28600, 28638, 0, 
515, 1, 343, 514, -1, 296, 335, 18.8, 22, MSpaapaap, 59, 27254, 13518, 496, , 27254, 25000, 28758, 28791, 0, 
516, 0, -1, -1, -1, 517, 176, 5.3, 22, , 277, 2089, 22493, 524, , 42926, 25000, 40265, 40837, 0, 
517, 1, 461, 13, -1, 149, 270, 24.1, 23, ABarpaaaapp, 118, 29028, 14398, 496, , 29028, 25000, 28307, 28766, 0, 
518, 1, 529, 528, -1, 325, 245, 6.9, 21, ABprpapaaap, 107, 29974, 10431, 348, , 29974, 25000, 33205, 32740, 0, 
519, 1, 38, 477, -1, 391, 242, 14.6, 23, MSaappap, 252, 28134, 18006, 640, , 28134, 25000, 28970, 28825, 0, 
520, 1, 378, 44, -1, 572, 160, 11.3, 24, Cpappv, -50, 26281, 18502, 704, , 26281, 25000, 28227, 28425, 0, 
521, 1, 111, 362, -1, 280, 173, 11.9, 22, ABplpapaapa, 248, 26502, 12297, 464, , 26502, 25000, 28647, 28744, 0, 
522, 1, 521, 486, -1, 609, 273, 14.0, 23, Cpappd, 136, 28719, 14704, 512, , 28719, 25000, 27685, 27709, 0, 
523, 1, 106, 524, -1, 424, 204, 18.0, 22, MSaapppp, -21, 27503, 10561, 384, , 27503, 25000, 28624, 28642, 0, 
524, 0, 215, -1, -1, 220, 171, 20.9, 22, , -91, -1090, 12519, 464, , 26981, 25000, 28033, 28071, 0, 
525, 1, 100, 325, -1, 154, 301, 10.0, 21, ABalaappppp, 408, 28120, 10798, 384, , 28120, 25000, 27712, 27744, 0, 
526, 1, 150, 475, -1, 471, 281, 6.9, 22, ABprppapppp, -91, 30377, 14095, 464, , 30377, 25000, 31464, 30938, 0, 
527, 1, 377, 519, -1, 403, 199, 15.6, 25, ABplppapaap, 194, 28198, 23461, 832, , 28198, 25000, 28786, 29060, 0, 
528, 1, 250, 246, -1, 211, 313, 5.3, 22, ABpraaaapad, 122, 40511, 21228, 524, , 40511, 25000, 42117, 43477, 0, 
529, 1, 547, 494, -1, 330, 168, 11.4, 21, ABplpapaaap, 270, 26891, 14091, 524, , 26891, 25000, 28507, 28502, 0, 
530, 1, 548, 517, -1, 146, 225, 18.0, 22, ABalapappaa, 224, 27276, 10474, 384, , 27276, 25000, 28080, 28040, 0, 
531, 1, 496, 500, -1, 303, 162, 12.0, 21, ABplpapaapp, 363, 26667, 10240, 384, , 26667, 25000, 29577, 29963, 0, 
532, 1, 88, 580, -1, 421, 187, 14.9, 22, ABplppapapa, 228, 27586, 12800, 464, , 27586, 25000, 28385, 28596, 0, 
533, 1, 245, 70, -1, 169, 310, 21.4, 22, ABalapppapp, 73, 26886, 15379, 572, , 26886, 25000, 28102, 28219, 0, 
534, 1, 498, 146, -1, 196, 164, 13.9, 22, ABalppappap, 239, 27321, 12677, 464, , 27321, 25000, 28012, 28036, 0, 
535, 1, 449, 507, -1, 158, 252, 9.0, 21, ABalaapaaar, 38, 28034, 10765, 384, , 28034, 25000, 28637, 28697, 0, 
536, 1, 549, 537, -1, 147, 281, 13.5, 23, ABalappappa, 540, 27228, 17208, 632, , 27228, 25000, 27203, 27253, 0, 
537, 1, 456, 140, -1, 193, 351, 11.9, 22, ABpraapaapp, -19, 27050, 12551, 464, , 27050, 25000, 28015, 28078, 0, 
538, 1, 431, 177, -1, 373, 317, 9.1, 23, MSpapppaa, 458, 28417, 14095, 496, , 28417, 25000, 28960, 28905, 0, 
539, 1, 518, 504, -1, 325, 347, 12.1, 24, Dpaaa, -7, 27288, 16482, 604, , 27288, 25000, 28343, 28351, 0, 
540, 0, 136, -1, -1, 179, 145, 15.1, 22, , -18, 301, 13077, 464, , 28183, 25000, 27870, 27882, 0, 
541, 1, 550, 195, -1, 439, 164, 14.4, 24, ABplppapppp, 225, 29160, 20412, 700, , 29160, 25000, 28213, 28025, 0, 
542, 0, 524, -1, -1, 485, 193, 5.5, 22, , 69, 149, 19002, 512, , 37113, 25000, 35947, 36964, 0, 
543, 1, 551, 551, -1, 193, 243, 12.9, 22, ABaraaaaapa, 234, 28276, 13120, 464, , 28276, 25000, 28739, 28894, 0, 
544, 1, 552, 327, -1, 531, 201, 26.1, 34, Cpaapp, 345, 28901, 57109, 1976, , 28901, 25000, 29021, 29031, 0, 
545, 1, 34, 513, -1, 127, 307, 21.3, 28, ABarpapapa, 516, 28072, 29869, 1064, , 28072, 25000, 28152, 28215, 0, 
546, 1, 538, 536, -1, 331, 299, 25.5, 27, MSappppp, 188, 30132, 26998, 896, , 30132, 25000, 29028, 29068, 0, 
547, 1, 539, 540, -1, 173, 256, 21.4, 21, ABalapapapp, 179, 26099, 13676, 524, , 26099, 25000, 28042, 28194, 0, 
548, 1, 311, 225, -1, 600, 217, 11.7, 25, Caappd, 247, 26704, 20402, 764, , 26704, 25000, 27593, 27606, 0, 
549, 1, 531, 549, -1, 233, 251, 6.5, 22, ABarapppppa, 5, 34576, 17703, 512, , 34576, 25000, 34800, 35513, 0, 
550, 1, 393, 318, -1, 313, 275, 21.1, 22, MSaaapapa, 195, 26625, 12354, 464, , 26625, 25000, 28343, 28221, 0, 
551, 0, 235, -1, -1, 244, 204, 16.8, 24, , 171, -528, 17887, 656, , 27267, 25000, 28071, 27795, 0, 
552, 1, 540, 365, -1, 344, 274, 21.7, 22, MSaaapapp, 136, 27508, 14414, 524, , 27508, 25000, 28662, 28640, 0, 
553, 1, 579, 530, -1, 240, 119, 16.1, 22, ABplpaapapp, 268, 28332, 13146, 464, , 28332, 25000, 28291, 28279, 0, 
554, 1, 554, 538, -1, 141, 275, 16.699999, 22, ABalapppaap, 150, 28092, 14720, 524, , 28092, 25000, 27851, 28018, 0, 
555, 1, 555, 554, -1, 484, 242, 26.933334, 28, Cpaapa, 196, 28060, 28846, 1028, , 28060, 25000, 28405, 28424, 0, 
556, 1, 556, 555, -1, 309, 176, 15.0, 22, MSappapp, 153, 27448, 10540, 384, , 27448, 25000, 28060, 28089, 0, 
557, 1, 557, 557, -1, 291, 330, 11.0, 22, MSppppaa, 578, 28891, 11094, 384, , 28891, 25000, 28144, 28102, 0, 
558, 0, 558, -1, -1, 191, 330, 18.0, 22, , 210, 70, 10539, 384, , 27445, 25000, 27347, 27375, 0, 
559, 1, 559, 553, -1, 288, 317, 18.0, 22, MSpaapaaa, 167, 29909, 11485, 384, , 29909, 25000, 28713, 28848, 0, 
560, 1, 561, 559, -1, 223, 352, 15.0, 22, ABpraaaappp, -184, 29307, 11254, 384, , 29307, 25000, 28314, 28459, 0, 
561, 1, 562, 560, -1, 302, 232, 8.0, 22, ABprpapaaaa, 198, 33836, 12993, 384, , 33836, 25000, 29112, 29079, 0, 
562, 1, 563, 561, -1, 406, 222, 12.0, 22, ABplpapappp, 236, 27505, 10562, 384, , 27505, 25000, 28706, 29351, 0, 
563, 1, 564, 562, -1, 276, 247, 21.0, 22, MSaaapaap, -72, 29109, 11178, 384, , 29109, 25000, 28391, 28168, 0, 
564, 1, 565, 564, -1, 341, 233, 21.0, 24, MSaapappa, -152, 29579, 17984, 608, , 29579, 25000, 29543, 29535, 0, 
565, 1, 566, 565, -1, 277, 247, 23.0, 22, MSapppap, -72, 27271, 10472, 384, , 27271, 25000, 29050, 29121, 0, 
566, 1, 567, 567, -1, 316, 320, 18.0, 24, MSpaapapa, 257, 28398, 17266, 608, , 28398, 25000, 28421, 28199, 0, 
567, 1, 568, 568, -1, 311, 300, 9.0, 22, MSpppapp, 134, 28672, 11010, 384, , 28672, 25000, 28535, 28443, 0, 
568, 1, 402, 180, -1, 368, 179, 18.0, 23, MSaapppaa, 0, 27953, 14312, 512, , 27953, 25000, 29404, 29316, 0, 
569, 1, 569, 569, -1, 302, 275, 24.0, 23, MSappaaa, 176, 32293, 16534, 512, , 32293, 25000, 30302, 30270, 0, 
570, 1, 327, 383, -1, 400, 372, 19.0, 26, Dpppap, 260, 28090, 23933, 852, , 28090, 25000, 28434, 28568, 0, 
571, 1, 570, 570, -1, 347, 363, 22.0, 24, Dpppaa, 175, 27507, 16724, 608, , 27507, 25000, 27985, 27878, 0, 
572, 1, 571, 572, -1, 414, 283, 24.0, 27, Dappap, 218, 28549, 29463, 1032, , 28549, 25000, 28697, 28718, 0, 
573, 1, 572, 573, -1, 501, 194, 9.0, 22, Caapaa, -59, 27617, 10605, 384, , 27617, 25000, 28875, 28972, 0, 
574, 1, 573, 574, -1, 314, 405, 15.0, 22, ABarpppaap, 239, 26424, 10147, 384, , 26424, 25000, 28039, 27813, 0, 
575, 1, 574, 575, -1, 324, 297, 5.0, 27, ABpraapppa, 260, 37163, 38352, 1032, , 37163, 25000, 36131, 36535, 0, 
576, 1, 534, 576, -1, 252, 250, 6.0, 24, ABalaapappp, 28, 37441, 22764, 608, , 37441, 25000, 36381, 37049, 0, 
577, 1, 575, 577, -1, 284, 197, 8.0, 22, ABprpappaaa, 316, 28857, 11081, 384, , 28857, 25000, 29956, 29559, 0, 
578, 1, 576, 578, -1, 355, 209, 10.0, 25, ABplpappaap, 152, 28013, 21402, 764, , 28013, 25000, 29338, 29346, 0, 
579, 1, 578, 579, -1, 505, 180, 7.0, 24, ABprpppapap, 4, 30559, 18580, 608, , 30559, 25000, 32987, 33235, 0, 
580, 1, 580, 581, -1, 236, 306, 16.0, 24, ABaraaapapa, 136, 28192, 17141, 608, , 28192, 25000, 28986, 29105, 0, 
581, 1, 581, 101, -1, 214, 248, 20.875, 25, ABaraapaapa, 207, 29497, 19350, 656, , 29497, 25000, 28545, 28726, 0, 
582, 1, 499, 582, -1, 191, 271, 17.175, 22, ABaraappaaa, 68, 26770, 13278, 496, , 26770, 25000, 28191, 27914, 0, 
583, 1, 582, 583, -1, 199, 293, 10.0, 22, ABalaapppaa, 127, 27849, 10694, 384, , 27849, 25000, 28905, 28875, 0, 
584, 1, 583, 584, -1, 210, 234, 5.0, 22, ABalaapappa, 326, 38622, 14831, 384, , 38622, 25000, 41105, 41412, 0, 
585, 1, 584, 585, -1, 185, 266, 5.0, 22, ABalaappapp, 228, 41302, 15860, 384, , 41302, 25000, 42922, 43055, 0, 
586, 1, 585, 586, -1, 166, 295, 7.0, 20, ABalaappapa, 0, 29611, 9357, 316, , 29611, 25000, 33778, 34709, 0, 
587, 1, 586, 587, -1, 154, 295, 20.0, 23, ABalapppapa, 187, 27461, 14060, 512, , 27461, 25000, 28202, 28392, 0, 
588, 1, 587, 611, -1, 175, 329, 16.0, 22, ABalapppppa, 134, 26896, 10328, 384, , 26896, 25000, 27870, 27513, 0, 
589, 1, 588, 589, -1, 152, 321, 14.0, 22, ABalappappp, 287, 26102, 10023, 384, , 26102, 25000, 28479, 28643, 0, 
590, 1, 589, 590, -1, 168, 276, 11.0, 23, ABalaappppa, 266, 27557, 14109, 512, , 27557, 25000, 28512, 28400, 0, 
591, 0, 590, -1, -1, 181, 330, 17.5, 24, , 134, -1349, 12151, 464, , 26188, 25000, 27834, 27537, 0, 
592, 1, 591, 592, -1, 144, 248, 16.0, 22, ABalapppaaa, 341, 26857, 10313, 384, , 26857, 25000, 28127, 27652, 0, 
593, 1, 592, 593, -1, 124, 250, 17.0, 22, ABalappaap, -733, 28352, 10887, 384, , 28352, 25000, 27853, 28161, 0, 
594, 1, 593, 594, -1, 162, 213, 21.0, 21, ABalapapppa, 91, 27378, 10513, 384, , 27378, 25000, 27477, 27235, 0, 
595, 1, 594, 595, -1, 144, 260, 20.0, 22, ABalapapapa, -370, 28089, 10786, 384, , 28089, 25000, 27855, 27977, 0, 
596, 1, 595, 596, -1, 284, 200, 14.0, 22, ABalpappppp, 183, 26932, 10342, 384, , 26932, 25000, 28001, 28030, 0, 
597, 1, 596, 597, -1, 228, 189, 24.0, 22, ABalpppappp, -18, 29651, 11386, 384, , 29651, 25000, 29683, 29421, 0, 
598, 0, 597, -1, -1, 245, 205, 13.0, 23, , 110, -767, 19086, 688, , 27741, 25000, 28244, 28508, 0, 
599, 1, 598, 601, -1, 485, 239, 12.0, 24, ABprpappppa, 259, 29196, 17751, 608, , 29196, 25000, 28572, 28678, 0, 
600, 1, 533, 603, -1, 204, 187, 16.033333, 22, MSapaaaa, 84, 28083, 11121, 396, , 28083, 25000, 27628, 27526, 0, 
601, 1, 599, 604, -1, 217, 203, 12.0, 22, ABalpaaaapa, 175, 28857, 11081, 384, , 28857, 25000, 28585, 28476, 0, 
602, 1, 600, 126, -1, 259, 162, 9.0, 22, ABalppapapp, 257, 28841, 11075, 384, , 28841, 25000, 28712, 28814, 0, 
603, 1, 235, 256, -1, 262, 199, 17.900002, 24, ABalpapppaa, 199, 26873, 16231, 604, , 26873, 25000, 27548, 27729, 0, 
604, 1, 601, 542, -1, 242, 205, 16.675, 24, ABalpappaap, 278, 27431, 17556, 640, , 27431, 25000, 27933, 27699, 0, 
605, 1, 602, 606, -1, 222, 264, 22.0, 23, MSaaapaaa, 214, 28240, 14459, 512, , 28240, 25000, 28201, 28289, 0, 
606, 1, 603, 607, -1, 154, 294, 15.0, 22, ABalappppap, -308, 27682, 10630, 384, , 27682, 25000, 27438, 27727, 0, 
607, 0, 558, -1, -1, 195, 332, 19.0, 22, , 210, 1679, 11398, 384, , 29682, 25000, 27961, 28003, 0, 
608, 1, 604, 591, -1, 190, 335, 19.0, 23, ABarpapaapp, 211, 27100, 13875, 512, , 27100, 25000, 27082, 27426, 0, 
609, 1, 590, 588, -1, 176, 332, 17.0, 22, ABalapppppp, 134, 28870, 11086, 384, , 28870, 25000, 27772, 27663, 0, 
610, 1, 605, 612, -1, 166, 299, 13.0, 21, ABalappapaa, 171, 28289, 10863, 384, , 28289, 25000, 27285, 27840, 0, 
611, 1, 606, 613, -1, 382, 284, 24.0, 24, Dappaa, 0, 28485, 17319, 608, , 28485, 25000, 28681, 28848, 0, 
612, 1, 522, 614, -1, 286, 185, 19.0, 22, MSapppaa, 117, 28427, 10916, 384, , 28427, 25000, 28618, 28683, 0, 
613, 1, 607, 615, -1, 139, 278, 15.0, 23, ABalappppaa, 196, 26908, 13777, 512, , 26908, 25000, 27369, 26979, 0, 
