1, 1, 355, 509, -1, 395, 204, 16.3, 24, ABplppapaap, 186, 27857, 19611, 704, , 27857, 25000, 28452, 28273, 0, 
2, 1, 148, 208, -1, 350, 252, 14.6, 24, ABalpappapp, 193, 27120, 18984, 700, , 27120, 25000, 29811, 30413, 0, 
3, 1, 470, 205, -1, 554, 268, 15.9, 30, Eprpa, 258, 28228, 38277, 1356, , 28228, 25000, 29416, 29473, 0, 
4, 1, 370, 510, -1, 237, 195, 21.4, 24, ABalppppaad, 210, 27880, 19516, 700, , 27880, 25000, 27838, 27913, 0, 
5, 1, 413, 50, -1, 389, 249, 9.8, 23, ABarappappa, 203, 28917, 15615, 540, , 28917, 25000, 29525, 29922, 0, 
6, 1, 130, 119, -1, 377, 209, 14.2, 24, ABplppappaa, -275, 29114, 19099, 656, , 29114, 25000, 29117, 29443, 0, 
7, 1, 315, 288, -1, 116, 255, 11.6, 28, ABalaaapplr, 228, 26674, 26354, 988, , 26674, 25000, 27625, 27558, 0, 
8, 1, 126, 277, -1, 572, 166, 10.1, 23, Caappv, 232, 29494, 14629, 496, , 29494, 25000, 28477, 28595, 0, 
9, 1, 181, 362, -1, 535, 207, 23.5, 27, Capapap, 415, 27719, 24836, 896, , 27719, 25000, 29415, 29371, 0, 
10, 1, 205, 198, -1, 292, 219, 17.4, 23, ABalpapppap, 194, 28425, 18192, 640, , 28425, 25000, 28290, 28177, 0, 
11, 1, 157, 486, -1, 140, 222, 11.3, 23, ABalaaaarra, -206, 29074, 17212, 592, , 29074, 25000, 27621, 27607, 0, 
12, 1, 159, 149, -1, 223, 206, 14.4, 24, ABalpaaaaaa, -39, 29587, 20711, 700, , 29587, 25000, 28690, 28739, 0, 
13, 0, 383, -1, -1, 339, 244, 5.2, 22, , 178, 3841, 20829, 496, , 41994, 25000, 38288, 38153, 0, 
14, 0, 297, -1, -1, 555, 214, 6.1, 22, , -119, 2284, 18794, 464, , 40504, 25000, 37475, 38220, 0, 
15, 0, 102, -1, -1, 173, 285, 22.0, 23, , 192, 1599, 15251, 512, , 29787, 25000, 28210, 28188, 0, 
16, 1, 213, 200, -1, 254, 335, 10.2, 24, ABpraaappap, 179, 28332, 18586, 656, , 28332, 25000, 28516, 28551, 0, 
17, 1, 28, 307, -1, 317, 217, 19.5, 23, ABaraapappa, 182, 26812, 16945, 632, , 26812, 25000, 28714, 28721, 0, 
18, 1, 245, 415, -1, 313, 241, 14.0, 25, ABarapapppa, 235, 27581, 21072, 764, , 27581, 25000, 28461, 28639, 0, 
19, 1, 46, 549, -1, 327, 287, 21.8, 22, MSaaapapa, 146, 27510, 13645, 496, , 27510, 25000, 28174, 28275, 0, 
20, 1, 145, 107, -1, 419, 295, 8.2, 22, ABprppapaap, 195, 31387, 15568, 496, , 31387, 25000, 29536, 29585, 0, 
21, 1, 183, 130, -1, 201, 325, 15.7, 26, MSppaaap, 245, 27692, 23704, 856, , 27692, 25000, 27831, 27811, 0, 
22, 1, 424, 431, -1, 198, 264, 18.0, 21, ABaraappaaa, 145, 29180, 11205, 384, , 29180, 25000, 27581, 27856, 0, 
23, 1, 22, 96, -1, 365, 146, 13.4, 24, ABplapaapa, 233, 28316, 19821, 700, , 28316, 25000, 27706, 27650, 0, 
24, 1, 452, 271, -1, 200, 131, 14.7, 23, ABalpppaaap, 177, 27025, 15999, 592, , 27025, 25000, 27461, 27268, 0, 
25, 1, 278, 35, -1, 465, 344, 7.6, 26, ABprappaap, 266, 28775, 23941, 832, , 28775, 25000, 30422, 30477, 0, 
26, 1, 337, 1, -1, 358, 174, 9.0, 25, ABplpaaaapa, -13, 28641, 21882, 764, , 28641, 25000, 29136, 29203, 0, 
27, 1, 444, 34, -1, 389, 205, 25.8, 27, ABarppapap, 266, 28947, 25126, 868, , 28947, 25000, 29218, 29106, 0, 
28, 1, 26, 23, -1, 291, 287, 14.1, 24, ABarapaappp, 125, 28202, 17034, 604, , 28202, 25000, 29555, 29674, 0, 
29, 1, 64, 483, -1, 507, 174, 20.8, 25, Capaapp, 246, 28746, 20237, 704, , 28746, 25000, 28695, 28743, 0, 
30, 1, 244, 349, -1, 482, 194, 25.6, 28, ABarppappa, 275, 28791, 28446, 988, , 28791, 25000, 28689, 28701, 0, 
31, 1, 77, 376, -1, 153, 337, 13.5, 24, ABarpappaa, 265, 27905, 21431, 768, , 27905, 25000, 27829, 27882, 0, 
32, 1, 29, 98, -1, 174, 319, 11.6, 24, ABpraapaapa, 99, 29527, 20669, 700, , 29527, 25000, 28707, 28711, 0, 
33, 1, 265, 174, -1, 323, 231, 7.0, 22, ABprpapaaap, 181, 31112, 11947, 384, , 31112, 25000, 32866, 33152, 0, 
34, 1, 339, 336, -1, 322, 152, 25.6, 27, ABarppaaap, 270, 29293, 28941, 988, , 29293, 25000, 28542, 28557, 0, 
35, 1, 399, 116, -1, 262, 394, 12.6, 26, ABarpapppp, 182, 27599, 22962, 832, , 27599, 25000, 28025, 28059, 0, 
36, 1, 69, 133, -1, 121, 213, 21.7, 24, ABplaapaaap, -63, 28643, 20165, 704, , 28643, 25000, 28392, 28414, 0, 
37, 1, 295, 314, -1, 495, 368, 14.3, 27, Cppapaa, 269, 28937, 26738, 924, , 28937, 25000, 29029, 29029, 0, 
38, 1, 384, 237, -1, 263, 328, 19.5, 25, MSpaaaapp, 196, 28743, 22075, 768, , 28743, 25000, 28427, 28551, 0, 
39, 1, 449, 460, -1, 389, 276, 8.2, 23, ABprppapaaa, 231, 27039, 14601, 540, , 27039, 25000, 30102, 30331, 0, 
40, 1, 12, 269, -1, 218, 236, 12.7, 24, ABarapaaaaa, 209, 28415, 20004, 704, , 28415, 25000, 27963, 27910, 0, 
41, 1, 544, 528, -1, 199, 245, 13.5, 21, ABaraaaaapa, 147, 28033, 14353, 512, , 28033, 25000, 27767, 27627, 0, 
42, 1, 129, 436, -1, 420, 213, 11.7, 26, ABplppaappp, 163, 27996, 23965, 856, , 27996, 25000, 27893, 27739, 0, 
43, 1, 270, 390, -1, 484, 345, 10.7, 25, Cppaapa, -60, 29274, 22365, 764, , 29274, 25000, 28368, 28531, 0, 
44, 1, 308, 6, -1, 291, 272, 11.9, 23, ABarapappap, 201, 28448, 14110, 496, , 28448, 25000, 28443, 28350, 0, 
45, 1, 184, 364, -1, 242, 369, 11.0, 26, ABpraapappp, 326, 27595, 23511, 852, , 27595, 25000, 28187, 28218, 0, 
46, 1, 219, 274, -1, 272, 360, 11.7, 24, ABpraapapap, 311, 28213, 19862, 704, , 28213, 25000, 28298, 28344, 0, 
47, 1, 263, 62, -1, 488, 320, 6.8, 26, ABprappapp, 255, 30320, 24135, 796, , 30320, 25000, 33458, 33406, 0, 
48, 1, 472, 329, -1, 154, 317, 9.8, 23, ABpraaaaapd, 190, 28322, 15294, 540, , 28322, 25000, 28379, 28189, 0, 
49, 1, 229, 203, -1, 454, 187, 18.3, 23, MSpappaa, 205, 27791, 16452, 592, , 27791, 25000, 28515, 28669, 0, 
50, 1, 431, 152, -1, 198, 267, 4.7, 24, ABpraaaaaap, 177, 39957, 28130, 704, , 39957, 25000, 40613, 40569, 0, 
51, 1, 256, 392, -1, 194, 244, 18.8, 24, ABaraapaaaa, 58, 27892, 18297, 656, , 27892, 25000, 27899, 27863, 0, 
52, 1, 273, 86, -1, 389, 335, 6.6, 28, ABprapaapp, 236, 30580, 30213, 988, , 30580, 25000, 33649, 33760, 0, 
53, 1, 192, 128, -1, 365, 170, 12.2, 23, ABalpapappp, -48, 28752, 15526, 540, , 28752, 25000, 28434, 28427, 0, 
54, 1, 124, 487, -1, 259, 368, 19.9, 26, MSpppppa, 171, 27778, 22222, 800, , 27778, 25000, 28814, 28847, 0, 
55, 1, 103, 356, -1, 292, 266, 7.9, 23, ABprppaaaaa, -100, 28163, 13969, 496, , 28163, 25000, 30476, 30787, 0, 
56, 1, 343, 18, -1, 314, 269, 11.4, 22, MSpapaaaa, 200, 32210, 18424, 572, , 32210, 25000, 29793, 29694, 0, 
57, 1, 365, 112, -1, 295, 160, 23.1, 26, ABalppppppa, 233, 27914, 22331, 800, , 27914, 25000, 28144, 28245, 0, 
58, 0, 358, -1, -1, 232, 229, 24.5, 22, , 213, -72, 14731, 512, , 28771, 25000, 28660, 28843, 0, 
59, 1, 122, 41, -1, 261, 170, 10.6, 23, ABalppapapa, 210, 28528, 18258, 640, , 28528, 25000, 28578, 28624, 0, 
60, 1, 282, 59, -1, 271, 188, 26.6, 36, ABplaaappp, 367, 29838, 63018, 2112, , 29838, 25000, 29951, 30111, 0, 
61, 1, 463, 37, -1, 205, 283, 17.6, 25, ABaraappaap, 68, 28990, 24120, 832, , 28990, 25000, 28415, 28472, 0, 
62, 0, 155, -1, -1, 236, 170, 21.0, 23, , 215, -218, 14253, 512, , 27838, 25000, 28007, 28056, 0, 
63, 1, 98, 16, -1, 222, 308, 16.9, 24, ABaraappapa, 240, 29121, 17589, 604, , 29121, 25000, 28086, 27999, 0, 
64, 0, 42, -1, -1, 266, 294, 15.2, 23, , 190, -320, 14846, 540, , 27493, 25000, 27657, 27813, 0, 
65, 1, 415, 158, -1, 366, 262, 7.7, 24, ABarappappp, 143, 29893, 21045, 704, , 29893, 25000, 30479, 30304, 0, 
66, 1, 501, 405, -1, 184, 232, 7.2, 22, ABarapppaap, 243, 31923, 15834, 496, , 31923, 25000, 32468, 33137, 0, 
67, 1, 360, 396, -1, 222, 148, 13.7, 23, ABplpaaapaa, 203, 28412, 16820, 592, , 28412, 25000, 28918, 29080, 0, 
68, 1, 90, 30, -1, 216, 157, 16.5, 25, ABplpaaaaaa, -128, 29676, 22791, 768, , 29676, 25000, 28342, 28508, 0, 
69, 1, 106, 178, -1, 176, 319, 24.7, 28, ABplaaaapp, 118, 28602, 30433, 1064, , 28602, 25000, 28645, 28611, 0, 
70, 0, 234, -1, -1, 227, 192, 11.2, 23, , -120, 1282, 16196, 540, , 29993, 25000, 28780, 28711, 0, 
71, 1, 91, 232, -1, 475, 119, 15.4, 26, ABplapappa, 264, 28468, 23685, 832, , 28468, 25000, 28081, 28085, 0, 
72, 1, 321, 452, -1, 371, 317, 12.8, 26, MSpapaapp, 212, 30656, 24402, 796, , 30656, 25000, 30697, 30647, 0, 
73, 1, 260, 359, -1, 449, 227, 22.4, 27, Capaaap, 228, 27674, 27342, 988, , 27674, 25000, 28833, 28842, 0, 
74, 1, 530, 499, -1, 147, 269, 24.0, 23, ABarpaaaapp, 202, 28752, 14721, 512, , 28752, 25000, 28026, 28127, 0, 
75, 1, 15, 315, -1, 388, 169, 20.6, 29, ABplapaapp, -138, 27549, 31847, 1156, , 27549, 25000, 28318, 28385, 0, 
76, 0, 451, -1, -1, 160, 297, 12.2, 24, , 379, 263, 18944, 656, , 28878, 25000, 28552, 28615, 0, 
77, 1, 31, 262, -1, 251, 203, 15.0, 26, ABalpaaaaap, 229, 27184, 23161, 852, , 27184, 25000, 28072, 28154, 0, 
78, 1, 421, 45, -1, 395, 224, 14.2, 22, ABplppappap, 205, 27337, 13559, 496, , 27337, 25000, 29111, 29016, 0, 
79, 0, 55, -1, -1, 244, 187, 7.2, 24, , 200, -5045, 18435, 656, , 28102, 25000, 32663, 33147, 0, 
80, 1, 289, 333, -1, 342, 336, 14.0, 25, MSpapappa, 178, 29228, 22330, 764, , 29228, 25000, 28768, 28994, 0, 
81, 1, 194, 136, -1, 290, 386, 14.4, 26, ABprapaaaap, -1, 28906, 24050, 832, , 28906, 25000, 27656, 27726, 0, 
82, 1, 286, 429, -1, 419, 190, 22.2, 27, ABplappaaa, 271, 28468, 24710, 868, , 28468, 25000, 28124, 27979, 0, 
83, 1, 420, 325, -1, 397, 255, 15.0, 22, MSaappap, 215, 27529, 10571, 384, , 27529, 25000, 29023, 28893, 0, 
84, 1, 23, 511, -1, 212, 230, 23.2, 23, MSapaaap, 226, 28324, 15295, 540, , 28324, 25000, 29256, 29383, 0, 
85, 1, 307, 161, -1, 492, 190, 18.3, 24, ABplpppppaa, 244, 27991, 19706, 704, , 27991, 25000, 28759, 28839, 0, 
86, 1, 284, 440, -1, 310, 282, 6.5, 25, ABprppaaaap, 229, 35621, 27357, 768, , 35621, 25000, 34214, 34185, 0, 
87, 1, 393, 496, -1, 259, 343, 6.3, 22, ABpraaappppp, 219, 33704, 17661, 524, , 33704, 25000, 36708, 36865, 0, 
88, 1, 283, 399, -1, 453, 387, 10.4, 26, ABprappapa, 231, 27221, 22648, 832, , 27221, 25000, 28724, 28668, 0, 
89, 1, 217, 150, -1, 338, 266, 7.5, 23, ABprppaapap, -24, 28459, 17986, 632, , 28459, 25000, 31276, 31008, 0, 
90, 1, 165, 54, -1, 575, 188, 23.5, 32, Cpapap, 326, 27453, 39313, 1432, , 27453, 25000, 28039, 28074, 0, 
91, 1, 483, 372, -1, 220, 351, 8.3, 23, ABpraaappppa, 187, 28417, 16823, 592, , 28417, 25000, 28800, 28800, 0, 
92, 1, 435, 471, -1, 237, 271, 8.5, 23, ABprpaaappa, 225, 26810, 16944, 632, , 26810, 25000, 28928, 28704, 0, 
93, 1, 97, 304, -1, 264, 262, 8.2, 24, ABprpaaappp, 207, 28099, 18433, 656, , 28099, 25000, 28743, 29009, 0, 
94, 1, 529, 228, -1, 150, 205, 15.6, 22, ABalaaaalar, 178, 27753, 15875, 572, , 27753, 25000, 28060, 28225, 0, 
95, 1, 361, 411, -1, 210, 276, 8.4, 23, ABprpaaaaaa, 199, 30069, 19244, 640, , 30069, 25000, 29478, 29744, 0, 
96, 0, 371, -1, -1, 382, 301, 15.8, 22, , 197, 209, 15501, 496, , 31252, 25000, 30562, 31043, 0, 
97, 1, 468, 151, -1, 252, 159, 6.9, 23, ABplaappaa, 236, 36442, 18075, 496, , 36442, 25000, 34792, 34794, 0, 
98, 1, 58, 49, -1, 219, 258, 21.1, 27, ABaraapaapa, 11, 27739, 25187, 908, , 27739, 25000, 27985, 28036, 0, 
99, 1, 400, 551, -1, 234, 325, 20.2, 24, MSpaaaapa, 250, 27889, 18295, 656, , 27889, 25000, 28221, 28125, 0, 
100, 1, 516, 85, -1, 128, 272, 21.9, 24, ABarpaaaapa, 219, 27846, 16819, 604, , 27846, 25000, 28357, 28486, 0, 
101, 1, 34, 20, -1, 273, 206, 18.8, 24, ABalpapppaa, 370, 28569, 18741, 656, , 28569, 25000, 27917, 27865, 0, 
102, 0, 417, -1, -1, 250, 184, 18.9, 22, , 162, 102, 13219, 464, , 28489, 25000, 27994, 28387, 0, 
103, 1, 261, 71, -1, 238, 275, 6.5, 25, ABprpaaapap, 251, 32044, 24610, 768, , 32044, 25000, 34373, 34723, 0, 
104, 0, 331, -1, -1, 598, 238, 10.5, 23, , 105, -637, 17334, 632, , 27427, 25000, 28086, 28064, 0, 
105, 1, 71, 493, -1, 359, 189, 23.1, 29, ABplapaaapp, 238, 28308, 34196, 1208, , 28308, 25000, 28964, 28983, 0, 
106, 1, 48, 348, -1, 547, 178, 21.1, 26, Cappapa, -97, 28388, 22710, 800, , 28388, 25000, 28688, 28705, 0, 
107, 1, 4, 319, -1, 502, 320, 11.4, 28, MSpppaap, 90, 29806, 29448, 988, , 29806, 25000, 29522, 29522, 0, 
108, 1, 323, 308, -1, 303, 213, 11.1, 23, ABplpappaaa, -116, 28067, 13921, 496, , 28067, 25000, 28513, 28831, 0, 
109, 1, 76, 572, -1, 302, 228, 9.9, 25, ABprpapppaa, 241, 27371, 18831, 688, , 27371, 25000, 28850, 28948, 0, 
110, 1, 277, 17, -1, 401, 194, 12.8, 22, ABplpaaaapp, 226, 26921, 13353, 496, , 26921, 25000, 28154, 27932, 0, 
111, 1, 108, 425, -1, 209, 165, 23.4, 27, ABplaapaapp, 278, 27778, 27445, 988, , 27778, 25000, 29278, 29174, 0, 
112, 1, 350, 231, -1, 233, 135, 18.8, 24, ABalpppapav, 288, 27084, 17767, 656, , 27084, 25000, 28791, 28826, 0, 
113, 1, 291, 442, -1, 250, 372, 23.3, 29, ABarpaappa, 282, 26980, 28815, 1068, , 26980, 25000, 28314, 28409, 0, 
114, 1, 38, 70, -1, 157, 202, 24.5, 26, ABplaaapaa, 240, 28773, 25781, 896, , 28773, 25000, 28547, 28620, 0, 
115, 1, 446, 162, -1, 241, 313, 9.9, 22, ABpraaappaa, 197, 28172, 13072, 464, , 28172, 25000, 28451, 28297, 0, 
116, 0, 59, -1, -1, 267, 291, 9.7, 24, , -77, 1327, 20617, 704, , 29286, 25000, 28082, 27959, 0, 
117, 1, 285, 187, -1, 264, 312, 12.6, 24, ABarapaappa, 206, 27341, 19139, 700, , 27341, 25000, 27692, 27810, 0, 
118, 1, 132, 408, -1, 384, 166, 14.9, 24, ABplppapaaa, 429, 29927, 18076, 604, , 29927, 25000, 28203, 28208, 0, 
119, 1, 272, 347, -1, 245, 233, 13.3, 23, ABarapaaapa, 197, 28833, 17069, 592, , 28833, 25000, 28287, 27988, 0, 
120, 1, 233, 97, -1, 269, 138, 18.7, 23, ABplpaaaaap, 97, 30289, 17931, 592, , 30289, 25000, 29132, 29069, 0, 
121, 1, 301, 297, -1, 190, 170, 16.9, 24, ABalppappaa, 217, 28363, 17131, 604, , 28363, 25000, 28429, 28653, 0, 
122, 1, 96, 159, -1, 299, 142, 19.2, 24, ABplpaapaap, 218, 28764, 18869, 656, , 28764, 25000, 28326, 28300, 0, 
123, 1, 410, 328, -1, 551, 264, 7.9, 23, ABprapppaaa, 216, 28871, 14320, 496, , 28871, 25000, 30404, 30571, 0, 
124, 1, 84, 154, -1, 198, 174, 25.8, 30, ABplaaapap, 292, 28846, 38077, 1320, , 28846, 25000, 29041, 29258, 0, 
125, 1, 266, 176, -1, 310, 240, 21.8, 25, ABaraapapaa, 213, 27953, 19679, 704, , 27953, 25000, 28433, 28374, 0, 
126, 1, 242, 455, -1, 359, 280, 12.7, 26, MSpapapa, 263, 45229, 38716, 856, , 45229, 25000, 33171, 33435, 0, 
127, 1, 345, 404, -1, 245, 298, 13.5, 23, ABarapaapap, 126, 28318, 17897, 632, , 28318, 25000, 28008, 27863, 0, 
128, 1, 326, 448, -1, 209, 203, 10.2, 24, ABalpapaapa, -65, 29008, 19029, 656, , 29008, 25000, 28531, 28798, 0, 
129, 1, 16, 14, -1, 263, 223, 11.5, 23, ABarapaaapp, 50, 29297, 18516, 632, , 29297, 25000, 28516, 28613, 0, 
130, 1, 459, 306, -1, 576, 256, 7.9, 22, ABprapppaap, 209, 28558, 13251, 464, , 28558, 25000, 29392, 29409, 0, 
131, 1, 305, 278, -1, 270, 156, 14.3, 24, ABplpaaappp, 246, 28970, 20395, 704, , 28970, 25000, 28250, 28353, 0, 
132, 1, 387, 40, -1, 317, 341, 14.8, 27, ABaraapppap, 266, 27406, 23788, 868, , 27406, 25000, 28212, 28231, 0, 
133, 1, 426, 432, -1, 372, 252, 16.7, 25, MSaapappp, 74, 28999, 22155, 764, , 28999, 25000, 29720, 30010, 0, 
134, 1, 596, 485, -1, 170, 219, 22.9, 22, ABalapapppa, 168, 27711, 12858, 464, , 27711, 25000, 27980, 28210, 0, 
135, 1, 109, 477, -1, 367, 218, 17.9, 24, MSaapapa, 223, 48897, 29534, 604, , 48897, 25000, 30876, 30927, 0, 
136, 1, 146, 358, -1, 214, 169, 13.1, 22, ABalppapppp, 302, 29034, 13472, 464, , 29034, 25000, 28429, 28708, 0, 
137, 1, 540, 193, -1, 395, 385, 19.7, 28, Dpppap, 245, 28108, 29907, 1064, , 28108, 25000, 28966, 29057, 0, 
138, 1, 509, 266, -1, 143, 199, 21.2, 22, ABalapaaapp, 295, 28343, 14058, 496, , 28343, 25000, 27682, 27334, 0, 
139, 1, 252, 342, -1, 450, 171, 10.7, 23, ABplppppapa, 215, 28253, 16726, 592, , 28253, 25000, 28359, 28460, 0, 
140, 1, 105, 495, -1, 472, 404, 15.7, 29, Caaaap, 288, 27994, 29898, 1068, , 27994, 25000, 28199, 28244, 0, 
141, 1, 338, 513, -1, 478, 170, 7.4, 32, ABplpppapap, 324, 30308, 44977, 1484, , 30308, 25000, 31744, 32241, 0, 
142, 1, 226, 242, -1, 163, 326, 18.2, 23, ABarpapaaap, 239, 26296, 14200, 540, , 26296, 25000, 27482, 27569, 0, 
143, 1, 111, 140, -1, 500, 275, 11.6, 24, ABprpppppaa, 240, 27444, 19211, 700, , 27444, 25000, 28887, 28851, 0, 
144, 0, 481, -1, -1, 340, 325, 22.0, 22, , 158, 2724, 11726, 384, , 30536, 25000, 27964, 27812, 0, 
145, 1, 373, 523, -1, 407, 276, 25.5, 30, Dapap, 308, 29290, 36085, 1232, , 29290, 25000, 29008, 29034, 0, 
146, 1, 237, 294, -1, 223, 298, 4.9, 22, ABprpaapapp, 192, 37823, 17550, 464, , 37823, 25000, 38150, 38052, 0, 
147, 1, 18, 26, -1, 547, 344, 13.9, 25, Cppapap, 339, 26651, 18336, 688, , 26651, 25000, 28611, 28607, 0, 
148, 1, 380, 492, -1, 354, 200, 27.0, 26, ABarppapaa, 226, 27884, 23757, 852, , 27884, 25000, 29762, 29707, 0, 
149, 1, 171, 454, -1, 337, 304, 19.6, 24, MSaaaappp, 229, 27901, 19531, 700, , 27901, 25000, 28509, 28595, 0, 
150, 1, 454, 235, -1, 452, 293, 12.7, 31, Z2, 308, 27956, 38244, 1368, , 27956, 25000, 28684, 28707, 0, 
151, 1, 172, 383, -1, 450, 176, 22.6, 28, ABplappaap, 270, 27092, 26767, 988, , 27092, 25000, 28411, 28445, 0, 
152, 1, 41, 481, -1, 425, 326, 18.5, 31, Earap, 292, 28166, 34700, 1232, , 28166, 25000, 29258, 29411, 0, 
153, 1, 612, 546, -1, 142, 268, 15.0, 22, ABalappppaa, 166, 27549, 10579, 384, , 27549, 25000, 27728, 26836, 0, 
154, 1, 249, 384, -1, 499, 152, 14.5, 25, ABplpppaapa, 246, 26337, 20227, 768, , 26337, 25000, 28710, 28717, 0, 
155, 1, 356, 260, -1, 238, 351, 18.2, 24, MSpppaaa, -22, 28305, 18568, 656, , 28305, 25000, 28210, 28183, 0, 
156, 0, 123, -1, -1, 203, 157, 11.0, 26, , 219, 296, 24319, 852, , 28543, 25000, 28187, 28247, 0, 
157, 1, 372, 219, -1, 362, 189, 17.3, 23, MSaapppaa, 127, 29704, 17585, 592, , 29704, 25000, 28955, 28585, 0, 
158, 1, 200, 310, -1, 218, 294, 20.7, 23, MSaaaaapa, 183, 26725, 15821, 592, , 26725, 25000, 27661, 27676, 0, 
159, 1, 320, 207, -1, 582, 157, 18.1, 28, Cpapaa, -412, 29988, 32627, 1088, , 29988, 25000, 28391, 28396, 0, 
160, 0, 547, -1, -1, 532, 209, 14.4, 23, , -19, 713, 18643, 640, , 29130, 25000, 28358, 28417, 0, 
161, 1, 458, 480, -1, 363, 306, 9.0, 24, MSpapppaa, 227, 27651, 16812, 608, , 27651, 25000, 29613, 29703, 0, 
162, 1, 19, 61, -1, 198, 338, 20.7, 25, MSppappp, 241, 28403, 21700, 764, , 28403, 25000, 27494, 27479, 0, 
163, 1, 247, 48, -1, 436, 192, 16.6, 24, ABplppapapp, 201, 27823, 19476, 700, , 27823, 25000, 28021, 28075, 0, 
164, 1, 416, 56, -1, 454, 286, 7.1, 23, ABprppapapp, 197, 30593, 15174, 496, , 30593, 25000, 31351, 31770, 0, 
165, 1, 112, 296, -1, 175, 288, 14.6, 22, ABalappapap, 147, 26713, 15280, 572, , 26713, 25000, 27886, 27994, 0, 
166, 1, 110, 295, -1, 379, 326, 17.2, 35, Earaa, -53, 28750, 57845, 2012, , 28750, 25000, 29430, 29492, 0, 
167, 1, 224, 93, -1, 153, 165, 21.5, 25, ABalpppaapd, 176, 27691, 21267, 768, , 27691, 25000, 27942, 27854, 0, 
168, 1, 27, 249, -1, 487, 213, 8.6, 25, ABprppppapp, 252, 29675, 24690, 832, , 29675, 25000, 29487, 29558, 0, 
169, 1, 243, 157, -1, 110, 270, 15.3, 25, ABpraapaaaa, 210, 27039, 20658, 764, , 27039, 25000, 27421, 27416, 0, 
170, 1, 204, 185, -1, 464, 224, 11.9, 22, ABplpappppa, 167, 27127, 12587, 464, , 27127, 25000, 28673, 28686, 0, 
171, 0, 33, -1, -1, 324, 187, 25.9, 24, , 86, -235, 17480, 604, , 28940, 25000, 29275, 29175, 0, 
172, 1, 56, 407, -1, 255, 197, 10.8, 26, ABarapapapa, 202, 28805, 22929, 796, , 28805, 25000, 28503, 28548, 0, 
173, 1, 120, 416, -1, 158, 297, 24.5, 26, ABplaaaapa, -102, 28134, 25208, 896, , 28134, 25000, 28579, 28458, 0, 
174, 0, 306, -1, -1, 250, 240, 19.9, 23, , 148, -377, 13814, 496, , 27851, 25000, 27971, 28228, 0, 
175, 1, 197, 66, -1, 315, 129, 16.8, 27, ABplppaaaap, 258, 28122, 24410, 868, , 28122, 25000, 29407, 29429, 0, 
176, 1, 150, 146, -1, 217, 180, 19.2, 24, ABplpaapaaa, 237, 26883, 17635, 656, , 26883, 25000, 27255, 27339, 0, 
177, 1, 45, 202, -1, 170, 266, 18.3, 28, MSaaaaaa, 196, 27817, 29597, 1064, , 27817, 25000, 28033, 28078, 0, 
178, 1, 539, 195, -1, 298, 160, 20.8, 24, ABplpaappaa, 199, 27530, 18060, 656, , 27530, 25000, 28820, 28841, 0, 
179, 1, 274, 272, -1, 473, 179, 10.0, 24, ABplppppapp, -174, 27130, 16495, 608, , 27130, 25000, 28934, 28962, 0, 
180, 1, 379, 293, -1, 559, 184, 9.9, 22, ABprppppppp, 181, 28552, 13248, 464, , 28552, 25000, 28172, 28064, 0, 
181, 1, 499, 123, -1, 261, 207, 8.7, 24, ABarappaaap, 214, 28929, 20366, 704, , 28929, 25000, 29773, 29793, 0, 
182, 1, 212, 201, -1, 170, 244, 8.2, 23, ABarapppaaa, 186, 27833, 15030, 540, , 27833, 25000, 29846, 29809, 0, 
183, 1, 309, 238, -1, 313, 344, 21.1, 25, MSpaaappp, 244, 26730, 18390, 688, , 26730, 25000, 28649, 28658, 0, 
184, 1, 464, 27, -1, 279, 395, 19.2, 26, ABarpaappp, 248, 27441, 21843, 796, , 27441, 25000, 27555, 27531, 0, 
185, 1, 474, 135, -1, 443, 154, 14.6, 23, ABplpppaaap, 220, 27661, 17703, 640, , 27661, 25000, 28128, 28269, 0, 
186, 1, 357, 264, -1, 323, 233, 17.5, 28, ABaraapappp, 128, 27961, 30198, 1080, , 27961, 25000, 28537, 28665, 0, 
187, 1, 118, 365, -1, 488, 219, 14.3, 23, ABprpappppp, 216, 28022, 16589, 592, , 28022, 25000, 28567, 28527, 0, 
188, 0, 314, -1, -1, 345, 141, 11.4, 23, , 185, 973, 18722, 640, , 29253, 25000, 28304, 28280, 0, 
189, 1, 170, 253, -1, 243, 155, 9.7, 23, ABalppapapp, 201, 28128, 16652, 592, , 28128, 25000, 28775, 28995, 0, 
190, 1, 35, 91, -1, 510, 298, 5.7, 26, ABprapapap, 248, 40424, 34603, 856, , 40424, 25000, 37625, 37763, 0, 
191, 1, 8, 39, -1, 146, 237, 21.4, 24, ABplaaaaaaa, 208, 27760, 19432, 700, , 27760, 25000, 28027, 28039, 0, 
192, 1, 119, 302, -1, 114, 225, 15.0, 23, ABalaaaparr, 206, 26840, 13742, 512, , 26840, 25000, 27562, 27606, 0, 
193, 1, 475, 92, -1, 242, 168, 12.8, 22, ABalppapppa, 15, 27800, 13789, 496, , 27800, 25000, 28817, 28860, 0, 
194, 1, 269, 488, -1, 494, 181, 15.8, 22, ABplpppppap, 210, 28889, 14329, 496, , 28889, 25000, 29376, 29470, 0, 
195, 1, 199, 22, -1, 244, 322, 23.2, 26, MSpaaaaaa, 217, 28461, 22655, 796, , 28461, 25000, 28771, 28905, 0, 
196, 1, 364, 244, -1, 167, 303, 8.5, 23, ABpraaaaapv, 206, 28498, 18011, 632, , 28498, 25000, 28467, 28386, 0, 
197, 1, 70, 143, -1, 571, 305, 12.1, 26, Cpppapa, 260, 29158, 23326, 800, , 29158, 25000, 28908, 28914, 0, 
198, 1, 288, 223, -1, 142, 254, 12.1, 26, ABalaaapprl, 176, 27978, 22382, 800, , 27978, 25000, 28066, 28022, 0, 
199, 1, 209, 47, -1, 285, 167, 8.9, 24, ABalpapapaa, 233, 28712, 17342, 604, , 28712, 25000, 28886, 29172, 0, 
200, 1, 169, 153, -1, 248, 294, 26.4, 28, MSappppa, 283, 27900, 27565, 988, , 27900, 25000, 29106, 29106, 0, 
201, 1, 6, 222, -1, 253, 251, 13.8, 26, ABarapaaaap, 224, 28633, 22792, 796, , 28633, 25000, 28763, 28978, 0, 
202, 1, 65, 422, -1, 230, 216, 18.0, 24, ABaraaaaaap, -89, 29788, 18111, 608, , 29788, 25000, 28072, 28170, 0, 
203, 1, 324, 420, -1, 488, 153, 17.7, 23, Capappp, 128, 29796, 17639, 592, , 29796, 25000, 28795, 28843, 0, 
204, 1, 422, 340, -1, 196, 133, 18.1, 23, ABalpppaaaa, 165, 28903, 14336, 496, , 28903, 25000, 28034, 28053, 0, 
205, 0, 447, -1, -1, 536, 261, 15.9, 22, , 159, -124, 13201, 464, , 28450, 25000, 28480, 28574, 0, 
206, 1, 498, 435, -1, 540, 158, 10.9, 24, ABplppppppp, 220, 26889, 16241, 604, , 26889, 25000, 28461, 28484, 0, 
207, 1, 222, 84, -1, 452, 225, 9.9, 22, ABplpapppap, 216, 28847, 13385, 464, , 28847, 25000, 28539, 28698, 0, 
208, 1, 75, 210, -1, 526, 234, 8.3, 24, ABprpppaapa, -83, 27207, 19154, 704, , 27207, 25000, 29702, 29731, 0, 
209, 1, 135, 147, -1, 574, 267, 11.4, 26, Cpppapp, -62, 28621, 23813, 832, , 28621, 25000, 29705, 29697, 0, 
210, 1, 519, 373, -1, 142, 298, 17.6, 24, ABarpapaaaa, 23, 27284, 19099, 700, , 27284, 25000, 27967, 27737, 0, 
211, 0, 548, -1, -1, 363, 203, 9.0, 22, , 139, 754, 11643, 384, , 30320, 25000, 29556, 29566, 0, 
212, 1, 341, 211, -1, 305, 317, 14.7, 25, ABaraapppaa, 221, 27113, 20714, 764, , 27113, 25000, 28556, 28714, 0, 
213, 1, 81, 374, -1, 470, 131, 11.0, 25, ABplappppa, 208, 27931, 21339, 764, , 27931, 25000, 27666, 27584, 0, 
214, 1, 526, 32, -1, 463, 266, 7.1, 22, ABprppapppp, 158, 30256, 14039, 464, , 30256, 25000, 31588, 31069, 0, 
215, 1, 231, 10, -1, 364, 229, 6.9, 23, ABprpaaaapa, 477, 31790, 15768, 496, , 31790, 25000, 33588, 33569, 0, 
216, 1, 310, 213, -1, 265, 302, 22.0, 23, MSaaaaapp, 8, 28609, 14648, 512, , 28609, 25000, 28180, 28096, 0, 
217, 1, 228, 75, -1, 516, 252, 10.3, 24, ABprpppppap, 228, 28080, 19768, 704, , 28080, 25000, 29001, 29096, 0, 
218, 1, 220, 394, -1, 202, 289, 24.1, 23, MSapappp, 219, 27554, 13667, 496, , 27554, 25000, 28271, 28336, 0, 
219, 1, 86, 11, -1, 254, 343, 12.7, 23, ABpraapapaa, 199, 28172, 16678, 592, , 28172, 25000, 28261, 28167, 0, 
220, 1, 20, 579, -1, 129, 303, 21.4, 29, ABarpapapa, 244, 28448, 32886, 1156, , 28448, 25000, 28250, 28271, 0, 
221, 1, 515, 441, -1, 205, 293, 5.4, 22, ABpraaaapad, 180, 39453, 22567, 572, , 39453, 25000, 38859, 39162, 0, 
222, 1, 432, 303, -1, 470, 156, 13.9, 23, Capappa, 173, 26304, 13047, 496, , 26304, 25000, 28193, 28378, 0, 
223, 1, 32, 124, -1, 361, 258, 5.4, 26, ABprapaapa, 127, 36407, 30291, 832, , 36407, 25000, 35964, 36529, 0, 
224, 1, 14, 73, -1, 163, 218, 10.5, 23, ABaraaapppa, 218, 27891, 17627, 632, , 27891, 25000, 28786, 28690, 0, 
225, 1, 68, 60, -1, 157, 159, 16.9, 23, ABalaaapall, 181, 26474, 13131, 496, , 26474, 25000, 28437, 28263, 0, 
226, 1, 74, 166, -1, 556, 165, 13.9, 24, Cappppd, 232, 27659, 16706, 604, , 27659, 25000, 29435, 29454, 0, 
227, 1, 160, 280, -1, 244, 365, 14.3, 24, ABpraapappa, 119, 28202, 19854, 704, , 28202, 25000, 28097, 28075, 0, 
228, 1, 418, 366, -1, 300, 344, 18.0, 22, MSpaapaap, 123, 28242, 10845, 384, , 28242, 25000, 28820, 28581, 0, 
229, 1, 216, 186, -1, 217, 205, 26.3, 29, ABplaaappa, 86, 29717, 31738, 1068, , 29717, 25000, 29270, 29296, 0, 
230, 1, 267, 475, -1, 380, 204, 11.7, 23, ABplppaappa, 94, 28113, 16643, 592, , 28113, 25000, 28548, 28725, 0, 
231, 1, 239, 105, -1, 189, 268, 10.1, 24, ABarappppaa, 198, 28048, 16941, 604, , 28048, 25000, 28780, 28639, 0, 
232, 1, 195, 173, -1, 425, 236, 9.9, 23, ABprppaappp, 226, 27802, 13790, 496, , 27802, 25000, 28933, 29095, 0, 
233, 1, 462, 175, -1, 270, 336, 16.6, 26, ABaraappapp, 267, 27841, 23164, 832, , 27841, 25000, 27680, 27770, 0, 
234, 1, 44, 111, -1, 211, 252, 6.7, 24, ABprpaaapaa, 187, 34247, 24110, 704, , 34247, 25000, 34795, 35046, 0, 
235, 1, 210, 194, -1, 265, 286, 11.5, 24, ABarapappaa, 227, 28914, 22206, 768, , 28914, 25000, 27860, 28017, 0, 
236, 1, 208, 38, -1, 407, 244, 8.1, 23, ABprpaaaapp, 205, 29050, 14409, 496, , 29050, 25000, 29146, 29271, 0, 
237, 1, 190, 233, -1, 198, 203, 22.8, 25, ABalapaaaa, -7, 26101, 18375, 704, , 26101, 25000, 28201, 28195, 0, 
238, 1, 10, 121, -1, 568, 206, 12.4, 26, Cpppppd, -92, 26880, 22364, 832, , 26880, 25000, 28470, 28500, 0, 
239, 0, 1, -1, -1, 299, 388, 9.4, 23, , 198, 468, 18255, 640, , 28523, 25000, 28034, 28055, 0, 
240, 1, 88, 423, -1, 438, 385, 15.3, 26, Cpppaaa, 261, 29271, 25056, 856, , 29271, 25000, 28636, 28635, 0, 
241, 1, 255, 467, -1, 562, 198, 7.8, 27, ABprappppp, 270, 29219, 25362, 868, , 29219, 25000, 31237, 31582, 0, 
242, 1, 201, 168, -1, 185, 145, 21.5, 28, ABplpaapapa, 234, 28100, 30348, 1080, , 28100, 25000, 27888, 27856, 0, 
243, 1, 246, 180, -1, 545, 261, 19.6, 34, Eplap, 330, 27918, 49694, 1780, , 27918, 25000, 28961, 29034, 0, 
244, 1, 317, 58, -1, 587, 194, 19.1, 23, Capppap, -520, 28591, 14181, 496, , 28591, 25000, 28776, 28776, 0, 
245, 1, 298, 82, -1, 362, 373, 11.2, 24, ABprapaaapp, 219, 27869, 18282, 656, , 27869, 25000, 28294, 28272, 0, 
246, 1, 377, 346, -1, 525, 293, 22.0, 30, Ealpp, 302, 28547, 38482, 1348, , 28547, 25000, 29696, 29805, 0, 
247, 1, 227, 110, -1, 352, 337, 20.9, 23, MSpaaapap, 221, 30500, 15128, 496, , 30500, 25000, 28580, 28570, 0, 
248, 1, 142, 139, -1, 231, 207, 8.8, 24, ABarappaapa, 211, 29787, 19540, 656, , 29787, 25000, 29117, 29578, 0, 
249, 1, 425, 389, -1, 449, 302, 19.7, 30, Ealap, 296, 27814, 36381, 1308, , 27814, 25000, 29101, 29285, 0, 
250, 1, 180, 519, -1, 256, 268, 12.4, 24, ABarapapaap, 193, 27834, 19484, 700, , 27834, 25000, 28625, 28662, 0, 
251, 1, 319, 322, -1, 320, 303, 12.6, 25, ABaraappppp, 90, 26635, 22160, 832, , 26635, 25000, 29555, 29408, 0, 
252, 1, 131, 506, -1, 247, 246, 22.9, 23, ABalpaapapa, 227, 28450, 14111, 496, , 28450, 25000, 28271, 28275, 0, 
253, 1, 136, 344, -1, 322, 219, 23.4, 25, MSapapaa, 245, 28989, 24119, 832, , 28989, 25000, 28384, 28548, 0, 
254, 1, 47, 273, -1, 436, 247, 14.4, 25, MSapaapp, 252, 27885, 23200, 832, , 27885, 25000, 27588, 27585, 0, 
255, 1, 505, 503, -1, 112, 241, 12.9, 24, ABalaaappll, 183, 28020, 16924, 604, , 28020, 25000, 27152, 27401, 0, 
256, 1, 500, 3, -1, 171, 229, 14.9, 22, ABaraaaapaa, 191, 27060, 12556, 464, , 27060, 25000, 28760, 29009, 0, 
257, 1, 185, 31, -1, 351, 346, 6.5, 28, ABpraapppp, 288, 32184, 34759, 1080, , 32184, 25000, 34788, 34817, 0, 
258, 0, 477, -1, -1, 522, 168, 6.7, 39, , 373, -2507, 92937, 2764, , 33624, 25000, 35461, 36131, 0, 
259, 1, 174, 406, -1, 337, 234, 9.9, 24, ABprpapapaa, 231, 28662, 17312, 604, , 28662, 25000, 28458, 28619, 0, 
260, 1, 407, 299, -1, 523, 289, 9.4, 24, Cppappa, 243, 27059, 18941, 700, , 27059, 25000, 28877, 28869, 0, 
261, 1, 448, 109, -1, 303, 379, 20.6, 23, MSpppppp, 14, 26078, 16690, 640, , 26078, 25000, 28434, 28427, 0, 
262, 1, 374, 164, -1, 329, 122, 12.9, 24, ABplaapppa, 197, 27541, 16635, 604, , 27541, 25000, 27390, 27338, 0, 
263, 1, 173, 332, -1, 181, 330, 7.9, 24, ABprpaapapa, 72, 30535, 18443, 604, , 30535, 25000, 30319, 30291, 0, 
264, 1, 40, 216, -1, 261, 392, 16.7, 24, ABarpppaaa, 243, 28393, 19989, 704, , 28393, 25000, 27681, 27765, 0, 
265, 1, 493, 447, -1, 508, 169, 11.8, 23, Cappppv, 216, 28859, 15584, 540, , 28859, 25000, 30128, 30131, 0, 
266, 1, 532, 227, -1, 134, 194, 14.1, 22, ABalaaaarla, 212, 27371, 12700, 464, , 27371, 25000, 27451, 27382, 0, 
267, 1, 388, 464, -1, 288, 169, 11.8, 23, ABplpapaapa, 192, 27624, 14917, 540, , 27624, 25000, 27993, 27959, 0, 
268, 1, 311, 397, -1, 250, 216, 6.1, 23, ABarapppapp, 242, 32808, 16273, 496, , 32808, 25000, 34771, 34713, 0, 
269, 1, 402, 327, -1, 511, 328, 19.2, 30, Earpp, 304, 28080, 37065, 1320, , 28080, 25000, 29400, 29509, 0, 
270, 1, 359, 378, -1, 287, 201, 15.5, 24, ABalpappppp, 237, 27964, 21476, 768, , 27964, 25000, 28212, 28276, 0, 
271, 1, 455, 95, -1, 111, 261, 17.9, 23, ABarpaaaaar, 200, 27704, 13741, 496, , 27704, 25000, 28827, 29160, 0, 
272, 0, 391, -1, -1, 254, 296, 19.2, 24, , 450, 2356, 20377, 656, , 31063, 25000, 28791, 28707, 0, 
273, 1, 191, 217, -1, 281, 192, 21.7, 25, ABplaapapaa, 15, 28889, 22071, 764, , 28889, 25000, 28573, 28723, 0, 
274, 1, 43, 88, -1, 337, 237, 13.1, 25, ABarapapapp, 72, 27794, 19122, 688, , 27794, 25000, 29428, 29725, 0, 
275, 1, 7, 141, -1, 512, 125, 20.4, 27, ABarppappp, 211, 27045, 26720, 988, , 27045, 25000, 28229, 28344, 0, 
276, 1, 117, 165, -1, 383, 290, 20.7, 32, Ealaa, 321, 27615, 43742, 1584, , 27615, 25000, 28774, 28975, 0, 
277, 1, 24, 2, -1, 300, 143, 14.5, 26, ABplppaaaaa, 235, 27859, 24962, 896, , 27859, 25000, 28110, 28469, 0, 
278, 1, 257, 197, -1, 285, 225, 13.5, 24, ABalpappppa, 235, 27397, 21041, 768, , 27397, 25000, 27964, 28165, 0, 
279, 1, 158, 531, -1, 202, 161, 14.9, 22, ABalppappap, 144, 27944, 12966, 464, , 27944, 25000, 28847, 28479, 0, 
280, 1, 279, 183, -1, 511, 205, 5.7, 23, ABprpppapaa, 64, 41245, 24417, 592, , 41245, 25000, 39165, 39401, 0, 
281, 1, 419, 134, -1, 450, 232, 7.4, 26, ABprpppaaaa, -77, 29174, 24273, 832, , 29174, 25000, 30949, 31454, 0, 
282, 1, 304, 313, -1, 163, 180, 11.9, 23, ABalpaapppp, 181, 29149, 14458, 496, , 29149, 25000, 28222, 28182, 0, 
283, 1, 353, 391, -1, 479, 130, 19.9, 27, ABplapapap, 252, 28520, 25896, 908, , 28520, 25000, 28300, 28315, 0, 
284, 1, 236, 258, -1, 210, 259, 25.4, 28, MSapappa, 230, 28512, 28170, 988, , 28512, 25000, 29530, 29554, 0, 
285, 0, 313, -1, -1, 391, 162, 11.9, 22, , 102, -576, 12779, 464, , 27541, 25000, 28267, 28117, 0, 
286, 1, 327, 400, -1, 463, 305, 25.3, 30, Dappp, 284, 27727, 36267, 1308, , 27727, 25000, 28682, 28688, 0, 
287, 1, 398, 458, -1, 214, 234, 19.8, 22, ABalpaapaap, 169, 28327, 14050, 496, , 28327, 25000, 27937, 28013, 0, 
288, 1, 333, 21, -1, 526, 231, 6.4, 25, ABprpppaapp, 249, 38425, 31970, 832, , 38425, 25000, 36486, 37815, 0, 
289, 1, 409, 268, -1, 408, 256, 11.5, 23, ABprppappaa, 227, 28837, 18225, 632, , 28837, 25000, 29261, 29234, 0, 
290, 1, 116, 418, -1, 514, 162, 23.8, 30, ABplapapaa, 299, 29046, 38341, 1320, , 29046, 25000, 28552, 28530, 0, 
291, 1, 397, 103, -1, 494, 218, 4.9, 24, ABprappppa, 233, 38141, 23037, 604, , 38141, 25000, 37236, 37214, 0, 
292, 1, 352, 104, -1, 302, 188, 7.3, 23, ABprpappaap, 190, 30603, 18117, 592, , 30603, 25000, 31912, 32052, 0, 
293, 1, 442, 504, -1, 221, 353, 14.0, 22, ABpraaaappp, 173, 26943, 10346, 384, , 26943, 25000, 28528, 28522, 0, 
294, 1, 177, 218, -1, 123, 304, 15.3, 27, ABpraapaaap, 221, 27006, 24954, 924, , 27006, 25000, 27295, 27174, 0, 
295, 1, 543, 79, -1, 265, 371, 16.4, 22, MSppppap, 144, 27907, 15963, 572, , 27907, 25000, 27380, 27433, 0, 
296, 1, 134, 246, -1, 199, 356, 17.6, 26, MSppappa, -23, 27488, 22870, 832, , 27488, 25000, 28512, 28604, 0, 
297, 1, 375, 419, -1, 276, 288, 4.8, 23, ABpraappap, 234, 35548, 19196, 540, , 35548, 25000, 36946, 36902, 0, 
298, 1, 203, 145, -1, 200, 184, 12.2, 24, ABalpapaaaa, 182, 27241, 17870, 656, , 27241, 25000, 28724, 28774, 0, 
299, 1, 262, 42, -1, 215, 294, 11.2, 24, ABprpaapaaa, 232, 26470, 17364, 656, , 26470, 25000, 28530, 28473, 0, 
300, 1, 495, 230, -1, 290, 355, 13.5, 24, MSppapaa, 207, 28086, 21570, 768, , 28086, 25000, 27806, 27815, 0, 
301, 1, 517, 534, -1, 155, 170, 19.0, 21, ABalapaappp, 90, 27568, 10586, 384, , 27568, 25000, 28101, 27934, 0, 
302, 1, 433, 283, -1, 514, 112, 15.0, 25, ABplapppaap, 294, 28809, 22010, 764, , 28809, 25000, 28117, 28235, 0, 
303, 1, 240, 101, -1, 171, 145, 19.6, 24, ABalpppaapv, -256, 27571, 19300, 700, , 27571, 25000, 27227, 27219, 0, 
304, 1, 223, 127, -1, 423, 347, 7.8, 27, ABprappaaa, -89, 27487, 23859, 868, , 27487, 25000, 29158, 29218, 0, 
305, 1, 99, 320, -1, 399, 382, 14.3, 25, Dppap, 178, 27670, 21140, 764, , 27670, 25000, 27992, 27929, 0, 
306, 1, 95, 427, -1, 186, 201, 20.1, 23, ABalppppapa, 234, 28746, 14258, 496, , 28746, 25000, 28085, 28174, 0, 
307, 1, 405, 437, -1, 478, 290, 9.0, 23, MSpappap, 87, 30881, 15811, 512, , 30881, 25000, 28459, 28413, 0, 
308, 1, 264, 491, -1, 527, 241, 13.6, 31, Eprpp, 311, 27861, 37111, 1332, , 27861, 25000, 28817, 28922, 0, 
309, 1, 312, 355, -1, 195, 265, 14.9, 23, ABaraaapaaa, 196, 26306, 13048, 496, , 26306, 25000, 28108, 28300, 0, 
310, 0, 79, -1, -1, 211, 336, 12.2, 22, , 443, 829, 14569, 496, , 29373, 25000, 28503, 28544, 0, 
311, 1, 5, 55, -1, 294, 200, 23.8, 24, ABplaapapap, 228, 29367, 19265, 656, , 29367, 25000, 28914, 29098, 0, 
312, 1, 381, 78, -1, 335, 274, 11.3, 23, MSpapaaap, 105, 29267, 17326, 592, , 29267, 25000, 31628, 30959, 0, 
313, 1, 280, 529, -1, 142, 218, 14.9, 23, ABalaaaarlp, 171, 27030, 13407, 496, , 27030, 25000, 27844, 28047, 0, 
314, 1, 574, 388, -1, 305, 399, 12.2, 22, ABarpppaap, 147, 25907, 12850, 496, , 25907, 25000, 27622, 27647, 0, 
315, 1, 51, 298, -1, 411, 411, 18.3, 33, Caaaaa, 334, 28603, 49654, 1736, , 28603, 25000, 28254, 28153, 0, 
316, 1, 386, 502, -1, 355, 252, 9.8, 22, ABprpapappa, 189, 27948, 13862, 496, , 27948, 25000, 29132, 29331, 0, 
317, 1, 396, 533, -1, 505, 253, 7.7, 24, Cppappp, 226, 28212, 19861, 704, , 28212, 25000, 30188, 30336, 0, 
318, 1, 340, 83, -1, 274, 228, 21.4, 24, ABalpaapapp, 14, 27776, 19443, 700, , 27776, 25000, 27703, 27714, 0, 
319, 1, 401, 291, -1, 377, 232, 10.8, 24, ABprppaappa, 19, 29633, 19439, 656, , 29633, 25000, 28428, 28615, 0, 
320, 1, 281, 226, -1, 322, 260, 22.2, 27, ABaraapapap, 240, 28903, 25088, 868, , 28903, 25000, 28227, 28397, 0, 
321, 1, 441, 357, -1, 176, 183, 22.8, 24, ABplaapaapa, 306, 31213, 20476, 656, , 31213, 25000, 29330, 29462, 0, 
322, 1, 363, 305, -1, 272, 253, 26.5, 27, ABarppaaaa, 269, 29220, 26181, 896, , 29220, 25000, 29009, 28949, 0, 
323, 1, 600, 289, -1, 495, 235, 11.0, 26, ABprppppaap, 358, 29180, 24861, 852, , 29180, 25000, 29019, 29003, 0, 
324, 1, 368, 204, -1, 545, 222, 9.6, 24, ABprapppapp, 173, 28403, 19882, 700, , 28403, 25000, 28579, 28624, 0, 
325, 1, 11, 494, -1, 267, 238, 5.4, 24, ABprpaapppp, 82, 37749, 26424, 700, , 37749, 25000, 37263, 37706, 0, 
326, 1, 545, 484, -1, 203, 264, 20.6, 21, ABaraapaaap, 163, 27191, 14248, 524, , 27191, 25000, 27796, 27805, 0, 
327, 1, 440, 282, -1, 177, 270, 24.2, 24, ABplaaaaaap, -115, 27137, 17802, 656, , 27137, 25000, 28735, 28640, 0, 
328, 1, 485, 318, -1, 446, 324, 11.0, 24, MSpapppp, 226, 26571, 16155, 608, , 26571, 25000, 29072, 29038, 0, 
329, 0, 439, -1, -1, 176, 141, 15.0, 24, , -102, 1131, 17764, 608, , 29217, 25000, 28194, 28086, 0, 
330, 0, 202, -1, -1, 237, 176, 23.4, 22, , 518, -1871, 15935, 572, , 27858, 25000, 29647, 29729, 0, 
331, 1, 434, 46, -1, 596, 272, 16.0, 27, Cppppap, 228, 28164, 29065, 1032, , 28164, 25000, 29258, 29277, 0, 
332, 1, 3, 25, -1, 526, 160, 9.0, 23, ABplppppppa, 208, 28539, 14612, 512, , 28539, 25000, 29228, 29086, 0, 
333, 1, 457, 65, -1, 306, 181, 10.5, 23, ABplpapaaaa, 179, 28459, 17986, 632, , 28459, 25000, 28158, 28274, 0, 
334, 0, 198, -1, -1, 389, 143, 20.2, 22, , 159, 1894, 14749, 496, , 29736, 25000, 28113, 27842, 0, 
335, 1, 362, 87, -1, 412, 278, 17.9, 29, Ealpa, 295, 28249, 34125, 1208, , 28249, 25000, 28695, 28710, 0, 
336, 1, 294, 478, -1, 565, 299, 8.4, 28, ABarpppppp, 278, 28781, 28436, 988, , 28781, 25000, 29597, 29597, 0, 
337, 1, 93, 51, -1, 183, 169, 13.0, 23, ABalppapaaa, 212, 27584, 14123, 512, , 27584, 25000, 28640, 28594, 0, 
338, 1, 127, 443, -1, 511, 125, 16.9, 24, ABplapppaaa, 206, 27543, 16636, 604, , 27543, 25000, 28321, 28218, 0, 
339, 1, 207, 122, -1, 423, 215, 13.8, 23, ABplppapppa, 24, 26559, 14342, 540, , 26559, 25000, 27564, 27452, 0, 
340, 1, 369, 160, -1, 565, 141, 11.6, 24, Cpappv, 164, 27033, 18923, 700, , 27033, 25000, 27267, 27271, 0, 
341, 1, 259, 324, -1, 295, 308, 22.5, 23, MSaaaapap, 197, 32962, 20832, 632, , 32962, 25000, 29416, 29456, 0, 
342, 1, 153, 247, -1, 243, 277, 14.8, 24, ABarapaapaa, 307, 27886, 18293, 656, , 27886, 25000, 27985, 28123, 0, 
343, 1, 404, 375, -1, 285, 341, 20.5, 26, MSpaaappa, 219, 28485, 25523, 896, , 28485, 25000, 28426, 28367, 0, 
344, 1, 476, 5, -1, 367, 231, 24.9, 27, ABarppaapp, 276, 29151, 26469, 908, , 29151, 25000, 28459, 28467, 0, 
345, 1, 428, 199, -1, 181, 242, 24.5, 26, ABplaaaaapp, 204, 27088, 24271, 896, , 27088, 25000, 28099, 28307, 0, 
346, 0, 335, -1, -1, 85, 264, 16.0, 24, , 207, 1760, 17785, 608, , 29252, 25000, 27489, 27492, 0, 
347, 1, 193, 64, -1, 277, 202, 7.0, 23, ABarappapaa, 197, 34920, 17879, 512, , 34920, 25000, 32207, 32715, 0, 
348, 1, 504, 167, -1, 162, 183, 15.0, 22, ABalaaaalal, 106, 28734, 11034, 384, , 28734, 25000, 27993, 28224, 0, 
349, 1, 542, 118, -1, 179, 207, 13.7, 22, ABalpaappaa, 224, 27191, 14248, 524, , 27191, 25000, 27991, 27986, 0, 
350, 1, 166, 108, -1, 146, 245, 7.7, 25, ABalaapaapp, 197, 30326, 23169, 764, , 30326, 25000, 30460, 30995, 0, 
351, 1, 336, 102, -1, 571, 241, 24.5, 29, Capppaa, 269, 29422, 31776, 1080, , 29422, 25000, 28327, 28327, 0, 
352, 1, 395, 114, -1, 194, 341, 23.6, 27, ABarpapapp, 269, 27264, 26937, 988, , 27264, 25000, 28260, 28311, 0, 
353, 1, 133, 557, -1, 278, 275, 21.8, 25, ABaraapaapp, -133, 28928, 20365, 704, , 28928, 25000, 28195, 28305, 0, 
354, 1, 534, 522, -1, 401, 215, 19.5, 22, MSaapppap, 187, 27719, 14192, 512, , 27719, 25000, 28230, 28091, 0, 
355, 1, 347, 115, -1, 482, 202, 22.7, 25, Capaapa, 257, 27420, 20949, 764, , 27420, 25000, 28455, 28569, 0, 
356, 1, 211, 387, -1, 331, 149, 14.3, 23, ABplppaapap, 154, 28625, 16946, 592, , 28625, 25000, 27967, 27825, 0, 
357, 1, 437, 403, -1, 521, 269, 5.6, 25, ABprapappa, 225, 41704, 34698, 832, , 41704, 25000, 38404, 38442, 0, 
358, 1, 121, 382, -1, 464, 225, 17.8, 31, Z3, 361, 27872, 40805, 1464, , 27872, 25000, 28309, 28324, 0, 
359, 1, 349, 36, -1, 220, 126, 15.5, 22, ABalpppapad, 384, 27936, 14303, 512, , 27936, 25000, 28109, 28325, 0, 
360, 0, 334, -1, -1, 375, 143, 17.0, 22, , 179, 4015, 12540, 384, , 32656, 25000, 28617, 28641, 0, 
361, 1, 366, 188, -1, 418, 314, 15.3, 30, Earpa, 303, 29007, 37941, 1308, , 29007, 25000, 29011, 29029, 0, 
362, 1, 480, 351, -1, 197, 253, 8.5, 22, ABarappppap, 186, 29314, 15009, 512, , 29314, 25000, 29108, 29468, 0, 
363, 1, 318, 526, -1, 155, 202, 12.8, 22, ABalpaapppa, 199, 27308, 13545, 496, , 27308, 25000, 28175, 28077, 0, 
364, 1, 72, 44, -1, 450, 356, 11.1, 25, Cppaaap, 490, 27860, 19168, 688, , 27860, 25000, 29307, 29382, 0, 
365, 1, 179, 142, -1, 195, 221, 17.4, 24, ABalpaapaaa, 289, 28316, 19821, 700, , 28316, 25000, 28453, 28611, 0, 
366, 1, 125, 192, -1, 467, 187, 13.8, 23, ABplppppaaa, 197, 27737, 14978, 540, , 27737, 25000, 28880, 28689, 0, 
367, 1, 187, 215, -1, 267, 170, 21.1, 24, ABalpppppap, -59, 26727, 16143, 604, , 26727, 25000, 28316, 28284, 0, 
368, 1, 37, 240, -1, 499, 381, 17.7, 26, Cpppaap, 224, 28974, 24802, 856, , 28974, 25000, 29086, 29086, 0, 
369, 1, 73, 424, -1, 225, 233, 8.5, 27, ABarapppppp, 48, 27804, 24912, 896, , 27804, 25000, 29536, 29298, 0, 
370, 1, 367, 225, -1, 454, 250, 12.1, 24, MSppaapp, 210, 28896, 17453, 604, , 28896, 25000, 28527, 28612, 0, 
371, 1, 438, 24, -1, 283, 328, 7.1, 24, ABprpaapaap, 308, 28682, 17324, 604, , 28682, 25000, 33565, 33857, 0, 
372, 1, 423, 331, -1, 491, 201, 11.5, 22, ABplpappppp, 187, 28090, 14382, 512, , 28090, 25000, 28951, 28952, 0, 
373, 1, 271, 214, -1, 254, 204, 13.1, 26, ABalpappapa, 261, 28616, 22893, 800, , 28616, 25000, 28390, 28220, 0, 
374, 1, 390, 94, -1, 345, 315, 11.8, 23, MSpapaapa, 24, 32780, 17701, 540, , 32780, 25000, 29824, 29974, 0, 
375, 1, 403, 479, -1, 374, 238, 20.4, 24, MSaapaapp, 214, 31184, 21829, 700, , 31184, 25000, 30591, 30621, 0, 
376, 1, 2, 543, -1, 157, 200, 17.4, 25, ABalaaapalr, 250, 28516, 23725, 832, , 28516, 25000, 28993, 29395, 0, 
377, 1, 214, 279, -1, 522, 201, 10.0, 23, Cpppppv, 421, 28838, 14765, 512, , 28838, 25000, 28363, 28357, 0, 
378, 1, 178, 398, -1, 300, 239, 5.9, 22, ABprpapaapp, 217, 41246, 19138, 464, , 41246, 25000, 37581, 37979, 0, 
379, 1, 328, 69, -1, 106, 230, 18.9, 24, ABplaapaaaa, 109, 28048, 16941, 604, , 28048, 25000, 28382, 28423, 0, 
380, 1, 456, 77, -1, 180, 291, 6.4, 22, ABpraaaaaaa, 201, 34724, 19862, 572, , 34724, 25000, 37026, 37886, 0, 
381, 1, 342, 170, -1, 572, 337, 17.9, 27, Cppppaa, 214, 28427, 25812, 908, , 28427, 25000, 28374, 28368, 0, 
382, 1, 50, 508, -1, 318, 211, 15.8, 22, MSaapaaaa, 199, 30567, 15161, 496, , 30567, 25000, 29264, 29413, 0, 
383, 1, 466, 501, -1, 471, 256, 5.8, 25, ABprpppaaap, 205, 35999, 25343, 704, , 35999, 25000, 34125, 34479, 0, 
384, 1, 147, 252, -1, 319, 143, 21.2, 24, ABplpaappap, 214, 28723, 18842, 656, , 28723, 25000, 28064, 28077, 0, 
385, 1, 167, 190, -1, 402, 389, 10.7, 26, ABarppppap, 31, 27666, 23682, 856, , 27666, 25000, 29302, 29304, 0, 
386, 1, 115, 90, -1, 410, 218, 22.2, 25, Capaaaa, 255, 29071, 20466, 704, , 29071, 25000, 28740, 28613, 0, 
387, 1, 138, 281, -1, 172, 359, 12.8, 25, ABarpappap, 222, 26446, 18618, 704, , 26446, 25000, 28116, 28177, 0, 
388, 1, 302, 155, -1, 439, 174, 13.6, 27, ABplpppaaaa, 39, 27755, 27422, 988, , 27755, 25000, 28406, 28612, 0, 
389, 1, 376, 250, -1, 461, 152, 20.1, 28, ABplappapp, 226, 28818, 31354, 1088, , 28818, 25000, 28439, 28480, 0, 
390, 1, 149, 461, -1, 323, 207, 5.7, 27, ABarappapap, 166, 38799, 35850, 924, , 38799, 25000, 35883, 36653, 0, 
391, 1, 206, 472, -1, 328, 177, 17.4, 25, Daapa, 163, 28445, 23666, 832, , 28445, 25000, 29380, 29321, 0, 
392, 1, 89, 169, -1, 535, 127, 11.8, 25, ABplappppp, 99, 27480, 19346, 704, , 27480, 25000, 27778, 27838, 0, 
393, 0, 473, -1, -1, 147, 282, 7.8, 24, , 186, 583, 20510, 656, , 31265, 25000, 30620, 30682, 0, 
394, 1, 537, 254, -1, 437, 225, 11.4, 22, ABprpapappp, 135, 27495, 15727, 572, , 27495, 25000, 28004, 27885, 0, 
395, 1, 254, 224, -1, 312, 400, 16.7, 28, ABarpppapa, 95, 26340, 28026, 1064, , 26340, 25000, 27865, 27858, 0, 
396, 1, 113, 439, -1, 572, 226, 9.4, 24, ABprapapppp, 225, 28999, 20299, 700, , 28999, 25000, 28742, 28709, 0, 
397, 1, 60, 270, -1, 339, 379, 16.0, 25, Dpaap, 257, 27869, 21292, 764, , 27869, 25000, 28608, 28583, 0, 
398, 1, 52, 181, -1, 240, 318, 7.8, 24, ABprpaaaaap, -296, 31942, 20954, 656, , 31942, 25000, 30472, 30662, 0, 
399, 1, 316, 414, -1, 253, 167, 16.1, 22, ABplpaaappa, 147, 28338, 13149, 464, , 28338, 25000, 28240, 28438, 0, 
400, 1, 510, 438, -1, 228, 176, 8.7, 25, ABalpapaaap, 202, 29450, 22500, 764, , 29450, 25000, 28940, 29056, 0, 
401, 1, 225, 343, -1, 475, 250, 9.7, 22, ABprppppaaa, 144, 31681, 16601, 524, , 31681, 25000, 29415, 29472, 0, 
402, 1, 221, 507, -1, 113, 209, 16.9, 23, ABalaaaparl, 207, 28411, 14092, 496, , 28411, 25000, 27988, 27904, 0, 
403, 1, 382, 409, -1, 269, 140, 11.2, 25, ABplpaapppp, 212, 27858, 19612, 704, , 27858, 25000, 27977, 28064, 0, 
404, 1, 389, 137, -1, 552, 344, 9.7, 27, ABprapapaa, 275, 27593, 25496, 924, , 27593, 25000, 27857, 27887, 0, 
405, 1, 61, 417, -1, 206, 309, 7.3, 23, ABpraaaapav, 204, 29760, 17618, 592, , 29760, 25000, 31439, 31537, 0, 
406, 1, 168, 184, -1, 544, 134, 15.1, 25, ABplapapppp, 239, 28824, 19831, 688, , 28824, 25000, 28155, 28236, 0, 
407, 1, 406, 132, -1, 611, 262, 13.2, 27, Cpappd, 258, 27819, 24147, 868, , 27819, 25000, 27910, 27926, 0, 
408, 1, 392, 489, -1, 249, 142, 11.9, 22, ABalppaappp, 182, 27088, 12569, 464, , 27088, 25000, 27669, 27586, 0, 
409, 1, 189, 117, -1, 298, 233, 25.9, 28, ABplapaaaap, 258, 29142, 31706, 1088, , 29142, 25000, 28340, 28358, 0, 
410, 1, 141, 465, -1, 374, 248, 14.6, 22, MSaappaa, 104, 28217, 16140, 572, , 28217, 25000, 28582, 28700, 0, 
411, 1, 471, 451, -1, 332, 387, 22.3, 30, ABarppaapa, 308, 27252, 35645, 1308, , 27252, 25000, 27672, 27672, 0, 
412, 0, 151, -1, -1, 359, 269, 19.5, 23, , -257, 1106, 19251, 632, , 30460, 25000, 29116, 29354, 0, 
413, 1, 176, 284, -1, 321, 316, 22.5, 23, MSpaaapaa, 202, 27954, 17667, 632, , 27954, 25000, 28285, 28279, 0, 
414, 1, 57, 179, -1, 450, 271, 25.1, 28, Cappaaa, 281, 29974, 32612, 1088, , 29974, 25000, 28790, 28839, 0, 
415, 1, 248, 321, -1, 140, 168, 14.3, 22, ABalaaaalpa, 109, 25847, 13544, 524, , 25847, 25000, 27185, 27205, 0, 
416, 0, 100, -1, -1, 206, 156, 21.2, 22, , 187, 2672, 15310, 496, , 30867, 25000, 28365, 28195, 0, 
417, 1, 253, 449, -1, 259, 137, 22.5, 26, ABalpppppppa, -308, 28113, 25189, 896, , 28113, 25000, 28748, 28735, 0, 
418, 1, 478, 490, -1, 411, 343, 10.5, 25, Cppaaaa, 245, 26793, 20577, 768, , 26793, 25000, 28866, 28940, 0, 
419, 1, 385, 106, -1, 328, 371, 10.7, 25, ABprapaaapa, 4, 29822, 22784, 764, , 29822, 25000, 28798, 28931, 0, 
420, 1, 354, 125, -1, 159, 184, 20.7, 22, ABalppppapp, 182, 30632, 16051, 524, , 30632, 25000, 28501, 28497, 0, 
421, 1, 351, 120, -1, 227, 217, 20.2, 23, ABalpaaapaa, 195, 26931, 14543, 540, , 26931, 25000, 28048, 27993, 0, 
422, 1, 250, 444, -1, 542, 306, 18.4, 31, Eprap, 306, 28520, 37988, 1332, , 28520, 25000, 29496, 29427, 0, 
423, 1, 489, 129, -1, 265, 206, 24.2, 24, ABplaapappa, 213, 30623, 20089, 656, , 30623, 25000, 28826, 28561, 0, 
424, 1, 520, 592, -1, 162, 245, 10.7, 22, ABalaapaaar, 160, 27500, 14410, 524, , 27500, 25000, 27846, 27869, 0, 
425, 1, 290, 369, -1, 369, 141, 20.3, 29, ABplaapppp, 259, 28652, 30600, 1068, , 28652, 25000, 28527, 28602, 0, 
426, 1, 144, 4, -1, 305, 295, 11.4, 23, ABaraappppa, 188, 29706, 19012, 640, , 29706, 25000, 28924, 28834, 0, 
427, 0, 276, -1, -1, 200, 231, 5.0, 22, , 187, 3457, 17977, 384, , 46815, 25000, 43116, 43358, 0, 
428, 1, 188, 286, -1, 541, 229, 18.4, 33, Eplpa, 313, 28065, 46027, 1640, , 28065, 25000, 29816, 30037, 0, 
429, 1, 378, 395, -1, 524, 270, 26.0, 29, Cappaap, 273, 28149, 34567, 1228, , 28149, 25000, 29845, 29845, 0, 
430, 1, 268, 172, -1, 206, 376, 12.9, 26, ABarpapppa, -67, 27506, 22005, 800, , 27506, 25000, 28015, 28028, 0, 
431, 1, 275, 330, -1, 266, 338, 22.7, 24, MSpaaaaap, 52, 26895, 18934, 704, , 26895, 25000, 28135, 28428, 0, 
432, 1, 330, 191, -1, 472, 327, 17.6, 29, Epraa, 296, 28300, 32715, 1156, , 28300, 25000, 29100, 29121, 0, 
433, 1, 460, 412, -1, 495, 239, 24.4, 27, Capapaa, 63, 27492, 27162, 988, , 27492, 25000, 28972, 28971, 0, 
434, 1, 528, 337, -1, 293, 134, 12.9, 23, ABplpaapppa, 204, 26778, 13282, 496, , 26778, 25000, 28621, 28930, 0, 
435, 1, 9, 259, -1, 330, 209, 8.1, 23, ABprpappapa, 88, 29226, 14496, 496, , 29226, 25000, 30257, 30036, 0, 
436, 1, 329, 456, -1, 343, 224, 20.1, 22, MSaapaapa, 162, 29300, 13595, 464, , 29300, 25000, 30158, 30363, 0, 
437, 1, 344, 525, -1, 281, 233, 7.5, 23, ABprpapaapa, 194, 30247, 19116, 632, , 30247, 25000, 33700, 32644, 0, 
438, 0, 63, -1, -1, 295, 304, 9.4, 22, , 140, 293, 16740, 572, , 29266, 25000, 29033, 28973, 0, 
439, 1, 292, 74, -1, 218, 266, 11.8, 22, MSppaaaa, 224, 30194, 14976, 496, , 30194, 25000, 28232, 28271, 0, 
440, 1, 156, 316, -1, 432, 269, 8.4, 24, ABprppapapa, 229, 29270, 20489, 700, , 29270, 25000, 29648, 30017, 0, 
441, 1, 527, 339, -1, 249, 204, 18.0, 25, ABalpappaap, 220, 27205, 20785, 764, , 27205, 25000, 28440, 28402, 0, 
442, 1, 128, 361, -1, 200, 210, 15.5, 22, ABaraaaaaaa, -82, 28121, 14398, 512, , 28121, 25000, 29012, 29098, 0, 
443, 1, 488, 470, -1, 365, 343, 10.6, 24, Dppaa, 194, 27637, 19346, 700, , 27637, 25000, 28752, 28789, 0, 
444, 1, 522, 248, -1, 439, 248, 8.2, 23, ABprppapppa, 182, 28370, 15320, 540, , 28370, 25000, 29718, 29819, 0, 
445, 1, 39, 287, -1, 375, 396, 14.3, 27, ABarpppapp, 316, 27855, 25738, 924, , 27855, 25000, 28608, 28602, 0, 
446, 1, 94, 371, -1, 360, 193, 13.5, 22, ABplpapappa, 70, 27588, 14125, 512, , 27588, 25000, 29100, 29239, 0, 
447, 0, 163, -1, -1, 325, 296, 4.4, 22, , 137, 525, 21793, 572, , 38100, 25000, 37627, 37575, 0, 
448, 1, 412, 309, -1, 476, 203, 14.6, 24, ABplppppaap, 20, 28160, 19712, 700, , 28160, 25000, 29188, 29305, 0, 
449, 1, 13, 9, -1, 203, 222, 9.4, 24, ABarappaaaa, 24, 29003, 20302, 700, , 29003, 25000, 28538, 28743, 0, 
450, 1, 512, 381, -1, 594, 322, 14.8, 28, Caaapp, 288, 27403, 28828, 1052, , 27403, 25000, 27836, 27846, 0, 
451, 1, 296, 450, -1, 293, 128, 21.3, 22, ABalpppppppp, 219, 27483, 14401, 524, , 27483, 25000, 28608, 28520, 0, 
452, 1, 30, 8, -1, 324, 185, 13.4, 23, ABplpapapaa, 229, 28947, 18526, 640, , 28947, 25000, 29311, 29497, 0, 
453, 1, 215, 265, -1, 323, 162, 8.8, 25, ABalpapapap, 255, 29435, 20722, 704, , 29435, 25000, 28917, 28914, 0, 
454, 1, 182, 301, -1, 540, 371, 15.9, 27, Caaapa, 273, 28889, 26231, 908, , 28889, 25000, 28004, 28030, 0, 
455, 1, 241, 156, -1, 418, 272, 10.1, 22, ABprppappap, 190, 27892, 12942, 464, , 27892, 25000, 28713, 28752, 0, 
456, 1, 230, 393, -1, 330, 180, 20.1, 22, Daaaa, 103, 27716, 12860, 464, , 27716, 25000, 29463, 29563, 0, 
457, 1, 531, 426, -1, 416, 203, 15.4, 23, ABplppapapa, 179, 27930, 17875, 640, , 27930, 25000, 27901, 28058, 0, 
458, 1, 300, 53, -1, 241, 121, 16.4, 24, ABplpaapapp, 202, 27679, 19375, 700, , 27679, 25000, 27801, 27926, 0, 
459, 1, 461, 368, -1, 222, 348, 24.8, 28, ABarpaapap, 203, 29475, 31008, 1052, , 29475, 25000, 29306, 29396, 0, 
460, 1, 453, 354, -1, 143, 227, 13.4, 23, ABalaaaarrp, 215, 26484, 16950, 640, , 26484, 25000, 27580, 27823, 0, 
461, 1, 218, 457, -1, 386, 277, 14.2, 23, MSpapappp, 227, 27724, 14971, 540, , 27724, 25000, 30634, 30527, 0, 
462, 1, 92, 370, -1, 277, 318, 14.9, 22, ABaraaapapp, 331, 26384, 12242, 464, , 26384, 25000, 27517, 27497, 0, 
463, 1, 54, 81, -1, 438, 349, 25.8, 33, Cpaaap, 333, 28451, 49618, 1744, , 28451, 25000, 28844, 28845, 0, 
464, 1, 164, 13, -1, 477, 219, 7.0, 23, ABprppppapa, 237, 29262, 14982, 512, , 29262, 25000, 32248, 32145, 0, 
465, 0, 83, -1, -1, 192, 318, 10.4, 22, , 192, -19, 16417, 572, , 28701, 25000, 29009, 28720, 0, 
466, 1, 325, 72, -1, 295, 345, 8.8, 24, ABprpaappaa, 211, 28098, 18432, 656, , 28098, 25000, 28833, 28794, 0, 
467, 1, 235, 52, -1, 327, 168, 11.8, 22, ABplpapaaap, 386, 27766, 13772, 496, , 27766, 25000, 28274, 28398, 0, 
468, 1, 486, 514, -1, 195, 218, 11.5, 22, ABaraaappap, 165, 27555, 14108, 512, , 27555, 25000, 28624, 28675, 0, 
469, 1, 36, 182, -1, 329, 181, 23.1, 26, ABplapaaapa, 261, 28824, 23059, 800, , 28824, 25000, 28673, 28799, 0, 
470, 1, 427, 28, -1, 263, 168, 24.5, 27, ABplaapappp, -153, 28459, 25499, 896, , 28459, 25000, 28570, 28351, 0, 
471, 1, 346, 463, -1, 535, 157, 18.3, 25, Cappapp, 224, 27877, 21298, 764, , 27877, 25000, 28544, 28549, 0, 
472, 1, 258, 401, -1, 180, 215, 9.1, 22, ABaraaapppp, 184, 27177, 12610, 464, , 27177, 25000, 28822, 28810, 0, 
473, 1, 555, 312, -1, 484, 144, 11.5, 22, ABplpppapaa, 162, 28498, 14591, 512, , 28498, 25000, 28729, 28978, 0, 
474, 0, 107, -1, -1, 535, 123, 18.5, 23, , 182, 707, 18314, 632, , 28978, 25000, 28357, 28271, 0, 
475, 1, 80, 267, -1, 499, 128, 12.2, 22, ABplpppaapp, 212, 27512, 13646, 496, , 27512, 25000, 28119, 28170, 0, 
476, 0, -1, -1, -1, 478, 187, 6.3, 22, , 132, -3784, 16235, 524, , 30983, 25000, 33871, 34767, 0, 
477, 1, 332, 462, -1, 535, 317, 10.3, 24, Cppaapp, 218, 27577, 19414, 704, , 27577, 25000, 29034, 29029, 0, 
478, 1, 551, 536, -1, 348, 161, 17.4, 23, Daapp, 191, 27875, 17840, 640, , 27875, 25000, 28734, 28529, 0, 
479, 1, 303, 421, -1, 463, 392, 18.9, 26, Dppppp, 140, 28461, 22769, 800, , 28461, 25000, 28847, 28874, 0, 
480, 1, 140, 473, -1, 161, 257, 13.4, 22, ABalaapaaal, -27, 29409, 16822, 572, , 29409, 25000, 28747, 28507, 0, 
481, 1, 186, 482, -1, 503, 368, 9.9, 27, ABarpppppa, 272, 28705, 26064, 908, , 28705, 25000, 28157, 28161, 0, 
482, 1, 414, 256, -1, 453, 197, 12.0, 22, ABplpapppaa, 52, 27471, 10549, 384, , 27471, 25000, 28118, 28215, 0, 
483, 1, 513, 275, -1, 321, 320, 25.1, 20, MSappppp, 155, 27620, 8728, 316, , 27620, 25000, 28891, 28891, 0, 
484, 1, 152, 317, -1, 293, 138, 8.7, 28, ABplaappap, 286, 28208, 30013, 1064, , 28208, 25000, 28317, 28395, 0, 
485, 1, 232, 229, -1, 435, 204, 25.8, 29, ABplappapa, -97, 27691, 30792, 1112, , 27691, 25000, 29057, 29057, 0, 
486, 1, 25, 367, -1, 114, 253, 20.8, 24, ABarpaaaaal, 230, 28419, 18643, 656, , 28419, 25000, 28559, 28602, 0, 
487, 1, 287, 350, -1, 380, 270, 11.0, 22, ABprpapppap, 227, 27714, 10642, 384, , 27714, 25000, 29792, 29560, 0, 
488, 1, 162, 498, -1, 179, 260, 21.8, 22, ABalapapapp, 220, 28000, 13888, 496, , 28000, 25000, 29368, 29516, 0, 
489, 1, 82, 341, -1, 151, 333, 21.8, 25, ABarpaapaa, 258, 29794, 20975, 704, , 29794, 25000, 28646, 28588, 0, 
490, 1, 408, 212, -1, 298, 346, 6.4, 25, ABprpaappap, 86, 33514, 27884, 832, , 33514, 25000, 35395, 36385, 0, 
491, 1, 87, 163, -1, 120, 283, 18.1, 22, ABarpaaapaa, 89, 27765, 12883, 464, , 27765, 25000, 28392, 28242, 0, 
492, 0, 62, -1, -1, 211, 313, 19.5, 22, , 301, 1038, 14769, 512, , 28846, 25000, 27677, 27808, 0, 
493, 1, 491, 334, -1, 289, 340, 23.6, 24, MSaaaapaa, 260, 28343, 19840, 700, , 28343, 25000, 29114, 29152, 0, 
494, 0, 17, -1, -1, 222, 307, 10.9, 22, , 51, 224, 13384, 464, , 28845, 25000, 28216, 28621, 0, 
495, 0, 21, -1, -1, 521, 112, 13.2, 23, , 278, 572, 15504, 540, , 28711, 25000, 27921, 28139, 0, 
496, 1, 161, 566, -1, 332, 266, 25.5, 23, Daaap, 210, 27905, 17636, 632, , 27905, 25000, 28412, 28472, 0, 
497, 1, 467, 386, -1, 277, 367, 8.7, 22, ABpraaapppa, 28, 27805, 14570, 524, , 27805, 25000, 28445, 28405, 0, 
498, 1, 503, 466, -1, 490, 303, 21.5, 35, Eplaa, 479, 28293, 56133, 1984, , 28293, 25000, 29424, 29583, 0, 
499, 1, 67, 29, -1, 286, 249, 12.2, 24, ABarapapppp, 58, 27011, 17719, 656, , 27011, 25000, 28098, 28286, 0, 
500, 1, 293, 323, -1, 180, 227, 13.0, 22, ABaraaappaa, 297, 27008, 10371, 384, , 27008, 25000, 28424, 28492, 0, 
501, 1, 322, 236, -1, 245, 271, 4.6, 25, ABpraappaa, 162, 36022, 29970, 832, , 36022, 25000, 37290, 37382, 0, 
502, 1, 196, 469, -1, 520, 149, 13.8, 22, ABplapppapp, 166, 27020, 13402, 496, , 27020, 25000, 28460, 28640, 0, 
503, 1, 450, 474, -1, 190, 338, 11.7, 23, ABpraapaapp, -116, 27206, 16106, 592, , 27206, 25000, 29252, 29181, 0, 
504, 1, 502, 476, -1, 344, 301, 7.1, 24, Dpapp, 124, 30368, 18342, 604, , 30368, 25000, 31844, 32155, 0, 
505, 1, 114, 590, -1, 145, 225, 17.9, 24, ABalapappaa, -97, 27680, 16719, 604, , 27680, 25000, 28062, 28260, 0, 
506, 1, 101, 353, -1, 217, 277, 15.8, 22, ABaraaapaap, 115, 27238, 13510, 496, , 27238, 25000, 28260, 28142, 0, 
507, 1, 66, 206, -1, 524, 201, 16.2, 31, Eplpp, 64, 29592, 43322, 1464, , 29592, 25000, 29578, 29676, 0, 
508, 0, -1, -1, -1, 497, 147, 8.9, 21, , 162, 127, 10006, 348, , 28753, 25000, 28695, 28626, 0, 
509, 1, 479, 516, -1, 149, 288, 10.2, 22, ABalaappppp, 16, 29105, 14436, 496, , 29105, 25000, 28968, 28948, 0, 
510, 1, 143, 261, -1, 158, 160, 13.7, 23, ABalaaaalpp, 231, 27041, 16008, 592, , 27041, 25000, 27440, 27497, 0, 
511, 1, 538, 413, -1, 216, 316, 12.9, 21, ABpraaapaad, 301, 29825, 10379, 348, , 29825, 25000, 27528, 27482, 0, 
512, 0, 496, -1, -1, 135, 258, 19.8, 22, , -369, 1282, 14563, 496, , 29361, 25000, 27939, 28079, 0, 
513, 1, 506, 63, -1, 256, 300, 8.0, 19, MSppapap, 219, 28934, 9143, 316, , 28934, 25000, 28980, 28987, 0, 
514, 1, 518, 515, -1, 182, 294, 12.0, 22, ABpraaapapa, 73, 28185, 10823, 384, , 28185, 25000, 28622, 28767, 0, 
515, 1, 137, 550, -1, 181, 141, 13.3, 22, ABalppaaapp, 2, 28906, 15147, 524, , 28906, 25000, 28295, 28288, 0, 
516, 1, 445, 468, -1, 350, 250, 20.8, 24, MSaapappa, -171, 28534, 18718, 656, , 28534, 25000, 29411, 29275, 0, 
517, 1, 465, 497, -1, 191, 246, 16.4, 21, ABaraaaapap, 121, 28580, 14976, 524, , 28580, 25000, 27887, 27996, 0, 
518, 1, 430, 345, -1, 254, 135, 15.5, 25, ABplpaaapap, 301, 27983, 21491, 768, , 27983, 25000, 28466, 28377, 0, 
519, 0, 175, -1, -1, 251, 260, 20.5, 23, , 498, -1605, 17287, 632, , 27353, 25000, 28785, 28958, 0, 
520, 1, 482, 12, -1, 350, 397, 11.0, 24, ABarppppaa, 15, 29378, 17862, 608, , 29378, 25000, 27558, 27409, 0, 
521, 1, 497, 530, -1, 197, 200, 12.7, 22, ABalpaappap, -34, 27990, 14667, 524, , 27990, 25000, 28091, 28184, 0, 
522, 1, 154, 171, -1, 259, 172, 17.7, 24, MSapapap, 276, 26182, 18432, 704, , 26182, 25000, 27899, 27952, 0, 
523, 1, 78, 352, -1, 408, 311, 10.5, 22, MSpapppap, 145, 27287, 13971, 512, , 27287, 25000, 29102, 29137, 0, 
524, 1, 487, 241, -1, 247, 160, 19.5, 21, ABalpppppaa, 182, 28242, 14460, 512, , 28242, 25000, 28506, 28753, 0, 
525, 1, 104, 292, -1, 605, 210, 11.9, 25, Caappd, 186, 27295, 18779, 688, , 27295, 25000, 27718, 27713, 0, 
526, 1, 494, 243, -1, 374, 334, 21.6, 23, MSaaappp, 212, 27863, 17832, 640, , 27863, 25000, 28601, 28557, 0, 
527, 1, 514, 541, -1, 391, 231, 12.6, 21, ABprpappapp, -191, 28031, 14688, 524, , 28031, 25000, 27977, 28068, 0, 
528, 1, 469, 575, -1, 222, 206, 6.7, 22, ABarapppapa, 267, 31723, 16623, 524, , 31723, 25000, 34377, 34704, 0, 
529, 1, 490, 500, -1, 323, 311, 8.8, 25, Dpapa, 99, 29026, 20434, 704, , 29026, 25000, 29342, 29112, 0, 
530, 1, 535, 445, -1, 139, 201, 18.9, 21, ABalapaaapa, -1, 27463, 9557, 348, , 27463, 25000, 27922, 27958, 0, 
531, 1, 507, 521, -1, 235, 252, 15.6, 22, ABaraaaaapp, 285, 27944, 15984, 572, , 27944, 25000, 28141, 28214, 0, 
532, 1, 492, 532, -1, 340, 240, 8.3, 22, ABprpapapap, 40, 27405, 14360, 524, , 27405, 25000, 30360, 30478, 0, 
533, 1, 511, 544, -1, 243, 320, 16.3, 20, ABaraaapapa, -568, 27764, 10217, 368, , 27764, 25000, 28052, 28148, 0, 
534, 1, 549, 577, -1, 223, 236, 6.7, 23, ABarapppppa, -11, 32563, 19277, 592, , 32563, 25000, 34367, 35436, 0, 
535, 1, 550, 15, -1, 358, 284, 26.4, 32, Cpaaaa, 300, 28533, 42343, 1484, , 28533, 25000, 28520, 28622, 0, 
536, 1, 566, 67, -1, 348, 341, 17.7, 25, MSpaapapp, 182, 27846, 21274, 764, , 27846, 25000, 28687, 28934, 0, 
537, 1, 524, 234, -1, 477, 263, 27.5, 30, Cpaapa, -21, 27569, 33965, 1232, , 27569, 25000, 28147, 28200, 0, 
538, 1, 348, 453, -1, 296, 243, 18.8, 21, ABalpaaappp, 99, 28734, 12298, 428, , 28734, 25000, 28461, 28564, 0, 
539, 1, 552, 446, -1, 416, 380, 20.0, 28, Dppppa, 194, 28734, 32412, 1128, , 28734, 25000, 28516, 28684, 0, 
540, 1, 533, 459, -1, 432, 179, 15.1, 23, ABplppapppp, 177, 28597, 14184, 496, , 28597, 25000, 28227, 28052, 0, 
541, 1, 553, 505, -1, 345, 173, 13.7, 22, ABplpapapap, 136, 29034, 15214, 524, , 29034, 25000, 28234, 28385, 0, 
542, 1, 567, 535, -1, 323, 336, 17.5, 25, MSpaapapa, 196, 28132, 21605, 768, , 28132, 25000, 28062, 28347, 0, 
543, 1, 85, 540, -1, 348, 219, 16.0, 21, MSaapaaap, 297, 29237, 11227, 384, , 29237, 25000, 29832, 29275, 0, 
544, 1, 554, 594, -1, 141, 243, 9.5, 25, ABalaapaapa, 192, 27768, 21326, 768, , 27768, 25000, 28382, 28085, 0, 
545, 0, 484, -1, -1, 450, 277, 11.5, 22, , 304, -1199, 13976, 512, , 27297, 25000, 28252, 28496, 0, 
546, 1, 521, 517, -1, 321, 340, 10.7, 24, Dpaaa, 285, 27943, 19672, 704, , 27943, 25000, 29354, 29304, 0, 
547, 1, 541, 545, -1, 351, 292, 21.7, 24, MSaaapapp, 169, 27040, 19036, 704, , 27040, 25000, 28179, 28078, 0, 
548, 1, 525, 251, -1, 224, 186, 16.8, 19, MSapaaaa, 96, 30389, 8752, 288, , 30389, 25000, 28123, 28145, 0, 
549, 1, 581, 300, -1, 303, 162, 12.9, 22, ABplpapaapp, 78, 28287, 13125, 464, , 28287, 25000, 28226, 28311, 0, 
550, 1, 436, 547, -1, 528, 181, 7.4, 26, ABprppppppa, 72, 30244, 25163, 832, , 30244, 25000, 32663, 32978, 0, 
551, 1, 556, 430, -1, 290, 323, 18.6, 22, MSpaapaaa, 136, 30274, 17317, 572, , 30274, 25000, 28576, 28734, 0, 
552, 1, 443, 402, -1, 152, 233, 20.05, 22, ABalapappap, -30, 27923, 11616, 416, , 27923, 25000, 27703, 27990, 0, 
553, 1, 557, 552, -1, 529, 217, 26.0, 31, Cpaapp, 313, 29370, 46405, 1580, , 29370, 25000, 28756, 28828, 0, 
554, 1, 558, 553, -1, 302, 172, 15.0, 22, MSappapp, 153, 27336, 10497, 384, , 27336, 25000, 28295, 28502, 0, 
555, 1, 559, 554, -1, 286, 328, 11.0, 24, MSppppaa, 578, 28551, 17359, 608, , 28551, 25000, 28089, 28182, 0, 
556, 1, 560, 555, -1, 186, 331, 18.0, 24, ABarpapaapp, 210, 26548, 16141, 608, , 26548, 25000, 27104, 27201, 0, 
557, 1, 562, 556, -1, 405, 223, 11.0, 22, ABplpapappp, 236, 26453, 10158, 384, , 26453, 25000, 28831, 29451, 0, 
558, 1, 563, 428, -1, 288, 254, 22.0, 22, MSaaapaap, -72, 27557, 10582, 384, , 27557, 25000, 28002, 28278, 0, 
559, 1, 411, 558, -1, 432, 214, 19.0, 26, MSaapppp, 216, 29778, 25371, 852, , 29778, 25000, 28113, 28152, 0, 
560, 1, 536, 559, -1, 211, 157, 18.0, 22, ABalapaapaa, 222, 26711, 10257, 384, , 26711, 25000, 27981, 27821, 0, 
561, 1, 564, 560, -1, 480, 208, 20.0, 24, MSappaap, 207, 27332, 16618, 608, , 27332, 25000, 28250, 28452, 0, 
562, 1, 565, 561, -1, 283, 258, 23.0, 22, MSapppap, -72, 27560, 10583, 384, , 27560, 25000, 27970, 28055, 0, 
563, 1, 568, 562, -1, 300, 286, 10.0, 22, MSpppapp, 134, 28982, 11129, 384, , 28982, 25000, 28983, 28907, 0, 
564, 1, 569, 563, -1, 292, 301, 25.0, 23, MSappaaa, 176, 36391, 18632, 512, , 36391, 25000, 30756, 30759, 0, 
565, 1, 570, 564, -1, 345, 366, 19.0, 24, Dpppaa, 175, 29475, 17921, 608, , 29475, 25000, 28201, 28223, 0, 
566, 1, 571, 565, -1, 363, 193, 21.0, 24, Dapaa, 191, 28933, 17591, 608, , 28933, 25000, 28630, 28747, 0, 
567, 1, 572, 567, -1, 426, 314, 23.0, 27, Dappap, 218, 28795, 29716, 1032, , 28795, 25000, 28377, 28377, 0, 
568, 1, 573, 568, -1, 499, 181, 9.0, 22, Caapaa, -59, 28711, 11025, 384, , 28711, 25000, 28833, 28763, 0, 
569, 1, 575, 569, -1, 323, 270, 5.0, 27, ABpraapppa, 260, 36494, 37662, 1032, , 36494, 25000, 37427, 37399, 0, 
570, 1, 576, 570, -1, 273, 266, 7.0, 22, ABprpaapppa, 12, 27451, 10541, 384, , 27451, 25000, 32758, 34215, 0, 
571, 1, 577, 571, -1, 243, 243, 6.0, 22, ABalaapappp, 28, 38398, 14745, 384, , 38398, 25000, 36424, 36786, 0, 
572, 1, 561, 100, -1, 297, 220, 8.4, 23, ABprpapaaaa, 198, 30563, 19560, 640, , 30563, 25000, 30116, 31027, 0, 
573, 1, 578, 573, -1, 271, 186, 9.0, 22, ABprpappaaa, 316, 27794, 10673, 384, , 27794, 25000, 28859, 29097, 0, 
574, 1, 579, 539, -1, 352, 205, 10.0, 25, ABplpappaap, 152, 28759, 21972, 764, , 28759, 25000, 29229, 29275, 0, 
575, 1, 580, 574, -1, 509, 159, 7.0, 24, ABprpppapap, 4, 32086, 19508, 608, , 32086, 25000, 32989, 33994, 0, 
576, 1, 582, 576, -1, 201, 292, 9.0, 22, ABalaapppaa, 127, 27859, 10698, 384, , 27859, 25000, 29241, 28742, 0, 
577, 0, 508, -1, -1, 330, 379, 25.0, 29, , 224, 771, 33524, 1156, , 29000, 25000, 28182, 28229, 0, 
578, 1, 299, 580, -1, 129, 317, 17.0, 24, ABarpaaapap, 222, 29567, 17977, 608, , 29567, 25000, 27585, 27663, 0, 
579, 1, 583, 581, -1, 200, 214, 5.0, 22, ABalaapappa, 326, 52643, 20215, 384, , 52643, 25000, 44047, 44236, 0, 
580, 1, 584, 582, -1, 169, 253, 6.0, 22, ABalaappapp, 228, 42180, 16197, 384, , 42180, 25000, 41485, 42642, 0, 
581, 1, 585, 583, -1, 167, 278, 7.0, 20, ABalaappapa, 0, 28975, 9156, 316, , 28975, 25000, 33953, 34653, 0, 
582, 1, 586, 584, -1, 162, 296, 20.0, 23, ABalapppapa, 187, 29656, 15184, 512, , 29656, 25000, 28333, 28380, 0, 
583, 1, 587, 585, -1, 166, 317, 16.0, 22, ABalapppppp, 134, 28461, 10929, 384, , 28461, 25000, 27712, 27465, 0, 
584, 1, 588, 586, -1, 175, 313, 21.0, 22, ABalapppapp, -14, 27885, 10708, 384, , 27885, 25000, 28770, 28472, 0, 
585, 1, 589, 587, -1, 150, 277, 14.0, 24, ABalappappa, 114, 29688, 18050, 608, , 29688, 25000, 28559, 28580, 0, 
586, 1, 590, 588, -1, 158, 312, 14.0, 22, ABalappappp, 287, 28086, 10785, 384, , 28086, 25000, 27650, 27602, 0, 
587, 1, 591, 589, -1, 162, 268, 11.0, 23, ABalaappppa, 266, 26943, 13795, 512, , 26943, 25000, 28729, 28547, 0, 
588, 1, 592, 363, -1, 150, 246, 16.0, 22, ABalapppaaa, 341, 27224, 10454, 384, , 27224, 25000, 27612, 27726, 0, 
589, 1, 593, 591, -1, 129, 246, 18.0, 22, ABalappaap, -733, 28201, 10829, 384, , 28201, 25000, 28546, 28611, 0, 
590, 1, 594, 527, -1, 153, 268, 8.233334, 24, ABalaaapprr, -14, 29529, 19371, 656, , 29529, 25000, 29556, 29794, 0, 
591, 1, 595, 196, -1, 173, 153, 15.5, 22, ABalppaaapa, 437, 28781, 14736, 512, , 28781, 25000, 27975, 28218, 0, 
592, 0, 596, -1, -1, 170, 210, 22.0, 23, , 91, -1152, 11815, 428, , 27605, 25000, 28689, 28757, 0, 
593, 1, 597, 595, -1, 154, 267, 21.0, 22, ABalapapapa, -370, 26542, 10192, 384, , 26542, 25000, 27708, 27729, 0, 
594, 0, 598, -1, -1, 273, 231, 19.066668, 22, , 188, 687, 14224, 496, , 28677, 25000, 27753, 27990, 0, 
595, 1, 599, 548, -1, 231, 196, 24.0, 22, ABalpppappp, -18, 30120, 11566, 384, , 30120, 25000, 28988, 28727, 0, 
596, 1, 53, 596, -1, 212, 167, 10.0, 22, ABalppaappa, 174, 27487, 10555, 384, , 27487, 25000, 28969, 28952, 0, 
597, 1, 49, 597, -1, 157, 222, 24.0, 23, ABalapapppp, 175, 27492, 14076, 512, , 27492, 25000, 28369, 28479, 0, 
598, 1, 601, 598, -1, 497, 233, 13.0, 24, ABprpappppa, 259, 28028, 17041, 608, , 28028, 25000, 28302, 28150, 0, 
599, 1, 602, 599, -1, 175, 180, 18.0, 22, ABalapaappa, 156, 27740, 10652, 384, , 27740, 25000, 28433, 28337, 0, 
600, 1, 603, 600, -1, 225, 201, 13.0, 22, ABalpaaaapa, 175, 29292, 11248, 384, , 29292, 25000, 27718, 27726, 0, 
601, 1, 604, 601, -1, 198, 162, 12.0, 20, ABalppapaap, 222, 28753, 9086, 316, , 28753, 25000, 28411, 29039, 0, 
602, 1, 605, 602, -1, 188, 335, 15.0, 20, ABalapppppa, 0, 28209, 8914, 316, , 28209, 25000, 27891, 27736, 0, 
603, 1, 606, 603, -1, 235, 279, 23.0, 23, MSaaapaaa, 214, 28559, 14622, 512, , 28559, 25000, 29035, 29077, 0, 
604, 1, 607, 604, -1, 153, 291, 16.0, 22, ABalappppap, -308, 27711, 10641, 384, , 27711, 25000, 27760, 27378, 0, 
605, 0, 608, -1, -1, 184, 323, 17.0, 22, , 134, -1349, 12151, 464, , 26188, 25000, 27834, 27537, 0, 
606, 1, 609, 606, -1, 171, 298, 11.0, 21, ABalappapaa, 171, 28797, 11058, 384, , 28797, 25000, 28457, 28250, 0, 
607, 1, 610, 607, -1, 380, 294, 24.0, 24, Dappaa, 0, 28219, 17157, 608, , 28219, 25000, 28552, 28695, 0, 
608, 1, 611, 608, -1, 294, 188, 19.0, 22, MSapppaa, 117, 30505, 11714, 384, , 30505, 25000, 28792, 28751, 0, 
609, 1, 546, 609, -1, 138, 275, 17.0, 24, ABalapppaap, 25, 27873, 16947, 608, , 27873, 25000, 28025, 28261, 0, 
