1, 1, 498, 378, -1, 240, 298, 25.0, 26, MSappppa, 259, 27576, 23495, 852, , 27576, 25000, 28298, 28439, 0, 
2, 1, 423, 80, -1, 119, 298, 14.9, 26, ABpraapaaap, 220, 28208, 22566, 800, , 28208, 25000, 27549, 27520, 0, 
3, 1, 268, 496, -1, 460, 251, 6.3, 29, ABprpppaaap, 297, 30176, 32228, 1068, , 30176, 25000, 33702, 34613, 0, 
4, 1, 458, 241, -1, 343, 318, 11.5, 23, MSpapaapa, 187, 32582, 20592, 632, , 32582, 25000, 30359, 30661, 0, 
5, 1, 237, 482, -1, 447, 227, 7.9, 22, ABprpppaaaa, 184, 29011, 13461, 464, , 29011, 25000, 29399, 29440, 0, 
6, 1, 330, 184, -1, 257, 341, 11.9, 24, ABpraapapaa, 198, 26863, 16225, 604, , 26863, 25000, 27870, 28200, 0, 
7, 0, 331, -1, -1, 179, 288, 22.2, 22, , 180, 2188, 14840, 496, , 29919, 25000, 27771, 27731, 0, 
8, 1, 344, 160, -1, 460, 159, 21.3, 27, ABplappapp, -76, 26937, 24890, 924, , 26937, 25000, 28155, 28263, 0, 
9, 1, 463, 37, -1, 362, 301, 8.7, 23, MSpapppaa, 195, 27640, 16363, 592, , 27640, 25000, 30196, 30265, 0, 
10, 1, 244, 354, -1, 558, 192, 7.7, 26, ABprappppp, 326, 29458, 25216, 856, , 29458, 25000, 30417, 30724, 0, 
11, 1, 356, 165, -1, 346, 340, 6.0, 28, ABpraapppp, 277, 34292, 38681, 1128, , 34292, 25000, 36947, 36935, 0, 
12, 1, 134, 436, -1, 510, 127, 17.9, 23, ABplapppaaa, -193, 27911, 13844, 496, , 27911, 25000, 28529, 28507, 0, 
13, 1, 368, 142, -1, 447, 282, 7.2, 23, ABprppapapp, -16, 28867, 15588, 540, , 28867, 25000, 30790, 31199, 0, 
14, 1, 183, 205, -1, 428, 239, 10.3, 24, ABprppaappp, -94, 28801, 20276, 704, , 28801, 25000, 29210, 28983, 0, 
15, 1, 106, 282, -1, 263, 225, 12.2, 24, ABarapaaapp, 203, 26491, 17378, 656, , 26491, 25000, 28622, 28368, 0, 
16, 1, 137, 21, -1, 272, 346, 22.4, 24, MSpaaaaap, 192, 29391, 20574, 700, , 29391, 25000, 27974, 27926, 0, 
17, 1, 96, 83, -1, 389, 272, 8.2, 23, ABprppapaaa, 228, 29480, 15919, 540, , 29480, 25000, 29860, 29745, 0, 
18, 1, 202, 227, -1, 373, 232, 11.0, 24, ABprppaappa, 117, 27324, 16613, 608, , 27324, 25000, 28729, 28517, 0, 
19, 0, 201, -1, -1, 84, 264, 16.0, 24, , 457, 1662, 17938, 608, , 29503, 25000, 27885, 27841, 0, 
20, 1, 523, 477, -1, 304, 182, 7.9, 22, ABprpappaap, 207, 30994, 14381, 464, , 30994, 25000, 30800, 30740, 0, 
21, 1, 148, 200, -1, 268, 211, 24.2, 24, ABplaapappa, 251, 29595, 19414, 656, , 29595, 25000, 28846, 29002, 0, 
22, 1, 238, 342, -1, 143, 165, 14.9, 23, ABalaaaalpa, 187, 26107, 12949, 496, , 26107, 25000, 26936, 26857, 0, 
23, 1, 187, 29, -1, 462, 342, 7.0, 26, ABprappaap, 99, 29140, 24827, 852, , 29140, 25000, 32701, 32711, 0, 
24, 1, 228, 201, -1, 270, 171, 21.5, 24, ABalpppppap, 245, 28126, 21601, 768, , 28126, 25000, 29017, 29075, 0, 
25, 1, 410, 392, -1, 288, 349, 19.7, 26, MSpaaappa, 247, 29355, 25128, 856, , 29355, 25000, 27772, 27978, 0, 
26, 1, 36, 169, -1, 359, 367, 10.4, 24, ABprapaaapp, 58, 28319, 19823, 700, , 28319, 25000, 29059, 29007, 0, 
27, 1, 63, 82, -1, 271, 299, 21.6, 24, MSaaaaapp, 201, 27687, 19381, 700, , 27687, 25000, 29073, 28981, 0, 
28, 1, 16, 394, -1, 214, 208, 26.3, 27, ABplaaappa, 23, 29197, 26978, 924, , 29197, 25000, 28768, 28827, 0, 
29, 1, 459, 361, -1, 366, 238, 24.9, 26, ABarppaapp, 244, 29369, 23495, 800, , 29369, 25000, 29058, 29052, 0, 
30, 1, 476, 408, -1, 269, 354, 8.0, 24, ABpraaapppa, 210, 31046, 18876, 608, , 31046, 25000, 29902, 29975, 0, 
31, 1, 252, 36, -1, 359, 252, 5.5, 26, ABprapaapa, 107, 36122, 32365, 896, , 36122, 25000, 36306, 36981, 0, 
32, 1, 114, 16, -1, 152, 294, 24.6, 25, ABplaaaapa, 256, 27709, 23054, 832, , 27709, 25000, 28248, 28260, 0, 
33, 1, 217, 226, -1, 417, 292, 8.5, 22, ABprppapaap, 208, 28822, 14757, 512, , 28822, 25000, 28482, 28453, 0, 
34, 1, 69, 221, -1, 420, 318, 15.2, 30, Earpa, 305, 28907, 38157, 1320, , 28907, 25000, 29584, 29595, 0, 
35, 1, 406, 485, -1, 146, 252, 12.2, 24, ABalaaapprl, 183, 26808, 17586, 656, , 26808, 25000, 28672, 28831, 0, 
36, 1, 181, 336, -1, 237, 264, 8.0, 25, ABprpaaappa, 239, 30009, 22927, 764, , 30009, 25000, 30500, 29276, 0, 
37, 1, 280, 207, -1, 483, 140, 12.3, 23, ABplpppapaa, 188, 27037, 16006, 592, , 27037, 25000, 28305, 28253, 0, 
38, 1, 153, 24, -1, 224, 311, 16.8, 24, ABaraappapa, 247, 27806, 18241, 656, , 27806, 25000, 29103, 29065, 0, 
39, 1, 161, 439, -1, 376, 208, 14.4, 24, ABplppappaa, 136, 29479, 20635, 700, , 29479, 25000, 28582, 28788, 0, 
40, 1, 324, 126, -1, 368, 149, 13.3, 24, ABplapaapa, 228, 28068, 19760, 704, , 28068, 25000, 28424, 28242, 0, 
41, 1, 197, 103, -1, 238, 150, 10.2, 24, ABalppapapp, 231, 28997, 19022, 656, , 28997, 25000, 28398, 28289, 0, 
42, 1, 532, 471, -1, 341, 234, 8.6, 22, ABprpapapap, 465, 29427, 16832, 572, , 29427, 25000, 28994, 29334, 0, 
43, 1, 310, 58, -1, 173, 223, 21.9, 24, ABalapapppa, 160, 26646, 16094, 604, , 26646, 25000, 28482, 28560, 0, 
44, 1, 421, 384, -1, 556, 270, 15.6, 28, Eprpa, 253, 28096, 27759, 988, , 28096, 25000, 29181, 29171, 0, 
45, 1, 115, 292, -1, 497, 153, 15.1, 24, ABplpppaapa, 209, 28387, 17146, 604, , 28387, 25000, 28529, 28844, 0, 
46, 1, 128, 107, -1, 218, 158, 17.0, 25, ABplpaaaaaa, 171, 29538, 22567, 764, , 29538, 25000, 28209, 28103, 0, 
47, 0, 232, -1, -1, 259, 270, 20.9, 24, , 231, 1611, 18123, 604, , 30005, 25000, 28554, 28394, 0, 
48, 1, 89, 276, -1, 185, 169, 13.7, 22, ABalppapaaa, 519, 28916, 15152, 524, , 28916, 25000, 28208, 28439, 0, 
49, 1, 98, 248, -1, 489, 316, 6.3, 26, ABprappapp, 330, 31681, 27119, 856, , 31681, 25000, 34943, 34900, 0, 
50, 1, 278, 570, -1, 428, 338, 18.4, 32, Earap, 318, 29350, 43556, 1484, , 29350, 25000, 29594, 29633, 0, 
51, 1, 177, 186, -1, 180, 186, 22.9, 25, ABplaapaapa, 288, 28060, 19305, 688, , 28060, 25000, 28388, 28347, 0, 
52, 1, 22, 78, -1, 168, 321, 24.4, 25, ABplaaaapp, 147, 28952, 24088, 832, , 28952, 25000, 28152, 28281, 0, 
53, 1, 104, 75, -1, 534, 158, 18.6, 25, Cappapp, 6, 27909, 23220, 832, , 27909, 25000, 28852, 28874, 0, 
54, 1, 86, 391, -1, 420, 343, 7.3, 26, ABprappaaa, 263, 28473, 24373, 856, , 28473, 25000, 30122, 30334, 0, 
55, 1, 253, 467, -1, 302, 141, 19.7, 25, ABplpaapaap, 223, 28823, 22021, 764, , 28823, 25000, 28657, 28378, 0, 
56, 1, 27, 251, -1, 353, 335, 20.6, 26, MSpaaapap, 175, 28861, 24012, 832, , 28861, 25000, 28929, 28808, 0, 
57, 1, 230, 369, -1, 520, 194, 10.1, 23, Cpppppv, 231, 26974, 13379, 496, , 26974, 25000, 28905, 28965, 0, 
58, 1, 381, 349, -1, 588, 196, 19.1, 28, Capppap, 267, 28615, 31133, 1088, , 28615, 25000, 29588, 29588, 0, 
59, 1, 58, 120, -1, 209, 304, 7.1, 23, ABpraaaapav, 232, 28815, 14292, 496, , 28815, 25000, 32011, 32022, 0, 
60, 1, 205, 417, -1, 366, 276, 11.5, 22, MSpapapap, 207, 41281, 21136, 512, , 41281, 25000, 32627, 32436, 0, 
61, 1, 1, 149, -1, 329, 146, 14.6, 23, ABplppaapap, -217, 26806, 17156, 640, , 26806, 25000, 29119, 29070, 0, 
62, 1, 113, 18, -1, 231, 262, 21.3, 25, ABaraapaapa, 232, 28208, 21551, 764, , 28208, 25000, 28000, 28075, 0, 
63, 1, 366, 209, -1, 329, 185, 23.6, 27, ABplapaaapa, -30, 28968, 28620, 988, , 28968, 25000, 29123, 29108, 0, 
64, 1, 70, 318, -1, 260, 172, 24.8, 26, ABplaapappp, 261, 27864, 22180, 796, , 27864, 25000, 29356, 29412, 0, 
65, 1, 334, 414, -1, 173, 243, 8.9, 24, ABarapppaaa, 175, 27680, 16719, 604, , 27680, 25000, 28756, 28773, 0, 
66, 1, 141, 404, -1, 290, 282, 21.9, 24, ABaraapaapp, 213, 28180, 17021, 604, , 28180, 25000, 28215, 28270, 0, 
67, 0, 477, -1, -1, 214, 313, 10.8, 22, , 178, 1624, 14731, 496, , 29700, 25000, 28244, 28076, 0, 
68, 1, 117, 519, -1, 181, 228, 13.7, 23, ABaraaappaa, 232, 26961, 15961, 592, , 26961, 25000, 27924, 28137, 0, 
69, 1, 221, 433, -1, 241, 365, 10.4, 25, ABpraapappp, 326, 27377, 22778, 832, , 27377, 25000, 28249, 28379, 0, 
70, 1, 259, 77, -1, 183, 247, 24.9, 24, ABplaaaaapp, 232, 27889, 16845, 604, , 27889, 25000, 28333, 28378, 0, 
71, 1, 157, 293, -1, 530, 313, 10.0, 25, Cppaapp, 229, 28200, 21545, 764, , 28200, 25000, 29586, 29595, 0, 
72, 0, 455, -1, -1, 216, 161, 13.0, 22, , 185, -1010, 10477, 384, , 27284, 25000, 28362, 28294, 0, 
73, 1, 453, 31, -1, 474, 336, 17.4, 29, Epraa, 278, 28290, 32703, 1156, , 28290, 25000, 29286, 29284, 0, 
74, 1, 118, 144, -1, 363, 226, 18.1, 25, MSaapapa, 237, 48491, 33362, 688, , 48491, 25000, 31681, 31659, 0, 
75, 1, 291, 145, -1, 474, 134, 20.1, 28, ABplapapap, 243, 27699, 30137, 1088, , 27699, 25000, 28136, 28112, 0, 
76, 1, 37, 371, -1, 209, 275, 8.2, 23, ABprpaaaaaa, -217, 28400, 15336, 540, , 28400, 25000, 29435, 29707, 0, 
77, 0, 97, -1, -1, 202, 161, 10.7, 27, , 192, 1124, 26994, 924, , 29214, 25000, 28278, 28090, 0, 
78, 1, 285, 434, -1, 200, 220, 17.9, 23, ABalpaapaaa, -58, 26917, 13351, 496, , 26917, 25000, 28325, 28455, 0, 
79, 0, 249, -1, -1, 190, 216, 5.8, 22, , 184, 3935, 22342, 496, , 45044, 25000, 40386, 41109, 0, 
80, 1, 303, 360, -1, 483, 156, 18.2, 23, Capappp, 367, 27907, 15070, 540, , 27907, 25000, 28865, 29025, 0, 
81, 0, 103, -1, -1, 596, 234, 10.1, 22, , 173, -1297, 12439, 464, , 26808, 25000, 28066, 28105, 0, 
82, 0, 62, -1, -1, 345, 137, 11.3, 23, , -62, 324, 16953, 592, , 28637, 25000, 28304, 28313, 0, 
83, 1, 105, 194, -1, 506, 182, 21.2, 23, Capaapp, 188, 28617, 15453, 540, , 28617, 25000, 29233, 29289, 0, 
84, 1, 326, 13, -1, 318, 344, 14.4, 25, ABaraapppap, 244, 28194, 23457, 832, , 28194, 25000, 28059, 28205, 0, 
85, 1, 399, 11, -1, 160, 202, 16.4, 23, ABalaaaalar, 13, 28014, 17929, 640, , 28014, 25000, 28285, 28444, 0, 
86, 1, 267, 85, -1, 387, 242, 9.2, 23, ABarappappa, 196, 29539, 15951, 540, , 29539, 25000, 29337, 29391, 0, 
87, 0, 396, -1, -1, 215, 312, 19.5, 22, , 206, -715, 14731, 512, , 28771, 25000, 28949, 29486, 0, 
88, 1, 204, 138, -1, 407, 242, 8.3, 22, ABprpaaaapp, 198, 30359, 15908, 524, , 30359, 25000, 28940, 28921, 0, 
89, 1, 257, 420, -1, 499, 273, 11.2, 23, ABprpppppaa, 62, 28737, 15518, 540, , 28737, 25000, 28981, 29030, 0, 
90, 1, 7, 470, -1, 336, 377, 15.4, 25, Dpaap, 220, 28819, 23977, 832, , 28819, 25000, 28604, 28599, 0, 
91, 1, 3, 344, -1, 222, 243, 13.2, 24, ABarapaaaaa, 61, 29777, 19534, 656, , 29777, 25000, 28315, 28307, 0, 
92, 1, 182, 183, -1, 268, 287, 10.9, 23, ABarapappaa, -319, 30649, 15202, 496, , 30649, 25000, 28312, 28401, 0, 
93, 1, 162, 217, -1, 404, 256, 11.8, 23, ABprppappaa, -99, 28235, 15247, 540, , 28235, 25000, 28932, 28739, 0, 
94, 1, 339, 67, -1, 110, 249, 20.3, 24, ABarpaaaaal, 219, 28321, 19938, 704, , 28321, 25000, 28743, 28803, 0, 
95, 1, 101, 456, -1, 496, 126, 13.5, 22, ABplpppaapp, 88, 27514, 14087, 512, , 27514, 25000, 27726, 27735, 0, 
96, 1, 319, 156, -1, 261, 256, 8.3, 23, ABprpaaappp, 547, 29453, 17436, 592, , 29453, 25000, 29091, 28876, 0, 
97, 0, 212, -1, -1, 230, 231, 24.3, 23, , 182, 1120, 17744, 592, , 29973, 25000, 28757, 28853, 0, 
98, 0, 265, -1, -1, 122, 294, 21.5, 27, , 206, 1360, 26338, 896, , 29395, 25000, 28151, 28035, 0, 
99, 1, 376, 239, -1, 467, 227, 18.4, 31, Z3, 306, 27773, 36994, 1332, , 27773, 25000, 28273, 28164, 0, 
100, 1, 361, 115, -1, 454, 388, 9.3, 27, ABprappapa, 264, 28558, 26388, 924, , 28558, 25000, 28263, 28268, 0, 
101, 0, 290, -1, -1, 158, 291, 12.3, 23, , 192, -222, 16397, 592, , 27698, 25000, 27970, 27920, 0, 
102, 1, 533, 56, -1, 355, 295, 21.4, 23, MSaaapapp, 164, 28413, 18184, 640, , 28413, 25000, 28345, 28078, 0, 
103, 1, 51, 256, -1, 293, 193, 21.7, 25, ABplaapapaa, 181, 28335, 21648, 764, , 28335, 25000, 28253, 28402, 0, 
104, 0, 495, -1, -1, 234, 179, 23.3, 22, , 158, -2014, 14291, 524, , 27273, 25000, 29179, 29287, 0, 
105, 1, 247, 229, -1, 173, 313, 11.4, 24, ABpraapaapa, 106, 27780, 19446, 700, , 27780, 25000, 28410, 28474, 0, 
106, 1, 355, 151, -1, 478, 289, 8.7, 23, MSpappap, 398, 27851, 16488, 592, , 27851, 25000, 29399, 29403, 0, 
107, 0, 377, -1, -1, 206, 341, 11.9, 22, , 188, 2224, 14083, 464, , 30351, 25000, 28368, 28127, 0, 
108, 1, 342, 39, -1, 207, 287, 17.6, 24, ABaraappaap, 119, 29667, 20767, 700, , 29667, 25000, 28218, 28328, 0, 
109, 1, 59, 129, -1, 273, 210, 19.8, 24, ABalpapppaa, 48, 27276, 17893, 656, , 27276, 25000, 27693, 27569, 0, 
110, 1, 172, 451, -1, 238, 119, 16.0, 23, ABplpaapapp, 202, 26969, 13808, 512, , 26969, 25000, 27426, 27144, 0, 
111, 1, 402, 155, -1, 428, 269, 8.8, 23, ABprppapapa, 175, 28076, 15161, 540, , 28076, 25000, 28797, 28843, 0, 
112, 1, 188, 111, -1, 174, 321, 7.6, 25, ABprpaapapa, 224, 29050, 24170, 832, , 29050, 25000, 31518, 31523, 0, 
113, 1, 375, 299, -1, 370, 319, 11.8, 26, MSpapaapp, 223, 27343, 21765, 796, , 27343, 25000, 29647, 29741, 0, 
114, 1, 34, 6, -1, 345, 288, 13.8, 22, MSpapapaa, 192, 41290, 20480, 496, , 41290, 25000, 35164, 35139, 0, 
115, 1, 301, 122, -1, 192, 269, 10.3, 24, ABarappppaa, 201, 26820, 18881, 704, , 26820, 25000, 28221, 28283, 0, 
116, 1, 482, 68, -1, 219, 130, 16.3, 22, ABalpppapad, 204, 27489, 14404, 524, , 27489, 25000, 28359, 28365, 0, 
117, 1, 297, 100, -1, 249, 329, 22.6, 26, MSpaaaaaa, 232, 27969, 23270, 832, , 27969, 25000, 28736, 28734, 0, 
118, 1, 66, 258, -1, 325, 365, 9.8, 26, ABprapaaapa, 231, 28088, 22358, 796, , 28088, 25000, 28852, 28778, 0, 
119, 1, 432, 424, -1, 515, 329, 18.4, 30, Earpp, 299, 29541, 34149, 1156, , 29541, 25000, 29246, 29341, 0, 
120, 1, 45, 94, -1, 520, 222, 6.4, 24, ABprpppaapp, 246, 32726, 22908, 700, , 32726, 25000, 35802, 36353, 0, 
121, 1, 251, 163, -1, 201, 211, 22.8, 25, ABalapaaaa, 301, 27420, 19304, 704, , 27420, 25000, 27934, 28044, 0, 
122, 1, 91, 63, -1, 251, 169, 10.8, 23, ABalppapapa, 209, 29076, 15701, 540, , 29076, 25000, 28442, 28591, 0, 
123, 1, 325, 66, -1, 125, 210, 21.8, 24, ABplaapaaap, -169, 28470, 18676, 656, , 28470, 25000, 28142, 28272, 0, 
124, 0, 9, -1, -1, 325, 187, 26.3, 24, , 187, -956, 20396, 704, , 28972, 25000, 29792, 29928, 0, 
125, 1, 276, 74, -1, 500, 250, 7.6, 25, Cppappp, 194, 27112, 22557, 832, , 27112, 25000, 31503, 31310, 0, 
126, 1, 241, 231, -1, 222, 182, 19.7, 24, ABplpaapaaa, 202, 28163, 19827, 704, , 28163, 25000, 28225, 28298, 0, 
127, 1, 431, 320, -1, 276, 194, 7.5, 23, ABarappapaa, 204, 29612, 18715, 632, , 29612, 25000, 31744, 32163, 0, 
128, 1, 73, 174, -1, 186, 147, 22.1, 28, ABplpaapapa, 285, 28428, 30930, 1088, , 28428, 25000, 27745, 27763, 0, 
129, 1, 357, 246, -1, 475, 249, 9.8, 22, ABprppppaaa, -198, 27085, 13434, 496, , 27085, 25000, 29408, 29406, 0, 
130, 1, 84, 198, -1, 290, 273, 11.7, 23, ABarapappap, 141, 28188, 16687, 592, , 28188, 25000, 28365, 28400, 0, 
131, 1, 33, 98, -1, 273, 343, 16.1, 26, ABaraappapp, 244, 28400, 22720, 800, , 28400, 25000, 28011, 28063, 0, 
132, 1, 164, 125, -1, 252, 391, 16.1, 25, ABarpppaaa, 218, 27663, 19032, 688, , 27663, 25000, 28278, 28257, 0, 
133, 1, 313, 255, -1, 144, 325, 21.6, 25, ABarpaapaa, -64, 27559, 22929, 832, , 27559, 25000, 27753, 27774, 0, 
134, 1, 42, 277, -1, 202, 295, 24.4, 25, MSapappp, 250, 28784, 23948, 832, , 28784, 25000, 28046, 28099, 0, 
135, 1, 109, 158, -1, 357, 171, 9.0, 25, ABplpaaaapa, 269, 28819, 22018, 764, , 28819, 25000, 28790, 28790, 0, 
136, 1, 390, 262, -1, 288, 260, 7.5, 23, ABprppaaaaa, 221, 29509, 18650, 632, , 29509, 25000, 31577, 31725, 0, 
137, 1, 240, 102, -1, 145, 327, 13.0, 23, ABarpappaa, -49, 27105, 13878, 512, , 27105, 25000, 27501, 27646, 0, 
138, 1, 130, 47, -1, 141, 224, 11.7, 23, ABalaaaarra, 169, 27172, 16086, 592, , 27172, 25000, 28421, 28396, 0, 
139, 1, 279, 329, -1, 314, 128, 17.3, 26, ABplppaaaap, 53, 27261, 23335, 856, , 27261, 25000, 29335, 29315, 0, 
140, 1, 314, 167, -1, 408, 341, 9.6, 25, Cppaaaa, 244, 27345, 22751, 832, , 27345, 25000, 29057, 29140, 0, 
141, 1, 468, 376, -1, 195, 254, 8.2, 22, ABarappppap, 187, 30048, 14904, 496, , 30048, 25000, 29677, 29831, 0, 
142, 1, 5, 65, -1, 285, 138, 8.9, 27, ABplaappap, 277, 29416, 26710, 908, , 29416, 25000, 28098, 28155, 0, 
143, 0, 208, -1, -1, 264, 283, 9.0, 22, , 200, 1442, 11572, 384, , 30135, 25000, 28589, 28693, 0, 
144, 1, 24, 170, -1, 458, 255, 12.1, 24, MSppaapp, 272, 27091, 16363, 604, , 27091, 25000, 29151, 29175, 0, 
145, 1, 4, 117, -1, 256, 251, 13.2, 24, ABarapaaaap, 66, 29184, 19145, 656, , 29184, 25000, 28234, 28217, 0, 
146, 1, 17, 79, -1, 251, 202, 11.3, 26, ABarapapapa, 232, 29411, 25176, 856, , 29411, 25000, 28555, 28738, 0, 
147, 1, 383, 196, -1, 273, 223, 21.7, 23, ABalpaapapp, 238, 29372, 17388, 592, , 29372, 25000, 28441, 28508, 0, 
148, 1, 234, 64, -1, 268, 178, 17.5, 25, MSapapap, 289, 27007, 20741, 768, , 27007, 25000, 27894, 28067, 0, 
149, 0, 186, -1, -1, 518, 167, 6.5, 29, , 10, 85, 40021, 1080, , 37056, 25000, 35995, 36971, 0, 
150, 1, 144, 23, -1, 319, 301, 11.7, 27, ABaraappppp, 285, 27795, 25683, 924, , 27795, 25000, 29179, 29290, 0, 
151, 1, 121, 261, -1, 294, 346, 23.1, 23, MSaaaapaa, 141, 28270, 14022, 496, , 28270, 25000, 28300, 28251, 0, 
152, 1, 29, 243, -1, 493, 198, 11.7, 23, ABplpappppp, 229, 29845, 17668, 592, , 29845, 25000, 28406, 28383, 0, 
153, 1, 411, 213, -1, 322, 186, 13.5, 23, ABplpapapaa, 250, 28370, 17930, 632, , 28370, 25000, 29665, 29705, 0, 
154, 1, 248, 312, -1, 276, 358, 11.2, 24, ABpraapapap, 341, 27747, 18202, 656, , 27747, 25000, 29051, 29255, 0, 
155, 1, 48, 148, -1, 105, 254, 15.2, 25, ABpraapaaaa, 169, 28474, 20046, 704, , 28474, 25000, 28070, 28174, 0, 
156, 1, 224, 396, -1, 330, 164, 11.5, 22, ABplpapaaap, 242, 29369, 15037, 512, , 29369, 25000, 28114, 28315, 0, 
157, 1, 454, 406, -1, 159, 200, 13.4, 22, ABalpaapppa, 205, 29215, 16711, 572, , 29215, 25000, 28029, 28131, 0, 
158, 1, 461, 210, -1, 350, 250, 9.5, 22, ABprpapappa, 191, 27715, 14190, 512, , 27715, 25000, 29217, 29213, 0, 
159, 1, 337, 14, -1, 190, 340, 23.4, 26, ABarpapapp, 265, 26475, 22027, 832, , 26475, 25000, 28159, 28245, 0, 
160, 1, 196, 525, -1, 501, 318, 10.7, 26, MSpppaap, 195, 27457, 23503, 856, , 27457, 25000, 29437, 29471, 0, 
161, 1, 57, 257, -1, 321, 264, 22.5, 25, ABaraapapap, 103, 28651, 22004, 768, , 28651, 25000, 28977, 29145, 0, 
162, 1, 218, 2, -1, 474, 121, 16.4, 27, ABplapappa, 230, 28400, 28059, 988, , 28400, 25000, 28217, 28217, 0, 
163, 1, 408, 509, -1, 176, 289, 14.9, 22, ABalappapap, 146, 27662, 12835, 464, , 27662, 25000, 28110, 28077, 0, 
164, 0, 179, -1, -1, 237, 182, 7.9, 23, , 175, -1703, 14312, 496, , 28855, 25000, 30131, 30558, 0, 
165, 1, 527, 560, -1, 349, 347, 17.0, 25, MSpaapapp, 224, 30586, 23368, 764, , 30586, 25000, 28233, 27978, 0, 
166, 1, 372, 33, -1, 378, 253, 14.9, 23, MSaappaa, 201, 30004, 14882, 496, , 30004, 25000, 28718, 28888, 0, 
167, 0, 308, -1, -1, 394, 159, 12.6, 22, , 258, 15, 15763, 572, , 27558, 25000, 27556, 27543, 0, 
168, 1, 429, 431, -1, 314, 155, 25.5, 27, ABarppaaap, 268, 27874, 24975, 896, , 27874, 25000, 28310, 28394, 0, 
169, 1, 124, 341, -1, 218, 171, 9.1, 22, ABalpapaaap, 202, 30026, 13932, 464, , 30026, 25000, 29571, 29766, 0, 
170, 1, 269, 25, -1, 199, 246, 19.0, 24, ABaraapaaaa, 35, 27615, 16790, 608, , 27615, 25000, 27735, 27785, 0, 
171, 1, 528, 124, -1, 237, 329, 19.4, 24, MSpaaaapa, 248, 29579, 20705, 700, , 29579, 25000, 29104, 29371, 0, 
172, 1, 12, 380, -1, 256, 133, 15.7, 25, ABplpaaapap, 271, 28401, 21698, 764, , 28401, 25000, 28385, 28462, 0, 
173, 1, 294, 179, -1, 598, 269, 15.5, 27, Cppppap, 247, 27609, 24738, 896, , 27609, 25000, 28954, 28954, 0, 
174, 1, 246, 319, -1, 239, 134, 19.0, 25, ABalpppapav, 286, 28003, 21394, 764, , 28003, 25000, 27998, 27896, 0, 
175, 1, 282, 203, -1, 517, 250, 10.3, 23, ABprpppppap, 209, 28348, 16782, 592, , 28348, 25000, 29083, 29194, 0, 
176, 0, 138, -1, -1, 521, 111, 14.3, 22, , 192, 431, 14568, 524, , 27802, 25000, 27312, 27371, 0, 
177, 1, 83, 423, -1, 166, 181, 15.4, 22, ABalaaaalal, 201, 27168, 15540, 572, , 27168, 25000, 28456, 28644, 0, 
178, 1, 317, 108, -1, 199, 326, 15.6, 26, MSppaaap, 172, 27999, 23295, 832, , 27999, 25000, 28125, 28262, 0, 
179, 1, 171, 54, -1, 496, 229, 11.0, 25, ABprppppaap, 249, 28979, 22140, 764, , 28979, 25000, 28116, 28142, 0, 
180, 1, 424, 368, -1, 176, 143, 13.6, 24, ABalppaaapa, 192, 27406, 19184, 700, , 27406, 25000, 27503, 27489, 0, 
181, 0, 173, -1, -1, 268, 299, 15.0, 24, , 433, -57, 17145, 608, , 28199, 25000, 28331, 28256, 0, 
182, 1, 298, 461, -1, 312, 273, 5.8, 25, ABprppaaaap, 239, 39859, 28061, 704, , 39859, 25000, 36031, 36138, 0, 
183, 0, 131, -1, -1, 359, 271, 19.8, 23, , 87, 2229, 16825, 540, , 31157, 25000, 28998, 28928, 0, 
184, 1, 388, 104, -1, 456, 296, 13.2, 31, Z2, 312, 27815, 40721, 1464, , 27815, 25000, 28843, 28822, 0, 
185, 1, 341, 204, -1, 606, 265, 12.4, 28, Cpappd, 281, 27006, 26682, 988, , 27006, 25000, 28003, 27973, 0, 
186, 1, 19, 367, -1, 590, 326, 13.6, 29, Caaapp, 289, 26792, 30972, 1156, , 26792, 25000, 27478, 27484, 0, 
187, 1, 107, 438, -1, 276, 398, 18.0, 27, ABarpaappp, 266, 27815, 28705, 1032, , 27815, 25000, 27415, 27465, 0, 
188, 1, 127, 143, -1, 144, 241, 21.3, 25, ABplaaaaaaa, 23, 27843, 21272, 764, , 27843, 25000, 28233, 28343, 0, 
189, 1, 146, 398, -1, 322, 219, 19.6, 24, ABaraapappa, 464, 27214, 19050, 700, , 27214, 25000, 29140, 29001, 0, 
190, 1, 307, 445, -1, 468, 405, 14.4, 27, Caaaap, 75, 28273, 27934, 988, , 28273, 25000, 28622, 28623, 0, 
191, 1, 323, 468, -1, 252, 369, 20.0, 26, MSpppppa, 191, 26546, 22617, 852, , 26546, 25000, 28628, 28794, 0, 
192, 1, 156, 121, -1, 342, 240, 13.5, 24, ABarapapapp, -2, 28059, 21549, 768, , 28059, 25000, 28735, 28623, 0, 
193, 1, 521, 105, -1, 175, 202, 18.4, 22, ABalaaapalr, 203, 27766, 15882, 572, , 27766, 25000, 28264, 28291, 0, 
194, 1, 370, 427, -1, 299, 139, 14.7, 26, ABplppaaaaa, 192, 27033, 23140, 856, , 27033, 25000, 28439, 28612, 0, 
195, 1, 38, 110, -1, 513, 170, 24.4, 30, ABplapapaa, 66, 28038, 32412, 1156, , 28038, 25000, 28107, 28098, 0, 
196, 1, 412, 202, -1, 267, 258, 26.5, 26, ABarppaaaa, 254, 28304, 25360, 896, , 28304, 25000, 29482, 29504, 0, 
197, 1, 501, 335, -1, 253, 335, 5.5, 22, ABpraaappppp, 226, 36096, 18481, 512, , 36096, 25000, 40506, 40568, 0, 
198, 0, -1, -1, -1, 247, 300, 13.1, 23, , 198, 559, 14023, 496, , 28272, 25000, 27562, 27713, 0, 
199, 1, 391, 49, -1, 388, 291, 20.9, 34, Ealaa, 344, 27657, 54651, 1976, , 27657, 25000, 28677, 28721, 0, 
200, 1, 404, 291, -1, 413, 287, 17.5, 30, Ealpa, 278, 27412, 33772, 1232, , 27412, 25000, 29025, 29026, 0, 
201, 0, 135, -1, -1, 130, 264, 19.9, 22, , 175, 602, 13710, 464, , 29547, 25000, 28783, 28945, 0, 
202, 1, 427, 199, -1, 550, 337, 8.7, 28, ABprapapaa, 265, 27939, 29727, 1064, , 27939, 25000, 28229, 28202, 0, 
203, 1, 359, 287, -1, 537, 215, 23.8, 27, Capapap, 270, 27574, 23934, 868, , 27574, 25000, 29124, 29069, 0, 
204, 1, 23, 51, -1, 572, 148, 18.8, 29, Cpapaa, 296, 26420, 29379, 1112, , 26420, 25000, 27867, 27886, 0, 
205, 1, 353, 296, -1, 389, 211, 25.5, 26, ABarppapap, 86, 28153, 25225, 896, , 28153, 25000, 28877, 28924, 0, 
206, 1, 497, 475, -1, 194, 245, 17.0, 21, ABaraaaapap, 51, 28292, 10864, 384, , 28292, 25000, 27655, 27650, 0, 
207, 1, 64, 266, -1, 310, 242, 21.3, 25, ABaraapapaa, 116, 29525, 22557, 764, , 29525, 25000, 28303, 28324, 0, 
208, 1, 65, 7, -1, 229, 206, 9.5, 26, ABarappaapa, 207, 28971, 25958, 896, , 28971, 25000, 29054, 29302, 0, 
209, 1, 53, 97, -1, 462, 135, 10.9, 24, ABplappppa, 206, 28157, 17007, 604, , 28157, 25000, 27655, 27608, 0, 
210, 1, 365, 30, -1, 108, 221, 19.1, 23, ABplaapaaaa, 68, 27117, 13450, 496, , 27117, 25000, 28064, 28012, 0, 
211, 0, -1, -1, -1, 275, 211, 14.5, 24, , 204, 918, 21916, 768, , 28536, 25000, 27764, 27618, 0, 
212, 1, 94, 507, -1, 282, 171, 12.1, 23, ABplpapaapa, 188, 28349, 14061, 496, , 28349, 25000, 28684, 28717, 0, 
213, 1, 395, 22, -1, 321, 321, 21.7, 22, MSpaaapaa, -157, 28174, 14763, 524, , 28174, 25000, 28180, 28183, 0, 
214, 0, 116, -1, -1, 258, 203, 8.4, 24, , 223, -242, 20543, 700, , 29347, 25000, 29565, 29589, 0, 
215, 1, 195, 332, -1, 261, 139, 23.1, 24, ABalpppppppa, 39, 27599, 16670, 604, , 27599, 25000, 28623, 28614, 0, 
216, 1, 43, 134, -1, 383, 282, 13.9, 23, MSpapappp, 231, 30577, 15166, 496, , 30577, 25000, 30717, 30604, 0, 
217, 1, 198, 81, -1, 481, 343, 10.2, 24, Cppaapa, 27, 28212, 18507, 656, , 28212, 25000, 29159, 29179, 0, 
218, 1, 151, 4, -1, 281, 170, 9.0, 23, ABalpapapaa, 198, 29387, 15046, 512, , 29387, 25000, 28373, 28379, 0, 
219, 1, 426, 185, -1, 444, 356, 10.5, 25, Cppaaap, 215, 29628, 22754, 768, , 29628, 25000, 29195, 29099, 0, 
220, 1, 385, 331, -1, 358, 201, 23.7, 27, ABplapaaapp, 229, 30176, 27883, 924, , 30176, 25000, 28502, 28872, 0, 
221, 1, 158, 270, -1, 163, 255, 14.2, 22, ABalaapaaal, 116, 29181, 14474, 496, , 29181, 25000, 28089, 28131, 0, 
222, 1, 112, 448, -1, 233, 210, 15.5, 26, ABalpaaaaaa, 212, 28331, 25385, 896, , 28331, 25000, 28642, 28746, 0, 
223, 1, 41, -1, -1, 514, 111, 16.1, 24, ABplapppaap, 210, 28667, 17315, 604, , 28667, 25000, 27335, 27366, 0, 
224, 1, 239, 45, -1, 195, 357, 17.3, 27, MSppappa, 222, 28431, 26270, 924, , 28431, 25000, 28045, 28167, 0, 
225, 1, 216, 89, -1, 178, 273, 24.3, 24, ABplaaaaaap, -30, 27912, 19650, 704, , 27912, 25000, 28403, 28655, 0, 
226, 1, 407, 363, -1, 468, 211, 7.0, 24, ABprppppapa, 227, 29589, 17990, 608, , 29589, 25000, 30538, 30897, 0, 
227, 1, 374, 106, -1, 317, 245, 14.2, 25, ABarapapppa, 147, 30385, 21391, 704, , 30385, 25000, 28593, 28687, 0, 
228, 1, 312, 206, -1, 470, 188, 13.9, 24, ABplppppaaa, 200, 28876, 17441, 604, , 28876, 25000, 28554, 28853, 0, 
229, 0, 154, -1, -1, 293, 383, 9.0, 22, , 149, 1569, 11599, 384, , 30206, 25000, 28637, 28637, 0, 
230, 1, 30, 224, -1, 391, 171, 20.8, 28, ABplapaapp, 132, 27554, 28987, 1052, , 27554, 25000, 27964, 27880, 0, 
231, 1, 61, 355, -1, 246, 310, 7.6, 25, ABprpaaaaap, 441, 28011, 23305, 832, , 28011, 25000, 30681, 30813, 0, 
232, 1, 52, 222, -1, 176, 273, 18.4, 28, MSaaaaaa, 196, 27591, 27260, 988, , 27591, 25000, 27888, 27976, 0, 
233, 0, 100, -1, -1, 342, 224, 5.1, 23, , 149, 6989, 22175, 496, , 44708, 25000, 37760, 37719, 0, 
234, 1, 529, 536, -1, 241, 191, 21.6, 22, ABalppppaad, 146, 27002, 15445, 572, , 27002, 25000, 29040, 29145, 0, 
235, 1, 222, 216, -1, 108, 251, 17.8, 22, ABarpaaaaar, 189, 27317, 13549, 496, , 27317, 25000, 28799, 29066, 0, 
236, 1, 354, 43, -1, 307, 383, 19.4, 26, MSpppppp, 190, 28201, 23463, 832, , 28201, 25000, 28076, 28038, 0, 
237, 1, 26, 353, -1, 447, 285, 25.3, 28, Cappaaa, 274, 28718, 30556, 1064, , 28718, 25000, 28279, 28217, 0, 
238, 0, 49, -1, -1, 228, 192, 11.5, 23, , 168, 1371, 19240, 632, , 30443, 25000, 29024, 29072, 0, 
239, 1, 462, 182, -1, 235, 200, 24.3, 25, ABalpppappp, 174, 28624, 21869, 764, , 28624, 25000, 28577, 28549, 0, 
240, 1, 80, 480, -1, 486, 322, 25.7, 27, Dapppp, 287, 29581, 27333, 924, , 29581, 25000, 29353, 29349, 0, 
241, 1, 457, 326, -1, 325, 121, 13.0, 22, ABplaapppa, 123, 29779, 11435, 384, , 29779, 25000, 26911, 26940, 0, 
242, 1, 2, 212, -1, 331, 255, 7.3, 22, ABprppaapap, 206, 29987, 15713, 524, , 29987, 25000, 31556, 31137, 0, 
243, 1, 392, 400, -1, 544, 229, 18.4, 31, Eplpa, 314, 30111, 40108, 1332, , 30111, 25000, 29808, 29882, 0, 
244, 0, 14, -1, -1, 255, 302, 18.9, 23, , 199, 1462, 15662, 496, , 31577, 25000, 30025, 30115, 0, 
245, 1, 419, 99, -1, 200, 183, 12.7, 24, ABalpapaaaa, 287, 28577, 20118, 704, , 28577, 25000, 28997, 29060, 0, 
246, 0, 534, -1, -1, 424, 322, 24.5, 31, , -16, -352, 35168, 1232, , 28545, 25000, 28800, 28897, 0, 
247, 1, 231, 177, -1, 286, 251, 12.4, 23, ABarapapppp, 194, 28845, 18461, 640, , 28845, 25000, 28406, 28237, 0, 
248, 1, 155, 157, -1, 496, 370, 13.8, 26, Cppapaa, 261, 27303, 21733, 796, , 27303, 25000, 28861, 28863, 0, 
249, 1, 299, 352, -1, 113, 217, 15.6, 23, ABalaaaparr, 202, 27411, 17543, 640, , 27411, 25000, 27895, 27863, 0, 
250, 1, 292, 313, -1, 479, 200, 25.9, 27, ABarppappa, 279, 27043, 24555, 908, , 27043, 25000, 28582, 28657, 0, 
251, 1, 320, 339, -1, 280, 319, 14.9, 22, ABaraaapapp, 174, 29455, 13667, 464, , 29455, 25000, 28110, 28080, 0, 
252, 1, 44, 141, -1, 416, 197, 21.5, 27, ABplappaaa, 215, 27967, 25058, 896, , 27967, 25000, 27877, 27998, 0, 
253, 1, 367, 274, -1, 446, 235, 22.4, 25, Capaaap, 213, 30054, 25005, 832, , 30054, 25000, 28148, 28148, 0, 
254, 1, 488, 93, -1, 396, 205, 16.9, 24, ABplppapaap, 400, 29104, 17579, 604, , 29104, 25000, 28363, 28617, 0, 
255, 1, 254, 450, -1, 326, 395, 20.8, 30, ABarppaapa, 307, 28708, 37895, 1320, , 28708, 25000, 28038, 27946, 0, 
256, 1, 460, 330, -1, 236, 222, 20.6, 24, ABalpaaapaa, 216, 27894, 19526, 700, , 27894, 25000, 27941, 27941, 0, 
257, 1, 31, 73, -1, 196, 171, 17.5, 24, ABalppappaa, 397, 27777, 21333, 768, , 27777, 25000, 28173, 28206, 0, 
258, 1, 210, 365, -1, 218, 144, 14.0, 22, ABplpaaapaa, -89, 28143, 10807, 384, , 28143, 25000, 29018, 29508, 0, 
259, 1, 315, 381, -1, 272, 153, 14.8, 24, ABplpaaappp, 202, 27273, 17891, 656, , 27273, 25000, 28527, 28607, 0, 
260, 1, 414, 147, -1, 337, 312, 19.3, 23, MSaaaappp, 217, 28461, 16849, 592, , 28461, 25000, 28573, 28543, 0, 
261, 0, -1, -1, -1, 356, 199, 9.5, 22, , 176, 1637, 15847, 512, , 30951, 25000, 29276, 29314, 0, 
262, 1, 493, 132, -1, 198, 265, 15.6, 26, ABaraaapaaa, 118, 28690, 23870, 832, , 28690, 25000, 27601, 27644, 0, 
263, 1, 163, 234, -1, 194, 337, 20.2, 26, MSppappp, 245, 29989, 23871, 796, , 29989, 25000, 28345, 28541, 0, 
264, 0, 214, -1, -1, 291, 231, 17.2, 23, , -139, 1327, 16183, 540, , 29969, 25000, 28473, 28642, 0, 
265, 1, 263, 411, -1, 526, 294, 21.3, 33, Ealpp, -33, 27616, 47941, 1736, , 27616, 25000, 28863, 28987, 0, 
266, 1, 258, 300, -1, 383, 331, 6.4, 27, ABprapaapp, 238, 32475, 32085, 988, , 32475, 25000, 34180, 34149, 0, 
267, 1, 92, 192, -1, 323, 208, 9.2, 23, ABprpappapa, 225, 27906, 15069, 540, , 27906, 25000, 28097, 28188, 0, 
268, 1, 491, 87, -1, 374, 343, 21.9, 24, MSaaappp, 143, 28783, 17385, 604, , 28783, 25000, 28817, 28927, 0, 
269, 1, 311, 397, -1, 506, 287, 5.3, 26, ABprapapap, 261, 41459, 35489, 856, , 41459, 25000, 38574, 38510, 0, 
270, 1, 288, 9, -1, 432, 216, 25.9, 30, ABplappapa, 286, 27263, 36968, 1356, , 27263, 25000, 28290, 28298, 0, 
271, 0, 262, -1, -1, 269, 240, 19.6, 22, , 137, 437, 16334, 572, , 28556, 25000, 28194, 28119, 0, 
272, 1, 434, 154, -1, 549, 257, 7.7, 24, ABprapppaaa, 188, 28957, 20386, 704, , 28957, 25000, 30618, 30812, 0, 
273, 1, 472, 289, -1, 259, 202, 15.9, 23, ABalpaaaaap, -89, 27571, 13675, 496, , 27571, 25000, 28062, 27915, 0, 
274, 1, 564, 325, -1, 363, 202, 21.2, 24, Dapaa, 195, 27159, 17816, 656, , 27159, 25000, 29413, 29406, 0, 
275, 1, 150, 268, -1, 271, 142, 11.6, 22, ABplpaapppp, 176, 26809, 15335, 572, , 26809, 25000, 28035, 28242, 0, 
276, 1, 275, 240, -1, 417, 222, 14.1, 24, ABplppapppa, 224, 26841, 16212, 604, , 26841, 25000, 28611, 28639, 0, 
277, 1, 503, 219, -1, 480, 271, 27.5, 30, Cpaapa, 300, 28519, 35135, 1232, , 28519, 25000, 28281, 28297, 0, 
278, 1, 364, 220, -1, 333, 229, 10.1, 23, ABprpapapaa, 236, 26978, 13381, 496, , 26978, 25000, 28257, 28181, 0, 
279, 1, 236, 275, -1, 572, 251, 7.5, 22, ABprapppaap, 216, 29979, 15349, 512, , 29979, 25000, 30740, 31002, 0, 
280, 1, 192, 327, -1, 550, 268, 19.3, 33, Eplap, 335, 28441, 49374, 1736, , 28441, 25000, 29689, 29772, 0, 
281, 1, 302, 487, -1, 290, 292, 13.7, 22, ABarapaappp, 169, 26947, 14120, 524, , 26947, 25000, 28743, 28818, 0, 
282, 0, 349, -1, -1, 386, 310, 15.5, 25, , 251, -70, 22218, 768, , 28930, 25000, 28892, 29000, 0, 
283, 1, 56, 310, -1, 318, 197, 6.0, 24, ABarappapap, -89, 35724, 21720, 608, , 35724, 25000, 36703, 36983, 0, 
284, 1, 13, 57, -1, 400, 194, 12.7, 22, ABplpaaaapp, 89, 26311, 13787, 524, , 26311, 25000, 28154, 28099, 0, 
285, 1, 15, 252, -1, 307, 216, 11.8, 23, ABplpappaaa, 321, 27954, 15095, 540, , 27954, 25000, 28883, 28869, 0, 
286, 0, 207, -1, -1, 532, 123, 19.5, 24, , 214, 283, 22056, 768, , 28719, 25000, 28271, 28436, 0, 
287, 1, 119, 421, -1, 148, 293, 17.9, 24, ABarpapaaaa, 217, 26578, 16053, 604, , 26578, 25000, 28733, 28663, 0, 
288, 1, 47, 92, -1, 540, 136, 15.7, 26, ABplapapppp, 259, 28025, 23989, 856, , 28025, 25000, 28434, 28400, 0, 
289, 1, 394, 476, -1, 215, 231, 9.1, 24, ABarapppppp, 221, 28712, 17342, 604, , 28712, 25000, 29108, 28786, 0, 
290, 1, 199, 62, -1, 489, 193, 18.4, 25, ABplpppppaa, 251, 27525, 22901, 832, , 27525, 25000, 29164, 29179, 0, 
291, 1, 452, 307, -1, 403, 414, 16.4, 32, Caaaaa, 319, 28218, 41875, 1484, , 28218, 25000, 28216, 28163, 0, 
292, 1, 469, 297, -1, 170, 146, 19.8, 23, ABalpppaapv, 208, 27906, 15069, 540, , 27906, 25000, 28022, 27984, 0, 
293, 1, 450, 516, -1, 289, 232, 13.7, 23, ABalpappppa, 253, 28387, 16805, 592, , 28387, 25000, 27793, 27708, 0, 
294, 0, 358, -1, -1, 394, 136, 19.5, 22, , 148, 161, 14195, 512, , 27725, 25000, 27761, 27564, 0, 
295, 1, 99, 520, -1, 208, 210, 15.9, 22, ABaraaaaaaa, 231, 27560, 12788, 464, , 27560, 25000, 27787, 27855, 0, 
296, 1, 351, 187, -1, 417, 272, 10.6, 22, ABprppappap, 198, 27696, 15842, 572, , 27696, 25000, 28779, 28964, 0, 
297, 1, 272, 249, -1, 438, 177, 13.4, 26, ABplpppaaaa, 230, 28214, 23474, 832, , 28214, 25000, 27852, 27839, 0, 
298, 1, 416, 123, -1, 521, 281, 25.5, 26, Cappaap, 216, 28932, 25923, 896, , 28932, 25000, 28909, 28915, 0, 
299, 1, 206, 53, -1, 157, 327, 18.0, 24, ABarpapaaap, 209, 27595, 16778, 608, , 27595, 25000, 27812, 27664, 0, 
300, 1, 81, 323, -1, 194, 370, 13.0, 26, ABarpapppa, 201, 28162, 23994, 852, , 28162, 25000, 27708, 27589, 0, 
301, 1, 274, 437, -1, 571, 246, 24.3, 29, Capppaa, -148, 27672, 29554, 1068, , 27672, 25000, 28663, 28663, 0, 
302, 1, 478, 508, -1, 326, 332, 17.5, 22, MSpaapapa, 153, 28072, 14373, 512, , 28072, 25000, 28262, 28273, 0, 
303, 1, 451, 526, -1, 295, 337, 8.4, 23, ABprpaappaa, -126, 28181, 18036, 640, , 28181, 25000, 29474, 29412, 0, 
304, 1, 200, 379, -1, 464, 225, 12.1, 22, ABplpappppa, 183, 28963, 13439, 464, , 28963, 25000, 28743, 28550, 0, 
305, 1, 190, 428, -1, 576, 332, 17.5, 27, Cppppaa, 244, 28475, 25514, 896, , 28475, 25000, 28682, 28683, 0, 
306, 1, 464, 273, -1, 601, 207, 11.6, 25, Caappd, 205, 27165, 22601, 832, , 27165, 25000, 27286, 27244, 0, 
307, 1, 242, 345, -1, 240, 206, 6.1, 22, ABarapppapp, 201, 35998, 16703, 464, , 35998, 25000, 36939, 37197, 0, 
308, 1, 149, 84, -1, 571, 263, 11.4, 26, Cpppapp, -179, 27653, 23007, 832, , 27653, 25000, 29857, 29894, 0, 
309, 1, 120, 263, -1, 435, 201, 16.6, 25, ABplppapapp, 219, 27204, 22634, 832, , 27204, 25000, 28219, 28273, 0, 
310, 1, 496, 254, -1, 219, 321, 12.9, 23, ABpraaapaad, 218, 28948, 14358, 496, , 28948, 25000, 28227, 28209, 0, 
311, 1, 255, 459, -1, 306, 319, 14.1, 24, ABaraapppaa, 225, 27492, 16605, 604, , 27492, 25000, 28442, 28381, 0, 
312, 1, 11, 415, -1, 406, 286, 24.5, 29, Dapap, 258, 28152, 30404, 1080, , 28152, 25000, 28887, 28936, 0, 
313, 1, 88, 118, -1, 328, 230, 17.5, 27, ABaraapappp, 230, 29754, 26660, 896, , 29754, 25000, 29270, 29366, 0, 
314, 1, 362, 218, -1, 363, 169, 12.2, 22, ABalpapappp, 249, 30058, 14909, 496, , 30058, 25000, 28501, 28559, 0, 
315, 1, 166, 322, -1, 134, 191, 14.8, 22, ABalaaaarla, 190, 29242, 14504, 496, , 29242, 25000, 26746, 26679, 0, 
316, 1, 286, 70, -1, 248, 165, 13.4, 23, ABalppapppa, 302, 27469, 17580, 640, , 27469, 25000, 28384, 28554, 0, 
317, 0, 489, -1, -1, 263, 189, 19.8, 22, , 169, 32, 14140, 496, , 28508, 25000, 28130, 28476, 0, 
318, 1, 536, 610, -1, 207, 266, 20.6, 24, ABaraapaaap, 176, 27874, 19512, 700, , 27874, 25000, 28084, 28180, 0, 
319, 1, 178, 302, -1, 146, 307, 9.9, 22, ABpraaaaapd, 202, 28392, 13174, 464, , 28392, 25000, 28208, 28296, 0, 
320, 1, 525, 478, -1, 436, 342, 27.4, 35, Cpaaap, 357, 28122, 54332, 1932, , 28122, 25000, 28648, 28566, 0, 
321, 1, 336, 116, -1, 316, 262, 11.4, 23, MSpapaaaa, 187, 29630, 18963, 640, , 29630, 25000, 29329, 29416, 0, 
322, 1, 123, 250, -1, 323, 143, 21.2, 24, ABplpaappap, 311, 28465, 18673, 656, , 28465, 25000, 28450, 28541, 0, 
323, 1, 215, 188, -1, 160, 294, 8.7, 23, ABpraaaaapv, 194, 27627, 16355, 592, , 27627, 25000, 29588, 29690, 0, 
324, 1, 333, 357, -1, 432, 387, 14.5, 25, Cpppaaa, 245, 29628, 22754, 768, , 29628, 25000, 29508, 29508, 0, 
325, 1, 447, 324, -1, 336, 180, 20.1, 22, Daaaa, 224, 28427, 13190, 464, , 28427, 25000, 28539, 28540, 0, 
326, 1, 505, 314, -1, 173, 212, 9.5, 22, ABaraaapppp, 151, 30203, 15464, 512, , 30203, 25000, 28400, 28572, 0, 
327, 1, 219, 504, -1, 437, 223, 11.9, 22, ABprpapappp, 183, 29129, 13516, 464, , 29129, 25000, 28755, 28889, 0, 
328, 1, 93, 346, -1, 520, 282, 8.7, 23, Cppappa, 226, 27731, 16417, 592, , 27731, 25000, 29573, 29573, 0, 
329, 1, 193, 295, -1, 360, 212, 6.9, 24, ABprpaaaapa, 529, 31596, 19084, 604, , 31596, 25000, 32562, 32553, 0, 
330, 1, 256, 303, -1, 553, 165, 13.9, 25, Cappppd, 213, 27645, 19020, 688, , 27645, 25000, 29378, 29388, 0, 
331, 0, 387, -1, -1, 183, 151, 16.9, 24, , 201, 2377, 18123, 604, , 30005, 25000, 27521, 27628, 0, 
332, 1, 289, 32, -1, 381, 203, 11.6, 24, ABplppaappa, 77, 28214, 19750, 700, , 28214, 25000, 28153, 28252, 0, 
333, 1, 360, 95, -1, 469, 157, 14.5, 23, Capappa, -88, 26994, 17060, 632, , 26994, 25000, 29366, 29509, 0, 
334, 0, 306, -1, -1, 549, 206, 6.0, 23, , 225, -2662, 18885, 512, , 36885, 25000, 38671, 39547, 0, 
335, 1, 352, 244, -1, 506, 132, 20.6, 25, ABarppappp, 170, 27938, 23244, 832, , 27938, 25000, 28589, 28656, 0, 
336, 1, 328, 390, -1, 314, 349, 20.7, 24, MSpaaappp, 217, 28966, 20392, 704, , 28966, 25000, 28213, 28146, 0, 
337, 1, 226, 112, -1, 208, 247, 6.7, 23, ABprpaaapaa, 184, 33998, 20127, 592, , 33998, 25000, 34082, 34375, 0, 
338, 1, 486, 530, -1, 249, 161, 16.0, 22, ABplpaaappa, 224, 27070, 10395, 384, , 27070, 25000, 28116, 27970, 0, 
339, 1, 132, 253, -1, 239, 156, 7.7, 25, ABplaappaa, 213, 28529, 21796, 764, , 28529, 25000, 30818, 30931, 0, 
340, 1, 513, 195, -1, 163, 186, 21.2, 22, ABalppppapp, 173, 28435, 14104, 496, , 28435, 25000, 28978, 29245, 0, 
341, 1, 281, 460, -1, 301, 234, 5.9, 22, ABprpapaapp, 223, 40470, 18778, 464, , 40470, 25000, 37151, 37899, 0, 
342, 1, 509, 223, -1, 185, 206, 14.5, 22, ABalpaappaa, -29, 27523, 14092, 512, , 27523, 25000, 28909, 29417, 0, 
343, 1, 295, 180, -1, 284, 384, 13.5, 26, ABprapaaaap, 5, 28013, 25100, 896, , 28013, 25000, 27983, 28005, 0, 
344, 1, 492, 168, -1, 130, 267, 21.6, 23, ABarpaaaapa, 177, 27839, 17817, 640, , 27839, 25000, 28654, 28649, 0, 
345, 0, 335, -1, -1, 376, 147, 17.7, 23, , 163, 673, 17441, 592, , 29461, 25000, 28705, 28788, 0, 
346, 1, 422, 19, -1, 280, 318, 6.3, 25, ABprpaapaap, 45, 34229, 26151, 764, , 34229, 25000, 35252, 35529, 0, 
347, 1, 176, 137, -1, 541, 371, 15.3, 27, Caaapa, 269, 28248, 26101, 924, , 28248, 25000, 28119, 28117, 0, 
348, 1, 448, 401, -1, 177, 289, 6.6, 22, ABpraaaaaaa, 187, 34874, 19948, 572, , 34874, 25000, 36545, 37815, 0, 
349, 1, 531, 473, -1, 244, 318, 15.7, 22, ABaraaapapa, 172, 28536, 14953, 524, , 28536, 25000, 28059, 28110, 0, 
350, 1, 129, 466, -1, 543, 180, 21.3, 26, Cappapa, 245, 28979, 24806, 856, , 28979, 25000, 29222, 29244, 0, 
351, 1, 211, 356, -1, 345, 395, 10.2, 24, ABarppppaa, 239, 27229, 17862, 656, , 27229, 25000, 27456, 27404, 0, 
352, 1, 142, 315, -1, 357, 257, 14.5, 25, ABalpappapp, 123, 27613, 21207, 768, , 27613, 25000, 29424, 29678, 0, 
353, 1, 133, 306, -1, 447, 306, 19.1, 30, Ealap, 309, 29235, 39642, 1356, , 29235, 25000, 29357, 29415, 0, 
354, 1, 32, 8, -1, 245, 279, 14.6, 24, ABarapaapaa, 209, 26707, 18695, 700, , 26707, 25000, 27784, 27898, 0, 
355, 1, 67, 364, -1, 476, 161, 7.8, 29, ABplpppapap, 298, 27164, 30206, 1112, , 27164, 25000, 30244, 30355, 0, 
356, 1, 139, 358, -1, 406, 222, 22.2, 26, Capaaaa, 220, 27676, 22030, 796, , 27676, 25000, 28747, 28775, 0, 
357, 1, 95, 413, -1, 455, 190, 19.0, 24, MSpappaa, 244, 27359, 16634, 608, , 27359, 25000, 28110, 28132, 0, 
358, 1, 483, 386, -1, 214, 239, 23.1, 24, MSapaaap, 164, 27392, 16545, 604, , 27392, 25000, 28856, 28860, 0, 
359, 1, 46, 416, -1, 318, 225, 7.3, 22, ABprpapaaap, 198, 28197, 14775, 524, , 28197, 25000, 31169, 30811, 0, 
360, 1, 409, 162, -1, 284, 226, 7.3, 22, ABprpapaapa, 552, 29649, 15536, 524, , 29649, 25000, 32420, 32508, 0, 
361, 1, 428, 191, -1, 561, 292, 7.7, 27, ABarpppppp, 243, 29361, 27130, 924, , 29361, 25000, 31157, 31170, 0, 
362, 1, 305, 272, -1, 522, 153, 9.9, 24, ABplppppppa, 176, 28699, 17334, 604, , 28699, 25000, 29008, 29163, 0, 
363, 1, 304, 455, -1, 264, 335, 19.2, 24, MSpaaaapp, 211, 26715, 17525, 656, , 26715, 25000, 29239, 28789, 0, 
364, 1, 185, 463, -1, 376, 243, 20.4, 25, MSaapaapp, 197, 30825, 25646, 832, , 30825, 25000, 31470, 30765, 0, 
365, 1, 35, 135, -1, 533, 121, 12.5, 25, ABplappppp, 229, 27568, 21172, 768, , 27568, 25000, 27988, 28035, 0, 
366, 1, 438, 242, -1, 422, 205, 11.9, 22, ABplppaappp, 176, 29200, 13549, 464, , 29200, 25000, 28400, 28601, 0, 
367, 1, 400, 278, -1, 243, 374, 22.7, 29, ABarpaappa, 289, 28248, 30169, 1068, , 28248, 25000, 27823, 27847, 0, 
368, 1, 203, 499, -1, 206, 202, 11.1, 24, ABalpapaapa, 232, 28598, 17273, 604, , 28598, 25000, 29774, 30015, 0, 
369, 1, 136, 462, -1, 497, 181, 16.5, 23, ABplpppppap, 223, 28892, 18260, 632, , 28892, 25000, 28571, 28709, 0, 
370, 1, 347, 410, -1, 378, 333, 17.2, 35, Earaa, 350, 28627, 57597, 2012, , 28627, 25000, 29208, 29127, 0, 
371, 1, 79, 430, -1, 393, 389, 9.7, 28, ABarppppap, 221, 27795, 29574, 1064, , 27795, 25000, 28701, 28706, 0, 
372, 1, 125, 247, -1, 298, 236, 26.2, 27, ABplapaaaap, 278, 30280, 26283, 868, , 30280, 25000, 28899, 28935, 0, 
373, 1, 449, 284, -1, 446, 190, 23.2, 27, ABplappaap, 112, 28023, 24324, 868, , 28023, 25000, 27923, 27925, 0, 
374, 1, 522, 607, -1, 196, 222, 12.2, 22, ABaraaappap, 181, 27129, 13456, 496, , 27129, 25000, 28580, 28812, 0, 
375, 1, 316, 130, -1, 153, 165, 21.1, 25, ABalpppaapd, 222, 28924, 19900, 688, , 28924, 25000, 28389, 28306, 0, 
376, 1, 87, 370, -1, 292, 162, 23.5, 24, ABalppppppa, 242, 27892, 21421, 768, , 27892, 25000, 28672, 28447, 0, 
377, 1, 225, 113, -1, 440, 161, 15.2, 24, ABplpppaaap, 227, 28127, 18451, 656, , 28127, 25000, 28865, 29078, 0, 
378, 1, 122, 71, -1, 199, 129, 15.3, 22, ABalpppaaap, 9, 28122, 14736, 524, , 28122, 25000, 27624, 27738, 0, 
379, 1, 50, 298, -1, 450, 167, 11.1, 23, ABplppppapa, 197, 28738, 14254, 496, , 28738, 25000, 28384, 28514, 0, 
380, 0, 102, -1, -1, 236, 169, 21.3, 23, , 200, 349, 17392, 592, , 29378, 25000, 28800, 29029, 0, 
381, 1, 437, 215, -1, 554, 177, 9.9, 23, ABprppppppp, 199, 26748, 13267, 496, , 26748, 25000, 28820, 28977, 0, 
382, 1, 165, 469, -1, 547, 343, 13.3, 26, Cppapap, 338, 28311, 24234, 856, , 28311, 25000, 28741, 28741, 0, 
383, 1, 444, 304, -1, 367, 252, 7.6, 24, ABarappappp, 233, 29399, 20579, 700, , 29399, 25000, 30872, 30873, 0, 
384, 1, 340, 140, -1, 321, 154, 9.1, 25, ABalpapapap, 342, 27651, 19024, 688, , 27651, 25000, 28921, 28856, 0, 
385, 1, 145, 527, -1, 236, 219, 18.1, 24, ABaraaaaaap, 205, 27644, 16697, 604, , 27644, 25000, 28183, 28013, 0, 
386, 1, 350, 328, -1, 527, 239, 14.0, 31, Eprpp, 98, 28114, 44420, 1580, , 28114, 25000, 29546, 29670, 0, 
387, 0, 152, -1, -1, 474, 177, 6.4, 22, , 189, -3499, 17333, 572, , 30302, 25000, 32919, 33801, 0, 
388, 0, 209, -1, -1, 201, 164, 21.5, 22, , 194, 1349, 15140, 512, , 29570, 25000, 28429, 28221, 0, 
389, 1, 213, 235, -1, 291, 349, 17.8, 22, MSpaapaap, 181, 26841, 13313, 496, , 26841, 25000, 28544, 27824, 0, 
390, 1, 111, 443, -1, 506, 165, 12.1, 23, Cappppv, 372, 31119, 15435, 496, , 31119, 25000, 29622, 29604, 0, 
391, 1, 473, 407, -1, 293, 132, 21.9, 23, ABalpppppppp, 151, 28736, 14253, 496, , 28736, 25000, 28260, 28326, 0, 
392, 1, 446, 515, -1, 344, 337, 14.1, 25, MSpapappa, 197, 28132, 19355, 688, , 28132, 25000, 29415, 29517, 0, 
393, 1, 18, 340, -1, 542, 307, 17.7, 30, Eprap, 300, 27805, 36369, 1308, , 27805, 25000, 29603, 29596, 0, 
394, 1, 346, 197, -1, 144, 224, 14.1, 22, ABalaaaarrp, 227, 27349, 12690, 464, , 27349, 25000, 27993, 27945, 0, 
395, 1, 287, 444, -1, 473, 179, 10.6, 22, ABplppppapp, 430, 27594, 15784, 572, , 27594, 25000, 28853, 28734, 0, 
396, 1, 184, 175, -1, 199, 174, 25.5, 30, ABplaaapap, 44, 27765, 34207, 1232, , 27765, 25000, 29229, 29258, 0, 
397, 1, 485, 375, -1, 227, 241, 19.4, 22, ABalpaapaap, 154, 28138, 16095, 572, , 28138, 25000, 27862, 27912, 0, 
398, 0, 78, -1, -1, 536, 268, 15.8, 22, , 182, 132, 14156, 496, , 28540, 25000, 28262, 28408, 0, 
399, 1, 518, 533, -1, 319, 215, 15.9, 22, MSaapaaaa, 355, 29233, 13564, 464, , 29233, 25000, 29358, 29543, 0, 
400, 1, 338, 61, -1, 372, 395, 13.4, 28, ABarpppapp, 277, 28520, 28178, 988, , 28520, 25000, 28443, 28502, 0, 
401, 1, 436, 301, -1, 569, 161, 10.4, 23, Caappv, 206, 27923, 17871, 640, , 27923, 25000, 28440, 28613, 0, 
402, 1, 75, 190, -1, 569, 220, 9.3, 23, ABprapapppp, 233, 28736, 17012, 592, , 28736, 25000, 28627, 28647, 0, 
403, 1, 108, 40, -1, 148, 266, 23.4, 27, ABarpaaaapp, 215, 28163, 27825, 988, , 28163, 25000, 28714, 28980, 0, 
404, 1, 250, 69, -1, 291, 203, 16.7, 23, ABalpappppp, 239, 27922, 16530, 592, , 27922, 25000, 28411, 28465, 0, 
405, 1, 245, 442, -1, 500, 366, 9.0, 26, ABarpppppa, 25, 28063, 23910, 852, , 28063, 25000, 28796, 28865, 0, 
406, 1, 191, 12, -1, 243, 361, 13.7, 23, ABpraapappa, -260, 29014, 17176, 592, , 29014, 25000, 28792, 28654, 0, 
407, 1, 229, 440, -1, 143, 215, 15.6, 23, ABalaaaarlp, 195, 28063, 17960, 640, , 28063, 25000, 27940, 27796, 0, 
408, 1, 439, 128, -1, 519, 261, 5.6, 25, ABprapappa, 227, 44114, 36703, 832, , 44114, 25000, 38465, 38939, 0, 
409, 1, 21, 383, -1, 156, 266, 7.5, 28, ABalaaapprr, 285, 31929, 34483, 1080, , 31929, 25000, 33121, 33299, 0, 
410, 1, 55, 119, -1, 155, 203, 24.1, 25, ABplaaapaa, 243, 29170, 20069, 688, , 29170, 25000, 28309, 28102, 0, 
411, 1, 8, 208, -1, 310, 398, 11.6, 22, ABarpppaap, -113, 28059, 16050, 572, , 28059, 25000, 27174, 27176, 0, 
412, 1, 170, 366, -1, 290, 222, 9.3, 25, ABprpapaaaa, 215, 27445, 20968, 764, , 27445, 25000, 29123, 29336, 0, 
413, 0, 500, -1, -1, 189, 318, 10.7, 22, , 140, -704, 14047, 524, , 26807, 25000, 27471, 27511, 0, 
414, 1, 76, 374, -1, 261, 317, 12.5, 24, ABarapaappa, 210, 26944, 20693, 768, , 26944, 25000, 28035, 28093, 0, 
415, 1, 475, 429, -1, 458, 393, 17.9, 26, Dppppp, 260, 28673, 22938, 800, , 28673, 25000, 28573, 28573, 0, 
416, 1, 261, 280, -1, 310, 400, 16.0, 29, ABarpppapa, 288, 28920, 35514, 1228, , 28920, 25000, 28134, 28132, 0, 
417, 1, 10, 425, -1, 161, 217, 11.8, 24, ABaraaapppa, 222, 28056, 18405, 656, , 28056, 25000, 28133, 28284, 0, 
418, 1, 516, 28, -1, 144, 202, 19.1, 24, ABalapaaapa, 196, 26798, 16186, 604, , 26798, 25000, 28645, 28868, 0, 
419, 0, 537, -1, -1, 341, 328, 22.3, 22, , 191, -530, 14908, 524, , 28450, 25000, 28777, 28980, 0, 
420, 1, 379, 452, -1, 488, 309, 21.2, 32, Eplaa, 301, 29163, 46894, 1608, , 29163, 25000, 28984, 28991, 0, 
421, 1, 382, 26, -1, 265, 225, 5.8, 23, ABprpaapppp, -117, 38959, 21038, 540, , 38959, 25000, 36486, 37219, 0, 
422, 1, 6, 449, -1, 160, 179, 12.3, 23, ABalpaapppp, 170, 28507, 16876, 592, , 28507, 25000, 28053, 27751, 0, 
423, 1, 25, 359, -1, 570, 302, 11.7, 25, Cpppapa, 401, 28955, 22122, 764, , 28955, 25000, 28803, 28802, 0, 
424, 1, 371, 479, -1, 401, 260, 15.4, 24, MSaappap, 247, 26731, 18712, 700, , 26731, 25000, 29100, 29075, 0, 
425, 1, 322, 42, -1, 332, 179, 17.0, 23, Daapa, 228, 26566, 13602, 512, , 26566, 25000, 28910, 28910, 0, 
426, 1, 327, 495, -1, 147, 236, 8.6, 24, ABalaapaapp, 204, 27964, 19575, 700, , 27964, 25000, 28634, 28896, 0, 
427, 1, 220, 529, -1, 113, 233, 13.3, 24, ABalaaappll, 194, 27195, 19145, 704, , 27195, 25000, 28068, 28134, 0, 
428, 1, 309, 446, -1, 543, 216, 9.8, 22, ABprapppapp, 262, 27246, 13514, 496, , 27246, 25000, 28293, 28364, 0, 
429, 1, 384, 237, -1, 278, 139, 19.0, 24, ABplpaaaaap, 237, 28553, 17360, 608, , 28553, 25000, 28866, 28940, 0, 
430, 1, 71, 27, -1, 217, 283, 4.6, 23, ABprpaapapp, 133, 37711, 24135, 640, , 37711, 25000, 38288, 38311, 0, 
431, 1, 235, 377, -1, 240, 248, 4.5, 25, ABpraappaa, 467, 38452, 29531, 768, , 38452, 25000, 38049, 37953, 0, 
432, 1, 74, 321, -1, 259, 207, 18.3, 25, ABalpappaap, 233, 27237, 20809, 764, , 27237, 25000, 27623, 27990, 0, 
433, 1, 425, 90, -1, 117, 253, 11.9, 22, ABalaaapplr, 155, 27034, 12544, 464, , 27034, 25000, 28166, 28030, 0, 
434, 1, 273, 458, -1, 297, 204, 23.9, 23, ABplaapapap, 239, 28974, 14371, 496, , 28974, 25000, 29296, 29469, 0, 
435, 1, 140, 133, -1, 208, 296, 11.2, 24, ABprpaapaaa, 199, 28239, 18525, 656, , 28239, 25000, 28423, 28393, 0, 
436, 1, 440, 409, -1, 365, 189, 13.1, 22, ABplpapappa, 184, 27789, 12894, 464, , 27789, 25000, 28009, 28041, 0, 
437, 1, 519, 343, -1, 147, 278, 10.3, 22, ABalaappppp, 345, 27302, 14306, 524, , 27302, 25000, 28554, 28824, 0, 
438, 1, 266, 88, -1, 481, 213, 22.8, 27, Capaapa, 81, 27029, 23461, 868, , 27029, 25000, 28724, 28682, 0, 
439, 1, 479, 491, -1, 414, 210, 15.8, 22, ABplppapapa, 140, 27452, 13616, 496, , 27452, 25000, 28127, 28099, 0, 
440, 1, 465, 514, -1, 218, 270, 11.7, 22, MSppaaaa, 103, 27384, 14349, 524, , 27384, 25000, 27813, 27748, 0, 
441, 1, 343, 435, -1, 349, 221, 16.0, 23, MSaapaaap, 165, 28689, 14689, 512, , 28689, 25000, 30003, 29380, 0, 
442, 1, 433, 236, -1, 560, 138, 11.8, 23, Cpappv, 235, 28904, 15608, 540, , 28904, 25000, 27952, 27954, 0, 
443, 1, 378, 337, -1, 454, 197, 12.3, 22, ABplpapppaa, 84, 27504, 14412, 524, , 27504, 25000, 28660, 28569, 0, 
444, 1, 380, 76, -1, 199, 137, 18.9, 24, ABalpppaaaa, 384, 29657, 17913, 604, , 29657, 25000, 28000, 28060, 0, 
445, 1, 348, 52, -1, 351, 162, 17.1, 23, Daapp, 216, 27310, 13546, 496, , 27310, 25000, 29303, 29293, 0, 
446, 1, 401, 245, -1, 498, 249, 24.5, 29, Capapaa, 289, 30406, 32839, 1080, , 30406, 25000, 28799, 28760, 0, 
447, 1, 329, 50, -1, 216, 346, 7.7, 23, ABpraaappppa, 229, 29226, 17302, 592, , 29226, 25000, 31108, 31108, 0, 
448, 1, 502, 351, -1, 185, 339, 11.2, 25, ABpraapaapp, 188, 27503, 19362, 704, , 27503, 25000, 28410, 28833, 0, 
449, 1, 175, 233, -1, 412, 391, 19.2, 26, Dppppa, 235, 28300, 22527, 796, , 28300, 25000, 28585, 28750, 0, 
450, 1, 126, 230, -1, 527, 231, 8.7, 23, ABprpppaapa, 202, 28380, 16801, 592, , 28380, 25000, 29317, 29696, 0, 
451, 1, 420, 173, -1, 485, 208, 8.8, 24, ABprppppapp, 247, 27314, 17918, 656, , 27314, 25000, 28452, 28368, 0, 
452, 1, 167, 259, -1, 447, 316, 10.0, 25, MSpapppp, 246, 28429, 21720, 764, , 28429, 25000, 28894, 28901, 0, 
453, 1, 520, 585, -1, 155, 246, 16.9, 21, ABalapppaaa, 188, 29606, 10303, 348, , 29606, 25000, 27670, 28060, 0, 
454, 1, 441, 389, -1, 199, 287, 5.4, 22, ABpraaaapad, 158, 39051, 22337, 572, , 39051, 25000, 39539, 40380, 0, 
455, 1, 499, 288, -1, 444, 245, 14.5, 25, MSapaapp, 205, 29382, 22565, 768, , 29382, 25000, 28139, 28204, 0, 
456, 1, 270, 225, -1, 218, 350, 25.1, 26, ABarpaapap, 257, 27255, 21804, 800, , 27255, 25000, 28149, 28216, 0, 
457, 1, 68, 534, -1, 387, 167, 15.3, 25, ABplppapaaa, 94, 28073, 21448, 764, , 28073, 25000, 28042, 28049, 0, 
458, 1, 277, 465, -1, 529, 200, 16.1, 31, Eplpp, 317, 28172, 41695, 1480, , 28172, 25000, 29274, 29347, 0, 
459, 1, 143, 521, -1, 271, 258, 4.5, 25, ABpraappap, 284, 35707, 27423, 768, , 35707, 25000, 37173, 36814, 0, 
460, 1, 442, 518, -1, 517, 150, 14.2, 22, ABplapppapp, 180, 27619, 13699, 496, , 27619, 25000, 29077, 29310, 0, 
461, 1, 243, 512, -1, 344, 287, 7.3, 22, Dpapp, 178, 28511, 14940, 524, , 28511, 25000, 30966, 31152, 0, 
462, 1, 332, 311, -1, 400, 305, 10.1, 23, MSpapppap, 199, 29677, 14720, 496, , 29677, 25000, 29862, 29905, 0, 
463, 1, 82, 267, -1, 231, 351, 17.9, 23, MSpppaaa, 256, 27933, 13855, 496, , 27933, 25000, 28225, 28083, 0, 
464, 1, 54, 152, -1, 165, 349, 12.0, 27, ABarpappap, 219, 27349, 28224, 1032, , 27349, 25000, 27626, 27630, 0, 
465, 1, 403, 305, -1, 570, 200, 12.4, 26, Cpppppd, 260, 29463, 24513, 832, , 29463, 25000, 29396, 29494, 0, 
466, 1, 40, 286, -1, 456, 225, 9.9, 22, ABplpapppap, 189, 27845, 12920, 464, , 27845, 25000, 29040, 29077, 0, 
467, 1, 363, 232, -1, 306, 179, 10.9, 23, ABplpapaaaa, 180, 29002, 14385, 496, , 29002, 25000, 29455, 29399, 0, 
468, 1, 28, 279, -1, 579, 196, 23.5, 28, Cpapap, 220, 29324, 31670, 1080, , 29324, 25000, 28778, 28778, 0, 
469, 1, 471, 131, -1, 156, 160, 17.3, 24, ABalaaapall, 175, 26920, 18952, 704, , 26920, 25000, 28293, 28118, 0, 
470, 1, 227, 17, -1, 342, 276, 11.1, 22, MSpapaaap, 227, 32300, 14987, 464, , 32300, 25000, 30739, 29841, 0, 
471, 1, 20, 492, -1, 181, 228, 7.3, 22, ABarapppaap, 206, 30656, 16064, 524, , 30656, 25000, 33335, 34199, 0, 
472, 1, 296, 139, -1, 200, 222, 10.0, 24, ABarappaaaa, 241, 29854, 18151, 608, , 29854, 25000, 29113, 29242, 0, 
473, 1, 260, 395, -1, 488, 206, 5.0, 23, ABprappppa, 219, 38643, 19785, 512, , 38643, 25000, 36820, 36349, 0, 
474, 0, 538, -1, -1, 501, 145, 7.6, 22, , 118, -2460, 16310, 572, , 28514, 25000, 30671, 30974, 0, 
475, 1, 430, 159, -1, 223, 295, 20.4, 23, MSaaaaapa, 140, 27964, 17897, 640, , 27964, 25000, 28619, 28727, 0, 
476, 1, 470, 486, -1, 203, 243, 14.0, 21, ABaraaaaapa, 448, 27068, 10394, 384, , 27068, 25000, 28815, 27947, 0, 
477, 1, 466, 86, -1, 255, 273, 12.3, 23, ABarapapaap, 36, 29334, 17366, 592, , 29334, 25000, 27453, 27363, 0, 
478, 1, 504, 402, -1, 392, 226, 13.3, 22, ABplppappap, 165, 28576, 14974, 524, , 28576, 25000, 28471, 28489, 0, 
479, 1, 398, 193, -1, 499, 385, 17.2, 26, Cpppaap, 257, 27442, 21844, 796, , 27442, 25000, 28711, 28713, 0, 
480, 1, 194, 20, -1, 454, 263, 7.5, 22, ABprppapppp, 176, 27510, 14085, 512, , 27510, 25000, 29719, 30115, 0, 
481, 1, 264, 72, -1, 485, 219, 14.5, 23, ABprpappppp, 23, 29002, 18329, 632, , 29002, 25000, 28729, 28799, 0, 
482, 1, 77, 211, -1, 298, 133, 12.5, 24, ABplpaapppa, 202, 29824, 22905, 768, , 29824, 25000, 28231, 28640, 0, 
483, 1, 271, 457, -1, 507, 197, 6.0, 22, ABprpppapaa, 75, 36742, 14109, 384, , 36742, 25000, 36910, 37007, 0, 
484, 1, 418, 281, -1, 255, 158, 19.9, 23, ABalpppppaa, 263, 28230, 14002, 496, , 28230, 25000, 28536, 28668, 0, 
485, 0, 264, -1, -1, 508, 225, 12.5, 21, , 30, -1088, 13996, 512, , 27336, 25000, 27915, 28424, 0, 
486, 1, 373, 176, -1, 375, 142, 21.2, 26, ABplaapppp, 215, 28106, 22372, 796, , 28106, 25000, 28070, 28067, 0, 
487, 0, 206, -1, -1, 165, 315, 15.5, 22, , 153, -585, 13939, 512, , 27225, 25000, 27843, 27810, 0, 
488, 1, 321, 472, -1, 193, 260, 4.7, 23, ABpraaaaaap, 228, 46181, 27339, 592, , 46181, 25000, 40703, 40621, 0, 
489, 0, 443, -1, -1, 261, 265, 19.2, 23, , 176, 547, 15611, 540, , 28909, 25000, 28479, 28362, 0, 
490, 1, 159, 412, -1, 307, 163, 20.8, 23, ABplpaappaa, 280, 27954, 15095, 540, , 27954, 25000, 28618, 28586, 0, 
491, 1, 147, 15, -1, 173, 226, 15.6, 22, ABaraaaapaa, -84, 27371, 15656, 572, , 27371, 25000, 27944, 28166, 0, 
492, 1, 293, 101, -1, 296, 336, 6.0, 24, ABprpaappap, 15, 33859, 20586, 608, , 33859, 25000, 36224, 37061, 0, 
493, 1, 284, 522, -1, 220, 355, 13.0, 22, ABpraaaappp, 118, 30828, 11838, 384, , 30828, 25000, 28559, 28541, 0, 
494, 1, 512, 372, -1, 324, 221, 23.3, 25, MSapapaa, -1, 29076, 22214, 764, , 29076, 25000, 28090, 28104, 0, 
495, 0, 223, -1, -1, 287, 309, 12.5, 22, , 88, 274, 14680, 512, , 28672, 25000, 28141, 28398, 0, 
496, 1, 180, 544, -1, 324, 322, 25.5, 25, MSappppp, 23, 28410, 21819, 768, , 28410, 25000, 28830, 28828, 0, 
497, 1, 386, 238, -1, 295, 354, 12.9, 23, MSppapaa, 223, 27204, 13493, 496, , 27204, 25000, 28051, 28016, 0, 
498, 1, 417, 166, -1, 117, 205, 17.5, 22, ABalaaaparl, 239, 27793, 14230, 512, , 27793, 25000, 27451, 27482, 0, 
499, 1, 415, 1, -1, 218, 280, 15.2, 20, ABaraaapaap, 86, 27409, 10854, 396, , 27409, 25000, 28762, 29013, 0, 
500, 1, 233, 171, -1, 354, 200, 26.1, 27, ABarppapaa, 80, 28222, 25626, 908, , 28222, 25000, 29305, 29349, 0, 
501, 1, 405, 545, -1, 238, 263, 6.2, 23, ABprpaaapap, 260, 38515, 20798, 540, , 38515, 25000, 37518, 38039, 0, 
502, 1, 369, 405, -1, 247, 238, 14.0, 23, ABarapaaapa, 59, 30129, 15426, 512, , 30129, 25000, 27930, 27940, 0, 
503, 1, 539, 502, -1, 304, 156, 12.8, 22, ABplpapaapp, -198, 27246, 13514, 496, , 27246, 25000, 28821, 28790, 0, 
504, 1, 189, 283, -1, 194, 209, 21.0, 24, ABalppppapa, -89, 27947, 16992, 608, , 27947, 25000, 27990, 28349, 0, 
505, 1, 110, 214, -1, 436, 245, 8.6, 22, ABprppapppa, 215, 29222, 16715, 572, , 29222, 25000, 29383, 29548, 0, 
506, 1, 345, 483, -1, 376, 257, 16.9, 22, MSaapappp, 63, 28248, 13107, 464, , 28248, 25000, 28415, 28435, 0, 
507, 1, 60, 96, -1, 295, 311, 22.8, 25, MSaaaapap, -56, 29125, 20504, 704, , 29125, 25000, 29107, 28634, 0, 
508, 1, 474, 580, -1, 121, 275, 18.1, 23, ABarpaaapaa, 109, 26675, 13231, 496, , 26675, 25000, 28821, 28775, 0, 
509, 1, 480, 44, -1, 433, 185, 15.1, 23, ABplppapppp, 276, 28258, 14016, 496, , 28258, 25000, 28128, 27904, 0, 
510, 1, 300, 497, -1, 246, 138, 12.4, 23, ABalppaappp, 248, 27366, 17514, 640, , 27366, 25000, 28110, 27827, 0, 
511, 1, 435, 498, -1, 260, 371, 15.8, 22, MSppppap, 244, 27752, 13765, 496, , 27752, 25000, 27896, 28096, 0, 
512, 1, 526, 418, -1, 391, 394, 19.0, 31, Dpppap, 302, 28366, 44818, 1580, , 28366, 25000, 28877, 28916, 0, 
513, 1, 160, 399, -1, 162, 161, 13.9, 22, ABalaaaalpp, 137, 27623, 12817, 464, , 27623, 25000, 27386, 27192, 0, 
514, 1, 517, 172, -1, 344, 224, 20.0, 21, MSaapaapa, 399, 32859, 12618, 384, , 32859, 25000, 30771, 30631, 0, 
515, 1, 510, 528, -1, 294, 247, 18.4, 20, ABalpaaappp, 373, 27510, 11334, 412, , 27510, 25000, 27844, 27844, 0, 
516, 1, 393, 494, -1, 255, 331, 9.9, 23, ABpraaappap, 288, 27544, 13662, 496, , 27544, 25000, 27789, 27761, 0, 
517, 1, 481, 505, -1, 202, 268, 18.0, 22, ABaraappaaa, 65, 28641, 10998, 384, , 28641, 25000, 27979, 27826, 0, 
518, 1, 90, 490, -1, 291, 313, 17.5, 23, MSpaapaaa, 79, 27744, 17534, 632, , 27744, 25000, 28214, 28256, 0, 
519, 1, 445, 454, -1, 482, 201, 14.8, 27, ABplppppaap, 351, 28350, 24608, 868, , 28350, 25000, 29059, 29069, 0, 
520, 1, 494, 382, -1, 391, 380, 13.9, 24, Dppap, 309, 28528, 17231, 604, , 28528, 25000, 28697, 28896, 0, 
521, 1, 487, 513, -1, 175, 137, 15.7, 22, ABalppaaapp, 298, 27208, 14257, 524, , 27208, 25000, 27456, 27494, 0, 
522, 1, 389, 334, -1, 234, 261, 15.1, 21, ABaraaaaapp, 94, 27922, 9717, 348, , 27922, 25000, 27829, 28123, 0, 
523, 1, 467, 501, -1, 150, 200, 21.1, 22, ABalapaaapp, -323, 26713, 12395, 464, , 26713, 25000, 29166, 29494, 0, 
524, 1, 589, 333, -1, 155, 227, 18.6, 25, ABalapappaa, -67, 28632, 23822, 832, , 28632, 25000, 27833, 27949, 0, 
525, 1, 318, 511, -1, 539, 152, 11.0, 23, ABplppppppp, 407, 27629, 14146, 512, , 27629, 25000, 28270, 28431, 0, 
526, 1, 283, 532, -1, 380, 265, 10.7, 22, ABprpapppap, 246, 31452, 16481, 524, , 31452, 25000, 31155, 29771, 0, 
527, 1, 39, 290, -1, 202, 269, 26.8, 22, MSapappa, 262, 29669, 14716, 496, , 29669, 25000, 28976, 28976, 0, 
528, 1, 397, 91, -1, 340, 171, 13.8, 21, ABplpapapap, 332, 29098, 12454, 428, , 29098, 25000, 28777, 28505, 0, 
529, 1, 174, 426, -1, 256, 388, 11.5, 27, ABarpapppp, 286, 26826, 24036, 896, , 26826, 25000, 27942, 27928, 0, 
530, 1, 530, 385, -1, 319, 335, 9.6, 23, Dpaaa, 289, 30138, 19288, 640, , 30138, 25000, 29293, 29415, 0, 
531, 1, 85, 540, -1, 266, 201, 26.7, 33, ABplaaappp, 310, 29647, 51467, 1736, , 29647, 25000, 29673, 29744, 0, 
532, 1, 514, 510, -1, 208, 204, 14.1, 20, ABalpaappap, 195, 26282, 8305, 316, , 26282, 25000, 27877, 27946, 0, 
533, 1, 544, 531, -1, 527, 167, 8.2, 22, ABprppppppa, 492, 28238, 14006, 496, , 28238, 25000, 30446, 30532, 0, 
534, 0, 540, -1, -1, 450, 280, 12.0, 19, , 361, -1586, 8580, 316, , 27152, 25000, 28526, 28738, 0, 
535, 1, 541, 597, -1, 156, 166, 18.8, 22, ABalapaappp, -32, 28722, 14246, 496, , 28722, 25000, 28567, 28726, 0, 
536, 1, 542, 153, -1, 182, 293, 13.0, 22, ABpraaapapa, 642, 27958, 10736, 384, , 27958, 25000, 27857, 27926, 0, 
537, 1, 456, 228, -1, 210, 170, 23.6, 28, ABplaapaapp, 280, 29448, 29095, 988, , 29448, 25000, 28619, 28626, 0, 
538, 1, 507, 316, -1, 226, 188, 17.4, 22, MSapaaaa, 187, 29615, 16940, 572, , 29615, 25000, 28322, 28499, 0, 
539, 1, 543, 464, -1, 364, 320, 25.4, 29, Cpaaaa, 803, 28442, 32879, 1156, , 28442, 25000, 29595, 29617, 0, 
540, 1, 550, 493, -1, 409, 216, 10.4, 22, ABplpapappp, 120, 29009, 16593, 572, , 29009, 25000, 28212, 28155, 0, 
541, 0, 259, -1, -1, 167, 227, 23.4, 23, , 202, -732, 17474, 640, , 27303, 25000, 27796, 28035, 0, 
542, 1, 506, 538, -1, 394, 229, 11.8, 20, ABprpappapp, -196, 29073, 11513, 396, , 29073, 25000, 28833, 28977, 0, 
543, 1, 545, 537, -1, 332, 290, 22.1, 24, MSaaapapa, 138, 30348, 18330, 604, , 30348, 25000, 28488, 28098, 0, 
544, 1, 546, 615, -1, 137, 261, 15.0, 21, ABalappppaa, 158, 28469, 10932, 384, , 28469, 25000, 27473, 27570, 0, 
545, 0, 524, -1, -1, 289, 291, 8.5, 22, , 167, 1604, 15432, 512, , 30141, 25000, 28724, 28537, 0, 
546, 1, 508, 547, -1, 365, 340, 10.2, 24, Dppaa, 245, 28884, 18948, 656, , 28884, 25000, 29842, 30039, 0, 
547, 1, 547, 549, -1, 535, 230, 27.0, 31, Cpaapp, 313, 28333, 44766, 1580, , 28333, 25000, 28493, 28533, 0, 
548, 1, 548, 550, -1, 302, 174, 16.0, 22, MSappapp, 153, 25966, 9971, 384, , 25966, 25000, 28139, 28160, 0, 
549, 1, 549, 551, -1, 186, 331, 18.0, 24, ABarpapaapp, 210, 26115, 15878, 608, , 26115, 25000, 27136, 27105, 0, 
550, 1, 511, 552, -1, 257, 288, 7.0, 21, MSppapap, 390, 32201, 12365, 384, , 32201, 25000, 31439, 31772, 0, 
551, 1, 551, 553, -1, 367, 193, 17.0, 23, MSaapppaa, 140, 30174, 15449, 512, , 30174, 25000, 28715, 28708, 0, 
552, 1, 552, 554, -1, 288, 258, 22.0, 22, MSaaapaap, 136, 28104, 10792, 384, , 28104, 25000, 28892, 28963, 0, 
553, 1, 553, 555, -1, 346, 258, 21.5, 22, MSaapappa, 160, 30822, 15781, 512, , 30822, 25000, 29358, 29412, 0, 
554, 1, 554, 556, -1, 424, 214, 19.0, 26, MSaapppp, 216, 27550, 23473, 852, , 27550, 25000, 28112, 28169, 0, 
555, 1, 555, 557, -1, 394, 213, 18.0, 24, MSaapppap, 54, 28732, 17469, 608, , 28732, 25000, 28737, 28598, 0, 
556, 1, 556, 558, -1, 220, 156, 19.0, 20, ABalapaapaa, 222, 29291, 9256, 316, , 29291, 25000, 28154, 28253, 0, 
557, 1, 557, 559, -1, 485, 212, 20.0, 24, MSappaap, 207, 28276, 17192, 608, , 28276, 25000, 28519, 28762, 0, 
558, 1, 515, 561, -1, 311, 294, 11.0, 23, ABaraappppa, 113, 27824, 14246, 512, , 27824, 25000, 28205, 28227, 0, 
559, 1, 559, 562, -1, 287, 321, 10.0, 22, MSppppaa, 578, 28180, 10821, 384, , 28180, 25000, 27576, 27544, 0, 
560, 1, 560, 563, -1, 306, 283, 9.0, 22, MSpppapp, 134, 27839, 10690, 384, , 27839, 25000, 27991, 28045, 0, 
561, 1, 561, 564, -1, 283, 310, 25.0, 25, MSappaaa, 176, 35292, 26963, 764, , 35292, 25000, 30641, 30596, 0, 
562, 1, 558, 565, -1, 290, 265, 24.0, 22, MSapppap, -72, 29549, 11347, 384, , 29549, 25000, 29364, 29571, 0, 
563, 1, 562, 566, -1, 337, 375, 19.0, 24, Dpppaa, 175, 28322, 17220, 608, , 28322, 25000, 28816, 28774, 0, 
564, 1, 563, 567, -1, 320, 303, 9.0, 24, Dpapa, 26, 29875, 18164, 608, , 29875, 25000, 28782, 29092, 0, 
565, 1, 565, 568, -1, 330, 282, 25.0, 25, Daaap, 210, 26705, 20403, 764, , 26705, 25000, 28481, 28323, 0, 
566, 1, 566, 569, -1, 498, 184, 9.0, 22, Caapaa, -59, 29214, 11218, 384, , 29214, 25000, 29107, 29371, 0, 
567, 1, 168, 571, -1, 233, 308, 10.0, 22, ABpraaappaa, 200, 27445, 10539, 384, , 27445, 25000, 28842, 28886, 0, 
568, 1, 567, 572, -1, 324, 244, 5.0, 27, ABpraapppa, 260, 35668, 36809, 1032, , 35668, 25000, 37421, 37339, 0, 
569, 1, 568, 503, -1, 271, 254, 7.0, 22, ABprpaapppa, 12, 29891, 11478, 384, , 29891, 25000, 33246, 34148, 0, 
570, 1, 569, 573, -1, 240, 234, 7.0, 22, ABalaapappp, 28, 31224, 11990, 384, , 31224, 25000, 32062, 32110, 0, 
571, 1, 570, 574, -1, 298, 228, 11.0, 23, ABprpapppaa, 241, 28666, 14677, 512, , 28666, 25000, 28649, 29016, 0, 
572, 1, 571, 575, -1, 268, 183, 9.0, 22, ABprpappaaa, 316, 27745, 10654, 384, , 27745, 25000, 28522, 28630, 0, 
573, 1, 572, 348, -1, 500, 154, 8.0, 24, ABprpppapap, 4, 29436, 17897, 608, , 29436, 25000, 29998, 30259, 0, 
574, 1, 573, 576, -1, 352, 203, 11.0, 25, ABplpappaap, 260, 28844, 22037, 764, , 28844, 25000, 29150, 29151, 0, 
575, 1, 574, 577, -1, 222, 203, 8.0, 22, ABarapppapa, 267, 28625, 10992, 384, , 28625, 25000, 30584, 30778, 0, 
576, 1, 575, 578, -1, 201, 292, 9.0, 22, ABalaapppaa, 127, 27076, 10397, 384, , 27076, 25000, 28132, 27947, 0, 
577, 1, 576, 579, -1, 211, 225, 7.0, 23, ABarapppppa, -11, 30105, 15414, 512, , 30105, 25000, 32965, 33602, 0, 
578, 1, 578, 484, -1, 120, 293, 20.0, 27, ABarpapapa, 244, 28910, 29835, 1032, , 28910, 25000, 28500, 28531, 0, 
579, 1, 579, 542, -1, 127, 306, 17.0, 24, ABarpaaapap, 222, 28406, 17271, 608, , 28406, 25000, 28285, 28254, 0, 
580, 1, 580, 581, -1, 183, 203, 7.0, 22, ABalaapappa, 326, 30958, 11888, 384, , 30958, 25000, 33288, 33309, 0, 
581, 1, 581, 582, -1, 165, 250, 6.0, 22, ABalaappapp, 228, 41495, 15934, 384, , 41495, 25000, 42011, 43352, 0, 
582, 1, 582, 583, -1, 179, 282, 8.0, 20, ABalaappapa, 0, 30630, 9679, 316, , 30630, 25000, 29994, 30199, 0, 
583, 1, 583, 584, -1, 167, 292, 20.0, 23, ABalapppapa, 187, 27779, 14223, 512, , 27779, 25000, 27789, 27850, 0, 
584, 1, 584, 543, -1, 164, 318, 15.0, 22, ABalapppppp, 134, 26792, 10288, 384, , 26792, 25000, 27360, 27497, 0, 
585, 1, 585, 586, -1, 170, 317, 20.0, 22, ABalapppapp, -14, 27620, 10606, 384, , 27620, 25000, 28589, 28444, 0, 
586, 1, 586, 587, -1, 146, 272, 14.0, 24, ABalappappa, 114, 27326, 16614, 608, , 27326, 25000, 27878, 27653, 0, 
587, 1, 587, 588, -1, 151, 309, 14.0, 22, ABalappappp, 287, 26641, 10230, 384, , 26641, 25000, 27859, 28013, 0, 
588, 1, 490, 535, -1, 185, 264, 22.0, 22, ABalapapapp, 340, 28490, 10940, 384, , 28490, 25000, 28354, 28513, 0, 
589, 1, 588, 589, -1, 166, 266, 11.0, 23, ABalaappppa, 266, 26795, 13719, 512, , 26795, 25000, 28332, 28453, 0, 
590, 1, 484, 590, -1, 157, 236, 20.0, 22, ABalapappap, -73, 28008, 10755, 384, , 28008, 25000, 28931, 29193, 0, 
591, 1, 590, 591, -1, 136, 238, 18.0, 22, ABalappaap, -733, 25378, 9745, 384, , 25378, 25000, 28188, 28346, 0, 
592, 1, 591, 592, -1, 163, 240, 11.0, 22, ABalaapaaar, 160, 28143, 10807, 384, , 28143, 25000, 27389, 27520, 0, 
593, 1, 593, 593, -1, 143, 241, 10.0, 25, ABalaapaapa, 192, 27920, 21331, 764, , 27920, 25000, 28321, 28457, 0, 
594, 1, 594, 594, -1, 158, 270, 22.0, 22, ABalapapapa, -370, 27242, 10461, 384, , 27242, 25000, 28279, 28373, 0, 
595, 1, 595, 595, -1, 248, 252, 23.0, 23, ABalpaapapa, 83, 27348, 14002, 512, , 27348, 25000, 28134, 28005, 0, 
596, 1, 596, 599, -1, 204, 162, 15.0, 20, ABalppappap, -140, 27636, 8733, 316, , 27636, 25000, 28188, 28096, 0, 
597, 1, 455, 598, -1, 216, 161, 13.0, 22, ABalppapppp, 99, 27284, 10477, 384, , 27284, 25000, 28362, 28456, 0, 
598, 1, 598, 524, -1, 163, 222, 24.0, 23, ABalapapppp, 175, 27746, 14206, 512, , 27746, 25000, 27719, 27790, 0, 
599, 1, 599, 600, -1, 502, 231, 13.0, 24, ABprpappppa, 259, 27975, 17009, 608, , 27975, 25000, 28488, 28593, 0, 
600, 1, 600, 601, -1, 182, 175, 19.0, 22, ABalapaappa, 156, 28401, 10906, 384, , 28401, 25000, 28608, 28627, 0, 
601, 1, 601, 602, -1, 251, 204, 13.0, 24, ABalpappapa, -32, 28278, 17193, 608, , 28278, 25000, 28324, 28510, 0, 
602, 1, 602, 603, -1, 239, 209, 14.0, 20, ABalpaaaapa, 175, 27193, 8593, 316, , 27193, 25000, 28287, 28512, 0, 
603, 1, 597, 604, -1, 219, 172, 11.0, 22, ABalppaappa, 174, 27253, 10465, 384, , 27253, 25000, 29004, 28934, 0, 
604, 1, 603, 605, -1, 193, 154, 12.0, 20, ABalppapaap, 222, 28987, 9160, 316, , 28987, 25000, 28953, 28723, 0, 
605, 1, 604, 606, -1, 184, 325, 14.0, 22, ABalapppppa, 0, 26865, 10316, 384, , 26865, 25000, 27750, 27926, 0, 
606, 1, 80, 38, -1, 445, 315, 26.0, 26, Dapppa, 0, 30257, 25779, 852, , 30257, 25000, 28112, 28166, 0, 
607, 1, 534, 608, -1, 413, 308, 23.0, 31, Dappap, -35, 29489, 46593, 1580, , 29489, 25000, 28600, 28751, 0, 
608, 1, 605, 609, -1, 234, 285, 23.0, 23, MSaaapaaa, 214, 27334, 13995, 512, , 27334, 25000, 27910, 27905, 0, 
609, 1, 606, 611, -1, 148, 286, 16.0, 22, ABalappppap, -308, 29635, 11380, 384, , 29635, 25000, 28057, 27957, 0, 
610, 1, 608, 612, -1, 172, 296, 10.0, 21, ABalappapaa, 171, 29089, 11170, 384, , 29089, 25000, 27805, 27911, 0, 
611, 1, 609, 613, -1, 387, 292, 23.0, 24, Dappaa, 0, 27845, 16930, 608, , 27845, 25000, 28668, 28783, 0, 
612, 1, 610, 614, -1, 301, 195, 20.0, 22, MSapppaa, 117, 26763, 10277, 384, , 26763, 25000, 28614, 28767, 0, 
613, 1, 611, 447, -1, 138, 266, 17.0, 22, ABalapppaap, 25, 28667, 11008, 384, , 28667, 25000, 27320, 27535, 0, 
