1, 1, 209, 170, -1, 270, 281, 10.3, 23, ABarapappaa, 200, 27919, 16528, 592, , 27919, 25000, 28064, 28180, 0, 
2, 1, 289, 34, -1, 150, 250, 12.6, 23, ABalaaapprl, 179, 28153, 18018, 640, , 28153, 25000, 27611, 27538, 0, 
3, 1, 357, 180, -1, 518, 270, 8.5, 24, Cppappa, 231, 29154, 22390, 768, , 29154, 25000, 29368, 29441, 0, 
4, 1, 365, 93, -1, 298, 248, 26.2, 28, ABplapaaaap, 276, 29198, 30716, 1052, , 29198, 25000, 29045, 29092, 0, 
5, 1, 294, 596, -1, 179, 144, 17.0, 27, ABalppaaapp, 243, 29077, 30007, 1032, , 29077, 25000, 27579, 27495, 0, 
6, 1, 73, 132, -1, 154, 201, 23.9, 25, ABplaaapaa, 334, 27497, 18918, 688, , 27497, 25000, 29083, 28792, 0, 
7, 1, 360, 440, -1, 242, 380, 10.8, 25, ABarpapppp, 257, 27783, 19559, 704, , 27783, 25000, 27602, 27353, 0, 
8, 1, 326, 196, -1, 548, 243, 7.9, 22, ABprapppaaa, 204, 30565, 14182, 464, , 30565, 25000, 30357, 30322, 0, 
9, 1, 495, 98, -1, 437, 196, 15.4, 23, ABplppapppp, 196, 27077, 17329, 640, , 27077, 25000, 28318, 27868, 0, 
10, 1, 304, 465, -1, 120, 239, 12.2, 25, ABalaaapplr, 202, 27575, 19413, 704, , 27575, 25000, 27566, 27188, 0, 
11, 1, 279, 356, -1, 206, 168, 18.5, 27, ABalppappaa, 233, 28549, 25580, 896, , 28549, 25000, 28187, 28292, 0, 
12, 1, 475, 177, -1, 285, 323, 13.7, 22, ABaraaapapp, 201, 27926, 14633, 524, , 27926, 25000, 28583, 28634, 0, 
13, 1, 192, 338, -1, 308, 257, 5.5, 25, ABprppaaaap, 238, 38823, 29816, 768, , 38823, 25000, 36758, 36934, 0, 
14, 1, 2, 288, -1, 490, 303, 5.9, 26, ABprappapp, 247, 35083, 28066, 800, , 35083, 25000, 35209, 35210, 0, 
15, 1, 436, 255, -1, 480, 342, 16.1, 31, Epraa, 315, 27928, 41334, 1480, , 27928, 25000, 29823, 29845, 0, 
16, 1, 135, 135, -1, 323, 274, 22.5, 25, ABaraapapap, 82, 28174, 21638, 768, , 28174, 25000, 28319, 28408, 0, 
17, 1, 371, 226, -1, 442, 171, 16.0, 23, ABplpppaaap, 144, 29105, 14902, 512, , 29105, 25000, 28666, 28693, 0, 
18, 1, 123, 23, -1, 328, 121, 13.5, 25, ABplaapppa, 192, 25757, 19781, 768, , 25757, 25000, 27630, 27570, 0, 
19, 1, 21, 497, -1, 420, 228, 13.9, 23, ABplppapppa, 203, 27589, 13684, 496, , 27589, 25000, 27893, 28097, 0, 
20, 1, 345, 185, -1, 203, 317, 14.5, 25, MSppaaap, 251, 28741, 22073, 768, , 28741, 25000, 29373, 29453, 0, 
21, 1, 68, 343, -1, 486, 193, 9.2, 23, ABprppppapp, 236, 27887, 15059, 540, , 27887, 25000, 28838, 28786, 0, 
22, 0, 111, -1, -1, 183, 196, 7.0, 22, , 187, -1588, 12404, 384, , 32302, 25000, 33325, 33890, 0, 
23, 0, 195, -1, -1, 218, 306, 10.6, 22, , 201, -283, 16153, 572, , 28240, 25000, 28216, 28523, 0, 
24, 1, 395, 303, -1, 413, 282, 9.0, 22, ABprppapaap, 225, 30112, 11563, 384, , 30112, 25000, 28646, 28794, 0, 
25, 1, 486, 245, -1, 333, 177, 17.3, 23, Daapa, 236, 28791, 17044, 592, , 28791, 25000, 28896, 28798, 0, 
26, 1, 13, 159, -1, 116, 224, 19.0, 24, ABplaapaaaa, 212, 28326, 17222, 608, , 28326, 25000, 28080, 28008, 0, 
27, 1, 331, 282, -1, 132, 260, 21.5, 25, ABarpaaaapa, 208, 29505, 22660, 768, , 29505, 25000, 28622, 28672, 0, 
28, 1, 12, 232, -1, 200, 219, 10.8, 27, ABarappaaaa, 253, 29198, 25344, 868, , 29198, 25000, 28492, 28694, 0, 
29, 1, 446, 92, -1, 289, 258, 13.0, 23, ABarapapppp, 187, 29809, 15262, 512, , 29809, 25000, 28007, 28172, 0, 
30, 1, 144, 169, -1, 110, 242, 15.9, 24, ABpraapaaaa, 216, 28114, 16981, 604, , 28114, 25000, 27997, 27953, 0, 
31, 1, 336, 228, -1, 470, 124, 17.7, 26, ABplapappa, 134, 27308, 23376, 856, , 27308, 25000, 28586, 28586, 0, 
32, 0, 523, -1, -1, 261, 279, 21.9, 23, , 271, -169, 14314, 496, , 28859, 25000, 29044, 29028, 0, 
33, 1, 7, 432, -1, 227, 187, 20.7, 23, ABplpaapaaa, 206, 27079, 16031, 592, , 27079, 25000, 28518, 28583, 0, 
34, 1, 297, 20, -1, 345, 310, 10.7, 24, MSpapaapa, 198, 30736, 21638, 704, , 30736, 25000, 28926, 29066, 0, 
35, 1, 42, 453, -1, 245, 231, 21.0, 23, ABalpaaapaa, 217, 27744, 14205, 512, , 27744, 25000, 28516, 28614, 0, 
36, 1, 527, 515, -1, 560, 279, 19.3, 27, Eplap, 176, 27725, 25618, 924, , 27725, 25000, 29101, 29065, 0, 
37, 1, 137, 192, -1, 287, 355, 19.4, 25, MSpaaappa, 246, 27869, 23187, 832, , 27869, 25000, 28624, 28668, 0, 
38, 0, 48, -1, -1, 86, 264, 16.0, 24, , -172, 1349, 17617, 608, , 28975, 25000, 27616, 27626, 0, 
39, 1, 18, 109, -1, 401, 196, 13.3, 22, ABplpaaaapp, -10, 28468, 14917, 524, , 28468, 25000, 27967, 27750, 0, 
40, 1, 173, 184, -1, 382, 397, 17.4, 26, Dpppap, 267, 29012, 24138, 832, , 29012, 25000, 28625, 28651, 0, 
41, 1, 158, 311, -1, 154, 167, 21.0, 26, ABalpppaapd, 299, 28951, 24666, 852, , 28951, 25000, 27788, 27894, 0, 
42, 1, 134, 215, -1, 521, 182, 10.0, 23, Cpppppv, 239, 28678, 14683, 512, , 28678, 25000, 28421, 28530, 0, 
43, 1, 117, 516, -1, 280, 241, 22.2, 24, ABalpaapapp, 242, 26639, 17475, 656, , 26639, 25000, 28272, 28345, 0, 
44, 1, 57, 41, -1, 327, 155, 22.1, 23, ABplpaappap, 205, 32036, 15890, 496, , 32036, 25000, 28688, 28723, 0, 
45, 1, 77, 210, -1, 420, 316, 13.8, 29, Earpa, 284, 28191, 31348, 1112, , 28191, 25000, 29849, 29857, 0, 
46, 1, 55, 72, -1, 155, 178, 13.6, 23, ABalpaapppp, 213, 27447, 17566, 640, , 27447, 25000, 27921, 27775, 0, 
47, 1, 104, 237, -1, 213, 273, 25.3, 26, MSapappa, 156, 27696, 23708, 856, , 27696, 25000, 28737, 28752, 0, 
48, 1, 110, 70, -1, 273, 221, 24.4, 24, ABplaapappa, 303, 28517, 19962, 700, , 28517, 25000, 28321, 28313, 0, 
49, 1, 367, 418, -1, 586, 197, 19.5, 30, Capppap, 257, 29597, 36463, 1232, , 29597, 25000, 29614, 29614, 0, 
50, 1, 150, 326, -1, 330, 224, 9.7, 25, ABprpapapaa, 81, 28153, 21509, 764, , 28153, 25000, 28448, 28249, 0, 
51, 1, 312, 60, -1, 414, 211, 21.9, 25, ABplappaaa, 240, 29737, 20459, 688, , 29737, 25000, 28198, 28235, 0, 
52, 1, 433, 225, -1, 165, 309, 7.4, 25, ABprpaapapa, 251, 30511, 25385, 832, , 30511, 25000, 31612, 31733, 0, 
53, 1, 224, 49, -1, 278, 353, 10.1, 22, ABpraapapap, 200, 31619, 14671, 464, , 31619, 25000, 29354, 29610, 0, 
54, 1, 45, 31, -1, 429, 345, 17.0, 32, Earap, 319, 28526, 48723, 1708, , 28526, 25000, 29440, 29467, 0, 
55, 1, 465, 317, -1, 541, 372, 13.6, 28, Caaapa, 271, 26621, 26302, 988, , 26621, 25000, 28463, 28542, 0, 
56, 1, 419, 424, -1, 277, 180, 18.2, 25, MSapapap, 252, 29537, 20794, 704, , 29537, 25000, 28449, 28574, 0, 
57, 1, 373, 40, -1, 318, 356, 20.2, 24, MSpaaappp, 212, 28509, 18702, 656, , 28509, 25000, 27738, 27818, 0, 
58, 1, 271, 117, -1, 250, 165, 11.1, 24, ABalppapapa, 198, 29755, 17972, 604, , 29755, 25000, 28231, 28049, 0, 
59, 0, 431, -1, -1, 204, 157, 11.6, 22, , 310, 729, 16727, 572, , 29243, 25000, 28481, 28514, 0, 
60, 0, 19, -1, -1, 203, 165, 22.4, 23, , 200, 1242, 18550, 640, , 28984, 25000, 27592, 27742, 0, 
61, 1, 91, 77, -1, 229, 272, 21.6, 28, ABaraapaapa, 17, 27661, 27329, 988, , 27661, 25000, 27834, 28018, 0, 
62, 1, 159, 352, -1, 180, 271, 24.5, 24, ABplaaaaaap, 201, 29243, 22459, 768, , 29243, 25000, 28853, 28882, 0, 
63, 1, 207, 346, -1, 177, 185, 16.6, 22, ABalaaaalal, 191, 27647, 15814, 572, , 27647, 25000, 27835, 28035, 0, 
64, 1, 454, 57, -1, 548, 195, 22.4, 27, Cappapa, 276, 27199, 26873, 988, , 27199, 25000, 29763, 29785, 0, 
65, 1, 51, 406, -1, 524, 304, 9.2, 26, Cppaapp, 267, 28711, 22854, 796, , 28711, 25000, 30122, 30251, 0, 
66, 1, 29, 345, -1, 465, 291, 13.4, 31, Z2, 99, 27402, 36500, 1332, , 27402, 25000, 29077, 29096, 0, 
67, 1, 38, 179, -1, 210, 214, 26.1, 27, ABplaaappa, 388, 28306, 25702, 908, , 28306, 25000, 28179, 28262, 0, 
68, 1, 254, 30, -1, 394, 181, 20.5, 28, ABplapaapp, 261, 28806, 31111, 1080, , 28806, 25000, 27888, 27927, 0, 
69, 1, 468, 498, -1, 395, 298, 10.0, 22, MSpapppap, 193, 28180, 10821, 384, , 28180, 25000, 28540, 28531, 0, 
70, 1, 238, 79, -1, 172, 303, 10.5, 24, ABpraapaapa, 206, 26935, 20686, 768, , 26935, 25000, 28595, 28576, 0, 
71, 1, 325, 191, -1, 281, 298, 5.9, 23, ABprpaapaap, 211, 41284, 20477, 496, , 41284, 25000, 36266, 36378, 0, 
72, 1, 225, 38, -1, 545, 327, 7.8, 28, ABprapapaa, 279, 28669, 30160, 1052, , 28669, 25000, 31034, 31054, 0, 
73, 1, 99, 471, -1, 305, 396, 14.6, 27, ABarpppapa, 274, 29554, 29199, 988, , 29554, 25000, 29036, 29136, 0, 
74, 1, 334, 358, -1, 480, 161, 18.9, 24, Capappp, 99, 26568, 16047, 604, , 26568, 25000, 29261, 29280, 0, 
75, 0, 399, -1, -1, 179, 303, 22.1, 22, , 200, -1321, 12813, 464, , 27614, 25000, 28911, 28935, 0, 
76, 1, 171, 272, -1, 137, 310, 12.4, 24, ABarpappaa, 198, 27517, 19262, 700, , 27517, 25000, 27602, 27608, 0, 
77, 1, 120, 213, -1, 470, 217, 12.0, 22, ABplpappppa, 173, 30901, 11866, 384, , 30901, 25000, 29249, 29315, 0, 
78, 0, 388, -1, -1, 274, 297, 14.9, 23, , 158, 1156, 14742, 496, , 29722, 25000, 28283, 28566, 0, 
79, 1, 169, 319, -1, 382, 293, 13.4, 23, MSpapappp, 173, 29363, 18792, 640, , 29363, 25000, 31011, 30875, 0, 
80, 1, 186, 163, -1, 284, 184, 21.6, 24, ABalpppppap, -23, 28977, 20284, 700, , 28977, 25000, 28722, 28727, 0, 
81, 1, 256, 379, -1, 184, 283, 17.8, 27, MSaaaaaa, 178, 27541, 23906, 868, , 27541, 25000, 27940, 27942, 0, 
82, 1, 108, 415, -1, 463, 402, 12.4, 28, Caaaap, 275, 26390, 26073, 988, , 26390, 25000, 28610, 28574, 0, 
83, 1, 394, 273, -1, 152, 167, 16.1, 23, ABalaaaalpa, 198, 26962, 13373, 496, , 26962, 25000, 27310, 27240, 0, 
84, 1, 278, 239, -1, 445, 267, 7.6, 22, ABprppapapp, 196, 30490, 17440, 572, , 30490, 25000, 31159, 31516, 0, 
85, 1, 364, 171, -1, 485, 187, 5.6, 24, ABprappppa, 235, 36789, 25752, 700, , 36789, 25000, 36116, 36370, 0, 
86, 1, 298, 100, -1, 127, 212, 21.6, 24, ABplaapaaap, 215, 28547, 19983, 700, , 28547, 25000, 28311, 28184, 0, 
87, 1, 268, 164, -1, 375, 210, 14.6, 25, ABplppappaa, 210, 27864, 23183, 832, , 27864, 25000, 28537, 28471, 0, 
88, 1, 16, 10, -1, 305, 125, 16.4, 23, ABplppaaaaa, 192, 27445, 17565, 640, , 27445, 25000, 28894, 29082, 0, 
89, 1, 4, 342, -1, 270, 135, 12.4, 23, ABplpaapppp, 231, 26797, 17150, 640, , 26797, 25000, 28434, 28442, 0, 
90, 1, 362, 372, -1, 252, 371, 18.7, 23, MSpppppa, 198, 26936, 15946, 592, , 26936, 25000, 28422, 28453, 0, 
91, 1, 146, 47, -1, 386, 233, 10.3, 24, ABarappappa, -150, 26990, 19001, 704, , 26990, 25000, 27957, 28141, 0, 
92, 1, 342, 452, -1, 407, 238, 22.0, 25, Capaaaa, 220, 28851, 22042, 764, , 28851, 25000, 28738, 28817, 0, 
93, 1, 306, 111, -1, 569, 297, 11.4, 26, Cpppapa, 277, 28743, 23914, 832, , 28743, 25000, 29066, 29094, 0, 
94, 1, 280, 411, -1, 453, 317, 18.4, 32, Ealap, 313, 28927, 42927, 1484, , 28927, 25000, 28882, 28938, 0, 
95, 1, 53, 18, -1, 263, 342, 18.3, 24, MSpaaaapp, 103, 27054, 19046, 704, , 27054, 25000, 28595, 28710, 0, 
96, 1, 105, 35, -1, 330, 227, 6.9, 23, ABprppaapap, 401, 31315, 15532, 496, , 31315, 25000, 33465, 33800, 0, 
97, 1, 61, 328, -1, 298, 130, 13.5, 23, ABplpaapppa, 381, 28983, 18317, 632, , 28983, 25000, 28951, 29173, 0, 
98, 0, 172, -1, -1, 253, 300, 12.6, 23, , 205, -18, 18054, 640, , 28209, 25000, 28185, 28227, 0, 
99, 1, 439, 438, -1, 189, 203, 20.8, 24, ABalppppapa, 271, 26581, 17437, 656, , 26581, 25000, 27734, 27524, 0, 
100, 1, 182, 87, -1, 319, 145, 9.8, 24, ABalpapapap, 239, 30087, 19737, 656, , 30087, 25000, 28795, 28857, 0, 
101, 1, 200, 421, -1, 542, 310, 16.9, 30, Eprap, 296, 27815, 37717, 1356, , 27815, 25000, 29638, 29678, 0, 
102, 1, 139, 130, -1, 270, 398, 16.2, 27, ABarpaappp, 273, 26256, 22790, 868, , 26256, 25000, 27614, 27619, 0, 
103, 1, 442, 156, -1, 377, 204, 12.3, 23, ABplppaappa, 220, 27834, 16478, 592, , 27834, 25000, 28659, 28302, 0, 
104, 1, 354, 281, -1, 213, 294, 6.5, 23, ABpraaaapav, 200, 33657, 21271, 632, , 33657, 25000, 34874, 35209, 0, 
105, 0, 215, -1, -1, 265, 223, 12.9, 23, , 421, 1248, 14342, 496, , 28915, 25000, 27736, 27667, 0, 
106, 1, 101, 101, -1, 226, 316, 16.5, 24, ABaraappapa, 219, 26849, 20620, 768, , 26849, 25000, 28660, 28615, 0, 
107, 1, 441, 552, -1, 370, 212, 21.0, 22, Dapaa, 224, 27867, 10701, 384, , 27867, 25000, 29234, 29289, 0, 
108, 1, 84, 301, -1, 507, 276, 5.3, 23, ABprapapap, 264, 35106, 20783, 592, , 35106, 25000, 36997, 37077, 0, 
109, 1, 237, 107, -1, 245, 382, 14.6, 24, ABarpppaaa, 225, 26986, 18890, 700, , 26986, 25000, 27796, 27933, 0, 
110, 1, 28, 360, -1, 155, 328, 17.4, 24, ABarpapaaap, 240, 28603, 20022, 700, , 28603, 25000, 28221, 28350, 0, 
111, 1, 52, 153, -1, 256, 165, 13.6, 24, ABalppapppa, 30, 28396, 19877, 700, , 28396, 25000, 27808, 27911, 0, 
112, 1, 411, 257, -1, 278, 379, 12.4, 27, ABprapaaaap, 326, 28871, 28525, 988, , 28871, 25000, 28275, 28246, 0, 
113, 1, 309, 32, -1, 226, 160, 17.9, 23, ABplpaaaaaa, 134, 26921, 13353, 496, , 26921, 25000, 27911, 28081, 0, 
114, 1, 405, 322, -1, 475, 144, 9.5, 24, ABplpppapap, 204, 28229, 21680, 768, , 28229, 25000, 28232, 28154, 0, 
115, 1, 414, 385, -1, 534, 166, 19.8, 24, Cappapp, 216, 29072, 19071, 656, , 29072, 25000, 28533, 28533, 0, 
116, 0, 461, -1, -1, 356, 282, 19.7, 22, , 227, 648, 15393, 524, , 29376, 25000, 28754, 28728, 0, 
117, 1, 322, 392, -1, 365, 391, 11.7, 27, ABarpppapp, 270, 27707, 25601, 924, , 27707, 25000, 28404, 28437, 0, 
118, 1, 264, 431, -1, 491, 352, 25.5, 33, Dapppp, 366, 28868, 46881, 1624, , 28868, 25000, 28575, 28575, 0, 
119, 1, 183, 292, -1, 267, 267, 26.3, 24, ABarppaaaa, -178, 28839, 20303, 704, , 28839, 25000, 29545, 29550, 0, 
120, 1, 393, 449, -1, 235, 251, 7.8, 23, ABprpaaappa, 138, 29383, 15867, 540, , 29383, 25000, 30306, 29218, 0, 
121, 1, 149, 104, -1, 393, 295, 20.7, 32, Ealaa, 304, 28295, 44820, 1584, , 28295, 25000, 28752, 28804, 0, 
122, 1, 233, 62, -1, 298, 297, 22.0, 26, ABaraapaapp, -39, 27327, 23283, 852, , 27327, 25000, 28292, 28290, 0, 
123, 1, 290, 66, -1, 298, 322, 6.1, 27, ABprpaappap, 74, 34437, 31269, 908, , 34437, 25000, 35746, 36142, 0, 
124, 1, 248, 472, -1, 337, 192, 24.2, 25, ABplapaaapa, 239, 28845, 20307, 704, , 28845, 25000, 28925, 28892, 0, 
125, 1, 479, 295, -1, 501, 137, 9.4, 24, ABprpppapap, 185, 27937, 19556, 700, , 27937, 25000, 29220, 29605, 0, 
126, 1, 124, 242, -1, 235, 378, 21.8, 29, ABarpaappa, 291, 28239, 31402, 1112, , 28239, 25000, 27977, 27934, 0, 
127, 1, 145, 204, -1, 446, 344, 9.4, 25, Cppaaap, 239, 27903, 23215, 832, , 27903, 25000, 28903, 28962, 0, 
128, 1, 396, 466, -1, 204, 139, 19.7, 24, ABalpppaaaa, 221, 27418, 19302, 704, , 27418, 25000, 27540, 27582, 0, 
129, 1, 127, 259, -1, 365, 258, 25.1, 27, ABarppaapp, 262, 28117, 25530, 908, , 28117, 25000, 28654, 28674, 0, 
130, 1, 457, 271, -1, 520, 306, 25.2, 25, Cappaap, 260, 28882, 20333, 704, , 28882, 25000, 29053, 29051, 0, 
131, 0, 185, -1, -1, 290, 235, 15.2, 23, , 310, -116, 15189, 540, , 28128, 25000, 28450, 28244, 0, 
132, 0, -1, -1, -1, 245, 221, 16.1, 22, , 190, 557, 12956, 464, , 27922, 25000, 27474, 27365, 0, 
133, 1, 417, 463, -1, 468, 155, 15.4, 23, Capappa, 205, 27470, 17581, 640, , 27470, 25000, 28666, 28672, 0, 
134, 1, 432, 386, -1, 389, 378, 7.9, 27, ABarppppap, 261, 27232, 24727, 908, , 27232, 25000, 30498, 30498, 0, 
135, 1, 203, 209, -1, 321, 180, 14.5, 23, ABplpapapaa, 195, 29755, 18805, 632, , 29755, 25000, 29035, 29029, 0, 
136, 1, 49, 25, -1, 492, 318, 20.2, 33, Eplaa, 323, 28582, 49847, 1744, , 28582, 25000, 28918, 28981, 0, 
137, 1, 174, 254, -1, 385, 318, 5.8, 26, ABprapaapp, 252, 36351, 28935, 796, , 36351, 25000, 34499, 34423, 0, 
138, 0, -1, -1, -1, 594, 186, 11.3, 23, , 220, 990, 17370, 592, , 29341, 25000, 28191, 28351, 0, 
139, 1, 521, 334, -1, 374, 351, 21.3, 28, MSaaappp, 220, 28266, 30075, 1064, , 28266, 25000, 28809, 28923, 0, 
140, 1, 94, 378, -1, 291, 292, 13.5, 23, ABarapaappp, 184, 26663, 16851, 632, , 26663, 25000, 29419, 29411, 0, 
141, 1, 85, 426, -1, 536, 118, 14.1, 25, ABplappppp, -63, 27289, 18775, 688, , 27289, 25000, 27909, 27946, 0, 
142, 1, 27, 168, -1, 173, 236, 9.2, 24, ABarapppaaa, 307, 27503, 18042, 656, , 27503, 25000, 28421, 28491, 0, 
143, 1, 8, 586, -1, 151, 222, 9.6, 26, ABalaapaapp, 373, 26335, 21911, 832, , 26335, 25000, 28069, 28067, 0, 
144, 1, 528, 495, -1, 175, 240, 12.0, 21, ABalaapaaar, 92, 27141, 10422, 384, , 27141, 25000, 28097, 28005, 0, 
145, 1, 249, 448, -1, 433, 209, 16.6, 24, ABplppapapp, 162, 27663, 19364, 700, , 27663, 25000, 28126, 28033, 0, 
146, 1, 213, 150, -1, 147, 295, 24.0, 26, ABplaaaapa, 247, 28873, 24600, 852, , 28873, 25000, 28079, 28048, 0, 
147, 1, 88, 323, -1, 208, 216, 22.9, 26, ABalapaaaa, 218, 28071, 22457, 800, , 28071, 25000, 28405, 28344, 0, 
148, 1, 324, 218, -1, 228, 146, 9.5, 24, ABplaappaa, 339, 28355, 21777, 768, , 28355, 25000, 27976, 27947, 0, 
149, 1, 408, 370, -1, 217, 247, 23.2, 24, MSapaaap, 547, 26133, 17143, 656, , 26133, 25000, 28336, 28427, 0, 
150, 1, 112, 46, -1, 313, 262, 11.5, 22, MSpapaaaa, 181, 29543, 15126, 512, , 29543, 25000, 28019, 28090, 0, 
151, 0, 413, -1, -1, 347, 134, 11.5, 23, , -39, 1736, 18409, 632, , 29128, 25000, 27457, 27392, 0, 
152, 1, 493, 501, -1, 152, 209, 19.5, 23, ABalapaaapa, 205, 29750, 18802, 632, , 29750, 25000, 27865, 27911, 0, 
153, 1, 539, 88, -1, 193, 247, 8.4, 22, ABarappppap, 181, 29341, 16783, 572, , 29341, 25000, 28656, 29030, 0, 
154, 1, 516, 318, -1, 234, 139, 12.0, 26, ABalppapapp, 262, 27478, 23411, 852, , 27478, 25000, 27914, 27770, 0, 
155, 1, 74, 489, -1, 301, 352, 11.6, 23, MSppapaa, 214, 28767, 18411, 640, , 28767, 25000, 27877, 27889, 0, 
156, 1, 307, 149, -1, 569, 191, 12.6, 25, Cpppppd, 291, 29805, 24798, 832, , 29805, 25000, 29806, 29813, 0, 
157, 1, 321, 81, -1, 313, 181, 6.7, 25, ABarappapap, 240, 34327, 26226, 764, , 34327, 25000, 34862, 35086, 0, 
158, 1, 263, 291, -1, 521, 242, 10.1, 22, ABprpppppap, 202, 29420, 13651, 464, , 29420, 25000, 28486, 28521, 0, 
159, 1, 359, 456, -1, 475, 185, 14.8, 23, ABplppppaaa, 218, 27922, 15078, 540, , 27922, 25000, 28340, 28262, 0, 
160, 1, 157, 238, -1, 481, 233, 23.1, 27, Capaapa, 274, 27601, 25062, 908, , 27601, 25000, 28241, 28185, 0, 
161, 1, 420, 220, -1, 333, 303, 21.6, 24, MSaaapapa, 124, 28766, 20136, 700, , 28766, 25000, 28587, 28705, 0, 
162, 1, 246, 384, -1, 425, 206, 12.6, 23, ABplppaappp, 188, 28227, 18065, 640, , 28227, 25000, 28303, 28353, 0, 
163, 1, 86, 407, -1, 117, 291, 20.1, 26, ABarpapapa, 248, 27249, 21799, 800, , 27249, 25000, 27807, 27829, 0, 
164, 1, 380, 147, -1, 515, 337, 17.0, 30, Earpp, 300, 29419, 39657, 1348, , 29419, 25000, 29628, 29686, 0, 
165, 1, 250, 223, -1, 475, 276, 8.8, 23, MSpappap, 226, 26965, 14561, 540, , 26965, 25000, 30072, 30066, 0, 
166, 1, 90, 138, -1, 263, 248, 12.4, 24, ABarapaaaap, 90, 27350, 19145, 700, , 27350, 25000, 28050, 28365, 0, 
167, 1, 181, 353, -1, 325, 403, 17.3, 31, ABarppaapa, 309, 26793, 36653, 1368, , 26793, 25000, 28053, 28076, 0, 
168, 0, 455, -1, -1, 482, 163, 7.0, 22, , 158, -425, 11813, 384, , 30763, 25000, 31280, 31188, 0, 
169, 1, 151, 211, -1, 559, 277, 7.5, 26, ABarpppppp, 242, 28753, 25763, 896, , 28753, 25000, 32252, 32259, 0, 
170, 1, 143, 266, -1, 139, 320, 21.1, 25, ABarpaapaa, 4, 26663, 18344, 688, , 26663, 25000, 27793, 27769, 0, 
171, 1, 154, 14, -1, 265, 333, 10.3, 24, ABpraapapaa, -44, 28506, 20068, 704, , 28506, 25000, 28910, 29056, 0, 
172, 0, 31, -1, -1, 517, 152, 7.0, 24, , -21, 372, 21155, 608, , 34794, 25000, 34151, 34422, 0, 
173, 1, 206, 27, -1, 302, 151, 14.1, 22, ABplpapaapp, 177, 29638, 13752, 464, , 29638, 25000, 27782, 27667, 0, 
174, 1, 265, 235, -1, 461, 177, 21.6, 27, ABplappapp, 5, 28115, 27778, 988, , 28115, 25000, 28094, 28053, 0, 
175, 0, 228, -1, -1, 262, 303, 18.5, 22, , 198, 937, 15296, 512, , 29875, 25000, 28896, 28938, 0, 
176, 1, 128, 412, -1, 232, 247, 20.5, 22, ABalpaapaap, 177, 27240, 13947, 512, , 27240, 25000, 27566, 27800, 0, 
177, 1, 202, 430, -1, 196, 262, 10.2, 24, ABarappppaa, 202, 28096, 18431, 656, , 28096, 25000, 28679, 28809, 0, 
178, 1, 65, 320, -1, 303, 145, 20.9, 24, ABplpaapaap, 198, 29396, 17755, 604, , 29396, 25000, 28140, 28519, 0, 
179, 1, 82, 181, -1, 505, 156, 12.8, 23, Cappppv, 208, 27281, 14732, 540, , 27281, 25000, 28516, 28606, 0, 
180, 1, 223, 522, -1, 380, 261, 16.4, 26, MSaapappp, 261, 28477, 23693, 832, , 28477, 25000, 29544, 29748, 0, 
181, 1, 165, 143, -1, 165, 320, 24.1, 25, ABplaaaapp, -159, 27573, 18970, 688, , 27573, 25000, 28437, 28435, 0, 
182, 1, 140, 409, -1, 508, 182, 6.4, 22, ABprpppapaa, 190, 35587, 20356, 572, , 35587, 25000, 35987, 36011, 0, 
183, 1, 383, 445, -1, 204, 196, 12.0, 22, ABalpapaapa, 213, 31604, 12136, 384, , 31604, 25000, 29023, 29296, 0, 
184, 1, 338, 39, -1, 192, 353, 16.4, 27, MSppappa, 229, 27427, 27098, 988, , 27427, 25000, 28371, 28488, 0, 
185, 1, 416, 53, -1, 503, 273, 25.3, 28, Capapaa, 273, 27964, 29754, 1064, , 27964, 25000, 28906, 28919, 0, 
186, 0, 259, -1, -1, 277, 353, 22.0, 23, , 325, 203, 15072, 512, , 29438, 25000, 29214, 29235, 0, 
187, 1, 284, 434, -1, 308, 321, 13.8, 24, ABaraapppaa, 176, 28428, 18649, 656, , 28428, 25000, 28616, 28897, 0, 
188, 1, 403, 388, -1, 237, 338, 18.0, 24, MSpaaaapa, 191, 26660, 16209, 608, , 26660, 25000, 27903, 28302, 0, 
189, 1, 504, 264, -1, 495, 190, 12.5, 22, ABplpappppp, 211, 30152, 15438, 512, , 30152, 25000, 28681, 28727, 0, 
190, 1, 426, 397, -1, 151, 295, 17.5, 24, ABarpapaaaa, 195, 28055, 21546, 768, , 28055, 25000, 28160, 28092, 0, 
191, 1, 30, 142, -1, 320, 247, 13.9, 24, ABarapapppa, 159, 27859, 16827, 604, , 27859, 25000, 28578, 28517, 0, 
192, 0, 130, -1, -1, 155, 282, 12.1, 22, , 99, 2271, 14280, 464, , 30776, 25000, 28453, 28505, 0, 
193, 1, 267, 69, -1, 355, 359, 9.1, 23, ABprapaaapp, 215, 28107, 13941, 496, , 28107, 25000, 28668, 28667, 0, 
194, 1, 335, 33, -1, 291, 320, 17.2, 22, MSpaapaaa, 191, 29206, 14486, 496, , 29206, 25000, 28787, 28789, 0, 
195, 0, 191, -1, -1, 394, 161, 13.1, 23, , 45, 319, 13651, 496, , 27522, 25000, 27277, 27203, 0, 
196, 1, 379, 176, -1, 501, 180, 17.5, 22, ABplpppppap, 205, 29031, 14864, 512, , 29031, 25000, 28226, 28347, 0, 
197, 1, 17, 118, -1, 232, 313, 25.4, 27, MSappppa, 271, 29519, 29165, 988, , 29519, 25000, 29975, 30063, 0, 
198, 1, 204, 126, -1, 255, 340, 22.0, 25, MSpaaaaaa, 235, 29880, 22828, 764, , 29880, 25000, 30420, 30097, 0, 
199, 1, 188, 302, -1, 190, 228, 14.3, 24, ABaraaappaa, 214, 27330, 19240, 704, , 27330, 25000, 27919, 27853, 0, 
200, 1, 448, 444, -1, 174, 183, 22.9, 25, ABplaapaapa, 263, 28997, 19950, 688, , 28997, 25000, 28360, 28501, 0, 
201, 1, 316, 193, -1, 386, 235, 27.0, 26, ABarppapap, 241, 29466, 25105, 852, , 29466, 25000, 28246, 28210, 0, 
202, 1, 102, 189, -1, 568, 206, 9.4, 23, ABprapapppp, 194, 26911, 17223, 640, , 26911, 25000, 28946, 29047, 0, 
203, 1, 63, 167, -1, 263, 132, 16.3, 26, ABplpaaapap, 288, 26977, 23092, 856, , 26977, 25000, 27758, 27591, 0, 
204, 1, 305, 394, -1, 297, 207, 17.0, 23, ABalpappppp, 235, 26635, 13637, 512, , 26635, 25000, 27982, 27863, 0, 
205, 1, 412, 174, -1, 301, 387, 9.6, 25, ABarpppaap, 200, 26448, 22005, 832, , 26448, 25000, 28171, 28173, 0, 
206, 1, 398, 454, -1, 209, 176, 24.2, 27, ABplaapaapp, 276, 28843, 25036, 868, , 28843, 25000, 28726, 28944, 0, 
207, 1, 210, 50, -1, 350, 171, 9.5, 26, ABplpaaaapa, 259, 30241, 27096, 896, , 30241, 25000, 28870, 28890, 0, 
208, 1, 404, 231, -1, 463, 129, 12.2, 23, ABplappppa, 108, 26704, 14420, 540, , 26704, 25000, 27513, 27347, 0, 
209, 1, 406, 553, -1, 432, 337, 23.4, 31, Dapppa, 237, 28994, 38620, 1332, , 28994, 25000, 29009, 29043, 0, 
210, 1, 269, 205, -1, 216, 254, 4.4, 23, ABprpaapapp, 192, 35853, 22946, 640, , 35853, 25000, 36750, 36414, 0, 
211, 1, 466, 390, -1, 195, 209, 15.4, 22, ABalpaappaa, 240, 28600, 16359, 572, , 28600, 25000, 28208, 28375, 0, 
212, 0, 170, -1, -1, 293, 368, 7.4, 23, , 276, -2342, 19326, 640, , 30197, 25000, 32329, 32539, 0, 
213, 1, 43, 9, -1, 429, 261, 9.8, 24, ABprppapapa, 230, 27773, 18219, 656, , 27773, 25000, 30052, 30015, 0, 
214, 1, 47, 435, -1, 253, 298, 6.7, 24, ABprpaaaaap, 207, 31271, 22015, 704, , 31271, 25000, 33357, 33456, 0, 
215, 1, 23, 82, -1, 324, 328, 21.5, 24, MSpaaapaa, 197, 29259, 22471, 768, , 29259, 25000, 28768, 28753, 0, 
216, 1, 415, 347, -1, 519, 205, 6.7, 24, ABprpppaapp, 236, 35408, 24927, 704, , 35408, 25000, 34821, 35310, 0, 
217, 1, 180, 63, -1, 241, 354, 12.2, 24, ABpraapappa, 263, 29314, 19230, 656, , 29314, 25000, 28373, 28360, 0, 
218, 0, 509, -1, -1, 284, 267, 7.4, 22, , 217, -2695, 16808, 572, , 29385, 25000, 31941, 32080, 0, 
219, 1, 244, 279, -1, 506, 190, 21.6, 25, Capaapp, 250, 29401, 24462, 832, , 29401, 25000, 28837, 28837, 0, 
220, 1, 329, 263, -1, 160, 285, 8.6, 22, ABpraaaaapv, 303, 29288, 16753, 572, , 29288, 25000, 29097, 29100, 0, 
221, 0, 222, -1, -1, 235, 243, 24.6, 23, , -75, 387, 18744, 640, , 29288, 25000, 28716, 28901, 0, 
222, 1, 70, 16, -1, 367, 149, 14.5, 25, ABplapaapa, 237, 26276, 20180, 768, , 26276, 25000, 27917, 27804, 0, 
223, 1, 311, 120, -1, 271, 187, 8.6, 24, ABarappapaa, 221, 29927, 20949, 700, , 29927, 25000, 29048, 29523, 0, 
224, 1, 327, 188, 321, 230, 304, 20.1, 24, MSaaaaapa, 188, 28235, 17054, 604, , 28235, 25000, 28459, 28491, 0, 
225, 1, 339, 78, -1, 185, 248, 5.1, 22, ABpraaaaaap, 221, 48054, 22297, 464, , 48054, 25000, 43232, 43059, 0, 
226, 1, 219, 5, -1, 345, 244, 13.9, 24, ABarapapapp, 217, 27205, 16432, 604, , 27205, 25000, 28786, 29064, 0, 
227, 1, 54, 59, -1, 243, 200, 12.4, 27, ABarapapapa, -12, 28488, 28146, 988, , 28488, 25000, 28033, 28168, 0, 
228, 0, 187, -1, -1, 206, 330, 10.9, 22, , 164, 1827, 13887, 464, , 29929, 25000, 27832, 28102, 0, 
229, 1, 430, 246, -1, 497, 120, 14.8, 22, ABplpppaapp, 197, 26788, 13287, 496, , 26788, 25000, 28613, 28722, 0, 
230, 0, 387, -1, -1, 509, 118, 18.4, 24, , 239, 1134, 20701, 700, , 29573, 25000, 28282, 28439, 0, 
231, 1, 193, 76, -1, 249, 283, 14.4, 25, ABarapaapaa, 207, 26835, 22327, 832, , 26835, 25000, 28009, 28115, 0, 
232, 1, 46, 43, -1, 541, 135, 17.1, 26, ABplapapppp, 265, 27019, 21615, 800, , 27019, 25000, 28494, 28480, 0, 
233, 1, 24, 416, -1, 500, 263, 10.9, 23, ABprpppppaa, 202, 28091, 13933, 496, , 28091, 25000, 28099, 28200, 0, 
234, 1, 402, 3, -1, 300, 361, 22.2, 23, MSaaaapaa, 189, 28050, 15147, 540, , 28050, 25000, 28106, 28187, 0, 
235, 1, 397, 423, -1, 332, 231, 23.3, 24, MSapapaa, 231, 30044, 21151, 704, , 30044, 25000, 29189, 29091, 0, 
236, 1, 502, 339, -1, 362, 314, 26.3, 29, Cpaaaa, 264, 28101, 30012, 1068, , 28101, 25000, 28392, 28435, 0, 
237, 1, 378, 173, -1, 511, 144, 22.1, 26, ABarppappp, 239, 28111, 22489, 800, , 28111, 25000, 27878, 27884, 0, 
238, 0, 374, -1, -1, 297, 238, 17.5, 22, , 195, 223, 14815, 512, , 28936, 25000, 28692, 28713, 0, 
239, 1, 100, 461, -1, 523, 245, 5.6, 25, ABprapappa, 255, 41202, 34280, 832, , 41202, 25000, 39567, 39825, 0, 
240, 1, 456, 293, -1, 327, 229, 20.2, 23, ABaraapappa, 65, 29374, 15862, 540, , 29374, 25000, 28699, 28759, 0, 
241, 1, 3, 194, -1, 418, 326, 6.4, 28, ABprappaaa, 253, 31922, 31539, 988, , 31922, 25000, 33066, 33158, 0, 
242, 1, 14, 115, -1, 199, 179, 25.8, 25, ABplaaapap, 214, 28338, 19950, 704, , 28338, 25000, 28593, 28550, 0, 
243, 1, 288, 222, -1, 137, 190, 15.5, 23, ABalaaaarla, 74, 27223, 17205, 632, , 27223, 25000, 27311, 27246, 0, 
244, 1, 36, 202, -1, 435, 226, 10.5, 25, ABprppaappp, 219, 28419, 21826, 768, , 28419, 25000, 29017, 29309, 0, 
245, 1, 116, 505, -1, 240, 208, 24.4, 26, ABalpppappp, 167, 28917, 24059, 832, , 28917, 25000, 28730, 28669, 0, 
246, 1, 363, 267, -1, 254, 241, 14.4, 23, ABarapaaapa, 204, 27128, 17362, 640, , 27128, 25000, 27930, 27958, 0, 
247, 1, 384, 91, -1, 167, 205, 17.2, 24, ABalaaaalar, 218, 28393, 18626, 656, , 28393, 25000, 27960, 27809, 0, 
248, 1, 282, 24, -1, 557, 176, 8.0, 27, ABprappppp, 257, 28305, 29211, 1032, , 28305, 25000, 30478, 30664, 0, 
249, 1, 33, 357, -1, 547, 341, 12.1, 27, Cppapap, 116, 27126, 24630, 908, , 27126, 25000, 28994, 28969, 0, 
250, 1, 376, 337, -1, 301, 212, 6.2, 22, ABprpapaapp, 198, 36540, 18124, 496, , 36540, 25000, 37610, 37081, 0, 
251, 1, 257, 26, -1, 535, 201, 16.3, 31, Eplpp, 312, 27273, 37310, 1368, , 27273, 25000, 29529, 29544, 0, 
252, 1, 410, 230, -1, 221, 146, 15.6, 22, ABplpaaapaa, -72, 29234, 16722, 572, , 29234, 25000, 28550, 28217, 0, 
253, 1, 286, 330, -1, 140, 219, 12.2, 24, ABalaaaarra, 202, 27319, 17921, 656, , 27319, 25000, 27955, 27937, 0, 
254, 1, 261, 74, -1, 369, 226, 11.2, 23, ABprppaappa, 177, 28633, 15462, 540, , 28633, 25000, 28549, 28783, 0, 
255, 0, 253, -1, -1, 261, 269, 8.5, 22, , 175, 498, 15013, 512, , 29322, 25000, 28629, 28824, 0, 
256, 0, 121, -1, -1, 527, 108, 15.9, 22, , 220, 14, 13019, 464, , 28058, 25000, 28049, 28044, 0, 
257, 1, 245, 165, -1, 524, 138, 10.8, 24, ABplppppppa, -23, 27395, 17971, 656, , 27395, 25000, 29305, 29645, 0, 
258, 1, 529, 488, -1, 526, 154, 8.9, 20, ABprppppppa, 137, 30136, 9523, 316, , 30136, 25000, 29573, 29802, 0, 
259, 1, 344, 71, -1, 454, 200, 19.4, 24, MSpappaa, 227, 27987, 19591, 700, , 27987, 25000, 28150, 28157, 0, 
260, 1, 92, 64, -1, 309, 212, 12.4, 22, ABplpappaaa, 203, 26935, 15407, 572, , 26935, 25000, 29019, 29174, 0, 
261, 1, 76, 128, -1, 157, 251, 21.3, 25, ABplaaaaaaa, -112, 27407, 20939, 764, , 27407, 25000, 28483, 28228, 0, 
262, 1, 96, 422, -1, 204, 303, 23.4, 26, MSapappp, 257, 27061, 22515, 832, , 27061, 25000, 28126, 28154, 0, 
263, 1, 526, 354, -1, 173, 224, 23.8, 21, ABalapapppp, -319, 27072, 11587, 428, , 27072, 25000, 27795, 27840, 0, 
264, 1, 499, 482, -1, 233, 207, 5.4, 24, ABpraappaa, 268, 41679, 29175, 700, , 41679, 25000, 38975, 40877, 0, 
265, 1, 437, 229, -1, 384, 340, 16.5, 33, Earaa, 339, 27795, 45139, 1624, , 27795, 25000, 29472, 29507, 0, 
266, 1, 463, 369, -1, 128, 304, 16.6, 22, ABarpaaapap, 196, 29007, 16592, 572, , 29007, 25000, 27960, 27991, 0, 
267, 1, 115, 65, -1, 389, 213, 16.7, 24, ABplppapaap, 105, 27554, 19398, 704, , 27554, 25000, 27815, 27772, 0, 
268, 1, 277, 436, -1, 551, 234, 18.4, 31, Eplpa, 318, 28246, 37624, 1332, , 28246, 25000, 29865, 29868, 0, 
269, 1, 50, 419, -1, 305, 170, 9.3, 23, ABprpappaap, 180, 28463, 16850, 592, , 28463, 25000, 29501, 29336, 0, 
270, 1, 308, 410, -1, 586, 326, 12.3, 28, Caaapp, 77, 26536, 28234, 1064, , 26536, 25000, 28173, 28205, 0, 
271, 1, 168, 44, -1, 441, 243, 9.5, 22, ABprppapppa, 176, 28543, 14614, 512, , 28543, 25000, 29437, 29783, 0, 
272, 1, 44, 155, -1, 531, 236, 14.1, 31, Eprpp, 306, 27957, 41377, 1480, , 27957, 25000, 29603, 29738, 0, 
273, 1, 10, 331, -1, 202, 129, 16.3, 23, ABalpppaaap, 212, 27221, 16115, 592, , 27221, 25000, 27331, 27516, 0, 
274, 1, 389, 417, -1, 461, 236, 6.4, 29, ABprpppaaap, 278, 32853, 37978, 1156, , 32853, 25000, 33496, 33932, 0, 
275, 1, 464, 475, -1, 114, 247, 20.2, 26, ABarpaaaaal, 210, 28827, 22946, 796, , 28827, 25000, 28583, 28392, 0, 
276, 1, 476, 437, -1, 393, 163, 15.1, 26, ABplppapaaa, 243, 28338, 22670, 800, , 28338, 25000, 27350, 27424, 0, 
277, 1, 58, 131, -1, 558, 161, 14.6, 27, Cappppd, 245, 27020, 26696, 988, , 27020, 25000, 29063, 29244, 0, 
278, 1, 211, 420, 502, 299, 175, 24.5, 25, ABalppppppa, 230, 26964, 20708, 768, , 26964, 25000, 28413, 28414, 0, 
279, 1, 434, 152, -1, 567, 234, 7.0, 22, ABprapppaap, 226, 32409, 12445, 384, , 32409, 25000, 33870, 34186, 0, 
280, 1, 239, 13, -1, 360, 312, 21.8, 22, MSaaapapp, 196, 28042, 13909, 496, , 28042, 25000, 28576, 28633, 0, 
281, 1, 93, 425, -1, 362, 231, 6.4, 26, ABarappappp, 246, 33117, 27553, 832, , 33117, 25000, 33416, 34166, 0, 
282, 0, 462, -1, -1, 253, 176, 22.0, 23, , 161, -244, 14584, 512, , 28484, 25000, 28464, 28728, 0, 
283, 1, 218, 274, -1, 366, 210, 23.4, 28, ABplapaaapp, 504, 28401, 28060, 988, , 28401, 25000, 28874, 29068, 0, 
284, 1, 72, 387, -1, 462, 328, 6.1, 25, ABprappaap, 84, 32396, 20604, 636, , 32396, 25000, 34276, 34312, 0, 
285, 1, 107, 284, -1, 312, 256, 20.9, 26, ABaraapapaa, 253, 28348, 22678, 800, , 28348, 25000, 28549, 28566, 0, 
286, 1, 258, 428, -1, 176, 214, 7.7, 22, ABarapppaap, 175, 28435, 14900, 524, , 28435, 25000, 31743, 31957, 0, 
287, 1, 83, 21, -1, 273, 312, 21.3, 23, MSaaaaapp, 198, 29731, 17601, 592, , 29731, 25000, 29547, 29787, 0, 
288, 1, 407, 286, -1, 454, 308, 25.3, 30, Cappaaa, 308, 29485, 38566, 1308, , 29485, 25000, 28621, 28612, 0, 
289, 1, 391, 446, -1, 499, 152, 16.6, 24, ABplpppaapa, 172, 28857, 20200, 700, , 28857, 25000, 28567, 28700, 0, 
290, 1, 514, 278, -1, 216, 195, 10.4, 22, ABarappaapa, 176, 28629, 16376, 572, , 28629, 25000, 29517, 29400, 0, 
291, 1, 155, 297, -1, 477, 172, 11.4, 22, ABplppppapp, 207, 27133, 15520, 572, , 27133, 25000, 29492, 29544, 0, 
292, 1, 66, 403, -1, 266, 207, 15.9, 27, ABalpaaaaap, 236, 29107, 26429, 908, , 29107, 25000, 28160, 28314, 0, 
293, 1, 503, 247, -1, 167, 202, 14.7, 22, ABalpaapppa, 189, 28326, 14843, 524, , 28326, 25000, 28078, 28103, 0, 
294, 1, 251, 112, -1, 325, 140, 16.1, 24, ABplppaapap, 201, 28455, 17187, 604, , 28455, 25000, 28127, 28193, 0, 
295, 1, 346, 141, -1, 165, 210, 11.2, 24, ABaraaapppa, 242, 28111, 18441, 656, , 28111, 25000, 28591, 28729, 0, 
296, 1, 34, 172, -1, 499, 220, 10.8, 23, ABprppppaap, 234, 27898, 15065, 540, , 27898, 25000, 28981, 29355, 0, 
297, 1, 25, 262, -1, 302, 211, 24.1, 24, ABplaapapap, 73, 28944, 17482, 604, , 28944, 25000, 28809, 28722, 0, 
298, 1, 435, 373, -1, 185, 361, 12.6, 24, ABarpapppa, 255, 27441, 19209, 700, , 27441, 25000, 27276, 27259, 0, 
299, 0, 483, -1, -1, 143, 280, 20.0, 22, , 154, -943, 10653, 384, , 27742, 25000, 28909, 28685, 0, 
300, 1, 166, 80, -1, 320, 353, 8.5, 26, ABprapaaapa, 254, 27535, 24671, 896, , 27535, 25000, 30068, 30104, 0, 
301, 1, 473, 474, -1, 121, 214, 15.3, 23, ABalaaaparr, 220, 27247, 16130, 592, , 27247, 25000, 27887, 27896, 0, 
302, 1, 337, 509, -1, 424, 350, 26.5, 32, Cpaaap, 319, 27467, 39333, 1432, , 27467, 25000, 28639, 28554, 0, 
303, 1, 160, 383, -1, 265, 181, 25.4, 26, ABplaapappp, 221, 29668, 24684, 832, , 29668, 25000, 29354, 29359, 0, 
304, 1, 163, 233, -1, 323, 296, 11.4, 26, ABaraappppp, 260, 27972, 23273, 832, , 27972, 25000, 28945, 29062, 0, 
305, 1, 226, 2, -1, 282, 142, 20.3, 24, ABplpaaaaap, 168, 27273, 19200, 704, , 27273, 25000, 28440, 28313, 0, 
306, 1, 273, 51, -1, 168, 255, 14.6, 23, ABalaapaaal, 175, 26866, 17194, 640, , 26866, 25000, 27334, 27317, 0, 
307, 1, 201, 377, -1, 365, 277, 11.2, 22, MSpapapap, 67, 45780, 22707, 496, , 45780, 25000, 32121, 32488, 0, 
308, 1, 519, 129, -1, 447, 217, 8.1, 20, ABprpppaaaa, 141, 27275, 8619, 316, , 27275, 25000, 27883, 27797, 0, 
309, 1, 255, 265, -1, 115, 283, 14.6, 25, ABpraapaaap, 198, 26837, 22328, 832, , 26837, 25000, 27162, 27089, 0, 
310, 1, 401, 11, -1, 159, 337, 11.5, 24, ABarpappap, 229, 26372, 20254, 768, , 26372, 25000, 27062, 26941, 0, 
311, 1, 381, 221, -1, 262, 149, 24.1, 25, ABalpppppppa, 369, 26459, 18204, 688, , 26459, 25000, 28430, 28385, 0, 
312, 0, 232, -1, -1, 276, 246, 20.1, 23, , -48, 3, 14110, 496, , 28448, 25000, 28323, 28445, 0, 
313, 1, 409, 268, -1, 293, 327, 22.2, 22, MSaaaapap, 166, 29230, 14498, 496, , 29230, 25000, 29169, 29073, 0, 
314, 1, 81, 355, -1, 258, 161, 20.9, 23, ABalpppppaa, 196, 27236, 13509, 496, , 27236, 25000, 28923, 28839, 0, 
315, 0, 356, -1, -1, 391, 314, 14.9, 23, , 226, -867, 14314, 496, , 28859, 25000, 29647, 29726, 0, 
316, 1, 611, 427, -1, 163, 159, 18.0, 20, ABalaaapall, 229, 27348, 8642, 316, , 27348, 25000, 27420, 26952, 0, 
317, 1, 400, 216, -1, 484, 241, 10.3, 23, ABprppppaaa, 228, 27872, 16500, 592, , 27872, 25000, 28775, 28796, 0, 
318, 1, 310, 313, -1, 386, 255, 8.1, 23, ABprppapaaa, 217, 27788, 13783, 496, , 27788, 25000, 29870, 30067, 0, 
319, 1, 423, 249, -1, 500, 355, 7.7, 27, ABarpppppa, 250, 27695, 25590, 924, , 27695, 25000, 30378, 30413, 0, 
320, 1, 494, 344, -1, 363, 286, 8.1, 23, MSpapppaa, 232, 29633, 14698, 496, , 29633, 25000, 30366, 30354, 0, 
321, 0, 508, -1, -1, 123, 275, 22.8, 22, , 152, 2530, 15489, 496, , 31228, 25000, 28529, 28698, 0, 
322, 1, 214, 123, -1, 335, 375, 14.0, 24, Dpaap, 189, 26706, 16237, 608, , 26706, 25000, 28555, 28574, 0, 
323, 1, 132, 29, -1, 305, 205, 22.0, 24, ABplaapapaa, 228, 28090, 17079, 608, , 28090, 25000, 28678, 28770, 0, 
324, 1, 164, 151, -1, 445, 247, 22.4, 25, Capaaap, 250, 28311, 23555, 832, , 28311, 25000, 28263, 28272, 0, 
325, 1, 341, 348, -1, 192, 149, 13.6, 25, ABalppapaap, 180, 27135, 22576, 832, , 27135, 25000, 28160, 28019, 0, 
326, 1, 152, 494, -1, 370, 155, 21.5, 29, ABplaapppp, 291, 27839, 30066, 1080, , 27839, 25000, 28616, 28679, 0, 
327, 1, 114, 198, -1, 194, 178, 13.8, 26, ABalpapaaaa, -49, 28671, 22822, 796, , 28671, 25000, 28437, 28367, 0, 
328, 1, 26, 340, -1, 574, 252, 11.1, 26, Cpppapp, 236, 30794, 24635, 800, , 30794, 25000, 29624, 29623, 0, 
329, 1, 40, 310, -1, 276, 219, 20.4, 24, ABalpapppaa, 187, 26907, 18835, 700, , 26907, 25000, 28606, 28807, 0, 
330, 1, 80, 157, -1, 203, 253, 19.5, 24, ABaraapaaaa, 202, 29335, 22529, 768, , 29335, 25000, 27205, 27309, 0, 
331, 1, 20, 258, -1, 185, 149, 22.6, 28, ABplpaapapa, 234, 28164, 27826, 988, , 28164, 25000, 27693, 27701, 0, 
332, 1, 320, 190, -1, 530, 220, 8.4, 23, ABprpppaapa, 202, 27683, 17717, 640, , 27683, 25000, 29800, 29830, 0, 
333, 1, 418, 361, -1, 500, 385, 15.2, 26, Cpppaap, 236, 29006, 23089, 796, , 29006, 25000, 28950, 28969, 0, 
334, 1, 199, 90, -1, 331, 231, 18.1, 28, ABaraapappp, 239, 29063, 31620, 1088, , 29063, 25000, 29032, 28920, 0, 
335, 1, 323, 349, -1, 186, 343, 19.5, 28, MSppappp, 201, 28807, 31112, 1080, , 28807, 25000, 28121, 28168, 0, 
336, 1, 148, 309, -1, 183, 282, 6.5, 23, ABpraaaaaaa, -18, 33085, 20910, 632, , 33085, 25000, 36916, 37728, 0, 
337, 1, 41, 6, -1, 361, 261, 14.7, 27, ABalpappapp, 197, 29979, 27701, 924, , 29979, 25000, 30407, 30428, 0, 
338, 1, 89, 351, -1, 464, 249, 12.6, 24, MSppaapp, 239, 28271, 19790, 700, , 28271, 25000, 28430, 28748, 0, 
339, 1, 517, 508, -1, 460, 188, 13.0, 22, ABplpapppaa, 170, 29919, 11489, 384, , 29919, 25000, 27847, 27773, 0, 
340, 1, 275, 470, -1, 151, 222, 15.5, 26, ABalaaaarlp, 196, 27583, 24714, 896, , 27583, 25000, 28226, 28160, 0, 
341, 0, 79, -1, -1, 342, 190, 5.3, 24, , 230, -2221, 25036, 704, , 35563, 25000, 37427, 37784, 0, 
342, 1, 467, 481, -1, 165, 321, 19.9, 22, ABalapppapp, 185, 28166, 13069, 464, , 28166, 25000, 28674, 28804, 0, 
343, 1, 125, 108, -1, 540, 199, 9.8, 22, ABprapppapp, 230, 28216, 13995, 496, , 28216, 25000, 28244, 28253, 0, 
344, 1, 443, 290, -1, 249, 318, 8.7, 22, ABpraaappap, 168, 29975, 15707, 524, , 29975, 25000, 29430, 29537, 0, 
345, 1, 32, 365, -1, 215, 349, 12.2, 23, ABpraaaappp, 194, 27754, 14987, 540, , 27754, 25000, 28156, 28273, 0, 
346, 1, 59, 89, -1, 448, 375, 7.6, 27, ABprappapa, 276, 29676, 29320, 988, , 29676, 25000, 30577, 30620, 0, 
347, 1, 270, 289, -1, 234, 354, 9.2, 28, ABpraapappp, 491, 28212, 29679, 1052, , 28212, 25000, 29218, 29279, 0, 
348, 1, 220, 162, -1, 243, 226, 18.8, 23, ABaraaaaaap, 198, 28154, 15203, 540, , 28154, 25000, 28174, 28184, 0, 
349, 1, 422, 195, -1, 492, 314, 10.7, 25, MSpppaap, 206, 28093, 21463, 764, , 28093, 25000, 29107, 29128, 0, 
350, 0, 15, -1, -1, 245, 187, 8.2, 22, , 193, -614, 14327, 496, , 28885, 25000, 29153, 29499, 0, 
351, 1, 196, 85, -1, 227, 245, 13.4, 24, ABarapaaaaa, 231, 29527, 20669, 700, , 29527, 25000, 28424, 28428, 0, 
352, 1, 474, 119, -1, 288, 243, 6.9, 22, ABprppaaaaa, 188, 32297, 14986, 464, , 32297, 25000, 33416, 32682, 0, 
353, 1, 369, 178, -1, 422, 294, 17.3, 30, Ealpa, 301, 28485, 37259, 1308, , 28485, 25000, 28773, 28735, 0, 
354, 1, 283, 270, -1, 263, 345, 7.1, 23, ABpraaapppa, 169, 30115, 14937, 496, , 30115, 25000, 32178, 32104, 0, 
355, 1, 98, 200, -1, 554, 268, 15.4, 29, Eprpa, 289, 28170, 32565, 1156, , 28170, 25000, 29260, 29249, 0, 
356, 1, 78, 140, -1, 530, 303, 20.6, 33, Ealpp, 321, 28334, 46467, 1640, , 28334, 25000, 29164, 29314, 0, 
357, 1, 370, 206, -1, 302, 387, 18.6, 23, MSpppppp, 215, 28264, 18089, 640, , 28264, 25000, 28082, 28113, 0, 
358, 0, 221, -1, -1, 156, 264, 7.3, 24, , 216, -2142, 21973, 704, , 31212, 25000, 33076, 33354, 0, 
359, 1, 303, 19, -1, 408, 240, 8.8, 23, ABprpaaaapp, 189, 28872, 15591, 540, , 28872, 25000, 28528, 28776, 0, 
360, 1, 438, 467, -1, 541, 145, 12.1, 23, ABplppppppp, 388, 27524, 13652, 496, , 27524, 25000, 27855, 27800, 0, 
361, 1, 472, 298, -1, 437, 172, 13.7, 25, ABplpppaaaa, 249, 28880, 22064, 764, , 28880, 25000, 27830, 27754, 0, 
362, 1, 230, 214, -1, 479, 332, 9.4, 27, Cppaapa, 261, 28597, 28254, 988, , 28597, 25000, 28679, 28832, 0, 
363, 0, 118, -1, -1, 274, 186, 20.0, 22, , 154, -390, 10837, 384, , 28221, 25000, 28842, 28611, 0, 
364, 1, 460, 458, -1, 576, 204, 24.4, 30, Cpapap, 37, 28667, 33139, 1156, , 28667, 25000, 28038, 28061, 0, 
365, 1, 291, 67, -1, 410, 328, 8.8, 25, Cppaaaa, 256, 29876, 21033, 704, , 29876, 25000, 29419, 29375, 0, 
366, 1, 421, 124, -1, 321, 343, 13.8, 26, ABaraapppap, 209, 27209, 21658, 796, , 27209, 25000, 27649, 27569, 0, 
367, 1, 470, 145, -1, 224, 135, 18.1, 23, ABalpppapad, 33, 26913, 13349, 496, , 26913, 25000, 28375, 28612, 0, 
368, 1, 216, 102, 507, 441, 304, 9.4, 26, MSpapppp, 143, 28065, 23350, 832, , 28065, 25000, 28342, 28338, 0, 
369, 1, 458, 186, -1, 209, 267, 8.0, 22, ABprpaaaaaa, 200, 27628, 10609, 384, , 27628, 25000, 29330, 29583, 0, 
370, 1, 205, 84, -1, 355, 193, 7.5, 24, ABprpaaaapa, 226, 30913, 23741, 768, , 30913, 25000, 31038, 31117, 0, 
371, 1, 95, 393, -1, 254, 272, 11.6, 25, ABarapapaap, 104, 26418, 21980, 832, , 26418, 25000, 28065, 28265, 0, 
372, 1, 126, 366, -1, 436, 238, 26.0, 30, ABplappapa, 135, 27421, 36964, 1348, , 27421, 25000, 28352, 28352, 0, 
373, 1, 62, 469, -1, 340, 315, 18.5, 25, MSaaaappp, 161, 28305, 21738, 768, , 28305, 25000, 29106, 29106, 0, 
374, 1, 424, 166, -1, 279, 348, 15.3, 25, ABaraappapp, 240, 27855, 21281, 764, , 27855, 25000, 28299, 28385, 0, 
375, 1, 176, 83, -1, 369, 315, 11.4, 24, MSpapaapp, 215, 28667, 20067, 700, , 28667, 25000, 29829, 29867, 0, 
376, 1, 156, 335, -1, 279, 170, 10.2, 24, ABalpapapaa, -124, 28419, 18643, 656, , 28419, 25000, 28463, 28500, 0, 
377, 1, 281, 299, -1, 445, 206, 22.7, 26, ABplappaap, 457, 29679, 25405, 856, , 29679, 25000, 27579, 27613, 0, 
378, 1, 538, 543, -1, 184, 326, 16.7, 24, ABarpapaapp, 214, 28477, 20048, 704, , 28477, 25000, 28053, 28144, 0, 
379, 1, 500, 380, -1, 374, 253, 10.6, 22, ABprpapppap, -68, 27675, 15830, 572, , 27675, 25000, 30081, 29845, 0, 
380, 0, 178, -1, -1, 333, 192, 26.5, 24, , 218, -1759, 21797, 768, , 28382, 25000, 30000, 30141, 0, 
381, 1, 69, 244, -1, 238, 119, 16.5, 23, ABplpaapapp, 183, 26641, 16837, 632, , 26641, 25000, 27119, 26849, 0, 
382, 1, 348, 17, -1, 343, 327, 5.4, 28, ABpraapppp, 274, 39780, 39303, 988, , 39780, 25000, 36832, 36832, 0, 
383, 0, -1, -1, -1, 286, 271, 10.8, 23, , 196, 359, 15268, 540, , 28274, 25000, 27880, 27915, 0, 
384, 1, 39, 253, -1, 554, 166, 10.2, 23, ABprppppppp, -99, 28169, 15211, 540, , 28169, 25000, 28114, 28219, 0, 
385, 1, 129, 459, -1, 206, 273, 18.2, 24, ABaraappaaa, 208, 27674, 18154, 656, , 27674, 25000, 27750, 27693, 0, 
386, 1, 252, 252, -1, 512, 187, 25.4, 30, ABplapapaa, 301, 29567, 34180, 1156, , 29567, 25000, 28667, 28667, 0, 
387, 1, 1, 468, -1, 401, 267, 15.1, 25, MSaappap, 165, 26798, 18437, 688, , 26798, 25000, 28671, 28689, 0, 
388, 1, 533, 517, -1, 364, 326, 9.0, 24, Dppaa, 236, 28600, 17389, 608, , 28600, 25000, 30204, 30298, 0, 
389, 1, 276, 139, -1, 207, 289, 11.1, 23, ABprpaapaaa, 203, 26867, 13326, 496, , 26867, 25000, 28404, 28358, 0, 
390, 1, 197, 389, -1, 325, 161, 25.8, 22, ABarppaaap, 227, 27633, 13706, 496, , 27633, 25000, 29442, 29494, 0, 
391, 1, 234, 329, -1, 204, 266, 15.4, 23, ABaraaapaaa, 300, 27064, 17321, 640, , 27064, 25000, 27750, 27824, 0, 
392, 1, 459, 374, -1, 222, 284, 15.5, 22, ABaraaapaap, 26, 27992, 14332, 512, , 27992, 25000, 28252, 28343, 0, 
393, 1, 227, 439, -1, 600, 271, 15.3, 28, Cppppap, 164, 27712, 29486, 1064, , 27712, 25000, 28540, 28550, 0, 
394, 1, 375, 433, -1, 578, 335, 16.2, 28, Cppppaa, 220, 27124, 28534, 1052, , 27124, 25000, 29050, 29050, 0, 
395, 1, 301, 404, -1, 138, 294, 9.2, 23, ABpraaaaapd, 193, 27459, 14828, 540, , 27459, 25000, 28656, 28600, 0, 
396, 1, 35, 296, -1, 492, 199, 18.7, 23, ABplpppppaa, 228, 27811, 16464, 592, , 27811, 25000, 28955, 28816, 0, 
397, 1, 240, 45, -1, 256, 204, 6.1, 22, ABprpaapppp, 114, 32106, 14897, 464, , 32106, 25000, 36403, 36308, 0, 
398, 1, 153, 114, -1, 351, 289, 14.1, 22, MSpapapaa, 225, 51849, 24058, 464, , 51849, 25000, 33278, 33319, 0, 
399, 1, 328, 363, -1, 323, 219, 16.0, 22, MSaapaaaa, 187, 28128, 10801, 384, , 28128, 25000, 28692, 28962, 0, 
400, 1, 428, 496, -1, 373, 256, 20.4, 25, MSaapaapp, 207, 31773, 26435, 832, , 31773, 25000, 31588, 30655, 0, 
401, 1, 506, 510, -1, 306, 338, 25.5, 28, MSappppp, 277, 29531, 31893, 1080, , 29531, 25000, 28946, 28945, 0, 
402, 1, 296, 199, -1, 368, 182, 13.5, 22, ABplpapappa, 177, 29088, 14893, 512, , 29088, 25000, 28733, 28876, 0, 
403, 1, 522, 381, -1, 457, 397, 16.0, 26, Dppppp, 251, 28602, 24369, 852, , 28602, 25000, 29423, 29423, 0, 
404, 1, 482, 324, -1, 267, 212, 18.3, 26, ABalpappaap, 261, 28114, 24066, 856, , 28114, 25000, 27831, 27979, 0, 
405, 1, 106, 316, -1, 403, 255, 11.9, 22, ABprppappaa, 179, 26808, 12439, 464, , 26808, 25000, 28664, 28507, 0, 
406, 1, 382, 308, -1, 172, 143, 20.0, 23, ABalpppaapv, 232, 29977, 15348, 512, , 29977, 25000, 27039, 26996, 0, 
407, 1, 317, 125, -1, 313, 171, 21.0, 23, ABplpaappaa, 211, 27725, 14195, 512, , 27725, 25000, 29157, 28782, 0, 
408, 1, 87, 391, -1, 365, 237, 18.2, 24, MSaapapa, 209, 50870, 33371, 656, , 50870, 25000, 32648, 32866, 0, 
409, 1, 142, 314, -1, 179, 344, 22.7, 26, ABarpapapp, 246, 29188, 24985, 856, , 29188, 25000, 28707, 28666, 0, 
410, 1, 366, 261, -1, 409, 222, 15.9, 22, ABplppapapa, 199, 28610, 13275, 464, , 28610, 25000, 28018, 27835, 0, 
411, 1, 236, 368, -1, 470, 200, 7.4, 25, ABprppppapa, 223, 29264, 24348, 832, , 29264, 25000, 30786, 30768, 0, 
412, 1, 513, 305, -1, 566, 134, 13.4, 24, Cpappv, 245, 28051, 19636, 700, , 28051, 25000, 27803, 27927, 0, 
413, 1, 122, 251, -1, 327, 156, 12.6, 22, ABplpapaaap, 154, 27967, 15997, 572, , 27967, 25000, 28260, 28232, 0, 
414, 1, 361, 1, -1, 211, 353, 24.1, 30, ABarpaapap, 300, 28070, 38063, 1356, , 28070, 25000, 29010, 29012, 0, 
415, 1, 60, 158, -1, 500, 239, 7.5, 23, Cppappp, 222, 29160, 18429, 632, , 29160, 25000, 30541, 30447, 0, 
416, 1, 330, 462, -1, 349, 152, 13.3, 23, ABalpapappp, 189, 28699, 16990, 592, , 28699, 25000, 28227, 28290, 0, 
417, 1, 302, 483, -1, 517, 144, 15.0, 22, ABplapppapp, 208, 27659, 10621, 384, , 27659, 25000, 29225, 29226, 0, 
418, 1, 567, 234, -1, 288, 212, 10.5, 24, ABprpapppaa, -25, 28296, 21731, 768, , 28296, 25000, 27918, 28040, 0, 
419, 1, 194, 408, -1, 224, 351, 17.4, 23, MSpppaaa, -34, 26763, 17128, 640, , 26763, 25000, 27835, 28052, 0, 
420, 1, 340, 175, -1, 343, 269, 11.2, 22, MSpapaaap, 198, 30421, 15089, 496, , 30421, 25000, 30721, 29352, 0, 
421, 1, 9, 336, -1, 472, 144, 21.3, 27, ABplapapap, 259, 27214, 25146, 924, , 27214, 25000, 28365, 28407, 0, 
422, 1, 347, 503, -1, 152, 273, 10.1, 22, ABalaappppp, 186, 29830, 13841, 464, , 29830, 25000, 28599, 28674, 0, 
423, 1, 314, 212, -1, 465, 230, 18.4, 29, Z3, 296, 27063, 31285, 1156, , 27063, 25000, 28063, 28184, 0, 
424, 1, 453, 350, -1, 399, 413, 14.2, 28, Caaaaa, 277, 27814, 29260, 1052, , 27814, 25000, 27870, 27864, 0, 
425, 1, 333, 504, -1, 533, 246, 27.5, 31, Cpaapp, 318, 28245, 34798, 1232, , 28245, 25000, 28811, 28819, 0, 
426, 1, 469, 478, -1, 290, 139, 23.0, 24, ABalpppppppp, 379, 29252, 17785, 608, , 29252, 25000, 28855, 28722, 0, 
427, 1, 37, 96, -1, 483, 226, 26.5, 26, ABarppappa, 258, 30048, 26923, 896, , 30048, 25000, 29155, 29155, 0, 
428, 1, 22, 304, -1, 279, 134, 9.5, 27, ABplaappap, 277, 27940, 25034, 896, , 27940, 25000, 27954, 27957, 0, 
429, 1, 208, 227, -1, 573, 156, 11.2, 23, Caappv, 193, 26646, 14389, 540, , 26646, 25000, 28498, 28642, 0, 
430, 1, 450, 86, -1, 431, 387, 13.3, 25, Cpppaaa, 230, 26626, 20342, 764, , 26626, 25000, 28342, 28353, 0, 
431, 1, 505, 402, -1, 238, 269, 14.6, 21, ABaraaaaapp, 323, 27149, 14226, 524, , 27149, 25000, 27902, 28151, 0, 
432, 1, 235, 12, -1, 571, 261, 23.8, 28, Capppaa, 278, 28083, 29543, 1052, , 28083, 25000, 28941, 28941, 0, 
433, 1, 67, 307, -1, 319, 200, 10.0, 23, ABprpappapa, 226, 28879, 14786, 512, , 28879, 25000, 28033, 28041, 0, 
434, 1, 372, 277, -1, 176, 244, 24.4, 25, ABplaaaaapp, 204, 27855, 23175, 832, , 27855, 25000, 27688, 27789, 0, 
435, 0, 119, -1, -1, 266, 276, 19.8, 24, , 208, -1048, 18280, 656, , 27866, 25000, 28868, 28914, 0, 
436, 1, 350, 94, -1, 495, 221, 15.0, 23, ABprpappppp, 207, 27764, 14215, 512, , 27764, 25000, 28593, 28591, 0, 
437, 0, 490, -1, -1, 140, 249, 18.1, 22, , 122, -126, 12611, 464, , 27179, 25000, 27441, 27305, 0, 
438, 1, 162, 116, -1, 259, 241, 8.0, 22, ABprpaaappp, 170, 27544, 10577, 384, , 27544, 25000, 29096, 29299, 0, 
439, 1, 5, 55, -1, 223, 165, 14.2, 24, ABalppapppp, -44, 29463, 19328, 656, , 29463, 25000, 28408, 28517, 0, 
440, 1, 319, 367, -1, 494, 369, 12.4, 25, Cppapaa, 252, 28440, 23662, 832, , 28440, 25000, 29291, 29298, 0, 
441, 0, 510, -1, -1, 538, 268, 15.9, 21, , 152, -832, 10047, 348, , 28871, 25000, 29378, 29703, 0, 
442, 1, 351, 491, -1, 392, 227, 14.1, 22, ABplppappap, 182, 28655, 13296, 464, , 28655, 25000, 28500, 28757, 0, 
443, 1, 141, 405, -1, 609, 253, 12.2, 26, Cpappd, 199, 28015, 22300, 796, , 28015, 25000, 27719, 27709, 0, 
444, 1, 242, 208, -1, 338, 386, 9.0, 23, ABarppppaa, 215, 29555, 15132, 512, , 29555, 25000, 28251, 28277, 0, 
445, 1, 343, 451, -1, 255, 138, 20.4, 23, ABalpppapav, 201, 29042, 18587, 640, , 29042, 25000, 28805, 28974, 0, 
446, 1, 377, 134, -1, 349, 225, 16.4, 22, MSaapaaap, 155, 27657, 15820, 572, , 27657, 25000, 29102, 28825, 0, 
447, 1, 262, 376, -1, 318, 130, 19.3, 28, ABplppaaaap, 250, 27894, 29679, 1064, , 27894, 25000, 28405, 28408, 0, 
448, 1, 177, 275, -1, 214, 229, 18.6, 24, ABalpaapaaa, 199, 29183, 20428, 700, , 29183, 25000, 28288, 28336, 0, 
449, 1, 368, 396, -1, 537, 233, 23.7, 27, Capapap, 276, 27906, 25785, 924, , 27906, 25000, 28854, 28850, 0, 
450, 0, 451, -1, -1, 532, 129, 20.9, 23, , 201, -87, 13953, 496, , 28131, 25000, 28168, 28218, 0, 
451, 1, 243, -1, -1, 298, 351, 17.6, 22, MSpaapaap, 171, 27554, 15761, 572, , 27554, 25000, 27952, 27845, 0, 
452, 1, 113, 332, -1, 348, 337, 13.1, 24, MSpapappa, 239, 28371, 17136, 604, , 28371, 25000, 28811, 28982, 0, 
453, 1, 274, 285, -1, 353, 347, 20.0, 22, MSpaaapap, 191, 26589, 10210, 384, , 26589, 25000, 28802, 28685, 0, 
454, 1, 358, 48, -1, 572, 152, 20.1, 29, Cpapaa, 295, 29517, 35656, 1208, , 29517, 25000, 28474, 28484, 0, 
455, 1, 515, 511, -1, 166, 169, 15.2, 22, ABalaaaalpp, 149, 28740, 14255, 496, , 28740, 25000, 27142, 27300, 0, 
456, 1, 260, 362, -1, 204, 235, 6.9, 23, ABprpaaapaa, 191, 33724, 16727, 496, , 33724, 25000, 33729, 35043, 0, 
457, 0, 497, -1, -1, 224, 319, 19.0, 22, , 264, 465, 10949, 384, , 28513, 25000, 28035, 28048, 0, 
458, 0, 272, -1, -1, 549, 192, 6.3, 22, , -107, -1019, 19401, 524, , 37025, 25000, 37254, 38044, 0, 
459, 1, 480, 382, -1, 419, 264, 11.6, 24, ABprppappap, 137, 29647, 20753, 700, , 29647, 25000, 28579, 28736, 0, 
460, 1, 285, 52, -1, 190, 233, 15.9, 22, ABaraaaapaa, 288, 28647, 13292, 464, , 28647, 25000, 27698, 27865, 0, 
461, 1, 247, 398, -1, 598, 218, 11.1, 26, Caappd, 89, 26273, 21018, 800, , 26273, 25000, 28006, 28000, 0, 
462, 1, 530, 559, -1, 274, 220, 4.2, 26, ABpraappap, 142, 36235, 28843, 796, , 36235, 25000, 36984, 36423, 0, 
463, 1, 352, 457, -1, 484, 134, 13.5, 23, ABplpppapaa, 196, 29380, 18568, 632, , 29380, 25000, 28590, 28816, 0, 
464, 1, 496, 484, -1, 111, 246, 17.9, 23, ABarpaaaaar, -53, 28514, 14143, 496, , 28514, 25000, 29085, 29215, 0, 
465, 1, 11, 148, -1, 272, 152, 16.0, 22, ABplpaaappp, 227, 29612, 11371, 384, , 29612, 25000, 28326, 28204, 0, 
466, 1, 198, 490, -1, 183, 223, 22.4, 22, ABalapapppa, 398, 29059, 16622, 572, , 29059, 25000, 28327, 28086, 0, 
467, 1, 136, 122, -1, 296, 176, 12.3, 22, ABplpapaaaa, 2, 27700, 14515, 524, , 27700, 25000, 29611, 29431, 0, 
468, 1, 385, 219, -1, 149, 266, 23.4, 22, ABarpaaaapp, -21, 28107, 16077, 572, , 28107, 25000, 28719, 28761, 0, 
469, 1, 477, 144, -1, 250, 327, 14.5, 22, ABaraaapapa, 224, 26646, 13643, 512, , 26646, 25000, 28205, 28205, 0, 
470, 1, 189, 146, -1, 285, 166, 13.1, 22, ABplpapaapa, 71, 28280, 13122, 464, , 28280, 25000, 28261, 28492, 0, 
471, 0, 353, -1, -1, 232, 173, 8.7, 22, , -9, -1155, 14653, 524, , 27964, 25000, 29210, 29119, 0, 
472, 1, 525, 566, -1, 212, 246, 14.7, 21, ABaraaaaapa, 171, 27746, 13096, 472, , 27746, 25000, 28698, 28511, 0, 
473, 1, 390, 414, -1, 121, 272, 17.8, 22, ABarpaaapaa, 56, 29847, 14804, 496, , 29847, 25000, 28375, 28381, 0, 
474, 0, 131, -1, -1, 341, 333, 21.0, 21, , 158, -340, 10926, 384, , 28453, 25000, 28866, 28793, 0, 
475, 1, 481, 240, -1, 189, 277, 21.9, 22, ABalapapapp, 47, 29002, 13457, 464, , 29002, 25000, 28118, 28287, 0, 
476, 0, 184, -1, -1, 550, 271, 18.5, 26, , 367, 317, 26172, 896, , 29210, 25000, 28709, 28893, 0, 
477, 1, 103, 300, -1, 276, 229, 6.3, 27, ABprpaapppa, 178, 36387, 33622, 924, , 36387, 25000, 35184, 35807, 0, 
478, 1, 295, 260, -1, 221, 323, 6.0, 23, ABpraaappppa, 241, 34895, 17866, 512, , 34895, 25000, 39472, 39558, 0, 
479, 1, 485, 513, -1, 254, 197, 21.5, 21, ABalppppaad, 45, 29340, 15022, 512, , 29340, 25000, 28417, 28372, 0, 
480, 1, 313, 312, -1, 179, 286, 12.0, 22, ABpraaapapa, 95, 26617, 10221, 384, , 26617, 25000, 29364, 29397, 0, 
481, 0, 175, -1, -1, 378, 150, 18.2, 22, , 46, 1098, 15202, 496, , 30649, 25000, 29238, 29551, 0, 
482, 1, 440, 512, -1, 488, 200, 15.0, 22, ABplppppaap, 49, 29451, 11309, 384, , 29451, 25000, 28899, 28875, 0, 
483, 1, 138, 22, -1, 214, 287, 17.0, 22, ABaraappaap, -205, 28602, 10983, 384, , 28602, 25000, 28259, 28082, 0, 
484, 1, 507, 160, -1, 232, 249, 6.0, 23, ABprpaaapap, 215, 40506, 20739, 512, , 40506, 25000, 36069, 36726, 0, 
485, 1, 71, 493, -1, 253, 161, 17.1, 23, ABplpaaappa, 188, 27615, 13697, 496, , 27615, 25000, 27681, 27506, 0, 
486, 0, 520, -1, -1, 289, 301, 11.9, 22, , 414, -934, 13138, 464, , 28315, 25000, 28488, 29249, 0, 
487, 1, 133, 197, -1, 209, 166, 10.2, 27, ABalpapaaap, 357, 28289, 24555, 868, , 28289, 25000, 28939, 28997, 0, 
488, 1, 161, 477, -1, 443, 216, 12.3, 24, ABprpapappp, 167, 28399, 19993, 704, , 28399, 25000, 29538, 29521, 0, 
489, 1, 427, 563, -1, 397, 228, 12.3, 22, ABprpappapp, 187, 26918, 14105, 524, , 26918, 25000, 27790, 27911, 0, 
490, 1, 231, 429, -1, 262, 312, 11.7, 25, ABarapaappa, 356, 28393, 21692, 764, , 28393, 25000, 28596, 28479, 0, 
491, 1, 492, 325, -1, 165, 187, 21.0, 22, ABalppppapp, 308, 28492, 10941, 384, , 28492, 25000, 28353, 28419, 0, 
492, 1, 266, 476, -1, 230, 318, 11.7, 21, ABpraaapaad, 495, 27998, 13215, 472, , 27998, 25000, 28464, 28469, 0, 
493, 1, 452, 283, -1, 215, 212, 16.9, 22, ABaraaaaaaa, 302, 27190, 12616, 464, , 27190, 25000, 28331, 28059, 0, 
494, 1, 64, 56, -1, 449, 163, 12.0, 22, ABplppppapa, 292, 29242, 11229, 384, , 29242, 25000, 28246, 28054, 0, 
495, 1, 241, 479, -1, 242, 136, 13.7, 22, ABalppaappp, -41, 27529, 14425, 524, , 27529, 25000, 27997, 28030, 0, 
496, 1, 147, 37, -1, 319, 206, 7.9, 22, ABprpapaaap, 370, 29752, 13805, 464, , 29752, 25000, 30421, 30403, 0, 
497, 1, 445, 371, -1, 187, 332, 10.3, 29, ABpraapaapp, -121, 27903, 29800, 1068, , 27903, 25000, 28160, 28225, 0, 
498, 1, 97, 561, -1, 348, 236, 9.6, 22, ABprpapappa, 385, 29198, 16701, 572, , 29198, 25000, 28947, 29469, 0, 
499, 0, 535, -1, -1, 320, 187, 11.5, 22, , 63, -519, 14796, 512, , 28898, 25000, 29398, 29417, 0, 
500, 1, 293, 201, -1, 264, 217, 26.6, 34, ABplaaappp, 104, 29716, 52895, 1780, , 29716, 25000, 29095, 29221, 0, 
501, 1, 489, 327, -1, 303, 226, 13.7, 21, ABalpappppa, 227, 29148, 13758, 472, , 29148, 25000, 28535, 28577, 0, 
502, 1, 75, 269, -1, 463, 222, 9.9, 22, ABplpapppap, -226, 28403, 13179, 464, , 28403, 25000, 29134, 29124, 0, 
503, 1, 318, 276, -1, 385, 387, 14.0, 22, Dppap, 27, 27680, 10629, 384, , 27680, 25000, 28294, 28431, 0, 
504, 1, 386, 460, -1, 217, 204, 14.4, 23, ABalpaappap, 72, 26914, 17225, 640, , 26914, 25000, 28669, 28528, 0, 
505, 1, 484, 447, -1, 456, 250, 7.3, 23, ABprppapppp, -43, 29804, 17644, 592, , 29804, 25000, 31132, 31120, 0, 
506, 1, 109, 487, -1, 202, 273, 5.0, 22, ABpraaaapad, -345, 38328, 14718, 384, , 38328, 25000, 39157, 39759, 0, 
507, 1, 471, 579, -1, 156, 318, 14.5, 23, ABalapppppp, 371, 27810, 17576, 632, , 27810, 25000, 28298, 28131, 0, 
508, 1, 212, 236, -1, 293, 204, 8.9, 22, ABprpapaaaa, 55, 27082, 12566, 464, , 27082, 25000, 28897, 29103, 0, 
509, 1, 449, 203, -1, 239, 207, 9.4, 22, ABarapppapa, 300, 26911, 15393, 572, , 26911, 25000, 29206, 29350, 0, 
510, 1, 287, 525, -1, 165, 233, 18.8, 24, ABalapappaa, 124, 27145, 17807, 656, , 27145, 25000, 28283, 28252, 0, 
511, 1, 392, 294, -1, 229, 155, 19.9, 22, ABalapaapaa, 125, 26875, 12470, 464, , 26875, 25000, 27844, 28141, 0, 
512, 1, 292, 161, -1, 456, 250, 14.6, 28, MSapaapp, 283, 27424, 27095, 988, , 27424, 25000, 28403, 28435, 0, 
513, 0, 598, -1, -1, 165, 223, 13.8, 19, , 339, 255, 7903, 288, , 27441, 25000, 27448, 27186, 0, 
514, 1, 491, 464, -1, 340, 165, 14.6, 21, ABplpapapap, -133, 28948, 15169, 524, , 28948, 25000, 28814, 28935, 0, 
515, 0, 217, -1, -1, 232, 178, 23.3, 25, , 148, -1363, 21425, 764, , 28043, 25000, 28972, 29406, 0, 
516, 0, 229, -1, -1, 120, 293, 21.9, 22, , 419, -290, 12690, 464, , 27349, 25000, 27946, 27639, 0, 
517, 1, 190, 413, -1, 224, 192, 7.1, 23, ABarapppapp, 244, 29879, 14820, 496, , 29879, 25000, 32319, 32057, 0, 
518, 1, 444, 400, -1, 411, 400, 17.4, 28, Dppppa, 90, 27367, 27039, 988, , 27367, 25000, 28667, 28630, 0, 
519, 1, 540, 95, -1, 247, 275, 7.4, 22, MSppapap, 166, 29857, 17078, 572, , 29857, 25000, 30647, 30771, 0, 
520, 1, 56, 528, -1, 224, 218, 8.5, 22, ABarapppppp, 122, 27893, 14281, 512, , 27893, 25000, 28567, 28480, 0, 
521, 1, 531, 207, -1, 510, 215, 12.3, 24, ABprpappppa, 21, 26729, 18817, 704, , 26729, 25000, 28425, 28486, 0, 
522, 1, 558, 241, -1, 343, 269, 7.4, 23, Dpapp, 169, 29572, 18926, 640, , 29572, 25000, 32386, 32634, 0, 
523, 1, 532, 399, -1, 254, 322, 5.2, 22, ABpraaappppp, 188, 38675, 19183, 496, , 38675, 25000, 40170, 40079, 0, 
524, 0, -1, -1, -1, 235, 211, 17.6, 22, , 86, 830, 16360, 572, , 28601, 25000, 27709, 27771, 0, 
525, 0, 617, -1, -1, 405, 307, 25.0, 25, , 251, 28, 21545, 764, , 28200, 25000, 28172, 28172, 0, 
526, 1, 487, 520, -1, 334, 349, 16.5, 22, MSpaapapa, 159, 26820, 13732, 512, , 26820, 25000, 28162, 28260, 0, 
527, 1, 562, 521, -1, 231, 299, 8.9, 21, ABpraaappaa, 182, 28954, 10076, 348, , 28954, 25000, 29595, 29667, 0, 
528, 0, 429, -1, -1, 192, 316, 11.6, 20, , 193, 72, 11825, 412, , 28701, 25000, 28702, 28629, 0, 
529, 1, 498, 113, -1, 363, 152, 17.9, 23, Daapp, 188, 27978, 13877, 496, , 27978, 25000, 28776, 28776, 0, 
530, 0, 518, -1, -1, 455, 278, 12.6, 22, , 123, 575, 16446, 572, , 28752, 25000, 28045, 28177, 0, 
531, 1, 300, 506, -1, 504, 132, 18.8, 24, ABplapppaaa, 287, 27066, 17755, 656, , 27066, 25000, 28536, 28574, 0, 
532, 1, 534, 526, -1, 380, 255, 14.2, 20, MSaappaa, 163, 26780, 10605, 396, , 26780, 25000, 29032, 28843, 0, 
533, 0, 536, -1, -1, 335, 224, 9.9, 24, , 204, 136, 17055, 604, , 28237, 25000, 28239, 28101, 0, 
534, 1, 537, 529, -1, 300, 177, 16.0, 22, MSappapp, 153, 28581, 10975, 384, , 28581, 25000, 28010, 27959, 0, 
535, 1, 541, 530, -1, 369, 201, 17.0, 23, MSaapppaa, 140, 27299, 13977, 512, , 27299, 25000, 28294, 28358, 0, 
536, 1, 542, 531, -1, 201, 243, 17.0, 22, ABaraaaapap, 71, 26846, 10309, 384, , 26846, 25000, 27988, 27674, 0, 
537, 1, 543, 532, -1, 293, 273, 22.0, 22, MSaaapaap, 136, 26810, 10295, 384, , 26810, 25000, 28356, 28494, 0, 
538, 1, 544, 533, -1, 350, 271, 22.0, 22, MSaapappa, 160, 29385, 11284, 384, , 29385, 25000, 29036, 29073, 0, 
539, 1, 545, 534, -1, 346, 237, 21.0, 24, MSaapaapa, 158, 31637, 19235, 608, , 31637, 25000, 30188, 30596, 0, 
540, 1, 546, 535, -1, 429, 223, 19.0, 26, MSaapppp, 216, 27781, 23669, 852, , 27781, 25000, 27920, 27940, 0, 
541, 1, 547, 536, -1, 399, 226, 19.0, 24, MSaapppap, 54, 26684, 16224, 608, , 26684, 25000, 28362, 28317, 0, 
542, 1, 548, 537, -1, 486, 223, 20.0, 24, MSappaap, 207, 28153, 17117, 608, , 28153, 25000, 27975, 28063, 0, 
543, 1, 549, 538, -1, 353, 351, 17.0, 25, MSpaapapp, 224, 28785, 21992, 764, , 28785, 25000, 28814, 29172, 0, 
544, 1, 550, 539, -1, 309, 291, 11.0, 23, ABaraappppa, 113, 27877, 14273, 512, , 27877, 25000, 28022, 28321, 0, 
545, 1, 501, 540, -1, 251, 362, 15.0, 22, MSppppap, 234, 26573, 10204, 384, , 26573, 25000, 27641, 27563, 0, 
546, 1, 551, 541, -1, 292, 304, 10.0, 22, MSppppaa, 578, 26549, 10195, 384, , 26549, 25000, 28088, 28100, 0, 
547, 1, 552, 542, -1, 298, 266, 9.0, 22, MSpppapp, 134, 28464, 10930, 384, , 28464, 25000, 28554, 28616, 0, 
548, 1, 553, 544, -1, 224, 264, 12.0, 23, MSppaaaa, 328, 28066, 14370, 512, , 28066, 25000, 28222, 28225, 0, 
549, 1, 554, 545, -1, 269, 339, 24.0, 25, MSappaaa, 176, 35279, 26953, 764, , 35279, 25000, 31848, 31678, 0, 
550, 1, 555, 546, -1, 281, 294, 25.0, 22, MSapppap, -72, 28698, 11020, 384, , 28698, 25000, 27988, 28020, 0, 
551, 1, 556, 547, -1, 488, 292, 27.0, 28, Cpaapa, 264, 28041, 31630, 1128, , 28041, 25000, 28264, 28309, 0, 
552, 1, 557, 548, -1, 343, 378, 19.0, 24, Dpppaa, 175, 27903, 16965, 608, , 27903, 25000, 27975, 27972, 0, 
553, 1, 559, 549, -1, 317, 321, 9.0, 24, Dpaaa, 213, 28569, 17370, 608, , 28569, 25000, 29307, 29402, 0, 
554, 1, 425, 550, -1, 338, 181, 20.0, 24, Daaaa, 182, 30155, 18334, 608, , 30155, 25000, 29672, 29810, 0, 
555, 1, 560, 551, -1, 315, 298, 25.0, 25, Daaap, 210, 29407, 22467, 764, , 29407, 25000, 28427, 28449, 0, 
556, 1, 512, 554, -1, 316, 279, 9.0, 24, Dpapa, 142, 26637, 16195, 608, , 26637, 25000, 29000, 29166, 0, 
557, 1, 561, 555, -1, 498, 169, 10.0, 22, Caapaa, -59, 28398, 10905, 384, , 28398, 25000, 28882, 29110, 0, 
558, 1, 563, 248, -1, 355, 241, 7.0, 25, ABprapaapa, 112, 29993, 22915, 764, , 29993, 25000, 31954, 32000, 0, 
559, 1, 564, 556, -1, 321, 218, 5.0, 27, ABpraapppa, 260, 40532, 41829, 1032, , 40532, 25000, 36908, 37278, 0, 
560, 1, 565, 557, -1, 290, 316, 8.0, 22, ABprpaappaa, 152, 28174, 10819, 384, , 28174, 25000, 29215, 29082, 0, 
561, 1, 566, 558, -1, 226, 217, 7.0, 22, ABalaapappp, 28, 30846, 11845, 384, , 30846, 25000, 32200, 33229, 0, 
562, 1, 6, 560, -1, 277, 213, 8.0, 22, ABprpapaapa, 201, 28094, 10788, 384, , 28094, 25000, 29567, 30048, 0, 
563, 1, 568, 562, -1, 262, 184, 10.0, 22, ABprpappaaa, 316, 27346, 10501, 384, , 27346, 25000, 29013, 29198, 0, 
564, 1, 569, 564, -1, 352, 194, 12.0, 25, ABplpappaap, 260, 29118, 22246, 764, , 29118, 25000, 28360, 28493, 0, 
565, 1, 167, 565, -1, 412, 222, 11.0, 22, ABplpapappp, 124, 28427, 10916, 384, , 28427, 25000, 28342, 28650, 0, 
566, 0, 524, -1, -1, 172, 204, 10.0, 21, , 243, -1571, 8835, 316, , 27959, 25000, 29523, 29530, 0, 
567, 1, 570, 568, -1, 150, 223, 14.0, 23, ABalaaaarrp, 0, 27939, 14305, 512, , 27939, 25000, 27832, 27577, 0, 
568, 1, 571, 569, -1, 298, 244, 19.25, 22, ABalpaaappp, 200, 27889, 15060, 540, , 27889, 25000, 28917, 28993, 0, 
569, 1, 573, 570, -1, 207, 285, 9.0, 22, ABalaapppaa, 127, 26776, 10282, 384, , 26776, 25000, 28508, 28705, 0, 
570, 1, 574, 571, -1, 207, 221, 7.5, 23, ABarapppppa, -11, 30011, 18967, 632, , 30011, 25000, 31611, 31661, 0, 
571, 1, 575, 514, -1, 357, 215, 26.0, 26, ABarppapaa, 215, 27689, 23591, 852, , 27689, 25000, 28946, 28985, 0, 
572, 1, 576, 572, -1, 180, 189, 9.0, 22, ABalaapappa, 326, 27875, 10704, 384, , 27875, 25000, 29205, 28886, 0, 
573, 1, 577, 573, -1, 161, 241, 7.0, 22, ABalaappapp, 228, 32003, 12289, 384, , 32003, 25000, 33013, 33705, 0, 
574, 1, 578, 574, -1, 181, 272, 8.0, 20, ABalaappapa, 0, 28703, 9070, 316, , 28703, 25000, 28785, 28830, 0, 
575, 1, 579, 608, -1, 177, 289, 14.5, 24, ABalappapap, 6, 26792, 20576, 768, , 26792, 25000, 28305, 28402, 0, 
576, 1, 580, 575, -1, 178, 301, 20.0, 23, ABalapppapa, 187, 29078, 14888, 512, , 29078, 25000, 28496, 28555, 0, 
577, 1, 581, 576, -1, 164, 251, 17.0, 23, ABalapppaaa, 188, 27072, 13861, 512, , 27072, 25000, 27496, 27712, 0, 
578, 1, 582, 577, -1, 118, 225, 14.0, 22, ABalaaappll, 101, 28648, 11001, 384, , 28648, 25000, 27459, 27420, 0, 
579, 1, 583, 280, -1, 147, 269, 18.0, 22, ABalapppaap, 176, 28370, 10894, 384, , 28370, 25000, 28026, 28160, 0, 
580, 1, 584, 578, -1, 143, 274, 14.0, 24, ABalappappa, 114, 29306, 17818, 608, , 29306, 25000, 28588, 28583, 0, 
581, 1, 585, 523, -1, 154, 301, 14.0, 22, ABalappappp, 287, 28646, 11000, 384, , 28646, 25000, 28149, 28139, 0, 
582, 1, 586, 580, -1, 169, 259, 11.0, 23, ABalaappppa, 266, 27596, 14129, 512, , 27596, 25000, 28490, 28372, 0, 
583, 1, 587, 588, -1, 162, 238, 20.0, 22, ABalapappap, -73, 28292, 10864, 384, , 28292, 25000, 27962, 28172, 0, 
584, 1, 588, 583, -1, 157, 256, 8.0, 24, ABalaaapprr, 228, 29867, 18159, 608, , 29867, 25000, 30326, 30252, 0, 
585, 1, 589, 110, -1, 177, 139, 15.525, 26, ABalppaaapa, 179, 27590, 24721, 896, , 27590, 25000, 27666, 27278, 0, 
586, 1, 179, 584, -1, 177, 204, 19.0, 22, ABalaaapalr, 189, 28893, 11095, 384, , 28893, 25000, 27736, 28087, 0, 
587, 1, 590, 585, -1, 122, 209, 17.0, 22, ABalaaaparl, 228, 26523, 10185, 384, , 26523, 25000, 27443, 27595, 0, 
588, 1, 591, 473, -1, 141, 236, 10.0, 23, ABalaapaapa, 192, 27035, 13842, 512, , 27035, 25000, 27689, 27972, 0, 
589, 1, 592, 587, -1, 152, 200, 22.0, 22, ABalapaaapp, -33, 31391, 12054, 384, , 31391, 25000, 28925, 28476, 0, 
590, 1, 593, 589, -1, 167, 277, 22.0, 22, ABalapapapa, -370, 29737, 11419, 384, , 29737, 25000, 28352, 28291, 0, 
591, 1, 594, 590, -1, 251, 263, 23.0, 23, ABalpaapapa, 83, 27945, 14308, 512, , 27945, 25000, 28792, 28902, 0, 
592, 0, 595, -1, -1, 197, 171, 16.0, 20, , -140, 477, 11074, 384, , 28839, 25000, 28525, 28362, 0, 
593, 1, 597, 593, -1, 220, 167, 12.0, 22, ABalppaappa, 99, 28047, 10770, 384, , 28047, 25000, 28938, 28899, 0, 
594, 1, 599, 594, -1, 235, 188, 17.849998, 22, MSapaaaa, 179, 27385, 13583, 496, , 27385, 25000, 28277, 28337, 0, 
595, 1, 600, 595, -1, 191, 175, 20.0, 22, ABalapaappa, 156, 28260, 10852, 384, , 28260, 25000, 28104, 28089, 0, 
596, 1, 536, 519, -1, 334, 224, 8.200001, 23, ABprpapapap, 204, 28439, 15357, 540, , 28439, 25000, 29698, 30300, 0, 
597, 1, 601, 597, -1, 258, 200, 14.0, 24, ABalpappapa, -32, 26859, 16330, 608, , 26859, 25000, 28181, 27927, 0, 
598, 1, 602, 598, -1, 207, 165, 16.0, 22, ABalppappap, -140, 27945, 10731, 384, , 27945, 25000, 28736, 28647, 0, 
599, 1, 603, 599, -1, 193, 169, 15.0, 22, ABalppapaaa, 248, 28576, 10973, 384, , 28576, 25000, 28097, 28183, 0, 
600, 1, 604, 600, -1, 181, 321, 13.0, 20, ABalapppppa, 0, 28019, 8854, 316, , 28019, 25000, 28886, 29092, 0, 
601, 1, 605, 601, -1, 206, 220, 13.0, 22, ABaraaappap, 181, 26836, 10305, 384, , 26836, 25000, 28640, 28999, 0, 
602, 1, 606, 604, -1, 170, 205, 10.0, 22, ABaraaapppp, 214, 28120, 10798, 384, , 28120, 25000, 28655, 29248, 0, 
603, 1, 607, 602, -1, 404, 330, 23.0, 27, Dappap, -35, 29361, 30301, 1032, , 29361, 25000, 28446, 28322, 0, 
604, 1, 608, 603, -1, 242, 303, 23.0, 23, MSaaapaaa, 214, 26688, 13664, 512, , 26688, 25000, 29612, 29646, 0, 
605, 1, 609, 605, -1, 214, 276, 20.0, 20, ABaraapaaap, 176, 27949, 8832, 316, , 27949, 25000, 27654, 27754, 0, 
606, 1, 610, 606, -1, 150, 284, 16.0, 22, ABalappppap, -308, 28034, 10765, 384, , 28034, 25000, 28217, 28478, 0, 
607, 1, 596, 607, -1, 165, 171, 20.0, 22, ABalapaappp, -32, 27203, 10446, 384, , 27203, 25000, 28151, 27957, 0, 
608, 1, 612, 609, -1, 172, 286, 11.0, 21, ABalappapaa, 171, 28833, 11072, 384, , 28833, 25000, 28713, 29473, 0, 
609, 1, 613, 610, -1, 235, 212, 17.0, 22, ABalpaaaaaa, 256, 27211, 10449, 384, , 27211, 25000, 27630, 27301, 0, 
610, 1, 614, 36, -1, 241, 213, 16.0, 20, ABalpaaaapa, 175, 28332, 8953, 316, , 28332, 25000, 27068, 26889, 0, 
611, 0, -1, -1, -1, 400, 295, 23.0, 27, , -63, -1748, 33283, 1208, , 27552, 25000, 29265, 29300, 0, 
612, 1, 617, 612, -1, 403, 309, 25.0, 26, Dapap, -63, 28310, 24120, 852, , 28310, 25000, 28219, 28175, 0, 
613, 1, 616, 613, -1, 379, 300, 24.0, 24, Dappaa, 0, 27069, 16458, 608, , 27069, 25000, 28203, 28076, 0, 
614, 1, 618, 614, -1, 307, 201, 20.0, 22, MSapppaa, 117, 27745, 10654, 384, , 27745, 25000, 28810, 28882, 0, 
615, 1, 619, 615, -1, 143, 252, 15.0, 23, ABalappppaa, 158, 28723, 14706, 512, , 28723, 25000, 28387, 28393, 0, 
616, 1, 490, 616, -1, 140, 251, 18.0, 23, ABalappaap, 226, 26953, 13800, 512, , 26953, 25000, 27657, 27480, 0, 
