1, 1, 429, 455, -1, 224, 149, 15.5, 23, ABplpaaapaa, 257, 28533, 18033, 632, , 28533, 25000, 28590, 28786, 0, 
2, 1, 171, 497, -1, 142, 262, 17.6, 24, ABalapppaap, 217, 27890, 19523, 700, , 27890, 25000, 27413, 27729, 0, 
3, 1, 194, 102, -1, 369, 263, 24.5, 28, ABarppaapp, 283, 28311, 30576, 1080, , 28311, 25000, 28722, 28664, 0, 
4, 1, 121, 90, -1, 363, 387, 11.2, 26, ABarpppapp, 259, 27876, 22189, 796, , 27876, 25000, 28486, 28549, 0, 
5, 0, 451, -1, -1, 226, 165, 9.6, 23, , 188, 1157, 18955, 640, , 29617, 25000, 28262, 28460, 0, 
6, 1, 80, 58, -1, 245, 286, 13.2, 24, ABarapaapaa, 230, 27404, 17977, 656, , 27404, 25000, 28028, 28246, 0, 
7, 0, 165, -1, -1, 292, 296, 12.4, 23, , 111, -383, 17630, 640, , 27547, 25000, 28039, 27930, 0, 
8, 1, 200, 117, -1, 482, 163, 19.1, 23, Capappp, 166, 26845, 13315, 496, , 26845, 25000, 29717, 29809, 0, 
9, 1, 154, 118, -1, 151, 216, 16.5, 25, ABalaaaarlp, 205, 28655, 22007, 768, , 28655, 25000, 28666, 29067, 0, 
10, 1, 26, 421, -1, 330, 172, 17.4, 24, Daapa, 213, 28859, 20201, 700, , 28859, 25000, 28799, 28810, 0, 
11, 1, 88, 315, -1, 321, 333, 21.6, 23, MSpaaapaa, 212, 28238, 18072, 640, , 28238, 25000, 28665, 28751, 0, 
12, 1, 204, 255, -1, 397, 409, 13.3, 28, Caaaaa, 36, 27964, 29754, 1064, , 27964, 25000, 27979, 27938, 0, 
13, 1, 144, 96, -1, 255, 135, 20.6, 23, ABalpppapav, -33, 28483, 18229, 640, , 28483, 25000, 29157, 29227, 0, 
14, 1, 61, 481, -1, 176, 134, 16.4, 23, ABalppaaapa, 506, 29328, 18770, 640, , 29328, 25000, 27644, 27580, 0, 
15, 1, 403, 30, -1, 205, 196, 12.4, 24, ABalpapaapa, 212, 27916, 19541, 700, , 27916, 25000, 29119, 29569, 0, 
16, 1, 379, 127, -1, 150, 210, 9.8, 22, ABalaapaapp, 193, 28927, 14348, 496, , 28927, 25000, 27682, 27627, 0, 
17, 1, 210, 77, -1, 366, 143, 14.3, 24, ABplapaapa, -2, 28101, 19783, 704, , 28101, 25000, 27834, 27911, 0, 
18, 0, 443, -1, -1, 590, 179, 12.4, 23, , 197, 727, 18475, 640, , 28867, 25000, 28212, 28140, 0, 
19, 1, 213, 480, -1, 219, 217, 17.3, 22, ABaraaaaaaa, 154, 26866, 14078, 524, , 26866, 25000, 27824, 27952, 0, 
20, 1, 300, 326, -1, 419, 297, 9.9, 22, MSpappppa, 210, 27468, 12745, 464, , 27468, 25000, 28877, 28813, 0, 
21, 1, 467, 35, -1, 231, 374, 10.9, 23, ABarpapppp, 238, 27278, 13530, 496, , 27278, 25000, 27705, 27639, 0, 
22, 1, 159, 199, -1, 258, 234, 8.0, 24, ABprpaaappp, 180, 28329, 17224, 608, , 28329, 25000, 30458, 30433, 0, 
23, 1, 50, 159, -1, 307, 122, 17.0, 24, ABplppaaaaa, 73, 29363, 17853, 608, , 29363, 25000, 29254, 29308, 0, 
24, 1, 64, 245, -1, 459, 133, 12.3, 24, ABplappppa, 223, 27267, 19196, 704, , 27267, 25000, 27789, 27791, 0, 
25, 1, 132, 311, -1, 246, 349, 11.8, 24, ABpraapappa, 280, 29027, 19042, 656, , 29027, 25000, 28972, 28943, 0, 
26, 1, 474, 555, -1, 269, 337, 7.0, 22, ABpraaapppap, 151, 32047, 12306, 384, , 32047, 25000, 32390, 32418, 0, 
27, 1, 418, 438, -1, 467, 191, 7.7, 27, ABprppppapa, 243, 28840, 26648, 924, , 28840, 25000, 30183, 30124, 0, 
28, 1, 23, 431, -1, 232, 315, 25.5, 27, MSappppa, 273, 28230, 25294, 896, , 28230, 25000, 29418, 29489, 0, 
29, 1, 567, 113, -1, 261, 312, 12.1, 24, ABarapaappa, 245, 28185, 17024, 604, , 28185, 25000, 28028, 27943, 0, 
30, 1, 453, 140, -1, 243, 233, 20.9, 24, ABalpaaapaa, 149, 28737, 17357, 604, , 28737, 25000, 28898, 28878, 0, 
31, 1, 326, 400, -1, 436, 167, 14.4, 24, ABplpppaaaa, 243, 27844, 19491, 700, , 27844, 25000, 28551, 28789, 0, 
32, 1, 439, 18, -1, 568, 195, 9.5, 25, ABprapapppp, 248, 29936, 22991, 768, , 29936, 25000, 28278, 28414, 0, 
33, 1, 398, 502, -1, 364, 260, 20.3, 24, MSaapaapp, 236, 29374, 20679, 704, , 29374, 25000, 31095, 30899, 0, 
34, 1, 423, 85, -1, 307, 321, 12.9, 24, ABaraapppaa, 216, 27530, 16628, 604, , 27530, 25000, 28250, 28384, 0, 
35, 1, 231, 379, -1, 370, 247, 10.4, 22, ABprpapppap, 183, 28864, 16510, 572, , 28864, 25000, 28847, 28963, 0, 
36, 1, 358, 428, -1, 296, 253, 25.9, 27, ABplapaaaap, 277, 28643, 26008, 908, , 28643, 25000, 29609, 29649, 0, 
37, 1, 182, 228, -1, 481, 130, 14.4, 24, ABplpppapaa, 194, 27619, 19333, 700, , 27619, 25000, 28414, 28532, 0, 
38, 1, 128, 95, -1, 280, 161, 10.7, 24, ABalpapapaa, 197, 28507, 20069, 704, , 28507, 25000, 28520, 28590, 0, 
39, 1, 40, 48, -1, 307, 175, 7.1, 24, ABarappapap, 242, 30126, 18196, 604, , 30126, 25000, 33464, 33752, 0, 
40, 1, 119, 148, -1, 370, 313, 11.6, 24, MSpapaapp, 213, 29163, 20414, 700, , 29163, 25000, 29516, 29603, 0, 
41, 1, 212, 302, -1, 184, 150, 23.0, 28, ABplpaapapa, 247, 27945, 31522, 1128, , 27945, 25000, 27773, 27706, 0, 
42, 1, 397, 107, -1, 326, 138, 16.3, 23, ABplppaapap, 27, 27135, 16064, 592, , 27135, 25000, 29245, 29091, 0, 
43, 1, 394, 440, -1, 455, 318, 24.8, 29, Cappaaa, 299, 29141, 32405, 1112, , 29141, 25000, 29113, 29118, 0, 
44, 0, 395, -1, -1, 175, 188, 7.9, 22, , 201, 2649, 15238, 464, , 32841, 25000, 30015, 30192, 0, 
45, 1, 173, 43, -1, 185, 285, 17.5, 26, MSaaaaaa, 296, 26715, 23937, 896, , 26715, 25000, 28090, 28099, 0, 
46, 1, 343, 442, -1, 208, 139, 20.2, 23, ABalpppaaaa, 124, 28554, 15419, 540, , 28554, 25000, 28253, 28373, 0, 
47, 1, 307, 72, -1, 183, 233, 5.4, 23, ABpraaaaaap, 228, 45617, 29195, 640, , 45617, 25000, 41140, 42018, 0, 
48, 1, 460, 332, -1, 429, 385, 12.8, 25, Cpppaaa, 265, 28246, 19885, 704, , 28246, 25000, 29611, 29628, 0, 
49, 0, 97, -1, -1, 338, 179, 5.7, 25, , -311, -200, 28941, 764, , 37881, 25000, 37434, 38081, 0, 
50, 1, 245, 55, -1, 284, 326, 13.0, 22, ABaraaapapp, 204, 27172, 10434, 384, , 27172, 25000, 27969, 27965, 0, 
51, 1, 136, 510, -1, 519, 142, 15.5, 24, ABplapppapp, 234, 28430, 21834, 768, , 28430, 25000, 27860, 27981, 0, 
52, 1, 59, 52, -1, 222, 313, 16.4, 24, ABaraappapa, 86, 27980, 19586, 700, , 27980, 25000, 29804, 29889, 0, 
53, 1, 252, 334, -1, 303, 170, 12.6, 22, ABplpapaaaa, 196, 27462, 15708, 572, , 27462, 25000, 28083, 28213, 0, 
54, 1, 167, 324, -1, 291, 260, 13.0, 24, ABarapapppp, 201, 27551, 16751, 608, , 27551, 25000, 28989, 29230, 0, 
55, 1, 227, 487, -1, 488, 198, 15.4, 24, ABplppppaap, 202, 27809, 19466, 700, , 27809, 25000, 28149, 28239, 0, 
56, 1, 424, 337, -1, 255, 345, 20.3, 24, MSpaaaaaa, 223, 28817, 20287, 704, , 28817, 25000, 29131, 29250, 0, 
57, 1, 319, 352, -1, 294, 361, 21.8, 22, MSaaaapaa, 204, 26563, 13175, 496, , 26563, 25000, 28353, 28371, 0, 
58, 1, 314, 328, -1, 491, 299, 5.6, 26, ABprappapp, 236, 35718, 29717, 832, , 35718, 25000, 35792, 35832, 0, 
59, 1, 4, 263, -1, 324, 194, 10.5, 23, ABprpappapa, 226, 27568, 17423, 632, , 27568, 25000, 28728, 29129, 0, 
60, 1, 406, 229, -1, 215, 251, 23.6, 23, MSapaaap, 198, 27958, 17893, 640, , 27958, 25000, 28613, 28810, 0, 
61, 1, 5, 445, -1, 186, 187, 26.3, 32, ABplaaapap, 266, 29390, 46554, 1584, , 29390, 25000, 29458, 29496, 0, 
62, 1, 181, 21, -1, 202, 215, 26.4, 26, ABplaaappa, 248, 29181, 24279, 832, , 29181, 25000, 28926, 28939, 0, 
63, 1, 509, 529, -1, 335, 307, 21.6, 22, MSaaapapa, 171, 28327, 16203, 572, , 28327, 25000, 28533, 28569, 0, 
64, 1, 247, 468, -1, 318, 346, 13.6, 24, ABaraapppap, 212, 27400, 19180, 700, , 27400, 25000, 28101, 27974, 0, 
65, 1, 104, 232, -1, 229, 246, 13.1, 24, ABarapaaaaa, 190, 26930, 16266, 604, , 26930, 25000, 28655, 28869, 0, 
66, 1, 187, 312, -1, 494, 362, 11.7, 26, Cppapaa, 254, 26910, 23035, 856, , 26910, 25000, 29695, 29695, 0, 
67, 0, 430, -1, -1, 250, 175, 22.4, 24, , 200, 852, 20530, 700, , 29329, 25000, 28562, 28477, 0, 
68, 1, 190, 246, -1, 533, 113, 14.8, 25, ABplappppp, 231, 27061, 19051, 704, , 27061, 25000, 28382, 28397, 0, 
69, 1, 262, 305, -1, 330, 227, 18.5, 28, ABaraapappp, 104, 27431, 29625, 1080, , 27431, 25000, 28943, 28944, 0, 
70, 1, 47, 6, -1, 242, 200, 13.2, 27, ABarapapapa, 241, 27470, 23844, 868, , 27470, 25000, 28197, 28176, 0, 
71, 1, 230, 430, -1, 463, 232, 6.4, 26, ABprpppaaap, 216, 32986, 27444, 832, , 32986, 25000, 33589, 34021, 0, 
72, 1, 363, 449, -1, 379, 397, 16.7, 28, Dpppap, 195, 29797, 31704, 1064, , 29797, 25000, 28704, 28778, 0, 
73, 1, 409, 265, -1, 459, 295, 9.0, 22, MSpappppp, 175, 28719, 11028, 384, , 28719, 25000, 29825, 29867, 0, 
74, 1, 43, 424, -1, 276, 181, 19.0, 25, MSapapap, 256, 27120, 20720, 764, , 27120, 25000, 28059, 28085, 0, 
75, 0, 285, -1, -1, 333, 198, 26.6, 23, , 199, -1090, 17825, 640, , 27852, 25000, 28971, 28942, 0, 
76, 1, 25, 320, -1, 307, 203, 22.3, 25, ABplaapapaa, 45, 28090, 21461, 764, , 28090, 25000, 28739, 28674, 0, 
77, 1, 195, 458, -1, 204, 258, 19.5, 24, ABaraapaaaa, 251, 27652, 21237, 768, , 27652, 25000, 28116, 28198, 0, 
78, 1, 477, 295, -1, 184, 190, 17.4, 22, ABalaaaalal, 176, 27955, 15990, 572, , 27955, 25000, 28583, 28932, 0, 
79, 1, 124, 369, -1, 178, 230, 9.8, 23, ABarapppaaa, 208, 28665, 15479, 540, , 28665, 25000, 28054, 28158, 0, 
80, 1, 308, 142, -1, 212, 170, 18.6, 28, ABalppappaa, 237, 28441, 28100, 988, , 28441, 25000, 28665, 28656, 0, 
81, 1, 249, 227, -1, 207, 288, 11.0, 24, ABprpaapaaa, 200, 28544, 17355, 608, , 28544, 25000, 28212, 28233, 0, 
82, 1, 3, 399, -1, 302, 151, 14.3, 22, ABplpapaapp, 191, 27510, 14415, 524, , 27510, 25000, 29471, 29785, 0, 
83, 0, 49, -1, -1, 514, 144, 7.6, 24, , 236, -432, 22007, 700, , 31439, 25000, 31771, 31871, 0, 
84, 1, 70, 298, -1, 367, 216, 23.3, 27, ABplapaaapp, 205, 28748, 26563, 924, , 28748, 25000, 28639, 28703, 0, 
85, 1, 356, 156, -1, 459, 250, 14.7, 25, MSapaapp, 10, 28161, 21515, 764, , 28161, 25000, 28056, 28084, 0, 
86, 1, 288, 8, -1, 277, 347, 9.6, 23, ABpraapapap, 211, 28559, 18278, 640, , 28559, 25000, 29367, 29577, 0, 
87, 1, 76, 109, -1, 150, 197, 23.6, 25, ABplaaapaa, 80, 28636, 23825, 832, , 28636, 25000, 28188, 28087, 0, 
88, 1, 266, 193, -1, 344, 143, 13.5, 23, ABalpapappp, 510, 27456, 17352, 632, , 27456, 25000, 28371, 28208, 0, 
89, 1, 155, 145, -1, 502, 181, 18.0, 22, ABplpppppap, 106, 27846, 10693, 384, , 27846, 25000, 28796, 28859, 0, 
90, 1, 55, 270, -1, 206, 260, 7.5, 22, ABprpaaaaaa, 201, 29205, 14953, 512, , 29205, 25000, 30849, 31007, 0, 
91, 0, 91, -1, -1, 287, 358, 6.9, 23, , 277, -1100, 16370, 496, , 33004, 25000, 33855, 34104, 0, 
92, 1, 83, 202, -1, 202, 229, 7.6, 23, ABprpaaapaa, 204, 28094, 17980, 640, , 28094, 25000, 31547, 31694, 0, 
93, 1, 323, 114, -1, 193, 259, 5.0, 22, ABpraaaapad, 221, 42503, 16321, 384, , 42503, 25000, 41048, 41083, 0, 
94, 1, 241, 419, -1, 428, 350, 18.3, 32, Earap, 123, 28278, 44792, 1584, , 28278, 25000, 29539, 29560, 0, 
95, 1, 67, 397, -1, 348, 183, 7.8, 24, ABprpaaaapa, 247, 28627, 18779, 656, , 28627, 25000, 30781, 30956, 0, 
96, 1, 185, 75, -1, 495, 120, 16.2, 24, ABplpppaapp, 112, 28581, 18749, 656, , 28581, 25000, 28030, 28089, 0, 
97, 0, 299, -1, -1, 278, 342, 21.7, 23, , 192, -412, 16827, 592, , 28424, 25000, 28924, 28836, 0, 
98, 1, 142, 325, -1, 383, 312, 20.7, 28, Ealaad, 285, 28628, 30460, 1064, , 28628, 25000, 28594, 28717, 0, 
99, 1, 282, 411, -1, 210, 264, 15.6, 23, ABaraaapaaa, 285, 27138, 17368, 640, , 27138, 25000, 27811, 27890, 0, 
100, 1, 277, 56, -1, 545, 323, 7.6, 29, ABprapapaa, 112, 27781, 32115, 1156, , 27781, 25000, 31205, 31207, 0, 
101, 1, 258, 44, -1, 552, 157, 14.6, 25, Cappppd, 201, 27900, 23213, 832, , 27900, 25000, 28781, 28825, 0, 
102, 0, 164, -1, -1, 260, 267, 9.0, 23, , 250, 764, 14887, 512, , 29076, 25000, 28275, 28312, 0, 
103, 1, 260, 66, -1, 541, 135, 17.4, 25, ABplapapppp, 254, 26828, 22321, 832, , 26828, 25000, 27726, 27754, 0, 
104, 1, 404, 473, -1, 466, 152, 15.9, 23, Capappa, 344, 26714, 13250, 496, , 26714, 25000, 28982, 28865, 0, 
105, 1, 36, 129, -1, 154, 323, 16.6, 24, ABarpapaaap, 230, 27739, 19417, 700, , 27739, 25000, 28567, 28604, 0, 
106, 1, 105, 292, -1, 238, 119, 16.3, 23, ABplpaapapp, 166, 27059, 16019, 592, , 27059, 25000, 27761, 27554, 0, 
107, 1, 392, 236, -1, 316, 259, 11.1, 23, MSpapaaaa, 208, 26958, 13371, 496, , 26958, 25000, 29090, 29183, 0, 
108, 1, 224, 492, -1, 221, 142, 10.2, 25, ABplaappaa, 187, 26669, 18775, 704, , 26669, 25000, 28156, 28218, 0, 
109, 1, 130, 283, -1, 518, 236, 5.5, 27, ABprapappa, 264, 40491, 36280, 896, , 40491, 25000, 37840, 38435, 0, 
110, 1, 158, 153, -1, 458, 325, 6.1, 26, ABprappaap, 260, 31729, 25383, 800, , 31729, 25000, 34682, 34731, 0, 
111, 1, 18, 448, -1, 300, 127, 14.3, 23, ABplpaapppa, 194, 27270, 16144, 592, , 27270, 25000, 28591, 28752, 0, 
112, 1, 116, 112, -1, 318, 293, 11.1, 28, ABaraappppp, 194, 28700, 31226, 1088, , 28700, 25000, 28684, 28568, 0, 
113, 1, 199, 436, -1, 252, 158, 11.7, 23, ABalppapapa, 350, 29417, 17415, 592, , 29417, 25000, 28514, 28685, 0, 
114, 1, 8, 365, -1, 156, 249, 21.4, 28, ABplaaaaaaa, -140, 27322, 26994, 988, , 27322, 25000, 28458, 28786, 0, 
115, 1, 34, 336, -1, 348, 164, 9.7, 25, ABplpaaaapa, 281, 29177, 22291, 764, , 29177, 25000, 28880, 28812, 0, 
116, 1, 261, 3, -1, 293, 299, 22.1, 24, ABaraapaapp, 267, 28520, 17226, 604, , 28520, 25000, 28115, 28120, 0, 
117, 1, 471, 530, -1, 355, 326, 21.5, 25, MSaaapapp, 512, 27214, 20900, 768, , 27214, 25000, 28124, 28070, 0, 
118, 1, 387, 239, -1, 531, 212, 8.5, 24, ABprpppaapa, 205, 28432, 21836, 768, , 28432, 25000, 29151, 29275, 0, 
119, 1, 209, 220, -1, 518, 202, 12.7, 23, ABprpappppa, 100, 27883, 16507, 592, , 27883, 25000, 28792, 28774, 0, 
120, 1, 366, 179, -1, 304, 165, 9.9, 22, ABprpappaap, 203, 27517, 12768, 464, , 27517, 25000, 28982, 28852, 0, 
121, 1, 359, 28, -1, 472, 170, 11.9, 22, ABplppppapp, 224, 28192, 13081, 464, , 28192, 25000, 28192, 28021, 0, 
122, 1, 470, 267, -1, 156, 178, 14.4, 24, ABalpaapppp, 211, 26737, 18716, 700, , 26737, 25000, 28107, 28009, 0, 
123, 1, 293, 330, -1, 555, 275, 18.6, 33, Eplap, 326, 28404, 46582, 1640, , 28404, 25000, 29231, 29454, 0, 
124, 1, 353, 184, -1, 198, 228, 14.5, 24, ABaraaappaa, 243, 27704, 21277, 768, , 27704, 25000, 28181, 28370, 0, 
125, 1, 485, 558, -1, 278, 205, 8.4, 23, ABprpapaapa, 213, 28648, 18335, 640, , 28648, 25000, 28722, 28889, 0, 
126, 1, 466, 509, -1, 573, 160, 20.6, 25, Cpapaa, 252, 28195, 23458, 832, , 28195, 25000, 28669, 28673, 0, 
127, 1, 37, 274, -1, 201, 314, 14.4, 25, MSppaaap, 255, 28279, 23528, 832, , 28279, 25000, 28881, 28959, 0, 
128, 1, 280, 488, -1, 450, 160, 12.8, 22, ABplppppapa, 191, 28000, 13888, 496, , 28000, 25000, 29232, 29461, 0, 
129, 1, 331, 252, -1, 160, 164, 20.5, 26, ABalpppaapd, 216, 28446, 25488, 896, , 28446, 25000, 27890, 27986, 0, 
130, 1, 612, 29, -1, 397, 313, 25.2, 29, Dapap, 284, 27570, 30658, 1112, , 27570, 25000, 28538, 28506, 0, 
131, 1, 191, 167, -1, 274, 223, 24.4, 24, ABplaapappa, 276, 28027, 19619, 700, , 28027, 25000, 28354, 28455, 0, 
132, 0, 85, -1, -1, 284, 273, 10.9, 24, , 196, 1711, 17939, 604, , 29700, 25000, 27838, 27989, 0, 
133, 1, 94, 9, -1, 314, 351, 11.0, 26, MSppapaa, 265, 28631, 24394, 852, , 28631, 25000, 28231, 28322, 0, 
134, 1, 156, 79, -1, 537, 201, 16.8, 31, Eplpp, 310, 27687, 40534, 1464, , 27687, 25000, 30106, 30151, 0, 
135, 1, 315, 477, -1, 235, 235, 5.9, 24, ABprpaaapap, 230, 36785, 22218, 604, , 36785, 25000, 37297, 38008, 0, 
136, 1, 371, 67, -1, 177, 145, 20.1, 24, ABalpppaapv, 333, 29048, 17545, 604, , 29048, 25000, 28034, 28022, 0, 
137, 0, 239, -1, -1, 263, 284, 21.8, 23, , 215, 53, 15167, 540, , 28087, 25000, 27952, 28034, 0, 
138, 1, 2, 42, -1, 127, 205, 21.1, 24, ABplaapaaap, 507, 29207, 17641, 604, , 29207, 25000, 29037, 29139, 0, 
139, 1, 487, 345, -1, 294, 324, 21.4, 22, MSaaaapap, 183, 27661, 15822, 572, , 27661, 25000, 28376, 28419, 0, 
140, 1, 325, 490, -1, 284, 162, 13.1, 22, ABplpapaapa, 183, 28405, 13180, 464, , 28405, 25000, 28593, 28735, 0, 
141, 1, 17, 189, -1, 484, 236, 10.3, 23, ABprppppaaa, 190, 28490, 16866, 592, , 28490, 25000, 29017, 29237, 0, 
142, 1, 329, 406, -1, 552, 235, 18.4, 31, Eplpa, 128, 27756, 36971, 1332, , 27756, 25000, 29455, 29523, 0, 
143, 1, 334, 130, -1, 264, 268, 26.3, 24, ABarppaaaa, 180, 26888, 18929, 704, , 26888, 25000, 29026, 29072, 0, 
144, 1, 233, 268, -1, 498, 153, 17.0, 24, ABplpppaapa, -28, 29650, 18027, 608, , 29650, 25000, 28421, 28311, 0, 
145, 1, 469, 304, -1, 539, 235, 23.8, 28, Capapap, 281, 28196, 29662, 1052, , 28196, 25000, 28435, 28433, 0, 
146, 1, 28, 155, -1, 387, 221, 10.8, 23, ABarappappa, 439, 27646, 14929, 540, , 27646, 25000, 28791, 29047, 0, 
147, 1, 192, 161, -1, 369, 158, 21.9, 30, ABplaapppp, 291, 28138, 38155, 1356, , 28138, 25000, 28864, 28843, 0, 
148, 1, 113, 17, -1, 275, 374, 11.6, 26, ABprapaaaap, 314, 26774, 22276, 832, , 26774, 25000, 28329, 28357, 0, 
149, 1, 198, 192, -1, 482, 234, 23.1, 27, Capaapa, 268, 27568, 25032, 908, , 27568, 25000, 27728, 27722, 0, 
150, 1, 336, 176, -1, 457, 323, 18.5, 29, Ealap, 272, 29340, 31687, 1080, , 29340, 25000, 28628, 28594, 0, 
151, 1, 411, 343, -1, 175, 342, 19.4, 28, MSppappp, 178, 28281, 27942, 988, , 28281, 25000, 28908, 28953, 0, 
152, 0, 6, -1, -1, 343, 127, 11.6, 24, , -22, 230, 19592, 700, , 27989, 25000, 27724, 27759, 0, 
153, 1, 114, 221, -1, 156, 297, 7.5, 27, ABprpaapapa, 272, 29816, 26715, 896, , 29816, 25000, 32375, 32617, 0, 
154, 1, 220, 293, -1, 252, 311, 8.9, 22, ABpraaappap, 181, 28116, 13046, 464, , 28116, 25000, 27843, 27791, 0, 
155, 1, 271, 143, -1, 491, 244, 13.3, 25, MSppaapp, 209, 27569, 21063, 764, , 27569, 25000, 27884, 27906, 0, 
156, 1, 100, 110, -1, 174, 179, 23.1, 24, ABplaapaapa, 279, 29750, 17969, 604, , 29750, 25000, 28554, 28693, 0, 
157, 1, 31, 69, -1, 459, 180, 22.2, 27, ABplappapp, -98, 27926, 24240, 868, , 27926, 25000, 28620, 28622, 0, 
158, 1, 380, 363, -1, 286, 235, 6.3, 23, ABprppaaaaa, 454, 38801, 22970, 592, , 38801, 25000, 35272, 35103, 0, 
159, 1, 448, 366, -1, 172, 248, 24.1, 25, ABplaaaaapp, 232, 28464, 19583, 688, , 28464, 25000, 28345, 28237, 0, 
160, 1, 102, 281, -1, 135, 301, 12.4, 23, ABarpappaa, 181, 28367, 18155, 640, , 28367, 25000, 27451, 27476, 0, 
161, 1, 518, 483, -1, 170, 228, 19.2, 25, ABalapappaa, 107, 26584, 18715, 704, , 26584, 25000, 27659, 27790, 0, 
162, 1, 160, 71, -1, 549, 157, 10.6, 23, ABprppppppp, 145, 27933, 17877, 640, , 27933, 25000, 28366, 28261, 0, 
163, 1, 75, 396, -1, 267, 247, 13.4, 27, ABarapaaaap, 250, 28314, 27974, 988, , 28314, 25000, 28643, 28578, 0, 
164, 1, 13, 150, -1, 199, 178, 14.4, 28, ABalpapaaaa, 256, 28500, 28158, 988, , 28500, 25000, 28923, 29078, 0, 
165, 1, 120, 234, -1, 381, 341, 16.5, 32, Earaa, 324, 27320, 39122, 1432, , 27320, 25000, 29246, 29327, 0, 
166, 1, 89, 222, -1, 113, 234, 15.8, 24, ABpraapaaaa, 217, 26915, 17656, 656, , 26915, 25000, 27782, 27695, 0, 
167, 1, 52, 63, -1, 271, 131, 12.9, 24, ABplpaapppp, 226, 28217, 17043, 604, , 28217, 25000, 28367, 28599, 0, 
168, 1, 149, 321, -1, 414, 258, 11.2, 22, ABprppappap, 206, 28647, 14209, 496, , 28647, 25000, 29097, 29242, 0, 
169, 1, 442, 364, -1, 446, 335, 9.3, 25, Cppaaap, 254, 27671, 21141, 764, , 27671, 25000, 30177, 30121, 0, 
170, 1, 350, 115, -1, 428, 299, 17.0, 31, Ealpa, 311, 29032, 45871, 1580, , 29032, 25000, 29127, 29125, 0, 
171, 1, 287, 133, -1, 444, 369, 7.2, 27, ABprappapa, 266, 28606, 24830, 868, , 28606, 25000, 32284, 32284, 0, 
172, 1, 372, 172, -1, 280, 218, 20.7, 24, ABalpapppaa, 46, 27682, 19488, 704, , 27682, 25000, 28251, 28503, 0, 
173, 1, 416, 185, -1, 112, 271, 14.3, 26, ABpraapaaap, 184, 27506, 23545, 856, , 27506, 25000, 27496, 27411, 0, 
174, 1, 232, 177, -1, 202, 131, 16.6, 23, ABalpppaaap, -99, 26995, 17277, 640, , 26995, 25000, 28399, 28060, 0, 
175, 1, 205, 215, -1, 557, 266, 7.1, 27, ABarpppppp, 267, 30754, 27925, 908, , 30754, 25000, 34154, 34153, 0, 
176, 1, 385, 374, -1, 338, 319, 5.4, 27, ABpraapppp, 259, 38345, 37885, 988, , 38345, 25000, 37420, 37685, 0, 
177, 1, 415, 506, -1, 230, 321, 11.3, 22, ABpraaapaad, 132, 27319, 14315, 524, , 27319, 25000, 28641, 28649, 0, 
178, 1, 284, 128, -1, 518, 136, 11.5, 25, ABplppppppa, 214, 28540, 21919, 768, , 28540, 25000, 29055, 29257, 0, 
179, 1, 251, 190, -1, 263, 344, 17.6, 25, MSpaaaapp, 129, 28602, 23797, 832, , 28602, 25000, 28533, 28430, 0, 
180, 1, 386, 54, -1, 506, 270, 5.2, 25, ABprapapap, -22, 36759, 25878, 704, , 36759, 25000, 37214, 37082, 0, 
181, 0, 14, -1, -1, 84, 261, 15.9, 24, , 178, 3422, 18663, 604, , 30899, 25000, 27434, 27477, 0, 
182, 1, 441, 279, -1, 238, 377, 14.2, 24, ABarpppaaa, 237, 26761, 17555, 656, , 26761, 25000, 27773, 27599, 0, 
183, 0, 44, -1, -1, 201, 326, 10.1, 24, , 198, -126, 17671, 604, , 29257, 25000, 29057, 29383, 0, 
184, 1, 320, 224, -1, 163, 162, 17.0, 27, ABalaaaalpa, 340, 26887, 27747, 1032, , 26887, 25000, 28140, 28178, 0, 
185, 1, 215, 201, -1, 217, 285, 6.1, 24, ABpraaaapav, 208, 37523, 22664, 604, , 37523, 25000, 36604, 36948, 0, 
186, 1, 368, 218, -1, 301, 229, 14.1, 22, ABalpappppa, 225, 28185, 13078, 464, , 28185, 25000, 28106, 28157, 0, 
187, 0, 346, -1, -1, 241, 191, 23.9, 24, , 194, 1391, 18447, 604, , 30541, 25000, 28918, 29150, 0, 
188, 1, 333, 40, -1, 188, 148, 13.9, 23, ABalppapaap, 200, 29833, 14797, 496, , 29833, 25000, 27897, 27859, 0, 
189, 1, 447, 209, -1, 239, 353, 8.7, 27, ABpraapappp, 126, 29117, 26904, 924, , 29117, 25000, 29276, 29306, 0, 
190, 1, 382, 68, -1, 213, 345, 11.6, 23, ABpraaaappp, -291, 27319, 17484, 640, , 27319, 25000, 28629, 28569, 0, 
191, 1, 456, 2, -1, 319, 197, 8.3, 21, ABprpapaaap, 160, 28985, 13681, 472, , 28985, 25000, 29900, 30552, 0, 
192, 1, 274, 401, -1, 431, 218, 10.9, 24, ABprppaappp, 215, 27687, 16723, 604, , 27687, 25000, 28973, 29198, 0, 
193, 1, 488, 563, -1, 335, 157, 13.2, 22, ABplpapaaap, 175, 28544, 14158, 496, , 28544, 25000, 28960, 29340, 0, 
194, 1, 234, 226, -1, 392, 189, 21.0, 25, ABplapaapp, 242, 26910, 20559, 764, , 26910, 25000, 28077, 28107, 0, 
195, 1, 419, 187, -1, 475, 182, 15.1, 22, ABplppppaaa, -251, 27692, 12849, 464, , 27692, 25000, 28272, 28430, 0, 
196, 1, 216, 80, -1, 282, 350, 14.8, 25, ABaraappapp, 257, 28449, 20028, 704, , 28449, 25000, 28732, 28716, 0, 
197, 1, 223, 296, -1, 166, 208, 11.9, 22, ABaraaapppa, 214, 27793, 12896, 464, , 27793, 25000, 28445, 28311, 0, 
198, 1, 66, 5, -1, 301, 255, 5.2, 27, ABprppaaaap, 269, 37221, 32308, 868, , 37221, 25000, 37571, 37446, 0, 
199, 0, 444, -1, -1, 393, 310, 14.7, 23, , 191, -667, 17274, 592, , 29179, 25000, 29599, 29846, 0, 
200, 1, 77, 163, -1, 347, 222, 16.2, 22, MSaapaaap, 194, 29556, 14660, 496, , 29556, 25000, 29707, 29384, 0, 
201, 1, 135, 197, -1, 233, 135, 12.5, 25, ABalppapapp, 212, 29120, 22364, 768, , 29120, 25000, 28715, 28935, 0, 
202, 1, 275, 19, -1, 288, 182, 21.8, 22, ABalpppppap, 273, 28401, 14087, 496, , 28401, 25000, 28350, 28541, 0, 
203, 1, 435, 275, -1, 276, 130, 9.7, 28, ABplaappap, 293, 27507, 29267, 1064, , 27507, 25000, 28219, 28228, 0, 
204, 1, 123, 169, -1, 423, 204, 13.3, 23, ABplppaappp, 174, 26530, 15706, 592, , 26530, 25000, 28287, 28216, 0, 
205, 1, 29, 416, -1, 429, 256, 9.8, 23, ABprppapapa, 200, 28680, 15487, 540, , 28680, 25000, 29489, 29445, 0, 
206, 1, 317, 307, -1, 387, 241, 25.9, 26, ABarppapap, 121, 29039, 23231, 800, , 29039, 25000, 28308, 28315, 0, 
207, 1, 222, 359, -1, 235, 333, 18.2, 25, MSpaaaapa, 110, 26658, 18767, 704, , 26658, 25000, 28502, 28508, 0, 
208, 1, 480, 208, -1, 326, 166, 26.5, 27, ABarppaaap, 201, 27637, 24763, 896, , 27637, 25000, 29387, 29635, 0, 
209, 1, 255, 41, -1, 312, 181, 25.1, 23, ABalppppppap, 160, 26915, 13350, 496, , 26915, 25000, 29333, 29397, 0, 
210, 1, 161, 280, -1, 362, 280, 8.1, 24, MSpapppaa, 203, 28444, 17180, 604, , 28444, 25000, 32086, 32206, 0, 
211, 1, 298, 350, -1, 573, 261, 23.6, 27, Capppaa, 266, 27969, 27633, 988, , 27969, 25000, 29122, 29110, 0, 
212, 1, 68, 451, -1, 115, 215, 18.7, 24, ABplaapaaaa, -101, 28061, 19755, 704, , 28061, 25000, 27911, 27910, 0, 
213, 0, 82, -1, -1, 265, 224, 13.5, 23, , 275, 1408, 18628, 632, , 29475, 25000, 28054, 28067, 0, 
214, 1, 327, 371, -1, 519, 175, 10.4, 24, Cpppppv, 240, 28571, 20000, 700, , 28571, 25000, 28855, 28978, 0, 
215, 1, 523, 584, -1, 144, 256, 10.4, 22, ABalaappppp, -9, 29355, 16791, 572, , 29355, 25000, 29329, 29634, 0, 
216, 0, 137, -1, -1, 391, 159, 13.2, 24, , 225, 554, 18151, 656, , 27669, 25000, 27110, 27115, 0, 
217, 0, 38, -1, -1, 294, 236, 17.6, 22, , 196, -1378, 15451, 572, , 27012, 25000, 28431, 28390, 0, 
218, 1, 381, 347, -1, 418, 320, 6.4, 26, ABprappaaa, 54, 33105, 27543, 832, , 33105, 25000, 32754, 33044, 0, 
219, 1, 427, 78, -1, 468, 290, 13.0, 31, Z2, 308, 27381, 43262, 1580, , 27381, 25000, 28644, 28678, 0, 
220, 1, 22, 94, -1, 404, 327, 8.6, 25, Cppaaaa, 244, 27514, 22892, 832, , 27514, 25000, 30279, 30311, 0, 
221, 1, 472, 131, -1, 173, 206, 18.2, 26, ABalaaaalar, 222, 27107, 21577, 796, , 27107, 25000, 28239, 28636, 0, 
222, 1, 93, 368, -1, 202, 260, 10.2, 22, ABarappppaa, 200, 29317, 14541, 496, , 29317, 25000, 28419, 28353, 0, 
223, 1, 517, 205, -1, 238, 268, 14.7, 20, ABaraaaaapp, 128, 27315, 10052, 368, , 27315, 25000, 27508, 27685, 0, 
224, 1, 305, 313, -1, 323, 154, 23.0, 23, ABplpaappap, 228, 29721, 15217, 512, , 29721, 25000, 28583, 28425, 0, 
225, 1, 450, 4, -1, 134, 277, 9.1, 22, ABpraaaaapd, 191, 28440, 13196, 464, , 28440, 25000, 28569, 28399, 0, 
226, 1, 309, 441, -1, 191, 352, 15.7, 27, MSppappa, 309, 28344, 26190, 924, , 28344, 25000, 28726, 28754, 0, 
227, 1, 189, 390, -1, 539, 367, 12.5, 28, Caaapa, 279, 28101, 30349, 1080, , 28101, 25000, 27816, 27805, 0, 
228, 1, 496, 422, -1, 252, 222, 26.4, 33, ABplaaappp, 334, 29026, 47603, 1640, , 29026, 25000, 29611, 29702, 0, 
229, 1, 265, 282, -1, 507, 142, 22.6, 23, ABarppappp, 286, 27708, 17733, 640, , 27708, 25000, 28096, 28136, 0, 
230, 1, 203, 360, -1, 202, 216, 11.0, 28, ABarappaaaa, -38, 27291, 30784, 1128, , 27291, 25000, 28804, 28851, 0, 
231, 1, 45, 278, -1, 465, 230, 18.5, 29, Z3, 167, 26973, 29131, 1080, , 26973, 25000, 27776, 27792, 0, 
232, 1, 71, 395, -1, 314, 345, 7.9, 25, ABprapaaapa, 250, 29605, 18829, 636, , 29605, 25000, 30669, 30759, 0, 
233, 1, 276, 168, -1, 311, 257, 21.4, 26, ABaraapapaa, 252, 29084, 24198, 832, , 29084, 25000, 28474, 28382, 0, 
234, 1, 177, 91, -1, 296, 394, 14.0, 27, ABarpppapa, 271, 27006, 27870, 1032, , 27006, 25000, 28190, 28088, 0, 
235, 1, 413, 467, -1, 501, 152, 13.4, 22, Cappppv, 212, 26939, 15409, 572, , 26939, 25000, 29297, 29304, 0, 
236, 1, 162, 217, -1, 494, 186, 12.3, 22, ABplpappppp, 212, 27786, 14560, 524, , 27786, 25000, 28450, 28604, 0, 
237, 1, 21, 87, -1, 299, 206, 12.5, 22, ABplpappaaa, 216, 28129, 14402, 512, , 28129, 25000, 28741, 28709, 0, 
238, 1, 170, 314, -1, 192, 207, 21.3, 24, ABalppppapa, 274, 26997, 19006, 704, , 26997, 25000, 27881, 27671, 0, 
239, 0, 108, -1, -1, 549, 183, 6.5, 22, , 190, -1361, 17683, 512, , 34537, 25000, 35052, 35898, 0, 
240, 1, 431, 242, -1, 127, 230, 12.0, 23, ABalaaapplr, 206, 29607, 15159, 512, , 29607, 25000, 27495, 27546, 0, 
241, 1, 257, 318, -1, 368, 275, 11.2, 22, MSpapapap, 193, 44202, 21924, 496, , 44202, 25000, 31389, 31651, 0, 
242, 1, 140, 164, -1, 600, 270, 15.0, 28, Cppppap, 280, 28583, 32242, 1128, , 28583, 25000, 28718, 28717, 0, 
243, 1, 180, 70, -1, 224, 277, 21.7, 27, ABaraapaapa, 236, 28503, 26337, 924, , 28503, 25000, 28257, 28201, 0, 
244, 1, 141, 297, -1, 229, 189, 21.0, 24, ABplpaapaaa, 231, 27084, 16467, 608, , 27084, 25000, 28508, 28459, 0, 
245, 1, 107, 471, -1, 509, 192, 25.4, 30, ABplapapaa, 285, 28387, 32815, 1156, , 28387, 25000, 28448, 28465, 0, 
246, 1, 360, 223, -1, 495, 321, 20.6, 31, Eplaa, 317, 27869, 37121, 1332, , 27869, 25000, 29424, 29453, 0, 
247, 1, 495, 116, -1, 470, 140, 9.6, 26, ABplpppapap, 255, 27238, 22662, 832, , 27238, 25000, 28283, 28179, 0, 
248, 1, 92, 341, -1, 253, 197, 6.1, 23, ABprpaapppp, 221, 36825, 18265, 496, , 36825, 25000, 37377, 37228, 0, 
249, 1, 211, 122, -1, 178, 274, 24.9, 24, ABplaaaaaap, -42, 28407, 17158, 604, , 28407, 25000, 28770, 28759, 0, 
250, 1, 279, 258, -1, 596, 213, 11.3, 26, Caappd, 204, 28759, 24618, 856, , 28759, 25000, 27996, 28003, 0, 
251, 1, 292, 446, -1, 206, 354, 23.6, 28, ABarpaapap, 286, 27925, 27590, 988, , 27925, 25000, 28231, 28218, 0, 
252, 1, 147, 356, -1, 346, 266, 11.2, 23, MSpapaaap, 196, 29517, 15939, 540, , 29517, 25000, 30432, 29497, 0, 
253, 1, 151, 398, -1, 203, 159, 11.6, 26, ABalpapaaap, -173, 29050, 24170, 832, , 29050, 25000, 28595, 28737, 0, 
254, 1, 41, 203, -1, 275, 288, 5.6, 24, ABprpaapaap, 54, 39587, 27711, 700, , 39587, 25000, 35704, 35838, 0, 
255, 1, 407, 141, -1, 302, 147, 21.5, 24, ABplpaapaap, 205, 28827, 22139, 768, , 28827, 25000, 28691, 28579, 0, 
256, 1, 150, 134, -1, 499, 213, 14.6, 24, ABprpappppp, 172, 28934, 20254, 700, , 28934, 25000, 28541, 28485, 0, 
257, 1, 332, 285, -1, 210, 278, 24.8, 24, MSapappa, 281, 27563, 18081, 656, , 27563, 25000, 28574, 28669, 0, 
258, 0, 143, -1, -1, 247, 174, 8.4, 23, , 203, -792, 18339, 640, , 28655, 25000, 29385, 29447, 0, 
259, 1, 111, 261, -1, 326, 220, 10.4, 24, ABprpapapaa, 39, 28060, 19642, 700, , 28060, 25000, 28455, 28641, 0, 
260, 1, 250, 12, -1, 318, 285, 22.9, 26, ABaraapapap, 196, 27794, 22235, 800, , 27794, 25000, 28662, 28745, 0, 
261, 1, 253, 126, -1, 434, 245, 25.5, 28, ABplappapa, 283, 27984, 30223, 1080, , 27984, 25000, 27723, 27724, 0, 
262, 1, 316, 81, -1, 270, 284, 10.9, 22, ABarapappaa, 182, 30218, 14021, 464, , 30218, 25000, 27477, 27707, 0, 
263, 1, 58, 432, -1, 267, 213, 19.0, 24, ABalpappaap, 228, 26811, 16301, 608, , 26811, 25000, 28095, 28307, 0, 
264, 1, 270, 27, -1, 293, 198, 9.8, 22, ABprpapaaaa, 156, 28153, 13964, 496, , 28153, 25000, 29373, 28977, 0, 
265, 1, 490, 340, -1, 333, 373, 13.7, 22, Dpaap, 183, 29601, 15511, 524, , 29601, 25000, 28281, 28214, 0, 
266, 1, 458, 106, -1, 279, 326, 9.6, 24, ABpraapapaa, 284, 27999, 19599, 700, , 27999, 25000, 28428, 28507, 0, 
267, 1, 202, 207, -1, 292, 384, 18.1, 23, MSpppppp, 191, 28274, 14024, 496, , 28274, 25000, 28735, 28644, 0, 
268, 1, 303, 158, -1, 531, 305, 19.7, 33, Ealpp, 329, 28733, 49880, 1736, , 28733, 25000, 29007, 29106, 0, 
269, 0, 246, -1, -1, 532, 135, 21.4, 22, , 2, -826, 15547, 572, , 27180, 25000, 28127, 28006, 0, 
270, 1, 375, 136, -1, 409, 273, 8.8, 23, ABprppapaap, 101, 29443, 15899, 540, , 29443, 25000, 29509, 29589, 0, 
271, 1, 264, 16, -1, 268, 152, 16.4, 24, ABplpaaappp, 206, 28394, 19876, 700, , 28394, 25000, 28588, 29058, 0, 
272, 1, 176, 244, -1, 291, 309, 6.0, 27, ABprpaappap, 272, 34453, 35555, 1032, , 34453, 25000, 35316, 35580, 0, 
273, 1, 122, 414, -1, 297, 207, 6.5, 22, ABprpapaapp, 218, 31248, 15999, 512, , 31248, 25000, 33934, 33908, 0, 
274, 1, 357, 231, -1, 446, 255, 22.4, 24, Capaaap, 217, 27247, 19073, 700, , 27247, 25000, 27295, 27298, 0, 
275, 1, 384, 452, -1, 385, 292, 13.1, 22, MSpapappp, 195, 28511, 13229, 464, , 28511, 25000, 31115, 30929, 0, 
276, 1, 321, 377, -1, 209, 231, 18.8, 23, ABalpaapaaa, 190, 27896, 15064, 540, , 27896, 25000, 27841, 27941, 0, 
277, 1, 505, 478, -1, 179, 287, 13.0, 23, ABalappapap, 230, 25773, 13196, 512, , 25773, 25000, 27967, 27930, 0, 
278, 1, 570, 212, -1, 131, 317, 20.7, 23, ABarpaapaa, 233, 28096, 16633, 592, , 28096, 25000, 28429, 28458, 0, 
279, 1, 12, 88, -1, 349, 356, 8.9, 24, ABprapaaapp, 26, 29354, 17730, 604, , 29354, 25000, 29527, 29581, 0, 
280, 1, 352, 139, -1, 240, 368, 18.1, 23, MSpppppa, 190, 28163, 13969, 496, , 28163, 25000, 28578, 28637, 0, 
281, 0, 499, -1, -1, 236, 217, 18.1, 22, , 200, 791, 13421, 464, , 28925, 25000, 28155, 28134, 0, 
282, 1, 324, 100, -1, 180, 350, 11.5, 24, ABarpapppa, 205, 26694, 20501, 768, , 26694, 25000, 27495, 27490, 0, 
283, 1, 457, 138, -1, 421, 327, 14.0, 29, Earpa, 273, 27665, 33973, 1228, , 27665, 25000, 29186, 29207, 0, 
284, 1, 225, 515, -1, 225, 184, 7.7, 26, ABarapppapp, 249, 30679, 26261, 856, , 30679, 25000, 32143, 30949, 0, 
285, 1, 272, 39, -1, 207, 219, 23.5, 25, ABalapaaaa, 250, 26872, 20638, 768, , 26872, 25000, 28199, 28110, 0, 
286, 1, 412, 82, -1, 573, 250, 11.2, 26, Cpppapp, 247, 27623, 21988, 796, , 27623, 25000, 29486, 29344, 0, 
287, 1, 226, 162, -1, 347, 227, 26.0, 25, ABarppapaa, 195, 28542, 21806, 764, , 28542, 25000, 28575, 28624, 0, 
288, 1, 313, 7, -1, 261, 128, 16.8, 24, ABplpaaapap, 225, 28248, 18531, 656, , 28248, 25000, 28150, 28365, 0, 
289, 1, 501, 435, -1, 565, 134, 13.8, 23, Cpappv, 91, 28337, 15302, 540, , 28337, 25000, 28213, 28177, 0, 
290, 1, 87, 474, -1, 584, 195, 20.1, 28, Capppap, 218, 28361, 30857, 1088, , 28361, 25000, 28988, 29025, 0, 
291, 1, 283, 45, -1, 385, 212, 16.6, 25, ABplppapaap, -179, 28564, 23765, 832, , 28564, 25000, 28651, 29093, 0, 
292, 1, 254, 309, -1, 269, 181, 9.5, 25, ABarappapaa, 217, 28841, 22150, 768, , 28841, 25000, 29044, 29526, 0, 
293, 1, 175, 269, -1, 243, 196, 9.4, 22, ABarapppapa, 180, 29530, 16891, 572, , 29530, 25000, 28873, 29054, 0, 
294, 1, 237, 151, -1, 221, 162, 14.4, 25, ABalppapppp, -69, 27821, 23147, 832, , 27821, 25000, 28905, 29005, 0, 
295, 1, 42, 178, -1, 112, 277, 19.9, 26, ABarpapapa, 231, 28246, 22597, 800, , 28246, 25000, 28385, 28389, 0, 
296, 1, 454, 237, -1, 216, 229, 4.3, 23, ABprpaapapp, 187, 39346, 23293, 592, , 39346, 25000, 39970, 40395, 0, 
297, 1, 390, 383, -1, 247, 328, 14.5, 22, ABaraaapapa, 192, 28414, 14548, 512, , 28414, 25000, 28471, 28499, 0, 
298, 0, 446, -1, -1, 165, 214, 13.9, 24, , 227, 0, 16927, 604, , 28025, 25000, 27895, 28025, 0, 
299, 1, 510, 511, -1, 243, 132, 14.2, 22, ABalppaappp, 153, 27494, 13637, 496, , 27494, 25000, 28519, 28433, 0, 
300, 1, 420, 65, -1, 565, 186, 12.6, 26, Cpppppd, 250, 29178, 24276, 832, , 29178, 25000, 28974, 28990, 0, 
301, 1, 101, 173, -1, 521, 194, 6.3, 24, ABprpppaapp, 237, 34939, 24597, 704, , 34939, 25000, 36203, 36712, 0, 
302, 1, 57, 230, -1, 315, 363, 20.0, 23, MSpaaappp, 233, 26918, 13782, 512, , 26918, 25000, 28031, 28058, 0, 
303, 1, 179, 182, -1, 356, 222, 6.2, 28, ABarappappp, 245, 34762, 36570, 1052, , 34762, 25000, 35347, 36058, 0, 
304, 1, 178, 423, -1, 402, 266, 15.7, 24, MSaappap, 225, 27837, 19597, 704, , 27837, 25000, 28688, 28564, 0, 
305, 0, 376, -1, -1, 282, 251, 8.3, 22, , 149, 2009, 16181, 524, , 30880, 25000, 28815, 28871, 0, 
306, 1, 33, 225, -1, 482, 190, 9.4, 24, ABprppppapp, 222, 29607, 20725, 700, , 29607, 25000, 29314, 29431, 0, 
307, 0, 340, -1, -1, 353, 284, 19.9, 23, , 208, 95, 14792, 496, , 29823, 25000, 29682, 29728, 0, 
308, 1, 9, 105, -1, 146, 294, 24.0, 26, ABplaaaapa, 230, 29504, 25137, 852, , 29504, 25000, 29208, 29327, 0, 
309, 1, 79, 73, -1, 349, 287, 13.9, 22, MSpapapaa, 180, 53591, 24866, 464, , 53591, 25000, 34120, 34160, 0, 
310, 1, 399, 349, -1, 110, 236, 19.9, 23, ABarpaaaaal, 233, 28500, 14136, 496, , 28500, 25000, 28916, 28605, 0, 
311, 1, 106, 370, -1, 399, 253, 12.0, 22, ABprppappaa, 225, 29461, 11313, 384, , 29461, 25000, 28609, 28601, 0, 
312, 1, 11, 160, -1, 153, 268, 23.4, 24, ABarpaaaapp, 193, 27577, 19304, 700, , 27577, 25000, 29014, 28637, 0, 
313, 1, 339, 384, -1, 382, 248, 8.1, 23, ABprppapaaa, 216, 27843, 13810, 496, , 27843, 25000, 29922, 30101, 0, 
314, 1, 465, 316, -1, 323, 181, 14.3, 24, ABplpapapaa, 235, 28585, 20124, 704, , 28585, 25000, 29146, 29192, 0, 
315, 0, 504, -1, -1, 111, 273, 21.7, 22, , 172, 134, 15146, 524, , 28905, 25000, 28823, 28771, 0, 
316, 1, 95, 57, -1, 445, 212, 23.2, 26, ABplappaap, 267, 26901, 21413, 796, , 26901, 25000, 28154, 28112, 0, 
317, 1, 367, 489, -1, 282, 145, 20.4, 24, ABplpaaaaap, 233, 29219, 20453, 700, , 29219, 25000, 28817, 28925, 0, 
318, 1, 69, 323, -1, 245, 301, 19.0, 24, MSaaaaapap, 153, 27401, 16660, 608, , 27401, 25000, 28544, 28473, 0, 
319, 0, 20, -1, -1, 378, 149, 18.5, 23, , 232, 2286, 19670, 632, , 31123, 25000, 28842, 28837, 0, 
320, 0, 432, -1, -1, 260, 318, 17.0, 22, , 172, -15, 11153, 384, , 29044, 25000, 29051, 29059, 0, 
321, 1, 513, 443, -1, 235, 323, 7.2, 22, ABpraaapppaa, 187, 29105, 14436, 496, , 29105, 25000, 31157, 30873, 0, 
322, 1, 351, 101, -1, 421, 233, 14.1, 23, ABplppapppa, 229, 27881, 13829, 496, , 27881, 25000, 28570, 28616, 0, 
323, 1, 51, 46, -1, 178, 272, 6.4, 24, ABpraaaaaaa, 209, 35014, 24510, 700, , 35014, 25000, 36724, 37532, 0, 
324, 1, 256, 362, -1, 465, 215, 10.4, 22, ABplpapppap, 210, 28163, 16109, 572, , 28163, 25000, 28709, 28885, 0, 
325, 1, 263, 251, -1, 252, 165, 14.2, 22, ABalppapppa, 338, 25978, 12885, 496, , 25978, 25000, 28900, 28994, 0, 
326, 1, 355, 308, -1, 473, 149, 21.9, 28, ABplapapap, 273, 27988, 30451, 1088, , 27988, 25000, 28402, 28469, 0, 
327, 1, 273, 453, -1, 213, 295, 17.4, 24, ABaraappaap, 345, 28913, 20239, 700, , 28913, 25000, 28583, 28818, 0, 
328, 1, 24, 93, -1, 412, 218, 22.2, 25, ABplappaaa, 254, 28979, 20401, 704, , 28979, 25000, 28108, 28086, 0, 
329, 1, 482, 120, -1, 495, 349, 7.2, 27, ABarpppppa, 244, 28933, 25114, 868, , 28933, 25000, 32625, 32771, 0, 
330, 1, 188, 444, -1, 440, 237, 9.9, 22, ABprppapppa, 194, 29140, 13521, 464, , 29140, 25000, 28810, 29072, 0, 
331, 1, 84, 367, -1, 218, 320, 5.6, 25, ABpraaappppa, 258, 41072, 34172, 832, , 41072, 25000, 39055, 39668, 0, 
332, 1, 421, 272, -1, 264, 394, 15.3, 25, ABarpaappp, 257, 28746, 21962, 764, , 28746, 25000, 27660, 27689, 0, 
333, 1, 242, 15, -1, 448, 212, 8.2, 22, ABprpppaaaa, 179, 28776, 14273, 496, , 28776, 25000, 28811, 28963, 0, 
334, 1, 468, 410, -1, 379, 197, 12.4, 23, ABplppaappa, 137, 26545, 16989, 640, , 26545, 25000, 28151, 27938, 0, 
335, 1, 153, 387, -1, 174, 346, 22.3, 26, ABarpapapp, 269, 27028, 23136, 856, , 27028, 25000, 28202, 28241, 0, 
336, 1, 60, 135, -1, 498, 383, 14.5, 25, Cpppaap, 252, 28699, 22041, 768, , 28699, 25000, 29115, 29126, 0, 
337, 1, 73, 507, -1, 222, 208, 15.0, 20, ABalpaappap, 164, 27256, 8613, 316, , 27256, 25000, 28677, 28666, 0, 
338, 1, 221, 404, -1, 407, 399, 17.3, 28, Dppppa, 484, 28377, 30193, 1064, , 28377, 25000, 28946, 28948, 0, 
339, 1, 425, 61, -1, 250, 289, 6.8, 24, ABprpaaaaap, 36, 33672, 22089, 656, , 33672, 25000, 33882, 33466, 0, 
340, 1, 46, 11, -1, 160, 321, 23.8, 25, ABplaaaapp, 86, 27273, 19200, 704, , 27273, 25000, 28692, 28778, 0, 
341, 1, 330, 59, -1, 349, 246, 13.9, 24, ABarapapapp, 102, 29189, 17630, 604, , 29189, 25000, 28035, 27898, 0, 
342, 1, 449, 99, -1, 442, 173, 16.7, 25, ABplpppaaap, 105, 26914, 20562, 764, , 26914, 25000, 28741, 28846, 0, 
343, 1, 433, 294, -1, 536, 138, 12.8, 22, ABplppppppp, 108, 28990, 14379, 496, , 28990, 25000, 28972, 29062, 0, 
344, 1, 184, 166, -1, 304, 215, 24.6, 23, ABplaapapap, -42, 28572, 18286, 640, , 28572, 25000, 29178, 29260, 0, 
345, 1, 16, 124, -1, 373, 354, 20.4, 25, MSaaappp, 224, 28005, 23300, 832, , 28005, 25000, 28463, 28462, 0, 
346, 1, 118, 348, -1, 268, 314, 21.7, 23, MSaaaaapp, 205, 29650, 17553, 592, , 29650, 25000, 28254, 28188, 0, 
347, 1, 117, 339, -1, 336, 318, 18.1, 25, MSaaaappp, 225, 27304, 18785, 688, , 27304, 25000, 28697, 28703, 0, 
348, 1, 281, 132, -1, 138, 187, 16.0, 23, ABalaaaarla, 180, 27850, 14259, 512, , 27850, 25000, 28455, 28183, 0, 
349, 1, 344, 257, -1, 374, 203, 14.6, 23, ABplppappaa, -203, 29066, 18602, 640, , 29066, 25000, 28318, 28499, 0, 
350, 1, 166, 289, -1, 161, 298, 10.5, 23, ABpraapaapa, 331, 29422, 18595, 632, , 29422, 25000, 28258, 28562, 0, 
351, 1, 318, 25, -1, 377, 316, 5.6, 26, ABprapaapp, 232, 38103, 31702, 832, , 38103, 25000, 35190, 35224, 0, 
352, 1, 345, 402, -1, 444, 262, 7.9, 23, ABprppapapp, -170, 31835, 15790, 496, , 31835, 25000, 30945, 31090, 0, 
353, 1, 259, 1, -1, 517, 262, 8.2, 24, Cppappa, 237, 27509, 18046, 656, , 27509, 25000, 29348, 29496, 0, 
354, 1, 54, 216, -1, 384, 371, 7.4, 27, ABarppppap, 275, 30248, 29885, 988, , 30248, 25000, 31008, 31008, 0, 
355, 1, 133, 433, -1, 422, 348, 25.3, 31, Cpaaap, 303, 28271, 38675, 1368, , 28271, 25000, 28512, 28526, 0, 
356, 1, 186, 491, -1, 118, 265, 17.4, 22, ABarpaaapaa, 77, 27832, 15920, 572, , 27832, 25000, 27675, 27635, 0, 
357, 1, 383, 299, -1, 127, 249, 21.1, 22, ABarpaaaapa, 174, 30127, 13979, 464, , 30127, 25000, 29987, 30120, 0, 
358, 1, 131, 240, -1, 317, 140, 10.2, 26, ABalpapapap, 250, 26747, 21291, 796, , 26747, 25000, 28535, 28610, 0, 
359, 1, 219, 37, -1, 376, 383, 13.9, 24, Dppap, 240, 28957, 17490, 604, , 28957, 25000, 28889, 28791, 0, 
360, 1, 414, 175, -1, 296, 205, 17.0, 23, ABalpappppp, 183, 27537, 14099, 512, , 27537, 25000, 28639, 28854, 0, 
361, 1, 63, 376, -1, 407, 233, 9.1, 24, ABprpaaaapp, -138, 27793, 16787, 604, , 27793, 25000, 28696, 28636, 0, 
362, 1, 374, 319, -1, 469, 215, 12.8, 22, ABplpappppa, 225, 28417, 14095, 496, , 28417, 25000, 28719, 28763, 0, 
363, 1, 228, 392, -1, 344, 307, 10.3, 24, MSpapaapa, 209, 32186, 22659, 704, , 32186, 25000, 29701, 29758, 0, 
364, 1, 207, 149, -1, 339, 192, 23.7, 24, ABplapaaapa, 235, 26923, 18954, 704, , 26923, 25000, 28401, 28372, 0, 
365, 1, 440, 288, -1, 482, 337, 15.6, 29, Epraa, 290, 27546, 31843, 1156, , 27546, 25000, 29141, 29147, 0, 
366, 0, 193, -1, -1, 235, 245, 24.7, 22, , 19, -100, 15149, 524, , 28910, 25000, 29021, 29010, 0, 
367, 1, 214, 260, -1, 228, 153, 18.5, 23, ABplpaaaaaa, 207, 30017, 18971, 632, , 30017, 25000, 28063, 27934, 0, 
368, 1, 328, 493, -1, 280, 209, 10.9, 21, ABprpapppaa, 173, 27980, 9737, 348, , 27980, 25000, 28504, 28750, 0, 
369, 1, 235, 49, -1, 323, 401, 15.9, 30, ABarppaapa, 145, 26832, 36384, 1356, , 26832, 25000, 28209, 28211, 0, 
370, 1, 197, 14, -1, 366, 220, 11.1, 24, ABprppaappa, 184, 27560, 16646, 604, , 27560, 25000, 29795, 29574, 0, 
371, 1, 514, 459, -1, 294, 141, 23.5, 26, ABalpppppppp, 138, 27033, 24222, 896, , 27033, 25000, 28602, 28570, 0, 
372, 1, 244, 504, -1, 157, 252, 13.2, 22, ABalaaapprl, 163, 26647, 13217, 496, , 26647, 25000, 28094, 28441, 0, 
373, 1, 365, 407, -1, 545, 308, 16.4, 31, Eprap, 315, 27456, 36572, 1332, , 27456, 25000, 29436, 29566, 0, 
374, 1, 391, 249, -1, 155, 328, 10.6, 24, ABarpappap, 244, 25834, 18084, 700, , 25834, 25000, 26916, 26914, 0, 
375, 1, 145, 170, -1, 324, 242, 13.9, 24, ABarapapppa, 211, 28192, 17028, 604, , 28192, 25000, 28488, 28328, 0, 
376, 1, 417, 434, -1, 338, 118, 15.0, 22, ABplaapppa, 179, 26625, 10224, 384, , 26625, 25000, 27385, 27401, 0, 
377, 1, 78, 235, -1, 228, 378, 21.1, 29, ABarpaappa, 257, 27477, 33192, 1208, , 27477, 25000, 28441, 28412, 0, 
378, 1, 174, 354, -1, 503, 218, 11.0, 22, ABprppppaap, 131, 28440, 10921, 384, , 28440, 25000, 29208, 29127, 0, 
379, 1, 32, 447, -1, 158, 274, 8.6, 22, ABpraaaaapv, 191, 28748, 16444, 572, , 28748, 25000, 29603, 29396, 0, 
380, 1, 110, 144, -1, 406, 245, 21.4, 25, Capaaaa, 17, 29329, 24402, 832, , 29329, 25000, 28383, 28486, 0, 
381, 1, 267, 51, -1, 148, 291, 17.5, 23, ABarpapaaaa, 328, 27228, 17208, 632, , 27228, 25000, 28242, 28452, 0, 
382, 1, 337, 76, -1, 569, 291, 11.1, 26, Cpppapa, 268, 26319, 21055, 800, , 26319, 25000, 29852, 29836, 0, 
383, 1, 196, 420, -1, 522, 313, 24.6, 26, Cappaap, 261, 28263, 23515, 832, , 28263, 25000, 28718, 28736, 0, 
384, 1, 65, 103, -1, 350, 351, 19.3, 23, MSpaaapap, 193, 28490, 16866, 592, , 28490, 25000, 29144, 29373, 0, 
385, 1, 240, 417, -1, 520, 339, 17.2, 32, Earpp, 168, 28543, 45897, 1608, , 28543, 25000, 29986, 30075, 0, 
386, 1, 1, 469, -1, 507, 175, 6.8, 22, ABprpppapaa, 183, 30772, 15263, 496, , 30772, 25000, 33146, 32799, 0, 
387, 1, 152, 20, -1, 196, 310, 23.6, 24, MSapappp, 235, 28161, 19713, 700, , 28161, 25000, 28906, 28898, 0, 
388, 1, 373, 494, -1, 252, 312, 4.5, 23, ABpraaappppp, 123, 38862, 24561, 632, , 38862, 25000, 39764, 39759, 0, 
389, 1, 129, 125, -1, 468, 126, 18.7, 26, ABplapappa, 265, 27353, 23414, 856, , 27353, 25000, 27940, 27944, 0, 
390, 1, 401, 329, -1, 270, 191, 25.7, 26, ABplaapappp, 245, 27725, 23733, 856, , 27725, 25000, 29049, 29260, 0, 
391, 1, 377, 450, -1, 482, 233, 26.0, 26, ABarppappa, 251, 28100, 23941, 852, , 28100, 25000, 28468, 28504, 0, 
392, 1, 295, 277, -1, 408, 222, 16.1, 23, ABplppapapa, 185, 27369, 13575, 496, , 27369, 25000, 29220, 29412, 0, 
393, 1, 369, 346, -1, 401, 195, 13.9, 22, ABplpaaaapp, 187, 28487, 13218, 464, , 28487, 25000, 28060, 28149, 0, 
394, 1, 494, 461, -1, 432, 215, 17.0, 24, ABplppapapp, 201, 28801, 17511, 608, , 28801, 25000, 28591, 28487, 0, 
395, 1, 238, 338, -1, 518, 298, 8.7, 25, Cppaapp, -16, 30692, 23449, 764, , 30692, 25000, 29569, 29593, 0, 
396, 0, 410, -1, -1, 175, 304, 22.1, 22, , -96, 952, 13459, 464, , 29006, 25000, 27846, 28054, 0, 
397, 1, 402, 351, -1, 211, 175, 23.9, 28, ABplaapaapp, 264, 28164, 30642, 1088, , 28164, 25000, 28785, 28734, 0, 
398, 1, 364, 472, -1, 454, 202, 19.6, 25, MSpappaa, 198, 27684, 23033, 832, , 27684, 25000, 28171, 28313, 0, 
399, 1, 370, 291, -1, 490, 204, 18.2, 23, ABplpppppaa, 217, 27394, 14793, 540, , 27394, 25000, 28627, 28632, 0, 
400, 1, 81, 111, -1, 497, 127, 10.3, 25, ABprpppapap, 205, 28999, 22155, 764, , 28999, 25000, 27916, 27779, 0, 
401, 1, 248, 137, -1, 204, 315, 19.9, 22, MSaaaaapaa, 223, 27435, 12730, 464, , 27435, 25000, 28932, 28978, 0, 
402, 1, 459, 243, -1, 295, 381, 9.0, 24, ABarpppaap, 239, 27133, 16497, 608, , 27133, 25000, 29110, 29093, 0, 
403, 1, 286, 36, -1, 458, 188, 13.5, 22, ABplpapppaa, 173, 30176, 15450, 512, , 30176, 25000, 28215, 28452, 0, 
404, 1, 294, 273, -1, 262, 145, 24.7, 26, ABalpppppppa, -111, 28311, 24234, 856, , 28311, 25000, 28143, 28284, 0, 
405, 1, 168, 300, -1, 500, 284, 25.3, 28, Capapaa, 283, 28367, 30183, 1064, , 28367, 25000, 28705, 28783, 0, 
406, 0, 229, -1, -1, 290, 248, 15.3, 23, , 361, -192, 16712, 592, , 28230, 25000, 28298, 28422, 0, 
407, 1, 172, 342, -1, 151, 205, 20.0, 22, ABalapaaapa, 186, 27453, 10542, 384, , 27453, 25000, 28190, 28546, 0, 
408, 1, 311, 174, -1, 271, 207, 17.0, 24, ABalpaaaaap, 44, 26804, 16297, 608, , 26804, 25000, 28048, 28548, 0, 
409, 0, 125, -1, -1, 511, 119, 19.4, 24, , 219, -1159, 18873, 700, , 26961, 25000, 28269, 28120, 0, 
410, 1, 206, 123, -1, 279, 358, 19.2, 23, MSpaaappa, 56, 27896, 15064, 540, , 27896, 25000, 28832, 29000, 0, 
411, 1, 434, 409, -1, 502, 260, 10.3, 23, ABprpppppaa, 197, 26910, 15931, 592, , 26910, 25000, 28324, 28501, 0, 
412, 0, 291, -1, -1, 299, 353, 17.6, 22, , 180, -925, 15889, 572, , 27778, 25000, 28646, 28703, 0, 
413, 1, 393, 119, -1, 364, 264, 14.5, 22, ABalpappapp, 153, 29326, 15015, 512, , 29326, 25000, 30669, 30729, 0, 
414, 1, 39, 98, -1, 310, 168, 21.2, 23, ABplpaappaa, 176, 31146, 16819, 540, , 31146, 25000, 29360, 29294, 0, 
415, 0, 349, -1, -1, 131, 288, 21.6, 22, , 199, -956, 16032, 572, , 28028, 25000, 29419, 28984, 0, 
416, 1, 338, 253, -1, 186, 277, 22.0, 22, ABalapapapp, 301, 27263, 10469, 384, , 27263, 25000, 28961, 28779, 0, 
417, 1, 290, 344, -1, 555, 168, 8.2, 27, ABprappppp, 249, 27555, 23918, 868, , 27555, 25000, 29271, 29270, 0, 
418, 1, 109, 385, -1, 392, 227, 14.0, 23, ABplppappap, 208, 27088, 13869, 512, , 27088, 25000, 28560, 28530, 0, 
419, 1, 146, 53, -1, 463, 400, 11.6, 27, Caaaap, 273, 27156, 26830, 988, , 27156, 25000, 27922, 27927, 0, 
420, 1, 163, 194, -1, 481, 325, 9.0, 25, Cppaapa, 407, 28198, 21543, 764, , 28198, 25000, 28631, 28782, 0, 
421, 1, 445, 425, -1, 455, 397, 15.3, 27, Dppppp, 251, 29239, 27017, 924, , 29239, 25000, 28802, 28805, 0, 
422, 0, 62, -1, -1, 216, 304, 10.7, 22, , 165, 1196, 15972, 524, , 30481, 25000, 29224, 29285, 0, 
423, 1, 98, 287, -1, 445, 216, 12.7, 22, ABprpapappp, 159, 28191, 14772, 524, , 28191, 25000, 28870, 29209, 0, 
424, 1, 139, 154, -1, 327, 230, 20.6, 24, ABaraapappa, 219, 29127, 20389, 700, , 29127, 25000, 28390, 28311, 0, 
425, 0, 268, -1, -1, 276, 292, 15.5, 24, , 215, 480, 21868, 768, , 28474, 25000, 28169, 27994, 0, 
426, 1, 473, 262, -1, 164, 189, 21.2, 22, ABalppppapp, 159, 29845, 14803, 496, , 29845, 25000, 28784, 28902, 0, 
427, 1, 112, 210, -1, 333, 380, 8.3, 22, ABarppppaa, 186, 27859, 14598, 524, , 27859, 25000, 28632, 28665, 0, 
428, 1, 341, 86, -1, 562, 228, 6.9, 22, ABprapppaap, 223, 32692, 15169, 464, , 32692, 25000, 33819, 34059, 0, 
429, 1, 335, 463, -1, 567, 149, 11.8, 23, Caappv, 211, 26922, 14538, 540, , 26922, 25000, 27923, 27912, 0, 
430, 1, 476, 380, -1, 258, 198, 21.7, 22, ABalppppaad, 193, 28057, 14702, 524, , 28057, 25000, 29258, 29332, 0, 
431, 1, 7, 10, -1, 555, 267, 15.3, 30, Eprpa, 125, 27800, 36362, 1308, , 27800, 25000, 29247, 29328, 0, 
432, 1, 437, 271, -1, 502, 137, 19.6, 23, ABplapppaaa, -67, 29513, 18888, 640, , 29513, 25000, 28354, 28376, 0, 
433, 1, 27, 388, -1, 169, 252, 14.8, 22, ABalaapaaal, 173, 26341, 13065, 496, , 26341, 25000, 28477, 28674, 0, 
434, 1, 201, 306, -1, 157, 222, 23.6, 22, ABalapapppp, 150, 27362, 15651, 572, , 27362, 25000, 28373, 28590, 0, 
435, 1, 361, 60, -1, 382, 167, 15.9, 22, ABplppapaaa, 210, 26778, 12425, 464, , 26778, 25000, 28552, 28586, 0, 
436, 1, 278, 373, -1, 273, 217, 6.1, 22, ABprpaapppa, 195, 35192, 16329, 464, , 35192, 25000, 36393, 36360, 0, 
437, 1, 74, 375, -1, 435, 199, 15.6, 23, ABplppapppp, 197, 30044, 19228, 640, , 30044, 25000, 28445, 28579, 0, 
438, 1, 183, 83, -1, 604, 254, 11.4, 29, Cpappd, 233, 28214, 32615, 1156, , 28214, 25000, 28326, 28248, 0, 
439, 1, 481, 191, -1, 501, 229, 7.5, 23, Cppappp, 223, 29195, 18451, 632, , 29195, 25000, 31092, 30960, 0, 
440, 1, 497, 418, -1, 233, 292, 8.9, 22, ABpraaappaa, 319, 27343, 12687, 464, , 27343, 25000, 28697, 28830, 0, 
441, 1, 491, 412, -1, 353, 320, 27.3, 32, Cpaaaa, 328, 28939, 45840, 1584, , 28939, 25000, 29646, 29676, 0, 
442, 1, 103, 188, -1, 325, 216, 6.8, 23, ABprppaapap, 138, 32206, 17391, 540, , 32206, 25000, 33024, 33822, 0, 
443, 1, 243, 333, -1, 578, 331, 15.6, 28, Cppppaa, 409, 27994, 27658, 988, , 27994, 25000, 28869, 28858, 0, 
444, 0, 99, -1, -1, 273, 246, 20.4, 22, , 176, 304, 16184, 572, , 28294, 25000, 27819, 27990, 0, 
445, 1, 348, 165, -1, 545, 194, 22.5, 27, Cappapa, 559, 28674, 25692, 896, , 28674, 25000, 28956, 28924, 0, 
446, 1, 342, 355, -1, 483, 311, 10.7, 22, MSpppaap, 151, 27718, 14524, 524, , 27718, 25000, 29435, 29592, 0, 
447, 1, 301, 413, -1, 521, 235, 10.1, 22, ABprpppppap, 464, 26608, 12346, 464, , 26608, 25000, 28502, 28498, 0, 
448, 1, 127, 405, -1, 478, 173, 6.2, 25, ABprappppa, 225, 32166, 22645, 704, , 32166, 25000, 34582, 35081, 0, 
449, 1, 53, 470, -1, 126, 294, 15.9, 23, ABarpaaapap, 219, 28768, 14269, 496, , 28768, 25000, 27609, 27778, 0, 
450, 0, 322, -1, -1, 154, 251, 7.4, 23, , 162, -3107, 18575, 640, , 29023, 25000, 32169, 32130, 0, 
451, 1, 30, 439, -1, 586, 323, 11.5, 28, Caaapp, 287, 27769, 29990, 1080, , 27769, 25000, 28090, 28087, 0, 
452, 1, 310, 408, -1, 318, 128, 20.1, 28, ABplppaaaap, 272, 27573, 29999, 1088, , 27573, 25000, 28345, 28412, 0, 
453, 0, 486, -1, -1, 159, 275, 11.9, 22, , 257, 834, 13236, 464, , 28526, 25000, 27658, 27692, 0, 
454, 1, 475, 219, -1, 173, 237, 12.2, 22, ABalaapaaar, 479, 26716, 13251, 496, , 26716, 25000, 28099, 28502, 0, 
455, 1, 408, 353, -1, 504, 197, 21.8, 25, Capaapp, 248, 28839, 20303, 704, , 28839, 25000, 28534, 28559, 0, 
456, 0, 506, -1, -1, 310, 185, 12.0, 20, , 126, -1920, 8490, 316, , 26867, 25000, 28517, 28787, 0, 
457, 0, 90, -1, -1, 263, 299, 14.1, 23, , 208, 860, 14153, 496, , 28534, 25000, 27853, 27674, 0, 
458, 1, 56, 147, -1, 363, 239, 18.1, 24, MSaapapa, 209, 42853, 25883, 604, , 42853, 25000, 32505, 32692, 0, 
459, 1, 296, 233, -1, 536, 165, 19.9, 24, Cappapp, 237, 27826, 16807, 604, , 27826, 25000, 29109, 29109, 0, 
460, 1, 378, 250, -1, 486, 354, 24.8, 30, Dapppp, 302, 28993, 38271, 1320, , 28993, 25000, 28353, 28353, 0, 
461, 1, 148, 23, -1, 544, 336, 11.8, 27, Cppapap, 258, 26662, 23143, 868, , 26662, 25000, 29000, 29004, 0, 
462, 1, 208, 31, -1, 346, 329, 13.2, 24, MSpapappa, 180, 29192, 19150, 656, , 29192, 25000, 29527, 29483, 0, 
463, 1, 463, 146, -1, 540, 228, 7.0, 22, ABprapppaaa, 182, 31008, 11907, 384, , 31008, 25000, 32736, 32801, 0, 
464, 1, 461, 498, -1, 321, 218, 16.1, 22, MSaapaaaa, 100, 30287, 14053, 464, , 30287, 25000, 28806, 29138, 0, 
465, 1, 354, 196, -1, 532, 230, 13.8, 29, Eprpp, 290, 27536, 30620, 1112, , 27536, 25000, 29107, 29205, 0, 
466, 1, 48, 501, -1, 195, 234, 16.2, 22, ABaraaaapaa, 211, 27063, 13423, 496, , 27063, 25000, 27890, 28251, 0, 
467, 1, 422, 415, -1, 474, 271, 8.1, 23, MSpappap, 87, 29538, 14651, 496, , 29538, 25000, 30536, 30412, 0, 
468, 1, 396, 84, -1, 221, 129, 18.1, 22, ABalpppapad, 219, 28203, 13086, 464, , 28203, 25000, 27812, 28008, 0, 
469, 1, 464, 213, -1, 143, 209, 12.4, 23, ABalaaaarra, 501, 27211, 17415, 640, , 27211, 25000, 27526, 27489, 0, 
470, 1, 515, 496, -1, 387, 297, 9.8, 22, MSpapppap, 188, 29879, 14820, 496, , 29879, 25000, 30038, 29989, 0, 
471, 1, 493, 403, -1, 326, 339, 16.1, 22, MSpaapapa, 153, 28287, 13125, 464, , 28287, 25000, 28155, 28003, 0, 
472, 0, 115, -1, -1, 268, 277, 20.1, 23, , 192, -161, 13785, 496, , 27792, 25000, 28059, 27953, 0, 
473, 1, 35, 454, -1, 293, 323, 16.5, 22, MSpaapaaa, 66, 27959, 14315, 512, , 27959, 25000, 29077, 29077, 0, 
474, 1, 400, 183, -1, 253, 160, 21.1, 22, ABalpppppaa, 35, 27959, 12973, 464, , 27959, 25000, 28887, 29067, 0, 
475, 1, 478, 427, -1, 538, 190, 9.9, 22, ABprapppapp, 53, 27453, 12738, 464, , 27453, 25000, 28352, 28304, 0, 
476, 1, 389, 505, -1, 204, 211, 15.5, 23, ABalpaappaa, -41, 29035, 18350, 632, , 29035, 25000, 28216, 28356, 0, 
477, 0, 302, -1, -1, 336, 339, 20.4, 22, , -132, 2137, 17456, 572, , 30517, 25000, 28324, 28380, 0, 
478, 1, 10, 26, -1, 256, 269, 11.5, 25, ABarapapaap, 370, 27246, 20925, 768, , 27246, 25000, 28751, 28854, 0, 
479, 1, 558, 310, -1, 273, 189, 4.9, 21, ABpraappap, 215, 48641, 16927, 348, , 48641, 25000, 42400, 42707, 0, 
480, 1, 306, 378, -1, 522, 142, 9.8, 22, ABprppppppa, 457, 29619, 14691, 496, , 29619, 25000, 29826, 30030, 0, 
481, 1, 519, 475, -1, 230, 283, 15.5, 23, ABaraaapaap, 214, 26821, 16951, 632, , 26821, 25000, 27788, 27995, 0, 
482, 1, 479, 479, -1, 218, 188, 10.9, 22, ABarappaapa, 30, 27963, 12975, 464, , 27963, 25000, 28933, 29255, 0, 
483, 1, 484, 211, -1, 296, 255, 19.6, 22, ABalpaaappp, 151, 27650, 15816, 572, , 27650, 25000, 27612, 27580, 0, 
484, 1, 508, 512, -1, 172, 168, 15.6, 20, ABalaaaalpp, 152, 29835, 12292, 412, , 29835, 25000, 27397, 27873, 0, 
485, 0, 15, -1, -1, 522, 107, 16.9, 23, , 282, 3015, 15164, 496, , 30573, 25000, 27492, 27558, 0, 
486, 0, 455, -1, -1, 482, 152, 7.4, 22, , 356, -418, 17290, 572, , 30227, 25000, 30687, 30645, 0, 
487, 1, 502, 180, -1, 454, 240, 8.6, 21, ABprppapppp, 157, 29962, 15700, 524, , 29962, 25000, 28835, 28530, 0, 
488, 1, 19, 195, -1, 233, 247, 7.7, 23, ABprpaaappa, 122, 28801, 17050, 592, , 28801, 25000, 30697, 30380, 0, 
489, 1, 134, 456, -1, 176, 204, 15.7, 22, ABalpaapppa, 312, 28242, 14799, 524, , 28242, 25000, 28469, 28774, 0, 
490, 1, 492, 499, -1, 250, 264, 6.8, 21, MSppapap, 88, 29458, 12608, 428, , 29458, 25000, 33177, 33689, 0, 
491, 1, 428, 476, -1, 348, 231, 7.9, 28, ABprapaapa, 248, 29902, 32533, 1088, , 29902, 25000, 30708, 30534, 0, 
492, 1, 142, 331, -1, 402, 272, 19.7, 28, Ealaav, -104, 28598, 30428, 1064, , 28598, 25000, 29527, 29502, 0, 
493, 1, 72, 547, -1, 365, 323, 8.9, 24, Dppaa, -245, 30348, 18330, 604, , 30348, 25000, 30475, 30548, 0, 
494, 1, 304, 104, -1, 569, 202, 25.3, 34, Cpapap, -31, 27720, 52224, 1884, , 27720, 25000, 28218, 28218, 0, 
495, 1, 217, 97, -1, 366, 177, 13.7, 22, ABplpapappa, 144, 28206, 14780, 524, , 28206, 25000, 28292, 28524, 0, 
496, 1, 483, 266, -1, 265, 168, 24.9, 22, ABalppppppaa, 259, 27052, 12552, 464, , 27052, 25000, 28199, 28400, 0, 
497, 1, 516, 457, -1, 342, 263, 7.2, 24, Dpapp, 172, 28442, 18658, 656, , 28442, 25000, 32661, 33094, 0, 
498, 1, 436, 357, -1, 240, 191, 18.0, 23, MSapaaaa, 68, 27541, 14101, 512, , 27541, 25000, 28689, 28805, 0, 
499, 1, 388, 248, -1, 253, 153, 17.9, 23, ABplpaaappa, -452, 27103, 13443, 496, , 27103, 25000, 28821, 28633, 0, 
500, 1, 269, 276, -1, 173, 205, 8.3, 22, ABarapppaap, 296, 28365, 14863, 524, , 28365, 25000, 29292, 29385, 0, 
501, 1, 489, 486, -1, 200, 242, 9.2, 21, ABarappppap, 295, 29502, 12627, 428, , 29502, 25000, 28906, 29069, 0, 
502, 1, 347, 32, -1, 110, 238, 18.0, 25, ABarpaaaaar, -36, 29869, 22820, 764, , 29869, 25000, 28243, 28178, 0, 
503, 0, 452, -1, -1, 456, 273, 12.5, 22, , 23, -234, 13796, 512, , 26945, 25000, 27166, 27179, 0, 
504, 1, 96, 33, -1, 223, 248, 21.5, 20, ABalpaapaap, -3, 26945, 11209, 416, , 26945, 25000, 29013, 29012, 0, 
505, 1, 500, 157, -1, 370, 270, 17.2, 22, MSaapappp, 93, 28661, 14216, 496, , 28661, 25000, 30417, 30389, 0, 
506, 1, 405, 429, -1, 333, 232, 23.7, 24, MSapapaa, 135, 28338, 19950, 704, , 28338, 25000, 28494, 28436, 0, 
507, 1, 520, 358, -1, 185, 320, 9.9, 26, ABpraapaapp, 176, 28554, 22843, 800, , 28554, 25000, 28278, 28381, 0, 
508, 1, 581, 500, -1, 181, 224, 22.9, 21, ABalapapppa, -119, 30330, 10555, 348, , 30330, 25000, 27926, 28204, 0, 
509, 1, 86, 64, -1, 126, 212, 15.9, 19, ABalaaaparr, 142, 26988, 6909, 256, , 26988, 25000, 28108, 27962, 0, 
510, 1, 525, 508, -1, 225, 211, 9.3, 24, ABarapppppp, -326, 27678, 19485, 704, , 27678, 25000, 28672, 28836, 0, 
511, 0, 236, -1, -1, 201, 174, 22.3, 22, , -117, 175, 14542, 524, , 27752, 25000, 27506, 27577, 0, 
512, 1, 521, 460, -1, 355, 159, 18.0, 25, Daapp, -236, 28874, 22060, 764, , 28874, 25000, 29307, 29346, 0, 
513, 1, 498, 571, -1, 292, 293, 13.0, 22, ABarapaappp, 363, 26060, 10007, 384, , 26060, 25000, 28478, 28459, 0, 
514, 1, 605, 34, -1, 213, 284, 19.6, 25, ABaraapaaap, 14, 27030, 22489, 832, , 27030, 25000, 28403, 28163, 0, 
515, 1, 312, 522, -1, 528, 259, 26.9, 27, Cpaapp, 156, 27514, 24983, 908, , 27514, 25000, 28445, 28440, 0, 
516, 1, 138, 466, -1, 383, 261, 15.0, 22, MSaappaa, 167, 30289, 11631, 384, , 30289, 25000, 29225, 29324, 0, 
517, 1, 512, 484, -1, 212, 344, 17.7, 24, MSpppaaa, 255, 26594, 18722, 704, , 26594, 25000, 29218, 29183, 0, 
518, 0, 503, -1, -1, 535, 264, 15.3, 24, , 155, 89, 20111, 704, , 28567, 25000, 28330, 28478, 0, 
519, 0, 424, -1, -1, 252, 347, 22.8, 25, , 151, 5046, 25525, 704, , 36257, 25000, 30818, 31211, 0, 
520, 1, 575, 62, -1, 164, 252, 17.6, 22, ABalapppaaa, 277, 26566, 15196, 572, , 26566, 25000, 28250, 28437, 0, 
521, 1, 289, 514, -1, 275, 244, 22.1, 24, ABalpaapapp, 124, 26776, 16173, 604, , 26776, 25000, 27895, 27877, 0, 
522, 1, 362, 523, -1, 285, 346, 24.9, 22, MSappppp, 162, 27856, 12925, 464, , 27856, 25000, 29542, 29298, 0, 
523, 0, -1, -1, -1, 214, 169, 17.1, 24, , -105, -232, 17150, 604, , 28394, 25000, 28763, 28626, 0, 
524, 1, 511, 518, -1, 323, 220, 8.6, 23, ABprpapapap, 232, 27581, 17652, 640, , 27581, 25000, 29228, 29576, 0, 
525, 0, 524, -1, -1, 250, 234, 10.5, 21, , 182, 506, 15030, 512, , 29355, 25000, 28726, 28849, 0, 
526, 1, 157, 592, -1, 250, 220, 16.7, 23, ABalpaaaapa, 226, 28255, 16727, 592, , 28255, 25000, 28024, 28042, 0, 
527, 0, 525, -1, -1, 223, 201, 8.266666, 23, , 122, -3158, 16045, 592, , 27103, 25000, 30226, 30261, 0, 
528, 1, 526, 525, -1, 297, 171, 16.0, 22, MSappapp, 153, 28576, 10973, 384, , 28576, 25000, 28841, 28932, 0, 
529, 1, 527, 526, -1, 367, 194, 17.0, 23, MSaapppaa, 140, 27857, 14263, 512, , 27857, 25000, 28466, 28419, 0, 
530, 1, 528, 527, -1, 202, 253, 17.0, 22, ABaraaaapap, 71, 27638, 10613, 384, , 27638, 25000, 27882, 28179, 0, 
531, 1, 529, 528, -1, 291, 274, 22.0, 22, MSaaapaap, 136, 31190, 11977, 384, , 31190, 25000, 28623, 28407, 0, 
532, 1, 530, 531, -1, 346, 277, 22.0, 22, MSaapappa, 160, 27109, 10410, 384, , 27109, 25000, 30028, 30222, 0, 
533, 1, 531, 532, -1, 346, 239, 21.0, 24, MSaapaapa, 158, 29225, 17769, 608, , 29225, 25000, 30567, 30711, 0, 
534, 1, 532, 533, -1, 426, 228, 19.0, 26, MSaapppp, 216, 27350, 23302, 852, , 27350, 25000, 28002, 27943, 0, 
535, 1, 533, 534, -1, 391, 225, 19.0, 24, MSaapppap, 54, 27010, 16422, 608, , 27010, 25000, 29265, 29032, 0, 
536, 1, 534, 536, -1, 491, 230, 21.0, 24, MSappaap, 207, 27132, 16496, 608, , 27132, 25000, 27472, 27394, 0, 
537, 1, 535, 537, -1, 351, 351, 17.0, 23, MSpaapapp, 224, 27764, 14215, 512, , 27764, 25000, 29256, 29426, 0, 
538, 1, 536, 538, -1, 313, 284, 10.0, 23, ABaraappppa, 113, 27502, 14081, 512, , 27502, 25000, 28848, 28938, 0, 
539, 1, 537, 462, -1, 248, 356, 15.0, 22, MSppppap, 234, 29128, 11185, 384, , 29128, 25000, 28109, 28395, 0, 
540, 1, 538, 539, -1, 281, 290, 9.0, 22, MSppppaa, 578, 27820, 10683, 384, , 27820, 25000, 28544, 28614, 0, 
541, 1, 539, 335, -1, 299, 254, 9.0, 22, MSpppapp, 134, 28112, 10795, 384, , 28112, 25000, 28664, 28554, 0, 
542, 1, 540, 540, -1, 183, 327, 17.0, 24, ABarpapaapp, 214, 27885, 16954, 608, , 27885, 25000, 28472, 28509, 0, 
543, 1, 541, 541, -1, 157, 314, 20.0, 22, ABalapppapp, -98, 27091, 10403, 384, , 27091, 25000, 28402, 28470, 0, 
544, 1, 542, 542, -1, 239, 251, 11.0, 23, MSppaaaa, 328, 27773, 14220, 512, , 27773, 25000, 27893, 27972, 0, 
545, 1, 218, 543, -1, 231, 155, 21.0, 22, ABalapaapaa, 199, 28388, 10901, 384, , 28388, 25000, 29011, 29035, 0, 
546, 1, 543, 520, -1, 256, 341, 24.0, 25, MSappaaa, 176, 37963, 29004, 764, , 37963, 25000, 31748, 31801, 0, 
547, 1, 544, 544, -1, 275, 295, 25.0, 22, MSapppap, -72, 28266, 10854, 384, , 28266, 25000, 28999, 29009, 0, 
548, 1, 545, 545, -1, 479, 301, 27.0, 28, Cpaapa, 264, 29207, 32945, 1128, , 29207, 25000, 28372, 28410, 0, 
549, 1, 546, 546, -1, 333, 382, 18.0, 24, Dpppaa, 175, 27033, 16436, 608, , 27033, 25000, 28806, 28995, 0, 
550, 1, 547, 548, -1, 325, 313, 8.0, 24, Dpaaa, 213, 28870, 17553, 608, , 28870, 25000, 30199, 29858, 0, 
551, 1, 548, 549, -1, 335, 180, 21.0, 22, Daaaa, 182, 28518, 10951, 384, , 28518, 25000, 29983, 29893, 0, 
552, 1, 549, 550, -1, 324, 305, 25.0, 25, Daaap, 210, 28130, 21491, 764, , 28130, 25000, 28462, 28530, 0, 
553, 1, 550, 551, -1, 370, 210, 21.0, 24, Dapaa, 224, 27260, 16574, 608, , 27260, 25000, 28964, 29135, 0, 
554, 1, 551, 552, -1, 428, 341, 23.0, 29, Dapppa, 237, 28365, 34832, 1228, , 28365, 25000, 28515, 28618, 0, 
555, 1, 552, 553, -1, 319, 271, 8.0, 24, Dpapa, 142, 29972, 18223, 608, , 29972, 25000, 29504, 29764, 0, 
556, 1, 553, 554, -1, 491, 155, 10.0, 22, Caapaa, -59, 27073, 10396, 384, , 27073, 25000, 28935, 28985, 0, 
557, 1, 554, 437, -1, 221, 181, 6.133333, 24, ABpraappaa, 83, 39167, 23657, 604, , 39167, 25000, 39135, 40909, 0, 
558, 1, 555, 556, -1, 319, 201, 5.0, 27, ABpraapppa, 260, 42047, 43393, 1032, , 42047, 25000, 37135, 37749, 0, 
559, 1, 556, 603, -1, 286, 313, 8.0, 22, ABprpaappaa, 152, 28932, 11110, 384, , 28932, 25000, 29949, 30052, 0, 
560, 1, 557, 557, -1, 224, 209, 7.0, 22, ABalaapappp, 28, 34766, 13350, 384, , 34766, 25000, 33021, 33977, 0, 
561, 1, 559, 559, -1, 349, 231, 10.0, 22, ABprpapappa, 385, 31417, 12064, 384, , 31417, 25000, 28363, 28702, 0, 
562, 1, 560, 560, -1, 255, 178, 11.0, 22, ABprpappaaa, 316, 28995, 11134, 384, , 28995, 25000, 28492, 28388, 0, 
563, 1, 561, 561, -1, 402, 222, 12.0, 22, ABprpappapp, 187, 26883, 10323, 384, , 26883, 25000, 28135, 28392, 0, 
564, 1, 346, 516, -1, 240, 211, 24.6, 26, ABalpppappp, 200, 29064, 24181, 832, , 29064, 25000, 28939, 29048, 0, 
565, 1, 562, 562, -1, 343, 190, 12.0, 25, ABplpappaap, 260, 27524, 21028, 764, , 27524, 25000, 28932, 28961, 0, 
566, 1, 563, 564, -1, 411, 223, 11.0, 22, ABplpapappp, 124, 27813, 10680, 384, , 27813, 25000, 28673, 29169, 0, 
567, 1, 169, 565, -1, 339, 161, 15.0, 22, ABplpapapap, 168, 27961, 10737, 384, , 27961, 25000, 28735, 29172, 0, 
568, 1, 564, 566, -1, 215, 241, 14.0, 21, ABaraaaaapa, 171, 26414, 10143, 384, , 26414, 25000, 27784, 27891, 0, 
569, 1, 438, 567, -1, 242, 228, 19.0, 20, ABaraaaaaap, 152, 29617, 9359, 316, , 29617, 25000, 28629, 28552, 0, 
570, 0, 565, -1, -1, 176, 203, 10.0, 21, , 243, -1571, 8835, 316, , 27959, 25000, 29523, 29530, 0, 
571, 1, 566, 569, -1, 155, 221, 15.0, 23, ABalaaaarrp, 0, 26766, 13704, 512, , 26766, 25000, 28677, 28504, 0, 
572, 1, 462, 570, -1, 253, 246, 14.575, 23, ABarapaaapa, 172, 30421, 19226, 632, , 30421, 25000, 28394, 28552, 0, 
573, 1, 568, 573, -1, 209, 279, 9.0, 22, ABalaapppaa, 127, 27349, 10502, 384, , 27349, 25000, 28445, 28574, 0, 
574, 1, 569, 614, -1, 215, 206, 8.0, 23, ABarapppppa, -11, 27963, 14317, 512, , 27963, 25000, 30781, 30940, 0, 
575, 1, 571, 574, -1, 179, 185, 9.0, 22, ABalaapappa, 326, 27258, 10467, 384, , 27258, 25000, 29208, 29181, 0, 
576, 1, 572, 575, -1, 161, 227, 7.0, 22, ABalaappapp, 228, 28813, 11064, 384, , 28813, 25000, 32176, 32270, 0, 
577, 1, 574, 576, -1, 175, 300, 20.0, 23, ABalapppapa, 187, 26545, 13591, 512, , 26545, 25000, 27836, 27876, 0, 
578, 1, 576, 577, -1, 161, 305, 14.0, 22, ABalappappp, 428, 26070, 10011, 384, , 26070, 25000, 27857, 27776, 0, 
579, 1, 577, 578, -1, 122, 225, 14.0, 22, ABalaaappll, 101, 28198, 10828, 384, , 28198, 25000, 27771, 28011, 0, 
580, 1, 578, 579, -1, 142, 271, 14.0, 24, ABalappappa, 114, 27222, 16551, 608, , 27222, 25000, 27652, 27878, 0, 
581, 1, 579, 580, -1, 159, 318, 15.0, 23, ABalapppppp, 371, 28896, 14795, 512, , 28896, 25000, 27688, 28063, 0, 
582, 1, 580, 581, -1, 172, 257, 11.0, 23, ABalaappppa, 266, 28213, 14445, 512, , 28213, 25000, 28117, 27875, 0, 
583, 1, 573, 582, -1, 178, 265, 8.0, 20, ABalaappapa, 0, 31250, 9875, 316, , 31250, 25000, 28966, 28327, 0, 
584, 0, 582, -1, -1, 145, 253, 16.0, 22, , 122, -126, 12611, 464, , 27179, 25000, 27441, 27305, 0, 
585, 0, 583, -1, -1, 160, 234, 19.5, 22, , -73, -1830, 13829, 524, , 26391, 25000, 28167, 28221, 0, 
586, 1, 584, 361, -1, 157, 242, 9.0, 24, ABalaaapprr, 228, 29082, 17682, 608, , 29082, 25000, 29234, 29435, 0, 
587, 1, 585, 585, -1, 166, 152, 19.0, 22, ABalaaapall, 176, 27294, 10481, 384, , 27294, 25000, 27575, 27200, 0, 
588, 1, 586, 586, -1, 119, 199, 17.0, 22, ABalaaaparl, 228, 29055, 11157, 384, , 29055, 25000, 27670, 27809, 0, 
589, 1, 587, 587, -1, 147, 231, 10.0, 22, ABalaapaapa, 200, 27685, 10631, 384, , 27685, 25000, 28734, 28773, 0, 
590, 1, 588, 588, -1, 152, 196, 22.0, 22, ABalapaaapp, -33, 28435, 10919, 384, , 28435, 25000, 28707, 28839, 0, 
591, 1, 589, 589, -1, 184, 207, 20.0, 22, ABalaaapalr, 189, 29893, 11479, 384, , 29893, 25000, 27631, 27817, 0, 
592, 1, 590, 590, -1, 162, 238, 20.0, 22, ABalapappap, -73, 26221, 10069, 384, , 26221, 25000, 27507, 27767, 0, 
593, 1, 591, 608, -1, 170, 275, 21.0, 22, ABalapapapa, -370, 29089, 11170, 384, , 29089, 25000, 29044, 29087, 0, 
594, 1, 592, 591, -1, 251, 269, 23.0, 23, ABalpaapapa, 83, 26932, 13789, 512, , 26932, 25000, 28551, 28521, 0, 
595, 0, 593, -1, -1, 202, 172, 16.0, 20, , -140, 477, 11074, 384, , 28839, 25000, 28525, 28362, 0, 
596, 1, 594, 513, -1, 225, 165, 13.0, 22, ABalppaappa, 99, 28906, 11100, 384, , 28906, 25000, 29336, 29373, 0, 
597, 1, 595, 594, -1, 194, 182, 20.0, 22, ABalapaappa, 156, 28453, 10926, 384, , 28453, 25000, 28497, 28313, 0, 
598, 1, 596, 595, -1, 190, 149, 18.0, 25, ABalppaaapp, 243, 27509, 21017, 764, , 27509, 25000, 28451, 28790, 0, 
599, 1, 597, 596, -1, 263, 204, 15.0, 24, ABalpappapa, -32, 27477, 16706, 608, , 27477, 25000, 27435, 27726, 0, 
600, 1, 598, 597, -1, 214, 167, 17.0, 22, ABalppappap, -140, 27607, 10601, 384, , 27607, 25000, 28639, 28563, 0, 
601, 0, 599, -1, -1, 193, 172, 16.0, 22, , 248, -1469, 13759, 496, , 27740, 25000, 28901, 29209, 0, 
602, 1, 599, 598, -1, 199, 173, 16.0, 22, ABalppapaaa, 248, 28271, 10856, 384, , 28271, 25000, 28622, 28524, 0, 
603, 1, 600, 599, -1, 184, 322, 13.0, 20, ABalapppppa, 0, 27478, 8683, 316, , 27478, 25000, 28402, 28308, 0, 
604, 1, 601, 600, -1, 210, 219, 13.0, 22, ABaraaappap, 181, 28536, 10958, 384, , 28536, 25000, 28616, 28883, 0, 
605, 1, 602, 601, -1, 399, 346, 24.0, 27, Dappap, -35, 29182, 30116, 1032, , 29182, 25000, 28207, 28153, 0, 
606, 1, 603, 602, -1, 231, 304, 23.0, 23, MSaaapaaa, 214, 30537, 15635, 512, , 30537, 25000, 28351, 28299, 0, 
607, 1, 604, 604, -1, 170, 201, 11.0, 20, ABaraaapppp, 214, 29579, 9347, 316, , 29579, 25000, 28805, 29104, 0, 
608, 1, 522, 605, -1, 206, 282, 19.0, 25, ABaraappaaa, 88, 27760, 21209, 764, , 27760, 25000, 27859, 28036, 0, 
609, 1, 606, 606, -1, 144, 278, 16.0, 22, ABalappppap, -308, 27438, 10536, 384, , 27438, 25000, 27821, 28019, 0, 
610, 1, 607, 607, -1, 171, 174, 20.0, 22, ABalapaappp, -32, 29609, 11370, 384, , 29609, 25000, 28748, 29088, 0, 
611, 1, 608, 610, -1, 175, 287, 12.0, 20, ABpraaapapa, 181, 28203, 8912, 316, , 28203, 25000, 27811, 28387, 0, 
612, 1, 609, 609, -1, 169, 279, 11.0, 21, ABalappapaa, 171, 27393, 10519, 384, , 27393, 25000, 27985, 27825, 0, 
613, 1, 610, 611, -1, 236, 218, 18.0, 22, ABalpaaaaaa, 256, 28372, 10895, 384, , 28372, 25000, 28144, 28126, 0, 
614, 1, 613, 612, -1, 379, 310, 23.0, 24, Dappaa, 0, 27964, 17002, 608, , 27964, 25000, 28120, 28073, 0, 
615, 1, 614, 613, -1, 310, 204, 21.0, 22, MSapppaa, 117, 28740, 11036, 384, , 28740, 25000, 28812, 29091, 0, 
616, 1, 615, 583, -1, 143, 257, 15.0, 23, ABalappppaa, 158, 27885, 14277, 512, , 27885, 25000, 27788, 28508, 0, 
617, 1, 616, 615, -1, 149, 267, 19.0, 23, ABalappaap, 226, 26938, 13792, 512, , 26938, 25000, 27620, 27627, 0, 
