1, 1, 98, 335, -1, 310, 174, 21.6, 23, ABplpaappaa, 227, 28533, 18261, 640, , 28533, 25000, 28656, 28479, 0, 
2, 0, 389, -1, -1, 331, 206, 26.3, 23, , 184, -2033, 15966, 592, , 26970, 25000, 28834, 29003, 0, 
3, 1, 416, 298, -1, 427, 256, 9.4, 23, ABprppapapa, 179, 30550, 19552, 640, , 30550, 25000, 29343, 29522, 0, 
4, 1, 275, 448, -1, 275, 128, 10.4, 28, ABplaappap, 277, 27993, 27657, 988, , 27993, 25000, 28205, 28238, 0, 
5, 1, 443, 508, -1, 236, 321, 7.2, 22, ABpraaapppaa, 188, 29232, 14499, 496, , 29232, 25000, 33182, 33068, 0, 
6, 1, 312, 252, -1, 497, 362, 11.7, 27, Cppapaa, 402, 29065, 26856, 924, , 29065, 25000, 28855, 28882, 0, 
7, 0, 241, -1, -1, 109, 271, 21.5, 22, , 201, 1635, 14917, 512, , 29135, 25000, 27555, 27500, 0, 
8, 0, 206, -1, -1, 259, 318, 17.2, 23, , 95, 1250, 16461, 540, , 30483, 25000, 29201, 29233, 0, 
9, 1, 129, 269, -1, 150, 326, 16.3, 23, ABarpapaaap, 227, 26703, 15808, 592, , 26703, 25000, 28083, 28164, 0, 
10, 1, 455, 216, -1, 232, 154, 16.0, 23, ABplpaaapaa, 179, 27855, 14262, 512, , 27855, 25000, 28563, 28259, 0, 
11, 1, 251, 468, -1, 252, 163, 14.3, 23, ABalppapppa, 225, 27257, 16136, 592, , 27257, 25000, 29169, 29461, 0, 
12, 1, 396, 499, -1, 265, 250, 12.8, 25, ABarapaaaap, 285, 27706, 19505, 704, , 27706, 25000, 28523, 28644, 0, 
13, 1, 180, 507, -1, 454, 238, 8.8, 22, ABprppapppp, 197, 29667, 14715, 496, , 29667, 25000, 29005, 29325, 0, 
14, 1, 120, 375, -1, 494, 344, 6.9, 26, ABarpppppa, 264, 30186, 24149, 800, , 30186, 25000, 33150, 33285, 0, 
15, 1, 114, 198, -1, 195, 251, 5.1, 22, ABpraaaapad, 224, 44403, 20603, 464, , 44403, 25000, 43008, 43003, 0, 
16, 0, -1, -1, -1, 281, 344, 21.3, 22, , -50, 293, 15307, 524, , 29212, 25000, 28677, 28919, 0, 
17, 1, 97, 488, -1, 364, 176, 13.8, 22, ABplpapappa, 133, 28179, 13977, 496, , 28179, 25000, 28600, 28664, 0, 
18, 1, 159, 95, -1, 306, 123, 18.0, 24, ABplppaaaaa, 201, 28910, 17577, 608, , 28910, 25000, 28538, 28529, 0, 
19, 1, 125, 307, -1, 468, 129, 19.4, 26, ABplapappa, 263, 26495, 22044, 832, , 26495, 25000, 28096, 28098, 0, 
20, 0, 495, -1, -1, 175, 184, 9.2, 22, , 173, 4149, 16041, 496, , 32341, 25000, 28270, 28192, 0, 
21, 1, 282, 231, -1, 506, 145, 22.6, 26, ABarppappp, 247, 28745, 23916, 832, , 28745, 25000, 28311, 28381, 0, 
22, 1, 308, 155, -1, 473, 154, 22.3, 28, ABplapapap, 284, 27722, 29496, 1064, , 27722, 25000, 27998, 27968, 0, 
23, 1, 269, 129, -1, 249, 193, 9.4, 23, ABarapppapa, 285, 29792, 19067, 640, , 29792, 25000, 28614, 28600, 0, 
24, 1, 167, 362, -1, 276, 228, 24.5, 25, ABplaapappa, -117, 27414, 21054, 768, , 27414, 25000, 28231, 28157, 0, 
25, 1, 244, 292, -1, 288, 307, 5.7, 27, ABprpaappap, 239, 38299, 35388, 924, , 38299, 25000, 36224, 36499, 0, 
26, 0, 393, -1, -1, 341, 128, 12.1, 24, , -29, 503, 17014, 604, , 28169, 25000, 27739, 27666, 0, 
27, 1, 148, 464, -1, 368, 310, 11.7, 25, MSpapaapp, 225, 28365, 21671, 764, , 28365, 25000, 30062, 30080, 0, 
28, 1, 473, 325, -1, 462, 154, 16.2, 23, Capappa, 216, 30122, 16266, 540, , 30122, 25000, 28946, 28952, 0, 
29, 1, 439, 331, -1, 584, 322, 11.3, 29, Caaapp, 224, 28084, 29994, 1068, , 28084, 25000, 27337, 27380, 0, 
30, 1, 225, 31, -1, 482, 185, 9.4, 24, ABprppppapp, 206, 30321, 21225, 700, , 30321, 25000, 28987, 29139, 0, 
31, 1, 249, 3, -1, 149, 322, 10.6, 23, ABarpappap, 196, 26675, 17072, 640, , 26675, 25000, 27787, 27764, 0, 
32, 1, 337, 134, -1, 254, 347, 20.5, 24, MSpaaaaaa, 227, 29404, 22582, 768, , 29404, 25000, 29771, 29399, 0, 
33, 1, 229, 189, -1, 219, 255, 23.9, 24, MSapaaap, 244, 27687, 16723, 604, , 27687, 25000, 28550, 28642, 0, 
34, 1, 177, 245, -1, 199, 134, 17.0, 22, ABalpppaaap, 211, 29490, 11324, 384, , 29490, 25000, 28171, 28347, 0, 
35, 1, 453, 97, -1, 213, 299, 17.5, 24, ABaraappaap, 351, 27707, 21279, 768, , 27707, 25000, 28217, 28129, 0, 
36, 1, 289, 322, -1, 164, 297, 10.2, 23, ABpraapaapa, 53, 27854, 15041, 540, , 27854, 25000, 28483, 28400, 0, 
37, 1, 293, 106, -1, 255, 313, 8.4, 23, ABpraaappap, 167, 28136, 18007, 640, , 28136, 25000, 29237, 28981, 0, 
38, 1, 174, 79, -1, 270, 211, 16.9, 23, ABalpaaaaap, 150, 29385, 14575, 496, , 29385, 25000, 27970, 27369, 0, 
39, 1, 194, 177, -1, 479, 328, 9.0, 23, Cppaapa, -10, 27754, 14210, 512, , 27754, 25000, 30007, 29902, 0, 
40, 1, 233, 203, -1, 533, 168, 20.2, 23, Cappapp, 222, 27770, 14996, 540, , 27770, 25000, 29703, 29730, 0, 
41, 1, 69, 47, -1, 455, 186, 22.3, 26, ABplappapp, -62, 27973, 23945, 856, , 27973, 25000, 28157, 28223, 0, 
42, 1, 273, 469, -1, 257, 152, 25.2, 25, ABalpppppppa, 250, 27398, 19288, 704, , 27398, 25000, 28379, 28335, 0, 
43, 1, 21, 76, -1, 199, 217, 26.4, 28, ABplaaappa, 24, 27978, 27642, 988, , 27978, 25000, 29371, 29331, 0, 
44, 1, 390, 139, -1, 534, 369, 12.2, 26, Caaapa, 269, 27003, 21494, 796, , 27003, 25000, 28021, 28013, 0, 
45, 1, 514, 460, -1, 287, 243, 22.3, 22, ABalpaapapp, 143, 26378, 13822, 524, , 26378, 25000, 28444, 28475, 0, 
46, 1, 452, 208, -1, 382, 292, 13.2, 23, MSpapappp, 150, 28241, 15250, 540, , 28241, 25000, 30595, 30201, 0, 
47, 1, 203, 200, -1, 276, 285, 5.6, 23, ABprpaapaap, 73, 36822, 23566, 640, , 36822, 25000, 36569, 36250, 0, 
48, 1, 294, 107, -1, 537, 138, 12.9, 23, ABplppppppp, 221, 27486, 13633, 496, , 27486, 25000, 27904, 27974, 0, 
49, 1, 411, 206, -1, 210, 269, 15.7, 23, ABaraaapaaa, 214, 27370, 16203, 592, , 27370, 25000, 27787, 27539, 0, 
50, 1, 345, 447, -1, 295, 322, 20.7, 23, MSaaaapap, 201, 27275, 16147, 592, , 27275, 25000, 28297, 28176, 0, 
51, 1, 232, 19, -1, 228, 250, 13.2, 24, ABarapaaaaa, 358, 28168, 18478, 656, , 28168, 25000, 28829, 28909, 0, 
52, 1, 140, 396, -1, 245, 239, 21.1, 24, ABalpaaapaa, -114, 27081, 16357, 604, , 27081, 25000, 28226, 28188, 0, 
53, 1, 320, 121, -1, 311, 206, 22.3, 24, ABplaapapaa, 366, 29419, 20711, 704, , 29419, 25000, 28534, 28728, 0, 
54, 1, 132, 389, -1, 142, 191, 16.4, 23, ABalaaaarla, 227, 29302, 18753, 640, , 29302, 25000, 27882, 27995, 0, 
55, 1, 475, 384, -1, 224, 292, 15.4, 22, ABaraaapaap, 201, 28170, 16113, 572, , 28170, 25000, 28327, 28445, 0, 
56, 1, 6, 45, -1, 242, 204, 13.4, 28, ABarapapapa, -23, 28914, 28567, 988, , 28914, 25000, 28984, 29046, 0, 
57, 1, 1, 295, -1, 516, 261, 8.4, 23, Cppappa, 239, 27627, 17681, 640, , 27627, 25000, 28887, 29093, 0, 
58, 1, 430, 347, -1, 464, 233, 6.6, 25, ABprpppaaap, 207, 30948, 25749, 832, , 30948, 25000, 34439, 34719, 0, 
59, 1, 15, 417, -1, 449, 208, 8.2, 22, ABprpppaaaa, 188, 27841, 13809, 496, , 27841, 25000, 29564, 29499, 0, 
60, 1, 195, 273, -1, 230, 245, 7.5, 22, ABprpaaappa, 198, 31109, 15928, 512, , 31109, 25000, 30801, 30588, 0, 
61, 1, 155, 43, -1, 386, 221, 10.6, 24, ABarappappa, 207, 29937, 20956, 700, , 29937, 25000, 28990, 29085, 0, 
62, 1, 23, 380, -1, 544, 338, 11.9, 27, Cppapap, 330, 28906, 26247, 908, , 28906, 25000, 29223, 29284, 0, 
63, 0, 89, -1, -1, 268, 301, 14.5, 25, , 247, 1657, 23071, 768, , 30040, 25000, 28583, 28383, 0, 
64, 1, 188, 158, -1, 321, 212, 6.7, 25, ABprppaapap, 209, 32461, 24800, 764, , 32461, 25000, 34136, 34491, 0, 
65, 1, 448, 344, -1, 304, 127, 14.8, 24, ABplpaapppa, 37, 28441, 18657, 656, , 28441, 25000, 27756, 28016, 0, 
66, 0, 372, -1, -1, 513, 121, 20.0, 23, , -241, -825, 13913, 512, , 27174, 25000, 28141, 27999, 0, 
67, 1, 131, 394, -1, 176, 213, 17.4, 26, ABalaaaalar, 246, 27387, 22786, 832, , 27387, 25000, 28670, 29384, 0, 
68, 1, 3, 24, -1, 292, 302, 22.4, 25, ABaraapaapp, 204, 28180, 23446, 832, , 28180, 25000, 29088, 29397, 0, 
69, 0, 264, -1, -1, 549, 181, 6.6, 22, , 188, -1531, 19569, 572, , 34212, 25000, 34900, 35743, 0, 
70, 1, 318, 425, -1, 367, 276, 11.0, 22, MSpapapap, 415, 45818, 17594, 384, , 45818, 25000, 31819, 32208, 0, 
71, 1, 487, 321, -1, 488, 201, 15.5, 24, ABplppppaap, 203, 28599, 21964, 768, , 28599, 25000, 28235, 28217, 0, 
72, 1, 91, 489, -1, 290, 397, 13.9, 27, ABarpppapa, 268, 27981, 25407, 908, , 27981, 25000, 27762, 27786, 0, 
73, 1, 245, 271, -1, 459, 131, 12.5, 24, ABplappppa, 208, 27297, 20964, 768, , 27297, 25000, 27913, 27831, 0, 
74, 1, 376, 228, -1, 407, 231, 8.9, 24, ABprpaaaapp, 166, 29207, 17641, 604, , 29207, 25000, 29166, 29145, 0, 
75, 1, 139, 254, -1, 238, 370, 18.6, 22, MSpppppa, 167, 27998, 16015, 572, , 27998, 25000, 28470, 28534, 0, 
76, 1, 130, 403, -1, 262, 273, 26.2, 25, ABarppaaaa, 244, 30493, 21467, 704, , 30493, 25000, 29285, 29189, 0, 
77, 1, 70, 156, -1, 224, 280, 21.8, 26, ABaraapaapa, 93, 27069, 21547, 796, , 27069, 25000, 28253, 28448, 0, 
78, 1, 222, 333, -1, 115, 234, 15.6, 24, ABpraapaaaa, 76, 27436, 19205, 700, , 27436, 25000, 28530, 28846, 0, 
79, 1, 45, 188, -1, 382, 212, 16.4, 24, ABplppapaap, 103, 27654, 19358, 700, , 27654, 25000, 27668, 27848, 0, 
80, 0, 200, -1, -1, 239, 168, 8.6, 24, , 213, 8, 20909, 700, , 29870, 25000, 29692, 29862, 0, 
81, 1, 331, 289, -1, 401, 265, 18.8, 26, Ealaav, 268, 28057, 22333, 796, , 28057, 25000, 28490, 28516, 0, 
82, 1, 306, 416, -1, 161, 225, 23.8, 23, ABalapapppp, 214, 28356, 15312, 540, , 28356, 25000, 28279, 28200, 0, 
83, 1, 383, 161, -1, 248, 331, 14.5, 22, ABaraaapapa, 226, 27609, 14136, 512, , 27609, 25000, 27998, 28015, 0, 
84, 1, 59, 147, -1, 347, 246, 13.6, 24, ABarapapapp, 105, 29177, 20424, 700, , 29177, 25000, 28791, 28923, 0, 
85, 1, 95, 476, -1, 276, 166, 11.3, 23, ABalpapapaa, 197, 29853, 17673, 592, , 29853, 25000, 28842, 28859, 0, 
86, 1, 197, 166, -1, 228, 136, 12.9, 25, ABalppapapp, 216, 29622, 20380, 688, , 29622, 25000, 28072, 28086, 0, 
87, 1, 142, 428, -1, 217, 180, 20.0, 24, ABalppappaa, 212, 26492, 16107, 608, , 26492, 25000, 28357, 28465, 0, 
88, 1, 458, 163, -1, 207, 262, 19.5, 24, ABaraapaaaa, 200, 26777, 20565, 768, , 26777, 25000, 27888, 28173, 0, 
89, 1, 347, 214, -1, 416, 319, 6.2, 27, ABprappaaa, 277, 32749, 28426, 868, , 32749, 25000, 33095, 33343, 0, 
90, 1, 111, 178, -1, 497, 123, 10.4, 24, ABprpppapap, 223, 28670, 20069, 700, , 28670, 25000, 28202, 28012, 0, 
91, 1, 338, 263, -1, 515, 295, 8.7, 25, Cppaapp, 222, 28781, 21989, 764, , 28781, 25000, 29571, 29589, 0, 
92, 0, 464, -1, -1, 292, 352, 17.4, 22, , 191, 517, 16854, 572, , 29465, 25000, 29036, 28948, 0, 
93, 1, 11, 317, -1, 153, 323, 23.4, 25, ABplaaaapp, 48, 29505, 24548, 832, , 29505, 25000, 28712, 28799, 0, 
94, 1, 107, 366, -1, 322, 138, 17.4, 24, ABplppaapap, 45, 28806, 20164, 700, , 28806, 25000, 27985, 27887, 0, 
95, 1, 168, 400, -1, 312, 263, 21.5, 25, ABaraapapaa, 248, 28411, 21820, 768, , 28411, 25000, 27811, 27785, 0, 
96, 1, 28, 123, -1, 474, 166, 12.0, 23, ABplppppapp, 188, 28375, 14528, 512, , 28375, 25000, 28667, 28583, 0, 
97, 1, 216, 276, -1, 384, 368, 7.2, 26, ABarppppap, 242, 29101, 23164, 796, , 29101, 25000, 32334, 32359, 0, 
98, 1, 12, 153, -1, 319, 291, 23.0, 27, ABaraapapap, 100, 28566, 29480, 1032, , 28566, 25000, 28360, 28546, 0, 
99, 0, 13, -1, -1, 263, 227, 13.9, 23, , 209, -1122, 13915, 496, , 28054, 25000, 28833, 29176, 0, 
100, 1, 136, 433, -1, 408, 271, 8.9, 23, ABprppapaap, 182, 29317, 14541, 496, , 29317, 25000, 28755, 28535, 0, 
101, 1, 435, 278, -1, 563, 130, 13.9, 23, Cpappv, 224, 26923, 13354, 496, , 26923, 25000, 27951, 27885, 0, 
102, 1, 82, 143, -1, 573, 247, 10.8, 26, Cpppapp, 257, 28106, 22372, 796, , 28106, 25000, 30147, 30137, 0, 
103, 1, 328, 99, -1, 489, 298, 5.7, 25, ABprappapp, 450, 35581, 27184, 764, , 35581, 25000, 36806, 36826, 0, 
104, 1, 64, 501, -1, 125, 211, 15.6, 22, ABalaaaparr, 177, 26958, 15420, 572, , 26958, 25000, 28321, 28611, 0, 
105, 1, 471, 137, -1, 507, 194, 25.3, 30, ABplapapaa, 299, 28248, 36948, 1308, , 28248, 25000, 29019, 29017, 0, 
106, 1, 150, 93, -1, 202, 181, 14.3, 26, ABalpapaaaa, -49, 28574, 24459, 856, , 28574, 25000, 28355, 28339, 0, 
107, 1, 512, 319, -1, 168, 173, 15.4, 23, ABalaaaalpp, 141, 29873, 19119, 640, , 29873, 25000, 28657, 28926, 0, 
108, 0, 517, -1, -1, 214, 169, 17.1, 23, , -91, 442, 14290, 496, , 28810, 25000, 28340, 28368, 0, 
109, 1, 46, 266, -1, 175, 265, 5.9, 23, ABpraaaaaaa, 209, 43006, 21331, 496, , 43006, 25000, 40438, 41287, 0, 
110, 1, 240, 114, -1, 314, 138, 10.9, 24, ABalpapapap, 241, 29654, 17911, 604, , 29654, 25000, 28958, 28916, 0, 
111, 1, 409, 423, -1, 502, 259, 10.5, 26, ABprpppppaa, 227, 28597, 25623, 896, , 28597, 25000, 28693, 28855, 0, 
112, 1, 158, 210, -1, 530, 307, 20.2, 33, Ealpp, 338, 29048, 50660, 1744, , 29048, 25000, 29085, 29173, 0, 
113, 1, 122, 168, -1, 173, 272, 24.9, 23, ABplaaaaaap, 240, 28123, 13949, 496, , 28123, 25000, 28396, 28472, 0, 
114, 1, 373, 339, -1, 270, 211, 7.1, 22, ABprpaapppa, -3, 28821, 13373, 464, , 28821, 25000, 31654, 32401, 0, 
115, 1, 500, 491, -1, 182, 226, 23.5, 22, ABalapapppa, 149, 28781, 14736, 512, , 28781, 25000, 28564, 28337, 0, 
116, 1, 446, 301, -1, 202, 356, 23.6, 28, ABarpaapap, 267, 27854, 27520, 988, , 27854, 25000, 28634, 28628, 0, 
117, 1, 49, 61, -1, 320, 403, 14.7, 28, ABarppaapa, 279, 27048, 28779, 1064, , 27048, 25000, 28019, 28020, 0, 
118, 1, 201, 287, -1, 218, 282, 5.9, 23, ABpraaaapav, 215, 39216, 19451, 496, , 39216, 25000, 36556, 36868, 0, 
119, 1, 351, 184, -1, 208, 177, 24.1, 28, ABplaapaapp, 124, 28094, 30566, 1088, , 28094, 25000, 28332, 28367, 0, 
120, 1, 395, 437, -1, 316, 345, 7.7, 25, ABprapaaapa, 251, 30175, 23054, 764, , 30175, 25000, 31447, 31450, 0, 
121, 1, 163, 286, -1, 348, 225, 16.5, 23, MSaapaaap, 186, 29093, 18387, 632, , 29093, 25000, 30179, 29468, 0, 
122, 1, 350, 65, -1, 572, 262, 23.6, 28, Capppaa, 166, 29377, 29024, 988, , 29377, 25000, 29139, 29144, 0, 
123, 0, 50, -1, -1, 260, 266, 8.7, 23, , 187, -855, 16698, 592, , 28206, 25000, 29011, 29061, 0, 
124, 1, 228, 192, -1, 480, 133, 14.8, 23, ABplpppapaa, 167, 28211, 15234, 540, , 28211, 25000, 28650, 28629, 0, 
125, 1, 404, 175, -1, 407, 400, 16.8, 28, Dppppa, 274, 29506, 31040, 1052, , 29506, 25000, 29193, 29292, 0, 
126, 1, 292, 67, -1, 237, 119, 16.2, 24, ABplpaapapp, 1, 26898, 17645, 656, , 26898, 25000, 27593, 27557, 0, 
127, 1, 236, 360, -1, 313, 262, 11.5, 22, MSpapaaaa, 217, 30625, 15680, 512, , 30625, 25000, 28322, 28472, 0, 
128, 1, 190, 58, -1, 257, 346, 17.4, 25, MSpaaaapp, 225, 27292, 22707, 832, , 27292, 25000, 29003, 29067, 0, 
129, 1, 19, 52, -1, 285, 188, 22.1, 23, ABalpppppap, 199, 28819, 14294, 496, , 28819, 25000, 28634, 28672, 0, 
130, 0, 74, -1, -1, 284, 270, 11.2, 23, , 131, -435, 14929, 540, , 27646, 25000, 27966, 28081, 0, 
131, 1, 16, 297, -1, 267, 151, 16.7, 23, ABplpaaappp, 203, 27873, 16501, 592, , 27873, 25000, 28351, 28519, 0, 
132, 0, 152, -1, -1, 288, 249, 15.4, 23, , 221, -2128, 17024, 640, , 26600, 25000, 28754, 28728, 0, 
133, 1, 10, 395, -1, 552, 267, 15.0, 30, Eprpa, 303, 28717, 38711, 1348, , 28717, 25000, 29092, 29113, 0, 
134, 0, 24, -1, -1, 297, 238, 18.0, 23, , 190, 411, 14864, 512, , 29031, 25000, 28388, 28620, 0, 
135, 1, 175, 431, -1, 295, 211, 17.5, 23, ABalpappppp, 11, 28983, 18317, 632, , 28983, 25000, 27690, 27528, 0, 
136, 1, 117, 11, -1, 479, 166, 19.4, 24, Capappp, 241, 29683, 20778, 700, , 29683, 25000, 29106, 29170, 0, 
137, 1, 410, 452, -1, 378, 195, 12.1, 22, ABplppaappa, 190, 27172, 12608, 464, , 27172, 25000, 28436, 28368, 0, 
138, 1, 106, 372, -1, 284, 328, 8.8, 24, ABpraapapaa, 199, 29636, 19441, 656, , 29636, 25000, 29000, 29200, 0, 
139, 1, 367, 234, -1, 215, 321, 5.4, 26, ABpraaappppa, 260, 43208, 35949, 832, , 43208, 25000, 40090, 40534, 0, 
140, 1, 77, 191, -1, 364, 146, 14.5, 24, ABplapaapa, 212, 26701, 20506, 768, , 26701, 25000, 27870, 27941, 0, 
141, 1, 468, 190, -1, 317, 349, 13.3, 24, ABaraapppap, 87, 29382, 20685, 704, , 29382, 25000, 28138, 28047, 0, 
142, 1, 234, 1, -1, 380, 346, 15.8, 31, Earaa, 316, 28134, 41188, 1464, , 28134, 25000, 29306, 29360, 0, 
143, 1, 33, 358, -1, 224, 252, 21.0, 21, ABalpaapaap, 210, 27148, 10425, 384, , 27148, 25000, 27678, 27681, 0, 
144, 1, 496, 429, -1, 387, 290, 9.8, 22, MSpapppap, 190, 27008, 13396, 496, , 27008, 25000, 30550, 30268, 0, 
145, 1, 491, 500, -1, 124, 265, 17.5, 22, ABarpaaapaa, 202, 27951, 14311, 512, , 27951, 25000, 27644, 27829, 0, 
146, 1, 472, 270, -1, 449, 209, 19.7, 24, MSpappaa, 206, 27241, 19178, 704, , 27241, 25000, 28116, 28115, 0, 
147, 1, 375, 66, -1, 436, 206, 15.4, 27, ABplppapppp, 166, 27663, 27331, 988, , 27663, 25000, 28957, 29283, 0, 
148, 1, 143, 38, -1, 487, 242, 13.3, 25, MSppaapp, -37, 27585, 21075, 764, , 27585, 25000, 28989, 29096, 0, 
149, 1, 151, 595, -1, 219, 168, 14.5, 23, ABalppapppp, 188, 28354, 17920, 632, , 28354, 25000, 28355, 28532, 0, 
150, 1, 239, 376, -1, 528, 214, 8.7, 26, ABprpppaapa, 196, 28314, 24237, 856, , 28314, 25000, 29337, 29339, 0, 
151, 1, 76, 127, -1, 571, 290, 11.1, 26, Cpppapa, 265, 28610, 22888, 800, , 28610, 25000, 29906, 29979, 0, 
152, 1, 100, 306, -1, 173, 347, 11.3, 25, ABarpapppa, 256, 27660, 21132, 764, , 27660, 25000, 28215, 28231, 0, 
153, 1, 246, 255, -1, 532, 116, 15.3, 28, ABplappppp, -87, 28363, 30178, 1064, , 28363, 25000, 27801, 27795, 0, 
154, 1, 99, 302, -1, 442, 181, 16.9, 24, ABplpppaaap, -59, 26978, 16295, 604, , 26978, 25000, 29176, 29210, 0, 
155, 1, 66, 308, -1, 538, 137, 17.8, 24, ABplapapppp, 245, 27291, 17903, 656, , 27291, 25000, 28406, 28428, 0, 
156, 1, 438, 373, -1, 465, 189, 7.8, 24, ABprppppapa, 226, 29178, 19141, 656, , 29178, 25000, 30669, 30973, 0, 
157, 1, 182, 186, -1, 356, 216, 6.3, 27, ABarappappp, 275, 34172, 31575, 924, , 34172, 25000, 33613, 33717, 0, 
158, 0, 108, -1, -1, 513, 140, 7.8, 25, , 146, -1595, 21482, 704, , 30514, 25000, 31878, 32109, 0, 
159, 1, 307, 315, -1, 384, 248, 26.0, 26, ABarppapap, 222, 27796, 23682, 852, , 27796, 25000, 28763, 28705, 0, 
160, 1, 270, 355, -1, 204, 257, 7.6, 23, ABprpaaaaaa, 207, 30466, 19498, 640, , 30466, 25000, 30742, 30910, 0, 
161, 1, 368, 35, -1, 206, 259, 10.2, 24, ABarappppaa, -76, 28136, 18457, 656, , 28136, 25000, 29268, 29485, 0, 
162, 1, 173, 246, -1, 520, 195, 6.5, 23, ABprpppaapp, 234, 32731, 20686, 632, , 32731, 25000, 35822, 36533, 0, 
163, 1, 401, 91, -1, 433, 215, 10.5, 24, ABprppaappp, 201, 27431, 21067, 768, , 27431, 25000, 28773, 29033, 0, 
164, 1, 419, 367, -1, 425, 347, 18.5, 32, Earap, 325, 28978, 41496, 1432, , 28978, 25000, 29378, 29474, 0, 
165, 1, 26, 111, -1, 253, 277, 11.5, 24, ABarapapaap, 314, 28691, 22035, 768, , 28691, 25000, 28150, 28242, 0, 
166, 1, 2, 314, -1, 314, 197, 8.5, 22, ABprpapaaap, 60, 28123, 14399, 512, , 28123, 25000, 28778, 28848, 0, 
167, 1, 226, 338, -1, 392, 190, 21.0, 26, ABplapaapp, 275, 28273, 24089, 852, , 28273, 25000, 28796, 28772, 0, 
168, 1, 126, 80, -1, 430, 252, 25.4, 29, ABplappapa, 275, 27506, 31797, 1156, , 27506, 25000, 27858, 27857, 0, 
169, 0, 22, -1, -1, 84, 263, 15.9, 25, , -148, 2906, 21027, 688, , 30563, 25000, 27646, 27657, 0, 
170, 1, 57, 172, -1, 443, 218, 23.4, 26, ABplappaap, 261, 28112, 23389, 832, , 28112, 25000, 28385, 28386, 0, 
171, 1, 428, 179, -1, 294, 256, 25.9, 26, ABplapaaaap, 199, 28939, 23151, 800, , 28939, 25000, 28971, 28960, 0, 
172, 1, 73, 401, -1, 353, 285, 13.7, 23, MSpapapaa, 65, 53324, 31568, 592, , 53324, 25000, 34073, 34323, 0, 
173, 1, 369, 215, -1, 180, 229, 10.2, 23, ABarapppaaa, 220, 28139, 15195, 540, , 28139, 25000, 29462, 29781, 0, 
174, 1, 53, 369, -1, 462, 398, 11.2, 28, Caaaap, 262, 27520, 28951, 1052, , 27520, 25000, 28189, 28168, 0, 
175, 1, 83, 436, -1, 604, 254, 11.5, 27, Cpappd, 237, 28317, 25372, 896, , 28317, 25000, 27948, 27891, 0, 
176, 1, 447, 334, -1, 156, 268, 8.4, 23, ABpraaaaapv, 193, 30192, 19323, 640, , 30192, 25000, 29638, 30003, 0, 
177, 1, 165, 100, -1, 543, 196, 22.5, 27, Cappapa, 261, 28071, 25152, 896, , 28071, 25000, 29477, 29480, 0, 
178, 0, 259, -1, -1, 234, 214, 17.9, 23, , 206, 461, 14104, 496, , 28435, 25000, 27962, 27974, 0, 
179, 1, 185, 274, -1, 117, 268, 14.3, 25, ABpraapaaap, 188, 27323, 20875, 764, , 27323, 25000, 28126, 28078, 0, 
180, 1, 330, 421, -1, 556, 276, 19.1, 33, Eplap, 332, 28088, 48760, 1736, , 28088, 25000, 29161, 29216, 0, 
181, 1, 223, 193, -1, 489, 319, 20.1, 32, Eplaa, 443, 27541, 43404, 1576, , 27541, 25000, 28479, 28546, 0, 
182, 1, 41, 385, -1, 314, 185, 25.2, 23, ABalppppppap, 221, 27294, 14739, 540, , 27294, 25000, 28723, 28661, 0, 
183, 1, 40, 181, -1, 187, 153, 13.8, 24, ABalppapaap, -72, 29113, 19098, 656, , 29113, 25000, 27878, 27705, 0, 
184, 1, 315, 70, -1, 318, 334, 20.5, 23, MSpaaapaa, 199, 30343, 19177, 632, , 30343, 25000, 28078, 28119, 0, 
185, 1, 474, 116, -1, 584, 198, 20.3, 29, Capppap, 296, 28160, 30075, 1068, , 28160, 25000, 28878, 28878, 0, 
186, 1, 506, 485, -1, 228, 320, 11.2, 22, ABpraaapaad, 222, 28151, 13963, 496, , 28151, 25000, 28581, 28550, 0, 
187, 1, 157, 336, -1, 371, 271, 16.7, 22, MSaapappp, 175, 28981, 15186, 524, , 28981, 25000, 31199, 31191, 0, 
188, 1, 218, 141, -1, 298, 230, 14.1, 23, ABalpappppa, -73, 27383, 13582, 496, , 27383, 25000, 27916, 28013, 0, 
189, 0, 290, -1, -1, 157, 273, 11.7, 23, , -52, -1523, 16472, 592, , 27824, 25000, 29097, 29347, 0, 
190, 1, 546, 520, -1, 327, 393, 17.6, 26, Dpppaa, 167, 27709, 23054, 832, , 27709, 25000, 28375, 28386, 0, 
191, 1, 235, 438, -1, 224, 379, 20.7, 29, ABarpaappa, 297, 26452, 28251, 1068, , 26452, 25000, 27942, 27954, 0, 
192, 0, 254, -1, -1, 291, 295, 12.5, 23, , 173, -390, 17643, 632, , 27916, 25000, 28203, 28306, 0, 
193, 1, 36, 419, -1, 463, 185, 13.8, 22, ABplpapppaa, 183, 28726, 14248, 496, , 28726, 25000, 28828, 29000, 0, 
194, 1, 154, 471, -1, 330, 234, 20.0, 27, ABaraapappa, 95, 29731, 30682, 1032, , 29731, 25000, 28729, 28693, 0, 
195, 1, 476, 305, -1, 343, 225, 7.6000004, 22, ABprapaapa, 195, 31313, 17911, 572, , 31313, 25000, 30752, 31145, 0, 
196, 1, 477, 312, -1, 231, 230, 5.7, 24, ABprpaaapap, 213, 38774, 27297, 704, , 38774, 25000, 36483, 36695, 0, 
197, 1, 344, 140, -1, 551, 163, 8.2, 26, ABprappppp, 243, 26930, 21436, 796, , 26930, 25000, 28979, 29125, 0, 
198, 1, 48, 346, -1, 304, 171, 7.2, 24, ABarappapap, 236, 28566, 18739, 656, , 28566, 25000, 32372, 32530, 0, 
199, 1, 75, 275, -1, 493, 122, 16.7, 23, ABplpppaapp, 203, 30003, 17762, 592, , 30003, 25000, 28697, 28784, 0, 
200, 1, 501, 364, -1, 203, 238, 16.6, 23, ABaraaaapaa, 224, 27302, 17473, 640, , 27302, 25000, 27795, 27962, 0, 
201, 1, 153, 85, -1, 455, 322, 6.0, 25, ABprappaap, 248, 33961, 25946, 764, , 33961, 25000, 33668, 33650, 0, 
202, 1, 72, 170, -1, 179, 226, 5.7, 22, ABpraaaaaap, 215, 47336, 24804, 524, , 47336, 25000, 42747, 43382, 0, 
203, 1, 365, 600, -1, 156, 254, 21.4, 28, ABplaaaaaaa, 218, 28423, 28082, 988, , 28423, 25000, 28992, 29004, 0, 
204, 1, 109, 108, -1, 145, 197, 23.4, 25, ABplaaapaa, 245, 28246, 23501, 832, , 28246, 25000, 28269, 28349, 0, 
205, 0, 381, -1, -1, 531, 138, 21.3, 22, , 197, -926, 14109, 524, , 26926, 25000, 27836, 27852, 0, 
206, 1, 192, 328, -1, 480, 237, 23.3, 27, Capaapa, 268, 28137, 25999, 924, , 28137, 25000, 28276, 28218, 0, 
207, 1, 353, 197, -1, 501, 198, 21.8, 25, Capaapp, 248, 27034, 19032, 704, , 27034, 25000, 29126, 29099, 0, 
208, 0, 186, -1, -1, 237, 191, 24.3, 24, , 262, 235, 20248, 704, , 28761, 25000, 28287, 28526, 0, 
209, 1, 329, 277, -1, 273, 197, 25.7, 27, ABplaapappp, -34, 29847, 27579, 924, , 29847, 25000, 29006, 28851, 0, 
210, 1, 43, 353, -1, 185, 287, 17.7, 27, MSaaaaaa, 135, 27498, 25408, 924, , 27498, 25000, 28152, 28313, 0, 
211, 0, 317, -1, -1, 390, 162, 13.2, 24, , 214, 1622, 18851, 656, , 28736, 25000, 27095, 27114, 0, 
212, 1, 354, 232, -1, 504, 215, 11.4, 23, ABprppppaap, 384, 29370, 18797, 640, , 29370, 25000, 28334, 28420, 0, 
213, 1, 221, 329, -1, 151, 289, 7.4, 29, ABprpaapapa, 298, 29819, 34471, 1156, , 29819, 25000, 32941, 33488, 0, 
214, 1, 436, 138, -1, 254, 146, 12.1, 23, ABalppapapa, -4, 28458, 14115, 496, , 28458, 25000, 29292, 29442, 0, 
215, 1, 360, 162, -1, 204, 219, 11.6, 27, ABarappaaaa, 120, 29025, 28677, 988, , 29025, 25000, 28313, 28360, 0, 
216, 1, 377, 442, -1, 214, 235, 18.9, 24, ABalpaapaaa, 200, 27382, 16539, 604, , 27382, 25000, 27751, 27871, 0, 
217, 1, 481, 2, -1, 173, 137, 17.0, 22, ABalppaaapa, 166, 28336, 10881, 384, , 28336, 25000, 27834, 27816, 0, 
218, 1, 297, 6, -1, 233, 194, 21.2, 23, ABplpaapaaa, 219, 27313, 14749, 540, , 27313, 25000, 28838, 29156, 0, 
219, 1, 407, 209, -1, 543, 309, 16.4, 29, Eprap, 300, 28571, 33028, 1156, , 28571, 25000, 29687, 29640, 0, 
220, 1, 321, 110, -1, 410, 257, 11.1, 22, ABprppappap, 319, 27972, 12979, 464, , 27972, 25000, 28829, 29014, 0, 
221, 1, 302, 81, -1, 178, 154, 22.8, 27, ABplpaapapa, 50, 27492, 23863, 868, , 27492, 25000, 28415, 28415, 0, 
222, 1, 352, 341, -1, 293, 365, 21.9, 22, MSaaaapaa, 212, 27903, 12947, 464, , 27903, 25000, 27989, 27996, 0, 
223, 1, 68, 34, -1, 214, 345, 11.2, 23, ABpraaaappp, 205, 26711, 14424, 540, , 26711, 25000, 29005, 28987, 0, 
224, 1, 414, 136, -1, 293, 200, 6.5, 22, ABprpapaapp, 189, 33195, 16996, 512, , 33195, 25000, 35005, 36274, 0, 
225, 1, 326, 377, -1, 421, 298, 9.8, 22, MSpappppa, 224, 28254, 14014, 496, , 28254, 25000, 28822, 28853, 0, 
226, 1, 227, 50, -1, 205, 291, 10.6, 23, ABprpaapaaa, 226, 28609, 18310, 640, , 28609, 25000, 28598, 28642, 0, 
227, 1, 346, 352, -1, 400, 198, 13.9, 22, ABplpaaaapp, 136, 26912, 12487, 464, , 26912, 25000, 28106, 28434, 0, 
228, 1, 538, 94, -1, 318, 286, 10.3, 24, ABaraappppa, 255, 27116, 19090, 704, , 27116, 25000, 29263, 29422, 0, 
229, 1, 141, 415, -1, 294, 149, 21.8, 27, ABplpaapaap, 269, 28342, 24601, 868, , 28342, 25000, 28311, 28558, 0, 
230, 1, 60, 386, -1, 387, 167, 16.3, 24, ABplppapaaa, 232, 28565, 20110, 704, , 28565, 25000, 28362, 28364, 0, 
231, 1, 80, 120, -1, 282, 352, 14.8, 24, ABaraappapp, 244, 28759, 18866, 656, , 28759, 25000, 28216, 28192, 0, 
232, 1, 166, 343, -1, 304, 222, 24.4, 23, ABplaapapap, -75, 27372, 17518, 640, , 27372, 25000, 28861, 28780, 0, 
233, 1, 280, 348, -1, 358, 276, 7.9, 23, MSpapppaa, 229, 28819, 14294, 496, , 28819, 25000, 31329, 31494, 0, 
234, 1, 336, 14, -1, 342, 163, 10.2, 25, ABplpaaaapa, 257, 28554, 20102, 704, , 28554, 25000, 28719, 28792, 0, 
235, 1, 423, 230, -1, 398, 270, 14.7, 24, MSaappap, 203, 28075, 19765, 704, , 28075, 25000, 28715, 28757, 0, 
236, 1, 104, 42, -1, 554, 206, 25.9, 25, Cpapap, 196, 27765, 19102, 688, , 27765, 25000, 28356, 28356, 0, 
237, 1, 202, 455, -1, 202, 226, 7.8, 23, ABprpaaapaa, 239, 29030, 15676, 540, , 29030, 25000, 30836, 31605, 0, 
238, 1, 437, 90, -1, 212, 173, 7.0, 24, ABpraappaa, 225, 32191, 19572, 608, , 32191, 25000, 34324, 34769, 0, 
239, 1, 179, 473, -1, 300, 162, 10.0, 22, ABprpappaap, 199, 28148, 10809, 384, , 28148, 25000, 28994, 28857, 0, 
240, 1, 208, 515, -1, 320, 169, 26.5, 27, ABarppaaap, 160, 29631, 26549, 896, , 29631, 25000, 29584, 29853, 0, 
241, 1, 612, 142, -1, 387, 324, 24.0, 29, Dappaa, 290, 28579, 35095, 1228, , 28579, 25000, 28631, 28629, 0, 
242, 1, 93, 72, -1, 411, 222, 21.9, 24, ABplappaaa, 216, 28007, 16916, 604, , 28007, 25000, 27993, 27995, 0, 
243, 1, 257, 293, -1, 375, 205, 14.1, 24, ABplppappaa, 214, 27040, 16332, 604, , 27040, 25000, 27771, 27968, 0, 
244, 1, 499, 479, -1, 245, 262, 7.2, 21, MSppapap, 159, 29047, 12432, 428, , 29047, 25000, 32528, 32801, 0, 
245, 1, 78, 444, -1, 469, 293, 12.4, 31, Z2, 308, 28476, 37930, 1332, , 28476, 25000, 29026, 29092, 0, 
246, 1, 309, 194, -1, 270, 181, 9.5, 25, ABarappapaa, 207, 29286, 22492, 768, , 29286, 25000, 28916, 28806, 0, 
247, 1, 87, 5, -1, 299, 206, 12.6, 22, ABplpappaaa, 178, 26764, 15309, 572, , 26764, 25000, 28175, 28230, 0, 
248, 1, 295, 505, -1, 182, 191, 17.4, 22, ABalaaaalal, 194, 27776, 15888, 572, , 27776, 25000, 28360, 28717, 0, 
249, 1, 17, 244, -1, 274, 373, 11.5, 26, ABprapaaaap, 224, 26839, 24048, 896, , 26839, 25000, 28198, 28261, 0, 
250, 1, 160, 96, -1, 144, 264, 23.4, 23, ABarpaaaapp, 264, 29611, 18951, 640, , 29611, 25000, 27970, 27933, 0, 
251, 1, 105, 130, -1, 142, 291, 23.7, 27, ABplaaaapa, -60, 28542, 26373, 924, , 28542, 25000, 28197, 28109, 0, 
252, 0, 247, -1, -1, 520, 107, 17.1, 22, , 207, 777, 13361, 464, , 28795, 25000, 28256, 28018, 0, 
253, 1, 422, 21, -1, 252, 228, 26.6, 34, ABplaaappp, 344, 30639, 54538, 1780, , 30639, 25000, 28607, 28780, 0, 
254, 1, 384, 159, -1, 380, 246, 8.0, 23, ABprppapaaa, 215, 30482, 15607, 512, , 30482, 25000, 29746, 29790, 0, 
255, 1, 35, 445, -1, 223, 372, 10.4, 25, ABarpapppp, 234, 27196, 22627, 832, , 27196, 25000, 27857, 27955, 0, 
256, 1, 332, 480, -1, 425, 386, 12.4, 26, Cpppaaa, 220, 28925, 24066, 832, , 28925, 25000, 29266, 29274, 0, 
257, 1, 169, 32, -1, 422, 206, 13.5, 23, ABplppaappp, 192, 26676, 16859, 632, , 26676, 25000, 28321, 28451, 0, 
258, 1, 299, 318, -1, 126, 249, 20.9, 22, ABarpaaaapa, 226, 27203, 12622, 464, , 27203, 25000, 29057, 29105, 0, 
259, 1, 405, 357, -1, 475, 167, 6.5, 24, ABprappppa, 12, 33383, 25638, 768, , 33383, 25000, 34546, 34893, 0, 
260, 1, 449, 253, -1, 375, 402, 16.6, 27, Dpppap, 263, 29249, 28898, 988, , 29249, 25000, 28422, 28461, 0, 
261, 1, 279, 48, -1, 235, 378, 13.5, 23, ABarpppaaa, 239, 27823, 17584, 632, , 27823, 25000, 28410, 28430, 0, 
262, 1, 484, 311, -1, 212, 348, 18.2, 23, MSpppaaa, 189, 27446, 14821, 540, , 27446, 25000, 29102, 29082, 0, 
263, 1, 170, 56, -1, 323, 246, 13.8, 25, ABarapapppa, 137, 28297, 19921, 704, , 28297, 25000, 28365, 28337, 0, 
264, 1, 178, 405, -1, 113, 277, 19.5, 27, ABarpapapa, 241, 27810, 24918, 896, , 27810, 25000, 27730, 27597, 0, 
265, 1, 366, 409, -1, 171, 250, 24.1, 25, ABplaaaaapp, 209, 28597, 19675, 688, , 28597, 25000, 28363, 28455, 0, 
266, 1, 516, 402, -1, 241, 215, 24.9, 25, ABalpppappp, 187, 28173, 19383, 688, , 28173, 25000, 28593, 28210, 0, 
267, 0, 485, -1, -1, 166, 218, 14.0, 23, , 231, -108, 14421, 512, , 28166, 25000, 27982, 28274, 0, 
268, 1, 18, 441, -1, 565, 192, 9.5, 24, ABprapapppp, 231, 27746, 21309, 768, , 27746, 25000, 28128, 28185, 0, 
269, 1, 300, 46, -1, 502, 288, 25.2, 27, Capapaa, 275, 28046, 24344, 868, , 28046, 25000, 29230, 29248, 0, 
270, 1, 397, 88, -1, 346, 181, 7.8, 24, ABprpaaaapa, 186, 28470, 18676, 656, , 28470, 25000, 30028, 30029, 0, 
271, 1, 215, 144, -1, 555, 263, 7.0, 26, ABarpppppp, 257, 30554, 26032, 852, , 30554, 25000, 34006, 34067, 0, 
272, 1, 207, 393, -1, 288, 387, 17.8, 24, MSpppppp, 331, 26970, 17692, 656, , 26970, 25000, 28386, 28275, 0, 
273, 1, 565, 13, -1, 331, 162, 14.3, 24, ABplpapapap, 173, 27418, 19302, 704, , 27418, 25000, 28828, 28453, 0, 
274, 1, 425, 475, -1, 451, 394, 15.3, 27, Dppppp, 264, 28803, 26614, 924, , 28803, 25000, 28621, 28621, 0, 
275, 1, 424, 235, -1, 272, 182, 19.5, 25, MSapapap, -57, 29076, 22330, 768, , 29076, 25000, 28570, 28740, 0, 
276, 1, 138, 486, -1, 416, 326, 14.3, 29, Earpa, -79, 29177, 31161, 1068, , 29177, 25000, 29371, 29376, 0, 
277, 0, 38, -1, -1, 352, 291, 19.9, 23, , -38, -1281, 13753, 496, , 27728, 25000, 29073, 29009, 0, 
278, 1, 348, 185, -1, 267, 317, 21.5, 23, MSaaaaapp, 72, 27424, 17332, 632, , 27424, 25000, 29213, 29205, 0, 
279, 1, 44, 258, -1, 554, 159, 14.4, 25, Cappppd, 201, 27064, 22517, 832, , 27064, 25000, 28053, 28114, 0, 
280, 1, 27, 283, -1, 294, 200, 9.9, 22, ABprpapaaaa, 218, 27800, 12899, 464, , 27800, 25000, 28180, 28221, 0, 
281, 1, 39, 332, -1, 207, 223, 23.2, 26, ABalapaaaa, 241, 28126, 22388, 796, , 28126, 25000, 28482, 28555, 0, 
282, 1, 283, 78, -1, 515, 233, 5.4, 26, ABprapappa, 251, 43464, 36162, 832, , 43464, 25000, 39832, 40395, 0, 
283, 1, 210, 225, -1, 331, 376, 7.5, 24, ABarppppaa, 107, 28531, 21912, 768, , 28531, 25000, 31159, 31209, 0, 
284, 1, 314, 323, -1, 192, 208, 21.6, 24, ABalppppapa, 198, 27541, 19279, 700, , 27541, 25000, 27771, 27855, 0, 
285, 1, 349, 607, -1, 113, 234, 20.0, 23, ABarpaaaaal, 210, 28408, 14545, 512, , 28408, 25000, 28052, 28060, 0, 
286, 1, 402, 262, -1, 446, 262, 8.6, 22, ABprppapapp, 137, 30614, 17511, 572, , 30614, 25000, 28935, 29111, 0, 
287, 1, 52, 103, -1, 221, 319, 16.2, 24, ABaraappapa, 87, 28544, 18725, 656, , 28544, 25000, 28225, 28277, 0, 
288, 1, 469, 250, -1, 506, 174, 6.8, 22, ABprpppapaa, 192, 31238, 15494, 496, , 31238, 25000, 33553, 33731, 0, 
289, 1, 370, 482, -1, 396, 250, 11.6, 22, ABprppappaa, 152, 26451, 15130, 572, , 26451, 25000, 28643, 28709, 0, 
290, 1, 399, 397, -1, 301, 150, 14.6, 22, ABplpapaapp, 172, 26794, 15326, 572, , 26794, 25000, 28278, 28218, 0, 
291, 1, 199, 365, -1, 257, 234, 7.7, 22, ABprpaaappp, -17, 28052, 14699, 524, , 28052, 25000, 31434, 31187, 0, 
292, 1, 262, 260, -1, 166, 185, 21.3, 24, ABalppppapp, 113, 28639, 20162, 704, , 28639, 25000, 28896, 29493, 0, 
293, 0, -1, -1, -1, 201, 323, 9.2, 22, , 169, 791, 14903, 496, , 30046, 25000, 29208, 29255, 0, 
294, 1, 268, 398, -1, 496, 155, 17.1, 25, ABplpppaapa, -20, 27858, 19166, 688, , 27858, 25000, 28289, 28280, 0, 
295, 1, 319, 313, -1, 468, 214, 13.0, 22, ABplpappppa, 276, 29909, 11485, 384, , 29909, 25000, 29258, 28980, 0, 
296, 1, 252, 171, -1, 153, 166, 20.2, 24, ABalpppaapd, -16, 28770, 18873, 656, , 28770, 25000, 28257, 28216, 0, 
297, 1, 209, 268, -1, 244, 353, 8.7, 27, ABpraapappp, 251, 28220, 26075, 924, , 28220, 25000, 29486, 29667, 0, 
298, 1, 333, 310, -1, 578, 332, 15.5, 27, Cppppaa, 224, 27485, 24627, 896, , 27485, 25000, 28535, 28538, 0, 
299, 1, 441, 299, -1, 192, 353, 15.5, 28, MSppappa, 225, 27821, 30047, 1080, , 27821, 25000, 28524, 28529, 0, 
300, 1, 65, 350, -1, 566, 189, 12.7, 25, Cpppppd, 258, 27139, 20734, 764, , 27139, 25000, 29090, 29093, 0, 
301, 1, 128, 174, -1, 519, 138, 11.5, 24, ABplppppppa, 229, 28746, 22077, 768, , 28746, 25000, 28464, 28924, 0, 
302, 1, 116, 75, -1, 477, 136, 9.4, 30, ABplpppapap, 278, 27843, 32186, 1156, , 27843, 25000, 28231, 28203, 0, 
303, 1, 85, 354, -1, 308, 322, 12.4, 24, ABaraapppaa, 145, 27296, 19107, 700, , 27296, 25000, 27767, 27680, 0, 
304, 1, 127, 303, -1, 150, 209, 10.0, 22, ABalaapaapp, 225, 26930, 10341, 384, , 26930, 25000, 28718, 28856, 0, 
305, 1, 406, 183, -1, 550, 236, 18.5, 32, Eplpa, 195, 28318, 40551, 1432, , 28318, 25000, 29503, 29646, 0, 
306, 1, 285, 69, -1, 207, 280, 24.9, 24, MSapappa, 272, 28222, 17046, 604, , 28222, 25000, 28744, 28872, 0, 
307, 1, 461, 226, -1, 434, 222, 16.8, 25, ABplppapapp, 222, 27241, 19178, 704, , 27241, 25000, 27955, 28058, 0, 
308, 0, 204, -1, -1, 286, 360, 6.7, 22, , 195, -3468, 16957, 524, , 32361, 25000, 35774, 35829, 0, 
309, 1, 258, 381, -1, 594, 212, 10.7, 25, Caappd, 136, 26224, 20035, 764, , 26224, 25000, 27949, 27955, 0, 
310, 1, 135, 458, -1, 498, 385, 14.4, 25, Cpppaap, 241, 28471, 23688, 832, , 28471, 25000, 28769, 28776, 0, 
311, 1, 498, 281, -1, 319, 225, 16.2, 22, MSaapaaaa, 185, 30387, 15072, 496, , 30387, 25000, 28272, 28516, 0, 
312, 0, 121, -1, -1, 264, 286, 21.8, 23, , 188, 489, 16113, 540, , 29839, 25000, 29075, 29350, 0, 
313, 0, 284, -1, -1, 337, 347, 20.4, 22, , 93, 1026, 16538, 572, , 28913, 25000, 28072, 27887, 0, 
314, 1, 442, 122, -1, 205, 141, 20.5, 25, ABalpppaaaa, 409, 30857, 23698, 768, , 30857, 25000, 28196, 28075, 0, 
315, 1, 355, 426, -1, 495, 311, 11.0, 22, MSpppaap, 213, 27096, 10405, 384, , 27096, 25000, 28975, 29072, 0, 
316, 1, 115, 430, -1, 425, 300, 17.4, 31, Ealpa, 314, 28944, 38553, 1332, , 28944, 25000, 28629, 28625, 0, 
317, 1, 164, 309, -1, 597, 270, 14.8, 27, Cppppap, 144, 28679, 24893, 868, , 28679, 25000, 28320, 28320, 0, 
318, 1, 51, 212, -1, 145, 293, 17.5, 23, ABarpapaaaa, 202, 27861, 17608, 632, , 27861, 25000, 28443, 28584, 0, 
319, 1, 119, 368, -1, 366, 261, 14.7, 29, ABalpappapp, 260, 28802, 30761, 1068, , 28802, 25000, 31623, 31256, 0, 
320, 1, 261, 27, -1, 328, 217, 10.6, 23, ABprpapapaa, 237, 28286, 18103, 640, , 28286, 25000, 28414, 28559, 0, 
321, 1, 102, 257, -1, 365, 268, 24.4, 27, ABarppaapp, 240, 28430, 28089, 988, , 28430, 25000, 29237, 29279, 0, 
322, 1, 231, 180, -1, 439, 261, 22.8, 25, Capaaap, 235, 28055, 19751, 704, , 28055, 25000, 28262, 28331, 0, 
323, 1, 187, 304, -1, 480, 180, 15.0, 23, ABplppppaaa, 193, 27443, 14051, 512, , 27443, 25000, 27997, 27961, 0, 
324, 1, 398, 411, -1, 199, 158, 11.8, 28, ABalpapaaap, 271, 28075, 29535, 1052, , 28075, 25000, 28627, 28611, 0, 
325, 1, 9, 44, -1, 322, 353, 10.5, 27, MSppapaa, 272, 28529, 25562, 896, , 28529, 25000, 28224, 28233, 0, 
326, 1, 5, 165, -1, 300, 252, 5.2, 26, ABprppaaaap, 241, 38736, 30834, 796, , 38736, 25000, 37249, 37340, 0, 
327, 1, 420, 242, -1, 519, 316, 24.6, 26, Cappaap, 226, 28553, 23756, 832, , 28553, 25000, 28798, 28762, 0, 
328, 1, 161, 379, -1, 371, 164, 22.4, 30, ABplaapppp, 304, 28760, 33246, 1156, , 28760, 25000, 28193, 28166, 0, 
329, 1, 144, 387, -1, 407, 251, 21.6, 26, Capaaaa, 190, 28073, 23357, 832, , 28073, 25000, 28300, 28341, 0, 
330, 1, 478, 495, -1, 179, 286, 12.6, 22, ABalappapap, 172, 27184, 15549, 572, , 27184, 25000, 28149, 27757, 0, 
331, 1, 58, 83, -1, 243, 295, 13.1, 23, ABarapaapaa, 366, 27944, 13860, 496, , 27944, 25000, 28363, 28511, 0, 
332, 1, 310, 294, -1, 266, 184, 5.2, 23, ABpraappap, 176, 47622, 25716, 540, , 47622, 25000, 42661, 42720, 0, 
333, 1, 96, 406, -1, 257, 138, 20.8, 25, ABalpppapav, 104, 29114, 20496, 704, , 29114, 25000, 28576, 28929, 0, 
334, 1, 388, 22, -1, 173, 255, 14.8, 23, ABalaapaaal, 203, 27011, 14586, 540, , 27011, 25000, 28413, 28882, 0, 
335, 1, 274, 330, -1, 201, 319, 14.2, 25, MSppaaap, 254, 26956, 18977, 704, , 26956, 25000, 28334, 28147, 0, 
336, 1, 191, 410, -1, 500, 227, 7.5, 23, Cppappp, 211, 28623, 18090, 632, , 28623, 25000, 31427, 31224, 0, 
337, 1, 340, 126, -1, 330, 376, 13.2, 23, Dpaap, 179, 27554, 14879, 540, , 27554, 25000, 28971, 29026, 0, 
338, 0, 198, -1, -1, 240, 249, 24.7, 22, , 172, -123, 15057, 524, , 28735, 25000, 28787, 28858, 0, 
339, 1, 488, 227, -1, 452, 160, 13.3, 23, ABplppppapa, 213, 28660, 16967, 592, , 28660, 25000, 29020, 29034, 0, 
340, 1, 63, 71, -1, 272, 130, 13.7, 25, ABplpaapppp, 201, 28550, 21812, 764, , 28550, 25000, 29042, 29030, 0, 
341, 1, 110, 55, -1, 174, 182, 23.2, 24, ABplaapaapa, 13, 27250, 17876, 656, , 27250, 25000, 28672, 28702, 0, 
342, 1, 363, 248, -1, 284, 231, 5.9, 22, ABprppaaaaa, 423, 40500, 18792, 464, , 40500, 25000, 37299, 37115, 0, 
343, 1, 242, 102, -1, 127, 229, 12.4, 24, ABalaaapplr, 218, 27726, 19408, 700, , 27726, 25000, 27794, 27850, 0, 
344, 1, 379, 290, -1, 368, 244, 10.4, 22, ABprpapppap, 306, 28178, 16118, 572, , 28178, 25000, 29339, 29465, 0, 
345, 1, 324, 435, -1, 292, 261, 12.5, 24, ABarapapppp, 248, 27342, 20999, 768, , 27342, 25000, 28514, 28387, 0, 
346, 1, 316, 12, -1, 323, 180, 14.6, 25, ABplpapapaa, 324, 28004, 23299, 832, , 28004, 25000, 29147, 29448, 0, 
347, 1, 145, 104, -1, 503, 182, 18.5, 22, ABplpppppap, 206, 26574, 13606, 512, , 26574, 25000, 29131, 29106, 0, 
348, 0, 301, -1, -1, 388, 311, 15.5, 23, , 179, -531, 18679, 632, , 29555, 25000, 30085, 30086, 0, 
349, 1, 400, 98, -1, 435, 170, 14.4, 25, ABplpppaaaa, 208, 27948, 23253, 832, , 27948, 25000, 28123, 28069, 0, 
350, 1, 444, 424, -1, 438, 240, 10.4, 22, ABprppapppa, 375, 27236, 15579, 572, , 27236, 25000, 29537, 29787, 0, 
351, 1, 213, 152, -1, 143, 211, 12.5, 22, ABalaaaarra, 154, 28449, 14566, 512, , 28449, 25000, 28057, 27925, 0, 
352, 1, 31, 422, -1, 343, 331, 12.9, 24, MSpapappa, 213, 29098, 17575, 604, , 29098, 25000, 29281, 29333, 0, 
353, 1, 253, 474, -1, 184, 278, 22.0, 22, ABalapapapp, 157, 26438, 10152, 384, , 26438, 25000, 28444, 28379, 0, 
354, 1, 380, 10, -1, 257, 207, 22.1, 22, ABalppppaad, 179, 28213, 13091, 464, , 28213, 25000, 28078, 28040, 0, 
355, 1, 172, 40, -1, 276, 224, 21.1, 24, ABalpapppaa, 227, 28781, 17384, 604, , 28781, 25000, 28220, 28559, 0, 
356, 1, 507, 450, -1, 224, 207, 15.4, 22, ABalpaappap, 119, 27446, 15699, 572, , 27446, 25000, 28020, 27819, 0, 
357, 1, 271, 506, -1, 503, 141, 20.0, 22, ABplapppaaa, 200, 29273, 11241, 384, , 29273, 25000, 27787, 27782, 0, 
358, 1, 431, 413, -1, 229, 316, 25.0, 25, MSappppa, 247, 27445, 20968, 764, , 27445, 25000, 29476, 29721, 0, 
359, 1, 4, 363, -1, 134, 273, 9.1, 23, ABpraaaaapd, 200, 27935, 13856, 496, , 27935, 25000, 28996, 28962, 0, 
360, 1, 417, 390, -1, 517, 338, 17.3, 31, Earpp, 310, 29154, 39882, 1368, , 29154, 25000, 30150, 30155, 0, 
361, 1, 358, 285, -1, 184, 319, 9.6, 22, ABpraapaapp, 144, 28643, 16384, 572, , 28643, 25000, 28289, 28291, 0, 
362, 1, 298, 449, -1, 366, 224, 23.5, 24, ABplapaaapp, 243, 27665, 21247, 768, , 27665, 25000, 28505, 28572, 0, 
363, 1, 243, 211, -1, 297, 382, 8.7, 23, ABarpppaap, 170, 26694, 15803, 592, , 26694, 25000, 28234, 28235, 0, 
364, 1, 14, 57, -1, 365, 218, 10.7, 23, ABprppaappa, 125, 30378, 17984, 592, , 30378, 25000, 28992, 28923, 0, 
365, 1, 311, 383, -1, 249, 349, 11.4, 23, ABpraapappa, -18, 26920, 17229, 640, , 26920, 25000, 29279, 29341, 0, 
366, 1, 408, 374, -1, 321, 137, 20.6, 29, ABplppaaaap, 251, 27313, 31574, 1156, , 27313, 25000, 28066, 28189, 0, 
367, 1, 113, 237, -1, 257, 314, 12.1, 24, ABarapaappa, 356, 27459, 16585, 604, , 27459, 25000, 27799, 27714, 0, 
368, 1, 260, 89, -1, 225, 159, 19.2, 24, ABplpaaaaaa, 208, 28564, 18738, 656, , 28564, 25000, 27814, 27662, 0, 
369, 1, 334, 496, -1, 298, 172, 12.9, 22, ABplpapaaaa, 161, 28192, 13081, 464, , 28192, 25000, 29346, 29399, 0, 
370, 1, 467, 77, -1, 502, 150, 13.5, 23, Cappppv, 211, 27755, 17541, 632, , 27755, 25000, 28729, 28717, 0, 
371, 1, 454, 541, -1, 297, 329, 16.4, 23, MSpaapaaa, 201, 27872, 17838, 640, , 27872, 25000, 28039, 28085, 0, 
372, 1, 79, 256, -1, 536, 201, 17.2, 32, Eplpp, 314, 27949, 44942, 1608, , 27949, 25000, 29888, 29882, 0, 
373, 1, 364, 167, -1, 440, 334, 9.4, 26, Cppaaap, -17, 27858, 23178, 832, , 27858, 25000, 28943, 28945, 0, 
374, 1, 313, 251, -1, 321, 157, 23.0, 23, ABplpaappap, 192, 27877, 14273, 512, , 27877, 25000, 27759, 27645, 0, 
375, 1, 37, 195, -1, 373, 384, 13.4, 28, Dppap, 243, 28437, 28096, 988, , 28437, 25000, 28794, 28976, 0, 
376, 1, 325, 73, -1, 382, 331, 20.2, 27, Ealaad, -35, 27491, 23862, 868, , 27491, 25000, 28832, 28880, 0, 
377, 1, 88, 371, -1, 350, 354, 8.4, 26, ABprapaaapp, 243, 28901, 24046, 832, , 28901, 25000, 29823, 29866, 0, 
378, 1, 421, 133, -1, 329, 174, 17.6, 23, Daapa, 226, 27994, 17916, 640, , 27994, 25000, 29400, 29445, 0, 
379, 0, 171, -1, -1, 332, 171, 5.9, 24, , 202, 460, 23960, 604, , 39669, 25000, 38301, 39209, 0, 
380, 1, 387, 202, -1, 171, 346, 22.0, 25, ABarpapapp, 237, 28428, 21719, 764, , 28428, 25000, 29553, 29495, 0, 
381, 1, 250, 392, -1, 483, 356, 24.6, 28, Dapppp, 280, 28507, 28165, 988, , 28507, 25000, 29213, 29213, 0, 
382, 1, 90, 223, -1, 363, 383, 10.7, 26, ABarpppapp, 267, 27116, 23211, 856, , 27116, 25000, 28515, 28544, 0, 
383, 1, 278, 229, -1, 468, 236, 18.5, 30, Z3, 295, 27210, 33523, 1232, , 27210, 25000, 28038, 28178, 0, 
384, 1, 147, 101, -1, 362, 241, 18.2, 25, MSaapapa, 172, 43068, 30320, 704, , 43068, 25000, 32447, 32675, 0, 
385, 1, 341, 259, -1, 246, 193, 6.3, 22, ABprpaapppp, 223, 34802, 18236, 524, , 34802, 25000, 37041, 36753, 0, 
386, 1, 463, 356, -1, 566, 153, 11.9, 22, Caappv, 221, 26498, 12295, 464, , 26498, 25000, 27422, 27528, 0, 
387, 1, 304, 351, -1, 535, 242, 23.5, 28, Capapap, 274, 29197, 31533, 1080, , 29197, 25000, 28534, 28532, 0, 
388, 1, 479, 239, -1, 224, 188, 11.3, 22, ABarappaapa, 183, 29151, 15275, 524, , 29151, 25000, 29207, 29204, 0, 
389, 1, 133, 205, -1, 445, 366, 7.2, 26, ABprappapa, 269, 29660, 23609, 796, , 29660, 25000, 31924, 31924, 0, 
390, 0, 394, -1, -1, 270, 279, 20.0, 24, , 208, -1559, 16843, 608, , 27702, 25000, 29188, 29261, 0, 
391, 1, 183, 169, -1, 256, 160, 21.5, 25, ABalpppppaa, 180, 26526, 20372, 768, , 26526, 25000, 29024, 29195, 0, 
392, 1, 277, 420, -1, 406, 230, 15.7, 23, ABplppapapa, 224, 28970, 17150, 592, , 28970, 25000, 28532, 28740, 0, 
393, 1, 357, 472, -1, 252, 187, 17.1, 23, MSapaaaa, 146, 28411, 14092, 496, , 28411, 25000, 28286, 28254, 0, 
394, 1, 374, 456, -1, 337, 314, 5.3, 27, ABpraapppp, 264, 38723, 35780, 924, , 38723, 25000, 37699, 37928, 0, 
395, 1, 255, 36, -1, 394, 408, 12.5, 27, Caaaaa, 272, 27376, 24529, 896, , 27376, 25000, 27870, 27882, 0, 
396, 1, 513, 249, -1, 233, 167, 12.5, 22, ABalppaappa, 219, 28463, 14573, 512, , 28463, 25000, 29364, 29555, 0, 
397, 1, 263, 109, -1, 320, 193, 11.0, 23, ABprpappapa, -36, 27465, 14062, 512, , 27465, 25000, 28682, 28714, 0, 
398, 1, 20, 300, -1, 192, 308, 23.6, 27, MSapappp, 252, 27798, 27464, 988, , 27798, 25000, 29090, 29091, 0, 
399, 1, 356, 176, -1, 345, 266, 11.1, 23, MSpapaaap, -8, 28476, 14124, 496, , 28476, 25000, 31892, 31030, 0, 
400, 1, 359, 30, -1, 233, 336, 18.5, 23, MSpaaaapa, 298, 28752, 18171, 632, , 28752, 25000, 28922, 28874, 0, 
401, 1, 55, 224, -1, 286, 324, 12.7, 22, ABaraaapapp, 119, 28540, 14955, 524, , 28540, 25000, 28098, 28342, 0, 
402, 1, 291, 16, -1, 488, 204, 18.1, 24, ABplpppppaa, 233, 27892, 16847, 604, , 27892, 25000, 28731, 28958, 0, 
403, 1, 217, 291, -1, 494, 185, 12.4, 22, ABplpappppp, 223, 28072, 16057, 572, , 28072, 25000, 27708, 27732, 0, 
404, 1, 81, 149, -1, 270, 287, 10.5, 23, ABarapappaa, 32, 28220, 17835, 632, , 28220, 25000, 27869, 27854, 0, 
405, 1, 451, 439, -1, 116, 213, 18.5, 27, ABplaapaaaa, 232, 28555, 25585, 896, , 28555, 25000, 27297, 27322, 0, 
406, 1, 281, 119, -1, 131, 295, 12.1, 23, ABarpappaa, 208, 28226, 14000, 496, , 28226, 25000, 27985, 27998, 0, 
407, 1, 287, 465, -1, 446, 215, 12.9, 23, ABprpapappp, 171, 30452, 15104, 496, , 30452, 25000, 28542, 28913, 0, 
408, 1, 101, 316, -1, 421, 234, 13.9, 22, ABplppapppa, -129, 28797, 13362, 464, , 28797, 25000, 27615, 27500, 0, 
409, 1, 237, 432, -1, 215, 215, 4.6, 23, ABprpaapapp, 217, 46239, 29593, 640, , 46239, 25000, 42587, 43306, 0, 
410, 1, 371, 414, -1, 517, 171, 10.3, 24, Cpppppv, 200, 27077, 19062, 704, , 27077, 25000, 28508, 28609, 0, 
411, 1, 265, 467, -1, 454, 298, 9.2, 22, MSpappppp, 215, 26633, 13210, 496, , 26633, 25000, 28614, 28635, 0, 
412, 1, 86, 18, -1, 557, 225, 6.7, 23, ABprapppaap, 236, 32535, 19261, 592, , 32535, 25000, 34603, 34926, 0, 
413, 1, 460, 592, -1, 354, 166, 18.0, 22, Daapp, 140, 29047, 11154, 384, , 29047, 25000, 29099, 29177, 0, 
414, 1, 276, 494, -1, 176, 201, 9.0, 22, ABarapppaap, 175, 29250, 11232, 384, , 29250, 25000, 29535, 29892, 0, 
415, 0, 382, -1, -1, 174, 304, 22.2, 22, , 165, 395, 14068, 496, , 28363, 25000, 27925, 27968, 0, 
416, 1, 118, 427, -1, 157, 221, 16.8, 25, ABalaaaarlp, 198, 27288, 19211, 704, , 27288, 25000, 28284, 28903, 0, 
417, 0, 465, -1, -1, 591, 175, 12.8, 22, , 205, 1181, 14878, 496, , 29996, 25000, 28755, 28815, 0, 
418, 1, 134, 49, -1, 502, 214, 14.4, 25, ABprpappppp, 209, 28442, 23664, 832, , 28442, 25000, 28480, 28524, 0, 
419, 1, 385, 404, -1, 394, 230, 13.8, 22, ABplppappap, 199, 28494, 14133, 496, , 28494, 25000, 29140, 29029, 0, 
420, 1, 189, 112, -1, 486, 233, 10.6, 23, ABprppppaaa, 206, 29045, 18589, 640, , 29045, 25000, 29459, 29467, 0, 
421, 1, 339, 92, -1, 334, 325, 18.0, 25, MSaaaappp, 226, 29579, 22598, 764, , 29579, 25000, 28550, 28521, 0, 
422, 1, 94, 503, -1, 402, 323, 8.4, 25, Cppaaaa, 227, 29393, 24455, 832, , 29393, 25000, 29281, 29283, 0, 
423, 1, 56, 51, -1, 544, 320, 7.5, 28, ABprapapaa, 271, 30095, 32503, 1080, , 30095, 25000, 31916, 31908, 0, 
424, 1, 146, 337, -1, 545, 235, 7.6, 19, ABprapppaaa, 368, 30253, 11012, 364, , 30253, 25000, 30121, 30150, 0, 
425, 1, 124, 238, -1, 369, 361, 19.8, 22, MSaaappp, 188, 27978, 13877, 496, , 27978, 25000, 28266, 28326, 0, 
426, 1, 272, 388, -1, 258, 394, 15.0, 26, ABarpaappp, 257, 27430, 23370, 852, , 27430, 25000, 27390, 27318, 0, 
427, 1, 492, 148, -1, 217, 142, 10.2, 26, ABplaappaa, 18, 27472, 21868, 796, , 27472, 25000, 27986, 27890, 0, 
428, 1, 392, 218, -1, 344, 307, 10.3, 23, MSpapaapa, 42, 31360, 18565, 592, , 31360, 25000, 29499, 29487, 0, 
429, 1, 230, 261, -1, 313, 367, 19.6, 23, MSpaaappp, 222, 28795, 18429, 640, , 28795, 25000, 28365, 28376, 0, 
430, 0, 322, -1, -1, 157, 244, 7.4, 23, , 170, -3506, 19298, 640, , 30153, 25000, 32998, 33659, 0, 
431, 1, 432, 399, -1, 267, 217, 19.3, 27, ABalpappaap, 258, 26839, 24799, 924, , 26839, 25000, 28229, 27997, 0, 
432, 1, 176, 8, -1, 457, 328, 18.6, 29, Ealap, 276, 27327, 31590, 1156, , 27327, 25000, 29000, 29144, 0, 
433, 1, 103, 125, -1, 347, 358, 18.7, 24, MSpaaapap, 198, 28614, 20144, 704, , 28614, 25000, 28202, 28373, 0, 
434, 1, 25, 60, -1, 376, 313, 5.6, 26, ABprapaapp, 242, 36291, 30194, 832, , 36291, 25000, 36018, 36005, 0, 
435, 1, 418, 240, -1, 233, 289, 8.6, 22, ABpraaappaa, -74, 28914, 16539, 572, , 28914, 25000, 29671, 29610, 0, 
436, 1, 7, 118, -1, 262, 129, 17.1, 23, ABplpaaapap, 210, 29113, 14440, 496, , 29113, 25000, 28351, 28472, 0, 
437, 1, 61, 264, -1, 250, 285, 6.6, 24, ABprpaaaaap, -284, 35316, 24721, 700, , 35316, 25000, 34671, 35013, 0, 
438, 1, 343, 132, -1, 174, 342, 18.9, 25, MSppappp, 114, 27544, 18950, 688, , 27544, 25000, 29051, 29112, 0, 
439, 1, 490, 391, -1, 278, 166, 13.9, 20, ABplpapaapa, 39, 27680, 8747, 316, , 27680, 25000, 28698, 28867, 0, 
440, 1, 196, 164, -1, 536, 230, 13.8, 29, Eprpp, 286, 29290, 32571, 1112, , 29290, 25000, 29656, 29730, 0, 
441, 1, 508, 284, -1, 225, 212, 9.4, 22, ABarapppppp, -88, 29136, 16666, 572, , 29136, 25000, 28330, 28045, 0, 
442, 1, 193, 62, -1, 342, 144, 14.4, 23, ABalpapappp, 200, 28519, 18252, 640, , 28519, 25000, 27982, 27931, 0, 
443, 0, 303, -1, -1, 370, 149, 18.4, 23, , 234, 2151, 19621, 640, , 30658, 25000, 28511, 28507, 0, 
444, 1, 362, 340, -1, 468, 214, 10.4, 22, ABplpapppap, 220, 27364, 15652, 572, , 27364, 25000, 28662, 28626, 0, 
445, 1, 84, 204, -1, 225, 131, 18.8, 23, ABalpppapad, 200, 28941, 15628, 540, , 28941, 25000, 28451, 28360, 0, 
446, 1, 415, 359, -1, 475, 273, 8.4, 23, MSpappap, 215, 28588, 18296, 640, , 28588, 25000, 29665, 29653, 0, 
447, 1, 445, 378, -1, 175, 190, 25.5, 29, ABplaaapap, 258, 28076, 30322, 1080, , 28076, 25000, 28530, 28667, 0, 
448, 0, 327, -1, -1, 275, 249, 19.9, 22, , 124, 481, 13402, 464, , 28884, 25000, 28424, 28403, 0, 
449, 1, 42, 236, -1, 124, 200, 21.0, 23, ABplaapaaap, 230, 28498, 14591, 512, , 28498, 25000, 27787, 27686, 0, 
450, 1, 67, 196, -1, 175, 147, 20.0, 24, ABalpppaapv, 222, 28470, 17310, 608, , 28470, 25000, 27750, 27895, 0, 
451, 1, 518, 459, -1, 321, 217, 8.7, 22, ABprpapapap, 197, 29664, 15544, 524, , 29664, 25000, 28977, 28790, 0, 
452, 1, 470, 213, -1, 128, 296, 15.5, 22, ABarpaaapap, 169, 29426, 15066, 512, , 29426, 25000, 28522, 28520, 0, 
453, 1, 54, 461, -1, 503, 265, 5.3, 25, ABprapapap, 248, 38671, 29545, 764, , 38671, 25000, 37546, 37477, 0, 
454, 1, 413, 150, -1, 518, 237, 10.0, 22, ABprpppppap, 204, 28268, 10855, 384, , 28268, 25000, 28457, 28635, 0, 
455, 1, 224, 497, -1, 170, 171, 17.6, 24, ABalaaaalpa, 167, 27606, 19324, 700, , 27606, 25000, 28014, 28087, 0, 
456, 0, 181, -1, -1, 253, 181, 22.3, 22, , 159, -440, 14908, 524, , 28450, 25000, 28760, 28890, 0, 
457, 1, 8, 267, -1, 277, 346, 9.6, 23, ABpraapapap, 194, 27255, 17443, 640, , 27255, 25000, 30226, 30339, 0, 
458, 1, 440, 145, -1, 449, 322, 24.5, 28, Cappaaa, 278, 30108, 32517, 1080, , 30108, 25000, 28716, 28662, 0, 
459, 1, 156, 454, -1, 460, 248, 14.5, 26, MSapaapp, 265, 27237, 24404, 896, , 27237, 25000, 28561, 28591, 0, 
460, 1, 212, 25, -1, 129, 318, 20.1, 23, ABarpaapaa, 126, 27544, 13662, 496, , 27544, 25000, 27623, 27632, 0, 
461, 1, 504, 577, -1, 158, 254, 13.1, 22, ABalaaapprl, 200, 26226, 12169, 464, , 26226, 25000, 27837, 27902, 0, 
462, 1, 220, 28, -1, 519, 198, 12.7, 23, ABprpappppa, 208, 28361, 16790, 592, , 28361, 25000, 28646, 28459, 0, 
463, 1, 459, 527, -1, 291, 144, 24.1, 23, ABalpppppppp, 223, 27722, 13750, 496, , 27722, 25000, 28715, 28396, 0, 
464, 1, 434, 187, -1, 326, 117, 14.8, 22, ABplaapppa, 186, 27071, 13427, 496, , 27071, 25000, 26595, 26295, 0, 
465, 1, 71, 451, -1, 549, 158, 10.8, 22, ABprppppppp, 201, 26790, 13288, 496, , 26790, 25000, 28056, 28241, 0, 
466, 1, 267, 7, -1, 153, 186, 14.7, 23, ABalpaapppp, 21, 28003, 16578, 592, , 28003, 25000, 28198, 27945, 0, 
467, 1, 427, 201, -1, 536, 187, 9.9, 22, ABprapppapp, 199, 27198, 12620, 464, , 27198, 25000, 27985, 28065, 0, 
468, 1, 30, 443, -1, 204, 199, 12.8, 22, ABalpapaapa, 258, 28248, 14011, 496, , 28248, 25000, 28779, 28821, 0, 
469, 1, 184, 598, -1, 200, 234, 14.9, 23, ABaraaappaa, 33, 27339, 13560, 496, , 27339, 25000, 28685, 28296, 0, 
470, 1, 335, 553, -1, 296, 252, 8.2, 24, MSpppapp, 308, 26204, 17190, 656, , 26204, 25000, 29079, 29076, 0, 
471, 1, 505, 221, -1, 203, 210, 15.9, 21, ABalpaappaa, 362, 28440, 9897, 348, , 28440, 25000, 28658, 28636, 0, 
472, 1, 510, 296, -1, 514, 142, 15.4, 23, ABplapppapp, 188, 28408, 18181, 640, , 28408, 25000, 28471, 28370, 0, 
473, 1, 34, 483, -1, 215, 287, 19.9, 25, ABaraapaaap, 334, 28196, 19399, 688, , 28196, 25000, 27779, 27637, 0, 
474, 1, 296, 370, -1, 167, 209, 12.0, 22, ABaraaapppa, -16, 29193, 11210, 384, , 29193, 25000, 28876, 29065, 0, 
475, 1, 489, 182, -1, 279, 142, 21.0, 22, ABplpaaaaap, 126, 28344, 10884, 384, , 28344, 25000, 28061, 28454, 0, 
476, 0, 386, -1, -1, 126, 291, 21.9, 21, , 392, 1853, 10315, 348, , 29641, 25000, 27928, 27788, 0, 
477, 1, 137, 124, -1, 212, 319, 19.9, 22, MSaaaaapaa, 124, 30459, 14133, 464, , 30459, 25000, 28530, 28524, 0, 
478, 1, 305, 17, -1, 330, 233, 18.0, 26, ABaraapappp, 87, 28924, 24643, 852, , 28924, 25000, 29164, 28975, 0, 
479, 1, 493, 282, -1, 277, 200, 11.3, 22, ABprpapppaa, 142, 28479, 14923, 524, , 28479, 25000, 27483, 27371, 0, 
480, 1, 509, 493, -1, 565, 158, 21.5, 27, Cpapaa, 264, 26765, 23981, 896, , 26765, 25000, 28079, 28091, 0, 
481, 1, 288, 64, -1, 478, 339, 15.5, 27, Epraa, 340, 27953, 25046, 896, , 27953, 25000, 29829, 29829, 0, 
482, 1, 494, 86, -1, 254, 310, 4.9, 22, ABpraaappppp, 566, 37050, 17191, 464, , 37050, 25000, 40123, 40292, 0, 
483, 1, 497, 160, -1, 142, 264, 17.9, 23, ABalapppaap, 187, 26456, 13122, 496, , 26456, 25000, 27562, 27826, 0, 
484, 0, 483, -1, -1, 176, 212, 19.3, 26, , 18, -1351, 24021, 856, , 28062, 25000, 28861, 29413, 0, 
485, 1, 162, 280, -1, 353, 226, 26.3, 27, ABarppapaa, 227, 27829, 25714, 924, , 27829, 25000, 28315, 28308, 0, 
486, 1, 323, 349, -1, 242, 307, 19.4, 22, MSaaaaapap, 88, 28528, 16318, 572, , 28528, 25000, 28376, 28414, 0, 
487, 0, 426, -1, -1, 275, 291, 15.7, 25, , -61, 2031, 23025, 764, , 30137, 25000, 28377, 28106, 0, 
488, 1, 123, 9, -1, 281, 357, 18.9, 26, MSpaaappa, -40, 28043, 22434, 800, , 28043, 25000, 28850, 29052, 0, 
489, 0, 503, -1, -1, 463, 276, 11.9, 22, , 33, -1193, 12550, 464, , 27047, 25000, 28616, 28240, 0, 
490, 0, 256, -1, -1, 222, 166, 9.9, 23, , 234, -1007, 14206, 496, , 28641, 25000, 29939, 29648, 0, 
491, 1, 266, 614, -1, 273, 169, 24.1, 22, ABalppppppaa, 189, 28517, 13232, 464, , 28517, 25000, 28405, 28435, 0, 
492, 1, 205, 408, -1, 238, 276, 14.7, 22, ABaraaaaapp, 119, 28071, 14709, 524, , 28071, 25000, 27479, 27137, 0, 
493, 1, 149, 434, -1, 345, 195, 23.5, 25, ABplapaaapa, 224, 28704, 22045, 768, , 28704, 25000, 28269, 28294, 0, 
494, 0, -1, -1, -1, 189, 311, 10.9, 20, , 763, 1362, 9423, 316, , 29820, 25000, 28379, 28458, 0, 
495, 1, 466, 498, -1, 382, 257, 14.7, 20, MSaappaa, 172, 28505, 10490, 368, , 28505, 25000, 28668, 28617, 0, 
496, 1, 511, 412, -1, 245, 135, 14.9, 18, ABalppaappp, 269, 28887, 7395, 256, , 28887, 25000, 28043, 27721, 0, 
497, 1, 450, 453, -1, 479, 236, 25.3, 23, ABarppappa, -7, 28894, 17105, 592, , 28894, 25000, 28187, 28194, 0, 
498, 1, 112, 477, -1, 321, 295, 12.4, 22, ABaraappppp, 290, 27376, 15659, 572, , 27376, 25000, 29210, 29624, 0, 
499, 0, 391, -1, -1, 279, 245, 7.7, 19, , 12, 971, 10261, 336, , 30539, 25000, 29297, 29568, 0, 
500, 1, 342, 63, -1, 149, 204, 19.7, 20, ABalapaaapa, 166, 27649, 10175, 368, , 27649, 25000, 29201, 29274, 0, 
501, 1, 502, 41, -1, 366, 276, 19.4, 22, MSaapaapp, 218, 29105, 16648, 572, , 29105, 25000, 30028, 30067, 0, 
502, 1, 412, 217, -1, 361, 327, 27.1, 32, Cpaaaa, 323, 29296, 46170, 1576, , 29296, 25000, 28999, 29026, 0, 
503, 0, 482, -1, -1, 220, 302, 9.9, 22, , 94, -836, 13071, 464, , 28170, 25000, 28802, 29006, 0, 
504, 1, 520, 173, -1, 251, 347, 23.1, 27, MSappaaa, 119, 39271, 35658, 908, , 39271, 25000, 31555, 31732, 0, 
505, 0, 521, -1, -1, 535, 268, 15.6, 22, , 165, -672, 16419, 572, , 28705, 25000, 29221, 29377, 0, 
506, 1, 522, 117, -1, 535, 260, 27.3, 26, Cpaapp, 211, 30120, 25783, 856, , 30120, 25000, 28708, 28708, 0, 
507, 0, 433, -1, -1, 400, 357, 24.3, 30, , 287, -692, 36645, 1308, , 28016, 25000, 28671, 28708, 0, 
508, 0, 188, -1, -1, 342, 226, 7.2, 25, , 205, 0, 0, 0, , 0, 0, 0, 0, 0, 
509, 1, 523, 320, -1, 286, 349, 24.5, 23, MSappppp, -70, 27078, 17113, 632, , 27078, 25000, 29009, 29017, 0, 
510, 1, 378, 521, -1, 521, 142, 9.8, 22, ABprppppppa, 486, 27375, 13578, 496, , 27375, 25000, 29622, 29781, 0, 
511, 0, 519, -1, -1, 260, 237, 10.5, 22, , 220, 598, 15027, 512, , 29350, 25000, 28644, 28752, 0, 
512, 1, 32, 440, -1, 112, 235, 17.9, 27, ABarpaaaaar, 69, 27463, 24936, 908, , 27463, 25000, 28643, 28847, 0, 
513, 1, 62, 618, -1, 165, 257, 18.0, 22, ABalapppaaa, 125, 27940, 10729, 384, , 27940, 25000, 28130, 28533, 0, 
514, 0, -1, -1, -1, 288, 145, 17.4, 22, , 222, 665, 16625, 572, , 29065, 25000, 28255, 28400, 0, 
515, 1, 486, 492, -1, 201, 242, 9.2, 22, ABarappppap, 316, 27794, 13786, 496, , 27794, 25000, 28924, 29119, 0, 
516, 1, 211, 510, -1, 298, 263, 19.0, 19, ABalpaaappp, 407, 30000, 9480, 316, , 30000, 25000, 27842, 27842, 0, 
517, 1, 457, 511, -1, 342, 259, 6.8, 25, Dpapp, 152, 33663, 23699, 704, , 33663, 25000, 34776, 35542, 0, 
518, 1, 462, 512, -1, 250, 364, 14.6, 22, MSppppap, 265, 27297, 15614, 572, , 27297, 25000, 28009, 28099, 0, 
519, 1, 480, 509, -1, 221, 221, 17.3, 22, ABaraaaaaaa, 219, 28244, 14800, 524, , 28244, 25000, 28007, 28382, 0, 
520, 0, 298, -1, -1, 373, 218, 20.8, 22, , 176, 1104, 0, 0, , 0, 0, 0, 0, 0, 
521, 0, 92, -1, -1, 458, 320, 16.9, 24, , 140, -1088, 17045, 604, , 28220, 25000, 28967, 29308, 0, 
522, 1, 515, 518, -1, 219, 184, 8.1, 21, ABarapppapp, 314, 29460, 10252, 348, , 29460, 25000, 29396, 29059, 0, 
523, 1, 361, 519, -1, 152, 233, 9.0, 22, ABalaaapprr, -90, 28930, 11109, 384, , 28930, 25000, 29159, 29402, 0, 
524, 0, 214, -1, -1, 475, 149, 8.1, 19, , -4, -1361, 6958, 256, , 27180, 25000, 28196, 28541, 0, 
525, 1, 456, 522, -1, 178, 214, 15.8, 20, ABalpaapppa, 204, 26783, 10606, 396, , 26783, 25000, 27989, 28574, 0, 
526, 1, 403, 525, -1, 326, 343, 15.933333, 22, MSpaapapa, 164, 27193, 11856, 436, , 27193, 25000, 27966, 27974, 0, 
527, 0, 524, -1, -1, 306, 187, 13.266666, 21, , 126, 1121, 14327, 472, , 30354, 25000, 28633, 29233, 0, 
528, 1, 525, 526, -1, 297, 174, 16.0, 22, MSappapp, 153, 28307, 10870, 384, , 28307, 25000, 28918, 28923, 0, 
529, 1, 526, 528, -1, 373, 195, 18.0, 23, MSaapppaa, 140, 27113, 13882, 512, , 27113, 25000, 28154, 28084, 0, 
530, 1, 527, 529, -1, 207, 259, 17.0, 22, ABaraaaapap, 71, 29052, 11156, 384, , 29052, 25000, 27828, 28073, 0, 
531, 1, 528, 530, -1, 287, 278, 22.0, 22, MSaaapaap, 136, 27495, 10558, 384, , 27495, 25000, 29302, 29553, 0, 
532, 1, 529, 531, -1, 333, 315, 22.0, 22, MSaaapapa, 171, 27448, 10540, 384, , 27448, 25000, 28952, 28995, 0, 
533, 1, 530, 532, -1, 359, 335, 22.0, 23, MSaaapapp, 512, 26568, 13603, 512, , 26568, 25000, 28445, 28557, 0, 
534, 1, 531, 533, -1, 349, 283, 22.0, 24, MSaapappa, 160, 29590, 17991, 608, , 29590, 25000, 29076, 28977, 0, 
535, 1, 532, 534, -1, 352, 244, 21.0, 24, MSaapaapa, 158, 28067, 17065, 608, , 28067, 25000, 31641, 31781, 0, 
536, 1, 533, 535, -1, 428, 234, 19.0, 26, MSaapppp, 216, 27994, 23851, 852, , 27994, 25000, 27966, 27971, 0, 
537, 1, 534, 536, -1, 392, 226, 18.0, 24, MSaapppap, 54, 26646, 16201, 608, , 26646, 25000, 28185, 28271, 0, 
538, 0, 535, -1, -1, 204, 170, 22.0, 22, , -117, 1033, 11260, 384, , 29323, 25000, 28045, 28290, 0, 
539, 1, 536, 538, -1, 486, 230, 20.0, 24, MSappaap, 207, 27942, 16989, 608, , 27942, 25000, 27995, 28086, 0, 
540, 1, 429, 539, -1, 339, 234, 24.0, 24, MSapapaa, -457, 27633, 16801, 608, , 27633, 25000, 28391, 28376, 0, 
541, 1, 537, 540, -1, 352, 353, 16.0, 23, MSpaapapp, 224, 27457, 14058, 512, , 27457, 25000, 28187, 28240, 0, 
542, 1, 539, 542, -1, 285, 291, 9.0, 22, MSppppaa, 578, 27685, 10631, 384, , 27685, 25000, 28962, 29082, 0, 
543, 1, 540, 543, -1, 175, 324, 16.0, 24, ABarpapaapp, 214, 27188, 16530, 608, , 27188, 25000, 28129, 28521, 0, 
544, 1, 541, 544, -1, 159, 318, 19.0, 22, ABalapppapp, -98, 28294, 10865, 384, , 28294, 25000, 27945, 27922, 0, 
545, 1, 542, 545, -1, 243, 253, 11.0, 23, MSppaaaa, 328, 28313, 14496, 512, , 28313, 25000, 28598, 28598, 0, 
546, 1, 543, 546, -1, 229, 159, 21.0, 22, ABalapaapaa, 199, 27591, 10595, 384, , 27591, 25000, 29119, 29193, 0, 
547, 1, 544, 547, -1, 266, 299, 25.0, 22, MSapppap, -72, 31401, 12058, 384, , 31401, 25000, 28936, 28879, 0, 
548, 1, 545, 548, -1, 482, 305, 27.0, 28, Cpaapa, 264, 28609, 32271, 1128, , 28609, 25000, 28703, 28782, 0, 
549, 1, 547, 549, -1, 368, 323, 9.0, 24, Dppaa, -245, 29089, 17686, 608, , 29089, 25000, 30989, 31015, 0, 
550, 1, 548, 550, -1, 320, 312, 8.0, 24, Dpaaa, 213, 30151, 18332, 608, , 30151, 25000, 29902, 29874, 0, 
551, 1, 549, 487, -1, 339, 182, 21.0, 22, Daaaa, 182, 27255, 10466, 384, , 27255, 25000, 29345, 29348, 0, 
552, 1, 550, 551, -1, 322, 313, 25.0, 25, Daaap, 210, 27364, 20906, 764, , 27364, 25000, 28937, 28981, 0, 
553, 1, 551, 516, -1, 376, 220, 21.0, 24, Dapaa, 224, 28359, 17242, 608, , 28359, 25000, 29226, 29200, 0, 
554, 1, 552, 552, -1, 426, 340, 23.0, 29, Dapppa, 237, 28883, 35468, 1228, , 28883, 25000, 29132, 29262, 0, 
555, 1, 553, 478, -1, 316, 263, 8.0, 24, Dpapa, 142, 29804, 18121, 608, , 29804, 25000, 30038, 30434, 0, 
556, 1, 554, 554, -1, 493, 162, 10.0, 22, Caapaa, -59, 27099, 10406, 384, , 27099, 25000, 28949, 29097, 0, 
557, 1, 555, 555, -1, 280, 340, 7.0, 20, ABpraaapppap, 151, 27741, 8766, 316, , 27741, 25000, 33934, 34251, 0, 
558, 1, 556, 556, -1, 318, 202, 5.0, 27, ABpraapppa, 260, 37255, 38447, 1032, , 37255, 25000, 37583, 38142, 0, 
559, 1, 557, 557, -1, 221, 209, 7.0, 22, ABalaapappp, 28, 29854, 11464, 384, , 29854, 25000, 31997, 32579, 0, 
560, 1, 558, 558, -1, 279, 199, 8.0, 23, ABprpapaapa, 213, 27033, 13841, 512, , 27033, 25000, 29296, 30090, 0, 
561, 1, 559, 146, -1, 347, 227, 9.400001, 22, ABprpapappa, 385, 28420, 16256, 572, , 28420, 25000, 29392, 29250, 0, 
562, 1, 560, 559, -1, 256, 178, 11.0, 22, ABprpappaaa, 316, 29427, 11300, 384, , 29427, 25000, 28960, 28733, 0, 
563, 1, 561, 560, -1, 404, 228, 12.0, 22, ABprpappapp, 187, 26810, 10295, 384, , 26810, 25000, 28223, 27867, 0, 
564, 1, 562, 561, -1, 343, 188, 12.0, 25, ABplpappaap, 260, 27944, 21349, 764, , 27944, 25000, 28553, 28641, 0, 
565, 1, 563, 345, -1, 332, 156, 13.0, 22, ABplpapaaap, 175, 31615, 12140, 384, , 31615, 25000, 28076, 28231, 0, 
566, 1, 564, 562, -1, 414, 224, 11.0, 22, ABplpapappp, 124, 29305, 11253, 384, , 29305, 25000, 28267, 28324, 0, 
567, 1, 566, 563, -1, 215, 250, 14.0, 21, ABaraaaaapa, 171, 28693, 11018, 384, , 28693, 25000, 28062, 28516, 0, 
568, 1, 567, 564, -1, 244, 231, 19.0, 20, ABaraaaaaap, 152, 27582, 8716, 316, , 27582, 25000, 28364, 28624, 0, 
569, 0, 568, -1, -1, 177, 203, 10.0, 21, , 243, -1571, 8835, 316, , 27959, 25000, 29523, 29530, 0, 
570, 1, 570, 151, -1, 256, 248, 13.925, 25, ABarapaaapa, 172, 28770, 18873, 656, , 28770, 25000, 28226, 28241, 0, 
571, 1, 571, 565, -1, 292, 295, 12.0, 22, ABarapaappp, 363, 27771, 10664, 384, , 27771, 25000, 28222, 28255, 0, 
572, 0, 572, -1, -1, 202, 285, 9.0, 22, , 127, -2020, 13521, 512, , 26408, 25000, 28265, 28428, 0, 
573, 1, 573, 567, -1, 209, 281, 8.0, 22, ABalaapppaa, 127, 31518, 12103, 384, , 31518, 25000, 29546, 29570, 0, 
574, 1, 574, 568, -1, 192, 185, 10.0, 22, ABalaapappa, 326, 27609, 10602, 384, , 27609, 25000, 29362, 29282, 0, 
575, 1, 575, 569, -1, 165, 225, 8.0, 22, ABalaappapp, 228, 27820, 10683, 384, , 27820, 25000, 29856, 30242, 0, 
576, 1, 576, 570, -1, 177, 304, 20.0, 23, ABalapppapa, 187, 27324, 13990, 512, , 27324, 25000, 27649, 27747, 0, 
577, 1, 577, 571, -1, 161, 314, 14.0, 22, ABalappappp, 428, 27833, 10688, 384, , 27833, 25000, 27901, 28088, 0, 
578, 1, 578, 576, -1, 126, 221, 14.0, 22, ABalaaappll, 101, 27133, 10419, 384, , 27133, 25000, 28085, 28335, 0, 
579, 1, 579, 572, -1, 146, 275, 14.0, 24, ABalappappa, 114, 27508, 16725, 608, , 27508, 25000, 28144, 28533, 0, 
580, 1, 580, 573, -1, 155, 319, 15.0, 23, ABalapppppp, 371, 26568, 13603, 512, , 26568, 25000, 28475, 28923, 0, 
581, 1, 581, 574, -1, 181, 258, 11.0, 23, ABalaappppa, 266, 26785, 13714, 512, , 26785, 25000, 29004, 29242, 0, 
582, 1, 582, 575, -1, 177, 260, 7.0, 20, ABalaappapa, 0, 28886, 9128, 316, , 28886, 25000, 33415, 31934, 0, 
583, 1, 583, 578, -1, 149, 256, 16.0, 22, ABalappppaa, 122, 26901, 10330, 384, , 26901, 25000, 27629, 28507, 0, 
584, 1, 483, 579, -1, 167, 235, 19.0, 24, ABalapappaa, -6, 26785, 16285, 608, , 26785, 25000, 28306, 28564, 0, 
585, 1, 219, 580, -1, 178, 239, 13.0, 24, ABalaapaaar, 168, 28594, 17385, 608, , 28594, 25000, 28505, 28982, 0, 
586, 1, 584, 581, -1, 150, 253, 10.0, 22, ABalaappppp, -9, 29333, 11264, 384, , 29333, 25000, 29066, 29128, 0, 
587, 1, 585, 582, -1, 170, 157, 19.0, 22, ABalaaapall, 176, 26346, 10117, 384, , 26346, 25000, 27496, 27515, 0, 
588, 1, 569, 583, -1, 155, 225, 15.066667, 23, ABalaaaarrp, 0, 26871, 12468, 464, , 26871, 25000, 27816, 28067, 0, 
589, 1, 586, 584, -1, 122, 201, 17.0, 22, ABalaaaparl, 228, 27240, 10460, 384, , 27240, 25000, 28174, 27521, 0, 
590, 1, 587, 585, -1, 148, 230, 11.0, 22, ABalaapaapa, 200, 28536, 10958, 384, , 28536, 25000, 29300, 29401, 0, 
591, 1, 588, 586, -1, 148, 198, 22.0, 22, ABalapaaapp, -33, 28063, 10776, 384, , 28063, 25000, 28538, 28507, 0, 
592, 1, 589, 407, -1, 180, 211, 20.0, 22, ABalaaapalr, 189, 27935, 10727, 384, , 27935, 25000, 28779, 29254, 0, 
593, 1, 590, 222, -1, 165, 240, 21.0, 22, ABalapappap, -73, 29479, 11320, 384, , 29479, 25000, 29034, 28724, 0, 
594, 1, 591, 587, -1, 254, 268, 23.0, 23, ABalpaapapa, 83, 29660, 15186, 512, , 29660, 25000, 28825, 28851, 0, 
595, 1, 592, 588, -1, 253, 216, 16.0, 23, ABalpaaaapa, 226, 30281, 15504, 512, , 30281, 25000, 28313, 28425, 0, 
596, 0, 593, -1, -1, 202, 177, 16.0, 20, , -140, 477, 11074, 384, , 28839, 25000, 28525, 28362, 0, 
597, 1, 594, 590, -1, 194, 185, 20.0, 22, ABalapaappa, 156, 27328, 10494, 384, , 27328, 25000, 28412, 28755, 0, 
598, 1, 595, 591, -1, 190, 150, 18.0, 25, ABalppaaapp, 243, 27645, 21121, 764, , 27645, 25000, 28511, 28405, 0, 
599, 1, 596, 593, -1, 266, 208, 15.0, 24, ABalpappapa, -32, 28612, 17396, 608, , 28612, 25000, 28154, 27971, 0, 
600, 1, 597, 594, -1, 214, 169, 17.0, 22, ABalppappap, -140, 29328, 11262, 384, , 29328, 25000, 28529, 28594, 0, 
601, 1, 598, 596, -1, 199, 178, 16.0, 22, ABalppapaaa, 248, 29112, 11179, 384, , 29112, 25000, 28040, 28264, 0, 
602, 1, 599, 597, -1, 185, 324, 13.0, 20, ABalapppppa, 0, 27937, 8828, 316, , 27937, 25000, 28340, 28497, 0, 
603, 1, 600, 524, -1, 210, 219, 13.0, 22, ABaraaappap, 181, 28094, 10788, 384, , 28094, 25000, 27915, 28194, 0, 
604, 1, 433, 599, -1, 427, 339, 27.0, 31, Cpaaap, 220, 29244, 46206, 1580, , 29244, 25000, 28469, 28496, 0, 
605, 1, 601, 601, -1, 395, 350, 24.0, 27, Dappap, -35, 28861, 29785, 1032, , 28861, 25000, 28991, 29021, 0, 
606, 1, 602, 602, -1, 234, 305, 23.0, 23, MSaaapaaa, 214, 27615, 14139, 512, , 27615, 25000, 28696, 28800, 0, 
607, 1, 603, 603, -1, 283, 308, 8.0, 22, ABprpaappaa, 152, 27622, 10607, 384, , 27622, 25000, 28880, 29165, 0, 
608, 1, 248, 604, -1, 250, 154, 18.0, 22, ABplpaaappa, 174, 27271, 10472, 384, , 27271, 25000, 27833, 27721, 0, 
609, 1, 604, 605, -1, 166, 208, 11.0, 20, ABaraaapppp, 214, 27329, 8636, 316, , 27329, 25000, 29098, 29365, 0, 
610, 1, 605, 606, -1, 212, 282, 18.0, 23, ABaraappaaa, 88, 29207, 14954, 512, , 29207, 25000, 27571, 28108, 0, 
611, 1, 606, 608, -1, 145, 276, 16.0, 22, ABalappppap, -308, 26401, 10138, 384, , 26401, 25000, 27754, 28349, 0, 
612, 1, 607, 609, -1, 172, 178, 20.0, 22, ABalapaappp, -32, 27792, 10672, 384, , 27792, 25000, 28588, 28874, 0, 
613, 1, 608, 610, -1, 156, 278, 21.0, 22, ABalapapapa, -370, 27214, 10450, 384, , 27214, 25000, 28274, 28221, 0, 
614, 1, 609, 611, -1, 174, 290, 11.0, 20, ABalappapaa, 181, 27718, 8759, 316, , 27718, 25000, 28434, 27873, 0, 
615, 1, 610, 612, -1, 167, 292, 12.0, 20, ABpraaapapa, 181, 31158, 9846, 316, , 31158, 25000, 27824, 27795, 0, 
616, 1, 611, 613, -1, 236, 215, 18.0, 22, ABalpaaaaaa, 256, 28534, 10957, 384, , 28534, 25000, 27746, 27963, 0, 
617, 1, 29, 615, -1, 400, 321, 25.0, 27, Dapap, 291, 28562, 29476, 1032, , 28562, 25000, 29012, 29065, 0, 
618, 1, 613, 616, -1, 307, 204, 20.0, 22, MSapppaa, 117, 29383, 11283, 384, , 29383, 25000, 28350, 28322, 0, 
619, 1, 614, 617, -1, 217, 207, 8.0, 23, ABarapppppa, -11, 29275, 14989, 512, , 29275, 25000, 29321, 29109, 0, 
620, 1, 615, 619, -1, 144, 266, 19.0, 23, ABalappaap, 226, 27588, 14125, 512, , 27588, 25000, 27766, 27782, 0, 
