1, 1, 142, 30, -1, 380, 345, 15.5, 31, Earaa, 317, 28073, 34586, 1232, , 28073, 25000, 29476, 29535, 0, 
2, 1, 217, 431, -1, 178, 140, 16.8, 26, ABalppaaapa, 235, 26778, 21315, 796, , 26778, 25000, 27100, 26804, 0, 
3, 1, 31, 224, -1, 148, 318, 10.5, 22, ABarpappap, -123, 26320, 13476, 512, , 26320, 25000, 28072, 28059, 0, 
4, 0, 8, -1, -1, 263, 316, 17.3, 22, , 163, 1485, 15871, 524, , 30288, 25000, 28786, 28803, 0, 
5, 1, 247, 42, -1, 302, 206, 12.7, 23, ABplpappaaa, 198, 27101, 16044, 592, , 27101, 25000, 28612, 28729, 0, 
6, 1, 218, 146, -1, 234, 191, 21.5, 23, ABplpaapaaa, 230, 31430, 19864, 632, , 31430, 25000, 29032, 29248, 0, 
7, 1, 466, 462, -1, 155, 181, 14.9, 22, ABalpaapppp, 202, 26797, 12434, 464, , 26797, 25000, 28208, 28008, 0, 
8, 1, 432, 202, -1, 459, 327, 19.1, 31, Ealap, 120, 27902, 41295, 1480, , 27902, 25000, 28968, 29177, 0, 
9, 1, 488, 55, -1, 282, 358, 18.8, 24, MSpaaappa, 33, 29764, 19525, 656, , 29764, 25000, 28254, 28322, 0, 
10, 1, 354, 510, -1, 257, 202, 22.3, 22, ABalppppaad, 224, 28712, 15045, 524, , 28712, 25000, 28658, 28603, 0, 
11, 1, 136, 36, -1, 478, 165, 19.5, 24, Capappp, 389, 27609, 21204, 768, , 27609, 25000, 28428, 28534, 0, 
12, 1, 346, 402, -1, 326, 180, 14.9, 22, ABplpapapaa, 271, 30024, 13931, 464, , 30024, 25000, 29297, 29516, 0, 
13, 1, 273, 40, -1, 333, 157, 14.9, 22, ABplpapapap, 179, 26591, 12338, 464, , 26591, 25000, 27958, 28054, 0, 
14, 1, 234, 143, -1, 340, 162, 10.3, 25, ABplpaaaapa, 228, 28585, 21839, 764, , 28585, 25000, 29419, 29314, 0, 
15, 0, 178, -1, -1, 238, 214, 18.0, 26, , 258, -551, 23255, 852, , 27295, 25000, 27833, 27846, 0, 
16, 1, 402, 424, -1, 488, 203, 18.1, 24, ABplpppppaa, 229, 27873, 16835, 604, , 27873, 25000, 27938, 27965, 0, 
17, 1, 478, 481, -1, 332, 234, 18.5, 26, ABaraapappp, -223, 27809, 24917, 896, , 27809, 25000, 29542, 29295, 0, 
18, 1, 412, 81, -1, 559, 223, 6.7, 24, ABprapppaap, 234, 34786, 24489, 704, , 34786, 25000, 34205, 34827, 0, 
19, 1, 51, 88, -1, 230, 249, 13.2, 24, ABarapaaaaa, 349, 28284, 18554, 656, , 28284, 25000, 28527, 28767, 0, 
20, 0, 267, -1, -1, 172, 215, 14.0, 24, , -76, -1439, 16931, 608, , 27847, 25000, 29238, 29286, 0, 
21, 1, 253, 172, -1, 252, 227, 26.6, 32, ABplaaappp, 267, 30318, 44992, 1484, , 30318, 25000, 29730, 29744, 0, 
22, 1, 334, 138, -1, 175, 252, 14.6, 24, ABalaapaaal, 230, 27387, 19171, 700, , 27387, 25000, 28373, 28242, 0, 
23, 0, 490, -1, -1, 229, 163, 9.7, 24, , -82, 1637, 20871, 704, , 29646, 25000, 27996, 28009, 0, 
24, 1, 68, 278, -1, 293, 300, 22.4, 23, ABaraapaapp, 388, 28175, 18032, 640, , 28175, 25000, 28280, 28235, 0, 
25, 1, 460, 253, -1, 127, 314, 19.9, 23, ABarpaapaa, 110, 26897, 13341, 496, , 26897, 25000, 28327, 28273, 0, 
26, 0, 189, -1, -1, 158, 274, 11.6, 23, , 153, 1487, 19202, 640, , 30003, 25000, 28482, 28516, 0, 
27, 1, 320, 90, -1, 328, 214, 10.7, 24, ABprpapapaa, 202, 27808, 19577, 704, , 27808, 25000, 29927, 30396, 0, 
28, 1, 462, 70, -1, 524, 193, 12.7, 24, ABprpappppa, 241, 28214, 19863, 704, , 28214, 25000, 29102, 29036, 0, 
29, 0, 132, -1, -1, 289, 248, 15.8, 23, , 198, -312, 14924, 540, , 27637, 25000, 27838, 27949, 0, 
30, 1, 400, 383, -1, 233, 337, 18.2, 24, MSpaaaapa, 200, 29268, 19200, 656, , 29268, 25000, 28669, 28844, 0, 
31, 1, 30, 241, -1, 482, 184, 9.3, 24, ABprppppapp, 243, 28594, 20130, 704, , 28594, 25000, 28300, 28338, 0, 
32, 1, 257, 209, -1, 425, 206, 13.4, 23, ABplppaappp, -118, 27750, 17760, 640, , 27750, 25000, 28342, 28539, 0, 
33, 0, 130, -1, -1, 284, 267, 11.1, 24, , 202, -43, 17158, 604, , 28407, 25000, 28824, 28450, 0, 
34, 1, 223, 493, -1, 218, 344, 11.2, 23, ABpraaaappp, 228, 27074, 14620, 540, , 27074, 25000, 28704, 28911, 0, 
35, 1, 161, 157, -1, 208, 258, 10.2, 23, ABarappppaa, 236, 28696, 15496, 540, , 28696, 25000, 28355, 28286, 0, 
36, 1, 395, 327, -1, 394, 405, 12.1, 28, Caaaaa, 266, 27665, 30099, 1088, , 27665, 25000, 28513, 28469, 0, 
37, 0, 430, -1, -1, 161, 241, 7.4, 22, , 180, -3613, 16983, 572, , 29691, 25000, 32590, 33304, 0, 
38, 1, 148, 167, -1, 492, 242, 13.4, 24, MSppaapp, 208, 27280, 19096, 700, , 27280, 25000, 28830, 28812, 0, 
39, 0, 16, -1, -1, 281, 342, 21.4, 22, , -18, -463, 16262, 572, , 28430, 25000, 28621, 28893, 0, 
40, 1, 355, 245, -1, 279, 222, 21.0, 24, ABalpapppaa, 114, 27505, 16723, 608, , 27505, 25000, 28217, 28034, 0, 
41, 1, 501, 212, -1, 354, 285, 19.7, 23, MSaapaapp, 238, 29660, 17559, 592, , 29660, 25000, 29437, 29566, 0, 
42, 1, 236, 222, -1, 561, 203, 25.5, 29, Cpapap, 297, 27491, 29690, 1080, , 27491, 25000, 28210, 28215, 0, 
43, 1, 61, 229, -1, 388, 216, 10.6, 23, ABarappappa, 208, 29022, 18574, 640, , 29022, 25000, 28794, 29027, 0, 
44, 1, 325, 491, -1, 323, 351, 10.5, 26, MSppapaa, 139, 28412, 25457, 896, , 28412, 25000, 28880, 28906, 0, 
45, 1, 56, 89, -1, 242, 200, 13.3, 28, ABarapapapa, -41, 28023, 29817, 1064, , 28023, 25000, 28387, 28611, 0, 
46, 1, 269, 204, -1, 502, 290, 25.1, 27, Capapaa, 278, 29979, 27221, 908, , 29979, 25000, 29163, 29104, 0, 
47, 1, 41, 58, -1, 457, 187, 22.3, 25, ABplappapp, 244, 28283, 21608, 764, , 28283, 25000, 28555, 28570, 0, 
48, 1, 261, 198, -1, 233, 376, 13.5, 24, ABarpppaaa, 224, 27499, 21119, 768, , 27499, 25000, 27744, 27775, 0, 
49, 1, 418, 65, -1, 505, 208, 14.1, 24, ABprpappppp, 197, 27820, 16803, 604, , 27820, 25000, 28822, 28973, 0, 
50, 1, 226, 1, -1, 206, 291, 10.4, 23, ABprpaapaaa, 423, 28095, 17981, 640, , 28095, 25000, 28589, 28644, 0, 
51, 1, 423, 399, -1, 545, 316, 7.4, 27, ABprapapaa, 275, 28410, 28069, 988, , 28410, 25000, 31565, 31567, 0, 
52, 1, 129, 271, -1, 288, 185, 22.2, 24, ABalpppppap, 193, 28012, 18376, 656, , 28012, 25000, 28797, 28961, 0, 
53, 0, 252, -1, -1, 522, 106, 17.0, 22, , 195, 678, 10814, 384, , 28161, 25000, 27703, 27483, 0, 
54, 0, 63, -1, -1, 266, 302, 14.3, 23, , 203, 1315, 17732, 592, , 29953, 25000, 28535, 28638, 0, 
55, 1, 341, 260, -1, 172, 180, 22.9, 24, ABplaapaapa, 328, 29242, 17662, 604, , 29242, 25000, 28518, 28577, 0, 
56, 1, 263, 33, -1, 325, 244, 13.8, 25, ABarapapppa, 204, 28270, 19902, 704, , 28270, 25000, 28586, 28528, 0, 
57, 1, 364, 74, -1, 364, 216, 10.5, 24, ABprppaappa, 119, 27426, 21063, 768, , 27426, 25000, 28851, 28675, 0, 
58, 1, 128, 407, -1, 259, 344, 17.4, 25, MSpaaaapp, 187, 27874, 23191, 832, , 27874, 25000, 28548, 28638, 0, 
59, 0, 169, -1, -1, 85, 260, 16.0, 24, , 219, 4765, 19410, 608, , 31924, 25000, 27157, 27159, 0, 
60, 1, 434, 102, -1, 376, 310, 5.5, 26, ABprapaapp, 264, 36092, 32338, 896, , 36092, 25000, 36068, 36050, 0, 
61, 1, 117, 364, -1, 319, 402, 15.1, 27, ABarppaapa, 279, 27222, 24718, 908, , 27222, 25000, 27698, 27651, 0, 
62, 1, 442, 75, -1, 343, 140, 14.7, 22, ABalpapappp, 180, 27095, 14198, 524, , 27095, 25000, 27592, 27604, 0, 
63, 1, 500, 363, -1, 156, 211, 20.1, 22, ABalapaaapa, 160, 27864, 12929, 464, , 27864, 25000, 28586, 28773, 0, 
64, 1, 481, 430, -1, 480, 342, 16.1, 30, Epraa, 308, 28417, 38533, 1356, , 28417, 25000, 29722, 29779, 0, 
65, 1, 122, 129, -1, 572, 263, 23.7, 27, Capppaa, 270, 28016, 25887, 924, , 28016, 25000, 28941, 28942, 0, 
66, 1, 147, 416, -1, 440, 204, 15.3, 25, ABplppapppp, 203, 28529, 21796, 764, , 28529, 25000, 28603, 28686, 0, 
67, 1, 126, 223, -1, 241, 117, 15.8, 25, ABplpaapapp, 211, 28321, 19938, 704, , 28321, 25000, 27925, 27964, 0, 
68, 0, 134, -1, -1, 297, 235, 18.1, 23, , 208, 718, 14595, 496, , 29425, 25000, 28605, 28707, 0, 
69, 1, 306, 11, -1, 210, 277, 24.9, 24, MSapappa, 239, 28626, 17290, 604, , 28626, 25000, 29105, 29157, 0, 
70, 1, 184, 45, -1, 317, 334, 20.5, 23, MSpaaapaa, 196, 29074, 18375, 632, , 29074, 25000, 28312, 28292, 0, 
71, 1, 340, 339, -1, 273, 127, 14.0, 24, ABplpaapppp, -22, 28345, 17234, 608, , 28345, 25000, 29983, 29869, 0, 
72, 1, 242, 8, -1, 413, 221, 22.0, 25, ABplappaaa, 243, 28495, 21770, 764, , 28495, 25000, 27616, 27632, 0, 
73, 1, 376, 114, -1, 385, 328, 20.1, 27, Ealaad, 270, 28762, 26116, 908, , 28762, 25000, 28561, 28566, 0, 
74, 0, 415, -1, -1, 180, 303, 22.2, 22, , 37, -190, 13683, 496, , 27587, 25000, 28221, 27777, 0, 
75, 1, 302, 360, -1, 478, 132, 9.4, 32, ABplpppapap, 264, 28284, 41974, 1484, , 28284, 25000, 28051, 28200, 0, 
76, 1, 43, 39, -1, 200, 215, 26.3, 29, ABplaaappa, 167, 28649, 30597, 1068, , 28649, 25000, 29253, 29384, 0, 
77, 1, 370, 336, -1, 504, 148, 13.7, 23, Cappppv, 233, 26605, 15750, 592, , 26605, 25000, 28988, 29004, 0, 
78, 1, 282, 308, -1, 518, 232, 5.3, 25, ABprapappa, 243, 45052, 34420, 764, , 45052, 25000, 39038, 39262, 0, 
79, 1, 38, 421, -1, 274, 205, 16.9, 22, ABalpaaaaap, 181, 28931, 13424, 464, , 28931, 25000, 28534, 28549, 0, 
80, 1, 168, 359, -1, 431, 250, 25.3, 28, ABplappapa, 282, 27386, 29139, 1064, , 27386, 25000, 28306, 28413, 0, 
81, 1, 221, 335, -1, 179, 151, 22.7, 26, ABplpaapapa, 32, 29004, 24827, 856, , 29004, 25000, 28381, 28361, 0, 
82, 0, 80, -1, -1, 246, 166, 8.4, 23, , -46, -121, 18414, 640, , 28772, 25000, 28606, 28893, 0, 
83, 1, 331, 199, -1, 244, 291, 13.0, 24, ABarapaapaa, 45, 27804, 16905, 608, , 27804, 25000, 28693, 28833, 0, 
84, 0, 379, -1, -1, 334, 171, 5.9, 24, , 227, 2305, 24848, 604, , 41139, 25000, 37958, 38834, 0, 
85, 1, 201, 226, -1, 457, 317, 6.0, 25, ABprappaap, 256, 34801, 26588, 764, , 34801, 25000, 35115, 35115, 0, 
86, 1, 482, 80, -1, 251, 307, 4.9, 22, ABpraaappppp, 166, 39287, 18229, 464, , 39287, 25000, 40645, 40716, 0, 
87, 0, 371, -1, -1, 297, 334, 16.7, 24, , 242, -1154, 19594, 704, , 27832, 25000, 28894, 28986, 0, 
88, 1, 270, 207, -1, 347, 174, 7.9, 25, ABprpaaaapa, 250, 27970, 17789, 636, , 27970, 25000, 30170, 30216, 0, 
89, 1, 368, 133, -1, 225, 160, 19.3, 29, ABplpaaaaaa, 268, 28823, 30783, 1068, , 28823, 25000, 28213, 28007, 0, 
90, 1, 238, 228, -1, 215, 169, 7.0, 24, ABpraappaa, 246, 32424, 19714, 608, , 32424, 25000, 34220, 34838, 0, 
91, 1, 163, 299, -1, 437, 214, 10.5, 24, ABprppaappp, 203, 27734, 21300, 768, , 27734, 25000, 27366, 27586, 0, 
92, 1, 421, 382, -1, 335, 317, 18.0, 24, MSaaaappp, 243, 28990, 17626, 608, , 28990, 25000, 28967, 28967, 0, 
93, 1, 106, 151, -1, 205, 180, 14.2, 26, ABalpapaaaa, -40, 28902, 23006, 796, , 28902, 25000, 28546, 28664, 0, 
94, 1, 228, 375, -1, 321, 287, 10.5, 25, ABaraappppa, 199, 28690, 22034, 768, , 28690, 25000, 28998, 29017, 0, 
95, 1, 18, 272, -1, 306, 119, 18.1, 23, ABplppaaaaa, 206, 30284, 15021, 496, , 30284, 25000, 27672, 27681, 0, 
96, 1, 250, 119, -1, 144, 259, 23.4, 24, ABarpaaaapp, 193, 29021, 20315, 700, , 29021, 25000, 28924, 28920, 0, 
97, 1, 35, 26, -1, 211, 295, 17.6, 25, ABaraappaap, 213, 27389, 22788, 832, , 27389, 25000, 28079, 28053, 0, 
98, 1, 349, 105, -1, 436, 170, 14.4, 24, ABplpppaaaa, -104, 27093, 18965, 700, , 27093, 25000, 27919, 27707, 0, 
99, 1, 103, 71, -1, 492, 298, 5.7, 26, ABprappapp, -41, 36167, 30959, 856, , 36167, 25000, 36262, 36262, 0, 
100, 1, 177, 351, -1, 544, 194, 22.4, 26, Cappapa, 266, 28621, 23813, 832, , 28621, 25000, 28647, 28667, 0, 
101, 1, 384, 261, -1, 364, 243, 18.1, 25, MSaapapa, 205, 41262, 28388, 688, , 41262, 25000, 32747, 33020, 0, 
102, 1, 343, 295, -1, 132, 225, 12.5, 24, ABalaaapplr, 226, 27655, 21239, 768, , 27655, 25000, 28033, 28210, 0, 
103, 1, 287, 54, -1, 222, 317, 16.4, 25, ABaraappapa, 87, 28474, 23690, 832, , 28474, 25000, 28503, 28617, 0, 
104, 1, 347, 173, -1, 505, 181, 18.7, 23, ABplpppppap, 144, 27601, 16340, 592, , 27601, 25000, 28164, 28076, 0, 
105, 0, 99, -1, -1, 266, 226, 13.8, 24, , 64, 304, 19229, 656, , 29313, 25000, 28838, 29009, 0, 
106, 1, 37, 465, -1, 254, 313, 8.5, 24, ABpraaappap, 192, 28400, 21811, 768, , 28400, 25000, 28959, 28914, 0, 
107, 1, 48, 82, -1, 537, 136, 13.0, 23, ABplppppppp, 180, 27625, 14144, 512, , 27625, 25000, 27810, 27861, 0, 
108, 1, 204, 35, -1, 148, 194, 23.1, 25, ABplaaapaa, 22, 28750, 19780, 688, , 28750, 25000, 28164, 28054, 0, 
109, 1, 397, 347, -1, 321, 190, 11.0, 24, ABprpappapa, 210, 30087, 18293, 608, , 30087, 25000, 29817, 30471, 0, 
110, 1, 220, 161, -1, 411, 257, 10.9, 22, ABprppappap, 179, 28468, 13209, 464, , 28468, 25000, 28783, 28740, 0, 
111, 1, 165, 185, -1, 253, 273, 11.5, 25, ABarapapaap, 198, 28374, 21791, 768, , 28374, 25000, 28621, 28825, 0, 
112, 1, 420, 17, -1, 487, 229, 10.5, 23, ABprppppaaa, 205, 28351, 17918, 632, , 28351, 25000, 29074, 28979, 0, 
113, 0, 211, -1, -1, 391, 159, 13.4, 24, , 214, -198, 19270, 700, , 27529, 25000, 27715, 27727, 0, 
114, 1, 110, 197, -1, 315, 136, 10.9, 24, ABalpapapap, 337, 30075, 18165, 604, , 30075, 25000, 28827, 28855, 0, 
115, 0, 503, -1, -1, 221, 301, 9.3, 23, , 178, -207, 17310, 592, , 29240, 25000, 29093, 29447, 0, 
116, 1, 185, 160, -1, 585, 196, 20.4, 29, Capppap, 244, 28064, 32442, 1156, , 28064, 25000, 29126, 29126, 0, 
117, 1, 506, 504, -1, 532, 253, 26.7, 26, Cpaapp, 192, 29102, 24911, 856, , 29102, 25000, 28630, 28617, 0, 
118, 1, 436, 403, -1, 258, 124, 17.3, 25, ABplpaaapap, 205, 28654, 21892, 764, , 28654, 25000, 28214, 28392, 0, 
119, 1, 406, 180, -1, 131, 289, 11.9, 24, ABarpappaa, 200, 26495, 16003, 604, , 26495, 25000, 27741, 27740, 0, 
120, 1, 231, 270, -1, 282, 352, 14.7, 24, ABaraappapp, 239, 27587, 19421, 704, , 27587, 25000, 28487, 28490, 0, 
121, 1, 53, 150, -1, 311, 205, 22.1, 24, ABplaapapaa, 268, 28813, 17403, 604, , 28813, 25000, 28477, 28493, 0, 
122, 1, 314, 162, -1, 207, 140, 20.8, 24, ABalpppaaaa, 208, 28442, 18658, 656, , 28442, 25000, 27981, 27997, 0, 
123, 1, 96, 348, -1, 473, 165, 12.1, 24, ABplppppapp, 219, 26969, 16289, 604, , 26969, 25000, 28909, 28932, 0, 
124, 1, 477, 453, -1, 214, 318, 19.5, 22, MSaaaaapaa, -31, 28248, 14463, 512, , 28248, 25000, 27689, 27725, 0, 
125, 1, 433, 341, -1, 346, 352, 19.4, 28, MSpaaapap, 233, 30559, 30192, 988, , 30559, 25000, 27951, 28103, 0, 
126, 1, 337, 443, -1, 331, 373, 13.3, 22, Dpaap, 177, 27183, 14244, 524, , 27183, 25000, 29114, 29102, 0, 
127, 1, 151, 426, -1, 571, 288, 11.2, 25, Cpppapa, 243, 30810, 21690, 704, , 30810, 25000, 29623, 29710, 0, 
128, 0, 123, -1, -1, 255, 269, 8.8, 23, , 202, 1465, 16109, 540, , 29831, 25000, 28442, 28366, 0, 
129, 1, 23, 454, -1, 252, 191, 9.3, 23, ABarapppapa, 200, 26674, 15791, 592, , 26674, 25000, 28223, 28358, 0, 
130, 1, 251, 101, -1, 143, 289, 23.6, 27, ABplaaaapa, 170, 29384, 29031, 988, , 29384, 25000, 28833, 28877, 0, 
131, 0, 312, -1, -1, 269, 282, 21.9, 23, , -117, -722, 13645, 496, , 27510, 25000, 28413, 28232, 0, 
132, 1, 438, 59, -1, 173, 338, 19.0, 25, MSppappp, 242, 28051, 21431, 764, , 28051, 25000, 28873, 28962, 0, 
133, 1, 378, 489, -1, 333, 174, 18.0, 23, Daapa, 234, 28084, 14379, 512, , 28084, 25000, 29540, 29580, 0, 
134, 1, 32, 44, -1, 256, 344, 20.6, 24, MSpaaaaaa, 220, 28753, 20127, 700, , 28753, 25000, 28981, 29009, 0, 
135, 0, -1, -1, -1, 409, 354, 23.4, 32, , 324, -872, 41864, 1484, , 28210, 25000, 29027, 29082, 0, 
136, 1, 224, 393, -1, 294, 196, 6.6, 22, ABprpapaapp, 180, 32397, 18531, 572, , 32397, 25000, 33734, 34030, 0, 
137, 1, 105, 77, -1, 509, 194, 25.4, 30, ABplapapaa, 298, 28465, 32906, 1156, , 28465, 25000, 29072, 29037, 0, 
138, 1, 214, 227, -1, 259, 143, 12.4, 23, ABalppapapa, 129, 28734, 18390, 640, , 28734, 25000, 28864, 29055, 0, 
139, 1, 44, 183, -1, 535, 367, 12.0, 27, Caaapa, 266, 27102, 27969, 1032, , 27102, 25000, 27503, 27451, 0, 
140, 1, 197, 12, -1, 553, 162, 8.3, 26, ABprappppp, 212, 29190, 24987, 856, , 29190, 25000, 28237, 28361, 0, 
141, 1, 188, 120, -1, 299, 229, 14.3, 23, ABalpappppa, -81, 27931, 16535, 592, , 27931, 25000, 28657, 28773, 0, 
142, 1, 241, 370, -1, 393, 323, 23.4, 28, Dappaa, 216, 28627, 28283, 988, , 28627, 25000, 28848, 29039, 0, 
143, 1, 102, 244, -1, 571, 244, 10.6, 26, Cpppapp, 234, 28827, 23984, 832, , 28827, 25000, 29549, 29619, 0, 
144, 1, 271, 225, -1, 556, 262, 6.8, 26, ABarpppppp, 268, 32158, 25598, 796, , 32158, 25000, 34874, 34874, 0, 
145, 1, 458, 126, -1, 449, 323, 24.6, 28, Cappaaa, 274, 29101, 28752, 988, , 29101, 25000, 29082, 29107, 0, 
146, 1, 561, 274, -1, 346, 225, 9.1, 22, ABprpapappa, 190, 29670, 13767, 464, , 29670, 25000, 28956, 29130, 0, 
147, 1, 84, 332, -1, 349, 245, 13.8, 24, ABarapapapp, 223, 28434, 18653, 656, , 28434, 25000, 28890, 28729, 0, 
148, 1, 427, 389, -1, 219, 143, 10.3, 25, ABplaappaa, 203, 26852, 20515, 764, , 26852, 25000, 27904, 27732, 0, 
149, 1, 404, 113, -1, 269, 287, 10.8, 23, ABarapappaa, 30, 27044, 14604, 540, , 27044, 25000, 28512, 28547, 0, 
150, 1, 454, 14, -1, 520, 233, 10.0, 22, ABprpppppap, 224, 28224, 10838, 384, , 28224, 25000, 28297, 28416, 0, 
151, 1, 570, 324, -1, 256, 249, 13.6, 24, ABarapaaapa, 258, 28306, 19814, 700, , 28306, 25000, 28529, 28538, 0, 
152, 1, 351, 84, -1, 144, 204, 12.6, 22, ABalaaaarra, 173, 27956, 15991, 572, , 27956, 25000, 28569, 28900, 0, 
153, 1, 98, 5, -1, 318, 286, 23.2, 26, ABaraapapap, 110, 29166, 23216, 796, , 29166, 25000, 28517, 28537, 0, 
154, 0, 476, -1, -1, 125, 291, 22.0, 22, , 183, 1097, 11063, 384, , 28810, 25000, 28084, 27713, 0, 
155, 1, 22, 415, -1, 473, 155, 22.4, 28, ABplapapap, 272, 28831, 28485, 988, , 28831, 25000, 28294, 28435, 0, 
156, 1, 77, 323, -1, 229, 279, 21.6, 26, ABaraapaapa, 400, 28108, 23386, 832, , 28108, 25000, 28555, 28838, 0, 
157, 0, 208, -1, -1, 236, 183, 24.2, 23, , 195, 1386, 16110, 540, , 29833, 25000, 28206, 28447, 0, 
158, 1, 64, 366, -1, 322, 211, 6.6, 25, ABprppaapap, 129, 33680, 28022, 832, , 33680, 25000, 34012, 34229, 0, 
159, 1, 254, 449, -1, 381, 243, 8.0, 24, ABprppapaaa, -79, 28794, 17507, 608, , 28794, 25000, 30257, 30394, 0, 
160, 1, 483, 281, -1, 138, 267, 18.1, 24, ABalapppaap, 192, 27954, 16884, 604, , 27954, 25000, 28062, 28333, 0, 
161, 1, 83, 32, -1, 248, 330, 14.5, 23, ABaraaapapa, 228, 27065, 17105, 632, , 27065, 25000, 28356, 28307, 0, 
162, 1, 215, 110, -1, 208, 218, 11.4, 28, ABarappaaaa, 302, 28506, 28164, 988, , 28506, 25000, 29299, 29266, 0, 
163, 1, 88, 277, -1, 209, 259, 19.4, 24, ABaraapaaaa, 10, 26450, 18515, 700, , 26450, 25000, 28255, 28497, 0, 
164, 1, 440, 148, -1, 538, 228, 13.9, 30, Eprpp, 132, 28571, 38742, 1356, , 28571, 25000, 29827, 29822, 0, 
165, 1, 326, 220, -1, 298, 251, 5.0, 25, ABprppaaaap, 257, 40546, 30977, 764, , 40546, 25000, 37198, 37486, 0, 
166, 1, 86, 326, -1, 225, 133, 13.2, 26, ABalppapapp, 201, 28574, 22745, 796, , 28574, 25000, 28773, 28573, 0, 
167, 1, 373, 194, -1, 439, 331, 8.9, 25, Cppaaap, 251, 28778, 19799, 688, , 28778, 25000, 29564, 29566, 0, 
168, 1, 113, 419, -1, 176, 270, 24.9, 24, ABplaaaaaap, 327, 25975, 15689, 604, , 25975, 25000, 29131, 29533, 0, 
169, 1, 391, 205, -1, 263, 159, 21.4, 25, ABalpppppaa, -32, 27828, 23153, 832, , 27828, 25000, 28863, 28937, 0, 
170, 1, 202, 107, -1, 181, 223, 5.8, 22, ABpraaaaaap, 210, 42837, 21247, 496, , 42837, 25000, 39847, 40273, 0, 
171, 1, 296, 238, -1, 154, 165, 20.3, 24, ABalpppaapd, 185, 27216, 19160, 704, , 27216, 25000, 27717, 27635, 0, 
172, 1, 170, 269, -1, 444, 218, 23.3, 25, ABplappaap, -287, 28398, 21696, 764, , 28398, 25000, 27958, 27952, 0, 
173, 1, 504, 536, -1, 253, 345, 24.0, 26, MSappaaa, 247, 45589, 38842, 852, , 45589, 25000, 31437, 31437, 0, 
174, 1, 301, 237, -1, 519, 134, 11.5, 24, ABplppppppa, 164, 27514, 21131, 768, , 27514, 25000, 28659, 28937, 0, 
175, 1, 125, 309, -1, 404, 398, 16.5, 27, Dppppa, 277, 26776, 23991, 896, , 26776, 25000, 29608, 29594, 0, 
176, 1, 399, 455, -1, 345, 264, 11.3, 23, MSpapaaap, 298, 29625, 17538, 592, , 29625, 25000, 30730, 29991, 0, 
177, 1, 39, 50, -1, 477, 326, 9.0, 24, Cppaapa, 51, 27658, 16816, 608, , 27658, 25000, 29328, 29415, 0, 
178, 1, 90, 302, -1, 499, 121, 10.3, 25, ABprpppapap, 181, 26240, 20047, 764, , 26240, 25000, 28831, 29120, 0, 
179, 1, 171, 22, -1, 292, 252, 26.0, 27, ABplapaaaap, 96, 28988, 29916, 1032, , 28988, 25000, 29215, 29296, 0, 
180, 1, 322, 329, -1, 438, 255, 22.8, 22, Capaaap, 191, 25829, 12811, 496, , 25829, 25000, 28178, 28315, 0, 
181, 1, 183, 346, -1, 192, 153, 13.9, 24, ABalppapaap, 239, 27334, 16510, 604, , 27334, 25000, 28579, 28510, 0, 
182, 1, 475, 51, -1, 290, 142, 20.8, 24, ABplpaaaaap, 85, 28058, 18406, 656, , 28058, 25000, 28267, 28203, 0, 
183, 1, 305, 46, -1, 551, 237, 18.5, 31, Eplpa, 316, 28895, 35599, 1232, , 28895, 25000, 28821, 28822, 0, 
184, 1, 119, 369, -1, 210, 175, 24.0, 27, ABplaapaapp, 2, 27882, 28774, 1032, , 27882, 25000, 28524, 28524, 0, 
185, 1, 278, 37, -1, 270, 315, 21.9, 23, MSaaaaapp, 386, 27532, 13656, 496, , 27532, 25000, 28868, 28803, 0, 
186, 1, 157, 262, -1, 358, 213, 6.5, 26, ABarappappp, 242, 32368, 29002, 896, , 32368, 25000, 34068, 34328, 0, 
187, 1, 464, 187, -1, 331, 113, 15.1, 22, ABplaapppa, 176, 27614, 12813, 464, , 27614, 25000, 27111, 27194, 0, 
188, 1, 79, 96, -1, 386, 214, 16.4, 24, ABplppapaap, 118, 27889, 19522, 700, , 27889, 25000, 28571, 28550, 0, 
189, 1, 33, 338, -1, 218, 252, 23.6, 22, MSapaaap, 197, 27285, 15607, 572, , 27285, 25000, 29007, 29117, 0, 
190, 1, 141, 319, -1, 317, 346, 13.4, 24, ABaraapppap, 117, 27394, 19176, 700, , 27394, 25000, 28500, 28629, 0, 
191, 1, 140, 334, -1, 367, 144, 14.7, 23, ABplapaapa, 202, 27564, 16318, 592, , 27564, 25000, 28417, 28586, 0, 
192, 1, 124, 320, -1, 482, 134, 14.9, 24, ABplpppapaa, 167, 28093, 16968, 604, , 28093, 25000, 28680, 28890, 0, 
193, 1, 181, 349, -1, 490, 318, 20.2, 32, Eplaa, 322, 28139, 45247, 1608, , 28139, 25000, 29359, 29441, 0, 
194, 1, 246, 31, -1, 275, 178, 9.6, 26, ABarappapaa, 205, 28679, 23861, 832, , 28679, 25000, 29459, 29584, 0, 
195, 1, 375, 472, -1, 372, 382, 13.6, 25, Dppap, 234, 27645, 23001, 832, , 27645, 25000, 29023, 29052, 0, 
196, 1, 450, 79, -1, 174, 147, 20.1, 24, ABalpppaapv, 206, 28945, 17483, 604, , 28945, 25000, 27869, 27870, 0, 
197, 1, 207, 57, -1, 504, 199, 21.9, 25, Capaapp, 414, 28356, 19509, 688, , 28356, 25000, 28577, 28526, 0, 
198, 1, 15, 460, -1, 191, 248, 5.0, 22, ABpraaaapad, 224, 45779, 17579, 384, , 45779, 25000, 42568, 42285, 0, 
199, 0, 158, -1, -1, 516, 137, 7.8, 25, , 497, 199, 21608, 704, , 30693, 25000, 30426, 30494, 0, 
200, 1, 47, 63, -1, 275, 284, 5.6, 24, ABprpaapaap, 196, 38170, 26719, 700, , 38170, 25000, 37521, 37751, 0, 
201, 1, 467, 506, -1, 538, 186, 9.8, 22, ABprapppapp, 194, 28690, 14230, 496, , 28690, 25000, 28465, 28427, 0, 
202, 1, 380, 356, -1, 169, 342, 21.8, 25, ABarpapapp, 249, 28453, 20031, 704, , 28453, 25000, 28686, 28676, 0, 
203, 1, 40, 300, -1, 533, 164, 20.3, 24, Cappapp, 394, 28053, 19749, 704, , 28053, 25000, 28746, 28746, 0, 
204, 1, 445, 112, -1, 222, 128, 18.7, 24, ABalpppapad, 354, 28372, 19974, 704, , 28372, 25000, 27710, 27561, 0, 
205, 1, 389, 83, -1, 446, 362, 6.8, 25, ABprappapa, 240, 33893, 23861, 704, , 33893, 25000, 34483, 34483, 0, 
206, 1, 49, 48, -1, 210, 269, 15.8, 23, ABaraaapaaa, 223, 28335, 15301, 540, , 28335, 25000, 27709, 27535, 0, 
207, 0, 390, -1, -1, 271, 278, 20.0, 23, , 199, 488, 14811, 512, , 28928, 25000, 28361, 28440, 0, 
208, 1, 46, 137, -1, 382, 293, 13.3, 24, MSpapappp, 153, 30739, 21640, 704, , 30739, 25000, 30545, 30289, 0, 
209, 1, 219, 103, -1, 541, 308, 16.4, 29, Eprap, 290, 28434, 32870, 1156, , 28434, 25000, 30286, 30413, 0, 
210, 1, 112, 230, -1, 531, 305, 20.4, 32, Ealpp, 321, 27931, 41449, 1484, , 27931, 25000, 29466, 29491, 0, 
211, 1, 363, 482, -1, 298, 378, 8.4, 22, ABarpppaap, 168, 28785, 16465, 572, , 28785, 25000, 28546, 28546, 0, 
212, 1, 318, 128, -1, 147, 294, 17.5, 23, ABarpapaaaa, 211, 27970, 17677, 632, , 27970, 25000, 28437, 28423, 0, 
213, 1, 452, 477, -1, 127, 292, 15.4, 22, ABarpaaapap, 212, 26769, 15312, 572, , 26769, 25000, 28174, 28168, 0, 
214, 1, 89, 310, -1, 415, 319, 6.0, 28, ABprappaaa, 99, 33752, 38072, 1128, , 33752, 25000, 33807, 34072, 0, 
215, 1, 173, 432, -1, 182, 227, 10.4, 24, ABarapppaaa, 236, 29629, 20740, 700, , 29629, 25000, 28359, 28367, 0, 
216, 1, 10, 67, -1, 226, 159, 15.7, 27, ABplpaaapaa, 279, 28425, 26265, 924, , 28425, 25000, 29025, 29241, 0, 
217, 1, 502, 376, -1, 360, 321, 26.6, 34, Cpaaaa, 338, 29163, 51910, 1780, , 29163, 25000, 28782, 28783, 0, 
218, 1, 428, 352, -1, 340, 306, 10.4, 22, MSpapaapa, 208, 31152, 17819, 572, , 31152, 25000, 29238, 29556, 0, 
219, 0, 413, -1, -1, 366, 134, 18.2, 22, , 153, 974, 14615, 496, , 29466, 25000, 28467, 28492, 0, 
220, 0, 69, -1, -1, 550, 180, 6.6, 22, , 158, 1093, 20546, 572, , 35920, 25000, 34266, 34827, 0, 
221, 1, 471, 582, -1, 204, 210, 16.0, 22, ABalpaappaa, -48, 27513, 10565, 384, , 27513, 25000, 28559, 28552, 0, 
222, 1, 593, 474, -1, 167, 244, 20.8, 22, ABalapappap, 145, 27292, 13537, 496, , 27292, 25000, 28025, 27813, 0, 
223, 1, 382, 195, -1, 362, 381, 10.5, 25, ABarpppapp, 253, 27487, 21110, 768, , 27487, 25000, 28734, 28734, 0, 
224, 1, 401, 304, -1, 287, 323, 13.0, 23, ABaraaapapp, 187, 27178, 13915, 512, , 27178, 25000, 28139, 28127, 0, 
225, 1, 283, 294, -1, 333, 375, 7.6, 23, ABarppppaa, 229, 29048, 18591, 640, , 29048, 25000, 30182, 30269, 0, 
226, 1, 307, 97, -1, 436, 219, 16.7, 25, ABplppapapp, 207, 26831, 20499, 764, , 26831, 25000, 27841, 27647, 0, 
227, 1, 339, 446, -1, 452, 158, 13.3, 23, ABplppppapa, 224, 27995, 16573, 592, , 27995, 25000, 28309, 28462, 0, 
228, 1, 74, 409, -1, 408, 232, 9.0, 23, ABprpaaaapp, 234, 28332, 14506, 512, , 28332, 25000, 28152, 28107, 0, 
229, 1, 383, 20, -1, 469, 234, 18.5, 29, Z3, 304, 27438, 29633, 1080, , 27438, 25000, 27542, 27514, 0, 
230, 1, 235, 115, -1, 399, 271, 14.6, 24, MSaappap, 199, 28037, 19626, 700, , 28037, 25000, 29311, 29464, 0, 
231, 1, 21, 492, -1, 508, 146, 23.0, 26, ABarppappp, 128, 28651, 24411, 852, , 28651, 25000, 28657, 28735, 0, 
232, 1, 212, 266, -1, 504, 211, 11.1, 22, ABprppppaap, 200, 29377, 13631, 464, , 29377, 25000, 28588, 28758, 0, 
233, 0, 494, -1, -1, 192, 316, 11.4, 22, , 169, -1017, 16326, 572, , 28542, 25000, 29395, 29559, 0, 
234, 1, 139, 307, -1, 214, 316, 5.4, 26, ABpraaappppa, 254, 43603, 36278, 832, , 43603, 25000, 40462, 40565, 0, 
235, 1, 275, 321, -1, 275, 182, 19.4, 24, MSapapap, 249, 28661, 20063, 700, , 28661, 25000, 28867, 28913, 0, 
236, 1, 449, 268, -1, 126, 199, 20.7, 23, ABplaapaaap, 205, 26980, 15972, 592, , 26980, 25000, 28218, 28261, 0, 
237, 1, 367, 217, -1, 258, 313, 12.1, 23, ABarapaappa, 124, 28853, 14311, 496, , 28853, 25000, 28438, 28555, 0, 
238, 1, 425, 3, -1, 369, 362, 20.1, 23, MSaaappp, 196, 26194, 12992, 496, , 26194, 25000, 28697, 28602, 0, 
239, 1, 388, 221, -1, 224, 186, 11.1, 23, ABarappaapa, 68, 29353, 14559, 496, , 29353, 25000, 29342, 29222, 0, 
240, 1, 435, 182, -1, 230, 285, 8.3, 22, ABpraaappaa, 161, 30782, 16130, 524, , 30782, 25000, 29820, 29913, 0, 
241, 0, 205, -1, -1, 534, 135, 21.4, 23, , 201, -276, 17850, 640, , 27891, 25000, 28126, 28167, 0, 
242, 1, 327, 7, -1, 524, 314, 24.4, 27, Cappaap, 256, 27860, 27526, 988, , 27860, 25000, 29390, 29418, 0, 
243, 0, 308, -1, -1, 286, 359, 6.7, 22, , -73, -1328, 17552, 524, , 33496, 25000, 34721, 34824, 0, 
244, 1, 249, 325, -1, 274, 369, 11.4, 26, ABprapaaaap, 310, 28626, 23817, 832, , 28626, 25000, 28324, 28311, 0, 
245, 1, 34, 322, -1, 200, 135, 17.3, 23, ABalpppaaap, 194, 27796, 16455, 592, , 27796, 25000, 27618, 27632, 0, 
246, 1, 162, 144, -1, 522, 191, 6.4, 23, ABprpppaapp, 233, 35906, 22980, 640, , 35906, 25000, 35493, 35887, 0, 
247, 0, 348, -1, -1, 387, 310, 15.6, 23, , 228, -1430, 18072, 640, , 28238, 25000, 29660, 29668, 0, 
248, 1, 342, 372, -1, 286, 227, 5.9, 22, ABprppaaaaa, 106, 44216, 20516, 464, , 44216, 25000, 36500, 36850, 0, 
249, 1, 396, 589, -1, 239, 166, 12.8, 23, ABalppaappa, 202, 29593, 15980, 540, , 29593, 25000, 28650, 28656, 0, 
250, 1, 288, 13, -1, 508, 172, 6.9, 23, ABprpppapaa, 132, 32321, 16031, 496, , 32321, 25000, 33411, 33036, 0, 
251, 1, 374, 64, -1, 323, 157, 23.6, 24, ABplpaappap, 212, 27217, 19052, 700, , 27217, 25000, 28802, 29013, 0, 
252, 1, 6, 132, -1, 496, 361, 11.5, 27, Cppapaa, -240, 28490, 25527, 896, , 28490, 25000, 28906, 28918, 0, 
253, 1, 260, 214, -1, 377, 400, 16.4, 27, Dpppap, 234, 27935, 27600, 988, , 27935, 25000, 29211, 29334, 0, 
254, 1, 75, 434, -1, 240, 368, 18.5, 22, MSpppppa, 162, 28352, 14516, 512, , 28352, 25000, 28554, 28511, 0, 
255, 1, 153, 374, -1, 535, 113, 15.4, 27, ABplappppp, 236, 28186, 27848, 988, , 28186, 25000, 28006, 27997, 0, 
256, 1, 372, 56, -1, 537, 200, 17.3, 32, Eplpp, 8, 28892, 45765, 1584, , 28892, 25000, 29462, 29537, 0, 
257, 1, 321, 344, -1, 368, 268, 24.5, 27, ABarppaapp, 271, 27980, 25070, 896, , 27980, 25000, 29169, 29153, 0, 
258, 1, 279, 116, -1, 554, 156, 14.5, 24, Cappppd, 213, 27319, 20981, 768, , 27319, 25000, 28231, 28293, 0, 
259, 1, 385, 86, -1, 249, 190, 6.5, 22, ABprpaapppp, 219, 35959, 18411, 512, , 35959, 25000, 37110, 37265, 0, 
260, 1, 292, 471, -1, 169, 188, 21.1, 20, ABalppppapp, 146, 30203, 9544, 316, , 30203, 25000, 29403, 30004, 0, 
261, 1, 429, 168, -1, 314, 364, 19.5, 24, MSpaaappp, 50, 27840, 21381, 768, , 27840, 25000, 29129, 28978, 0, 
262, 1, 286, 177, -1, 447, 257, 8.6, 23, ABprppapapp, 209, 29363, 18792, 640, , 29363, 25000, 29456, 29696, 0, 
263, 1, 91, 249, -1, 515, 292, 8.6, 25, Cppaapp, 325, 28428, 23652, 832, , 28428, 25000, 29462, 29486, 0, 
264, 1, 437, 418, -1, 253, 282, 6.6, 26, ABprpaaaaap, 211, 33071, 27515, 832, , 33071, 25000, 35141, 34928, 0, 
265, 0, 26, -1, -1, 345, 127, 12.3, 24, , 196, -557, 19353, 704, , 27490, 25000, 28045, 28047, 0, 
266, 1, 109, 47, -1, 173, 265, 5.9, 24, ABpraaaaaaa, 215, 42113, 25436, 604, , 42113, 25000, 39628, 40294, 0, 
267, 1, 457, 25, -1, 275, 341, 9.5, 24, ABpraapapap, 19, 28815, 22130, 768, , 28815, 25000, 28682, 28868, 0, 
268, 1, 297, 437, -1, 245, 351, 8.4, 28, ABpraapappp, 253, 27640, 27308, 988, , 27640, 25000, 29694, 29741, 0, 
269, 1, 9, 53, -1, 149, 324, 16.1, 23, ABarpapaaap, 234, 27659, 13719, 496, , 27659, 25000, 28568, 28704, 0, 
270, 1, 146, 24, -1, 451, 209, 19.8, 23, MSpappaa, 227, 27228, 14703, 540, , 27228, 25000, 28445, 28518, 0, 
271, 1, 73, 306, -1, 460, 127, 12.8, 24, ABplappppa, 213, 26587, 17441, 656, , 26587, 25000, 27438, 27380, 0, 
272, 0, 192, -1, -1, 291, 295, 12.4, 23, , 168, -582, 18014, 640, , 28147, 25000, 28881, 28729, 0, 
273, 1, 60, 469, -1, 229, 241, 7.4, 22, ABprpaaappa, 273, 29173, 16687, 572, , 29173, 25000, 30996, 31028, 0, 
274, 1, 179, 239, -1, 116, 264, 14.2, 26, ABpraapaaap, 199, 26852, 21374, 796, , 26852, 25000, 27692, 27681, 0, 
275, 1, 199, 436, -1, 493, 120, 16.7, 23, ABplpppaapp, 198, 27713, 16406, 592, , 27713, 25000, 28606, 28795, 0, 
276, 1, 97, 396, -1, 383, 365, 7.2, 27, ABarppppap, 265, 29594, 25688, 868, , 29594, 25000, 32641, 32693, 0, 
277, 1, 209, 87, -1, 278, 196, 25.7, 26, ABplaapappp, -143, 27416, 23468, 856, , 27416, 25000, 29489, 29321, 0, 
278, 1, 101, 444, -1, 565, 128, 13.9, 22, Cpappv, 216, 26457, 12276, 464, , 26457, 25000, 28708, 28860, 0, 
279, 0, 456, -1, -1, 256, 179, 22.5, 22, , 192, -1087, 14953, 512, , 29205, 25000, 30020, 30292, 0, 
280, 1, 485, 519, -1, 356, 226, 26.4, 27, ABarppapaa, 278, 28049, 27712, 988, , 28049, 25000, 28922, 28936, 0, 
281, 1, 311, 106, -1, 321, 224, 16.1, 22, MSaapaaaa, 191, 27616, 12814, 464, , 27616, 25000, 28267, 28431, 0, 
282, 1, 479, 485, -1, 280, 200, 11.4, 22, ABprpapppaa, 234, 28063, 16052, 572, , 28063, 25000, 29052, 29055, 0, 
283, 1, 280, 340, -1, 295, 199, 9.9, 22, ABprpapaaaa, 176, 27871, 12932, 464, , 27871, 25000, 28852, 28653, 0, 
284, 1, 441, 255, -1, 230, 210, 9.3, 23, ABarapppppp, 223, 27623, 16353, 592, , 27623, 25000, 28831, 28854, 0, 
285, 1, 361, 122, -1, 184, 317, 9.5, 27, ABpraapaapp, 224, 28406, 25452, 896, , 28406, 25000, 29233, 29207, 0, 
286, 1, 121, 507, -1, 351, 225, 16.6, 22, MSaapaaap, 340, 30323, 17345, 572, , 30323, 25000, 30843, 30086, 0, 
287, 1, 118, 365, -1, 220, 279, 5.9, 23, ABpraaaapav, 234, 40401, 20039, 496, , 40401, 25000, 38121, 38261, 0, 
288, 0, 7, -1, -1, 111, 268, 21.3, 23, , 148, 1388, 17855, 592, , 30160, 25000, 28546, 28772, 0, 
289, 1, 81, 425, -1, 403, 265, 18.6, 26, Ealaav, 244, 27877, 23194, 832, , 27877, 25000, 29010, 29004, 0, 
290, 1, 344, 463, -1, 370, 243, 10.4, 22, ABprpapppap, 184, 28024, 16030, 572, , 28024, 25000, 28513, 28499, 0, 
291, 1, 403, 464, -1, 496, 181, 12.4, 22, ABplpappppp, 201, 29215, 16711, 572, , 29215, 25000, 29790, 30019, 0, 
292, 1, 25, 158, -1, 290, 306, 5.7, 28, ABprpaappap, 279, 38492, 40955, 1064, , 38492, 25000, 36125, 36512, 0, 
293, 1, 243, 49, -1, 376, 202, 14.4, 24, ABplppappaa, 97, 28859, 20201, 700, , 28859, 25000, 28625, 28339, 0, 
294, 1, 332, 91, -1, 268, 178, 5.2, 22, ABpraappap, 179, 43821, 21735, 496, , 43821, 25000, 44871, 45237, 0, 
295, 1, 57, 293, -1, 518, 258, 8.2, 24, Cppappa, 222, 29116, 19100, 656, , 29116, 25000, 29583, 29657, 0, 
296, 1, 472, 233, -1, 515, 138, 15.5, 23, ABplapppapp, 225, 26584, 16801, 632, , 26584, 25000, 28120, 28328, 0, 
297, 1, 131, 136, -1, 267, 145, 16.7, 24, ABplpaaappp, 196, 26720, 18811, 704, , 26720, 25000, 28413, 28377, 0, 
298, 1, 3, 450, -1, 428, 253, 9.6, 22, ABprppapapa, 185, 27783, 15892, 572, , 27783, 25000, 29208, 29494, 0, 
299, 1, 299, 381, -1, 194, 351, 15.5, 28, MSppappa, -330, 27655, 29867, 1080, , 27655, 25000, 29005, 29103, 0, 
300, 1, 398, 378, -1, 196, 304, 23.4, 28, MSapappp, 279, 30516, 30150, 988, , 30516, 25000, 28557, 28553, 0, 
301, 1, 116, 354, -1, 203, 354, 23.5, 28, ABarpaapap, 274, 28572, 30858, 1080, , 28572, 25000, 28040, 28047, 0, 
302, 1, 154, 18, -1, 445, 181, 17.0, 23, ABplpppaaap, 199, 29258, 14980, 512, , 29258, 25000, 28189, 28129, 0, 
303, 1, 304, 279, -1, 153, 208, 10.0, 22, ABalaapaapp, -154, 27617, 10605, 384, , 27617, 25000, 27954, 27518, 0, 
304, 1, 323, 218, -1, 481, 181, 15.3, 24, ABplppppaaa, 206, 28787, 20266, 704, , 28787, 25000, 28517, 28696, 0, 
305, 1, 195, 251, -1, 340, 228, 7.0, 22, ABprapaapa, 172, 32346, 12421, 384, , 32346, 25000, 32720, 32970, 0, 
306, 1, 152, 367, -1, 174, 346, 11.4, 25, ABarpapppa, 209, 27686, 23035, 832, , 27686, 25000, 27855, 27832, 0, 
307, 1, 19, 164, -1, 468, 129, 19.5, 27, ABplapappa, -330, 28050, 25133, 896, , 28050, 25000, 28217, 28237, 0, 
308, 1, 155, 52, -1, 538, 132, 17.9, 24, ABplapapppp, 246, 26858, 16222, 604, , 26858, 25000, 28431, 28484, 0, 
309, 1, 317, 104, -1, 600, 269, 14.7, 27, Cppppap, 211, 27222, 25153, 924, , 27222, 25000, 28889, 28890, 0, 
310, 1, 298, 413, -1, 579, 331, 15.3, 26, Cppppaa, 215, 26470, 22658, 856, , 26470, 25000, 28756, 28756, 0, 
311, 1, 262, 296, -1, 214, 346, 18.5, 22, MSpppaaa, 89, 27248, 13951, 512, , 27248, 25000, 28800, 28511, 0, 
312, 1, 196, 139, -1, 234, 222, 5.9, 21, ABprpaaapap, 169, 35468, 12343, 348, , 35468, 25000, 36760, 37046, 0, 
313, 1, 295, 315, -1, 473, 213, 12.6, 22, ABplpappppa, 196, 27776, 15888, 572, , 27776, 25000, 28784, 29218, 0, 
314, 1, 166, 232, -1, 315, 193, 8.3, 23, ABprpapaaap, 201, 28267, 16734, 592, , 28267, 25000, 29333, 29221, 0, 
315, 1, 159, 246, -1, 383, 245, 26.4, 27, ABarppapap, 218, 29128, 28778, 988, , 29128, 25000, 28722, 28684, 0, 
316, 1, 408, 234, -1, 424, 232, 14.2, 23, ABplppapppa, 401, 28519, 15400, 540, , 28519, 25000, 29530, 29811, 0, 
317, 1, 93, 23, -1, 157, 319, 23.3, 26, ABplaaaapp, 249, 27093, 23192, 856, , 27093, 25000, 28274, 28449, 0, 
318, 1, 258, 134, -1, 127, 246, 20.6, 24, ABarpaaaapa, 224, 27576, 19303, 700, , 27576, 25000, 29073, 29017, 0, 
319, 1, 107, 292, -1, 171, 167, 15.8, 23, ABalaaaalpp, 219, 29509, 15935, 540, , 29509, 25000, 27744, 27637, 0, 
320, 1, 509, 439, -1, 296, 351, 24.7, 23, MSappppp, 321, 29671, 17565, 592, , 29671, 25000, 29088, 29088, 0, 
321, 1, 71, 192, -1, 492, 197, 15.0, 24, ABplppppaap, 177, 28472, 17311, 608, , 28472, 25000, 28658, 28757, 0, 
322, 1, 36, 219, -1, 166, 297, 10.3, 23, ABpraapaapa, 300, 29309, 17351, 592, , 29309, 25000, 28995, 29515, 0, 
323, 1, 284, 130, -1, 193, 206, 21.8, 23, ABalppppapa, 233, 27622, 14916, 540, , 27622, 25000, 28238, 28396, 0, 
324, 0, 20, -1, -1, 179, 180, 9.5, 22, , 270, 2074, 16148, 512, , 31539, 25000, 29496, 29465, 0, 
325, 1, 28, 166, -1, 462, 154, 16.2, 23, Capappa, 324, 29309, 15827, 540, , 29309, 25000, 28240, 28219, 0, 
326, 0, 2, -1, -1, 333, 201, 26.3, 23, , 192, 2026, 18772, 592, , 31709, 25000, 29279, 29683, 0, 
327, 0, 66, -1, -1, 514, 120, 20.9, 23, , 196, -662, 13684, 496, , 27589, 25000, 28223, 28251, 0, 
328, 1, 206, 123, -1, 479, 237, 23.4, 27, Capaapa, 248, 26562, 26243, 988, , 26562, 25000, 28295, 28365, 0, 
329, 1, 213, 303, -1, 149, 285, 7.4, 28, ABprpaapapa, 271, 29463, 29109, 988, , 29463, 25000, 32222, 32476, 0, 
330, 1, 335, 252, -1, 204, 315, 14.3, 25, MSppaaap, 256, 27135, 20731, 764, , 27135, 25000, 28324, 28506, 0, 
331, 1, 29, 243, -1, 584, 318, 11.2, 29, Caaapp, 259, 27315, 30374, 1112, , 27315, 25000, 28375, 28301, 0, 
332, 1, 281, 408, -1, 212, 222, 23.0, 25, ABalapaaaa, 191, 27575, 21067, 764, , 27575, 25000, 28604, 28705, 0, 
333, 1, 78, 257, -1, 116, 234, 15.7, 24, ABpraapaaaa, 233, 27124, 19095, 704, , 27124, 25000, 27444, 27542, 0, 
334, 1, 176, 181, -1, 156, 265, 8.6, 24, ABpraaaaapv, 174, 29171, 20420, 700, , 29171, 25000, 30065, 30798, 0, 
335, 1, 1, 390, -1, 314, 171, 21.5, 23, ABplpaappaa, 196, 27710, 17513, 632, , 27710, 25000, 28899, 28544, 0, 
336, 1, 187, 28, -1, 378, 272, 16.8, 22, MSaapappp, 186, 29744, 14753, 496, , 29744, 25000, 31008, 31136, 0, 
337, 1, 424, 445, -1, 541, 226, 7.3, 24, ABprapppaaa, 203, 28813, 20284, 704, , 28813, 25000, 32303, 32044, 0, 
338, 1, 167, 72, -1, 394, 187, 20.9, 26, ABplapaapp, 251, 28304, 22643, 800, , 28304, 25000, 28112, 28162, 0, 
339, 1, 114, 242, -1, 273, 208, 6.8, 23, ABprpaapppa, 188, 31539, 17031, 540, , 31539, 25000, 33107, 33380, 0, 
340, 1, 444, 380, -1, 469, 213, 10.1, 22, ABplpapppap, 218, 26694, 12386, 464, , 26694, 25000, 28580, 28587, 0, 
341, 1, 222, 478, -1, 295, 361, 21.7, 22, MSaaaapaa, 195, 27416, 14366, 524, , 27416, 25000, 27926, 27933, 0, 
342, 0, 489, -1, -1, 463, 275, 12.0, 21, , 319, -1653, 10171, 384, , 26487, 25000, 28510, 28140, 0, 
343, 1, 232, 156, -1, 305, 215, 24.3, 23, ABplaapapap, 230, 28343, 16779, 592, , 28343, 25000, 28832, 28983, 0, 
344, 1, 65, 99, -1, 308, 124, 14.9, 23, ABplpaapppa, 202, 28181, 13978, 496, , 28181, 25000, 29111, 29170, 0, 
345, 1, 565, 427, -1, 332, 154, 13.1, 22, ABplpapaaap, 167, 27537, 12777, 464, , 27537, 25000, 28519, 28613, 0, 
346, 1, 198, 178, -1, 305, 167, 7.2, 24, ABarappapap, 169, 29559, 19391, 656, , 29559, 25000, 32664, 32777, 0, 
347, 1, 58, 314, -1, 465, 231, 6.6, 25, ABprpppaaap, 204, 31400, 26125, 832, , 31400, 25000, 32882, 33261, 0, 
348, 1, 233, 201, -1, 359, 275, 8.0, 23, MSpapppaa, 193, 31080, 15913, 512, , 31080, 25000, 31334, 31726, 0, 
349, 1, 486, 505, -1, 243, 302, 19.1, 25, MSaaaaapap, 172, 27631, 19010, 688, , 27631, 25000, 29062, 29077, 0, 
350, 1, 300, 362, -1, 565, 186, 12.6, 26, Cpppppd, 230, 27304, 22717, 832, , 27304, 25000, 29069, 29070, 0, 
351, 1, 387, 289, -1, 536, 241, 23.5, 28, Capapap, 275, 27969, 30207, 1080, , 27969, 25000, 29254, 29243, 0, 
352, 1, 227, 401, -1, 402, 196, 13.9, 22, ABplpaaaapp, -173, 27369, 12699, 464, , 27369, 25000, 28843, 28610, 0, 
353, 1, 210, 62, -1, 185, 284, 17.8, 27, MSaaaaaa, 205, 27495, 23866, 868, , 27495, 25000, 28116, 28222, 0, 
354, 1, 303, 328, -1, 307, 320, 12.3, 24, ABaraapppaa, 206, 27301, 19220, 704, , 27301, 25000, 28032, 28153, 0, 
355, 1, 160, 384, -1, 202, 255, 7.3, 23, ABprpaaaaaa, 193, 30635, 18136, 592, , 30635, 25000, 32231, 32710, 0, 
356, 1, 386, 291, -1, 569, 150, 11.9, 23, Caappv, -48, 28873, 14321, 496, , 28873, 25000, 28382, 28414, 0, 
357, 1, 259, 286, -1, 480, 167, 6.2, 23, ABprappppa, 307, 34574, 18670, 540, , 34574, 25000, 35858, 36022, 0, 
358, 1, 143, 131, -1, 228, 250, 21.0, 22, ABalpaapaap, 194, 26896, 10328, 384, , 26896, 25000, 27882, 28175, 0, 
359, 1, 446, 259, -1, 476, 273, 8.1, 23, MSpappap, 2, 29149, 14458, 496, , 29149, 25000, 30012, 30018, 0, 
360, 1, 127, 191, -1, 314, 259, 11.4, 22, MSpapaaaa, 191, 27729, 15861, 572, , 27729, 25000, 28386, 28446, 0, 
361, 0, 338, -1, -1, 238, 246, 24.4, 22, , 45, 673, 16975, 572, , 29677, 25000, 28956, 29004, 0, 
362, 1, 24, 313, -1, 277, 226, 24.4, 23, ABplaapappa, -9, 29783, 19061, 640, , 29783, 25000, 28548, 28628, 0, 
363, 1, 359, 457, -1, 134, 268, 9.3, 23, ABpraaaaapd, 189, 27394, 16217, 592, , 27394, 25000, 28532, 28375, 0, 
364, 1, 200, 297, -1, 203, 237, 16.4, 23, ABaraaaapaa, 191, 26875, 17200, 640, , 26875, 25000, 28173, 28151, 0, 
365, 1, 291, 159, -1, 258, 233, 7.5, 22, ABprpaaappp, -5, 29904, 15311, 512, , 29904, 25000, 31521, 31603, 0, 
366, 1, 94, 10, -1, 323, 134, 17.5, 24, ABplppaapap, 382, 27784, 21338, 768, , 27784, 25000, 28380, 28375, 0, 
367, 1, 164, 124, -1, 428, 350, 18.5, 33, Earap, 203, 29143, 47328, 1624, , 29143, 25000, 29267, 29360, 0, 
368, 1, 319, 486, -1, 369, 257, 14.8, 29, ABalpappapp, 228, 29075, 32331, 1112, , 29075, 25000, 31651, 31241, 0, 
369, 1, 174, 94, -1, 462, 396, 11.2, 29, Caaaap, 292, 26918, 29933, 1112, , 26918, 25000, 28150, 28145, 0, 
370, 1, 474, 236, -1, 169, 203, 11.9, 22, ABaraaapppa, 57, 29110, 13507, 464, , 29110, 25000, 29960, 30132, 0, 
371, 1, 377, 179, -1, 350, 350, 8.4, 26, ABprapaaapp, 250, 30578, 25441, 832, , 30578, 25000, 30275, 30180, 0, 
372, 1, 138, 186, -1, 286, 323, 8.7, 24, ABpraapapaa, -47, 28720, 20219, 704, , 28720, 25000, 28364, 28422, 0, 
373, 1, 156, 305, -1, 459, 185, 7.9, 20, ABprppppapa, 145, 29854, 9434, 316, , 29854, 25000, 28453, 28356, 0, 
374, 1, 366, 312, -1, 324, 132, 20.5, 28, ABplppaaaap, 243, 27495, 29695, 1080, , 27495, 25000, 28573, 28680, 0, 
375, 1, 14, 411, -1, 495, 344, 7.0, 26, ABarpppppa, 262, 30311, 25825, 852, , 30311, 25000, 33021, 33039, 0, 
376, 1, 150, 264, -1, 530, 210, 8.6, 26, ABprpppaapa, 215, 28698, 23877, 832, , 28698, 25000, 29107, 29265, 0, 
377, 1, 225, 250, -1, 423, 293, 9.5, 22, MSpappppa, 386, 29180, 14940, 512, , 29180, 25000, 28642, 28677, 0, 
378, 1, 447, 429, -1, 175, 191, 25.5, 24, ABplaaapap, 197, 27741, 21305, 768, , 27741, 25000, 28849, 28839, 0, 
379, 1, 328, 41, -1, 371, 162, 22.5, 29, ABplaapppp, 293, 28758, 31059, 1080, , 28758, 25000, 28792, 28852, 0, 
380, 1, 62, 109, -1, 547, 338, 11.7, 26, Cppapap, 269, 28525, 24417, 856, , 28525, 25000, 28539, 28627, 0, 
381, 1, 309, 459, -1, 598, 209, 11.1, 27, Caappd, 250, 27200, 24698, 908, , 27200, 25000, 28109, 28109, 0, 
382, 0, 511, -1, -1, 262, 233, 10.1, 22, , 213, -1966, 12381, 464, , 26683, 25000, 28555, 28649, 0, 
383, 1, 365, 165, -1, 252, 347, 11.4, 23, ABpraapappa, 191, 28933, 18517, 640, , 28933, 25000, 28892, 29043, 0, 
384, 1, 55, 21, -1, 232, 287, 15.6, 22, ABaraaapaap, -148, 27617, 15797, 572, , 27617, 25000, 28523, 28546, 0, 
385, 1, 182, 386, -1, 315, 185, 25.1, 22, ABalppppppap, 143, 29336, 13612, 464, , 29336, 25000, 30317, 30601, 0, 
386, 1, 230, 483, -1, 387, 164, 16.5, 23, ABplppapaaa, 226, 27619, 17455, 632, , 27619, 25000, 27872, 27874, 0, 
387, 1, 329, 373, -1, 410, 248, 21.7, 25, Capaaaa, 572, 27801, 21240, 764, , 27801, 25000, 28222, 28261, 0, 
388, 1, 426, 140, -1, 254, 395, 15.7, 25, ABarpaappp, 201, 27614, 21097, 764, , 27614, 25000, 27503, 27459, 0, 
389, 1, 54, 189, -1, 146, 190, 16.5, 23, ABalaaaarla, 510, 27685, 17497, 632, , 27685, 25000, 27599, 27690, 0, 
390, 1, 360, 171, -1, 517, 333, 17.3, 31, Earpp, 307, 29330, 40123, 1368, , 29330, 25000, 30110, 30138, 0, 
391, 1, 439, 265, -1, 281, 163, 13.7, 22, ABplpapaapa, 359, 27792, 14563, 524, , 27792, 25000, 28911, 28148, 0, 
392, 1, 381, 508, -1, 485, 357, 25.1, 27, Dapppp, 277, 29420, 26713, 908, , 29420, 25000, 28294, 28294, 0, 
393, 1, 272, 154, -1, 288, 382, 17.5, 23, MSpppppp, 237, 27448, 17347, 632, , 27448, 25000, 27919, 27874, 0, 
394, 1, 67, 155, -1, 179, 212, 17.9, 23, ABalaaaalar, 226, 27155, 13469, 496, , 27155, 25000, 27952, 28111, 0, 
395, 1, 133, 287, -1, 558, 262, 15.3, 28, Eprpa, 237, 29449, 31334, 1064, , 29449, 25000, 29231, 29237, 0, 
396, 1, 52, 200, -1, 247, 237, 21.3, 24, ABalpaaapaa, 108, 27129, 19099, 704, , 27129, 25000, 28026, 28395, 0, 
397, 1, 290, 145, -1, 302, 149, 14.7, 22, ABplpapaapp, 212, 29317, 15362, 524, , 29317, 25000, 28960, 28929, 0, 
398, 1, 294, 210, -1, 498, 153, 17.3, 24, ABplpppaapa, 233, 26561, 18699, 704, , 26561, 25000, 28886, 29018, 0, 
399, 1, 431, 247, -1, 265, 217, 19.4, 28, ABalpappaap, 222, 28145, 27807, 988, , 28145, 25000, 28002, 28109, 0, 
400, 1, 95, 174, -1, 316, 261, 21.7, 25, ABaraapapaa, 156, 28313, 21631, 764, , 28313, 25000, 28553, 28367, 0, 
401, 1, 172, 258, -1, 355, 280, 13.9, 22, MSpapapaa, 206, 52099, 24174, 464, , 52099, 25000, 33627, 33923, 0, 
402, 1, 266, 254, -1, 241, 211, 24.8, 25, ABalpppappp, 228, 27767, 19548, 704, , 27767, 25000, 28808, 28634, 0, 
403, 1, 76, 317, -1, 262, 270, 26.3, 25, ABarppaaaa, 247, 27990, 21384, 764, , 27990, 25000, 29221, 29270, 0, 
404, 1, 419, 456, -1, 394, 227, 14.0, 22, ABplppappap, 213, 30766, 11814, 384, , 30766, 25000, 28228, 27885, 0, 
405, 1, 264, 27, -1, 112, 276, 19.1, 25, ABarpapapa, 260, 27449, 18885, 688, , 27449, 25000, 28050, 28050, 0, 
406, 1, 333, 193, -1, 259, 135, 21.0, 23, ABalpppapav, 198, 28484, 14584, 512, , 28484, 25000, 28345, 28511, 0, 
407, 1, 592, 499, -1, 184, 212, 19.6, 25, ABalaaapalr, 168, 26900, 22381, 832, , 26900, 25000, 28362, 28388, 0, 
408, 1, 492, 420, -1, 235, 271, 14.4, 22, ABaraaaaapp, 121, 28091, 16068, 572, , 28091, 25000, 28377, 28308, 0, 
409, 1, 265, 285, -1, 169, 245, 24.4, 25, ABplaaaaapp, -44, 27543, 22916, 832, , 27543, 25000, 28218, 28565, 0, 
410, 1, 336, 163, -1, 498, 226, 7.4, 24, Cppappp, 213, 28806, 20164, 700, , 28806, 25000, 30941, 30803, 0, 
411, 1, 324, 298, -1, 202, 157, 11.7, 29, ABalpapaaap, 251, 28875, 30838, 1068, , 28875, 25000, 28794, 29024, 0, 
412, 1, 496, 208, -1, 241, 136, 14.9, 20, ABalppaappp, 313, 28810, 9104, 316, , 28810, 25000, 29055, 29385, 0, 
413, 1, 358, 203, -1, 224, 313, 25.2, 27, MSappppa, 200, 28230, 24504, 868, , 28230, 25000, 28739, 28804, 0, 
414, 1, 410, 404, -1, 519, 170, 10.4, 23, Cpppppv, 239, 27758, 17765, 640, , 27758, 25000, 28253, 28424, 0, 
415, 1, 229, 428, -1, 300, 148, 22.3, 25, ABplpaapaap, 210, 27455, 20976, 764, , 27455, 25000, 28270, 28271, 0, 
416, 1, 82, 417, -1, 164, 223, 24.0, 22, ABalapapppp, -13, 27901, 10714, 384, , 27901, 25000, 28862, 29125, 0, 
417, 1, 59, 358, -1, 452, 209, 8.1, 22, ABprpppaaaa, 189, 28890, 13405, 464, , 28890, 25000, 29177, 29205, 0, 
418, 0, 417, -1, -1, 591, 175, 13.0, 22, , 186, 2096, 12063, 384, , 31414, 25000, 29277, 29318, 0, 
419, 1, 193, 388, -1, 463, 183, 13.9, 22, ABplpapppaa, 176, 27881, 12937, 464, , 27881, 25000, 28893, 29026, 0, 
420, 1, 392, 284, -1, 409, 229, 15.9, 24, ABplppapapa, 186, 27957, 16886, 604, , 27957, 25000, 28350, 28580, 0, 
421, 1, 180, 331, -1, 557, 277, 19.1, 33, Eplap, 252, 28881, 50137, 1736, , 28881, 25000, 29027, 29139, 0, 
422, 1, 352, 423, -1, 343, 332, 12.8, 24, MSpapappa, 150, 26933, 17668, 656, , 26933, 25000, 28820, 28944, 0, 
423, 1, 111, 441, -1, 497, 255, 10.4, 26, ABprpppppaa, 199, 28867, 24017, 832, , 28867, 25000, 28779, 28909, 0, 
424, 1, 350, 397, -1, 441, 236, 10.5, 22, ABprppapppa, 47, 28156, 14416, 512, , 28156, 25000, 28121, 28212, 0, 
425, 1, 70, 290, -1, 370, 273, 11.1, 22, MSpapapap, 199, 51938, 24099, 464, , 51938, 25000, 32270, 32540, 0, 
426, 1, 315, 458, -1, 497, 309, 10.8, 26, MSpppaap, -544, 29812, 23730, 796, , 29812, 25000, 28825, 28806, 0, 
427, 1, 416, 149, -1, 159, 222, 17.0, 25, ABalaaaarlp, -380, 26584, 20310, 764, , 26584, 25000, 28151, 27967, 0, 
428, 1, 87, 235, -1, 221, 179, 19.7, 24, ABalppappaa, -13, 28740, 20233, 704, , 28740, 25000, 28901, 28759, 0, 
429, 1, 144, 19, -1, 390, 288, 9.9, 22, MSpapppap, 165, 27761, 12881, 464, , 27761, 25000, 30342, 30250, 0, 
430, 1, 316, 288, -1, 424, 302, 17.5, 30, Ealpa, -76, 27763, 34204, 1232, , 27763, 25000, 28948, 28965, 0, 
431, 1, 135, 78, -1, 296, 209, 17.5, 23, ABalpappppp, 216, 27877, 17618, 632, , 27877, 25000, 28719, 28768, 0, 
432, 1, 409, 343, -1, 217, 210, 4.6, 24, ABprpaapapp, 21, 46047, 32233, 700, , 46047, 25000, 41478, 42044, 0, 
433, 1, 100, 379, -1, 408, 270, 8.9, 23, ABprppapaap, 195, 29327, 14546, 496, , 29327, 25000, 29517, 29719, 0, 
434, 1, 493, 410, -1, 340, 199, 24.2, 27, ABplapaaapa, 264, 27501, 23871, 868, , 27501, 25000, 29494, 29590, 0, 
435, 1, 345, 248, -1, 293, 267, 13.9, 23, ABarapapppp, 198, 28486, 14129, 496, , 28486, 25000, 28255, 28253, 0, 
436, 1, 175, 422, -1, 602, 257, 11.2, 27, Cpappd, -148, 27744, 24082, 868, , 27744, 25000, 27722, 27648, 0, 
437, 1, 120, 117, -1, 315, 341, 7.7, 25, ABprapaaapa, 241, 28812, 22012, 764, , 28812, 25000, 30494, 30561, 0, 
438, 1, 191, 66, -1, 226, 374, 20.7, 30, ABarpaappa, 301, 27700, 36232, 1308, , 27700, 25000, 27924, 27941, 0, 
439, 1, 405, 263, -1, 121, 214, 18.2, 28, ABplaapaaaa, 249, 28749, 30244, 1052, , 28749, 25000, 27816, 27903, 0, 
440, 1, 512, 435, -1, 111, 235, 18.4, 25, ABarpaaaaar, 279, 27919, 23229, 832, , 27919, 25000, 28546, 28261, 0, 
441, 1, 268, 276, -1, 566, 191, 9.2, 24, ABprapapppp, 154, 27340, 17935, 656, , 27340, 25000, 29628, 29483, 0, 
442, 1, 216, 256, -1, 215, 233, 19.1, 24, ABalpaapaaa, 201, 27381, 16538, 604, , 27381, 25000, 28018, 28170, 0, 
443, 1, 468, 395, -1, 202, 192, 12.5, 24, ABalpapaapa, 174, 28348, 21771, 768, , 28348, 25000, 29269, 29261, 0, 
444, 1, 245, 440, -1, 470, 292, 12.3, 31, Z2, 32, 28399, 38850, 1368, , 28399, 25000, 29058, 29037, 0, 
445, 1, 255, 211, -1, 223, 368, 10.4, 25, ABarpapppp, 198, 27197, 22628, 832, , 27197, 25000, 27603, 27591, 0, 
446, 0, 527, -1, -1, 304, 188, 13.9, 22, , 155, 886, 13771, 464, , 29679, 25000, 28594, 28793, 0, 
447, 1, 50, 361, -1, 297, 319, 20.5, 23, MSaaaapap, 362, 28378, 17935, 632, , 28378, 25000, 28110, 28154, 0, 
448, 1, 4, 350, -1, 277, 125, 10.3, 28, ABplaappap, -2, 27544, 29307, 1064, , 27544, 25000, 28144, 28163, 0, 
449, 1, 362, 4, -1, 370, 222, 23.5, 25, ABplapaaapp, 234, 29052, 22312, 768, , 29052, 25000, 28718, 28808, 0, 
450, 1, 356, 524, -1, 227, 203, 15.1, 22, ABalpaappap, 163, 27343, 12687, 464, , 27343, 25000, 28424, 28806, 0, 
451, 1, 465, 509, -1, 551, 153, 10.8, 22, ABprppppppp, 209, 26942, 13363, 496, , 26942, 25000, 28316, 28039, 0, 
452, 1, 137, 176, -1, 378, 198, 12.4, 24, ABplppaappa, 99, 30490, 21343, 700, , 30490, 25000, 28351, 28424, 0, 
453, 1, 497, 442, -1, 477, 238, 26.0, 28, ABarppappa, 286, 27764, 31318, 1128, , 27764, 25000, 27814, 28012, 0, 
454, 1, 459, 69, -1, 458, 249, 14.5, 26, MSapaapp, 238, 28645, 25666, 896, , 28645, 25000, 28224, 28232, 0, 
455, 1, 237, 231, -1, 206, 222, 7.8, 23, ABprpaaapaa, 215, 30454, 16445, 540, , 30454, 25000, 31196, 31849, 0, 
456, 1, 394, 345, -1, 336, 313, 5.3, 27, ABpraapppp, -5, 39167, 36190, 924, , 39167, 25000, 37226, 37365, 0, 
457, 0, 499, -1, -1, 276, 245, 7.5, 21, , 120, -1395, 15373, 512, , 30025, 25000, 31557, 31420, 0, 
458, 1, 310, 169, -1, 498, 383, 14.4, 25, Cpppaap, 31, 28200, 23462, 832, , 28200, 25000, 28439, 28439, 0, 
459, 1, 451, 487, -1, 323, 214, 8.9, 22, ABprpapapap, 195, 27138, 12592, 464, , 27138, 25000, 28352, 28351, 0, 
460, 1, 45, 60, -1, 289, 239, 22.4, 22, ABalpaapapp, 132, 28365, 16225, 572, , 28365, 25000, 27588, 27844, 0, 
461, 1, 453, 357, -1, 506, 264, 5.3, 25, ABprapapap, 252, 35919, 27442, 764, , 35919, 25000, 37991, 38004, 0, 
462, 0, 513, -1, -1, 160, 260, 20.6, 23, , 185, -2699, 16890, 640, , 26391, 25000, 28757, 29090, 0, 
463, 0, 448, -1, -1, 278, 247, 20.1, 22, , 127, -466, 12804, 464, , 27595, 25000, 28113, 28061, 0, 
464, 1, 27, 34, -1, 367, 305, 11.7, 25, MSpapaapp, 139, 28393, 21692, 764, , 28393, 25000, 29610, 29499, 0, 
465, 1, 407, 461, -1, 450, 216, 12.9, 22, ABprpapappp, 197, 27006, 12531, 464, , 27006, 25000, 28378, 28551, 0, 
466, 0, 293, -1, -1, 204, 327, 9.0, 22, , 164, 1339, 11844, 384, , 30844, 25000, 29208, 29505, 0, 
467, 1, 411, 342, -1, 455, 295, 9.1, 22, MSpappppp, 55, 27056, 12554, 464, , 27056, 25000, 29143, 29190, 0, 
468, 1, 11, 318, -1, 256, 163, 14.5, 23, ABalppapppa, 18, 27055, 17099, 632, , 27055, 25000, 28522, 28280, 0, 
469, 1, 42, 38, -1, 260, 151, 25.4, 26, ABalpppppppa, 268, 27996, 23293, 832, , 27996, 25000, 28643, 28704, 0, 
470, 0, 514, -1, -1, 286, 143, 17.9, 22, , 159, 870, 13552, 464, , 29207, 25000, 28319, 28337, 0, 
471, 1, 194, 6, -1, 333, 235, 20.5, 27, ABaraapappa, 256, 28393, 25440, 896, , 28393, 25000, 29133, 29140, 0, 
472, 1, 393, 400, -1, 263, 184, 16.8, 23, MSapaaaa, 148, 27772, 14997, 540, , 27772, 25000, 27643, 27532, 0, 
473, 1, 239, 275, -1, 302, 162, 10.2, 22, ABprpappaap, 177, 28613, 14192, 496, , 28613, 25000, 29121, 28940, 0, 
474, 1, 353, 484, -1, 178, 273, 22.3, 23, ABalapapapp, 235, 26843, 15891, 592, , 26843, 25000, 28172, 28366, 0, 
475, 1, 274, 394, -1, 449, 394, 15.1, 27, Dppppp, 267, 27964, 25391, 908, , 27964, 25000, 29274, 29271, 0, 
476, 1, 85, 405, -1, 278, 167, 11.3, 25, ABalpapapaa, 222, 29800, 22767, 764, , 29800, 25000, 28272, 28176, 0, 
477, 1, 498, 127, -1, 321, 292, 12.3, 24, ABaraappppp, 199, 28119, 19796, 704, , 28119, 25000, 28728, 28751, 0, 
478, 1, 555, 85, -1, 313, 256, 8.0, 22, Dpapa, 209, 28753, 11041, 384, , 28753, 25000, 30422, 30681, 0, 
479, 1, 244, 503, -1, 242, 261, 7.0, 20, MSppapap, 416, 28832, 9111, 316, , 28832, 25000, 32270, 32294, 0, 
480, 1, 256, 385, -1, 426, 383, 12.4, 26, Cpppaaa, 224, 28365, 23600, 832, , 28365, 25000, 29821, 29836, 0, 
481, 0, 505, -1, -1, 537, 266, 15.4, 23, , 133, -1975, 17259, 640, , 26967, 25000, 28891, 28942, 0, 
482, 1, 289, 147, -1, 399, 246, 11.7, 23, ABprppappaa, 98, 29456, 17438, 592, , 29456, 25000, 28825, 28999, 0, 
483, 1, 473, 447, -1, 216, 285, 19.9, 25, ABaraapaaap, -84, 28920, 19897, 688, , 28920, 25000, 28226, 28345, 0, 
484, 0, 443, -1, -1, 370, 154, 19.5, 23, , -165, -542, 17610, 632, , 27864, 25000, 28351, 28406, 0, 
485, 1, 186, 95, -1, 229, 318, 11.1, 22, ABpraaapaad, 321, 28028, 13005, 464, , 28028, 25000, 29297, 29386, 0, 
486, 1, 276, 452, -1, 416, 323, 14.2, 29, Earpa, -24, 28388, 31568, 1112, , 28388, 25000, 29573, 29576, 0, 
487, 1, 551, 273, -1, 346, 176, 20.8, 24, Daaaa, 189, 28901, 18959, 656, , 28901, 25000, 29661, 29706, 0, 
488, 1, 17, 479, -1, 364, 174, 13.8, 22, ABplpapappa, 69, 28607, 14189, 496, , 28607, 25000, 28750, 28847, 0, 
489, 1, 72, 355, -1, 291, 393, 13.8, 25, ABarpppapa, 91, 27662, 19474, 704, , 27662, 25000, 28175, 28123, 0, 
490, 0, 313, -1, -1, 337, 344, 20.8, 22, , 78, -534, 14064, 496, , 28355, 25000, 29037, 28889, 0, 
491, 1, 115, 476, -1, 187, 230, 23.6, 21, ABalapapppa, 343, 27832, 14584, 524, , 27832, 25000, 28688, 28775, 0, 
492, 1, 515, 500, -1, 205, 238, 9.2, 21, ABarappppap, 132, 29044, 12431, 428, , 29044, 25000, 29070, 28826, 0, 
493, 1, 480, 496, -1, 571, 153, 20.9, 29, Cpapaa, 59, 27902, 33706, 1208, , 27902, 25000, 27830, 27836, 0, 
494, 1, 414, 283, -1, 176, 197, 9.0, 23, ABarapppaap, -7, 28057, 14365, 512, , 28057, 25000, 29030, 29226, 0, 
495, 1, 330, 121, -1, 181, 286, 13.0, 21, ABalappapap, 274, 26591, 10211, 384, , 26591, 25000, 28231, 28326, 0, 
496, 1, 369, 29, -1, 302, 171, 13.1, 22, ABplpapaaaa, 55, 27722, 12863, 464, , 27722, 25000, 28416, 28439, 0, 
497, 1, 455, 467, -1, 174, 167, 17.6, 25, ABalaaaalpa, -13, 29919, 24893, 832, , 29919, 25000, 28510, 28179, 0, 
498, 1, 495, 494, -1, 384, 254, 14.4, 20, MSaappaa, -78, 28643, 11801, 412, , 28643, 25000, 29026, 28702, 0, 
499, 1, 12, 330, -1, 270, 248, 12.2, 23, ABarapaaaap, 75, 30563, 16504, 540, , 30563, 25000, 28787, 28706, 0, 
500, 1, 145, 495, -1, 117, 266, 17.1, 20, ABarpaaapaa, -43, 28171, 8902, 316, , 28171, 25000, 28087, 28027, 0, 
501, 1, 104, 280, -1, 129, 211, 15.1, 22, ABalaaaparr, 223, 26371, 12236, 464, , 26371, 25000, 27503, 27728, 0, 
502, 0, 487, -1, -1, 275, 290, 15.4, 27, , 533, 572, 28675, 988, , 29023, 25000, 28507, 28451, 0, 
503, 1, 422, 2, -1, 403, 319, 8.1, 25, Cppaaaa, 198, 27996, 19261, 688, , 27996, 25000, 30345, 30118, 0, 
504, 0, 524, -1, -1, 473, 146, 8.3, 22, , -33, -184, 14972, 524, , 28573, 25000, 28670, 28757, 0, 
505, 1, 248, 502, -1, 186, 194, 17.4, 22, ABalaaaalal, 286, 28913, 16538, 572, , 28913, 25000, 27833, 27796, 0, 
506, 1, 357, 316, -1, 500, 138, 19.9, 22, ABplapppaaa, 161, 26392, 12246, 464, , 26392, 25000, 28493, 28516, 0, 
507, 1, 13, 76, -1, 454, 237, 8.7, 22, ABprppapppp, 81, 29059, 15227, 524, , 29059, 25000, 29228, 29434, 0, 
508, 1, 5, 468, -1, 239, 324, 7.0, 22, ABpraaapppaa, 299, 30427, 11684, 384, , 30427, 25000, 32461, 32637, 0, 
509, 1, 519, 412, -1, 224, 220, 17.5, 22, ABaraaaaaaa, 217, 27207, 13930, 512, , 27207, 25000, 27564, 27813, 0, 
510, 1, 516, 470, -1, 299, 249, 19.5, 23, ABalpaaappp, 112, 28484, 18002, 632, , 28484, 25000, 28437, 28518, 0, 
511, 1, 517, 618, -1, 347, 257, 7.1, 24, Dpapp, 156, 28927, 17472, 604, , 28927, 25000, 33794, 34141, 0, 
512, 1, 518, 141, -1, 251, 365, 14.4, 22, MSppppap, 266, 26222, 14999, 572, , 26222, 25000, 27987, 27900, 0, 
513, 0, 108, -1, -1, 213, 169, 17.1, 24, , 239, -1487, 16239, 604, , 26886, 25000, 28585, 28373, 0, 
514, 0, 277, -1, -1, 338, 310, 20.8, 22, , 228, -1006, 13736, 496, , 27694, 25000, 28682, 28700, 0, 
515, 1, 240, 497, -1, 320, 170, 26.7, 26, ABarppaaap, 269, 28076, 24033, 856, , 28076, 25000, 30015, 29986, 0, 
516, 1, 553, 511, -1, 372, 213, 20.9, 22, Dapaa, 194, 27774, 12887, 464, , 27774, 25000, 29538, 29576, 0, 
517, 0, 521, -1, -1, 456, 318, 17.3, 22, , 188, 713, 15257, 524, , 29116, 25000, 28321, 28403, 0, 
518, 1, 522, 513, -1, 225, 183, 7.8, 22, ABarapppapp, 316, 29526, 14645, 496, , 29526, 25000, 31029, 31123, 0, 
519, 1, 523, 438, -1, 155, 235, 9.0, 23, ABalaaapprr, -114, 29268, 14985, 512, , 29268, 25000, 29528, 29291, 0, 
520, 1, 190, 517, -1, 325, 390, 17.4, 26, Dpppaa, 192, 29238, 24326, 832, , 29238, 25000, 28347, 28436, 0, 
521, 1, 510, 593, -1, 522, 138, 9.8, 23, ABprppppppa, 446, 29063, 15694, 540, , 29063, 25000, 29684, 30069, 0, 
522, 1, 525, 617, -1, 178, 212, 16.0, 22, ABalpaapppa, 190, 29544, 11345, 384, , 29544, 25000, 27974, 28104, 0, 
523, 0, 234, -1, -1, 336, 181, 11.8, 22, , 392, 2734, 15897, 496, , 32050, 25000, 29331, 29316, 0, 
524, 1, 603, 523, -1, 213, 220, 13.5, 24, ABaraaappap, 191, 27521, 21136, 768, , 27521, 25000, 29582, 29507, 0, 
525, 1, 526, 521, -1, 327, 342, 15.866667, 22, MSpaapapa, 164, 26690, 12384, 464, , 26690, 25000, 28755, 28798, 0, 
526, 1, 528, 525, -1, 294, 170, 17.0, 22, MSappapp, 153, 28302, 10868, 384, , 28302, 25000, 29067, 28994, 0, 
527, 1, 463, 526, -1, 288, 140, 24.0, 23, ABalpppppppp, 223, 28576, 14631, 512, , 28576, 25000, 28118, 28344, 0, 
528, 1, 529, 527, -1, 374, 194, 18.0, 23, MSaapppaa, 140, 28188, 14432, 512, , 28188, 25000, 28589, 28610, 0, 
529, 1, 530, 528, -1, 207, 256, 18.0, 22, ABaraaaapap, 71, 28188, 10824, 384, , 28188, 25000, 27764, 27827, 0, 
530, 1, 531, 529, -1, 291, 274, 22.0, 22, MSaaapaap, 136, 29891, 11478, 384, , 29891, 25000, 28290, 28087, 0, 
531, 1, 532, 216, -1, 335, 314, 22.0, 22, MSaaapapa, 171, 27076, 10397, 384, , 27076, 25000, 28454, 28492, 0, 
532, 1, 533, 530, -1, 355, 330, 22.0, 23, MSaaapapp, 512, 27656, 14160, 512, , 27656, 25000, 29177, 29205, 0, 
533, 1, 534, 531, -1, 350, 280, 22.0, 24, MSaapappa, 160, 27222, 16551, 608, , 27222, 25000, 29039, 28863, 0, 
534, 1, 535, 532, -1, 352, 244, 21.0, 24, MSaapaapa, 158, 29888, 18172, 608, , 29888, 25000, 31477, 31745, 0, 
535, 1, 536, 533, -1, 430, 235, 19.0, 26, MSaapppp, 216, 28461, 24249, 852, , 28461, 25000, 27522, 27515, 0, 
536, 1, 537, 534, -1, 397, 223, 19.0, 24, MSaapppap, 54, 29263, 17792, 608, , 29263, 25000, 27963, 27968, 0, 
537, 0, 538, -1, -1, 201, 168, 22.0, 22, , -117, 460, 10969, 384, , 28565, 25000, 28156, 28105, 0, 
538, 1, 539, 537, -1, 488, 223, 21.0, 24, MSappaap, 207, 28160, 17121, 608, , 28160, 25000, 27784, 27686, 0, 
539, 1, 540, 538, -1, 341, 236, 24.0, 24, MSapapaa, -457, 28842, 17536, 608, , 28842, 25000, 29259, 29295, 0, 
540, 1, 541, 539, -1, 349, 348, 16.0, 23, MSpaapapp, 224, 28574, 14630, 512, , 28574, 25000, 27653, 27766, 0, 
541, 1, 371, 540, -1, 300, 330, 16.0, 23, MSpaapaaa, 201, 28121, 14398, 512, , 28121, 25000, 29073, 29172, 0, 
542, 1, 542, 541, -1, 285, 288, 9.0, 22, MSppppaa, 578, 28237, 10843, 384, , 28237, 25000, 28118, 28224, 0, 
543, 1, 543, 542, -1, 176, 328, 16.0, 24, ABarpapaapp, 214, 27559, 16756, 608, , 27559, 25000, 28033, 27947, 0, 
544, 1, 544, 543, -1, 156, 316, 19.0, 22, ABalapppapp, -98, 30250, 11616, 384, , 30250, 25000, 28089, 28197, 0, 
545, 1, 545, 544, -1, 242, 252, 11.0, 23, MSppaaaa, 328, 26461, 13548, 512, , 26461, 25000, 27961, 27981, 0, 
546, 1, 546, 515, -1, 236, 155, 21.0, 22, ABalapaapaa, 199, 30781, 11820, 384, , 30781, 25000, 28002, 28283, 0, 
547, 1, 547, 545, -1, 273, 296, 25.0, 22, MSapppap, -72, 30182, 11590, 384, , 30182, 25000, 28371, 28235, 0, 
548, 1, 548, 546, -1, 479, 303, 27.0, 28, Cpaapa, 264, 28191, 31800, 1128, , 28191, 25000, 29283, 29225, 0, 
549, 1, 549, 547, -1, 363, 315, 9.0, 24, Dppaa, -245, 29730, 18076, 608, , 29730, 25000, 29704, 29845, 0, 
550, 1, 550, 548, -1, 320, 306, 8.0, 24, Dpaaa, 213, 27683, 16831, 608, , 27683, 25000, 30814, 30781, 0, 
551, 1, 552, 549, -1, 318, 312, 25.0, 25, Daaap, 210, 28734, 21953, 764, , 28734, 25000, 28591, 28611, 0, 
552, 1, 554, 550, -1, 429, 342, 23.0, 29, Dapppa, 237, 29143, 35788, 1228, , 29143, 25000, 28899, 28893, 0, 
553, 1, 470, 551, -1, 294, 249, 8.0, 24, MSpppapp, 308, 29252, 17785, 608, , 29252, 25000, 30081, 29617, 0, 
554, 1, 556, 552, -1, 493, 159, 10.0, 22, Caapaa, -59, 28596, 10981, 384, , 28596, 25000, 28405, 28561, 0, 
555, 1, 557, 553, -1, 281, 337, 7.5, 20, ABpraaapppap, 151, 30380, 12638, 416, , 30380, 25000, 29889, 30330, 0, 
556, 1, 558, 554, -1, 317, 198, 5.0, 27, ABpraapppa, 260, 37359, 38555, 1032, , 37359, 25000, 37494, 37652, 0, 
557, 1, 559, 555, -1, 222, 208, 7.0, 22, ABalaapappp, 28, 31336, 12033, 384, , 31336, 25000, 31995, 33718, 0, 
558, 1, 560, 556, -1, 279, 201, 8.0, 23, ABprpapaapa, 213, 30619, 15677, 512, , 30619, 25000, 29293, 28975, 0, 
559, 1, 562, 488, -1, 257, 173, 11.0, 22, ABprpappaaa, 316, 29990, 11516, 384, , 29990, 25000, 28871, 29002, 0, 
560, 1, 563, 557, -1, 411, 221, 12.0, 22, ABprpappapp, 187, 28133, 10803, 384, , 28133, 25000, 27970, 28072, 0, 
561, 1, 564, 558, -1, 336, 187, 13.0, 25, ABplpappaap, 260, 27637, 21115, 764, , 27637, 25000, 29981, 30083, 0, 
562, 1, 566, 559, -1, 417, 223, 11.0, 22, ABplpapappp, 124, 27039, 10383, 384, , 27039, 25000, 27965, 28398, 0, 
563, 1, 567, 560, -1, 219, 243, 15.0, 21, ABaraaaaapa, 171, 26313, 10104, 384, , 26313, 25000, 28206, 27994, 0, 
564, 1, 568, 501, -1, 244, 231, 20.0, 20, ABaraaaaaap, 152, 25937, 8196, 316, , 25937, 25000, 28088, 28253, 0, 
565, 1, 571, 561, -1, 291, 295, 12.0, 20, ABarapaappp, 363, 27820, 8791, 316, , 27820, 25000, 29386, 29310, 0, 
566, 0, 572, -1, -1, 204, 285, 9.0, 22, , 127, -2020, 13521, 512, , 26408, 25000, 28265, 28428, 0, 
567, 1, 573, 563, -1, 208, 274, 8.0, 22, ABalaapppaa, 127, 31036, 11918, 384, , 31036, 25000, 29976, 29984, 0, 
568, 1, 574, 564, -1, 199, 185, 10.0, 22, ABalaapappa, 326, 27745, 10654, 384, , 27745, 25000, 30160, 30237, 0, 
569, 1, 575, 565, -1, 166, 222, 8.0, 22, ABalaappapp, 228, 28297, 10866, 384, , 28297, 25000, 29102, 29371, 0, 
570, 1, 576, 566, -1, 180, 307, 20.0, 23, ABalapppapa, 187, 27344, 14000, 512, , 27344, 25000, 27568, 27548, 0, 
571, 1, 577, 567, -1, 161, 308, 14.0, 22, ABalappappp, 428, 26409, 10141, 384, , 26409, 25000, 27836, 27801, 0, 
572, 1, 579, 568, -1, 146, 270, 14.0, 24, ABalappappa, 114, 27923, 16977, 608, , 27923, 25000, 28266, 28312, 0, 
573, 1, 580, 615, -1, 154, 319, 15.0, 23, ABalapppppp, 371, 27270, 13962, 512, , 27270, 25000, 28012, 27989, 0, 
574, 1, 581, 569, -1, 184, 261, 10.0, 23, ABalaappppa, 266, 30336, 15532, 512, , 30336, 25000, 28454, 28632, 0, 
575, 1, 582, 616, -1, 177, 258, 8.0, 20, ABalaappapa, 0, 30354, 9592, 316, , 30354, 25000, 29579, 29841, 0, 
576, 1, 578, 570, -1, 130, 218, 14.0, 22, ABalaaappll, 101, 26755, 10274, 384, , 26755, 25000, 27985, 28519, 0, 
577, 1, 461, 571, -1, 163, 252, 13.0, 22, ABalaaapprl, 200, 27391, 10518, 384, , 27391, 25000, 28208, 28495, 0, 
578, 1, 583, 572, -1, 153, 259, 16.0, 22, ABalappppaa, 122, 28656, 11004, 384, , 28656, 25000, 28147, 28233, 0, 
579, 1, 584, 573, -1, 170, 236, 19.0, 24, ABalapappaa, -6, 29503, 17938, 608, , 29503, 25000, 27685, 27965, 0, 
580, 1, 585, 574, -1, 180, 235, 12.0, 22, ABalaapaaar, 168, 27742, 10653, 384, , 27742, 25000, 28714, 28765, 0, 
581, 1, 586, 575, -1, 151, 251, 10.0, 22, ABalaappppp, -9, 30102, 11559, 384, , 30102, 25000, 29089, 29199, 0, 
582, 1, 587, 576, -1, 167, 155, 19.0, 22, ABalaaapall, 176, 28721, 11029, 384, , 28721, 25000, 28078, 27709, 0, 
583, 1, 588, 514, -1, 157, 227, 15.133333, 23, ABalaaaarrp, 0, 27986, 13881, 496, , 27986, 25000, 28474, 28522, 0, 
584, 1, 589, 577, -1, 125, 202, 17.0, 22, ABalaaaparl, 228, 27286, 10478, 384, , 27286, 25000, 27582, 27364, 0, 
585, 1, 590, 578, -1, 150, 226, 11.0, 22, ABalaapaapa, 200, 28378, 10897, 384, , 28378, 25000, 29286, 28902, 0, 
586, 1, 591, 579, -1, 157, 200, 22.0, 22, ABalapaaapp, -33, 27844, 10692, 384, , 27844, 25000, 28722, 28495, 0, 
587, 1, 594, 580, -1, 253, 267, 23.0, 23, ABalpaapapa, 83, 27758, 14212, 512, , 27758, 25000, 28801, 28925, 0, 
588, 1, 595, 581, -1, 256, 219, 16.0, 23, ABalpaaaapa, 226, 28367, 14524, 512, , 28367, 25000, 28567, 28953, 0, 
589, 0, 596, -1, -1, 203, 177, 16.0, 20, , -140, 477, 11074, 384, , 28839, 25000, 28525, 28362, 0, 
590, 1, 597, 584, -1, 201, 184, 21.0, 22, ABalapaappa, 156, 29065, 11161, 384, , 29065, 25000, 28922, 29214, 0, 
591, 1, 598, 585, -1, 192, 151, 18.0, 25, ABalppaaapp, 243, 28202, 21546, 764, , 28202, 25000, 28291, 28325, 0, 
592, 1, 413, 586, -1, 352, 160, 18.0, 22, Daapp, 140, 28281, 10860, 384, , 28281, 25000, 28829, 29033, 0, 
593, 1, 599, 587, -1, 267, 208, 15.0, 24, ABalpappapa, -32, 27850, 16933, 608, , 27850, 25000, 28905, 28838, 0, 
594, 1, 600, 588, -1, 215, 168, 17.0, 22, ABalppappap, -140, 27039, 10383, 384, , 27039, 25000, 28456, 28344, 0, 
595, 1, 149, 590, -1, 223, 161, 14.0, 23, ABalppapppp, 188, 30670, 15703, 512, , 30670, 25000, 29509, 30214, 0, 
596, 1, 601, 591, -1, 204, 176, 16.0, 22, ABalppapaaa, 248, 29706, 11407, 384, , 29706, 25000, 28454, 28364, 0, 
597, 1, 602, 592, -1, 188, 321, 13.0, 20, ABalapppppa, 0, 26184, 8274, 316, , 26184, 25000, 29006, 29139, 0, 
598, 1, 469, 594, -1, 199, 231, 15.0, 23, ABaraaappaa, 33, 29986, 15353, 512, , 29986, 25000, 27823, 27824, 0, 
599, 1, 604, 595, -1, 422, 335, 27.0, 31, Cpaaap, 220, 28258, 44647, 1580, , 28258, 25000, 28510, 28542, 0, 
600, 1, 203, 333, -1, 157, 258, 21.2, 25, ABplaaaaaaa, 218, 28325, 19941, 704, , 28325, 25000, 28748, 29221, 0, 
601, 1, 605, 596, -1, 396, 350, 24.0, 27, Dappap, -35, 28599, 29514, 1032, , 28599, 25000, 28251, 28361, 0, 
602, 1, 606, 597, -1, 234, 305, 23.0, 23, MSaaapaaa, 214, 27439, 14049, 512, , 27439, 25000, 28487, 28430, 0, 
603, 1, 607, 598, -1, 282, 308, 7.0, 22, ABprpaappaa, 152, 28109, 10794, 384, , 28109, 25000, 31915, 30303, 0, 
604, 1, 608, 599, -1, 248, 150, 18.0, 22, ABplpaaappa, 174, 27466, 10547, 384, , 27466, 25000, 27986, 28072, 0, 
605, 1, 609, 614, -1, 164, 209, 11.0, 20, ABaraaapppp, 214, 30304, 9576, 316, , 30304, 25000, 28211, 28685, 0, 
606, 1, 610, 600, -1, 213, 282, 18.0, 23, ABaraappaaa, 88, 27670, 14167, 512, , 27670, 25000, 27817, 28183, 0, 
607, 1, 285, 601, -1, 117, 229, 20.0, 21, ABarpaaaaal, 210, 28133, 10803, 384, , 28133, 25000, 28884, 28813, 0, 
608, 1, 611, 602, -1, 148, 277, 16.0, 22, ABalappppap, -308, 29901, 11482, 384, , 29901, 25000, 28210, 28519, 0, 
609, 1, 612, 603, -1, 172, 178, 20.0, 22, ABalapaappp, -32, 28604, 10984, 384, , 28604, 25000, 28959, 28987, 0, 
610, 1, 613, 604, -1, 152, 281, 21.0, 22, ABalapapapa, -370, 25797, 9906, 384, , 25797, 25000, 28448, 28791, 0, 
611, 1, 614, 605, -1, 175, 286, 12.0, 20, ABalappapaa, 181, 27177, 8588, 316, , 27177, 25000, 27498, 27842, 0, 
612, 1, 615, 606, -1, 166, 296, 12.0, 20, ABpraaapapa, 181, 26953, 8517, 316, , 26953, 25000, 28337, 28572, 0, 
613, 1, 616, 607, -1, 241, 212, 18.0, 22, ABalpaaaaaa, 256, 26938, 10344, 384, , 26938, 25000, 27896, 28183, 0, 
614, 1, 491, 608, -1, 274, 168, 24.0, 22, ABalppppppaa, 189, 28995, 11134, 384, , 28995, 25000, 29351, 29423, 0, 
615, 1, 617, 609, -1, 406, 323, 25.0, 27, Dapap, 291, 28585, 29500, 1032, , 28585, 25000, 28728, 28593, 0, 
616, 1, 618, 610, -1, 312, 203, 20.5, 22, MSapppaa, 117, 27596, 14129, 512, , 27596, 25000, 28589, 28538, 0, 
617, 1, 619, 611, -1, 221, 206, 8.0, 23, ABarapppppa, -11, 28623, 14655, 512, , 28623, 25000, 30079, 30079, 0, 
618, 1, 513, 612, -1, 165, 256, 18.0, 22, ABalapppaaa, 125, 27310, 10487, 384, , 27310, 25000, 28373, 28544, 0, 
619, 1, 620, 613, -1, 144, 273, 20.0, 23, ABalappaap, 226, 27422, 14040, 512, , 27422, 25000, 28878, 29542, 0, 
