1, 1, 276, 146, -1, 269, 185, 19.9, 25, MSapapap, 511, 29384, 20216, 688, , 29384, 25000, 28563, 28615, 0, 
2, 1, 493, 16, -1, 332, 238, 19.2, 28, ABaraapappp, 207, 28565, 30050, 1052, , 28565, 25000, 29437, 29408, 0, 
3, 1, 386, 385, -1, 497, 226, 7.2, 24, Cppappp, 214, 30474, 19991, 656, , 30474, 25000, 32018, 31977, 0, 
4, 1, 349, 259, -1, 359, 380, 10.0, 26, ABarpppapp, 248, 27982, 23841, 852, , 27982, 25000, 28507, 28477, 0, 
5, 1, 378, 451, -1, 420, 290, 9.4, 22, MSpappppa, 168, 27369, 15655, 572, , 27369, 25000, 29100, 29288, 0, 
6, 1, 4, 493, -1, 374, 167, 22.3, 30, ABplaapppp, 235, 27937, 36542, 1308, , 27937, 25000, 28348, 28092, 0, 
7, 1, 174, 115, -1, 447, 257, 8.6, 22, ABprppapapp, 202, 28357, 16220, 572, , 28357, 25000, 29573, 29802, 0, 
8, 1, 11, 167, -1, 459, 195, 22.6, 27, ABplappapp, 169, 27583, 27252, 988, , 27583, 25000, 28281, 28268, 0, 
9, 1, 431, 299, -1, 579, 333, 15.3, 28, Cppppaa, 108, 28297, 30108, 1064, , 28297, 25000, 29045, 29042, 0, 
10, 1, 302, 1, -1, 176, 155, 22.7, 27, ABplpaapapa, 258, 28045, 25914, 924, , 28045, 25000, 28433, 28175, 0, 
11, 1, 170, 499, -1, 495, 254, 10.4, 25, ABprpppppaa, 169, 29102, 24213, 832, , 29102, 25000, 28504, 28567, 0, 
12, 1, 436, 17, -1, 277, 130, 14.4, 23, ABplpaapppp, 124, 27842, 17819, 640, , 27842, 25000, 28655, 28551, 0, 
13, 1, 61, 243, -1, 387, 216, 11.2, 23, ABarappappa, 202, 27993, 15116, 540, , 27993, 25000, 28271, 28224, 0, 
14, 1, 165, 271, -1, 265, 148, 17.1, 23, ABplpaaappp, 219, 28526, 14149, 496, , 28526, 25000, 28220, 27980, 0, 
15, 1, 222, 76, -1, 321, 292, 12.3, 24, ABaraappppp, 152, 29162, 20530, 704, , 29162, 25000, 28941, 28821, 0, 
16, 1, 366, 184, -1, 379, 277, 17.0, 22, MSaapappp, 211, 28000, 10752, 384, , 28000, 25000, 30092, 30001, 0, 
17, 1, 116, 424, -1, 314, 338, 7.3, 25, ABprapaaapa, 253, 28546, 21809, 764, , 28546, 25000, 30762, 30948, 0, 
18, 1, 376, 402, -1, 253, 347, 20.5, 24, MSpaaaaaa, -36, 30214, 23204, 768, , 30214, 25000, 30989, 30481, 0, 
19, 1, 111, 223, -1, 200, 157, 12.1, 26, ABalpapaaap, 275, 28359, 22687, 800, , 28359, 25000, 28652, 28554, 0, 
20, 1, 197, 13, -1, 478, 132, 15.1, 25, ABplpppapaa, 190, 27526, 18938, 688, , 27526, 25000, 28116, 28198, 0, 
21, 1, 215, 288, -1, 292, 147, 20.7, 25, ABplpaaaaap, 167, 28025, 21411, 764, , 28025, 25000, 28286, 28404, 0, 
22, 1, 147, 100, -1, 233, 250, 13.3, 24, ABarapaaaaa, 223, 27862, 19615, 704, , 27862, 25000, 28404, 28478, 0, 
23, 1, 398, 298, -1, 481, 122, 10.6, 28, ABplpppapap, 234, 27262, 26935, 988, , 27262, 25000, 28113, 28095, 0, 
24, 1, 399, 134, -1, 271, 244, 12.6, 24, ABarapaaaap, 134, 26564, 18595, 700, , 26564, 25000, 28208, 28304, 0, 
25, 1, -1, 474, -1, 174, 217, 13.8, 24, Nuc233_14_174_217, 194, 27000, 17712, 656, , 27000, 25000, 28107, 28447, 0, 
26, 1, 361, 147, -1, 507, 154, 23.0, 25, ABarppappp, 205, 28954, 22121, 764, , 28954, 25000, 28186, 28189, 0, 
27, 1, 448, 194, -1, 562, 129, 14.6, 24, Cpappv, 209, 28557, 19990, 700, , 28557, 25000, 28615, 28549, 0, 
28, 1, 393, 204, -1, 208, 165, 7.6, 25, ABpraappaa, 244, 29419, 24477, 832, , 29419, 25000, 31598, 31974, 0, 
29, 1, 429, 47, -1, 234, 221, 5.7, 24, ABprpaaapap, 367, 38686, 27235, 704, , 38686, 25000, 37460, 37109, 0, 
30, 0, 104, -1, -1, 451, 321, 17.2, 23, , 197, -453, 15364, 540, , 28452, 25000, 28789, 28905, 0, 
31, 1, 391, 323, -1, 502, 145, 13.7, 23, Cappppv, 239, 27733, 16418, 592, , 27733, 25000, 28330, 28487, 0, 
32, 1, 101, 311, -1, 277, 170, 12.0, 25, ABalpapapaa, 220, 29988, 22911, 764, , 29988, 25000, 28493, 28692, 0, 
33, 1, 508, 455, -1, 562, 153, 21.4, 28, Cpapaa, 266, 26960, 26636, 988, , 26960, 25000, 27945, 27940, 0, 
34, 1, 258, 155, -1, 208, 290, 10.2, 23, ABprpaapaaa, 211, 26807, 14476, 540, , 26807, 25000, 28492, 28518, 0, 
35, 1, 199, -1, -1, 359, 313, 8.6, 22, Dppaa, 157, 29094, 16642, 572, , 29094, 25000, 28925, 29059, 0, 
36, 1, 265, 213, -1, 359, 273, 7.7, 23, MSpapppaa, 198, 30267, 17918, 592, , 30267, 25000, 32515, 32586, 0, 
37, 1, 53, 331, -1, 153, 258, 8.2, 23, ABpraaaaapv, 179, 29143, 15737, 540, , 29143, 25000, 29217, 29681, 0, 
38, 1, 113, 61, -1, 269, 188, 10.5, 27, ABarappapaa, 252, 28391, 25438, 896, , 28391, 25000, 29213, 29072, 0, 
39, 1, 413, 539, -1, 340, 306, 10.5, 25, MSpapaapa, 179, 28910, 22203, 768, , 28910, 25000, 28750, 29068, 0, 
40, 1, 184, 175, -1, 356, 291, 19.1, 23, MSaapaapp, 180, 28438, 14105, 496, , 28438, 25000, 30411, 30489, 0, 
41, 1, 409, 130, -1, 146, 299, 17.6, 24, ABarpapaaaa, 210, 28064, 19645, 700, , 28064, 25000, 28350, 28268, 0, 
42, 1, 83, 406, -1, 366, 288, 24.5, 27, ABarppaapp, 274, 27545, 24680, 896, , 27545, 25000, 28620, 28604, 0, 
43, 1, 212, 436, -1, 134, 249, 20.3, 23, ABarpaaaapa, 224, 28154, 16667, 592, , 28154, 25000, 29157, 29271, 0, 
44, 1, 275, 144, -1, 398, 273, 14.5, 24, MSaappap, 161, 28165, 21631, 768, , 28165, 25000, 28545, 28609, 0, 
45, 1, 139, 104, -1, 326, 186, 15.2, 23, ABplpapapaa, 220, 28028, 15135, 540, , 28028, 25000, 30006, 30126, 0, 
46, 1, 205, 264, -1, 432, 174, 14.7, 23, ABplpppaaaa, 192, 27358, 16196, 592, , 27358, 25000, 28094, 28128, 0, 
47, 1, 75, 384, -1, 251, 235, 26.6, 33, ABplaaappp, 282, 29126, 47766, 1640, , 29126, 25000, 28682, 28792, 0, 
48, 1, 91, 28, -1, 283, 232, 24.2, 23, ABplaapappa, 313, 28180, 15217, 540, , 28180, 25000, 28528, 28504, 0, 
49, 1, 181, 75, -1, 125, 292, 15.4, 23, ABarpaaapap, 232, 27559, 17638, 640, , 27559, 25000, 27971, 27940, 0, 
50, 1, 403, 450, -1, 535, 136, 18.4, 25, ABplapapppp, 253, 28525, 23733, 832, , 28525, 25000, 28034, 28097, 0, 
51, 1, 142, 186, -1, 543, 315, 7.3, 27, ABprapapaa, 278, 27741, 25633, 924, , 27741, 25000, 32379, 32415, 0, 
52, 1, 143, 351, -1, 548, 152, 11.0, 22, ABprppppppp, 217, 28383, 10899, 384, , 28383, 25000, 28259, 28300, 0, 
53, 1, 362, 467, -1, 453, 219, 12.7, 22, ABprpapappp, 194, 27000, 14148, 524, , 27000, 25000, 28561, 28776, 0, 
54, 0, 248, -1, -1, 518, 109, 17.9, 22, , 216, 161, 13457, 464, , 29002, 25000, 28846, 28841, 0, 
55, 0, 311, -1, -1, 239, 184, 24.9, 22, , 196, 56, 13530, 464, , 29159, 25000, 29021, 29103, 0, 
56, 1, 151, 395, -1, 458, 234, 9.0, 22, ABprppapppp, 129, 26773, 10281, 384, , 26773, 25000, 29510, 29551, 0, 
57, 1, 475, 235, -1, 262, 221, 20.1, 24, ABalpappaap, 205, 26123, 15778, 604, , 26123, 25000, 27651, 27779, 0, 
58, 1, 59, 132, -1, 253, 271, 11.2, 25, ABarapapaap, 79, 28491, 20058, 704, , 28491, 25000, 29156, 29344, 0, 
59, 1, 167, 149, -1, 481, 248, 23.4, 28, Capaapa, 278, 28543, 28200, 988, , 28543, 25000, 27894, 27956, 0, 
60, 1, 342, 49, -1, 315, 266, 21.9, 25, ABaraapapaa, 248, 28515, 19618, 688, , 28515, 25000, 27652, 27685, 0, 
61, 1, 392, 67, -1, 190, 198, 18.2, 23, ABalaaaalal, 213, 28731, 15515, 540, , 28731, 25000, 28992, 29439, 0, 
62, 1, 379, 325, -1, 214, 270, 15.6, 23, ABaraaapaaa, 55, 28014, 17929, 640, , 28014, 25000, 28596, 28426, 0, 
63, 1, 182, 373, -1, 393, 191, 21.1, 26, ABplapaapp, 93, 29628, 23702, 800, , 29628, 25000, 27810, 27855, 0, 
64, 1, 65, 396, -1, 457, 134, 12.7, 24, ABplappppa, 217, 27330, 19240, 704, , 27330, 25000, 27292, 27136, 0, 
65, 1, 154, 107, -1, 181, 310, 8.6, 26, ABpraapaapp, 212, 27964, 23266, 832, , 27964, 25000, 29856, 29942, 0, 
66, 1, 337, 86, -1, 247, 119, 15.6, 27, ABplpaapapp, 220, 27966, 27630, 988, , 27966, 25000, 27563, 27378, 0, 
67, 0, 37, -1, -1, 163, 271, 11.8, 22, , 196, -570, 13984, 496, , 28194, 25000, 28666, 28764, 0, 
68, 1, 424, 98, -1, 291, 264, 13.6, 24, ABarapapppp, -281, 27313, 19119, 700, , 27313, 25000, 27966, 28001, 0, 
69, 1, 163, 48, -1, 258, 316, 12.3, 24, ABarapaappa, 139, 27501, 19361, 704, , 27501, 25000, 27821, 27808, 0, 
70, 1, 198, 426, -1, 376, 309, 5.2, 26, ABprapaapp, 245, 40901, 32557, 796, , 40901, 25000, 35993, 35915, 0, 
71, 1, 6, 34, -1, 494, 327, 19.8, 32, Eplaa, 312, 27596, 44374, 1608, , 27596, 25000, 28992, 29011, 0, 
72, 0, 271, -1, -1, 233, 257, 25.0, 22, , 184, -620, 10921, 384, , 28440, 25000, 28955, 29060, 0, 
73, 1, 246, 454, -1, 309, 172, 21.6, 22, ABplpaappaa, 194, 28191, 16125, 572, , 28191, 25000, 28734, 28738, 0, 
74, 1, 284, 87, -1, 520, 256, 8.2, 24, Cppappa, 80, 27314, 17918, 656, , 27314, 25000, 29826, 29853, 0, 
75, 1, 52, 23, -1, 209, 218, 12.0, 26, ABarappaaaa, 0, 28750, 24495, 852, , 28750, 25000, 28713, 28944, 0, 
76, 1, 270, 302, -1, 517, 133, 12.0, 23, ABplppppppa, 71, 27439, 14049, 512, , 27439, 25000, 28139, 28309, 0, 
77, 1, 318, 110, -1, 208, 250, 7.4, 23, ABprpaaaaaa, 198, 30389, 19449, 640, , 30389, 25000, 32126, 32231, 0, 
78, 1, 264, 266, -1, 241, 296, 12.8, 23, ABarapaapaa, 385, 29072, 15699, 540, , 29072, 25000, 28404, 28526, 0, 
79, 1, 55, 380, -1, 297, 209, 12.8, 22, ABplpappaaa, 224, 27198, 13490, 496, , 27198, 25000, 28668, 28497, 0, 
80, 1, 207, 164, -1, 436, 325, 8.7, 23, Cppaaap, 211, 28189, 16688, 592, , 28189, 25000, 29191, 29151, 0, 
81, 1, 410, 363, -1, 545, 202, 22.2, 26, Cappapa, 241, 28518, 22700, 796, , 28518, 25000, 28439, 28461, 0, 
82, 1, 96, 496, -1, 490, 197, 15.3, 26, ABplppppaap, 212, 27735, 23741, 856, , 27735, 25000, 28756, 28417, 0, 
83, 1, 3, 404, -1, 122, 311, 19.0, 24, ABarpaapaa, 210, 28577, 17375, 608, , 28577, 25000, 28092, 28120, 0, 
84, 1, 138, 537, -1, 224, 258, 22.7, 23, MSapaaap, 191, 27608, 16344, 592, , 27608, 25000, 27961, 28041, 0, 
85, 1, 26, 116, -1, 347, 349, 8.0, 25, ABprapaaapp, 78, 30289, 23141, 764, , 30289, 25000, 29820, 29853, 0, 
86, 1, 515, 125, -1, 243, 256, 7.0, 22, MSppapap, 144, 30742, 11805, 384, , 30742, 25000, 33492, 33801, 0, 
87, 1, 9, 179, -1, 306, 121, 18.7, 24, ABplppaaaaa, 300, 28101, 19783, 704, , 28101, 25000, 28637, 28883, 0, 
88, 1, 241, 334, -1, 305, 320, 12.3, 24, ABaraapppaa, 200, 27770, 19550, 704, , 27770, 25000, 27788, 27785, 0, 
89, 1, -1, 400, -1, 168, 193, 21.4, 22, Nuc233_21_168_193, 181, 28107, 16077, 572, , 28107, 25000, 28951, 29172, 0, 
90, 0, 314, -1, -1, 507, 129, 22.3, 23, , 186, 977, 17106, 592, , 28895, 25000, 28412, 27918, 0, 
91, 1, 280, 43, -1, 278, 363, 18.5, 24, MSpaaappa, 256, 27191, 20883, 768, , 27191, 25000, 28532, 28642, 0, 
92, 1, 123, 36, -1, 206, 184, 15.1, 28, ABalpapaaaa, 292, 27852, 30303, 1088, , 27852, 25000, 29013, 29168, 0, 
93, 1, 82, 335, -1, 181, 215, 6.1, 22, ABpraaaaaap, 202, 42351, 19651, 464, , 42351, 25000, 40019, 39801, 0, 
94, 1, 235, 430, -1, 539, 246, 23.6, 28, Capapap, 267, 28035, 27699, 988, , 28035, 25000, 29293, 29359, 0, 
95, 1, 371, 362, -1, 551, 267, 15.2, 30, Eprpa, 298, 27820, 36722, 1320, , 27820, 25000, 29126, 29159, 0, 
96, 1, 160, 251, -1, 547, 238, 18.4, 31, Eplpa, 294, 27863, 37113, 1332, , 27863, 25000, 29106, 29181, 0, 
97, 1, 10, 7, -1, 218, 322, 16.4, 23, ABaraappapa, 79, 27023, 17295, 640, , 27023, 25000, 28100, 28314, 0, 
98, 1, 255, 88, -1, 255, 391, 14.4, 28, ABarpaappp, 263, 28221, 27882, 988, , 28221, 25000, 27534, 27498, 0, 
99, 1, 355, 198, -1, 214, 294, 20.0, 27, ABaraapaaap, 259, 28158, 29059, 1032, , 28158, 25000, 28139, 27934, 0, 
100, 1, 298, 263, -1, 184, 230, 10.3, 24, ABarapppaaa, 309, 27788, 19563, 704, , 27788, 25000, 28526, 29015, 0, 
101, 1, 85, 105, -1, 312, 195, 8.4, 22, ABprpapaaap, 181, 28187, 16123, 572, , 28187, 25000, 30194, 30105, 0, 
102, 1, 41, 6, -1, 381, 298, 12.9, 22, MSpapappp, 186, 27860, 12927, 464, , 27860, 25000, 29857, 29703, 0, 
103, 1, 387, 51, -1, 158, 261, 21.4, 26, ABplaaaaaaa, 258, 27659, 23012, 832, , 27659, 25000, 27692, 27753, 0, 
104, 1, 135, 429, -1, 428, 354, 18.0, 32, Earap, 314, 29546, 50464, 1708, , 29546, 25000, 29848, 29812, 0, 
105, 1, 157, 371, -1, 143, 258, 23.3, 24, ABarpaaaapp, -82, 28089, 19775, 704, , 28089, 25000, 28415, 28676, 0, 
106, 1, 219, 128, -1, 120, 232, 16.0, 26, ABpraapaaaa, 262, 27076, 23069, 852, , 27076, 25000, 27200, 27379, 0, 
107, 1, -1, 284, -1, 371, 145, 18.0, 22, Nuc233_18_371_145, 202, 29174, 11203, 384, , 29174, 25000, 29242, 29268, 0, 
108, 1, 69, 85, -1, 159, 294, 10.3, 24, ABpraapaapa, 200, 28817, 20287, 704, , 28817, 25000, 28706, 28932, 0, 
109, 1, 102, 267, -1, 502, 120, 9.0, 22, ABprpppapap, 139, 27966, 10739, 384, , 27966, 25000, 28892, 28752, 0, 
110, 1, 16, 435, -1, 385, 219, 16.6, 24, ABplppapaap, 217, 27146, 19002, 700, , 27146, 25000, 27940, 28011, 0, 
111, 1, 229, 491, -1, 239, 366, 14.3, 23, MSppppap, 178, 26522, 15701, 592, , 26522, 25000, 28501, 28434, 0, 
112, 1, 421, 494, -1, 320, 229, 16.1, 22, MSaapaaaa, 161, 30541, 14171, 464, , 30541, 25000, 29119, 29248, 0, 
113, 1, 169, 96, -1, 313, 369, 19.0, 23, MSpaaappp, 43, 30895, 15818, 512, , 30895, 25000, 28728, 28749, 0, 
114, 1, 103, 160, -1, 534, 171, 20.8, 24, Cappapp, 247, 28762, 18868, 656, , 28762, 25000, 28844, 28865, 0, 
115, 1, 94, 101, -1, 457, 316, 6.0, 25, ABprappaap, 231, 34238, 26158, 764, , 34238, 25000, 33746, 33746, 0, 
116, 1, 155, 208, -1, 286, 321, 8.3, 24, ABpraapapaa, 212, 28959, 20387, 704, , 28959, 25000, 28254, 28276, 0, 
117, 1, 402, 54, -1, 284, 352, 24.4, 24, MSappppp, 245, 27189, 19032, 700, , 27189, 25000, 29430, 29430, 0, 
118, 1, 383, 415, -1, 384, 253, 25.7, 27, ABarppapap, 276, 27686, 25582, 924, , 27686, 25000, 28800, 28841, 0, 
119, 1, 315, 94, -1, 455, 208, 8.0, 22, ABprpppaaaa, 187, 27320, 10491, 384, , 27320, 25000, 28950, 29059, 0, 
120, 1, 12, 35, -1, 280, 228, 20.8, 24, ABalpapppaa, 442, 27360, 17948, 656, , 27360, 25000, 27603, 27921, 0, 
121, 0, 464, -1, -1, 118, 287, 21.5, 22, , 213, 3177, 15767, 512, , 30795, 25000, 27898, 27618, 0, 
122, 1, 114, 84, -1, 209, 266, 19.4, 24, ABaraapaaaa, 281, 28626, 20038, 700, , 28626, 25000, 27856, 27874, 0, 
123, 1, -1, 439, -1, 515, 139, 8.1, 23, Nuc233_8_515_139, 46, 29343, 14554, 496, , 29343, 25000, 30308, 30416, 0, 
124, 1, 196, 188, -1, 416, 317, 5.8, 27, ABprappaaa, 165, 36354, 31555, 868, , 36354, 25000, 34217, 34378, 0, 
125, 0, 488, -1, -1, 171, 311, 22.5, 22, , 273, -1355, 13927, 512, , 27201, 25000, 28230, 28556, 0, 
126, 1, 441, 434, -1, 315, 175, 27.1, 22, ABarppaaap, 176, 29506, 13691, 464, , 29506, 25000, 29362, 29445, 0, 
127, 1, 36, 180, -1, 445, 359, 6.6, 26, ABprappapa, 258, 31762, 26426, 832, , 31762, 25000, 35974, 35974, 0, 
128, 0, 45, -1, -1, 268, 288, 22.0, 24, , 202, 2028, 18668, 608, , 30704, 25000, 28602, 28676, 0, 
129, 1, 148, 108, -1, 234, 202, 9.7, 22, ABarapppppp, 228, 26321, 13792, 524, , 26321, 25000, 28356, 28347, 0, 
130, 1, 330, 38, -1, 516, 294, 8.5, 25, Cppaapp, 237, 28096, 21578, 768, , 28096, 25000, 30536, 30670, 0, 
131, 0, 250, -1, -1, 107, 261, 20.9, 21, , 155, 401, 9794, 348, , 28144, 25000, 27620, 27743, 0, 
132, 1, 326, 156, -1, 429, 257, 25.3, 29, ABplappapa, 269, 27916, 29814, 1068, , 27916, 25000, 28286, 28342, 0, 
133, 1, 48, 37, -1, 301, 169, 7.4, 24, ABarappapap, 184, 28446, 19912, 700, , 28446, 25000, 32300, 32593, 0, 
134, 1, 470, 490, -1, 242, 310, 19.6, 22, MSaaaaapap, 189, 27205, 15561, 572, , 27205, 25000, 28802, 28836, 0, 
135, 1, 290, 365, -1, 287, 202, 25.8, 28, ABplaapappp, 271, 29212, 30731, 1052, , 29212, 25000, 29386, 29525, 0, 
136, 1, 321, 200, -1, 213, 314, 5.3, 24, ABpraaappppa, 248, 41199, 29004, 704, , 41199, 25000, 40476, 40476, 0, 
137, 1, 352, 508, -1, 540, 216, 7.0, 22, ABprapppaaa, 192, 31714, 12178, 384, , 31714, 25000, 33676, 34030, 0, 
138, 1, 372, 255, -1, 459, 156, 16.6, 24, Capappa, 234, 27577, 19304, 700, , 27577, 25000, 28877, 28871, 0, 
139, 1, 297, 46, -1, 273, 127, 10.6, 27, ABplaappap, 126, 27807, 27473, 988, , 27807, 25000, 27701, 27639, 0, 
140, 1, 120, 309, -1, 276, 340, 9.1, 24, ABpraapapap, 230, 27762, 16768, 604, , 27762, 25000, 29049, 29114, 0, 
141, 1, 369, 319, -1, 303, 249, 5.3, 25, ABprppaaaap, 247, 38545, 29448, 764, , 38545, 25000, 37189, 37131, 0, 
142, 1, 209, 191, -1, 336, 307, 5.1, 26, ABpraapppp, 265, 35858, 28686, 800, , 35858, 25000, 37773, 37821, 0, 
143, 1, 29, 189, -1, 212, 254, 10.2, 23, ABarappppaa, 225, 27489, 14844, 540, , 27489, 25000, 28733, 28802, 0, 
144, 1, 14, 236, -1, 137, 288, 23.5, 26, ABplaaaapa, 151, 28837, 25838, 896, , 28837, 25000, 29234, 29231, 0, 
145, 1, 194, 24, -1, 154, 206, 10.6, 22, ABalaapaapp, 196, 26558, 15191, 572, , 26558, 25000, 27660, 27891, 0, 
146, 1, 479, 27, -1, 318, 351, 10.0, 20, MSppapaa, 130, 26706, 8439, 316, , 26706, 25000, 28468, 28468, 0, 
147, 1, 374, 412, -1, 319, 195, 11.4, 24, ABprpappapa, 220, 28176, 19723, 700, , 28176, 25000, 29070, 29729, 0, 
148, 1, 417, 419, -1, 467, 183, 7.9, 23, ABprppppapa, 233, 28145, 13960, 496, , 28145, 25000, 30103, 30145, 0, 
149, 1, 469, 313, -1, 216, 340, 10.3, 24, ABpraaaappp, 242, 29831, 21001, 704, , 29831, 25000, 28396, 28649, 0, 
150, 1, 449, 168, -1, 292, 257, 25.8, 28, ABplapaaaap, 281, 28530, 30014, 1052, , 28530, 25000, 29147, 29114, 0, 
151, 0, 13, -1, -1, 292, 251, 15.8, 24, , -226, 309, 18717, 656, , 28532, 25000, 28075, 28223, 0, 
152, 1, 185, 227, -1, 360, 206, 6.9, 24, ABarappappp, 215, 32970, 19914, 604, , 32970, 25000, 32005, 32006, 0, 
153, 1, 513, 518, -1, 345, 180, 20.9, 23, Daaaa, 140, 28825, 14297, 496, , 28825, 25000, 29920, 29862, 0, 
154, 0, 118, -1, -1, 597, 177, 12.5, 22, , 190, 79, 14221, 512, , 27775, 25000, 27659, 27696, 0, 
155, 1, 71, 138, -1, 168, 339, 18.0, 26, MSppappp, 259, 27818, 23701, 852, , 27818, 25000, 28883, 28850, 0, 
156, 1, 129, 482, -1, 217, 300, 17.6, 25, ABaraappaap, 198, 28645, 23833, 832, , 28645, 25000, 27912, 28144, 0, 
157, 1, 236, 9, -1, 295, 194, 9.9, 22, ABprpapaaaa, 88, 28528, 13237, 464, , 28528, 25000, 28386, 28400, 0, 
158, 1, 373, 181, -1, 150, 228, 8.7, 22, ABalaaapprr, 159, 28330, 14845, 524, , 28330, 25000, 29084, 29072, 0, 
159, 1, 381, 403, -1, 524, 324, 24.4, 28, Cappaap, 233, 28658, 28314, 988, , 28658, 25000, 29160, 29154, 0, 
160, 1, 88, 306, -1, 198, 209, 22.2, 24, ABalppppapa, 219, 28227, 18517, 656, , 28227, 25000, 28105, 28001, 0, 
161, 1, 81, 394, -1, 163, 345, 21.2, 25, ABarpapapp, 237, 27376, 19273, 704, , 27376, 25000, 28182, 28063, 0, 
162, 1, 188, 224, -1, 319, 293, 22.7, 26, ABaraapapap, 209, 27182, 23268, 856, , 27182, 25000, 27802, 27890, 0, 
163, 1, 152, 2, -1, 464, 131, 19.7, 27, ABplapappa, 177, 28923, 26725, 924, , 28923, 25000, 28847, 28900, 0, 
164, 1, 333, 444, -1, 297, 325, 20.3, 23, MSaaaapap, 156, 27084, 16034, 592, , 27084, 25000, 28337, 28486, 0, 
165, 1, 66, 409, -1, 497, 153, 17.7, 23, ABplpppaapa, 273, 27934, 16537, 592, , 27934, 25000, 28414, 28453, 0, 
166, 1, 161, 445, -1, 267, 289, 11.1, 23, ABarapappaa, 10, 27536, 13658, 496, , 27536, 25000, 28394, 28329, 0, 
167, 1, 439, 370, -1, 473, 208, 10.1, 22, ABplpapppap, 205, 31394, 14567, 464, , 31394, 25000, 29915, 30176, 0, 
168, 1, 220, 111, -1, 197, 216, 26.7, 28, ABplaaappa, 281, 28686, 30522, 1064, , 28686, 25000, 30002, 30111, 0, 
169, 1, 350, 438, -1, 510, 171, 7.0, 22, ABprpppapaa, 173, 32003, 12289, 384, , 32003, 25000, 32762, 32722, 0, 
170, 0, 243, -1, -1, 84, 262, 16.0, 24, , -143, 1628, 17550, 608, , 28865, 25000, 27237, 27237, 0, 
171, 1, 288, 433, -1, 283, 326, 13.2, 22, ABaraaapapp, -196, 27111, 13447, 496, , 27111, 25000, 27759, 27879, 0, 
172, 0, 68, -1, -1, 331, 162, 6.5, 23, , -54, -1621, 22666, 632, , 35864, 25000, 36807, 37485, 0, 
173, 1, 279, 258, -1, 328, 164, 10.5, 24, ABplpaaaapa, 243, 28736, 22069, 768, , 28736, 25000, 29484, 29627, 0, 
174, 1, 180, 166, -1, 108, 274, 18.9, 24, ABarpapapa, 233, 27280, 16477, 604, , 27280, 25000, 27811, 27731, 0, 
175, 0, 77, -1, -1, 250, 160, 8.5, 22, , 209, -2434, 14568, 512, , 28453, 25000, 30772, 30887, 0, 
176, 1, 192, 142, -1, 445, 189, 17.0, 22, ABplpppaaap, 223, 29523, 11337, 384, , 29523, 25000, 28114, 28105, 0, 
177, 1, 368, 405, -1, 343, 332, 12.4, 24, MSpapappa, 201, 27954, 19568, 700, , 27954, 25000, 28840, 28879, 0, 
178, 1, 249, 486, -1, 205, 190, 12.7, 24, ABalpapaapa, 221, 27918, 19654, 704, , 27918, 25000, 29314, 29497, 0, 
179, 1, 358, 414, -1, 187, 286, 12.4, 24, ABalappapap, 202, 27649, 19354, 700, , 27649, 25000, 28083, 28156, 0, 
180, 1, 395, 346, -1, 148, 324, 15.6, 24, ABarpapaaap, 195, 27130, 18991, 700, , 27130, 25000, 28261, 28417, 0, 
181, 1, 401, 328, -1, 315, 344, 13.0, 24, ABaraapppap, 79, 27163, 16515, 608, , 27163, 25000, 28297, 28324, 0, 
182, 1, 422, 292, -1, 294, 342, 17.8, 22, Nuc232_18_293_339, 183, 27758, 13768, 496, , 27758, 25000, 28677, 28593, 0, 
183, 1, 106, 226, -1, 214, 239, 19.3, 22, ABalpaapaaa, 211, 27502, 14411, 524, , 27502, 25000, 27834, 27820, 0, 
184, 1, 49, 39, -1, 312, 222, 24.4, 23, ABplaapapap, -103, 27973, 17903, 640, , 27973, 25000, 28235, 28217, 0, 
185, 1, 440, 515, -1, 229, 319, 24.8, 26, MSaaapaaa, 263, 27603, 21972, 796, , 27603, 25000, 28722, 28744, 0, 
186, 1, 93, 80, -1, 574, 287, 11.3, 26, Cpppapa, 256, 28845, 24691, 856, , 28845, 25000, 28674, 28772, 0, 
187, 1, 428, 79, -1, 439, 241, 11.4, 22, ABprppapppa, 200, 26622, 15228, 572, , 26622, 25000, 28090, 28138, 0, 
188, 1, 394, 473, -1, 476, 211, 12.5, 22, ABplpappppa, 193, 28133, 14404, 512, , 28133, 25000, 28674, 28831, 0, 
189, 0, 458, -1, -1, 165, 238, 7.1, 22, , 197, -789, 14848, 464, , 32000, 25000, 32865, 32789, 0, 
190, 1, 40, 437, -1, 420, 319, 13.7, 28, Earpa, 285, 28565, 30393, 1064, , 28565, 25000, 29736, 29815, 0, 
191, 1, 67, 212, -1, 211, 287, 25.2, 27, MSapappa, 223, 28205, 24482, 868, , 28205, 25000, 28128, 28170, 0, 
192, 0, 126, -1, -1, 295, 308, 22.4, 24, , -42, 0, 0, 0, , 0, 0, 0, 0, 0, 
193, 0, 195, -1, -1, 281, 349, 21.0, 23, , 275, -528, 14247, 512, , 27826, 25000, 28463, 28354, 0, 
194, 1, 490, 202, -1, 184, 216, 20.1, 23, ABalaaapalr, 195, 29083, 14425, 496, , 29083, 25000, 28321, 28472, 0, 
195, 1, 119, 31, -1, 438, 216, 10.5, 23, ABprppaappp, 182, 27938, 17657, 632, , 27938, 25000, 28202, 28305, 0, 
196, 1, 211, 488, -1, 230, 282, 21.8, 23, ABaraapaapa, 103, 29452, 15904, 540, , 29452, 25000, 28132, 28343, 0, 
197, 1, 25, 452, -1, 342, 206, 24.1, 28, ABplapaaapa, 285, 27265, 29664, 1088, , 27265, 25000, 28355, 28468, 0, 
198, 1, 183, 141, -1, 357, 279, 13.3, 23, MSpapapaa, 146, 53598, 31730, 592, , 53598, 25000, 34187, 33912, 0, 
199, 1, -1, 479, -1, 331, 178, 11.8, 19, Nuc233_12_331_178, 346, 27840, 8018, 288, , 27840, 25000, 29924, 30500, 0, 
200, 1, 46, 472, -1, 280, 204, 12.0, 20, ABprpapppaa, 129, 32000, 10112, 316, , 32000, 25000, 28941, 29398, 0, 
201, 0, 286, -1, -1, 284, 352, 6.0, 22, , 191, 218, 15736, 384, , 40979, 25000, 40725, 40761, 0, 
202, 1, 380, 487, -1, 247, 335, 14.1, 23, ABaraaapapa, 231, 30081, 14920, 496, , 30081, 25000, 28179, 27961, 0, 
203, 1, 340, 253, -1, 533, 208, 8.7, 25, ABprpppaapa, 226, 28563, 21822, 764, , 28563, 25000, 28938, 28670, 0, 
204, 0, 15, -1, -1, 267, 299, 14.8, 27, , 61, 1370, 25560, 868, , 29447, 25000, 28003, 28077, 0, 
205, 1, 305, 20, -1, 262, 281, 26.4, 25, ABarppaaaa, 248, 29159, 24260, 832, , 29159, 25000, 29022, 29034, 0, 
206, 1, 252, 324, -1, 490, 120, 17.4, 24, ABplpppaapp, 207, 28697, 20088, 700, , 28697, 25000, 28527, 28573, 0, 
207, 1, 489, 205, -1, 247, 172, 12.2, 22, ABprpappaaa, 151, 28089, 13932, 496, , 28089, 25000, 28365, 28331, 0, 
208, 1, 404, 457, -1, 369, 236, 10.4, 23, ABprpapppap, 336, 28467, 18219, 640, , 28467, 25000, 28867, 28986, 0, 
209, 1, 80, 64, -1, 500, 201, 22.0, 25, Capaapp, 243, 29393, 22456, 764, , 29393, 25000, 28991, 29019, 0, 
210, 1, 281, 359, -1, 258, 277, 6.4, 24, ABprpaaaaap, 220, 36234, 25364, 700, , 36234, 25000, 35830, 35918, 0, 
211, 1, 201, 161, -1, 146, 320, 22.9, 26, ABplaaaapp, -161, 28760, 23008, 800, , 28760, 25000, 28913, 28933, 0, 
212, 1, 92, 307, -1, 188, 291, 18.0, 26, MSaaaaaa, 468, 28312, 24122, 852, , 28312, 25000, 27701, 27652, 0, 
213, 1, 322, 257, -1, 424, 386, 12.2, 24, Cpppaaa, 220, 29866, 19592, 656, , 29866, 25000, 29780, 29762, 0, 
214, 1, 124, 443, -1, 274, 208, 7.0, 22, ABprpaapppa, 169, 31242, 11997, 384, , 31242, 25000, 33575, 33752, 0, 
215, 0, 238, -1, -1, 282, 268, 11.0, 22, , 196, 1646, 11435, 384, , 29779, 25000, 28088, 28133, 0, 
216, 1, 308, 45, -1, 280, 354, 14.6, 24, ABaraappapp, 240, 27990, 19593, 700, , 27990, 25000, 28399, 28409, 0, 
217, 1, 494, 32, -1, 444, 269, 22.5, 25, Capaaap, 200, 26076, 20026, 768, , 26076, 25000, 27163, 27228, 0, 
218, 0, 289, -1, -1, 256, 263, 8.8, 23, , 176, -354, 15522, 540, , 28744, 25000, 29412, 29098, 0, 
219, 1, 99, 277, -1, 479, 168, 19.7, 26, Capappp, 224, 28701, 24568, 856, , 28701, 25000, 29238, 29269, 0, 
220, 1, 357, 382, -1, 508, 205, 14.3, 24, ABprpappppp, 201, 29545, 20800, 704, , 29545, 25000, 28585, 28832, 0, 
221, 1, 210, 148, -1, 234, 163, 19.3, 24, ABplpaaaaaa, 210, 30170, 21240, 704, , 30170, 25000, 28354, 28618, 0, 
222, 1, 190, 150, -1, 269, 319, 21.7, 23, MSaaaaapp, 176, 27584, 16330, 592, , 27584, 25000, 28867, 29020, 0, 
223, 1, 420, 221, -1, 391, 403, 11.3, 27, Caaaaa, 274, 27499, 25409, 924, , 27499, 25000, 28427, 28433, 0, 
224, 1, -1, 232, -1, 181, 181, 10.0, 22, Nuc233_10_181_181, 173, 32536, 12494, 384, , 32536, 25000, 28092, 28259, 0, 
225, 1, 176, 357, -1, 466, 238, 6.7, 24, ABprpppaaap, 227, 32027, 22547, 704, , 32027, 25000, 33839, 33999, 0, 
226, 1, 225, 157, -1, 400, 201, 14.0, 22, ABplpaaaapp, 193, 28049, 10771, 384, , 28049, 25000, 28793, 28842, 0, 
227, 1, 177, 314, -1, 201, 138, 17.3, 22, ABalpppaaap, 254, 27712, 14521, 524, , 27712, 25000, 28221, 28714, 0, 
228, 1, -1, 475, -1, 217, 169, 17.4, 27, Nuc233_17_217_169, 228, 28798, 28452, 988, , 28798, 25000, 28820, 28782, 0, 
229, 1, 364, 270, -1, 584, 200, 20.6, 28, Capppap, 275, 29410, 29057, 988, , 29410, 25000, 29400, 29400, 0, 
230, 1, 558, 392, -1, 291, 296, 12.6, 22, ABarapaappp, 171, 27441, 15696, 572, , 27441, 25000, 27907, 28068, 0, 
231, 1, 356, 177, -1, 221, 131, 19.3, 24, ABalpppapad, 202, 28304, 19926, 704, , 28304, 25000, 27948, 28117, 0, 
232, 1, 231, 78, -1, 353, 247, 13.7, 24, ABarapapapp, 240, 30649, 21577, 704, , 30649, 25000, 29153, 29079, 0, 
233, 1, 266, 113, -1, 369, 273, 11.0, 22, MSpapapap, 220, 50419, 19361, 384, , 50419, 25000, 33857, 34124, 0, 
234, 1, 223, 14, -1, 224, 134, 13.3, 24, ABalppapapp, 219, 27859, 19613, 704, , 27859, 25000, 28477, 28480, 0, 
235, 1, 18, 8, -1, 496, 301, 5.6, 26, ABprappapp, 260, 35935, 29898, 832, , 35935, 25000, 37715, 37719, 0, 
236, 1, 426, 234, -1, 507, 199, 25.5, 30, ABplapapaa, 297, 27791, 34239, 1232, , 27791, 25000, 28803, 28765, 0, 
237, 1, 171, 62, -1, 607, 251, 11.4, 27, Cpappd, 237, 26168, 25854, 988, , 26168, 25000, 27440, 27412, 0, 
238, 1, 140, 59, -1, 323, 135, 18.0, 24, ABplppaapap, 200, 27342, 16624, 608, , 27342, 25000, 27481, 27728, 0, 
239, 1, 262, 91, -1, 222, 182, 11.6, 22, ABarappaapa, 147, 28234, 16150, 572, , 28234, 25000, 28773, 28724, 0, 
240, 1, 31, -1, -1, 135, 268, 18.2, 23, ABalapppaap, 142, 26706, 14421, 540, , 26706, 25000, 27882, 27827, 0, 
241, 1, 306, 250, -1, 129, 204, 20.9, 24, ABplaapaaap, 210, 28508, 17219, 604, , 28508, 25000, 28464, 28480, 0, 
242, 1, 365, 56, -1, 145, 281, 7.4, 26, ABprpaapapa, 522, 30094, 25038, 832, , 30094, 25000, 31955, 32294, 0, 
243, 1, 277, 106, -1, 371, 231, 23.5, 26, ABplapaaapp, 137, 27664, 24787, 896, , 27664, 25000, 28546, 28617, 0, 
244, 1, 153, 317, -1, 242, 202, 13.8, 25, ABarapapapa, 210, 31155, 21933, 704, , 31155, 25000, 28697, 28749, 0, 
245, 1, 301, 173, -1, 506, 299, 25.2, 26, Capapaa, 255, 30721, 24454, 796, , 30721, 25000, 29297, 29377, 0, 
246, 1, 175, 30, -1, 244, 351, 8.2, 27, ABpraapappp, 275, 28711, 24921, 868, , 28711, 25000, 29773, 29986, 0, 
247, 1, 54, 41, -1, 446, 230, 23.3, 25, ABplappaap, 243, 28194, 21540, 764, , 28194, 25000, 27911, 27902, 0, 
248, 1, 146, 329, -1, 271, 371, 11.1, 26, ABprapaaaap, 47, 28220, 22576, 800, , 28220, 25000, 28681, 28676, 0, 
249, 1, 269, 283, -1, 497, 345, 7.0, 26, ABarpppppa, 257, 30642, 26107, 852, , 30642, 25000, 33877, 33878, 0, 
250, 1, 344, 461, -1, 410, 255, 22.1, 26, Capaaaa, 217, 27838, 22270, 800, , 27838, 25000, 28330, 28270, 0, 
251, 1, 293, 308, -1, 380, 236, 7.8, 24, ABprppapaaa, -48, 30662, 20114, 656, , 30662, 25000, 30357, 30408, 0, 
252, 1, 259, 367, -1, 169, 261, 24.6, 27, ABplaaaaapp, 269, 26895, 26572, 988, , 26895, 25000, 28604, 28686, 0, 
253, 1, 206, 248, -1, 329, 159, 15.3, 22, ABplpapapap, 195, 28683, 15030, 524, , 28683, 25000, 28451, 28975, 0, 
254, 1, 406, 195, 497, 365, 251, 18.1, 24, MSaapapa, 219, 40974, 24748, 604, , 40974, 25000, 32862, 32929, 0, 
255, 1, 512, 92, -1, 348, 236, 26.0, 24, ABarppapaa, 217, 28383, 17257, 608, , 28383, 25000, 29287, 29295, 0, 
256, 1, 491, 260, -1, 330, 174, 18.0, 22, Daapa, 226, 26427, 10148, 384, , 26427, 25000, 29614, 29614, 0, 
257, 1, 84, 211, -1, 319, 339, 20.9, 24, MSpaaapaa, 196, 28475, 17199, 604, , 28475, 25000, 29435, 29666, 0, 
258, 1, 423, 420, -1, 489, 205, 17.7, 23, ABplpppppaa, 216, 28473, 16856, 592, , 28473, 25000, 28020, 28143, 0, 
259, 1, 390, 272, -1, 391, 229, 14.2, 25, ABplppappap, 201, 28754, 20243, 704, , 28754, 25000, 28609, 28835, 0, 
260, 1, 336, 216, 521, 339, 224, 7.4, 24, ABprapaapa, 396, 30074, 21052, 700, , 30074, 25000, 30851, 31252, 0, 
261, 1, 455, 77, -1, 574, 247, 11.0, 25, Cpppapp, 248, 29618, 22628, 764, , 29618, 25000, 30040, 30125, 0, 
262, 1, 173, 50, -1, 261, 345, 17.4, 29, MSpaaaapp, 683, 27688, 32007, 1156, , 27688, 25000, 29248, 29509, 0, 
263, 1, 43, 63, -1, 258, 145, 12.0, 23, ABalppapapa, 238, 29508, 15108, 512, , 29508, 25000, 29080, 29088, 0, 
264, 1, 47, 82, -1, 410, 227, 22.4, 25, ABplappaaa, 347, 29341, 24412, 832, , 29341, 25000, 27797, 27823, 0, 
265, 1, 304, 285, -1, 294, 190, 22.5, 23, ABalpppppap, 198, 28598, 18074, 632, , 28598, 25000, 29226, 29103, 0, 
266, 0, 51, -1, -1, 295, 245, 18.3, 24, , 195, 1811, 21632, 704, , 30727, 25000, 28626, 28916, 0, 
267, 1, 133, 417, -1, 180, 199, 10.0, 22, ABarapppaap, 197, 26414, 10143, 384, , 26414, 25000, 29371, 28694, 0, 
268, 1, 121, 214, -1, 246, 243, 21.6, 24, ABalpaaapaa, 210, 26666, 18666, 700, , 26666, 25000, 28297, 28242, 0, 
269, 1, -1, 26, -1, 264, 225, 14.2, 23, Nuc233_14_264_225, 14, 28726, 15512, 540, , 28726, 25000, 28237, 28117, 0, 
270, 1, 213, 332, -1, 305, 171, 13.5, 22, Nuc232_13_303_173, 196, 28574, 14630, 512, , 28574, 25000, 28806, 29029, 0, 
271, 0, 79, -1, -1, 387, 164, 13.3, 24, , 162, 536, 19912, 704, , 28284, 25000, 27700, 27748, 0, 
272, 1, 435, 265, -1, 300, 232, 14.4, 24, ABalpappppa, 235, 28236, 19765, 700, , 28236, 25000, 27848, 27856, 0, 
273, 1, 319, 489, -1, 381, 270, 14.5, 22, MSaappaa, 122, 28350, 14515, 512, , 28350, 25000, 30003, 29797, 0, 
274, 1, 187, 377, -1, 449, 160, 13.6, 23, ABplppppapa, 201, 29864, 19113, 640, , 29864, 25000, 28672, 28398, 0, 
275, 1, 172, 5, -1, 183, 182, 23.6, 24, ABplaapaapa, 286, 28774, 20142, 700, , 28774, 25000, 28852, 29036, 0, 
276, 1, 58, 124, -1, 209, 225, 24.3, 26, ABalapaaaa, 258, 29144, 24947, 856, , 29144, 25000, 27900, 27974, 0, 
277, 1, 63, 432, -1, 533, 367, 11.1, 27, Caaapa, 268, 28300, 25696, 908, , 28300, 25000, 27536, 27535, 0, 
278, 1, 214, 71, -1, 387, 332, 20.5, 27, Ealaad, 60, 29074, 26050, 896, , 29074, 25000, 28830, 28895, 0, 
279, 1, 495, 249, -1, 254, 186, 9.3, 22, ABarapppapa, 186, 29008, 15200, 524, , 29008, 25000, 28416, 28728, 0, 
280, 1, 446, 140, -1, 486, 229, 10.4, 22, ABprppppaaa, 193, 28369, 16227, 572, , 28369, 25000, 29679, 29841, 0, 
281, 1, 134, 57, -1, 160, 167, 20.3, 23, ABalpppaapd, -69, 29605, 17526, 592, , 29605, 25000, 27962, 28189, 0, 
282, 1, 425, 231, -1, 507, 264, 5.3, 25, ABprapapap, 250, 38836, 29671, 764, , 38836, 25000, 38154, 38193, 0, 
283, 1, 452, 15, -1, 369, 387, 13.4, 28, Dppap, 282, 28064, 27727, 988, , 28064, 25000, 29241, 29213, 0, 
284, 1, 217, 129, -1, 177, 256, 14.6, 23, ABalaapaaal, 153, 27756, 17764, 640, , 27756, 25000, 28097, 28075, 0, 
285, 1, 128, 286, -1, 323, 166, 23.7, 23, ABplpaappap, 235, 29287, 17338, 592, , 29287, 25000, 27795, 27806, 0, 
286, 1, 164, 481, -1, 147, 312, 9.6, 22, ABarpappap, 167, 27031, 15462, 572, , 27031, 25000, 27423, 27410, 0, 
287, 0, 267, -1, -1, 277, 258, 19.8, 22, , 165, -2180, 13188, 496, , 26589, 25000, 28634, 28769, 0, 
288, 0, 221, -1, -1, 261, 318, 17.4, 23, , 168, 702, 19129, 640, , 29889, 25000, 29026, 29187, 0, 
289, 1, 295, 398, -1, 513, 141, 15.9, 22, ABplapppapp, 221, 27373, 12701, 464, , 27373, 25000, 27853, 27561, 0, 
290, 1, 334, 33, -1, 563, 222, 6.9, 22, ABprapppaap, 210, 30603, 14200, 464, , 30603, 25000, 34853, 34857, 0, 
291, 1, 388, 261, -1, 308, 128, 15.9, 24, ABplpaapppa, 220, 27997, 16910, 604, , 27997, 25000, 27675, 27705, 0, 
292, 1, 385, 447, -1, 246, 214, 25.2, 27, ABalpppappp, 271, 27759, 24095, 868, , 27759, 25000, 29251, 29143, 0, 
293, 1, 312, 97, -1, 228, 376, 12.8, 23, ABarpppaaa, -101, 26743, 14441, 540, , 26743, 25000, 27844, 27931, 0, 
294, 1, 50, 289, -1, 441, 208, 14.9, 23, ABplppapppp, 205, 29732, 14747, 496, , 29732, 25000, 28304, 28583, 0, 
295, 1, 159, 318, -1, 483, 165, 6.4, 23, ABprappppa, 323, 35270, 22573, 640, , 35270, 25000, 34738, 35087, 0, 
296, 1, 348, 352, -1, 342, 171, 8.6, 26, ABprpaaaapa, 103, 28930, 24070, 832, , 28930, 25000, 30243, 30418, 0, 
297, 1, 245, 364, -1, 403, 266, 19.1, 27, Ealaav, 272, 28761, 26115, 908, , 28761, 25000, 29033, 29082, 0, 
298, 1, 414, 68, -1, 554, 158, 8.6, 26, ABprappppp, 266, 29048, 24168, 832, , 29048, 25000, 28533, 28606, 0, 
299, 1, 272, 458, -1, 135, 260, 9.4, 23, ABpraaaaapd, 195, 27684, 17718, 640, , 27684, 25000, 28819, 28876, 0, 
300, 1, 5, 65, -1, 364, 146, 14.7, 24, ABplapaapa, 159, 28655, 20173, 704, , 28655, 25000, 27701, 27791, 0, 
301, 1, 377, 463, -1, 234, 286, 8.0, 22, ABpraaappaa, 180, 29182, 11206, 384, , 29182, 25000, 29891, 29942, 0, 
302, 1, 263, 428, -1, 313, 134, 11.1, 25, ABalpapapap, 228, 27356, 18821, 688, , 27356, 25000, 28607, 28652, 0, 
303, 1, 499, 291, -1, 235, 262, 20.2, 21, ABalpaapaap, 186, 28012, 11989, 428, , 28012, 25000, 28577, 28528, 0, 
304, 1, 145, 279, -1, 194, 352, 23.4, 28, ABarpaapap, 267, 28357, 28017, 988, , 28357, 25000, 28286, 28289, 0, 
305, 0, 200, -1, -1, 221, 301, 9.2, 22, , 177, -434, 14174, 496, , 28577, 25000, 28702, 29011, 0, 
306, 1, 300, 112, -1, 447, 331, 24.6, 29, Cappaaa, 281, 28663, 33134, 1156, , 28663, 25000, 28933, 28933, 0, 
307, 1, 30, 165, -1, 375, 200, 14.5, 24, ABplppappaa, 197, 27871, 21405, 768, , 27871, 25000, 28883, 28995, 0, 
308, 1, 19, 44, -1, 365, 209, 10.5, 24, ABprppaappa, 125, 30408, 23353, 768, , 30408, 25000, 28961, 28939, 0, 
309, 1, 156, 440, -1, 495, 181, 12.6, 22, ABplpappppp, 93, 27605, 15790, 572, , 27605, 25000, 28928, 29115, 0, 
310, 1, 268, 446, -1, 383, 336, 25.0, 30, Dappaa, 301, 28449, 38349, 1348, , 28449, 25000, 28804, 28583, 0, 
311, 1, 100, 344, -1, 568, 183, 13.0, 25, Cpppppd, 257, 27937, 21344, 764, , 27937, 25000, 29268, 29268, 0, 
312, 1, 343, 262, -1, 479, 180, 15.5, 23, ABplppppaaa, 42, 28859, 18239, 632, , 28859, 25000, 28165, 28382, 0, 
313, 1, 445, 345, -1, 521, 232, 10.3, 23, ABprpppppap, 95, 28147, 16663, 592, , 28147, 25000, 29485, 29504, 0, 
314, 1, 467, 416, -1, 498, 131, 20.0, 22, ABplapppaaa, 224, 26482, 10169, 384, , 26482, 25000, 29013, 29075, 0, 
315, 1, 122, 381, -1, 505, 183, 18.7, 23, ABplpppppap, 216, 28495, 16869, 592, , 28495, 25000, 28285, 28313, 0, 
316, 1, 574, 469, -1, 157, 226, 11.0, 22, ABalaapaapa, 143, 26568, 10202, 384, , 26568, 25000, 28628, 29004, 0, 
317, 1, 189, 343, -1, 277, 208, 17.3, 22, ABalpaaaaap, 184, 28025, 14685, 524, , 28025, 25000, 28711, 28759, 0, 
318, 1, 416, 174, -1, 270, 185, 17.1, 22, MSapaaaa, 187, 28211, 13090, 464, , 28211, 25000, 28314, 28323, 0, 
319, 1, 354, 374, -1, 188, 157, 14.4, 23, ABalppapaap, 195, 28597, 18302, 640, , 28597, 25000, 28843, 28786, 0, 
320, 0, 498, -1, -1, 279, 244, 7.5, 22, , 141, -274, 0, 0, , 0, 0, 0, 0, 0, 
321, 1, 125, 245, -1, 226, 224, 9.1, 22, ABprpaaapaa, 203, 27399, 12713, 464, , 27399, 25000, 28568, 28959, 0, 
322, 1, 22, 459, -1, 251, 191, 6.7, 24, ABprpaapppp, 215, 32233, 22692, 704, , 32233, 25000, 35685, 35769, 0, 
323, 0, 74, -1, -1, 336, 202, 26.7, 23, , 193, -713, 16788, 592, , 28358, 25000, 28887, 29071, 0, 
324, 1, 345, 369, -1, 407, 268, 9.6, 23, ABprppapaap, 208, 27967, 17899, 640, , 27967, 25000, 28628, 28896, 0, 
325, 1, 294, 310, -1, 537, 182, 9.8, 22, ABprapppapp, 222, 27488, 13634, 496, , 27488, 25000, 28051, 27889, 0, 
326, 1, 384, 207, -1, 494, 242, 13.5, 24, MSppaapp, 205, 28924, 22214, 768, , 28924, 25000, 28199, 28191, 0, 
327, 1, 478, 197, -1, 297, 215, 17.2, 22, ABalpappppp, 170, 26474, 13131, 496, , 26474, 25000, 28916, 28984, 0, 
328, 1, 347, 341, -1, 203, 319, 13.7, 26, MSppaaap, 261, 27932, 23910, 856, , 27932, 25000, 28110, 28168, 0, 
329, 1, 56, 90, -1, 192, 307, 23.4, 26, MSapappp, 209, 26757, 22262, 832, , 26757, 25000, 28867, 28816, 0, 
330, 0, 482, -1, -1, 344, 128, 12.4, 24, , 239, 1578, 20632, 700, , 29474, 25000, 27852, 27896, 0, 
331, 1, 208, 127, -1, 298, 147, 15.5, 22, ABplpapaapp, 213, 28924, 14809, 512, , 28924, 25000, 28737, 28757, 0, 
332, 1, 168, 131, -1, 429, 216, 13.1, 22, ABplppaappp, -127, 27261, 12649, 464, , 27261, 25000, 28469, 28105, 0, 
333, 1, 64, 19, -1, 315, 207, 21.9, 24, ABplaapapaa, 131, 27780, 16779, 604, , 27780, 25000, 28788, 28720, 0, 
334, 1, 332, 282, -1, 451, 294, 9.0, 22, MSpappppp, 208, 28198, 10828, 384, , 28198, 25000, 29727, 29704, 0, 
335, 1, 97, 12, -1, 162, 230, 16.6, 24, ABalaaaarlp, 231, 29460, 20622, 700, , 29460, 25000, 28175, 28129, 0, 
336, 1, 251, 58, -1, 128, 279, 11.2, 23, ABarpappaa, 190, 27859, 15044, 540, , 27859, 25000, 27872, 27835, 0, 
337, 1, 149, 342, -1, 226, 174, 8.2, 23, ABarapppapp, 178, 27156, 14664, 540, , 27156, 25000, 29674, 29747, 0, 
338, 1, 427, 348, -1, 559, 258, 7.1, 26, ABarpppppp, 265, 29643, 23714, 800, , 29643, 25000, 33611, 33621, 0, 
339, 1, 137, 355, -1, 428, 253, 9.6, 22, ABprppapapa, 180, 27948, 15986, 572, , 27948, 25000, 29062, 29089, 0, 
340, 1, 90, 3, -1, 254, 348, 10.9, 24, ABpraapappa, 505, 28937, 17478, 604, , 28937, 25000, 28828, 28928, 0, 
341, 1, 136, 376, -1, 380, 346, 15.4, 31, Earaa, 318, 27950, 37229, 1332, , 27950, 25000, 29270, 29325, 0, 
342, 1, -1, 225, -1, 227, 158, 10.2, 23, Nuc233_10_227_158, 274, 27972, 15105, 540, , 27972, 25000, 28488, 28531, 0, 
343, 1, 389, 162, -1, 179, 170, 17.7, 22, ABalaaaalpa, 186, 27345, 14329, 524, , 27345, 25000, 29174, 29741, 0, 
344, 1, 331, 183, -1, 522, 230, 5.4, 26, ABprapappa, 25, 40513, 33707, 832, , 40513, 25000, 39448, 39891, 0, 
345, 1, 191, 242, -1, 270, 153, 25.5, 27, ABalpppppppa, 272, 27483, 24625, 896, , 27483, 25000, 28904, 28946, 0, 
346, 1, 254, 118, -1, 292, 302, 5.3, 25, ABprpaappap, 36, 41992, 32082, 764, , 41992, 25000, 37607, 37461, 0, 
347, 1, 313, 268, -1, 220, 140, 10.5, 25, ABplaappaa, 12, 27790, 21343, 768, , 27790, 25000, 27299, 27169, 0, 
348, 0, 105, -1, -1, 425, 359, 22.8, 29, , 252, 267, 32411, 1112, , 29147, 25000, 28857, 28880, 0, 
349, 1, 261, 55, -1, 506, 212, 11.2, 22, ABprppppaap, 195, 27103, 13443, 496, , 27103, 25000, 29567, 29494, 0, 
350, 1, 433, 386, -1, 474, 291, 12.2, 31, Z2, 300, 29156, 42684, 1464, , 29156, 25000, 28667, 28657, 0, 
351, 1, 162, 137, -1, 316, 262, 11.3, 23, MSpapaaaa, 128, 28220, 16706, 592, , 28220, 25000, 29266, 29421, 0, 
352, 1, 60, 21, -1, 550, 155, 15.0, 24, Cappppd, -3, 27590, 16775, 608, , 27590, 25000, 28653, 28708, 0, 
353, 1, 400, 25, -1, 325, 137, 21.0, 27, ABplppaaaap, 245, 27553, 28435, 1032, , 27553, 25000, 27973, 27981, 0, 
354, 1, -1, 524, -1, 250, 214, 13.9, 22, Nuc233_14_250_214, 68, 30086, 13960, 464, , 30086, 25000, 29717, 29595, 0, 
355, 1, 226, 468, -1, 171, 172, 16.1, 23, ABalaaaalpp, 215, 27998, 13887, 496, , 27998, 25000, 28610, 29094, 0, 
356, 0, 370, -1, -1, 263, 181, 23.0, 22, , -197, 1193, 11482, 384, , 29901, 25000, 28483, 28708, 0, 
357, 1, 179, 303, -1, 437, 226, 16.5, 25, ABplppapapp, 211, 26535, 20379, 768, , 26535, 25000, 27885, 27868, 0, 
358, 1, 407, 109, -1, 169, 338, 10.4, 25, ABarpapppa, 233, 26951, 22423, 832, , 26951, 25000, 28199, 28201, 0, 
359, 0, 408, -1, -1, 528, 133, 21.9, 23, , 202, 1093, 14319, 496, , 28869, 25000, 27721, 27776, 0, 
360, 1, 360, 361, -1, 320, 287, 10.0, 23, ABaraappppa, 223, 27988, 14330, 512, , 27988, 25000, 29098, 28995, 0, 
361, 1, 274, 290, -1, 119, 259, 14.2, 26, ABpraapaaap, -434, 27665, 22021, 796, , 27665, 25000, 27212, 27306, 0, 
362, 1, 522, 83, -1, 226, 209, 15.3, 22, ABalpaappap, 172, 29143, 15271, 524, , 29143, 25000, 28662, 28444, 0, 
363, 1, 8, 354, -1, 256, 163, 14.3, 23, ABalppapppa, 233, 26983, 15974, 592, , 26983, 25000, 28805, 28954, 0, 
364, 1, 477, 460, -1, 326, 155, 13.4, 22, ABplpapaaap, 284, 26918, 15397, 572, , 26918, 25000, 29150, 29510, 0, 
365, 1, 227, 315, -1, 462, 251, 14.0, 24, MSapaapp, 244, 28482, 17317, 608, , 28482, 25000, 28374, 28395, 0, 
366, 1, 517, 379, -1, 331, 343, 15.9, 24, MSpaapapa, 169, 28005, 16915, 604, , 28005, 25000, 28669, 28614, 0, 
367, 1, 230, 145, -1, 540, 200, 17.3, 32, Eplpp, 272, 27778, 44000, 1584, , 27778, 25000, 29475, 29495, 0, 
368, 1, 218, 333, -1, 175, 280, 22.3, 22, ABalapapapp, 203, 27128, 14215, 524, , 27128, 25000, 27932, 28164, 0, 
369, 1, 72, 136, -1, 556, 275, 19.0, 33, Eplap, 329, 29637, 53583, 1808, , 29637, 25000, 28918, 28972, 0, 
370, 1, 442, 393, -1, 540, 229, 13.9, 29, Eprpp, 295, 27935, 33745, 1208, , 27935, 25000, 29666, 29693, 0, 
371, 1, 244, 413, -1, 149, 194, 17.2, 23, ABalaaaarla, 221, 27893, 15062, 540, , 27893, 25000, 28546, 28569, 0, 
372, 1, 338, 339, -1, 363, 306, 12.0, 24, MSpapaapp, 205, 27706, 16845, 608, , 27706, 25000, 29971, 30091, 0, 
373, 1, 232, 153, -1, 406, 228, 9.4, 24, ABprpaaaapp, 209, 28906, 20234, 700, , 28906, 25000, 27948, 27980, 0, 
374, 1, 335, 504, -1, 293, 195, 6.9, 22, ABprpapaapp, 157, 31517, 14624, 464, , 31517, 25000, 33342, 33417, 0, 
375, 1, 456, 462, -1, 591, 209, 10.4, 27, Caappd, 203, 27348, 27020, 988, , 27348, 25000, 28303, 28212, 0, 
376, 1, 17, 229, -1, 268, 163, 21.7, 23, ABalpppppaa, 193, 28166, 16674, 592, , 28166, 25000, 28561, 28489, 0, 
377, 1, 127, 390, -1, 232, 292, 15.4, 24, ABaraaapaap, 235, 28900, 20230, 700, , 28900, 25000, 28080, 28359, 0, 
378, 1, 73, 99, -1, 326, 218, 11.1, 23, ABprpapapaa, 367, 28758, 14264, 496, , 28758, 25000, 28683, 28866, 0, 
379, 1, 2, 293, -1, 211, 349, 18.8, 26, MSpppaaa, 200, 27058, 21538, 796, , 27058, 25000, 28938, 29028, 0, 
380, 1, 346, 353, -1, 286, 394, 13.3, 24, ABarpppapa, 247, 28118, 19795, 704, , 28118, 25000, 28621, 28717, 0, 
381, 1, 501, 358, -1, 148, 209, 13.5, 26, ABalaaaarra, 159, 27695, 24815, 896, , 27695, 25000, 27948, 28168, 0, 
382, 1, 468, 280, -1, 182, 229, 23.4, 23, ABalapapppa, 174, 28141, 18010, 640, , 28141, 25000, 27907, 27877, 0, 
383, 1, 224, 133, -1, 424, 240, 14.6, 23, ABplppapppa, 216, 29356, 18788, 640, , 29356, 25000, 28408, 28636, 0, 
384, 1, 487, 123, -1, 394, 251, 11.9, 22, ABprppappaa, 224, 27181, 12612, 464, , 27181, 25000, 28269, 28324, 0, 
385, 1, 32, 427, -1, 263, 174, 6.0, 23, ABpraappap, 174, 41328, 21160, 512, , 41328, 25000, 39600, 40401, 0, 
386, 1, 203, 273, -1, 328, 250, 14.4, 24, ABarapapppa, -519, 27266, 19086, 700, , 27266, 25000, 28584, 28506, 0, 
387, 1, -1, 296, -1, 375, 160, 19.8, 23, Nuc233_20_375_160, 230, 30720, 16589, 540, , 30720, 25000, 28789, 28575, 0, 
388, 1, 166, 350, -1, 260, 248, 14.0, 26, ABarapaaapa, 226, 27319, 23276, 852, , 27319, 25000, 28054, 28145, 0, 
389, 1, 291, 143, -1, 262, 138, 21.2, 23, ABalpppapav, 217, 28554, 15419, 540, , 28554, 25000, 28589, 28684, 0, 
390, 0, 363, -1, -1, 549, 175, 6.5, 22, , 207, 625, 18655, 512, , 36436, 25000, 35447, 35811, 0, 
391, 0, 437, -1, -1, 463, 274, 12.0, 21, , -273, -2744, 10132, 384, , 26385, 25000, 29108, 29129, 0, 
392, 1, 375, 185, -1, 470, 162, 22.6, 28, ABplapapap, 276, 28691, 28347, 988, , 28691, 25000, 28602, 28722, 0, 
393, 1, 89, 326, -1, 157, 186, 15.1, 24, ABalpaapppp, 200, 27719, 16742, 604, , 27719, 25000, 28056, 28143, 0, 
394, 1, 216, 81, -1, 566, 190, 9.4, 24, ABprapapppp, 57, 29169, 20418, 700, , 29169, 25000, 28585, 28726, 0, 
395, 1, 273, 391, -1, 475, 164, 12.2, 23, ABplppppapp, 196, 29483, 15921, 540, , 29483, 25000, 28701, 28317, 0, 
396, 1, 317, 256, -1, 584, 318, 11.2, 27, Caaapp, 276, 27425, 23805, 868, , 27425, 25000, 28055, 27962, 0, 
397, 1, 519, 421, -1, 227, 229, 17.8, 22, ABaraaaaaaa, 163, 28403, 14088, 496, , 28403, 25000, 28162, 28635, 0, 
398, 1, 430, 554, -1, 138, 224, 12.7, 25, ABalaaapplr, 204, 28284, 21609, 764, , 28284, 25000, 27362, 27404, 0, 
399, 1, 299, 410, -1, 225, 184, 20.6, 25, ABalppappaa, 182, 27968, 23269, 832, , 27968, 25000, 28636, 28816, 0, 
400, 1, 108, 383, -1, 567, 145, 12.4, 23, Caappv, 198, 27517, 17611, 640, , 27517, 25000, 28342, 28336, 0, 
401, 1, 466, 501, -1, 343, 223, 9.2, 22, ABprpapappa, 199, 28442, 14107, 496, , 28442, 25000, 29249, 29127, 0, 
402, 1, 526, 269, -1, 280, 137, 23.4, 23, ABalpppppppp, 186, 27497, 17598, 640, , 27497, 25000, 28590, 28835, 0, 
403, 1, 405, 422, -1, 236, 343, 16.9, 24, MSpaaaapa, 226, 29214, 17645, 604, , 29214, 25000, 29058, 29490, 0, 
404, 1, 110, 304, -1, 301, 149, 22.9, 24, ABplpaapaap, 224, 27253, 16461, 604, , 27253, 25000, 28841, 28857, 0, 
405, 1, 459, 22, -1, 384, 284, 8.9, 22, MSpapppap, 190, 29192, 13545, 464, , 29192, 25000, 30153, 30007, 0, 
406, 1, 309, 169, -1, 278, 276, 5.3, 24, ABprpaapaap, 133, 39658, 27919, 704, , 39658, 25000, 37157, 37172, 0, 
407, 0, 130, -1, -1, 202, 321, 8.9, 22, , 202, -30, 14266, 464, , 30746, 25000, 30536, 30776, 0, 
408, 1, 461, 408, -1, 280, 252, 22.0, 23, ABalpaapapp, 227, 28900, 14797, 512, , 28900, 25000, 28017, 27916, 0, 
409, 1, 193, 252, -1, 322, 208, 6.4, 24, ABprppaapap, 211, 33146, 23202, 700, , 33146, 25000, 34673, 35823, 0, 
410, 1, 39, 389, -1, 329, 373, 7.2, 22, ABarppppaa, 225, 28708, 14239, 496, , 28708, 25000, 30926, 30999, 0, 
411, 1, 412, 449, -1, 216, 364, 9.8, 26, ABarpapppp, 265, 27415, 21822, 796, , 27415, 25000, 27911, 27871, 0, 
412, 1, 432, 247, -1, 452, 211, 19.6, 26, MSpappaa, 235, 28668, 23852, 832, , 28668, 25000, 28215, 28223, 0, 
413, 1, 476, 254, -1, 340, 140, 15.1, 22, ABalpapappp, 188, 26817, 12443, 464, , 26817, 25000, 28097, 27936, 0, 
414, 1, 480, 498, -1, 556, 203, 25.6, 32, Cpapap, 330, 28013, 41571, 1484, , 28013, 25000, 28148, 28128, 0, 
415, 1, 27, -1, -1, 148, 191, 23.0, 25, ABplaaapaa, 275, 29359, 22430, 764, , 29359, 25000, 28287, 28291, 0, 
416, 1, 178, 322, -1, 177, 260, 6.3, 24, ABpraaaaaaa, 384, 39543, 27838, 704, , 39543, 25000, 38636, 38733, 0, 
417, 1, 462, 441, -1, 210, 322, 19.1, 22, MSaaaaapaa, 150, 26694, 12386, 464, , 26694, 25000, 27963, 28272, 0, 
418, 1, 341, 512, -1, 325, 374, 13.0, 24, Dpaap, 233, 28118, 17096, 608, , 28118, 25000, 28895, 28874, 0, 
419, 1, 328, 520, -1, 207, 244, 16.1, 22, ABaraaaapaa, 286, 28869, 13395, 464, , 28869, 25000, 28534, 28478, 0, 
420, 1, 131, 126, -1, 532, 115, 15.9, 26, ABplappppp, 145, 28238, 22590, 800, , 28238, 25000, 27853, 27891, 0, 
421, 1, 242, 190, -1, 342, 262, 11.2, 22, MSpapaaap, -79, 28159, 13967, 496, , 28159, 25000, 30003, 29566, 0, 
422, 1, 28, 470, -1, 536, 132, 13.4, 24, ABplppppppp, 206, 27634, 19344, 700, , 27634, 25000, 28606, 28693, 0, 
423, 1, -1, 154, -1, 192, 311, 11.0, 22, Nuc233_11_192_311, -164, 27990, 10748, 384, , 27990, 25000, 28826, 29005, 0, 
424, 1, 492, 102, -1, 316, 264, 8.0, 21, Dpapa, 78, 30060, 11543, 384, , 30060, 25000, 30473, 30526, 0, 
425, 0, 254, -1, -1, 276, 302, 6.8, 21, , 150, 125, 0, 0, , 0, 0, 0, 0, 0, 
426, 1, 24, 388, -1, 253, 309, 8.1, 22, ABpraaappap, 312, 28170, 13071, 464, , 28170, 25000, 28246, 28247, 0, 
427, 1, 444, 40, -1, 480, 249, 26.4, 29, ABarppappa, -125, 27388, 31661, 1156, , 27388, 25000, 27829, 27833, 0, 
428, 1, 327, 233, -1, 258, 229, 7.8, 22, ABprpaaappp, -12, 28875, 14322, 496, , 28875, 25000, 30919, 30921, 0, 
429, 1, 382, 476, -1, 463, 182, 13.8, 22, ABplpapppaa, 148, 30395, 15076, 496, , 30395, 25000, 28415, 28356, 0, 
430, 1, 418, 60, -1, 350, 356, 19.4, 28, MSpaaapap, 240, 28158, 27820, 988, , 28158, 25000, 28450, 28505, 0, 
431, 1, 367, 122, -1, 285, 387, 17.0, 24, MSpppppp, 188, 27137, 16499, 608, , 27137, 25000, 28137, 28124, 0, 
432, 1, 296, 199, -1, 290, 221, 5.5, 23, ABprppaaaaa, 114, 38998, 24647, 632, , 38998, 25000, 37976, 37812, 0, 
433, 1, 247, 507, -1, 159, 223, 23.9, 22, ABalapapppp, 170, 29722, 13791, 464, , 29722, 25000, 27886, 27788, 0, 
434, 1, 109, 10, -1, 193, 351, 15.3, 26, MSppappa, 230, 28910, 24747, 856, , 28910, 25000, 28848, 28852, 0, 
435, 1, 256, 301, -1, 544, 308, 16.0, 30, Eprap, 303, 28547, 38482, 1348, , 28547, 25000, 29693, 29765, 0, 
436, 1, 112, 276, -1, 517, 169, 10.5, 24, Cpppppv, 199, 27971, 21482, 768, , 27971, 25000, 28607, 28665, 0, 
437, 1, 20, 274, -1, 223, 275, 5.7, 24, ABpraaaapav, 211, 39223, 27613, 704, , 39223, 25000, 38392, 38674, 0, 
438, 1, 324, 506, -1, 157, 235, 15.7, 24, ABalaaaarrp, 260, 28602, 20136, 704, , 28602, 25000, 28596, 28347, 0, 
439, 1, 62, 407, -1, 299, 160, 10.0, 22, ABprpappaap, 24, 27372, 10511, 384, , 27372, 25000, 29923, 29952, 0, 
440, 1, 353, 114, -1, 601, 272, 14.7, 26, Cppppap, 237, 27828, 23821, 856, , 27828, 25000, 28597, 28597, 0, 
441, 1, 57, 192, -1, 494, 363, 11.5, 25, Cppapaa, 246, 28195, 21654, 768, , 28195, 25000, 28837, 28867, 0, 
442, 1, 316, 11, -1, 177, 214, 18.0, 22, ABalaaaalar, 195, 27841, 10691, 384, , 27841, 25000, 28318, 28341, 0, 
443, 1, 1, 152, -1, 215, 142, 20.8, 25, ABalpppaaaa, 230, 28205, 19856, 704, , 28205, 25000, 28195, 28227, 0, 
444, 1, 283, 321, -1, 548, 336, 11.5, 26, Cppapap, 633, 28278, 25337, 896, , 28278, 25000, 28549, 28543, 0, 
445, 1, 7, 209, -1, 516, 334, 16.5, 31, Earpp, 310, 28425, 35019, 1232, , 28425, 25000, 29880, 29973, 0, 
446, 1, 107, 117, -1, 295, 368, 21.0, 23, MSaaaapaa, 194, 28029, 14351, 512, , 28029, 25000, 28679, 28565, 0, 
447, 1, 303, 70, -1, 316, 401, 14.0, 27, ABarppaapa, 251, 27692, 28578, 1032, , 27692, 25000, 27493, 27557, 0, 
448, 1, 117, 201, -1, 239, 199, 22.0, 23, ABplpaapaaa, 203, 29432, 15069, 512, , 29432, 25000, 29100, 29362, 0, 
449, 1, 292, 281, -1, 525, 191, 12.7, 24, ABprpappppa, 202, 27670, 19480, 704, , 27670, 25000, 28285, 28242, 0, 
450, 1, 228, 29, -1, 292, 373, 8.1, 23, ABarpppaap, 236, 28833, 14301, 496, , 28833, 25000, 28942, 28942, 0, 
451, 1, 438, 465, -1, 383, 362, 6.7, 26, ABarppppap, 258, 30790, 26356, 856, , 30790, 25000, 34906, 34906, 0, 
452, 1, 419, 338, -1, 402, 403, 16.2, 26, Dppppa, 269, 27089, 21563, 796, , 27089, 25000, 29158, 29327, 0, 
453, 1, 450, 327, -1, 220, 376, 20.6, 31, ABarpaappa, 309, 29074, 38727, 1332, , 29074, 25000, 28695, 28770, 0, 
454, 1, 287, 182, -1, 421, 309, 17.5, 31, Ealpa, 311, 29313, 36114, 1232, , 29313, 25000, 29317, 29321, 0, 
455, 0, 485, -1, -1, 270, 285, 20.3, 22, , 4, 6, 15225, 524, , 29055, 25000, 29017, 29049, 0, 
456, 1, 411, 52, -1, 474, 235, 18.4, 30, Z3, 304, 27626, 31936, 1156, , 27626, 25000, 27700, 27725, 0, 
457, 1, 132, 347, -1, 572, 275, 23.5, 28, Capppaa, 266, 27631, 29841, 1080, , 27631, 25000, 28815, 28815, 0, 
458, 1, 204, 239, -1, 370, 366, 19.9, 24, MSaaappp, 183, 26290, 15879, 604, , 26290, 25000, 28500, 28775, 0, 
459, 1, 310, 42, -1, 474, 325, 9.0, 23, Cppaapa, 225, 28926, 14810, 512, , 28926, 25000, 29835, 29835, 0, 
460, 1, 260, 237, -1, 351, 235, 16.4, 22, MSaapaaap, 185, 29544, 16899, 572, , 29544, 25000, 29753, 29376, 0, 
461, 1, 87, 170, -1, 480, 345, 16.1, 29, Epraa, 197, 27863, 33659, 1208, , 27863, 25000, 29463, 29558, 0, 
462, 1, 463, -1, -1, 325, 114, 15.4, 22, ABplaapppa, 170, 26080, 14918, 572, , 26080, 25000, 27155, 27079, 0, 
463, 1, 239, 442, -1, 485, 178, 9.4, 24, ABprppppapp, 215, 29359, 20551, 700, , 29359, 25000, 28636, 28717, 0, 
464, 1, 202, 218, -1, 499, 384, 14.1, 25, Cpppaap, 40, 28529, 19628, 688, , 28529, 25000, 28551, 28550, 0, 
465, 1, 443, 340, -1, 318, 218, 8.9, 22, ABprpapapap, 166, 29019, 13465, 464, , 29019, 25000, 29032, 28900, 0, 
466, 1, 44, 366, -1, 233, 371, 17.9, 25, MSpppppa, 161, 27238, 18740, 688, , 27238, 25000, 28643, 28835, 0, 
467, 1, 98, 89, -1, 217, 202, 5.3, 24, ABprpaapapp, 192, 46801, 32948, 704, , 46801, 25000, 42210, 42197, 0, 
468, 1, 396, 178, -1, 533, 310, 20.3, 33, Ealpp, 331, 28238, 49022, 1736, , 28238, 25000, 29226, 29257, 0, 
469, 1, -1, 73, -1, 241, 214, 18.5, 28, Nuc233_19_241_214, -60, 27457, 29654, 1080, , 27457, 25000, 28151, 28370, 0, 
470, 1, 504, 163, -1, 520, 194, 6.8, 23, ABprpppaapp, 205, 31850, 17199, 540, , 31850, 25000, 33900, 34425, 0, 
471, 1, 257, 387, -1, 406, 232, 15.9, 22, ABplppapapa, 195, 27797, 12898, 464, , 27797, 25000, 27906, 27857, 0, 
472, 1, 486, 485, -1, 360, 173, 14.0, 22, ABplpapappa, 428, 28453, 10926, 384, , 28453, 25000, 29469, 29723, 0, 
473, 1, 529, 93, -1, 357, 328, 21.4, 22, MSaaapapp, 186, 27572, 15771, 572, , 27572, 25000, 28880, 28743, 0, 
474, 1, 457, 241, -1, 191, 239, 5.0, 22, ABpraaaapad, 227, 45654, 17531, 384, , 45654, 25000, 42199, 42286, 0, 
475, 1, 359, 431, -1, 479, 274, 8.0, 23, MSpappap, 233, 28986, 14841, 512, , 28986, 25000, 30465, 30465, 0, 
476, 1, 70, 295, -1, 215, 178, 24.3, 27, ABplaapaapp, 266, 28213, 26069, 924, , 28213, 25000, 28524, 28598, 0, 
477, 1, -1, 103, -1, 386, 313, 14.9, 22, Nuc233_15_386_313, 189, 29769, 13813, 464, , 29769, 25000, 29953, 29996, 0, 
478, 1, 505, 423, -1, 330, 396, 16.9, 24, Dpppaa, 215, 27853, 16823, 604, , 27853, 25000, 28273, 28317, 0, 
479, 1, 240, 294, -1, 119, 219, 18.5, 27, ABplaapaaaa, 208, 27873, 24974, 896, , 27873, 25000, 27465, 27674, 0, 
480, 1, 38, 69, -1, 461, 395, 10.6, 28, Caaaap, 282, 27977, 27641, 988, , 27977, 25000, 28148, 28148, 0, 
481, 1, 514, 471, -1, 372, 198, 17.9, 23, MSaapppaa, 177, 26839, 13312, 496, , 26839, 25000, 28420, 28484, 0, 
482, 1, 481, 158, -1, 181, 148, 20.3, 24, ABalpppaapv, 48, 29317, 20639, 704, , 29317, 25000, 28274, 28204, 0, 
483, 1, 285, 399, -1, 232, 317, 10.5, 22, ABpraaapaad, 16, 26424, 13529, 512, , 26424, 25000, 28633, 28634, 0, 
484, 1, 474, 500, -1, 410, 258, 11.0, 23, ABprppappap, -327, 27021, 13835, 512, , 27021, 25000, 27986, 28181, 0, 
485, 1, 253, 193, -1, 283, 163, 14.1, 22, ABplpapaapa, 84, 26114, 12117, 464, , 26114, 25000, 29152, 29366, 0, 
486, 1, 453, 464, -1, 123, 264, 16.8, 21, ABarpaaapaa, 71, 26815, 11477, 428, , 26815, 25000, 28019, 28296, 0, 
487, 1, 325, 121, -1, 179, 187, 25.6, 31, ABplaaapap, 69, 28181, 37537, 1332, , 28181, 25000, 28875, 28930, 0, 
488, 1, 483, 312, -1, 132, 207, 16.6, 25, ABalaaaparr, -79, 27224, 22650, 832, , 27224, 25000, 27594, 27764, 0, 
489, 1, 323, 120, -1, 243, 240, 19.9, 22, ABaraaaaaap, 119, 28308, 13135, 464, , 28308, 25000, 27803, 28274, 0, 
490, 1, 339, 246, -1, 234, 159, 21.9, 22, ABalapaapaa, 344, 26616, 12350, 464, , 26616, 25000, 28358, 28272, 0, 
491, 1, 150, 330, -1, 402, 318, 8.4, 26, Cppaaaa, -169, 29633, 24655, 832, , 29633, 25000, 30410, 30338, 0, 
492, 1, 502, 217, -1, 112, 237, 19.0, 21, ABarpaaaaar, 252, 27547, 10578, 384, , 27547, 25000, 27650, 27731, 0, 
493, 1, 158, 466, -1, 482, 364, 24.2, 32, Dapppp, 30, 28522, 45864, 1608, , 28522, 25000, 28088, 28088, 0, 
494, 1, 451, 477, -1, 280, 136, 17.9, 20, Nuc232_18_279_141, 199, 31753, 10034, 316, , 31753, 25000, 28441, 28218, 0, 
495, 1, 471, 510, -1, 201, 226, 9.4, 23, ABarappppap, 160, 28220, 18061, 640, , 28220, 25000, 29471, 29589, 0, 
496, 1, 115, 278, -1, 230, 159, 16.4, 28, ABplpaaapaa, -65, 28759, 28414, 988, , 28759, 25000, 28754, 28834, 0, 
497, 1, 496, 401, -1, 232, 239, 7.2, 21, ABprpaaappa, 126, 28932, 12383, 428, , 28932, 25000, 31962, 31894, 0, 
498, 1, 578, 176, 215, 208, 221, 16.1, 24, ABalpaappaa, 8, 28755, 17368, 604, , 28755, 25000, 28573, 28526, 0, 
499, 1, 434, 139, -1, 373, 402, 16.3, 28, Dpppap, 17, 28321, 30134, 1064, , 28321, 25000, 28287, 28406, 0, 
500, 1, 282, 206, -1, 302, 258, 20.2, 21, ABalpaaappp, 106, 27362, 11711, 428, , 27362, 25000, 28835, 28938, 0, 
501, 1, 497, 505, -1, 264, 206, 22.6, 21, ABalppppaad, 35, 27823, 14579, 524, , 27823, 25000, 28749, 28702, 0, 
502, 1, 524, 210, -1, 317, 189, 25.1, 23, ABalppppppap, 246, 28563, 14167, 496, , 28563, 25000, 27532, 27200, 0, 
503, 1, 95, 523, -1, 253, 304, 4.9, 22, ABpraaappppp, -123, 42853, 19884, 464, , 42853, 25000, 40932, 40913, 0, 
504, 1, 307, 220, -1, 375, 195, 12.5, 23, ABplppaappa, 126, 29117, 18402, 632, , 29117, 25000, 29047, 29212, 0, 
505, 1, 21, 502, -1, 330, 244, 21.0, 22, ABaraapappa, 298, 28534, 10957, 384, , 28534, 25000, 28589, 28311, 0, 
506, 1, 570, 368, -1, 180, 241, 12.3, 22, ABalaapaaar, -35, 26153, 13704, 524, , 26153, 25000, 28980, 29137, 0, 
507, 1, 320, 495, -1, 448, 399, 14.4, 26, Dppppp, 49, 28675, 23858, 832, , 28675, 25000, 28731, 28739, 0, 
508, 1, 516, 484, -1, 181, 208, 16.0, 21, Nuc232_16_181_214, 146, 28344, 10884, 384, , 28344, 25000, 28815, 28644, 0, 
509, 1, 509, 513, -1, 213, 222, 13.9, 23, ABaraaappap, 229, 28647, 14209, 496, , 28647, 25000, 28323, 28134, 0, 
510, 1, 503, 511, -1, 206, 149, 19.6, 22, Nuc232_19_207_150, -56, 28000, 16016, 572, , 28000, 25000, 28823, 28392, 0, 
511, 1, 454, 74, -1, 236, 277, 14.1, 21, ABaraaaaapp, 286, 27204, 9467, 348, , 27204, 25000, 27987, 27947, 0, 
512, 1, 141, 135, -1, 162, 217, 20.3, 22, ABalapaaapa, -95, 28263, 14810, 524, , 28263, 25000, 28385, 28287, 0, 
513, 1, 78, 397, -1, 340, 320, 17.9, 22, MSaaaappp, -69, 27491, 12756, 464, , 27491, 25000, 28372, 28394, 0, 
514, 1, 507, 337, -1, 521, 260, 25.5, 27, Cpaapp, 478, 27325, 24483, 896, , 27325, 25000, 28833, 28810, 0, 
515, 1, 518, 526, -1, 247, 141, 15.1, 20, ABalppaappp, 259, 29073, 9187, 316, , 29073, 25000, 28732, 28398, 0, 
516, 0, 172, -1, -1, 162, 185, 22.9, 26, , -140, 0, 0, 0, , 0, 0, 0, 0, 0, 
517, 1, -1, 95, -1, 472, 143, 8.9, 23, Nuc233_9_472_143, 223, 27867, 13822, 496, , 27867, 25000, 28030, 28039, 0, 
518, 1, 500, 159, -1, 184, 139, 17.6, 28, ABalppaaapa, 464, 26599, 26280, 988, , 26599, 25000, 27870, 27937, 0, 
519, 0, 510, -1, -1, 263, 236, 10.4, 22, , 338, -682, 16065, 572, , 28086, 25000, 28620, 28768, 0, 
520, 1, 397, 230, -1, 352, 343, 26.3, 34, Cpaaaa, 349, 30596, 57643, 1884, , 30596, 25000, 29101, 29055, 0, 
521, 1, 484, 66, -1, 183, 180, 21.0, 20, ABalapaappp, 122, 27256, 8613, 316, , 27256, 25000, 28706, 28846, 0, 
522, 1, 351, 456, -1, 501, 309, 10.8, 25, MSpppaap, 137, 26776, 18850, 704, , 26776, 25000, 28789, 28850, 0, 
523, 1, -1, 492, -1, 536, 260, 14.9, 22, Nuc233_15_536_260, 432, 27164, 12604, 464, , 27164, 25000, 28522, 28938, 0, 
524, 0, 523, -1, -1, 201, 166, 23.3, 20, , 776, -1294, 9857, 368, , 26785, 25000, 28044, 28079, 0, 
525, 1, 126, 305, -1, 293, 308, 22.25, 23, ABaraapaapp, 287, 26608, 15752, 592, , 26608, 25000, 28133, 28229, 0, 
526, 1, 525, 527, -1, 296, 168, 17.0, 22, MSappapp, 153, 29427, 11300, 384, , 29427, 25000, 28520, 28641, 0, 
527, 1, 527, 528, -1, 214, 265, 18.0, 22, ABaraaaapap, 71, 27870, 10702, 384, , 27870, 25000, 28077, 28083, 0, 
528, 1, 528, 529, -1, 293, 282, 22.0, 22, MSaaapaap, 136, 27122, 10415, 384, , 27122, 25000, 28528, 28538, 0, 
529, 1, 234, 530, -1, 336, 319, 22.0, 22, MSaaapapa, -15, 30141, 11574, 384, , 30141, 25000, 27810, 27733, 0, 
530, 1, 530, 531, -1, 350, 283, 22.0, 24, MSaapappa, 160, 27313, 16606, 608, , 27313, 25000, 29246, 29266, 0, 
531, 1, 531, 532, -1, 355, 251, 21.0, 24, MSaapaapa, 158, 30668, 18646, 608, , 30668, 25000, 30674, 30695, 0, 
532, 1, 532, 516, -1, 430, 235, 19.0, 26, MSaapppp, 216, 26835, 22863, 852, , 26835, 25000, 27844, 27896, 0, 
533, 1, 533, 533, -1, 394, 231, 19.0, 24, MSaapppap, 54, 27258, 16573, 608, , 27258, 25000, 28114, 28174, 0, 
534, 1, 534, 534, -1, 246, 352, 23.0, 22, MSappaaa, 247, 48188, 18504, 384, , 48188, 25000, 33058, 33058, 0, 
535, 1, 535, 535, -1, 485, 233, 20.0, 24, MSappaap, 207, 26865, 16334, 608, , 26865, 25000, 27657, 27659, 0, 
536, 1, 536, 536, -1, 338, 240, 23.0, 24, MSapapaa, -457, 27444, 16686, 608, , 27444, 25000, 28075, 27846, 0, 
537, 1, 537, 538, -1, 354, 355, 17.0, 23, MSpaapapp, 224, 28213, 14445, 512, , 28213, 25000, 28351, 28537, 0, 
538, 1, 538, 540, -1, 308, 337, 16.0, 21, MSpaapaaa, 201, 28268, 10855, 384, , 28268, 25000, 28314, 28407, 0, 
539, 1, 539, 541, -1, 284, 289, 8.0, 22, MSppppaa, 578, 28234, 10842, 384, , 28234, 25000, 28883, 28756, 0, 
540, 1, 540, 542, -1, 176, 322, 16.0, 24, ABarpapaapp, 214, 28076, 17070, 608, , 28076, 25000, 28021, 27905, 0, 
541, 1, 541, 543, -1, 152, 313, 19.0, 22, ABalapppapp, -98, 27656, 10620, 384, , 27656, 25000, 28438, 28327, 0, 
542, 1, 542, 544, -1, 242, 247, 11.0, 23, MSppaaaa, 328, 28410, 14546, 512, , 28410, 25000, 28717, 28790, 0, 
543, 1, 543, 514, -1, 273, 300, 25.0, 24, MSapppap, -72, 29102, 17694, 608, , 29102, 25000, 27995, 27826, 0, 
544, 1, 544, 545, -1, 480, 309, 27.0, 28, Cpaapa, 264, 28983, 32693, 1128, , 28983, 25000, 28905, 28913, 0, 
545, 1, 545, 546, -1, 316, 302, 8.0, 24, Dpaaa, 213, 31120, 18921, 608, , 31120, 25000, 30393, 30451, 0, 
546, 1, 548, -1, -1, 296, 250, 9.0, 24, MSpppapp, 308, 28363, 17245, 608, , 28363, 25000, 29360, 29237, 0, 
547, 1, 549, 547, -1, 494, 155, 11.0, 22, Caapaa, -59, 30346, 11653, 384, , 30346, 25000, 28299, 28258, 0, 
548, 1, 550, 425, -1, 455, 329, 18.366667, 31, Ealap, 329, 28694, 39139, 1364, , 28694, 25000, 28891, 29005, 0, 
549, 1, 556, 548, -1, 342, 195, 13.0, 25, ABplpappaap, 260, 26470, 20223, 764, , 26470, 25000, 29277, 29414, 0, 
550, 1, 557, 549, -1, 219, 247, 15.0, 21, ABaraaaaapa, 171, 27557, 10582, 384, , 27557, 25000, 28710, 28280, 0, 
551, 1, 562, 550, -1, 181, 315, 20.0, 23, ABalapppapa, 187, 26543, 13590, 512, , 26543, 25000, 27886, 27841, 0, 
552, 1, 563, 551, -1, 155, 310, 13.0, 22, ABalappappp, 428, 28393, 10903, 384, , 28393, 25000, 28560, 28560, 0, 
553, 1, 564, 552, -1, 142, 264, 14.0, 24, ABalappappa, 114, 26615, 16182, 608, , 26615, 25000, 28773, 28796, 0, 
554, 1, 565, -1, -1, 188, 261, 10.0, 23, ABalaappppa, 266, 27209, 13931, 512, , 27209, 25000, 28226, 28305, 0, 
555, 1, 566, 553, -1, 133, 223, 14.0, 22, ABalaaappll, 101, 26953, 10350, 384, , 26953, 25000, 27567, 27874, 0, 
556, 1, 568, 555, -1, 160, 266, 16.0, 22, ABalappppaa, 122, 26154, 10043, 384, , 26154, 25000, 28181, 28303, 0, 
557, 1, 569, 556, -1, 173, 240, 19.5, 24, ABalapappaa, -6, 29418, 22593, 768, , 29418, 25000, 28301, 28323, 0, 
558, 1, 571, 557, -1, 159, 257, 10.0, 22, ABalaappppp, -9, 28055, 10773, 384, , 28055, 25000, 29066, 29418, 0, 
559, 1, 572, 558, -1, 169, 161, 19.0, 22, ABalaaapall, 176, 27560, 10583, 384, , 27560, 25000, 28467, 28557, 0, 
560, 1, 237, 559, -1, 172, 209, 12.45, 22, ABaraaapppa, 200, 26650, 15244, 572, , 26650, 25000, 27795, 27862, 0, 
561, 1, 579, 560, -1, 207, 185, 21.0, 22, ABalapaappa, 156, 26232, 10073, 384, , 26232, 25000, 28484, 28514, 0, 
562, 1, 582, 561, -1, 267, 209, 15.0, 22, ABalpappapa, -32, 26880, 10322, 384, , 26880, 25000, 28653, 28733, 0, 
563, 1, 585, -1, -1, 203, 182, 17.0, 22, ABalppapaaa, 248, 26414, 10143, 384, , 26414, 25000, 28908, 28984, 0, 
564, 1, 592, 562, -1, 148, 286, 20.0, 22, ABalapapapa, -370, 26555, 10197, 384, , 26555, 25000, 27913, 27877, 0, 
