1, 1, 10, 14, -1, 173, 157, 23.1, 26, ABplpaapapa, 355, 27354, 21883, 800, , 27354, 25000, 28787, 28723, 0, 
2, 1, 163, 154, -1, 464, 132, 19.9, 26, ABplapappa, 255, 27256, 21805, 800, , 27256, 25000, 28161, 28182, 0, 
3, 1, 340, 4, -1, 254, 346, 10.8, 23, ABpraapappa, 202, 28209, 15233, 540, , 28209, 25000, 28168, 28132, 0, 
4, 1, -1, 142, -1, 148, 189, 22.8, 25, Nuc234_23_148_189, 91, 28678, 20189, 704, , 28678, 25000, 28757, 28724, 0, 
5, 1, 275, 114, -1, 181, 181, 23.1, 24, ABplaapaapa, -315, 29601, 17879, 604, , 29601, 25000, 29186, 29396, 0, 
6, 1, 102, 128, -1, 381, 300, 12.5, 23, MSpapappp, 184, 28581, 18063, 632, , 28581, 25000, 30529, 30680, 0, 
7, 1, 97, 19, -1, 217, 321, 16.3, 23, ABaraappapa, 83, 27113, 16051, 592, , 27113, 25000, 27812, 27886, 0, 
8, 1, 235, 31, -1, 495, 298, 5.5, 26, ABprappapp, 35, 38625, 34608, 896, , 38625, 25000, 37559, 37564, 0, 
9, 1, 157, 286, -1, 298, 192, 9.8, 22, ABprpapaaaa, 87, 28177, 13976, 496, , 28177, 25000, 28544, 28480, 0, 
10, 1, 434, 436, -1, 195, 351, 15.1, 26, MSppappa, 207, 27918, 22334, 800, , 27918, 25000, 28652, 28691, 0, 
11, 1, 442, 184, -1, 176, 215, 18.0, 24, ABalaaaalar, 230, 27367, 16639, 608, , 27367, 25000, 29116, 29719, 0, 
12, 1, 335, 233, -1, 161, 230, 17.4, 25, ABalaaaarlp, 199, 27517, 22894, 832, , 27517, 25000, 28852, 29437, 0, 
13, 1, 20, 291, -1, 477, 132, 15.3, 24, ABplpppapaa, 177, 27645, 19462, 704, , 27645, 25000, 29220, 29225, 0, 
14, 1, 234, 6, -1, 220, 134, 13.5, 25, ABalppapapp, 219, 27978, 21487, 768, , 27978, 25000, 28249, 28252, 0, 
15, 1, 283, 279, -1, 366, 388, 13.4, 26, Dppap, 253, 28008, 23303, 832, , 28008, 25000, 29074, 28972, 0, 
16, 1, 2, 300, -1, 330, 238, 18.9, 28, ABaraapappp, 209, 28466, 30971, 1088, , 28466, 25000, 30123, 30058, 0, 
17, 1, 12, 99, -1, 276, 130, 14.5, 22, ABplpaapppp, 30, 26498, 13567, 512, , 26498, 25000, 28231, 28179, 0, 
18, 0, 170, -1, -1, 83, 262, 15.9, 24, , 224, 2678, 17873, 604, , 29591, 25000, 26913, 26913, 0, 
19, 1, 333, 105, -1, 317, 206, 22.1, 23, ABplaapapaa, 228, 29405, 14585, 496, , 29405, 25000, 28543, 28543, 0, 
20, 1, 205, 353, -1, 261, 282, 26.3, 24, ABarppaaaa, 387, 29875, 21032, 704, , 29875, 25000, 29317, 29322, 0, 
21, 1, 352, 93, -1, 547, 154, 15.0, 24, Cappppd, 221, 27074, 16461, 608, , 27074, 25000, 28577, 28644, 0, 
22, 1, 405, 242, 513, 384, 284, 8.7, 22, MSpapppap, 189, 28435, 14900, 524, , 28435, 25000, 31194, 31024, 0, 
23, 1, 75, 244, -1, 207, 220, 12.1, 27, ABarappaaaa, 7, 26920, 24443, 908, , 26920, 25000, 28428, 28512, 0, 
24, 1, 145, 189, -1, 156, 206, 10.5, 22, ABalaapaapp, 179, 27447, 14053, 512, , 27447, 25000, 27905, 28034, 0, 
25, 1, 353, 309, -1, 324, 136, 21.3, 26, ABplppaaaap, 257, 26464, 22653, 856, , 26464, 25000, 28612, 28572, 0, 
26, 1, 269, 230, -1, 267, 225, 14.3, 23, Nuc233_14_264_225, 204, 28378, 16800, 592, , 28378, 25000, 28603, 28919, 0, 
27, 1, 146, 468, -1, 320, 351, 10.2, 24, MSppapaa, 227, 26297, 17251, 656, , 26297, 25000, 28240, 28285, 0, 
28, 1, 48, 101, -1, 281, 236, 24.2, 24, ABplaapappa, 213, 26018, 17068, 656, , 26018, 25000, 28514, 28585, 0, 
29, 1, 450, 25, -1, 291, 373, 7.9, 24, ABarpppaap, 233, 28487, 17206, 604, , 28487, 25000, 30190, 30190, 0, 
30, 1, 246, 311, -1, 244, 349, 7.8, 27, ABpraapappp, -163, 29780, 25849, 868, , 29780, 25000, 30619, 30697, 0, 
31, 1, 195, 208, -1, 439, 214, 10.6, 22, ABprppaappp, 224, 27390, 15667, 572, , 27390, 25000, 27973, 27996, 0, 
32, 1, 217, 293, -1, 444, 270, 22.5, 23, Capaaap, 238, 28486, 18003, 632, , 28486, 25000, 28660, 28655, 0, 
33, 1, 290, 469, -1, 559, 218, 6.7, 23, ABprapppaap, 237, 31184, 18461, 592, , 31184, 25000, 34156, 33911, 0, 
34, 1, 71, 130, -1, 494, 327, 19.7, 32, Eplaa, 329, 29240, 46316, 1584, , 29240, 25000, 28859, 28876, 0, 
35, 1, 120, 402, -1, 280, 227, 20.8, 23, ABalpapppaa, 115, 26694, 14415, 540, , 26694, 25000, 27454, 27522, 0, 
36, 1, 92, 226, -1, 205, 186, 15.4, 29, ABalpapaaaa, 199, 29958, 34631, 1156, , 29958, 25000, 28705, 28983, 0, 
37, 1, 133, 177, -1, 298, 167, 7.4, 24, ABarappapap, 218, 29304, 20513, 700, , 29304, 25000, 32817, 33176, 0, 
38, 1, 130, 24, -1, 513, 291, 8.4, 24, Cppaapp, 246, 30363, 21254, 700, , 30363, 25000, 29415, 29340, 0, 
39, 1, 184, 139, -1, 309, 226, 24.4, 24, ABplaapapap, 556, 29519, 20663, 700, , 29519, 25000, 29117, 29124, 0, 
40, 1, 427, 511, -1, 476, 246, 26.8, 30, ABarppappa, 303, 28219, 37249, 1320, , 28219, 25000, 28491, 28491, 0, 
41, 1, 247, 152, -1, 444, 231, 23.2, 24, ABplappaap, 236, 28666, 18805, 656, , 28666, 25000, 27859, 27881, 0, 
42, 1, 459, 179, -1, 472, 325, 8.8, 24, Cppaapa, 175, 31337, 20557, 656, , 31337, 25000, 29149, 29173, 0, 
43, 1, 91, 42, -1, 280, 361, 18.2, 23, MSpaaappa, 216, 26917, 14535, 540, , 26917, 25000, 29251, 29419, 0, 
44, 1, 308, 224, -1, 362, 208, 10.3, 24, ABprppaappa, 126, 28135, 19807, 704, , 28135, 25000, 28957, 29078, 0, 
45, 1, 216, 243, -1, 282, 353, 14.7, 24, ABaraappapp, 377, 26787, 18858, 704, , 26787, 25000, 28305, 28348, 0, 
46, 1, 139, 91, -1, 272, 126, 10.7, 27, ABplaappap, 259, 28142, 26003, 924, , 28142, 25000, 28425, 28435, 0, 
47, 1, 29, 117, -1, 231, 220, 5.7, 24, ABprpaaapap, 219, 39634, 27902, 704, , 39634, 25000, 37078, 37046, 0, 
48, 1, 69, 355, -1, 258, 318, 12.3, 23, ABarapaappa, 237, 26647, 15775, 592, , 26647, 25000, 28259, 28219, 0, 
49, 1, 60, 70, -1, 314, 268, 21.9, 25, ABaraapapaa, 301, 26629, 18321, 688, , 26629, 25000, 28166, 28222, 0, 
50, 1, 262, 30, -1, 261, 344, 17.5, 27, MSpaaaapp, 55, 28450, 25491, 896, , 28450, 25000, 28562, 28702, 0, 
51, 1, 103, 298, -1, 158, 267, 20.9, 22, ABplaaaaaaa, 209, 27039, 12546, 464, , 27039, 25000, 28545, 28715, 0, 
52, 1, 456, 182, -1, 476, 234, 18.3, 30, Z3, 290, 27788, 36347, 1308, , 27788, 25000, 27981, 28014, 0, 
53, 0, 72, -1, -1, 234, 254, 24.7, 22, , 181, -418, 14558, 524, , 27782, 25000, 28192, 28200, 0, 
54, 1, 117, 323, -1, 281, 353, 24.9, 27, MSappppp, 271, 28672, 26034, 908, , 28672, 25000, 29313, 29313, 0, 
55, 1, 349, 426, -1, 506, 210, 11.3, 23, ABprppppaap, 201, 27588, 16332, 592, , 27588, 25000, 29489, 29530, 0, 
56, 1, 242, 164, -1, 145, 275, 7.3, 28, ABprpaapapa, 279, 29710, 31611, 1064, , 29710, 25000, 32800, 33382, 0, 
57, 1, 281, 80, -1, 157, 168, 20.2, 23, ABalpppaapd, 203, 26839, 14493, 540, , 26839, 25000, 28938, 28649, 0, 
58, 1, 336, 98, -1, 128, 275, 11.2, 23, ABarpappaa, 203, 27119, 14644, 540, , 27119, 25000, 27468, 27530, 0, 
59, 1, 238, 218, -1, 320, 136, 18.1, 24, ABplppaapap, 215, 26646, 16094, 604, , 26646, 25000, 28571, 28388, 0, 
60, 1, 430, 113, -1, 350, 352, 19.5, 27, MSpaaapap, 208, 27561, 24695, 896, , 27561, 25000, 28296, 28302, 0, 
61, 1, 38, 250, 519, 269, 187, 10.4, 27, ABarappapaa, 227, 28529, 28187, 988, , 28529, 25000, 28451, 28722, 0, 
62, 1, 237, 334, -1, 604, 250, 11.4, 28, Cpappd, 232, 27357, 27029, 988, , 27357, 25000, 27615, 27582, 0, 
63, 1, 263, 232, -1, 257, 145, 12.1, 24, ABalppapapa, -113, 28245, 17060, 604, , 28245, 25000, 28697, 28921, 0, 
64, 1, 209, 389, -1, 500, 202, 22.0, 24, Capaapp, 246, 26923, 16369, 608, , 26923, 25000, 28138, 28180, 0, 
65, 1, 300, 73, -1, 360, 144, 15.1, 23, ABplapaapa, 206, 27022, 13403, 496, , 27022, 25000, 27710, 27708, 0, 
66, 1, 521, 493, -1, 181, 179, 21.0, 22, ABalapaappp, 147, 28706, 11023, 384, , 28706, 25000, 28821, 28998, 0, 
67, 1, 61, 185, -1, 192, 197, 18.2, 23, ABalaaaalal, 182, 27928, 15081, 540, , 27928, 25000, 28509, 28534, 0, 
68, 1, 298, 313, -1, 552, 157, 8.5, 26, ABprappppp, 245, 27098, 24280, 896, , 27098, 25000, 28427, 28509, 0, 
69, 1, 480, 339, -1, 458, 393, 10.4, 28, Caaaap, 285, 27615, 27284, 988, , 27615, 25000, 28163, 28163, 0, 
70, 1, 447, 295, -1, 311, 401, 14.0, 30, ABarppaapa, 301, 27859, 37554, 1348, , 27859, 25000, 27621, 27733, 0, 
71, 1, 278, 181, -1, 387, 331, 20.6, 27, Ealaad, 274, 27977, 27641, 988, , 27977, 25000, 28812, 28861, 0, 
72, 0, 121, -1, -1, 116, 288, 21.2, 23, , 184, 634, 15421, 540, , 28557, 25000, 28026, 27923, 0, 
73, 1, 469, 356, -1, 239, 216, 18.6, 26, Nuc233_19_241_214, 115, 26936, 22411, 832, , 26936, 25000, 27478, 27434, 0, 
74, 1, 511, 46, -1, 236, 277, 14.3, 22, ABaraaaaapp, 175, 27122, 14212, 524, , 27122, 25000, 28562, 28502, 0, 
75, 1, 49, 143, -1, 124, 290, 15.0, 23, ABarpaaapap, 205, 27156, 13904, 512, , 27156, 25000, 27647, 27663, 0, 
76, 1, 15, 61, -1, 321, 293, 12.1, 24, ABaraappppp, 458, 29599, 17878, 604, , 29599, 25000, 29111, 29067, 0, 
77, 1, 261, 399, -1, 575, 244, 11.2, 26, Cpppapp, 252, 29090, 23156, 796, , 29090, 25000, 29439, 29589, 0, 
78, 1, 232, 235, -1, 354, 248, 13.8, 24, ABarapapapp, 226, 29637, 19442, 656, , 29637, 25000, 29224, 29180, 0, 
79, 1, 187, 40, -1, 439, 239, 11.2, 22, ABprppapppa, 77, 28645, 14208, 496, , 28645, 25000, 28213, 28072, 0, 
80, 1, 186, 153, -1, 574, 288, 11.5, 26, Cpppapa, 266, 27706, 24825, 896, , 27706, 25000, 29671, 29821, 0, 
81, 1, 394, 20, -1, 565, 187, 9.5, 24, ABprapapppp, 220, 28099, 21580, 768, , 28099, 25000, 28448, 28486, 0, 
82, 1, 264, 67, -1, 411, 231, 22.4, 25, ABplappaaa, -10, 27177, 22611, 832, , 27177, 25000, 28707, 28565, 0, 
83, 1, 362, 497, -1, 225, 208, 15.4, 22, ABalpaappap, 174, 28460, 16279, 572, , 28460, 25000, 28531, 28405, 0, 
84, 1, 122, 29, -1, 207, 267, 19.4, 24, ABaraapaaaa, 280, 27563, 19294, 700, , 27563, 25000, 27459, 27571, 0, 
85, 1, 108, 222, -1, 159, 294, 10.2, 24, ABpraapaapa, 286, 28056, 18405, 656, , 28056, 25000, 28815, 29145, 0, 
86, 1, 66, 156, -1, 246, 120, 15.8, 28, ABplpaapapp, 240, 28346, 29820, 1052, , 28346, 25000, 27975, 27896, 0, 
87, 1, 74, 366, -1, 520, 252, 8.2, 24, Cppappa, 222, 28095, 18430, 656, , 28095, 25000, 30595, 30645, 0, 
88, 1, 98, 120, -1, 251, 389, 14.3, 28, ABarpaappp, 278, 27048, 28779, 1064, , 27048, 25000, 27510, 27467, 0, 
89, 1, 467, 350, -1, 216, 198, 5.6, 25, ABprpaapapp, -15, 42781, 35594, 832, , 42781, 25000, 40431, 40768, 0, 
90, 1, 329, 307, -1, 191, 308, 23.6, 27, MSapappp, 240, 27199, 26873, 988, , 27199, 25000, 28319, 28358, 0, 
91, 1, 239, 473, -1, 225, 185, 11.9, 23, ABarappaapa, -36, 29637, 14700, 496, , 29637, 25000, 28751, 28873, 0, 
92, 1, 255, 481, -1, 358, 241, 27.4, 24, ABarppapaa, 248, 29056, 20339, 700, , 29056, 25000, 28855, 28900, 0, 
93, 1, 473, 533, -1, 357, 328, 21.3, 22, MSaaapapp, 182, 27796, 14565, 524, , 27796, 25000, 28986, 29194, 0, 
94, 1, 119, 362, -1, 457, 209, 7.7, 23, ABprpppaaaa, 263, 29644, 17549, 592, , 29644, 25000, 30317, 30232, 0, 
95, 1, 517, 484, -1, 476, 142, 8.8, 22, Nuc233_9_472_143, 167, 26016, 12904, 496, , 26016, 25000, 28966, 29004, 0, 
96, 1, 113, 252, -1, 315, 369, 19.0, 23, MSpaaappp, 177, 28186, 14431, 512, , 28186, 25000, 28458, 28498, 0, 
97, 1, 293, 28, -1, 226, 374, 12.7, 23, ABarpppaaa, 228, 28713, 16998, 592, , 28713, 25000, 27878, 27855, 0, 
98, 1, 68, 106, -1, 292, 263, 13.6, 23, ABarapapppp, 142, 26567, 17003, 640, , 26567, 25000, 28638, 28665, 0, 
99, 1, 378, 17, -1, 327, 218, 11.1, 23, ABprpapapaa, 233, 29321, 14543, 496, , 29321, 25000, 29124, 29218, 0, 
100, 1, 22, 241, -1, 234, 250, 13.4, 24, ABarapaaaaa, 62, 26653, 18657, 700, , 26653, 25000, 28298, 28316, 0, 
101, 1, 115, 122, -1, 456, 315, 5.8, 25, ABprappaap, 259, 36595, 25763, 704, , 36595, 25000, 33932, 33932, 0, 
102, 1, 424, 515, -1, 316, 263, 8.4, 23, Dpapa, -63, 28345, 18141, 640, , 28345, 25000, 30285, 30437, 0, 
103, 1, 477, 529, -1, 387, 311, 14.8, 22, Nuc233_15_386_313, 175, 29048, 14408, 496, , 29048, 25000, 30275, 30202, 0, 
104, 1, 45, 51, -1, 327, 187, 15.5, 23, ABplpapapaa, 214, 27334, 17275, 632, , 27334, 25000, 30244, 30261, 0, 
105, 1, 101, 528, -1, 314, 190, 8.8, 22, ABprpapaaap, 173, 28754, 14262, 496, , 28754, 25000, 29127, 29242, 0, 
106, 1, 243, 193, -1, 372, 234, 23.4, 25, ABplapaaapp, 213, 29069, 24185, 832, , 29069, 25000, 29055, 28970, 0, 
107, 1, 65, 324, -1, 181, 307, 8.6, 24, ABpraapaapp, 139, 29046, 20332, 700, , 29046, 25000, 30336, 30378, 0, 
108, 1, 129, 435, -1, 235, 200, 9.5, 24, ABarapppppp, -28, 28087, 21571, 768, , 28087, 25000, 29121, 29238, 0, 
109, 1, 358, 452, -1, 168, 336, 10.3, 24, ABarpapppa, -6, 26217, 18457, 704, , 26217, 25000, 29088, 29075, 0, 
110, 1, 77, 196, -1, 211, 250, 7.4, 23, ABprpaaaaaa, 202, 30273, 19375, 640, , 30273, 25000, 31907, 32087, 0, 
111, 1, 168, 148, -1, 196, 215, 26.6, 28, ABplaaappa, -9, 28749, 28404, 988, , 28749, 25000, 29549, 29707, 0, 
112, 1, 306, 361, -1, 446, 331, 24.4, 29, Cappaaa, 296, 29514, 34118, 1156, , 29514, 25000, 28911, 28916, 0, 
113, 1, 233, 5, -1, 368, 273, 10.9, 22, MSpapapap, 219, 56149, 26053, 464, , 56149, 25000, 33795, 32852, 0, 
114, 1, 440, 333, -1, 600, 272, 14.6, 27, Cppppap, 112, 26889, 26566, 988, , 26889, 25000, 28283, 28283, 0, 
115, 1, 7, 461, -1, 447, 257, 8.9, 22, ABprppapapp, 199, 28196, 13083, 464, , 28196, 25000, 29265, 29367, 0, 
116, 1, 85, 368, -1, 350, 348, 7.8, 25, ABprapaaapp, 112, 31690, 22310, 704, , 31690, 25000, 30563, 30670, 0, 
117, 1, 446, 343, -1, 295, 368, 20.8, 22, MSaaaapaa, 185, 28853, 14311, 496, , 28853, 25000, 28726, 28844, 0, 
118, 1, 346, 77, -1, 286, 300, 5.4, 25, ABprpaappap, 229, 38166, 31754, 832, , 38166, 25000, 37691, 38083, 0, 
119, 1, -1, 88, -1, 299, 240, 18.6, 25, Nuc234_19_299_240, 202, 30081, 25027, 832, , 30081, 25000, 28400, 28421, 0, 
120, 1, 489, 236, -1, 242, 239, 20.1, 22, ABaraaaaaap, 187, 29358, 13622, 464, , 29358, 25000, 28530, 28777, 0, 
121, 1, 487, 82, -1, 175, 191, 25.5, 28, ABplaaapap, 257, 27034, 29197, 1080, , 27034, 25000, 29002, 29060, 0, 
122, 1, 431, 259, -1, 282, 386, 16.9, 23, MSpppppp, 191, 27980, 13878, 496, , 27980, 25000, 28690, 28759, 0, 
123, 1, 384, 13, -1, 392, 249, 11.7, 22, ABprppappaa, 192, 27061, 14180, 524, , 27061, 25000, 29375, 29577, 0, 
124, 1, 276, 458, -1, 210, 227, 23.9, 25, ABalapaaaa, -4, 28496, 19605, 688, , 28496, 25000, 28357, 28468, 0, 
125, 1, 86, 408, -1, 243, 255, 6.8, 22, MSppapap, 130, 31994, 15869, 496, , 31994, 25000, 33276, 33614, 0, 
126, 1, 420, 238, -1, 529, 113, 15.9, 26, ABplappppp, 182, 27891, 22313, 800, , 27891, 25000, 28139, 28093, 0, 
127, 1, 331, 246, -1, 294, 145, 15.5, 22, ABplpapaapp, 194, 29410, 15058, 512, , 29410, 25000, 28422, 28140, 0, 
128, 1, 106, 357, -1, 119, 230, 15.7, 26, ABpraapaaaa, 243, 27958, 23932, 856, , 27958, 25000, 28146, 27997, 0, 
129, 1, 284, 448, -1, 175, 261, 14.6, 25, ABalaapaaal, 215, 27036, 22494, 832, , 27036, 25000, 27975, 28112, 0, 
130, 1, 41, 151, -1, 145, 298, 17.5, 24, ABarpapaaaa, 231, 27678, 21257, 768, , 27678, 25000, 27892, 27864, 0, 
131, 1, 332, 405, -1, 428, 216, 13.0, 22, ABplppaappp, -124, 27427, 10532, 384, , 27427, 25000, 28862, 28982, 0, 
132, 1, 58, 38, -1, 252, 274, 10.9, 24, ABarapapaap, 84, 27705, 16734, 604, , 27705, 25000, 28165, 28143, 0, 
133, 1, 383, 72, -1, 423, 240, 14.6, 23, ABplppapppa, 206, 27475, 17584, 640, , 27475, 25000, 27851, 27979, 0, 
134, 1, 24, 146, -1, 271, 244, 12.3, 24, ABarapaaaap, 132, 27443, 19320, 704, , 27443, 25000, 27736, 27707, 0, 
135, 1, 512, 429, -1, 153, 211, 20.5, 22, ABalapaaapa, 172, 28156, 14416, 512, , 28156, 25000, 28260, 28146, 0, 
136, 1, 369, 319, -1, 555, 277, 18.8, 32, Eplap, 316, 28630, 46037, 1608, , 28630, 25000, 29423, 29401, 0, 
137, 1, 351, 27, -1, 313, 262, 11.5, 23, MSpapaaaa, 442, 28758, 18175, 632, , 28758, 25000, 29285, 29302, 0, 
138, 1, 155, 173, -1, 167, 339, 18.1, 25, MSppappp, -189, 27472, 18901, 688, , 27472, 25000, 28229, 28168, 0, 
139, 1, 499, 123, -1, 370, 401, 15.8, 26, Dpppap, 357, 28399, 22606, 796, , 28399, 25000, 28901, 28980, 0, 
140, 1, 280, 110, -1, 488, 229, 10.4, 22, ABprppppaaa, 202, 28502, 16303, 572, , 28502, 25000, 28820, 28973, 0, 
141, 1, 198, 422, -1, 360, 277, 13.0, 22, MSpapapaa, 182, 48865, 18764, 384, , 48865, 25000, 34413, 34235, 0, 
142, 1, 176, 269, -1, 444, 190, 17.0, 23, ABplpppaaap, 219, 29711, 15212, 512, , 29711, 25000, 28584, 28539, 0, 
143, 1, 389, 18, -1, 259, 138, 21.4, 24, ABalpppapav, 235, 27307, 19115, 700, , 27307, 25000, 28472, 28550, 0, 
144, 1, 44, 268, -1, 399, 273, 14.5, 24, MSaappap, 194, 27617, 21210, 768, , 27617, 25000, 29074, 29236, 0, 
145, 1, 367, 159, -1, 540, 199, 17.3, 32, Eplpp, 322, 28236, 44726, 1584, , 28236, 25000, 29450, 29456, 0, 
146, 1, 1, 328, -1, 270, 186, 19.9, 25, MSapapap, 35, 28645, 19708, 688, , 28645, 25000, 28541, 28556, 0, 
147, 1, 26, 347, -1, 509, 158, 22.5, 22, ABarppappp, 142, 26516, 13576, 512, , 26516, 25000, 28519, 28522, 0, 
148, 1, 221, 209, -1, 230, 166, 19.4, 25, ABplpaaaaaa, 258, 26242, 21833, 832, , 26242, 25000, 27790, 28150, 0, 
149, 1, 59, 100, -1, 480, 251, 23.1, 28, Capaapa, 10, 28101, 30574, 1088, , 28101, 25000, 28316, 28324, 0, 
150, 1, 222, 331, -1, 264, 322, 21.9, 23, MSaaaaapp, 211, 28899, 14334, 496, , 28899, 25000, 28556, 28551, 0, 
151, 0, 128, -1, -1, 269, 289, 21.5, 24, , 203, 2543, 23820, 768, , 31016, 25000, 28795, 28473, 0, 
152, 1, 443, 280, -1, 213, 142, 21.1, 25, ABalpppaaaa, 254, 28712, 19754, 688, , 28712, 25000, 28626, 28729, 0, 
153, 1, 373, 194, -1, 408, 228, 9.5, 23, ABprpaaaapp, -184, 29044, 18356, 632, , 29044, 25000, 29084, 29167, 0, 
154, 1, 423, 505, -1, 195, 322, 12.0, 22, Nuc233_11_192_311, 203, 29810, 11447, 384, , 29810, 25000, 28093, 28235, 0, 
155, 1, 34, 162, -1, 208, 290, 10.2, 23, ABprpaapaaa, 208, 29641, 16006, 540, , 29641, 25000, 29022, 29033, 0, 
156, 1, 132, 423, -1, 429, 261, 25.4, 28, ABplappapa, 276, 28351, 28011, 988, , 28351, 25000, 27741, 27756, 0, 
157, 1, 226, 332, -1, 400, 200, 13.7, 23, ABplpaaaapp, 192, 29699, 17582, 592, , 29699, 25000, 28284, 28257, 0, 
158, 1, 482, 369, -1, 178, 150, 20.9, 23, ABalpppaapv, 452, 27335, 13558, 496, , 27335, 25000, 28906, 28545, 0, 
159, 1, 518, 118, -1, 180, 139, 17.9, 26, ABalppaaapa, 474, 27894, 22315, 800, , 27894, 25000, 28277, 27972, 0, 
160, 1, 114, 251, -1, 535, 169, 20.7, 26, Cappapp, 260, 28113, 24065, 856, , 28113, 25000, 28835, 28953, 0, 
161, 1, 211, 165, -1, 144, 319, 22.8, 24, ABplaaaapp, -128, 27331, 17929, 656, , 27331, 25000, 28091, 28093, 0, 
162, 1, 343, 58, -1, 179, 168, 17.9, 23, ABalaaaalpa, 207, 29496, 14630, 496, , 29496, 25000, 29155, 28901, 0, 
163, 1, 470, 391, -1, 517, 193, 6.9, 23, ABprpppaapp, 77, 32391, 16066, 496, , 32391, 25000, 33010, 33017, 0, 
164, 1, 80, 338, -1, 437, 326, 8.8, 24, Cppaaap, 239, 28718, 18839, 656, , 28718, 25000, 29352, 29320, 0, 
165, 1, 307, 503, -1, 375, 199, 14.3, 24, ABplppappaa, 201, 28547, 20097, 704, , 28547, 25000, 28546, 28615, 0, 
166, 1, 174, 312, -1, 106, 271, 18.8, 25, ABarpapapa, 237, 27649, 19465, 704, , 27649, 25000, 28040, 28032, 0, 
167, 1, 8, 119, -1, 459, 196, 22.7, 26, ABplappapp, 242, 28431, 24337, 856, , 28431, 25000, 27831, 27858, 0, 
168, 1, 150, 111, -1, 293, 261, 25.8, 27, ABplapaaaap, 251, 27528, 23894, 868, , 27528, 25000, 29066, 29120, 0, 
169, 1, 406, 297, -1, 276, 273, 5.2, 23, ABprpaapaap, 234, 40587, 21917, 540, , 40587, 25000, 38024, 37713, 0, 
170, 1, 461, 327, -1, 478, 343, 15.6, 32, Epraa, 327, 28691, 42578, 1484, , 28691, 25000, 29279, 29276, 0, 
171, 0, 125, -1, -1, 166, 305, 22.4, 22, , 240, 2482, 17627, 572, , 30816, 25000, 28060, 28334, 0, 
172, 0, 287, -1, -1, 275, 261, 19.4, 22, , 191, -342, 16147, 572, , 28229, 25000, 28679, 28571, 0, 
173, 1, 245, 78, -1, 504, 297, 25.2, 27, Capapaa, 264, 27859, 24182, 868, , 27859, 25000, 29048, 29094, 0, 
174, 1, 318, 180, -1, 268, 186, 16.8, 22, MSapaaaa, 190, 26163, 12977, 496, , 26163, 25000, 27888, 27777, 0, 
175, 1, 40, 137, -1, 359, 288, 19.2, 24, MSaapaapp, 201, 28364, 18607, 656, , 28364, 25000, 29578, 29498, 0, 
176, 1, 498, 187, -1, 207, 220, 16.3, 22, ABalpaappaap, 178, 27101, 14201, 524, , 27101, 25000, 28334, 28550, 0, 
177, 1, 231, 321, -1, 218, 131, 19.2, 24, ABalpppapad, 204, 28056, 18405, 656, , 28056, 25000, 27883, 27722, 0, 
178, 1, 468, 239, -1, 534, 307, 20.1, 33, Ealpp, -82, 28539, 49544, 1736, , 28539, 25000, 28949, 28960, 0, 
179, 1, 87, 354, -1, 303, 120, 18.9, 24, ABplppaaaaa, 205, 29015, 17525, 604, , 29015, 25000, 28671, 28904, 0, 
180, 1, 127, 258, -1, 445, 358, 6.5, 27, ABprappapa, 271, 32273, 28917, 896, , 32273, 25000, 36292, 36292, 0, 
181, 1, 158, 288, -1, 154, 227, 8.7, 22, ABalaaapprr, 193, 27317, 14314, 524, , 27317, 25000, 28609, 28483, 0, 
182, 1, 454, 201, -1, 418, 309, 17.7, 30, Ealpa, 304, 28012, 36640, 1308, , 28012, 25000, 28574, 28590, 0, 
183, 1, 344, 418, -1, 523, 229, 5.5, 25, ABprapappa, 255, 40194, 30869, 768, , 40194, 25000, 39317, 39667, 0, 
184, 1, 16, 305, -1, 377, 273, 17.0, 23, MSaapappp, 206, 29209, 14955, 512, , 29209, 25000, 30099, 29968, 0, 
185, 1, 392, 214, -1, 468, 162, 22.6, 27, ABplapapap, 268, 27775, 27442, 988, , 27775, 25000, 28072, 27975, 0, 
186, 1, 51, 86, -1, 543, 315, 7.2, 28, ABprapapaa, 272, 29197, 30715, 1052, , 29197, 25000, 33220, 33241, 0, 
187, 1, -1, 195, -1, 384, 161, 13.3, 24, Nuc234_13_384_161, -5, 27217, 19161, 704, , 27217, 25000, 27465, 27354, 0, 
188, 1, 124, 441, -1, 415, 316, 5.8, 26, ABprappaaa, -41, 36281, 28880, 796, , 36281, 25000, 33754, 33911, 0, 
189, 1, 143, 317, -1, 213, 254, 10.2, 23, ABarappppaa, 196, 27244, 14712, 540, , 27244, 25000, 28066, 28097, 0, 
190, 1, 421, 44, -1, 342, 262, 11.4, 22, MSpapaaap, 189, 30566, 17484, 572, , 30566, 25000, 30048, 29341, 0, 
191, 1, 142, 433, -1, 335, 305, 5.1, 27, ABpraapppp, 262, 36960, 33560, 908, , 36960, 25000, 37483, 37539, 0, 
192, 1, 441, 107, -1, 493, 364, 11.3, 25, Cppapaa, 225, 28800, 22003, 764, , 28800, 25000, 28661, 28697, 0, 
193, 1, 485, 480, -1, 285, 162, 14.4, 22, ABplpapaapa, 154, 28177, 16117, 572, , 28177, 25000, 29057, 28989, 0, 
194, 1, 27, 41, -1, 561, 129, 14.7, 24, Cpappv, -161, 27922, 19657, 704, , 27922, 25000, 28394, 28397, 0, 
195, 1, 254, 274, -1, 370, 246, 18.4, 24, MSaapapaa, 186, 36006, 25204, 700, , 36006, 25000, 32305, 32393, 0, 
196, 0, 175, -1, -1, 249, 159, 8.5, 23, , 226, 608, 19075, 632, , 30182, 25000, 29428, 29574, 0, 
197, 1, 327, 450, -1, 295, 212, 16.4, 21, ABalpappppp, 131, 27235, 14271, 524, , 27235, 25000, 27253, 27195, 0, 
198, 1, 99, 39, -1, 216, 292, 20.3, 25, ABaraapaaap, 226, 27025, 20647, 764, , 27025, 25000, 27581, 27700, 0, 
199, 1, 432, 275, -1, 288, 220, 5.4, 23, ABprppaaaaa, 189, 39873, 25519, 640, , 39873, 25000, 39218, 39258, 0, 
200, 1, 136, 53, -1, 211, 310, 5.3, 24, ABpraaappppa, 242, 41170, 28984, 704, , 41170, 25000, 40301, 40301, 0, 
201, 1, 448, 71, -1, 237, 199, 22.0, 22, ABplpaapaaa, 202, 30083, 11552, 384, , 30083, 25000, 29430, 29862, 0, 
202, 1, 194, 360, -1, 186, 218, 19.9, 22, ABalaaapalr, 185, 29110, 13507, 464, , 29110, 25000, 28113, 28057, 0, 
203, 0, 519, -1, -1, 265, 229, 10.7, 22, , 168, -787, 14276, 524, , 27244, 25000, 27850, 28031, 0, 
204, 1, 28, 398, -1, 204, 163, 8.0, 25, ABpraappaa, 202, 27232, 20805, 764, , 27232, 25000, 30821, 30776, 0, 
205, 1, 207, 384, -1, 245, 167, 12.4, 24, ABprpappaaa, 139, 27134, 18994, 700, , 27134, 25000, 28449, 28604, 0, 
206, 1, 500, 217, -1, 297, 257, 20.0, 22, ABalpaaappp, 191, 28786, 11054, 384, , 28786, 25000, 28783, 28770, 0, 
207, 1, 326, 229, -1, 491, 240, 13.4, 24, MSppaapp, 230, 26780, 18746, 700, , 26780, 25000, 28815, 28896, 0, 
208, 1, 116, 60, -1, 287, 319, 8.3, 24, ABpraapapaa, 274, 28797, 20273, 704, , 28797, 25000, 29298, 29587, 0, 
209, 1, 445, 267, -1, 518, 333, 16.4, 31, Earpp, 315, 29721, 39589, 1332, , 29721, 25000, 29586, 29501, 0, 
210, 1, 502, 272, -1, 312, 191, 25.3, 22, ABalppppppap, 135, 30666, 16069, 524, , 30666, 25000, 28593, 28457, 0, 
211, 1, 257, 32, -1, 317, 338, 20.9, 23, MSpaaapaa, 217, 27512, 13646, 496, , 27512, 25000, 29147, 29237, 0, 
212, 1, 191, 476, -1, 210, 284, 25.1, 26, MSapappa, -82, 27939, 22351, 800, , 27939, 25000, 28411, 28528, 0, 
213, 1, 36, 203, -1, 359, 272, 7.7, 23, MSpapppaa, 217, 29551, 17494, 592, , 29551, 25000, 31370, 31469, 0, 
214, 1, 268, 198, -1, 245, 246, 21.9, 22, ABalpaaapaa, 277, 26560, 12324, 464, , 26560, 25000, 28433, 28592, 0, 
215, 1, 498, 10, -1, 203, 244, 16.4, 22, ABalpaappaaa, 5, 28126, 16088, 572, , 28126, 25000, 27245, 26934, 0, 
216, 1, 260, 420, -1, 337, 220, 7.4, 25, ABprapaapaa, 203, 29613, 24638, 832, , 29613, 25000, 31369, 31660, 0, 
217, 1, 492, 133, -1, 116, 238, 18.2, 26, ABarpaaaaar, 191, 26637, 21203, 796, , 26637, 25000, 28059, 28114, 0, 
218, 1, 464, 140, -1, 498, 384, 13.8, 25, Cpppaap, 48, 26724, 18814, 704, , 26724, 25000, 28269, 28313, 0, 
219, 0, 131, -1, -1, 105, 263, 21.0, 22, , 199, 3164, 11940, 384, , 31094, 25000, 28103, 27930, 0, 
220, 1, 504, 116, -1, 373, 197, 12.5, 24, ABplppaappa, 206, 28727, 22062, 768, , 28727, 25000, 28616, 28976, 0, 
221, 1, 223, 166, -1, 387, 404, 11.1, 27, Caaaaa, 268, 27387, 24867, 908, , 27387, 25000, 28110, 28044, 0, 
222, 0, 330, -1, -1, 340, 126, 12.7, 24, , 191, 1035, 20262, 704, , 28781, 25000, 27721, 27746, 0, 
223, 1, 19, 167, -1, 199, 156, 12.3, 27, ABalpapaaap, 359, 28829, 26638, 924, , 28829, 25000, 28277, 28278, 0, 
224, 1, 162, 56, -1, 318, 296, 23.2, 27, ABaraapapap, 101, 28711, 24921, 868, , 28711, 25000, 28200, 28371, 0, 
225, 1, 342, 359, -1, 227, 158, 10.2, 22, Nuc233_10_227_158, 41, 30024, 14892, 496, , 30024, 25000, 28674, 28765, 0, 
226, 1, 183, 304, -1, 213, 240, 19.1, 22, ABalpaapaaa, 214, 28381, 13169, 464, , 28381, 25000, 27956, 27862, 0, 
227, 1, 152, 23, -1, 357, 207, 6.8, 24, ABarappappp, 238, 32027, 21010, 656, , 32027, 25000, 32243, 32509, 0, 
228, 0, 204, -1, -1, 272, 299, 14.9, 26, , 357, 1231, 23507, 800, , 29384, 25000, 28123, 28153, 0, 
229, 1, 376, 464, -1, 268, 165, 21.8, 22, ABalpppppaa, -64, 27897, 13837, 496, , 27897, 25000, 29294, 29036, 0, 
230, 1, 520, 502, -1, 352, 340, 25.6, 34, Cpaaaa, 337, 28789, 51245, 1780, , 28789, 25000, 29005, 29089, 0, 
231, 1, 282, 62, -1, 509, 263, 5.4, 24, ABprapapap, 220, 38713, 27099, 700, , 38713, 25000, 38935, 39033, 0, 
232, 1, 224, 330, -1, 183, 178, 10.1, 22, Nuc233_10_181_181, 179, 32438, 15051, 464, , 32438, 25000, 28808, 28982, 0, 
233, 1, 428, 277, -1, 260, 228, 7.8, 22, ABprpaaappp, 296, 30421, 15089, 496, , 30421, 25000, 30602, 30553, 0, 
234, 1, 236, 385, -1, 506, 202, 25.5, 29, ABplapapaa, 299, 29287, 31630, 1080, , 29287, 25000, 28432, 28476, 0, 
235, 1, 57, 447, -1, 262, 220, 20.5, 25, ABalpappaap, 205, 26389, 20267, 768, , 26389, 25000, 28060, 28246, 0, 
236, 1, 144, 301, -1, 133, 287, 23.5, 27, ABplaaaapa, 149, 28654, 25674, 896, , 28654, 25000, 28474, 28514, 0, 
237, 1, 460, 103, -1, 352, 233, 16.5, 22, MSaapaaap, 199, 28426, 14554, 512, , 28426, 25000, 29477, 29397, 0, 
238, 0, 218, -1, -1, 260, 261, 9.0, 22, , 204, 2013, 11638, 384, , 30307, 25000, 28235, 28294, 0, 
239, 1, 458, 342, -1, 369, 367, 19.3, 24, MSaaappp, 222, 28753, 20242, 704, , 28753, 25000, 28225, 28472, 0, 
240, 1, -1, 271, -1, 277, 240, 7.1, 21, Nuc234_7_277_240, 136, 31592, 10994, 348, , 31592, 25000, 33016, 33045, 0, 
241, 1, 474, 390, -1, 190, 237, 4.9, 22, ABpraaaapad, 379, 46955, 21787, 464, , 46955, 25000, 43034, 43349, 0, 
242, 1, 345, 231, -1, 274, 159, 25.5, 29, ABalpppppppa, 289, 28953, 31269, 1080, , 28953, 25000, 29256, 29426, 0, 
243, 1, 13, 76, -1, 385, 215, 11.0, 24, ABarappappa, 205, 28301, 17207, 608, , 28301, 25000, 28873, 28940, 0, 
244, 0, 172, -1, -1, 329, 159, 6.8, 24, , 211, -2958, 21789, 656, , 33215, 25000, 35678, 36173, 0, 
245, 1, 321, 486, -1, 226, 226, 9.3, 22, ABprpaaapaa, 205, 29727, 15577, 524, , 29727, 25000, 28007, 28004, 0, 
246, 1, 490, 463, -1, 233, 160, 21.9, 21, ABalapaapaa, 162, 27672, 9630, 348, , 27672, 25000, 27577, 27563, 0, 
247, 1, 412, 397, -1, 449, 210, 19.3, 24, MSpappaa, 216, 27913, 19651, 704, , 27913, 25000, 28471, 28540, 0, 
248, 1, 253, 248, -1, 328, 159, 15.2, 22, ABplpapapap, 301, 28298, 14036, 496, , 28298, 25000, 28955, 29186, 0, 
249, 1, 279, 115, -1, 252, 182, 9.3, 22, ABarapppapa, 174, 28361, 14861, 524, , 28361, 25000, 29003, 29403, 0, 
250, 1, 241, 183, -1, 125, 202, 20.8, 24, ABplaapaaap, 235, 28343, 18593, 656, , 28343, 25000, 27666, 27771, 0, 
251, 1, 96, 54, -1, 547, 238, 18.4, 31, Eplpa, 293, 29419, 39186, 1332, , 29419, 25000, 29042, 29136, 0, 
252, 1, 409, 158, -1, 319, 206, 6.5, 25, ABprppaapap, 107, 34549, 26534, 768, , 34549, 25000, 35427, 36761, 0, 
253, 1, 203, 21, -1, 533, 207, 9.0, 25, ABprpppaapa, 219, 27805, 21243, 764, , 27805, 25000, 29480, 29182, 0, 
254, 1, 413, 462, -1, 336, 137, 15.0, 22, ABalpapappp, 186, 28120, 10798, 384, , 28120, 25000, 28088, 28168, 0, 
255, 1, 138, 314, -1, 459, 157, 16.5, 23, Capappa, 236, 27924, 17648, 632, , 27924, 25000, 28922, 28975, 0, 
256, 1, 396, 141, -1, 584, 316, 11.2, 27, Caaapp, 213, 26211, 22751, 868, , 26211, 25000, 27861, 27875, 0, 
257, 1, 213, 454, -1, 420, 387, 12.1, 25, Cpppaaa, 253, 27645, 19020, 688, , 27645, 25000, 29765, 29798, 0, 
258, 1, 173, 135, -1, 329, 165, 10.6, 24, ABplpaaaapa, 271, 26671, 18670, 700, , 26671, 25000, 28581, 28317, 0, 
259, 1, 4, 439, -1, 357, 378, 10.1, 25, ABarpppapp, 252, 28006, 19268, 688, , 28006, 25000, 28750, 28750, 0, 
260, 1, 256, 474, -1, 325, 171, 18.0, 21, Daapa, 170, 30596, 11749, 384, , 30596, 25000, 29046, 29046, 0, 
261, 1, 291, 278, -1, 309, 126, 15.9, 22, ABplpaapppa, 208, 30067, 13951, 464, , 30067, 25000, 28465, 28538, 0, 
262, 1, 312, 284, -1, 480, 178, 15.5, 23, ABplppppaaa, 87, 27536, 17403, 632, , 27536, 25000, 28314, 28225, 0, 
263, 1, 100, 225, -1, 183, 229, 10.9, 23, ABarapppaaa, 228, 28256, 14015, 496, , 28256, 25000, 27663, 27496, 0, 
264, 1, 46, 445, -1, 433, 174, 14.8, 24, ABplpppaaaa, 168, 26601, 17450, 656, , 26601, 25000, 28213, 28181, 0, 
265, 1, 272, 102, -1, 299, 234, 14.6, 25, ABalpappppa, 187, 27757, 23094, 832, , 27757, 25000, 27915, 27928, 0, 
266, 1, 78, 75, -1, 242, 297, 12.9, 24, ABarapaapaa, 201, 26935, 16269, 604, , 26935, 25000, 28001, 28040, 0, 
267, 1, 109, 212, -1, 499, 113, 10.1, 22, ABprpppapap, 181, 27552, 12784, 464, , 27552, 25000, 28846, 28804, 0, 
268, 1, 347, 498, -1, 217, 141, 10.7, 24, ABplaappaa, 186, 27018, 19021, 704, , 27018, 25000, 27906, 27695, 0, 
269, 1, 402, 89, -1, 277, 137, 23.6, 23, ABalpppppppp, 217, 27502, 17601, 640, , 27502, 25000, 28490, 28594, 0, 
270, 1, 229, 337, -1, 582, 198, 20.7, 28, Capppap, 282, 28831, 30676, 1064, , 28831, 25000, 28605, 28612, 0, 
271, 1, 14, 172, -1, 259, 150, 17.3, 24, ABplpaaappp, 225, 27659, 19472, 704, , 27659, 25000, 28218, 28167, 0, 
272, 1, 259, 363, -1, 390, 228, 13.9, 23, ABplppappap, 251, 27234, 13508, 496, , 27234, 25000, 28157, 28131, 0, 
273, 1, 386, 11, -1, 325, 249, 14.3, 23, ABarapapppa, 137, 27014, 15992, 592, , 27014, 25000, 28424, 28483, 0, 
274, 1, 437, 211, -1, 224, 275, 5.7, 24, ABpraaaapav, 194, 39634, 27902, 704, , 39634, 25000, 37477, 37660, 0, 
275, 0, 215, -1, -1, 278, 269, 11.2, 22, , 78, -249, 13651, 496, , 27522, 25000, 27778, 27771, 0, 
276, 1, 436, 3, -1, 517, 167, 10.5, 23, Cpppppv, 227, 26962, 17040, 632, , 26962, 25000, 28044, 28118, 0, 
277, 1, 219, 380, -1, 480, 170, 19.7, 26, Capappp, 38, 28936, 24769, 856, , 28936, 25000, 28444, 28411, 0, 
278, 1, 496, 477, -1, 223, 163, 15.7, 28, ABplpaaapaa, 265, 29182, 31050, 1064, , 29182, 25000, 28537, 28602, 0, 
279, 1, 304, 192, -1, 190, 353, 23.5, 29, ABarpaapap, 265, 28316, 30581, 1080, , 28316, 25000, 28385, 28390, 0, 
280, 1, 382, 499, -1, 179, 231, 22.9, 23, ABalapapppa, 162, 26938, 13361, 496, , 26938, 25000, 28805, 28822, 0, 
281, 1, 449, 344, -1, 525, 189, 12.8, 24, ABprpappppa, 202, 29037, 19048, 656, , 29037, 25000, 28419, 28440, 0, 
282, 1, 334, 26, -1, 450, 295, 9.3, 22, MSpappppp, 184, 26624, 13951, 524, , 26624, 25000, 29526, 29570, 0, 
283, 1, 249, 320, -1, 495, 345, 7.0, 26, ABarpppppa, 257, 31810, 27102, 852, , 31810, 25000, 32637, 32673, 0, 
284, 1, 107, 261, -1, 373, 154, 17.9, 22, Nuc233_18_371_145, 181, 29489, 13683, 464, , 29489, 25000, 28411, 28411, 0, 
285, 1, 265, 150, -1, 293, 192, 22.5, 23, ABalpppppap, 234, 27788, 17562, 632, , 27788, 25000, 28281, 28303, 0, 
286, 1, 285, 394, -1, 320, 167, 23.8, 23, ABplpaappap, 237, 27441, 14818, 540, , 27441, 25000, 28547, 28556, 0, 
287, 0, 288, -1, -1, 261, 316, 17.2, 23, , 434, 1334, 16143, 540, , 29894, 25000, 28682, 28560, 0, 
288, 1, 21, 8, -1, 291, 145, 20.8, 24, ABplpaaaaap, 244, 28983, 19013, 656, , 28983, 25000, 28250, 28399, 0, 
289, 1, 294, 465, -1, 437, 208, 15.1, 22, ABplppapppp, 222, 27946, 12967, 464, , 27946, 25000, 29088, 29122, 0, 
290, 1, 361, 287, -1, 119, 258, 14.2, 24, ABpraapaaap, -113, 27526, 18057, 656, , 27526, 25000, 28219, 28120, 0, 
291, 1, 303, 471, -1, 229, 257, 21.0, 20, ABalpaapaap, 151, 28722, 9076, 316, , 28722, 25000, 27930, 27976, 0, 
292, 1, 182, 424, -1, 293, 338, 17.8, 22, Nuc232_18_293_339, 208, 28516, 14144, 496, , 28516, 25000, 28475, 28522, 0, 
293, 1, 379, 161, -1, 211, 348, 18.8, 25, MSpppaaa, 198, 28243, 19883, 704, , 28243, 25000, 28283, 28215, 0, 
294, 1, 479, 149, -1, 116, 215, 18.1, 23, ABplaapaaaa, 199, 27433, 13607, 496, , 27433, 25000, 27212, 27205, 0, 
295, 1, 476, 2, -1, 213, 181, 24.4, 27, ABplaapaapp, 484, 29642, 29286, 988, , 29642, 25000, 29046, 29099, 0, 
296, 1, 387, 527, -1, 366, 166, 20.4, 22, Nuc233_20_375_160, 173, 27909, 15964, 572, , 27909, 25000, 28924, 28924, 0, 
297, 0, 55, -1, -1, 238, 187, 25.0, 22, , 212, 1631, 11708, 384, , 30490, 25000, 28938, 28859, 0, 
298, 1, 23, 132, -1, 479, 123, 11.2, 24, ABplpppapap, 182, 30002, 19681, 656, , 30002, 25000, 28263, 28252, 0, 
299, 1, 9, 92, -1, 578, 332, 15.2, 28, Cppppaa, 240, 26924, 28324, 1052, , 26924, 25000, 27988, 27955, 0, 
300, 0, 407, -1, -1, 203, 318, 8.9, 22, , 205, 2082, 15038, 464, , 32409, 25000, 29913, 30327, 0, 
301, 1, 435, 341, -1, 543, 308, 15.8, 31, Eprap, 67, 29105, 42610, 1464, , 29105, 25000, 29634, 29698, 0, 
302, 1, 76, 190, -1, 517, 131, 12.0, 23, ABplppppppa, 215, 28490, 14587, 512, , 28490, 25000, 29107, 29227, 0, 
303, 1, 357, 478, -1, 436, 227, 16.3, 24, ABplppapapp, 176, 27374, 19271, 704, , 27374, 25000, 28306, 28324, 0, 
304, 1, 404, 136, -1, 300, 148, 22.7, 24, ABplpaapaap, 223, 27695, 19497, 704, , 27695, 25000, 28182, 28079, 0, 
305, 1, 525, 147, -1, 294, 310, 22.1, 24, ABaraapaapp, 305, 28447, 17182, 604, , 28447, 25000, 28242, 28380, 0, 
306, 1, 160, 457, -1, 194, 211, 22.1, 23, ABalppppapa, 237, 26873, 13329, 496, , 26873, 25000, 28127, 28152, 0, 
307, 1, 212, 84, -1, 187, 292, 18.0, 27, MSaaaaaa, -159, 28624, 29540, 1032, , 28624, 25000, 28329, 28357, 0, 
308, 1, 251, 240, -1, 378, 236, 8.0, 24, ABprppapaaa, -13, 29806, 18122, 608, , 29806, 25000, 29569, 29663, 0, 
309, 1, 140, 138, -1, 278, 339, 8.9, 24, ABpraapapap, 237, 28179, 17020, 604, , 28179, 25000, 29456, 29749, 0, 
310, 1, 325, 487, -1, 533, 176, 9.4, 22, ABprapppapp, 190, 27745, 15870, 572, , 27745, 25000, 27639, 27669, 0, 
311, 1, 32, 197, -1, 279, 171, 11.9, 23, ABalpapapaa, 228, 28016, 13896, 496, , 28016, 25000, 28437, 28311, 0, 
312, 1, 488, 472, -1, 133, 207, 16.2, 22, ABalaaaparr, 164, 28891, 14330, 496, , 28891, 25000, 28462, 28131, 0, 
313, 1, 149, 349, -1, 216, 338, 10.3, 24, ABpraaaappp, 214, 28697, 20203, 704, , 28697, 25000, 28264, 28402, 0, 
314, 1, 227, 52, -1, 199, 138, 17.4, 23, ABalpppaaap, 182, 28211, 18055, 640, , 28211, 25000, 28696, 28848, 0, 
315, 1, 365, 437, -1, 463, 252, 14.4, 25, MSapaapp, 71, 27149, 22588, 832, , 27149, 25000, 28615, 28643, 0, 
316, 0, 359, -1, -1, 525, 130, 21.6, 23, , 202, 2539, 18961, 640, , 29627, 25000, 27208, 27088, 0, 
317, 1, 244, 265, -1, 242, 198, 13.6, 23, ABarapapapa, 197, 29300, 18752, 640, , 29300, 25000, 28864, 29176, 0, 
318, 1, 295, 373, -1, 479, 162, 6.7, 24, ABprappppa, 245, 29682, 20896, 704, , 29682, 25000, 33694, 34038, 0, 
319, 1, 141, 443, -1, 301, 249, 5.3, 25, ABprppaaaap, 246, 41071, 31378, 764, , 41071, 25000, 37552, 37389, 0, 
320, 0, 151, -1, -1, 292, 252, 15.9, 23, , 226, 1321, 14898, 496, , 30036, 25000, 28467, 28715, 0, 
321, 1, 444, 69, -1, 545, 336, 11.4, 26, Cppapap, 15, 27010, 22472, 832, , 27010, 25000, 29686, 29788, 0, 
322, 1, 416, 270, -1, 179, 257, 6.3, 24, ABpraaaaaaa, 237, 33351, 23479, 704, , 33351, 25000, 37861, 37787, 0, 
323, 1, 31, 174, -1, 501, 143, 13.8, 23, Cappppv, 212, 27922, 15078, 540, , 27922, 25000, 28700, 28704, 0, 
324, 1, 206, 112, -1, 485, 123, 17.6, 24, ABplpppaapp, 206, 29159, 20411, 700, , 29159, 25000, 28142, 28126, 0, 
325, 1, 62, 262, -1, 212, 269, 15.6, 23, ABaraaapaaa, 217, 28227, 18065, 640, , 28227, 25000, 27948, 27976, 0, 
326, 1, 393, 64, -1, 155, 189, 15.4, 24, ABalpaapppp, 236, 27696, 19387, 700, , 27696, 25000, 27824, 27668, 0, 
327, 1, 453, 176, -1, 217, 376, 20.5, 29, ABarpaappa, 298, 28376, 30646, 1080, , 28376, 25000, 27870, 27904, 0, 
328, 1, 181, 425, -1, 315, 345, 12.9, 24, ABaraapppap, 148, 27831, 16810, 604, , 27831, 25000, 28185, 28334, 0, 
329, 1, 248, 249, -1, 271, 369, 11.1, 25, ABprapaaaap, 221, 28071, 19313, 688, , 28071, 25000, 27990, 27803, 0, 
330, 1, 491, 318, -1, 399, 316, 8.3, 26, Cppaaaa, 238, 28110, 24062, 856, , 28110, 25000, 30395, 30425, 0, 
331, 1, 37, -1, -1, 154, 256, 8.3, 24, ABpraaaaapv, 169, 29418, 20710, 704, , 29418, 25000, 28968, 29088, 0, 
332, 1, 270, 310, -1, 304, 168, 13.5, 22, Nuc232_13_303_173, 181, 28236, 14457, 512, , 28236, 25000, 28615, 28395, 0, 
333, 1, 368, 375, -1, 168, 282, 22.0, 22, ABalapapapp, 170, 27372, 10511, 384, , 27372, 25000, 28629, 28778, 0, 
334, 1, 88, 48, -1, 306, 321, 12.1, 24, ABaraapppaa, -29, 28565, 17253, 604, , 28565, 25000, 28794, 28610, 0, 
335, 1, 93, 81, -1, 183, 214, 6.4, 23, ABpraaaaaap, 239, 37994, 24316, 640, , 37994, 25000, 38340, 37930, 0, 
336, 0, 90, -1, -1, 507, 130, 22.3, 22, , 197, 1203, 15344, 524, , 29282, 25000, 28224, 28079, 0, 
337, 1, 514, 500, -1, 533, 260, 26.4, 26, Cpaapp, 209, 27742, 23081, 832, , 27742, 25000, 28453, 28406, 0, 
338, 1, 452, 444, -1, 400, 402, 15.9, 27, Dppppa, 252, 29977, 27219, 908, , 29977, 25000, 29028, 29014, 0, 
339, 1, 372, 276, -1, 365, 304, 11.6, 26, MSpapaapp, 201, 28171, 23438, 832, , 28171, 25000, 31138, 30444, 0, 
340, 1, 465, 57, -1, 318, 215, 8.9, 22, ABprpapapap, 134, 28586, 13264, 464, , 28586, 25000, 28949, 29018, 0, 
341, 1, 328, 438, -1, 202, 317, 14.1, 25, MSppaaap, 230, 27283, 18771, 688, , 27283, 25000, 28705, 28778, 0, 
342, 1, 337, 253, -1, 224, 174, 8.3, 23, ABarapppapp, 23, 30934, 18313, 592, , 30934, 25000, 29712, 29827, 0, 
343, 1, 317, 378, -1, 276, 206, 17.9, 22, ABalpaaaaap, 166, 27446, 12735, 464, , 27446, 25000, 27295, 27412, 0, 
344, 1, 311, 367, -1, 565, 182, 13.0, 24, Cpppppd, 246, 27640, 16805, 608, , 27640, 25000, 28657, 28657, 0, 
345, 1, 313, 308, -1, 519, 231, 10.5, 23, ABprpppppap, 190, 28472, 17994, 632, , 28472, 25000, 28941, 28987, 0, 
346, 1, 180, 396, -1, 145, 323, 15.5, 24, ABarpapaaap, 222, 27870, 21404, 768, , 27870, 25000, 27657, 27698, 0, 
347, 1, 457, 335, -1, 571, 275, 23.3, 27, Capppaa, 268, 28631, 26455, 924, , 28631, 25000, 29150, 29150, 0, 
348, 1, 338, 322, -1, 559, 253, 7.2, 25, ABarpppppp, -226, 28287, 19914, 704, , 28287, 25000, 32310, 32321, 0, 
349, 0, 154, -1, -1, 592, 172, 12.7, 22, , 225, 1965, 16317, 524, , 31139, 25000, 29137, 29174, 0, 
350, 1, 388, 35, -1, 256, 250, 13.8, 24, ABarapaaapa, -133, 28578, 18747, 656, , 28578, 25000, 28076, 28167, 0, 
351, 1, 52, 216, -1, 545, 151, 11.2, 22, ABprppppppp, 204, 27381, 13581, 496, , 27381, 25000, 28827, 28904, 0, 
352, 1, 296, 104, -1, 342, 169, 8.7, 26, ABprpaaaapa, 239, 29630, 25363, 856, , 29630, 25000, 29270, 29319, 0, 
353, 1, 380, 12, -1, 279, 393, 13.5, 25, ABarpppapa, 250, 27109, 20820, 768, , 27109, 25000, 27902, 28151, 0, 
354, 1, 363, 419, -1, 254, 159, 14.6, 22, ABalppapppa, 310, 28446, 16271, 572, , 28446, 25000, 27490, 27623, 0, 
355, 1, 339, 33, -1, 428, 252, 9.9, 22, ABprppapapa, 179, 29103, 13504, 464, , 29103, 25000, 29724, 30040, 0, 
356, 0, 390, -1, -1, 547, 176, 6.5, 22, , 199, -2223, 17115, 512, , 33428, 25000, 35241, 35651, 0, 
357, 1, 225, 388, -1, 466, 240, 6.8, 24, ABprpppaaap, 193, 31392, 20593, 656, , 31392, 25000, 32520, 32558, 0, 
358, 1, 381, 109, -1, 149, 217, 13.1, 26, ABalaaaarra, 298, 27553, 22042, 800, , 27553, 25000, 28397, 28805, 0, 
359, 1, 210, 294, -1, 259, 277, 6.6, 23, ABprpaaaaap, 207, 34383, 22005, 640, , 34383, 25000, 33789, 33273, 0, 
360, 0, 67, -1, -1, 164, 268, 11.7, 22, , 183, 1290, 15435, 524, , 29456, 25000, 28090, 28166, 0, 
361, 1, 360, 376, -1, 320, 288, 10.2, 24, ABaraappppa, 209, 28500, 18696, 656, , 28500, 25000, 28947, 28912, 0, 
362, 1, 95, 45, -1, 550, 264, 14.7, 30, Eprpa, 301, 28950, 37867, 1308, , 28950, 25000, 29058, 29123, 0, 
363, 1, 81, 340, -1, 544, 204, 22.4, 27, Cappapa, 271, 27703, 27371, 988, , 27703, 25000, 28805, 28755, 0, 
364, 1, 297, 63, -1, 403, 267, 19.2, 27, Ealaav, 231, 28628, 24849, 868, , 28628, 25000, 28522, 28421, 0, 
365, 1, 135, 395, -1, 285, 206, 25.7, 27, ABplaapappp, 266, 28776, 26589, 924, , 28776, 25000, 28879, 28816, 0, 
366, 1, 466, 326, -1, 227, 370, 17.8, 24, MSpppppa, 178, 27453, 18009, 656, , 27453, 25000, 28336, 28301, 0, 
367, 1, 252, 37, 506, 168, 262, 24.6, 28, ABplaaaaapp, 262, 27622, 27291, 988, , 27622, 25000, 28924, 28864, 0, 
368, 1, 506, 55, -1, 179, 246, 12.6, 22, ABalaapaaar, -37, 27087, 15494, 572, , 27087, 25000, 28430, 28236, 0, 
369, 1, 324, 9, -1, 406, 268, 9.8, 23, ABprppapaap, 81, 28563, 15424, 540, , 28563, 25000, 29106, 29431, 0, 
370, 1, 167, 303, -1, 476, 208, 10.2, 23, ABplpapppap, 180, 26539, 14331, 540, , 26539, 25000, 28814, 29355, 0, 
371, 1, 105, 74, -1, 142, 254, 23.2, 24, ABarpaaaapp, 214, 28793, 18888, 656, , 28793, 25000, 29106, 29229, 0, 
372, 0, 35, -1, -1, 345, 304, 9.9, 24, , 219, 2043, 18681, 604, , 30929, 25000, 28841, 28886, 0, 
373, 1, 63, 223, -1, 392, 192, 21.0, 26, ABplapaapp, -1, 28219, 24043, 852, , 28219, 25000, 27921, 27925, 0, 
374, 1, 319, 315, -1, 185, 159, 14.4, 24, ABalppapaap, 191, 28146, 19702, 700, , 28146, 25000, 28047, 27996, 0, 
375, 0, 193, -1, -1, 281, 350, 21.0, 22, , 247, 1305, 11414, 384, , 29724, 25000, 28734, 28419, 0, 
376, 1, 341, 273, -1, 376, 346, 15.4, 33, Earaa, 330, 29427, 48260, 1640, , 29427, 25000, 29555, 29696, 0, 
377, 1, 274, 85, -1, 449, 159, 13.6, 23, ABplppppapa, 198, 26720, 17101, 640, , 26720, 25000, 28797, 28989, 0, 
378, 0, 54, -1, -1, 513, 109, 17.8, 22, , 260, -1231, 14136, 496, , 28500, 25000, 29754, 29731, 0, 
379, 1, 366, 516, -1, 330, 347, 16.0, 22, MSpaapapa, 227, 26440, 10153, 384, , 26440, 25000, 28280, 28576, 0, 
380, 1, 79, 234, -1, 294, 210, 12.9, 22, ABplpappaaa, 225, 27287, 12661, 464, , 27287, 25000, 27639, 27673, 0, 
381, 1, 315, 157, -1, 504, 182, 18.9, 22, ABplpppppap, 209, 28349, 13154, 464, , 28349, 25000, 28483, 28488, 0, 
382, 1, 220, 446, -1, 506, 206, 14.5, 23, ABprpappppp, 173, 28035, 17718, 632, , 28035, 25000, 29611, 29897, 0, 
383, 1, 400, 346, -1, 565, 144, 12.3, 22, Caappv, 203, 27395, 14355, 524, , 27395, 25000, 28205, 28270, 0, 
384, 1, 47, 66, -1, 250, 239, 26.6, 32, ABplaaappp, 324, 28145, 41767, 1484, , 28145, 25000, 28685, 28878, 0, 
385, 1, 3, 68, -1, 497, 225, 7.3, 24, Cppappp, 210, 30869, 21732, 704, , 30869, 25000, 31639, 31613, 0, 
386, 1, 350, 125, -1, 475, 292, 11.7, 31, Z2, 320, 27090, 37059, 1368, , 27090, 25000, 29181, 29281, 0, 
387, 1, 471, 352, -1, 404, 234, 15.8, 22, ABplppapapa, 190, 27476, 13628, 496, , 27476, 25000, 28065, 27972, 0, 
388, 1, 426, 87, -1, 251, 309, 8.2, 23, ABpraaappap, 190, 28559, 15422, 540, , 28559, 25000, 30396, 30389, 0, 
389, 1, 410, 155, -1, 330, 370, 7.0, 23, ABarppppaa, 237, 27961, 14316, 512, , 27961, 25000, 31872, 31985, 0, 
390, 1, 377, 475, -1, 228, 293, 15.8, 22, ABaraaapaap, -61, 26974, 13379, 496, , 26974, 25000, 28236, 28611, 0, 
391, 1, 395, 188, -1, 475, 163, 12.5, 23, ABplppppapp, -69, 26987, 17056, 632, , 26987, 25000, 28797, 28975, 0, 
392, 1, 230, 260, -1, 289, 298, 12.7, 23, ABarapaappp, 409, 28446, 16840, 592, , 28446, 25000, 28301, 28366, 0, 
393, 1, 370, 83, -1, 537, 227, 14.1, 29, Eprpp, 172, 28345, 34241, 1208, , 28345, 25000, 29547, 29635, 0, 
394, 1, 161, 160, -1, 159, 342, 21.1, 25, ABarpapapp, 248, 27459, 18892, 688, , 27459, 25000, 29271, 29335, 0, 
395, 1, 56, 202, -1, 459, 233, 9.1, 22, ABprppapppp, 189, 28310, 13136, 464, , 28310, 25000, 29200, 29335, 0, 
396, 1, 64, 215, -1, 456, 129, 13.0, 23, ABplappppa, 212, 26131, 13379, 512, , 26131, 25000, 27783, 27762, 0, 
397, 1, 513, 170, -1, 338, 322, 18.1, 22, MSaaaappp, 46, 29147, 13524, 464, , 29147, 25000, 28783, 28787, 0, 
398, 1, 289, 449, -1, 513, 138, 16.1, 22, ABplapppapp, 577, 28659, 13298, 464, , 28659, 25000, 28371, 28415, 0, 
399, 1, 483, -1, -1, 229, 321, 10.8, 22, ABpraaapaad, 89, 27065, 13424, 496, , 27065, 25000, 28207, 28057, 0, 
400, 1, 89, 281, -1, 170, 195, 20.8, 22, Nuc233_21_168_193, 151, 28298, 14036, 496, , 28298, 25000, 29194, 29566, 0, 
401, 1, 497, 237, -1, 232, 235, 7.2, 22, ABprpaaappa, 61, 32474, 16107, 496, , 32474, 25000, 30741, 30837, 0, 
402, 1, 18, 213, -1, 252, 351, 20.3, 24, MSpaaaaaa, 215, 31572, 22227, 704, , 31572, 25000, 30353, 30065, 0, 
403, 1, 159, 416, -1, 521, 324, 24.5, 27, Cappaap, 271, 27898, 24997, 896, , 27898, 25000, 29108, 29157, 0, 
404, 1, 83, 285, -1, 121, 310, 18.9, 24, ABarpaapaa, 236, 28626, 17290, 604, , 28626, 25000, 28116, 28081, 0, 
405, 1, 177, 16, -1, 343, 328, 12.4, 23, MSpapappa, 170, 29672, 18990, 640, , 29672, 25000, 29379, 29150, 0, 
406, 1, 42, 22, -1, 364, 287, 24.6, 28, ABarppaapp, 283, 27021, 26697, 988, , 27021, 25000, 28326, 28330, 0, 
407, 1, 439, 417, -1, 298, 158, 10.0, 22, ABprpappaap, 227, 29279, 11243, 384, , 29279, 25000, 29105, 29163, 0, 
408, 1, 408, 292, -1, 278, 253, 22.0, 24, ABalpaapapp, 201, 27354, 16631, 608, , 27354, 25000, 28625, 28805, 0, 
409, 1, 165, 171, -1, 496, 153, 17.8, 24, ABplpppaapa, 231, 27498, 18039, 656, , 27498, 25000, 28837, 28900, 0, 
410, 1, 399, 296, -1, 227, 183, 21.0, 26, ABalppappaa, 404, 27404, 23348, 852, , 27404, 25000, 28212, 28431, 0, 
411, 0, 323, -1, -1, 330, 207, 26.6, 22, , 203, 1777, 17843, 572, , 31194, 25000, 29377, 29417, 0, 
412, 1, 147, 145, -1, 307, 198, 11.4, 23, ABprpappapa, 186, 27559, 17638, 640, , 27559, 25000, 28485, 28434, 0, 
413, 1, 371, 495, -1, 149, 194, 17.0, 22, ABalaaaarla, 190, 29193, 11210, 384, , 29193, 25000, 28129, 28152, 0, 
414, 1, 179, 456, -1, 187, 286, 12.4, 22, ABalappapap, 350, 28121, 16085, 572, , 28121, 25000, 27683, 27705, 0, 
415, 1, 118, 442, -1, 382, 255, 26.0, 24, ABarppapap, 245, 29086, 17684, 608, , 29086, 25000, 28324, 28349, 0, 
416, 1, 314, 372, -1, 497, 127, 20.0, 22, ABplapppaaa, 170, 28172, 10818, 384, , 28172, 25000, 28063, 28093, 0, 
417, 1, 267, 199, -1, 181, 198, 10.2, 23, ABarapppaap, 194, 27587, 14897, 540, , 27587, 25000, 28640, 28341, 0, 
418, 1, -1, 459, -1, 264, 186, 22.9, 22, Nuc234_23_264_186, 194, 32899, 15265, 464, , 32899, 25000, 29928, 30302, 0, 
419, 1, 148, 43, -1, 467, 182, 8.1, 24, ABprppppapa, 217, 28338, 17116, 604, , 28338, 25000, 29256, 29316, 0, 
420, 1, 258, 404, -1, 488, 202, 17.6, 23, ABplpppppaa, 221, 28550, 18272, 640, , 28550, 25000, 28287, 28347, 0, 
421, 1, 397, 492, -1, 230, 229, 17.7, 22, ABaraaaaaaa, 146, 27086, 14193, 524, , 27086, 25000, 27979, 28382, 0, 
422, 1, 403, 65, -1, 234, 340, 17.1, 23, MSpaaaapa, 199, 29452, 14608, 496, , 29452, 25000, 28215, 27957, 0, 
423, 1, 478, 485, -1, 325, 397, 16.9, 25, Dpppaa, 206, 27557, 18959, 688, , 27557, 25000, 28368, 28424, 0, 
424, 1, 17, 47, -1, 315, 336, 7.2, 25, ABprapaaapa, 253, 30145, 21222, 704, , 30145, 25000, 31688, 31753, 0, 
425, 1, 548, 255, -1, 456, 328, 18.3, 29, Ealap, 298, 27666, 29547, 1068, , 27666, 25000, 28716, 28621, 0, 
426, 1, 70, 34, -1, 374, 309, 5.2, 26, ABprapaapp, 60, 40402, 32160, 796, , 40402, 25000, 35986, 35966, 0, 
427, 1, 385, 400, -1, 263, 173, 5.9, 22, ABpraappap, 53, 43366, 20122, 464, , 43366, 25000, 40714, 41351, 0, 
428, 1, 302, 406, -1, 311, 134, 11.2, 25, ABalpapapap, 225, 29290, 20620, 704, , 29290, 25000, 28768, 28735, 0, 
429, 1, 104, 247, -1, 427, 351, 17.8, 32, Earap, 311, 27727, 44585, 1608, , 27727, 25000, 29557, 29590, 0, 
430, 1, 94, 79, -1, 537, 246, 23.7, 28, Capapap, 281, 29148, 31013, 1064, , 29148, 25000, 28883, 28952, 0, 
431, 1, 475, 382, -1, 479, 271, 8.1, 23, MSpappap, 236, 27931, 13854, 496, , 27931, 25000, 29512, 29512, 0, 
432, 1, 277, 432, -1, 533, 366, 10.8, 27, Caaapa, 266, 27702, 24045, 868, , 27702, 25000, 28128, 28153, 0, 
433, 1, 171, 336, -1, 283, 329, 13.0, 23, ABaraaapapp, 197, 28941, 14818, 512, , 28941, 25000, 28293, 28372, 0, 
434, 1, 126, -1, -1, 313, 176, 26.9, 21, ABarppaaap, 163, 28417, 9889, 348, , 28417, 25000, 30789, 30540, 0, 
435, 1, 110, 7, -1, 384, 216, 16.5, 24, ABplppapaap, -51, 29063, 22320, 768, , 29063, 25000, 28197, 28243, 0, 
436, 1, 43, 365, -1, 129, 249, 20.3, 23, ABarpaaaapa, 230, 28566, 16911, 592, , 28566, 25000, 28854, 28929, 0, 
437, 1, 190, 379, -1, 419, 324, 13.6, 30, Earpa, 295, 28551, 33005, 1156, , 28551, 25000, 29639, 29548, 0, 
438, 1, 169, 453, -1, 508, 171, 6.9, 23, ABprpppapaa, 188, 34145, 16936, 496, , 34145, 25000, 33169, 33300, 0, 
439, 1, 123, 206, -1, 513, 138, 8.3, 24, Nuc233_8_515_139, 234, 30849, 21718, 704, , 30849, 25000, 30399, 30399, 0, 
440, 1, 309, 94, -1, 497, 179, 12.6, 22, ABplpappppp, 126, 28164, 16110, 572, , 28164, 25000, 28561, 28634, 0, 
441, 1, 417, 316, -1, 208, 322, 19.8, 21, MSaaaaapaa, 157, 27720, 11864, 428, , 27720, 25000, 28191, 28311, 0, 
442, 1, 463, 168, -1, 482, 177, 9.7, 23, ABprppppapp, 227, 27365, 16200, 592, , 27365, 25000, 28895, 28829, 0, 
443, 1, 214, 421, -1, 273, 204, 6.9, 22, ABprpaapppa, 218, 31233, 14492, 464, , 31233, 25000, 32889, 32771, 0, 
444, 1, 164, 428, -1, 292, 327, 20.0, 22, MSaaaapap, 144, 27727, 10647, 384, , 27727, 25000, 28980, 29039, 0, 
445, 1, 166, 204, -1, 264, 291, 11.3, 23, ABarapappaa, 194, 29877, 17687, 592, , 29877, 25000, 27869, 27917, 0, 
446, 1, 310, 521, 525, 388, 336, 24.2, 30, Dappaa, 302, 28342, 37412, 1320, , 28342, 25000, 28315, 28307, 0, 
447, 1, 292, 413, -1, 241, 217, 25.3, 26, ABalpppappp, 198, 26758, 22905, 856, , 26758, 25000, 29025, 29126, 0, 
448, 0, 189, -1, -1, 174, 237, 7.3, 23, , 165, -25, 18883, 592, , 31897, 25000, 32174, 31922, 0, 
449, 1, 411, 175, -1, 215, 361, 9.7, 26, ABarpapppp, -83, 28293, 24219, 856, , 28293, 25000, 28031, 28013, 0, 
450, 1, 50, 257, -1, 532, 135, 18.3, 25, ABplapapppp, -144, 29542, 22570, 764, , 29542, 25000, 27973, 27998, 0, 
451, 1, 5, 127, -1, 420, 290, 9.7, 24, MSpappppa, 157, 27420, 19304, 704, , 27420, 25000, 29119, 29095, 0, 
452, 1, 197, 178, -1, 348, 206, 23.9, 28, ABplapaaapa, 218, 28577, 31092, 1088, , 28577, 25000, 28299, 28318, 0, 
453, 0, 201, -1, -1, 286, 350, 5.8, 22, , 178, 2325, 20112, 496, , 40548, 25000, 38137, 38223, 0, 
454, 1, 73, 134, -1, 309, 175, 21.5, 22, ABplpaappaa, 181, 28799, 14745, 512, , 28799, 25000, 28815, 28829, 0, 
455, 1, 33, 409, -1, 554, 153, 21.9, 29, Cpapaa, 279, 27018, 32638, 1208, , 27018, 25000, 27850, 27789, 0, 
456, 1, 522, 263, -1, 500, 306, 10.5, 23, MSpppaap, 143, 29038, 18352, 632, , 29038, 25000, 28310, 28174, 0, 
457, 1, 208, 169, -1, 364, 236, 10.3, 22, ABprpapppap, 321, 28502, 14935, 524, , 28502, 25000, 29031, 29032, 0, 
458, 1, 299, 371, -1, 140, 263, 9.3, 24, ABpraaaaapd, -118, 27980, 19698, 704, , 27980, 25000, 29076, 29351, 0, 
459, 1, 322, 345, -1, 248, 189, 6.6, 24, ABprpaapppp, 231, 34733, 24313, 700, , 34733, 25000, 36262, 36509, 0, 
460, 1, 364, 299, -1, 323, 152, 13.8, 22, ABplpapaaap, 189, 28690, 14230, 496, , 28690, 25000, 28942, 29251, 0, 
461, 1, 250, 491, -1, 409, 254, 21.5, 27, Capaaaa, 231, 29321, 26272, 896, , 29321, 25000, 28047, 28207, 0, 
462, 1, 375, 381, -1, 591, 206, 10.4, 27, Caappd, 268, 27748, 27415, 988, , 27748, 25000, 27897, 27895, 0, 
463, 1, 301, 329, -1, 236, 287, 8.1, 22, ABpraaappaa, 216, 29168, 13534, 464, , 29168, 25000, 28868, 28965, 0, 
464, 1, 486, 370, -1, 128, 264, 17.3, 22, ABarpaaapaa, 169, 26792, 14039, 524, , 26792, 25000, 27693, 27678, 0, 
465, 1, 451, 401, -1, 384, 362, 6.7, 26, ABarppppap, 253, 31461, 26931, 856, , 31461, 25000, 35194, 35192, 0, 
466, 1, 493, 434, -1, 483, 362, 23.8, 30, Dapppp, -269, 28536, 37667, 1320, , 28536, 25000, 28437, 28437, 0, 
467, 1, 53, 374, -1, 452, 217, 12.9, 22, ABprpapappp, 220, 27188, 12615, 464, , 27188, 25000, 28729, 28963, 0, 
468, 1, 355, 392, -1, 174, 176, 16.4, 22, ABalaaaalpp, 178, 27663, 15823, 572, , 27663, 25000, 28508, 28475, 0, 
469, 1, 316, 470, -1, 157, 228, 10.9, 22, ABalaapaapa, 156, 27545, 12781, 464, , 27545, 25000, 27942, 28012, 0, 
470, 1, 422, 412, -1, 535, 130, 13.4, 24, ABplppppppp, -209, 29033, 20323, 700, , 29033, 25000, 28876, 28948, 0, 
471, 1, 481, 144, -1, 372, 197, 17.8, 24, MSaapppaa, 153, 28854, 18928, 656, , 28854, 25000, 28374, 28429, 0, 
472, 1, 200, 440, -1, 279, 198, 12.4, 21, ABprpapppaa, 127, 27441, 14379, 524, , 27441, 25000, 28345, 28247, 0, 
473, 1, 188, 460, -1, 476, 208, 12.4, 22, ABplpappppa, 14, 27222, 15571, 572, , 27222, 25000, 28156, 28406, 0, 
474, 1, 25, 186, -1, 172, 217, 14.1, 25, Nuc233_14_174_217, -102, 27798, 19125, 688, , 27798, 25000, 28286, 28584, 0, 
475, 1, 228, 479, -1, 215, 170, 17.2, 24, Nuc233_17_217_169, -88, 27140, 17804, 656, , 27140, 25000, 28347, 28294, 0, 
476, 1, 429, 96, -1, 463, 181, 13.9, 22, ABplpapppaa, 99, 28099, 13038, 464, , 28099, 25000, 28782, 28865, 0, 
477, 1, 494, 50, -1, 276, 136, 17.9, 21, Nuc232_18_279_141, 174, 29330, 10207, 348, , 29330, 25000, 28965, 28893, 0, 
478, 1, -1, 518, -1, 299, 244, 9.1, 22, Nuc234_9_299_244, -30, 28541, 13243, 464, , 28541, 25000, 29466, 29629, 0, 
479, 1, 199, 490, -1, 332, 180, 12.0, 19, Nuc233_12_331_178, 442, 30095, 9510, 316, , 30095, 25000, 28538, 29081, 0, 
480, 0, 391, -1, -1, 460, 279, 11.9, 20, , 78, 447, 9087, 316, , 28756, 25000, 28005, 28309, 0, 
481, 1, 286, 348, -1, 143, 312, 9.7, 22, ABarpappap, 256, 26811, 14049, 524, , 26811, 25000, 28213, 28282, 0, 
482, 1, 156, 254, -1, 214, 303, 17.3, 21, ABaraappaap, -9, 26602, 12556, 472, , 26602, 25000, 27996, 28131, 0, 
483, 0, 455, -1, -1, 270, 286, 19.8, 22, , 262, 760, 14799, 496, , 29837, 25000, 29359, 29077, 0, 
484, 1, 508, 358, -1, 180, 211, 16.3, 22, Nuc232_16_181_214, -128, 26948, 14121, 524, , 26948, 25000, 29068, 30025, 0, 
485, 1, 472, 427, -1, 360, 170, 14.0, 22, ABplpapappa, 128, 28276, 10858, 384, , 28276, 25000, 28314, 28288, 0, 
486, 1, 178, 410, -1, 206, 192, 12.7, 27, ABalpapaapa, 258, 27334, 25257, 924, , 27334, 25000, 28943, 28963, 0, 
487, 1, 202, 124, -1, 244, 334, 14.1, 20, ABaraaapapa, 244, 26434, 8353, 316, , 26434, 25000, 29240, 29220, 0, 
488, 1, 196, 220, -1, 226, 281, 21.8, 27, ABaraapaapa, 216, 26662, 23143, 868, , 26662, 25000, 27861, 27735, 0, 
489, 1, 273, 494, -1, 384, 265, 14.7, 22, MSaappaa, 155, 27353, 14333, 524, , 27353, 25000, 29477, 29929, 0, 
490, 1, 134, 386, -1, 240, 310, 19.6, 23, MSaaaaapap, 105, 27291, 17466, 640, , 27291, 25000, 28946, 29052, 0, 
491, 1, 111, 36, -1, 236, 364, 14.0, 22, MSppppap, 211, 29154, 11195, 384, , 29154, 25000, 28898, 29044, 0, 
492, 1, 523, 496, -1, 534, 261, 15.5, 22, Nuc233_15_536_260, 189, 28303, 14491, 512, , 28303, 25000, 28986, 28915, 0, 
493, 1, 6, 289, -1, 373, 165, 22.3, 29, ABplaapppp, 426, 28884, 30848, 1068, , 28884, 25000, 28494, 28408, 0, 
494, 1, 112, 256, -1, 324, 227, 16.0, 22, MSaapaaaa, 211, 27667, 10624, 384, , 27667, 25000, 28420, 28487, 0, 
495, 1, 507, 393, -1, 447, 398, 13.9, 25, Dppppp, -17, 27929, 19215, 688, , 27929, 25000, 28491, 28515, 0, 
496, 1, 82, 282, -1, 491, 197, 15.6, 27, ABplppppaap, 83, 27232, 26905, 988, , 27232, 25000, 28470, 28555, 0, 
497, 1, 254, 200, -1, 345, 261, 17.0, 23, MSaapapap, -33, 40652, 20814, 512, , 40652, 25000, 32479, 32702, 0, 
498, 1, 414, 467, -1, 552, 204, 24.7, 36, Cpapap, -47, 28631, 63446, 2216, , 28631, 25000, 28427, 28504, 0, 
499, 1, 11, 431, -1, 495, 256, 10.5, 24, ABprpppppaa, -26, 27776, 21332, 768, , 27776, 25000, 28745, 28859, 0, 
500, 1, 484, 411, -1, 408, 258, 11.0, 22, ABprppappap, -335, 28857, 11081, 384, , 28857, 25000, 28786, 28994, 0, 
501, 1, 401, 210, -1, 342, 219, 9.4, 22, ABprpapappa, -149, 30400, 17389, 572, , 30400, 25000, 29444, 29262, 0, 
502, 1, 505, 191, -1, 331, 241, 20.9, 23, ABaraapappa, 137, 29306, 14536, 496, , 29306, 25000, 29359, 29018, 0, 
503, 0, 305, -1, -1, 220, 302, 9.1, 22, , 287, -1708, 12915, 464, , 27834, 25000, 29650, 29542, 0, 
504, 1, 374, 488, -1, 292, 192, 7.1, 20, ABprpapaapp, 208, 30905, 9766, 316, , 30905, 25000, 33452, 34093, 0, 
505, 1, 501, 351, -1, 264, 211, 22.9, 20, ABalppppaad, 130, 27554, 8707, 316, , 27554, 25000, 28182, 28116, 0, 
506, 1, 438, 483, -1, 162, 233, 15.6, 26, ABalaaaarrp, 310, 26779, 22280, 832, , 26779, 25000, 28244, 28819, 0, 
507, 1, 433, 49, -1, 161, 224, 23.6, 22, ABalapapppp, -62, 27865, 15939, 572, , 27865, 25000, 28118, 28177, 0, 
508, 1, 137, 504, -1, 538, 211, 6.4, 20, ABprapppaaa, 195, 37381, 15401, 412, , 37381, 25000, 36518, 36986, 0, 
509, 1, -1, 520, -1, 432, 367, 22.6, 30, Nuc234_23_432_367, 254, 29750, 34391, 1156, , 29750, 25000, 29234, 29246, 0, 
510, 1, 495, 283, -1, 202, 229, 9.4, 22, ABarappppap, -125, 28175, 16116, 572, , 28175, 25000, 28536, 28519, 0, 
511, 1, 510, 455, -1, 207, 151, 19.8, 22, Nuc232_19_207_150, -56, 28849, 14309, 496, , 28849, 25000, 28377, 28754, 0, 
512, 1, 418, 290, -1, 321, 376, 13.0, 24, Dpaap, 297, 28016, 17034, 608, , 28016, 25000, 29058, 29163, 0, 
513, 1, 509, 228, -1, 220, 217, 14.0, 20, ABaraaappap, 130, 28671, 9060, 316, , 28671, 25000, 28920, 29052, 0, 
514, 1, 543, 403, -1, 275, 312, 24.8, 24, MSapppap, 246, 28806, 18897, 656, , 28806, 25000, 28479, 28495, 0, 
515, 1, 185, 415, -1, 218, 319, 25.4, 30, MSaaapaaa, 603, 27523, 31817, 1156, , 27523, 25000, 29629, 29774, 0, 
516, 1, 532, 451, -1, 429, 235, 19.0, 22, MSaapppp, 195, 28464, 10930, 384, , 28464, 25000, 27449, 27446, 0, 
517, 1, -1, 501, -1, 316, 327, 25.0, 25, Nuc234_25_316_327, 250, 29156, 22275, 764, , 29156, 25000, 29048, 29047, 0, 
518, 1, 153, 507, -1, 345, 183, 20.8, 23, Daaaa, 183, 27433, 14814, 540, , 27433, 25000, 28940, 28919, 0, 
519, 1, -1, 508, -1, 273, 303, 6.7, 22, Nuc234_7_273_303, 127, 33977, 17804, 524, , 33977, 25000, 33909, 33927, 0, 
520, 1, 419, 509, -1, 200, 230, 15.2, 24, ABaraaaapaa, 195, 28517, 18707, 656, , 28517, 25000, 28402, 28834, 0, 
521, 1, 260, 510, -1, 339, 250, 7.5, 22, ABprapaapap, 170, 28684, 14686, 512, , 28684, 25000, 31983, 32295, 0, 
522, 1, -1, 514, -1, 278, 177, 24.8, 22, Nuc234_25_278_177, 138, 27766, 13772, 496, , 27766, 25000, 29777, 29993, 0, 
523, 1, 503, 517, -1, 253, 301, 4.9, 22, ABpraaappppp, 224, 42373, 19661, 464, , 42373, 25000, 38708, 38768, 0, 
524, 1, 354, 377, -1, 250, 214, 14.3, 23, Nuc233_14_250_214, 72, 27677, 16385, 592, , 27677, 25000, 29076, 29230, 0, 
525, 0, 524, -1, -1, 199, 171, 23.5, 22, , 804, -1040, 14196, 512, , 27727, 25000, 28854, 28767, 0, 
526, 1, 515, 526, -1, 245, 146, 15.6, 22, ABalppaappp, 259, 27869, 15941, 572, , 27869, 25000, 28152, 27817, 0, 
527, 1, 526, 530, -1, 291, 172, 18.0, 22, MSappapp, 153, 28870, 11086, 384, , 28870, 25000, 28143, 28102, 0, 
528, 1, 527, 531, -1, 210, 264, 17.0, 22, ABaraaaapap, 71, 27284, 10477, 384, , 27284, 25000, 26956, 27013, 0, 
529, 1, 528, 532, -1, 293, 283, 22.0, 22, MSaaapaap, 136, 28625, 10992, 384, , 28625, 25000, 28557, 28762, 0, 
530, 1, 529, 207, -1, 341, 316, 22.0, 22, MSaaapapa, -15, 27151, 10426, 384, , 27151, 25000, 28687, 28679, 0, 
531, 1, 530, 534, -1, 347, 285, 22.0, 24, MSaapappa, 160, 28706, 17453, 608, , 28706, 25000, 27974, 28037, 0, 
532, 1, 531, 535, -1, 355, 251, 21.0, 24, MSaapaapa, 158, 33109, 20130, 608, , 33109, 25000, 30914, 31005, 0, 
533, 1, 533, 536, -1, 395, 231, 18.0, 24, MSaapppap, 54, 27684, 16832, 608, , 27684, 25000, 28014, 27903, 0, 
534, 1, 534, 537, -1, 240, 349, 23.0, 22, MSappaaa, 247, 52263, 20069, 384, , 52263, 25000, 34657, 34657, 0, 
535, 1, 535, 538, -1, 488, 232, 20.0, 24, MSappaap, 207, 28183, 17135, 608, , 28183, 25000, 28001, 27989, 0, 
536, 1, 536, 539, -1, 340, 242, 23.0, 24, MSapapaa, -457, 27824, 16917, 608, , 27824, 25000, 28708, 28637, 0, 
537, 1, 84, 540, -1, 221, 257, 23.0, 23, MSapaaap, 191, 28578, 14632, 512, , 28578, 25000, 28014, 28022, 0, 
538, 1, 537, 489, -1, 350, 355, 17.0, 23, MSpaapapp, 224, 26445, 13540, 512, , 26445, 25000, 28315, 28504, 0, 
539, 1, 39, 387, -1, 341, 302, 11.0, 25, MSpapaapa, 179, 29783, 22754, 764, , 29783, 25000, 29450, 29644, 0, 
540, 1, 538, 126, -1, 308, 335, 16.0, 21, MSpaapaaa, 201, 27411, 10526, 384, , 27411, 25000, 28928, 29050, 0, 
541, 1, 539, 541, -1, 285, 291, 9.0, 22, MSppppaa, 578, 28320, 10875, 384, , 28320, 25000, 29191, 29126, 0, 
542, 1, 540, 542, -1, 175, 324, 16.0, 24, ABarpapaapp, 214, 27789, 16896, 608, , 27789, 25000, 27822, 27760, 0, 
543, 1, 541, 543, -1, 155, 312, 19.0, 22, ABalapppapp, -98, 28966, 11123, 384, , 28966, 25000, 28537, 28717, 0, 
544, 1, 542, 544, -1, 243, 248, 11.0, 23, MSppaaaa, 328, 27029, 13839, 512, , 27029, 25000, 27364, 27371, 0, 
545, 1, 544, 545, -1, 474, 308, 27.0, 28, Cpaapa, 264, 28137, 31739, 1128, , 28137, 25000, 28525, 28571, 0, 
546, 1, 545, 546, -1, 318, 301, 8.0, 24, Dpaaa, 213, 29620, 18009, 608, , 29620, 25000, 30354, 30191, 0, 
547, 1, 547, -1, -1, 491, 157, 11.0, 22, Caapaa, -59, 27602, 10599, 384, , 27602, 25000, 28134, 28328, 0, 
548, 1, 549, 547, -1, 340, 190, 13.0, 25, ABplpappaap, 260, 27058, 20672, 764, , 27058, 25000, 29723, 29743, 0, 
549, 1, 550, 548, -1, 218, 247, 15.0, 21, ABaraaaaapa, 171, 29221, 11221, 384, , 29221, 25000, 27788, 27858, 0, 
550, 1, 551, -1, -1, 182, 313, 20.0, 23, ABalapppapa, 187, 27998, 14335, 512, , 27998, 25000, 27935, 27942, 0, 
551, 1, 552, 549, -1, 154, 303, 13.0, 22, ABalappappp, 428, 27396, 10520, 384, , 27396, 25000, 28367, 28367, 0, 
552, 1, 553, 550, -1, 142, 266, 14.0, 24, ABalappappa, 114, 27395, 16656, 608, , 27395, 25000, 28062, 28044, 0, 
553, 1, 555, 551, -1, 130, 221, 14.0, 22, ABalaaappll, 101, 28766, 11046, 384, , 28766, 25000, 27802, 27817, 0, 
554, 1, 398, 552, -1, 139, 224, 12.8, 25, ABalaaapplr, 204, 28077, 19766, 704, , 28077, 25000, 27474, 27620, 0, 
555, 1, 556, 553, -1, 162, 264, 16.0, 22, ABalappppaa, 122, 26693, 10250, 384, , 26693, 25000, 27942, 28134, 0, 
556, 1, 557, 554, -1, 171, 243, 20.0, 24, ABalapappaa, -6, 27623, 16795, 608, , 27623, 25000, 28201, 28222, 0, 
557, 1, 558, 523, -1, 162, 254, 10.0, 22, ABalaappppp, -9, 28469, 10932, 384, , 28469, 25000, 28359, 28131, 0, 
558, 1, 559, 555, -1, 170, 160, 19.0, 22, ABalaaapall, 176, 31281, 12012, 384, , 31281, 25000, 28163, 28059, 0, 
559, 1, 560, 556, -1, 174, 210, 12.7, 22, ABaraaapppa, 200, 27288, 14299, 524, , 27288, 25000, 28357, 28524, 0, 
560, 1, 561, 557, -1, 208, 184, 22.0, 22, ABalapaappa, 156, 27268, 10471, 384, , 27268, 25000, 28552, 28643, 0, 
561, 1, 562, 558, -1, 269, 211, 15.0, 22, ABalpappapa, -32, 27589, 10594, 384, , 27589, 25000, 28246, 28493, 0, 
562, 1, 564, -1, -1, 143, 281, 20.0, 22, ABalapapapa, -370, 26138, 10037, 384, , 26138, 25000, 27834, 27976, 0, 
