1, 1, 97, 76, -1, 359, 205, 6.9, 25, ABarappappp, 219, 31263, 19883, 636, , 31263, 25000, 32631, 32779, 0, 
2, 1, 267, 453, -1, 562, 281, 18.9, 32, Eplap, 325, 30157, 47528, 1576, , 30157, 25000, 29510, 29558, 0, 
3, 0, 217, -1, -1, 174, 275, 11.9, 22, , 320, 185, 13418, 464, , 28918, 25000, 28351, 28733, 0, 
4, 1, 13, 378, -1, 206, 346, 18.6, 23, MSpppaaa, 252, 26541, 16986, 640, , 26541, 25000, 28162, 28147, 0, 
5, 1, 332, 369, -1, 408, 234, 15.8, 24, ABplppapapa, 208, 28306, 18569, 656, , 28306, 25000, 28400, 28387, 0, 
6, 1, 80, 217, -1, 185, 197, 10.7, 24, ABarapppaap, 202, 28793, 20270, 704, , 28793, 25000, 28822, 28842, 0, 
7, 1, 361, 257, -1, 185, 215, 18.1, 24, ABalaaaalar, 203, 28821, 17408, 604, , 28821, 25000, 28747, 28872, 0, 
8, 0, 335, -1, -1, 345, 132, 11.8, 24, , 204, 1318, 19691, 656, , 30017, 25000, 28609, 28699, 0, 
9, 1, 138, 318, -1, 322, 346, 21.2, 23, MSpaaapaa, 212, 28204, 15230, 540, , 28204, 25000, 28427, 28266, 0, 
10, 1, 298, 183, -1, 451, 257, 9.2, 23, ABprppapapp, 214, 29772, 16077, 540, , 29772, 25000, 30218, 30258, 0, 
11, 1, 178, 142, -1, 284, 350, 21.2, 23, Nuc236_21_281_347, 188, 27824, 15025, 540, , 27824, 25000, 28375, 28395, 0, 
12, 1, 188, 78, -1, 462, 135, 19.8, 26, ABplapappa, 100, 27795, 22125, 796, , 27795, 25000, 27838, 27897, 0, 
13, 1, 465, 445, -1, 403, 271, 14.5, 23, MSaappap, 214, 28286, 17877, 632, , 28286, 25000, 28391, 28187, 0, 
14, 1, 64, 60, -1, 231, 287, 22.0, 28, ABaraapaapa, 252, 28658, 32326, 1128, , 28658, 25000, 27887, 27822, 0, 
15, 1, 239, 311, -1, 259, 179, 5.3, 27, ABpraappap, 272, 47157, 43573, 924, , 47157, 25000, 42124, 43133, 0, 
16, 0, 469, -1, -1, 283, 273, 12.0, 22, , 36, 612, 11353, 384, , 29565, 25000, 28597, 28953, 0, 
17, 1, 390, 21, -1, 157, 283, 10.0, 23, ABpraapaapa, 241, 28928, 14811, 512, , 28928, 25000, 28235, 28332, 0, 
18, 1, 105, 288, -1, 303, 146, 22.5, 26, ABplpaapaap, 234, 27835, 24940, 896, , 27835, 25000, 28422, 28510, 0, 
19, 1, -1, 432, -1, 340, 351, 20.0, 22, Nuc237_20_340_351, 157, 29417, 11296, 384, , 29417, 25000, 28805, 29170, 0, 
20, 1, 114, 243, -1, 484, 293, 11.5, 31, Z2, 315, 27287, 33618, 1232, , 27287, 25000, 29085, 29220, 0, 
21, 1, 285, 3, -1, 291, 299, 12.0, 22, ABarapaappp, 166, 27654, 10619, 384, , 27654, 25000, 29023, 29105, 0, 
22, 1, 74, 163, -1, 406, 269, 18.8, 27, Ealaav, 109, 27619, 23973, 868, , 27619, 25000, 28392, 28473, 0, 
23, 1, 446, 181, -1, 511, 306, 25.4, 27, Capapaa, 272, 29217, 28866, 988, , 29217, 25000, 29761, 29830, 0, 
24, 1, 196, 273, -1, 128, 269, 11.2, 24, ABarpappaa, 185, 28084, 18423, 656, , 28084, 25000, 27180, 26956, 0, 
25, 1, 215, 132, -1, 456, 311, 6.1, 26, ABprappaap, 299, 32210, 25768, 800, , 32210, 25000, 33222, 33297, 0, 
26, 1, 256, 104, -1, 218, 325, 16.3, 24, ABaraappapa, 204, 29190, 20550, 704, , 29190, 25000, 28114, 28330, 0, 
27, 1, 124, 10, -1, 461, 162, 16.8, 23, Capappa, -265, 28431, 15353, 540, , 28431, 25000, 28465, 28413, 0, 
28, 1, 162, 20, -1, 246, 298, 13.2, 24, ABarapaapaa, 197, 27466, 18018, 656, , 27466, 25000, 28314, 28519, 0, 
29, 1, 427, 91, -1, 389, 334, 20.5, 27, Ealaad, 263, 27971, 25062, 896, , 27971, 25000, 28623, 28678, 0, 
30, 1, 226, 48, -1, 285, 330, 13.2, 22, ABaraaapapp, 169, 27413, 13597, 496, , 27413, 25000, 28011, 27977, 0, 
31, 1, 66, 92, -1, 330, 248, 14.3, 23, ABarapapppa, 198, 27341, 16186, 592, , 27341, 25000, 28871, 29027, 0, 
32, 1, 153, 269, -1, 295, 264, 25.5, 28, ABplapaaaap, 108, 28210, 30467, 1080, , 28210, 25000, 28682, 28643, 0, 
33, 1, 366, 249, -1, 522, 233, 10.5, 23, ABprpppppap, 183, 28472, 17994, 632, , 28472, 25000, 29671, 29869, 0, 
34, 1, 71, 469, -1, 180, 264, 14.9, 24, ABalaapaaal, 212, 26816, 16197, 604, , 26816, 25000, 27850, 28206, 0, 
35, 1, 165, 300, -1, 297, 161, 9.9, 22, ABprpappaap, 66, 28438, 13195, 464, , 28438, 25000, 28970, 29100, 0, 
36, 1, 416, 74, -1, 529, 113, 16.5, 28, ABplappppp, 235, 27809, 30034, 1080, , 27809, 25000, 27596, 27529, 0, 
37, 1, 271, 263, -1, 500, 228, 7.4, 25, Cppappp, 197, 29387, 24450, 832, , 29387, 25000, 31798, 31687, 0, 
38, 1, 261, 95, -1, 298, 259, 5.1, 25, ABprppaaaap, 226, 38123, 24246, 636, , 38123, 25000, 36806, 36499, 0, 
39, 1, 489, 123, -1, 215, 253, 16.5, 22, ABalpaappaaa, 202, 28096, 14385, 512, , 28096, 25000, 28083, 28280, 0, 
40, 1, 1, 177, -1, 348, 352, 7.8, 24, ABprapaaapp, 228, 29191, 19149, 656, , 29191, 25000, 30222, 30192, 0, 
41, 0, 6, -1, -1, 329, 159, 6.7, 23, , 211, -965, 21042, 592, , 35544, 25000, 35473, 36509, 0, 
42, 1, 115, 114, -1, 257, 282, 6.5, 23, ABprpaaaaap, 40, 35495, 22433, 632, , 35495, 25000, 35862, 35033, 0, 
43, 1, 369, 405, -1, 138, 301, 9.9, 23, ABarpappap, 16, 29149, 14458, 496, , 29149, 25000, 27521, 27401, 0, 
44, 1, 35, 356, -1, 315, 199, 11.7, 25, ABprpappapa, 187, 29991, 22913, 764, , 29991, 25000, 28582, 28810, 0, 
45, 1, 241, 247, -1, 498, 330, 19.8, 32, Eplaa, 327, 28177, 45309, 1608, , 28177, 25000, 29299, 29328, 0, 
46, 1, 329, 354, -1, 477, 162, 12.0, 23, ABplppppapp, 216, 26705, 13673, 512, , 26705, 25000, 28968, 29083, 0, 
47, 1, 260, 423, -1, 479, 212, 12.7, 22, ABplpappppa, 163, 26300, 13781, 524, , 26300, 25000, 28000, 28069, 0, 
48, 1, 263, 340, -1, 306, 122, 19.3, 25, ABplppaaaaa, 361, 28351, 21660, 764, , 28351, 25000, 28633, 28526, 0, 
49, 1, 104, 505, -1, 332, 157, 13.0, 22, ABplpapaaap, 172, 28688, 11016, 384, , 28688, 25000, 29296, 29348, 0, 
50, 1, 504, 28, -1, 334, 350, 15.0, 23, MSpaapapa, 205, 27684, 14174, 512, , 27684, 25000, 27629, 27680, 0, 
51, 1, 398, 85, -1, 286, 356, 14.7, 24, ABaraappapp, 9, 27077, 19062, 704, , 27077, 25000, 28603, 28617, 0, 
52, 1, 224, 42, -1, 209, 294, 9.9, 22, ABprpaapaaa, 199, 26045, 12085, 464, , 26045, 25000, 28831, 28822, 0, 
53, 1, 254, 241, -1, 421, 386, 11.7, 26, Cpppaaa, 253, 29470, 25226, 856, , 29470, 25000, 29481, 29531, 0, 
54, 1, 221, 128, -1, 182, 209, 7.1, 22, ABpraaaaaap, 191, 30608, 14202, 464, , 30608, 25000, 33193, 33070, 0, 
55, 1, 282, 442, -1, 228, 296, 15.6, 23, ABaraaapaap, 194, 27364, 17513, 640, , 27364, 25000, 28025, 28045, 0, 
56, 1, 174, 105, -1, 258, 232, 7.4, 22, ABprpaaappp, 305, 29659, 16965, 572, , 29659, 25000, 33244, 33426, 0, 
57, 1, 41, 468, -1, 200, 159, 12.8, 30, ABalpapaaap, 6, 28927, 38184, 1320, , 28927, 25000, 28796, 28796, 0, 
58, 1, 17, 17, -1, 547, 207, 22.5, 26, Cappapa, 266, 27325, 24483, 896, , 27325, 25000, 28323, 28352, 0, 
59, 1, 313, 158, -1, 337, 171, 8.4, 27, ABprpaaaapa, 278, 28421, 28080, 988, , 28421, 25000, 29457, 29621, 0, 
60, 1, 185, 32, -1, 298, 144, 20.7, 25, ABplpaaaaap, 217, 28870, 22057, 764, , 28870, 25000, 28537, 28783, 0, 
61, 1, 438, 374, -1, 497, 369, 11.2, 26, Cppapaa, 259, 27628, 21992, 796, , 27628, 25000, 28838, 28932, 0, 
62, 1, 47, 210, -1, 235, 347, 17.0, 24, MSpaaaapa, 238, 28512, 17335, 608, , 28512, 25000, 28847, 28905, 0, 
63, 1, 225, 153, -1, 261, 345, 10.6, 23, ABpraapappa, 23, 28027, 17937, 640, , 28027, 25000, 28269, 28361, 0, 
64, 1, 288, 151, -1, 497, 295, 5.5, 26, ABprappapp, 122, 39008, 34951, 896, , 39008, 25000, 36480, 36554, 0, 
65, 1, 151, 353, -1, 314, 136, 11.1, 27, ABalpapapap, -41, 27471, 24944, 908, , 27471, 25000, 28636, 28666, 0, 
66, 1, 190, 274, -1, 463, 233, 9.8, 22, ABprppapppp, 194, 28349, 14061, 496, , 28349, 25000, 29388, 29451, 0, 
67, 1, 437, 13, -1, 213, 269, 19.7, 24, ABaraapaaaa, -265, 27091, 19072, 704, , 27091, 25000, 27841, 27670, 0, 
68, 1, 171, 223, -1, 457, 327, 18.7, 32, Ealap, 327, 27902, 44196, 1584, , 27902, 25000, 29161, 29171, 0, 
69, 1, 22, 346, -1, 447, 356, 6.3, 26, ABprappapa, 55, 33989, 29095, 856, , 33989, 25000, 36447, 36447, 0, 
70, 1, 334, 499, -1, 313, 194, 8.3, 22, ABprpapaaap, 10, 27790, 14562, 524, , 27790, 25000, 30304, 30598, 0, 
71, 1, 45, 383, -1, 227, 154, 10.0, 23, Nuc233_10_227_158, -27, 29223, 14962, 512, , 29223, 25000, 28252, 28171, 0, 
72, 1, 408, 96, -1, 284, 229, 20.9, 24, ABalpapppaa, 212, 28326, 17109, 604, , 28326, 25000, 27974, 28055, 0, 
73, 1, 16, 308, -1, 298, 216, 12.5, 22, ABplpappaaa, 227, 26824, 13734, 512, , 26824, 25000, 28462, 28558, 0, 
74, 1, 499, 225, -1, 288, 181, 25.0, 22, Nuc234_25_278_177, 233, 27589, 10594, 384, , 27589, 25000, 28634, 28568, 0, 
75, 1, 181, 365, -1, 217, 181, 24.5, 29, ABplaapaapp, 252, 27632, 29843, 1080, , 27632, 25000, 28855, 28995, 0, 
76, 1, 315, 299, -1, 226, 371, 12.5, 24, ABarpppaaa, 229, 26342, 20231, 768, , 26342, 25000, 28033, 28052, 0, 
77, 1, 240, 2, -1, 541, 199, 17.5, 31, Eplpp, 318, 27484, 33860, 1232, , 27484, 25000, 29732, 29716, 0, 
78, 1, 309, -1, -1, 358, 271, 7.9, 22, MSpapppaa, 228, 30384, 14098, 464, , 30384, 25000, 31654, 31616, 0, 
79, 0, 61, -1, -1, 262, 261, 8.5, 23, , 298, 1123, 18882, 632, , 29877, 25000, 28636, 28754, 0, 
80, 1, 358, 144, -1, 413, 231, 22.3, 25, ABplappaaa, 211, 26740, 20429, 764, , 26740, 25000, 27849, 27903, 0, 
81, 1, 229, 49, -1, 555, 240, 18.5, 30, Eplpa, 304, 29051, 35791, 1232, , 29051, 25000, 29637, 29641, 0, 
82, 1, 183, 23, -1, 481, 132, 15.5, 25, ABplpppapaa, 209, 29664, 22782, 768, , 29664, 25000, 28987, 29047, 0, 
83, 1, 12, 99, -1, 289, 342, 17.8, 22, Nuc232_18_293_339, 195, 27919, 13848, 496, , 27919, 25000, 29071, 29077, 0, 
84, 1, 314, 248, -1, 328, 141, 21.1, 23, ABplppaaaap, 209, 25905, 12849, 496, , 25905, 25000, 28582, 28712, 0, 
85, 1, 374, 70, -1, 515, 138, 16.4, 23, ABplapppapp, 225, 29359, 18790, 640, , 29359, 25000, 28674, 28684, 0, 
86, 1, 424, 100, -1, 368, 285, 24.7, 29, ABarppaapp, 293, 28475, 30411, 1068, , 28475, 25000, 28807, 28720, 0, 
87, 1, 219, 325, -1, 320, 207, 22.3, 24, ABplaapapaa, 247, 27814, 19581, 704, , 27814, 25000, 28976, 28808, 0, 
88, 1, 419, 143, -1, 554, 209, 25.4, 36, Cpapap, 577, 28408, 59998, 2112, , 28408, 25000, 28532, 28549, 0, 
89, 1, 102, 65, -1, 520, 138, 8.6, 23, Nuc233_8_515_139, 101, 29586, 18935, 640, , 29586, 25000, 28975, 28974, 0, 
90, 1, 450, 232, -1, 313, 400, 13.4, 28, ABarppaapa, 259, 27772, 27439, 988, , 27772, 25000, 28213, 28149, 0, 
91, 1, 32, 131, -1, 326, 136, 18.3, 23, ABplppaapap, 277, 28826, 17065, 592, , 28826, 25000, 28364, 28521, 0, 
92, 1, 139, 416, -1, 185, 170, 17.8, 22, ABalaaaalpa, 187, 27554, 13667, 496, , 27554, 25000, 28612, 28751, 0, 
93, 1, 458, 408, -1, 220, 294, 20.0, 27, ABaraapaaap, 242, 28380, 29288, 1032, , 28380, 25000, 27739, 27773, 0, 
94, 1, 94, 33, -1, 318, 271, 22.1, 25, ABaraapapaa, 247, 28593, 19672, 688, , 28593, 25000, 28215, 28234, 0, 
95, 1, 364, 448, -1, 191, 232, 5.5, 23, ABpraaaapad, 205, 43419, 27441, 632, , 43419, 25000, 40458, 40806, 0, 
96, 1, 429, 222, -1, 403, 313, 8.3, 25, Cppaaaa, 251, 28219, 21559, 764, , 28219, 25000, 29066, 29191, 0, 
97, 1, 208, 310, -1, 229, 223, 9.3, 24, ABprpaaapaa, 205, 29381, 20684, 704, , 29381, 25000, 28091, 27984, 0, 
98, 0, 323, -1, -1, 551, 173, 6.8, 22, , 200, -1324, 15554, 496, , 31359, 25000, 32338, 32683, 0, 
99, 1, 347, 348, -1, 315, 175, 13.7, 22, Nuc232_13_303_173, 221, 26945, 14119, 524, , 26945, 25000, 28562, 28659, 0, 
100, 1, 246, 69, -1, 141, 312, 23.3, 25, ABplaaaapp, 249, 27949, 21353, 764, , 27949, 25000, 28541, 28587, 0, 
101, 1, 62, 87, -1, 201, 162, 8.6, 23, ABpraappaa, 42, 28388, 18168, 640, , 28388, 25000, 28638, 28498, 0, 
102, 1, 60, 97, -1, 368, 236, 10.1, 23, ABprpapppap, 195, 28236, 14005, 496, , 28236, 25000, 29708, 29830, 0, 
103, 1, 281, 160, -1, 211, 221, 12.3, 26, ABarappaaaa, 323, 27606, 23631, 856, , 27606, 25000, 28264, 28427, 0, 
104, 1, 44, 37, -1, 257, 319, 12.6, 24, ABarapaappa, -30, 26730, 18711, 700, , 26730, 25000, 27528, 27593, 0, 
105, 1, 346, 291, -1, 475, 325, 9.0, 23, Cppaapa, 139, 28309, 14494, 512, , 28309, 25000, 29739, 29806, 0, 
106, 1, 473, 422, -1, 422, 290, 9.4, 22, MSpappppa, 189, 28750, 16445, 572, , 28750, 25000, 28446, 28349, 0, 
107, 1, 40, 191, -1, 133, 280, 23.2, 26, ABplaaaapa, -117, 27196, 21648, 796, , 27196, 25000, 29002, 29008, 0, 
108, 1, 341, 303, -1, 316, 217, 8.6, 22, ABprpapapap, 195, 29166, 16683, 572, , 29166, 25000, 30355, 30811, 0, 
109, 1, 322, 430, -1, 522, 227, 5.4, 26, ABprapappa, 251, 43897, 36522, 832, , 43897, 25000, 39045, 39761, 0, 
110, 1, 448, 488, -1, 372, 263, 15.1, 26, MSaappaa, 167, 29806, 23845, 800, , 29806, 25000, 30414, 30569, 0, 
111, 1, 39, 25, -1, 202, 322, 8.9, 22, Nuc235_9_204_319, 141, 31455, 14595, 464, , 31455, 25000, 30019, 29890, 0, 
112, 1, 116, 90, -1, 298, 371, 21.0, 22, MSaaaapaa, 212, 27508, 10563, 384, , 27508, 25000, 28549, 28528, 0, 
113, 1, 99, 370, -1, 242, 349, 8.4, 27, ABpraapappp, 272, 27763, 27430, 988, , 27763, 25000, 29081, 29231, 0, 
114, 1, 436, 362, -1, 277, 243, 12.6, 23, ABarapaaaap, 238, 28286, 18103, 640, , 28286, 25000, 28859, 28953, 0, 
115, 1, 177, 334, -1, 260, 354, 20.3, 24, MSpaaaaaa, 223, 27261, 19192, 704, , 27261, 25000, 29790, 29678, 0, 
116, 1, 67, 127, -1, 465, 203, 23.0, 26, ABplappapp, 8, 28939, 24656, 852, , 28939, 25000, 28076, 28033, 0, 
117, 1, 505, 285, -1, 252, 305, 4.5, 22, ABpraaappppp, 209, 40623, 20799, 512, , 40623, 25000, 39621, 39581, 0, 
118, 1, 77, 24, -1, 274, 389, 17.4, 26, MSpppppp, 192, 28206, 23467, 832, , 28206, 25000, 28810, 28805, 0, 
119, 1, 234, 63, -1, 211, 193, 13.5, 23, ABalpapaapa, 183, 30005, 18963, 632, , 30005, 25000, 29273, 29532, 0, 
120, 1, 371, 366, -1, 160, 337, 18.4, 26, MSppappp, 334, 28522, 23730, 832, , 28522, 25000, 27925, 27949, 0, 
121, 1, 325, 387, -1, 485, 161, 6.5, 24, ABprappppa, 135, 31621, 24285, 768, , 31621, 25000, 34842, 35340, 0, 
122, 1, 163, 472, -1, 133, 248, 20.4, 23, ABarpaaaapa, 214, 26648, 17055, 640, , 26648, 25000, 28493, 28543, 0, 
123, 1, 81, 75, -1, 210, 252, 7.1, 23, ABprpaaaaaa, 208, 30712, 15233, 496, , 30712, 25000, 32434, 32272, 0, 
124, 1, 83, 29, -1, 190, 232, 11.0, 23, ABarapppaaa, -20, 26775, 13709, 512, , 26775, 25000, 28438, 28313, 0, 
125, 1, 411, 43, -1, 275, 275, 5.0, 23, ABprpaapaap, 391, 42799, 21913, 512, , 42799, 25000, 37864, 37812, 0, 
126, 1, 172, 428, -1, 518, 166, 10.3, 23, Cpppppv, 189, 27231, 16121, 592, , 27231, 25000, 28006, 28161, 0, 
127, 1, 339, 264, -1, 314, 347, 12.8, 25, ABaraapppap, 235, 29020, 20430, 704, , 29020, 25000, 28324, 28296, 0, 
128, 1, 75, 456, -1, 227, 217, 5.6, 25, ABprpaaapap, 19, 41563, 34580, 832, , 41563, 25000, 38828, 38441, 0, 
129, 1, 257, 30, -1, 267, 150, 17.4, 27, ABplpaaappp, 224, 26891, 26568, 988, , 26891, 25000, 28711, 28567, 0, 
130, 0, 110, -1, -1, 229, 302, 9.4, 22, , 200, 5, 17021, 572, , 29757, 25000, 29395, 29752, 0, 
131, 1, 20, 107, -1, 320, 294, 12.1, 23, ABaraappppp, 147, 27688, 13733, 496, , 27688, 25000, 29034, 29001, 0, 
132, 1, 148, 458, -1, 546, 308, 15.8, 30, Eprap, 265, 28498, 37618, 1320, , 28498, 25000, 30257, 30299, 0, 
133, 1, 279, 441, -1, 362, 326, 20.4, 22, MSaaapapp, 182, 27274, 15601, 572, , 27274, 25000, 28227, 28357, 0, 
134, 1, 345, 208, -1, 297, 168, 7.2, 26, ABarappapap, 188, 28508, 22692, 796, , 28508, 25000, 34032, 34385, 0, 
135, 0, 274, -1, -1, 503, 130, 22.5, 24, , 212, 874, 22578, 768, , 29398, 25000, 28690, 28524, 0, 
136, 1, 24, 192, -1, 266, 141, 21.5, 25, ABalpppapav, 406, 28396, 21808, 768, , 28396, 25000, 28508, 28495, 0, 
137, 1, 184, 447, -1, 375, 280, 18.8, 22, MSaapappp, 169, 28659, 14215, 496, , 28659, 25000, 29600, 29389, 0, 
138, 1, 175, 475, -1, 191, 288, 12.1, 21, ABalappapapp, 170, 26813, 9331, 348, , 26813, 25000, 28331, 28350, 0, 
139, 1, 466, 133, -1, 272, 190, 20.4, 26, MSapapap, 203, 28707, 23884, 832, , 28707, 25000, 28478, 28515, 0, 
140, 1, 236, 214, -1, 456, 136, 13.0, 23, ABplappppa, -133, 28332, 14506, 512, , 28332, 25000, 27614, 27541, 0, 
141, 1, 152, 349, -1, 261, 348, 16.9, 24, MSpaaaapp, 74, 28235, 17054, 604, , 28235, 25000, 28399, 28508, 0, 
142, 1, 413, 363, -1, 389, 228, 14.0, 22, ABplppappap, 174, 27193, 10442, 384, , 27193, 25000, 28325, 28259, 0, 
143, 1, 59, 350, -1, 243, 218, 18.5, 26, Nuc233_19_241_214, 24, 28335, 25388, 896, , 28335, 25000, 28183, 28308, 0, 
144, 1, 199, 298, -1, 450, 299, 9.9, 23, MSpappppp, 175, 29480, 14622, 496, , 29480, 25000, 29504, 29629, 0, 
145, 1, 284, 1, -1, 249, 311, 8.0, 23, ABpraaappap, 226, 28125, 14400, 512, , 28125, 25000, 29630, 29564, 0, 
146, 1, 443, 385, -1, 162, 171, 20.0, 24, ABalpppaapd, 221, 27132, 16496, 608, , 27132, 25000, 28016, 28171, 0, 
147, 0, 69, -1, -1, 86, 264, 15.8, 24, , 208, 1413, 18977, 656, , 28928, 25000, 27515, 27515, 0, 
148, 1, 460, 258, -1, 496, 178, 12.3, 22, ABplpappppp, 199, 29204, 15303, 524, , 29204, 25000, 27540, 27627, 0, 
149, 1, 166, 345, -1, 309, 175, 22.0, 22, ABplpaappaa, 174, 27018, 10375, 384, , 27018, 25000, 29040, 29304, 0, 
150, 1, 2, 245, -1, 408, 264, 10.4, 29, ABprppappap, 240, 28840, 33339, 1156, , 28840, 25000, 28893, 29098, 0, 
151, 1, 425, 34, -1, 445, 237, 23.3, 25, ABplappaap, 236, 29171, 22287, 764, , 29171, 25000, 27952, 27973, 0, 
152, 1, 121, 117, -1, 372, 366, 19.5, 25, MSaaappp, 191, 29210, 22433, 768, , 29210, 25000, 28779, 28786, 0, 
153, 1, 248, 262, -1, 317, 260, 11.4, 22, MSpapaaaa, -181, 30348, 17359, 572, , 30348, 25000, 29215, 29241, 0, 
154, 1, 93, 426, -1, 560, 253, 7.1, 25, ABarpppppp, 253, 28769, 18297, 636, , 28769, 25000, 33049, 33071, 0, 
155, 1, 370, 101, -1, 342, 330, 12.5, 23, MSpapappa, 182, 31013, 19600, 632, , 31013, 25000, 29162, 29122, 0, 
156, 1, 198, 280, -1, 544, 309, 6.7, 28, ABprapapaa, 439, 32873, 34977, 1064, , 32873, 25000, 34662, 34733, 0, 
157, 1, 486, 462, -1, 322, 399, 16.2, 25, Dpppaa, 255, 27442, 19319, 704, , 27442, 25000, 28476, 28517, 0, 
158, 1, 354, 161, -1, 119, 305, 18.4, 23, ABarpaapaa, 214, 27361, 17511, 640, , 27361, 25000, 28380, 28416, 0, 
159, 1, 244, 267, -1, 214, 253, 10.4, 23, ABarappppaa, 205, 27408, 17541, 640, , 27408, 25000, 28553, 28615, 0, 
160, 1, 78, 9, -1, 213, 187, 16.0, 26, ABalpapaaaa, 217, 27568, 23488, 852, , 27568, 25000, 29238, 29251, 0, 
161, 0, 170, -1, -1, 250, 156, 8.6, 23, , 205, -903, 18618, 640, , 29091, 25000, 29883, 29994, 0, 
162, 0, 275, -1, -1, 264, 320, 17.6, 23, , 82, 489, 19899, 640, , 31092, 25000, 30459, 30603, 0, 
163, 1, 490, 389, -1, 221, 257, 23.1, 24, MSapaaap, 228, 28051, 16943, 604, , 28051, 25000, 28073, 28035, 0, 
164, 1, 127, 224, -1, 244, 199, 22.3, 24, ABplpaapaaa, 129, 29490, 20761, 704, , 29490, 25000, 28160, 28367, 0, 
165, 1, 220, 439, -1, 245, 303, 18.5, 22, MSaaaaapap, 140, 29564, 15137, 512, , 29564, 25000, 29160, 29237, 0, 
166, 1, 137, 244, -1, 162, 261, 21.2, 26, ABplaaaaaaa, 11, 26692, 21247, 796, , 26692, 25000, 28182, 28377, 0, 
167, 1, 228, 451, -1, 133, 202, 20.4, 24, ABplaapaaap, 189, 28404, 19883, 700, , 28404, 25000, 27783, 27809, 0, 
168, 1, 106, 260, -1, 215, 273, 15.6, 23, ABaraaapaaa, 206, 27664, 17705, 640, , 27664, 25000, 28326, 28337, 0, 
169, 1, 393, 135, -1, 453, 162, 13.7, 22, ABplppppapa, 205, 27723, 14527, 524, , 27723, 25000, 28405, 28473, 0, 
170, 1, 310, 455, -1, 356, 381, 9.9, 26, ABarpppapp, 263, 28084, 22467, 800, , 28084, 25000, 28609, 28682, 0, 
171, 1, 53, 173, -1, 241, 164, 19.6, 24, ABplpaaaaaa, -79, 27684, 19379, 700, , 27684, 25000, 28051, 27682, 0, 
172, 1, 418, 380, -1, 494, 200, 15.5, 28, ABplppppaap, 235, 28168, 30421, 1080, , 28168, 25000, 29335, 29444, 0, 
173, 1, 14, 255, 522, 290, 240, 14.8, 23, ABalpappppa, 210, 27398, 14795, 540, , 27398, 25000, 28340, 28367, 0, 
174, 1, 441, 156, -1, 463, 209, 8.0, 24, ABprpppaaaa, 189, 29395, 17872, 608, , 29395, 25000, 29099, 29174, 0, 
175, 1, 193, 98, -1, 521, 191, 7.2, 23, ABprpppaapp, 193, 29406, 15879, 540, , 29406, 25000, 32370, 32806, 0, 
176, 1, 422, 381, -1, 351, 245, 26.4, 26, ABarppapaap, 233, 28706, 23883, 832, , 28706, 25000, 29554, 29677, 0, 
177, 1, 203, 61, -1, 287, 319, 8.3, 24, ABpraapapaa, 234, 29183, 20545, 704, , 29183, 25000, 28903, 28922, 0, 
178, 1, 435, 134, -1, 360, 294, 19.1, 23, MSaapaapp, -202, 31093, 15422, 496, , 31093, 25000, 29588, 29745, 0, 
179, 1, 144, 46, -1, 485, 369, 23.0, 27, Dapppp, 255, 28783, 29704, 1032, , 28783, 25000, 28733, 28733, 0, 
180, 1, 79, 392, -1, 509, 182, 19.1, 23, ABplpppppap, 205, 29139, 14453, 496, , 29139, 25000, 28449, 28475, 0, 
181, 1, 316, 268, -1, 547, 149, 11.3, 22, ABprppppppp, 115, 27882, 14610, 524, , 27882, 25000, 28006, 28038, 0, 
182, 1, 186, 209, -1, 317, 187, 25.3, 23, ABalppppppap, 165, 27902, 16518, 592, , 27902, 25000, 28824, 28939, 0, 
183, 1, 430, 342, -1, 516, 290, 8.3, 26, Cppaapp, 257, 30114, 25778, 856, , 30114, 25000, 29571, 29765, 0, 
184, 1, 464, 438, -1, 323, 113, 15.4, 22, ABalpapapppa, 175, 26970, 15427, 572, , 26970, 25000, 27300, 27345, 0, 
185, 1, 290, 125, -1, 225, 321, 25.3, 26, MSaaapaaa, 221, 28848, 24694, 856, , 28848, 25000, 29417, 29442, 0, 
186, 1, 70, 295, -1, 301, 194, 22.7, 24, ABalpppppap, 200, 28482, 20051, 704, , 28482, 25000, 28368, 28442, 0, 
187, 1, 159, 200, -1, 538, 311, 19.6, 31, Ealpp, 366, 28560, 38042, 1332, , 28560, 25000, 29575, 29641, 0, 
188, 1, 350, 376, -1, 555, 155, 22.5, 26, Cpapaa, 177, 27349, 24505, 896, , 27349, 25000, 28357, 28286, 0, 
189, 1, 333, 444, -1, 145, 300, 17.4, 25, ABarpapaaaa, 215, 28411, 23638, 832, , 28411, 25000, 28094, 28175, 0, 
190, 0, 273, -1, -1, 248, 191, 24.8, 22, , 199, -641, 13833, 496, , 27889, 25000, 28555, 28530, 0, 
191, 1, 49, 446, -1, 297, 243, 8.4, 22, Nuc234_9_299_244, 168, 28983, 16578, 572, , 28983, 25000, 29721, 29978, 0, 
192, 0, 292, -1, -1, 272, 293, 21.4, 27, , 129, 55, 28652, 988, , 29000, 25000, 29068, 28945, 0, 
193, 1, 147, 216, -1, 481, 126, 12.0, 23, ABplpppapap, 188, 27080, 13865, 512, , 27080, 25000, 27593, 27666, 0, 
194, 1, 483, 494, -1, 364, 311, 8.0, 22, MSpapppapa, 224, 30201, 11597, 384, , 30201, 25000, 30370, 30437, 0, 
195, 1, 400, 40, -1, 482, 208, 9.8, 22, ABplpapppap, 184, 26510, 13149, 496, , 26510, 25000, 29143, 29316, 0, 
196, 1, 337, 312, -1, 250, 389, 14.1, 27, ABarpaappp, 249, 27711, 25162, 908, , 27711, 25000, 27465, 27554, 0, 
197, 1, 399, 157, -1, 601, 273, 14.7, 25, Cppppap, 460, 29213, 22319, 764, , 29213, 25000, 28574, 28574, 0, 
198, 1, 34, 115, -1, 314, 370, 18.7, 23, MSpaaappp, 237, 27980, 16564, 592, , 27980, 25000, 28324, 28365, 0, 
199, 1, 55, 7, -1, 388, 163, 12.9, 24, Nuc234_13_384_161, 139, 28010, 16918, 604, , 28010, 25000, 27821, 27827, 0, 
200, 1, 348, 207, -1, 109, 267, 18.5, 26, ABarpapapa, 208, 26595, 23829, 896, , 26595, 25000, 28057, 27941, 0, 
201, 1, 301, 435, -1, 493, 229, 10.4, 22, ABprppppaaa, 216, 27656, 15819, 572, , 27656, 25000, 29452, 29375, 0, 
202, 1, 107, 259, -1, 178, 213, 12.9, 22, ABaraaapppa, 185, 27944, 12966, 464, , 27944, 25000, 28145, 28115, 0, 
203, 1, 189, 59, -1, 249, 192, 6.9, 22, ABprpaapppp, 203, 30037, 13937, 464, , 30037, 25000, 33039, 31732, 0, 
204, 1, 192, 326, -1, 548, 341, 11.4, 26, Cppapap, -84, 27893, 23207, 832, , 27893, 25000, 28660, 28793, 0, 
205, 1, 259, 279, -1, 569, 186, 9.6, 24, ABprapapppp, 219, 28439, 19907, 700, , 28439, 25000, 27904, 27982, 0, 
206, 1, 89, 118, -1, 504, 385, 13.6, 26, Cpppaap, 249, 27605, 22967, 832, , 27605, 25000, 28214, 28231, 0, 
207, 1, 142, 5, -1, 244, 255, 13.7, 24, ABarapaaaaa, 210, 27443, 19320, 704, , 27443, 25000, 28514, 28364, 0, 
208, 1, 317, 347, -1, 223, 133, 19.3, 24, ABalpppapad, 206, 29114, 20496, 704, , 29114, 25000, 28383, 28335, 0, 
209, 1, 356, 12, 520, 410, 229, 9.7, 22, ABprpaaaapp, 166, 28128, 14739, 524, , 28128, 25000, 28639, 28584, 0, 
210, 1, 475, 419, -1, 181, 224, 14.6, 22, Nuc233_14_174_217, 188, 28479, 16290, 572, , 28479, 25000, 27909, 28044, 0, 
211, 1, 355, 231, -1, 410, 257, 21.8, 23, Capaaaa, 227, 28098, 15173, 540, , 28098, 25000, 27408, 27470, 0, 
212, 1, 433, 58, -1, 371, 400, 15.6, 26, Dpppap, 268, 28715, 23891, 832, , 28715, 25000, 28622, 28746, 0, 
213, 1, 266, 404, -1, 321, 300, 22.8, 25, ABaraapapap, 212, 27592, 19425, 704, , 27592, 25000, 28374, 28623, 0, 
214, 1, 191, 388, -1, 326, 168, 23.9, 23, ABplpaappap, 236, 28397, 14085, 496, , 28397, 25000, 28275, 28437, 0, 
215, 1, 126, 294, -1, 522, 253, 8.3, 24, Cppappa, 211, 28564, 20109, 704, , 28564, 25000, 29869, 29940, 0, 
216, 1, 238, 400, -1, 377, 167, 21.7, 28, Nuc233_20_375_160, 282, 28307, 30119, 1064, , 28307, 25000, 27791, 27930, 0, 
217, 1, 120, 261, -1, 480, 342, 15.4, 33, Epraa, 217, 28183, 46220, 1640, , 28183, 25000, 29919, 29900, 0, 
218, 1, 173, 498, -1, 250, 335, 14.7, 23, ABaraaapapa, 197, 26914, 15933, 592, , 26914, 25000, 28760, 28764, 0, 
219, 1, 54, 371, -1, 362, 211, 10.1, 23, ABprppaappa, 185, 28861, 14315, 496, , 28861, 25000, 29053, 29393, 0, 
220, 1, 492, 275, -1, 536, 368, 10.5, 27, Caaapa, 273, 27806, 24914, 896, , 27806, 25000, 27711, 27726, 0, 
221, 1, 231, 106, -1, 371, 271, 11.1, 22, MSpapapap, 187, 48866, 22674, 464, , 48866, 25000, 34829, 33557, 0, 
222, 1, 353, 103, -1, 526, 334, 24.4, 28, Cappaap, 269, 28229, 27890, 988, , 28229, 25000, 28695, 28727, 0, 
223, 1, 245, 474, -1, 287, 169, 14.4, 22, ABplpapaapa, 160, 26640, 15238, 572, , 26640, 25000, 28334, 28705, 0, 
224, 1, 108, 352, -1, 152, 185, 22.6, 25, Nuc234_23_148_189, 98, 28903, 24047, 832, , 28903, 25000, 27429, 27452, 0, 
225, 1, 247, 86, -1, 344, 270, 17.2, 23, MSaapapap, 192, 44983, 24291, 540, , 44983, 25000, 33756, 33828, 0, 
226, 1, 90, 424, -1, 234, 185, 12.3, 24, ABarappaapa, -21, 29341, 20656, 704, , 29341, 25000, 28058, 28140, 0, 
227, 1, 85, 68, -1, 304, 239, 19.0, 23, Nuc234_19_299_240, 134, 27650, 14157, 512, , 27650, 25000, 28824, 28696, 0, 
228, 1, 233, 164, -1, 274, 368, 11.2, 26, ABprapaaaap, 210, 26744, 21288, 796, , 26744, 25000, 28129, 28116, 0, 
229, 1, 3, 403, -1, 212, 375, 20.5, 28, ABarpaappa, 280, 26801, 28945, 1080, , 26801, 25000, 28044, 28024, 0, 
230, 1, 326, 421, -1, 537, 180, 9.9, 22, ABprapppapp, 215, 26709, 12393, 464, , 26709, 25000, 27840, 27948, 0, 
231, 1, 363, 317, -1, 469, 240, 6.9, 22, ABprpppaaap, 252, 29444, 13662, 464, , 29444, 25000, 32491, 32491, 0, 
232, 1, 8, 110, -1, 319, 132, 15.8, 23, ABplpaapppa, 192, 26976, 14567, 540, , 26976, 25000, 28010, 28062, 0, 
233, 1, 299, 47, -1, 190, 285, 17.7, 25, MSaaaaaa, 250, 26250, 20055, 764, , 26250, 25000, 27596, 27623, 0, 
234, 1, 270, 413, -1, 524, 186, 13.1, 22, ABprpappppa, 93, 27282, 12659, 464, , 27282, 25000, 28336, 28322, 0, 
235, 1, 128, 56, -1, 188, 184, 22.7, 23, ABplaapaapa, 217, 29873, 17685, 592, , 29873, 25000, 27808, 27872, 0, 
236, 1, 160, 171, -1, 251, 123, 15.9, 29, ABplpaapapp, 251, 28577, 34521, 1208, , 28577, 25000, 27855, 27820, 0, 
237, 0, 187, -1, -1, 274, 302, 14.7, 25, , 159, 955, 22356, 764, , 29262, 25000, 28437, 28307, 0, 
238, 1, 456, 477, -1, 258, 178, 9.4, 22, ABarapppapa, 537, 29537, 16895, 572, , 29537, 25000, 28592, 28897, 0, 
239, 1, 349, 36, -1, 324, 229, 16.1, 22, MSaapaaaa, 197, 28860, 13391, 464, , 28860, 25000, 29038, 29119, 0, 
240, 1, 491, 205, -1, 320, 322, 25.6, 25, Nuc234_25_316_327, 205, 28387, 23618, 832, , 28387, 25000, 28853, 28842, 0, 
241, 1, 300, 276, -1, 336, 302, 5.0, 26, ABpraapppp, 266, 39182, 33383, 852, , 39182, 25000, 38066, 38205, 0, 
242, 1, 432, 39, -1, 282, 342, 8.7, 24, ABpraapapap, 141, 28287, 19914, 704, , 28287, 25000, 29164, 29168, 0, 
243, 1, 213, 195, -1, 323, 170, 10.5, 24, ABplpaaaapa, 217, 28069, 21557, 768, , 28069, 25000, 28687, 28631, 0, 
244, 1, 368, 170, -1, 416, 316, 5.8, 27, ABprappaaa, 265, 35651, 30945, 868, , 35651, 25000, 34375, 34597, 0, 
245, 1, 359, 119, -1, 584, 333, 15.1, 28, Cppppaa, 225, 26915, 29283, 1088, , 26915, 25000, 28550, 28550, 0, 
246, 1, 330, 337, -1, 340, 329, 18.1, 24, MSaaaappp, 211, 29735, 17960, 604, , 29735, 25000, 29277, 29217, 0, 
247, 1, 365, 116, -1, 543, 251, 23.6, 28, Capapap, 265, 27846, 27512, 988, , 27846, 25000, 28685, 28704, 0, 
248, 1, 506, 8, -1, 374, 228, 20.9, 22, Daaaa, 178, 28006, 12995, 464, , 28006, 25000, 28945, 28954, 0, 
249, 1, 58, 360, -1, 210, 314, 5.5, 23, ABpraaappppa, 214, 40043, 25307, 632, , 40043, 25000, 40064, 40064, 0, 
250, 1, 68, 197, -1, 282, 210, 6.4, 26, ABprpaapppa, 54, 33644, 27992, 832, , 33644, 25000, 35832, 36072, 0, 
251, 1, 169, 31, -1, 315, 333, 6.9, 25, ABprapaaapa, 114, 32635, 20756, 636, , 32635, 25000, 33370, 33426, 0, 
252, 1, 494, 433, -1, 206, 140, 17.7, 22, ABalpppaaap, 221, 29582, 15501, 524, , 29582, 25000, 28290, 28473, 0, 
253, 1, 103, 399, -1, 283, 204, 25.8, 27, ABplaapappp, 256, 29759, 25831, 868, , 29759, 25000, 29351, 29496, 0, 
254, 1, 302, 237, -1, 253, 235, 26.5, 32, ABplaaappp, 10, 28135, 40290, 1432, , 28135, 25000, 28866, 28997, 0, 
255, 1, 287, 206, -1, 225, 172, 8.5, 23, ABarapppapp, 166, 29244, 18482, 632, , 29244, 25000, 29754, 29831, 0, 
256, 1, 338, 487, -1, 565, 178, 13.5, 24, Cpppppd, 213, 27609, 21204, 768, , 27609, 25000, 28642, 28679, 0, 
257, 1, 431, 108, -1, 592, 206, 9.5, 27, Caappd, 204, 28049, 25132, 896, , 28049, 25000, 27543, 27522, 0, 
258, 1, 379, 198, -1, 307, 323, 12.5, 23, ABaraapppaa, 139, 27938, 17657, 632, , 27938, 25000, 27972, 28059, 0, 
259, 1, 194, 45, -1, 450, 194, 16.9, 23, ABplpppaaap, 15, 28254, 14014, 496, , 28254, 25000, 28175, 28208, 0, 
260, 1, 268, 464, -1, 355, 239, 17.0, 22, MSaapaaap, 200, 27620, 10606, 384, , 27620, 25000, 29479, 29349, 0, 
261, 1, 277, 64, -1, 189, 352, 23.4, 28, ABarpaapap, 283, 27022, 26698, 988, , 27022, 25000, 28251, 28251, 0, 
262, 1, 252, 461, -1, 376, 243, 18.7, 22, MSaapapaa, 224, 39025, 20449, 524, , 39025, 25000, 30258, 30684, 0, 
263, 1, 33, 148, -1, 364, 143, 15.2, 24, ABplapaapa, 214, 27184, 17833, 656, , 27184, 25000, 27829, 27873, 0, 
264, 1, 291, 212, -1, 278, 140, 23.8, 22, ABalpppppppp, 190, 28504, 14138, 496, , 28504, 25000, 27873, 27980, 0, 
265, 1, 119, 166, -1, 366, 308, 11.4, 26, MSpapaapp, 228, 29572, 24604, 832, , 29572, 25000, 30936, 30499, 0, 
266, 1, 100, 186, -1, 125, 291, 14.8, 23, ABarpaaapap, 230, 27150, 14661, 540, , 27150, 25000, 28316, 28312, 0, 
267, 1, 297, 427, -1, 430, 266, 25.1, 28, ABplappapa, 258, 27710, 30149, 1088, , 27710, 25000, 28015, 28027, 0, 
268, 1, 96, 270, -1, 237, 185, 20.8, 23, ABalppappaa, 212, 27657, 14935, 540, , 27657, 25000, 27858, 27821, 0, 
269, 1, 87, 121, -1, 500, 155, 18.1, 23, ABplpppaapa, 219, 28933, 14351, 496, , 28933, 25000, 28568, 28734, 0, 
270, 1, 210, 22, -1, 433, 174, 14.4, 24, ABplpppaaaa, 220, 28321, 19825, 700, , 28321, 25000, 27771, 27774, 0, 
271, 1, 402, 368, -1, 488, 125, 18.0, 24, ABplpppaapp, 225, 28151, 17116, 608, , 28151, 25000, 27807, 27844, 0, 
272, 1, 387, 179, -1, 274, 129, 10.5, 28, ABplaappap, 289, 28633, 30924, 1080, , 28633, 25000, 27903, 27951, 0, 
273, 1, 157, 213, -1, 367, 386, 13.2, 27, Dppap, 267, 27366, 23754, 868, , 27366, 25000, 28894, 28864, 0, 
274, 1, 451, 168, -1, 359, 283, 12.6, 22, MSpapapaa, 168, 56705, 32435, 572, , 56705, 25000, 35578, 34995, 0, 
275, 1, 412, 437, -1, 444, 217, 10.4, 23, ABprppaappp, 207, 27080, 17331, 640, , 27080, 25000, 28293, 28390, 0, 
276, 1, 507, 391, -1, 264, 223, 20.2, 22, ABalpappaap, 160, 28665, 14218, 496, , 28665, 25000, 27988, 27817, 0, 
277, 1, 146, 251, -1, 500, 142, 14.0, 22, Cappppv, 214, 26969, 10356, 384, , 26969, 25000, 28928, 28853, 0, 
278, 1, 454, 296, -1, 172, 160, 23.2, 25, ABplpaapapa, 84, 28839, 20303, 704, , 28839, 25000, 28037, 27876, 0, 
279, 1, 179, 233, -1, 374, 318, 5.3, 26, ABprapaapp, 87, 41340, 35387, 856, , 41340, 25000, 36210, 36380, 0, 
280, 1, 308, 190, -1, 522, 339, 16.4, 30, Earpp, 304, 28457, 32896, 1156, , 28457, 25000, 29767, 29790, 0, 
281, 1, 498, 289, -1, 264, 287, 26.0, 23, MSapppap, 318, 28797, 14744, 512, , 28797, 25000, 28653, 28653, 0, 
282, 1, 497, 373, -1, 537, 260, 15.7, 23, Nuc233_15_536_260, 95, 27637, 16361, 592, , 27637, 25000, 29046, 28900, 0, 
283, 1, 423, 27, -1, 250, 246, 21.8, 23, ABalpaaapaa, 295, 26872, 14511, 540, , 26872, 25000, 28183, 28316, 0, 
284, 1, 28, 138, -1, 218, 240, 18.9, 23, ABalpaapaaa, 202, 26800, 13293, 496, , 26800, 25000, 27679, 27843, 0, 
285, 1, 318, 80, -1, 484, 180, 15.8, 22, ABplppppaaa, 203, 29464, 14614, 496, , 29464, 25000, 28898, 29059, 0, 
286, 1, 140, 358, -1, 388, 257, 26.1, 27, ABarppapap, 248, 28624, 25991, 908, , 28624, 25000, 29003, 29015, 0, 
287, 1, 410, 256, -1, 180, 255, 6.5, 22, ABpraaaaaaa, -326, 33883, 17348, 512, , 33883, 25000, 37576, 37797, 0, 
288, 1, 328, 484, -1, 169, 283, 22.0, 22, ABalapapapp, 204, 27688, 10632, 384, , 27688, 25000, 28189, 28397, 0, 
289, 0, 56, -1, -1, 278, 263, 20.2, 22, , 174, 1851, 15339, 496, , 30925, 25000, 28860, 29074, 0, 
290, 1, 253, -1, -1, 160, 224, 12.9, 24, ABalaaaarra, 288, 29028, 17533, 604, , 29028, 25000, 28164, 28250, 0, 
291, 1, 462, 504, -1, 234, 259, 6.5, 23, MSppapap, 342, 32883, 20782, 632, , 32883, 25000, 36179, 35776, 0, 
292, 0, 444, -1, -1, 519, 110, 18.6, 22, , 186, 2076, 17225, 572, , 30114, 25000, 27998, 28038, 0, 
293, 1, 303, 336, -1, 356, 200, 15.5, 22, MSaapppaa, 131, 28340, 14510, 512, , 28340, 25000, 28133, 28438, 0, 
294, 1, 373, 304, -1, 542, 174, 20.9, 25, Cappapp, 281, 28065, 19309, 688, , 28065, 25000, 28446, 28426, 0, 
295, 1, 167, 394, -1, 120, 254, 14.1, 24, ABpraapaaap, -118, 26825, 16202, 604, , 26825, 25000, 27552, 27586, 0, 
296, 1, 98, 254, -1, 161, 227, 8.9, 24, ABalaaapprr, 233, 28631, 17293, 604, , 28631, 25000, 29585, 29836, 0, 
297, 1, 131, 84, -1, 488, 178, 9.6, 24, ABprppppapp, 218, 28373, 19861, 700, , 28373, 25000, 28557, 28638, 0, 
298, 1, 488, 463, -1, 450, 398, 13.7, 24, Dppppp, 237, 27553, 19397, 704, , 27553, 25000, 28690, 28690, 0, 
299, 0, 232, -1, -1, 334, 210, 26.4, 23, , 284, 1074, 19211, 640, , 30017, 25000, 28900, 28943, 0, 
300, 1, 344, 331, 510, 359, 171, 13.8, 22, ABplpapappa, 160, 27627, 13703, 496, , 27627, 25000, 28803, 28951, 0, 
301, 1, 401, 332, -1, 481, 253, 23.6, 28, Capaapa, 280, 27033, 26709, 988, , 27033, 25000, 28084, 28097, 0, 
302, 1, 135, 410, -1, 390, 247, 11.8, 22, ABprppappaa, 202, 28268, 14021, 496, , 28268, 25000, 29275, 29421, 0, 
303, 1, 21, 137, -1, 328, 218, 11.0, 22, ABprpapapaa, 179, 27578, 10590, 384, , 27578, 25000, 29052, 29232, 0, 
304, 1, 487, 420, -1, 284, 254, 22.5, 24, ABalpaapapp, 223, 27936, 21455, 768, , 27936, 25000, 28730, 28864, 0, 
305, 1, 136, 357, -1, 300, 316, 22.4, 25, ABaraapaapp, 220, 28477, 23693, 832, , 28477, 25000, 28238, 28343, 0, 
306, 1, 76, 452, -1, 162, 203, 10.5, 22, ABalaapaapp, 198, 28191, 14434, 512, , 28191, 25000, 27916, 28007, 0, 
307, 1, 336, 344, -1, 431, 256, 10.3, 22, ABprppapapa, 195, 28594, 14983, 524, , 28594, 25000, 28550, 28437, 0, 
308, 1, 130, 219, -1, 517, 135, 11.9, 23, ABplppppppa, 235, 28308, 14041, 496, , 28308, 25000, 28828, 29034, 0, 
309, 1, 306, 396, -1, 493, 202, 17.9, 23, ABplpppppaa, 228, 28520, 14146, 496, , 28520, 25000, 28785, 28945, 0, 
310, 1, 201, 330, -1, 381, 349, 15.4, 33, Earaa, 337, 27521, 45134, 1640, , 27521, 25000, 29533, 29622, 0, 
311, 0, 382, -1, -1, 260, 238, 10.5, 24, , 168, -480, 21634, 768, , 28169, 25000, 28342, 28649, 0, 
312, 1, 133, 202, -1, 148, 326, 15.3, 23, ABarpapaaap, 215, 28191, 16689, 592, , 28191, 25000, 28339, 28421, 0, 
313, 0, 222, -1, -1, 521, 131, 21.6, 22, , 142, 163, 16825, 572, , 29414, 25000, 28930, 29251, 0, 
314, 1, 50, 431, -1, 315, 212, 5.8, 23, ABprppaapap, 197, 38759, 20930, 540, , 38759, 25000, 37255, 37757, 0, 
315, 1, 327, 51, -1, 385, 299, 12.0, 23, MSpapappp, 168, 29398, 15052, 512, , 29398, 25000, 30361, 30307, 0, 
316, 1, 250, 234, -1, 199, 215, 26.6, 28, ABplaaappa, 270, 29209, 28858, 988, , 29209, 25000, 29301, 29305, 0, 
317, 1, 272, 382, -1, 192, 232, 23.5, 25, ABalapapppa, 209, 28995, 22268, 768, , 28995, 25000, 28071, 27857, 0, 
318, 1, 378, 122, -1, 426, 242, 14.6, 22, ABplppapppa, 207, 29855, 17077, 572, , 29855, 25000, 27638, 27580, 0, 
319, 1, 42, 230, -1, 271, 143, 12.4, 23, ABalppapapa, 217, 28713, 18376, 640, , 28713, 25000, 27560, 27593, 0, 
320, 1, 296, 109, -1, 253, 216, 14.6, 28, Nuc233_14_250_214, -188, 28724, 28379, 988, , 28724, 25000, 28600, 28713, 0, 
321, 1, 48, 253, -1, 434, 357, 17.5, 32, Earap, 323, 28450, 40740, 1432, , 28450, 25000, 29154, 29274, 0, 
322, 1, 214, 290, -1, 281, 393, 13.2, 25, ABarpppapa, 203, 27626, 19449, 704, , 27626, 25000, 27678, 27498, 0, 
323, 1, 18, 293, -1, 329, 191, 15.6, 22, ABplpapapaa, 259, 28540, 16325, 572, , 28540, 25000, 29880, 30372, 0, 
324, 1, 86, 406, -1, 210, 223, 16.4, 23, ABalpaappaap, 212, 28909, 18502, 640, , 28909, 25000, 28895, 29407, 0, 
325, 1, 388, 287, -1, 139, 246, 23.2, 24, ABarpaaaapp, 228, 28067, 18412, 656, , 28067, 25000, 28156, 28233, 0, 
326, 1, 376, 93, -1, 374, 198, 12.3, 24, ABplppaappa, 191, 28545, 20096, 704, , 28545, 25000, 28566, 28822, 0, 
327, 1, 385, 492, -1, 244, 159, 21.7, 22, ABalapaapaa, 198, 27880, 14609, 524, , 27880, 25000, 28112, 28134, 0, 
328, 1, 320, 176, -1, 323, 287, 9.9, 23, ABaraappppa, 234, 28601, 14186, 496, , 28601, 25000, 29394, 29562, 0, 
329, 1, 82, 252, -1, 173, 232, 18.2, 24, ABalaaaarlp, 199, 28313, 18573, 656, , 28313, 25000, 28539, 28843, 0, 
330, 1, 101, 297, -1, 422, 332, 13.6, 29, Earpa, 289, 28176, 32571, 1156, , 28176, 25000, 30164, 30128, 0, 
331, 1, 289, 323, -1, 378, 236, 7.8, 24, ABprppapaaa, 243, 28357, 18602, 656, , 28357, 25000, 30446, 30540, 0, 
332, 1, 31, 218, -1, 335, 223, 6.7, 23, ABprapaapaa, 39, 31211, 18477, 592, , 31211, 25000, 33488, 34229, 0, 
333, 1, 113, 81, -1, 230, 274, 5.6, 25, ABpraaaapav, 374, 40825, 33966, 832, , 40825, 25000, 37896, 38484, 0, 
334, 1, 294, 199, -1, 277, 188, 16.7, 22, MSapaaaa, 24, 28040, 14693, 524, , 28040, 25000, 27557, 27506, 0, 
335, 1, 149, 418, -1, 453, 219, 19.3, 24, MSpappaa, 213, 27842, 19601, 704, , 27842, 25000, 27783, 27899, 0, 
336, 1, 63, 221, -1, 550, 153, 15.1, 25, Cappppd, 208, 26735, 18394, 688, , 26735, 25000, 28794, 28884, 0, 
337, 1, 362, 361, -1, 398, 404, 15.4, 26, Dppppa, 253, 28685, 23866, 832, , 28685, 25000, 28866, 28867, 0, 
338, 1, 230, 41, -1, 294, 271, 13.8, 24, ABarapapppp, 242, 27514, 18049, 656, , 27514, 25000, 28854, 28858, 0, 
339, 1, 449, 483, -1, 324, 352, 9.9, 23, MSppapaa, 199, 27863, 13820, 496, , 27863, 25000, 28543, 28551, 0, 
340, 1, 414, 55, -1, 439, 232, 16.4, 26, ABplppapapp, 210, 28559, 23761, 832, , 28559, 25000, 28265, 28358, 0, 
341, 1, 182, 236, -1, 444, 269, 21.6, 23, Capaaap, 207, 26898, 17215, 640, , 26898, 25000, 27973, 27984, 0, 
342, 1, 278, 329, -1, 402, 200, 13.6, 22, ABplpaaaapp, 196, 25444, 14554, 572, , 25444, 25000, 27911, 27949, 0, 
343, 1, 150, 187, -1, 310, 226, 24.7, 23, ABplaapapap, 233, 27740, 16422, 592, , 27740, 25000, 29084, 29219, 0, 
344, 1, 440, 150, -1, 542, 136, 19.0, 26, ABplapapppp, 103, 28002, 23858, 852, , 28002, 25000, 28742, 28755, 0, 
345, 1, 141, 327, -1, 377, 200, 14.4, 23, ABplppappaa, 200, 27027, 17297, 640, , 27027, 25000, 28367, 28507, 0, 
346, 1, 428, 278, -1, 233, 323, 10.8, 22, ABpraaaappp, 181, 27613, 13696, 496, , 27613, 25000, 27925, 27958, 0, 
347, 1, 154, 189, -1, 583, 320, 10.3, 25, Caaapp, 208, 26957, 20595, 764, , 26957, 25000, 28290, 28324, 0, 
348, 1, 206, 440, -1, 389, 400, 10.2, 27, Caaaaa, 269, 27487, 23859, 868, , 27487, 25000, 28706, 28619, 0, 
349, 1, 43, 18, -1, 283, 236, 24.5, 24, ABplaapappa, 256, 29064, 22321, 768, , 29064, 25000, 28682, 28602, 0, 
350, 1, 375, 141, -1, 165, 330, 10.1, 24, ABarpapppa, 223, 27728, 16748, 604, , 27728, 25000, 28393, 28388, 0, 
351, 1, 380, 238, -1, 507, 207, 22.3, 25, Capaapp, -255, 28787, 21993, 764, , 28787, 25000, 28346, 28372, 0, 
352, 1, 204, 459, -1, 498, 117, 10.1, 23, ABprpppapap, 87, 29403, 14584, 496, , 29403, 25000, 28707, 28707, 0, 
353, 1, 216, 302, -1, 422, 312, 17.6, 31, Ealpa, 313, 27776, 36998, 1332, , 27776, 25000, 28531, 28588, 0, 
354, 1, 311, 112, -1, 480, 172, 19.8, 25, Capappp, 23, 28126, 19801, 704, , 28126, 25000, 28688, 28731, 0, 
355, 1, 415, 175, -1, 290, 228, 4.9, 22, Nuc234_7_277_240, 199, 39004, 18098, 464, , 39004, 25000, 38338, 38045, 0, 
356, 1, 158, 315, -1, 357, 250, 14.0, 25, ABarapapapp, 203, 30115, 23008, 764, , 30115, 25000, 29881, 30014, 0, 
357, 1, 343, 277, -1, 290, 303, 5.4, 24, ABprpaappap, 111, 39501, 27651, 700, , 39501, 25000, 36139, 36215, 0, 
358, 1, 276, 94, -1, 431, 216, 13.2, 22, ABplppaappp, 197, 27157, 13470, 496, , 27157, 25000, 28341, 28478, 0, 
359, 1, 195, 235, -1, 478, 270, 8.2, 23, MSpappap, 216, 27346, 14767, 540, , 27346, 25000, 30650, 30670, 0, 
360, 1, 360, 355, -1, 496, 341, 6.8, 26, ABarpppppa, 263, 30180, 24023, 796, , 30180, 25000, 34164, 34212, 0, 
361, 1, 384, 528, -1, 275, 306, 6.3, 22, Nuc234_7_273_303, 115, 36015, 18872, 524, , 36015, 25000, 36225, 35618, 0, 
362, 1, 72, 136, -1, 493, 258, 10.4, 23, ABprpppppaa, 162, 28620, 18317, 640, , 28620, 25000, 29421, 29632, 0, 
363, 1, 5, 411, -1, 506, 207, 25.4, 29, ABplapapaa, 116, 28743, 33227, 1156, , 28743, 25000, 28789, 28802, 0, 
364, 1, 262, 188, -1, 215, 142, 21.4, 24, ABalpppaaaa, 240, 29067, 20347, 700, , 29067, 25000, 28312, 28137, 0, 
365, 1, 118, 167, -1, 540, 211, 9.2, 25, ABprpppaapa, -63, 27237, 19175, 704, , 27237, 25000, 29329, 29347, 0, 
366, 1, 25, 335, -1, 315, 342, 16.4, 22, MSpaapaaa, 170, 29024, 16602, 572, , 29024, 25000, 29365, 29297, 0, 
367, 1, 168, 292, -1, 483, 237, 18.4, 29, Z3, 297, 27024, 31240, 1156, , 27024, 25000, 27651, 27728, 0, 
368, 1, 123, 155, -1, 226, 133, 13.7, 24, ABalppapapp, 217, 28545, 20096, 704, , 28545, 25000, 27943, 27889, 0, 
369, 1, 227, 178, -1, 280, 213, 17.6, 23, ABalpaaaaap, 77, 27875, 17840, 640, , 27875, 25000, 27625, 27579, 0, 
370, 1, 312, 204, 513, 386, 215, 16.7, 25, ABplppapaap, 138, 28157, 21512, 764, , 28157, 25000, 28940, 28962, 0, 
371, 1, 508, 271, -1, 375, 173, 24.4, 26, ABplaapppp, 245, 28242, 23497, 832, , 28242, 25000, 28171, 28122, 0, 
372, 1, 295, 359, -1, 532, 130, 13.6, 24, ABplppppppp, 197, 26799, 18759, 700, , 26799, 25000, 28978, 29141, 0, 
373, 1, 529, 417, -1, 381, 281, 15.0, 22, Nuc233_15_386_313a, 178, 29135, 11188, 384, , 29135, 25000, 29739, 29995, 0, 
374, 1, 125, 44, -1, 191, 305, 23.7, 24, MSapappp, 284, 26614, 18736, 704, , 26614, 25000, 28928, 28859, 0, 
375, 0, 305, -1, -1, 166, 305, 22.6, 22, , 188, 110, 16218, 572, , 28353, 25000, 28312, 28243, 0, 
376, 1, 265, 523, -1, 160, 210, 20.7, 23, ABalapaaapa, 226, 27247, 16130, 592, , 27247, 25000, 28557, 28638, 0, 
377, 1, 112, 450, -1, 155, 338, 21.3, 27, ABarpapapp, 311, 28819, 26629, 924, , 28819, 25000, 28304, 28380, 0, 
378, 1, 51, 211, -1, 163, 252, 25.2, 25, ABplaaaaappa, 92, 28885, 20335, 704, , 28885, 25000, 28066, 28142, 0, 
379, 1, 15, 489, -1, 179, 190, 25.5, 27, ABplaaapap, 244, 28556, 25586, 896, , 28556, 25000, 27930, 27880, 0, 
380, 1, 243, 319, -1, 192, 349, 15.5, 27, MSppappa, 203, 27917, 25014, 896, , 27917, 25000, 27802, 27842, 0, 
381, 1, 286, 82, -1, 475, 182, 7.7, 24, ABprppppapa, 240, 28919, 20359, 704, , 28919, 25000, 29714, 29826, 0, 
382, 1, 264, 130, -1, 280, 170, 21.7, 23, ABalpppppaa, 258, 28348, 16782, 592, , 28348, 25000, 28359, 28469, 0, 
383, 1, 249, 401, -1, 456, 394, 9.6, 28, Caaaap, 267, 27773, 27440, 988, , 27773, 25000, 27982, 27984, 0, 
384, 1, 134, 154, -1, 254, 275, 11.0, 25, ABarapapaap, 71, 27812, 21248, 764, , 27812, 25000, 28087, 28308, 0, 
385, 1, 73, 26, -1, 282, 176, 12.2, 26, ABalpapapaa, 149, 27682, 22035, 796, , 27682, 25000, 28155, 28375, 0, 
386, 1, 472, 343, -1, 475, 248, 27.5, 28, ABarppappa, 285, 27838, 30065, 1080, , 27838, 25000, 28459, 28462, 0, 
387, 1, 445, 73, -1, 568, 143, 12.3, 23, Caappv, 378, 27973, 16560, 592, , 27973, 25000, 28371, 28287, 0, 
388, 1, 407, 71, -1, 182, 305, 8.3, 25, ABpraapaapp, -100, 29843, 22800, 764, , 29843, 25000, 30083, 30103, 0, 
389, 1, 509, 402, -1, 275, 206, 8.9, 22, ABarappapaap, 166, 29772, 13814, 464, , 29772, 25000, 28689, 28864, 0, 
390, 1, 377, 482, -1, 389, 282, 8.5, 23, MSpapppapp, 170, 29684, 18760, 632, , 29684, 25000, 31073, 31200, 0, 
391, 1, 176, 460, -1, 446, 214, 15.0, 23, ABplppapppp, 232, 27844, 14256, 512, , 27844, 25000, 27805, 27998, 0, 
392, 1, 65, 149, -1, 561, 220, 6.7, 22, ABprapppaap, 116, 31137, 16316, 524, , 31137, 25000, 34095, 34611, 0, 
393, 1, 205, 185, -1, 254, 251, 25.9, 22, ABarppaaaa, 178, 27487, 12754, 464, , 27487, 25000, 28352, 28837, 0, 
394, 1, 283, 328, -1, 243, 197, 9.4, 23, ABarapppppp, 204, 26413, 16904, 640, , 26413, 25000, 28871, 28902, 0, 
395, 1, 129, 306, -1, 287, 376, 8.0, 22, ABarpppaap, 225, 28266, 10854, 384, , 28266, 25000, 29230, 29230, 0, 
396, 1, 19, 229, -1, 578, 243, 11.3, 25, Cpppapp, 230, 29406, 22466, 764, , 29406, 25000, 29376, 29476, 0, 
397, 1, 212, 139, -1, 395, 196, 21.4, 26, ABplapaapp, 102, 28602, 23797, 832, , 28602, 25000, 28119, 28170, 0, 
398, 1, 394, 321, -1, 585, 202, 21.1, 27, Capppap, 263, 28487, 25866, 908, , 28487, 25000, 29272, 29284, 0, 
399, 1, 11, 501, -1, 541, 212, 7.0, 24, ABprapppaaa, -162, 30487, 18536, 608, , 30487, 25000, 32887, 33222, 0, 
400, 1, 143, 194, -1, 461, 259, 14.6, 26, MSapaapp, 218, 27666, 23018, 832, , 27666, 25000, 28271, 28275, 0, 
401, 1, 420, 272, -1, 268, 325, 22.2, 24, MSaaaaapp, 184, 28514, 18705, 656, , 28514, 25000, 29528, 29556, 0, 
402, 1, 307, 180, -1, 207, 216, 22.0, 26, ABalapaaaa, 261, 29142, 24829, 852, , 29142, 25000, 28258, 28432, 0, 
403, 1, 484, 324, -1, 142, 250, 9.8, 22, ABpraaaaapd, 199, 27052, 13418, 496, , 27052, 25000, 28615, 28535, 0, 
404, 1, 351, 479, -1, 558, 264, 15.2, 29, Eprpa, 216, 28611, 31815, 1112, , 28611, 25000, 29118, 29271, 0, 
405, 1, 57, 111, -1, 334, 245, 20.1, 26, ABaraapappa, 104, 28441, 22753, 800, , 28441, 25000, 29048, 29122, 0, 
406, 1, 4, 465, -1, 266, 187, 22.9, 22, Nuc234_23_264_186, 235, 29183, 13541, 464, , 29183, 25000, 28470, 28399, 0, 
407, 1, 457, 145, -1, 506, 156, 23.9, 24, ABarppappp, 198, 29459, 17793, 604, , 29459, 25000, 28157, 28161, 0, 
408, 1, 117, 281, -1, 545, 226, 14.3, 31, Eprpp, -42, 28148, 38507, 1368, , 28148, 25000, 29618, 29665, 0, 
409, 0, 164, -1, -1, 217, 255, 24.9, 22, , 266, 24, 13190, 464, , 28427, 25000, 28169, 28403, 0, 
410, 0, 95, -1, -1, 295, 258, 16.1, 22, , 184, -1485, 12852, 464, , 27698, 25000, 28955, 29183, 0, 
411, 1, 383, 384, -1, 495, 242, 13.0, 24, MSppaapp, 244, 27230, 16556, 608, , 27230, 25000, 28885, 28897, 0, 
412, 1, 209, 393, -1, 511, 209, 11.5, 23, ABprppppaap, 203, 28687, 18130, 632, , 28687, 25000, 28377, 28358, 0, 
413, 1, 442, 386, -1, 394, 315, 13.7, 22, Nuc233_15_386_313pa, 161, 32231, 16889, 524, , 32231, 25000, 30280, 30594, 0, 
414, 0, 36, -1, -1, 105, 258, 20.3, 22, , 122, 580, 14956, 524, , 28542, 25000, 27945, 27962, 0, 
415, 1, 389, 113, -1, 329, 160, 15.2, 22, ABplpapapap, 200, 27690, 13734, 496, , 27690, 25000, 27856, 27865, 0, 
416, 1, 405, 307, -1, 513, 172, 7.1, 22, ABprpppapaa, 177, 29459, 13669, 464, , 29459, 25000, 31645, 32091, 0, 
417, 1, 470, 322, -1, 342, 254, 7.4, 22, ABprapaapap, 149, 31196, 17844, 572, , 31196, 25000, 32652, 32985, 0, 
418, 1, 109, 301, -1, 387, 215, 10.9, 23, ABarappappa, 105, 29177, 14472, 496, , 29177, 25000, 29049, 28911, 0, 
419, 1, 495, 511, -1, 249, 246, 20.1, 22, ABaraaaaaap, 156, 27196, 12619, 464, , 27196, 25000, 28424, 28389, 0, 
420, 1, 52, 4, -1, 264, 252, 14.3, 24, ABarapaaapa, 174, 28642, 20164, 704, , 28642, 25000, 28864, 28864, 0, 
421, 1, 84, 11, -1, 301, 265, 19.8, 24, ABalpaaappp, 201, 27995, 18365, 656, , 27995, 25000, 29427, 29416, 0, 
422, 1, 237, 246, -1, 373, 237, 23.6, 24, ABplapaaapp, 245, 27909, 19536, 700, , 27909, 25000, 28858, 28885, 0, 
423, 1, 391, 364, -1, 268, 157, 25.6, 26, ABalpppppppa, 233, 28698, 23877, 832, , 28698, 25000, 28882, 28888, 0, 
424, 1, 452, 83, -1, 301, 148, 14.9, 22, ABplpapaapp, 173, 29121, 13512, 464, , 29121, 25000, 28118, 28532, 0, 
425, 1, 406, 470, -1, 162, 224, 23.8, 23, ABalapapppp, -62, 27713, 14965, 540, , 27713, 25000, 28720, 28848, 0, 
426, 1, 269, 436, -1, 218, 288, 24.6, 25, MSapappa, 29, 28927, 24067, 832, , 28927, 25000, 28900, 28759, 0, 
427, 1, 342, 220, -1, 561, 125, 15.0, 24, Cpappv, 230, 26375, 16036, 608, , 26375, 25000, 27396, 27456, 0, 
428, 1, 304, 15, -1, 287, 130, 15.0, 23, ABplpaapppp, 232, 29018, 14857, 512, , 29018, 25000, 28769, 28806, 0, 
429, 1, 200, 6, -1, 557, 156, 8.9, 26, ABprappppp, 234, 27725, 22180, 800, , 27725, 25000, 27774, 27826, 0, 
430, 1, 481, 215, -1, 229, 162, 15.1, 22, ABplpaaapaa, 188, 27547, 12782, 464, , 27547, 25000, 28959, 29059, 0, 
431, 1, 417, 282, -1, 440, 324, 8.7, 23, Cppaaap, 217, 27573, 16323, 592, , 27573, 25000, 28941, 28895, 0, 
432, 1, 7, 284, -1, 258, 164, 14.3, 24, ABalppapppa, -296, 27832, 19594, 704, , 27832, 25000, 28166, 28102, 0, 
433, 0, 29, -1, -1, 586, 179, 12.4, 22, , 99, 1460, 17251, 572, , 30159, 25000, 28481, 28699, 0, 
434, 1, 91, 54, -1, 146, 267, 7.5, 29, ABprpaapapa, 293, 30056, 32461, 1080, , 30056, 25000, 32575, 32864, 0, 
435, 1, 132, 265, -1, 244, 204, 13.1, 22, ABarapapapa, 175, 28813, 13369, 464, , 28813, 25000, 28722, 28469, 0, 
436, 0, 38, -1, -1, 278, 354, 5.9, 22, , 212, 3031, 19429, 464, , 41873, 25000, 38838, 38842, 0, 
437, 1, 156, 478, -1, 473, 137, 9.3, 25, Nuc233_9_472_143, 250, 27924, 21334, 764, , 27924, 25000, 27721, 27756, 0, 
438, 1, 426, 129, -1, 283, 364, 18.3, 24, MSpaaappa, 211, 27706, 19505, 704, , 27706, 25000, 28320, 28491, 0, 
439, 1, 258, 425, -1, 207, 180, 10.6, 22, Nuc233_10_181_181, 131, 32184, 18409, 572, , 32184, 25000, 28571, 28416, 0, 
440, 1, 464, 184, -1, 342, 139, 14.2, 23, ABalpapapppp, 188, 29002, 15661, 540, , 29002, 25000, 28466, 28626, 0, 
441, 1, 319, 485, -1, 271, 194, 11.0, 21, ABarappapaaa, 163, 29203, 11214, 384, , 29203, 25000, 28200, 28354, 0, 
442, 1, 30, 14, -1, 129, 229, 15.4, 25, ABpraapaaaa, 273, 27424, 22817, 832, , 27424, 25000, 27716, 27602, 0, 
443, 1, 46, 493, -1, 457, 223, 12.9, 22, ABprpapappp, 176, 27897, 12944, 464, , 27897, 25000, 28675, 28660, 0, 
444, 1, 111, 57, -1, 200, 156, 20.0, 23, Nuc232_19_207_150, 80, 29316, 15010, 512, , 29316, 25000, 28142, 27816, 0, 
445, 1, 482, 473, -1, 470, 181, 13.8, 22, ABplpapppaa, -261, 27694, 13736, 496, , 27694, 25000, 28731, 28921, 0, 
446, 1, 331, 35, -1, 509, 261, 5.4, 24, ABprapapap, 240, 37036, 25925, 700, , 37036, 25000, 37261, 37246, 0, 
447, 1, 155, 397, -1, 606, 253, 11.4, 29, Cpappd, 253, 26800, 30981, 1156, , 26800, 25000, 28045, 27931, 0, 
448, 1, 223, 526, -1, 522, 267, 26.5, 32, Cpaapp, 212, 28038, 40151, 1432, , 28038, 25000, 29158, 29156, 0, 
449, 1, 207, 193, -1, 161, 193, 16.2, 26, ABalpaapppp, 264, 27497, 21888, 796, , 27497, 25000, 28214, 28391, 0, 
450, 1, 293, 409, -1, 325, 368, 6.6, 22, ABarppppaa, 221, 34719, 19859, 572, , 34719, 25000, 35143, 35140, 0, 
451, 1, 493, 351, -1, 232, 213, 15.6, 21, ABalpaappap, 409, 27468, 14393, 524, , 27468, 25000, 28051, 28240, 0, 
452, 1, 404, 412, -1, 211, 359, 9.6, 25, ABarpapppp, 250, 26613, 22142, 832, , 26613, 25000, 27654, 27668, 0, 
453, 1, 37, 162, -1, 446, 345, 24.4, 28, Cappaaa, 269, 28392, 28051, 988, , 28392, 25000, 28570, 28570, 0, 
454, 1, 397, 77, -1, 345, 262, 11.5, 22, MSpapaaap, 199, 30369, 15549, 512, , 30369, 25000, 30735, 30251, 0, 
455, 1, 27, 62, -1, 202, 321, 14.3, 25, MSppaaap, 162, 26746, 20434, 764, , 26746, 25000, 28082, 28187, 0, 
456, 1, 357, 152, -1, 383, 361, 6.6, 25, ABarppppap, 247, 32222, 26809, 832, , 32222, 25000, 34515, 34515, 0, 
457, 1, 242, 126, -1, 475, 170, 22.4, 26, ABplapapap, 265, 27273, 22691, 832, , 27273, 25000, 28529, 28589, 0, 
458, 1, 455, 367, -1, 180, 197, 20.9, 22, Nuc233_21_168_193, 159, 28881, 13401, 464, , 28881, 25000, 28582, 28544, 0, 
459, 1, 321, -1, -1, 298, 221, 17.1, 20, ABalpappppp, 125, 29127, 9204, 316, , 29127, 25000, 28412, 28423, 0, 
460, 0, 352, -1, -1, 116, 280, 20.9, 22, , 151, -73, 13097, 464, , 28226, 25000, 28172, 28299, 0, 
461, 1, 161, 309, -1, 265, 293, 11.3, 23, ABarapappaa, 194, 27149, 16072, 592, , 27149, 25000, 28348, 28371, 0, 
462, 1, 447, 250, -1, 183, 212, 16.0, 21, Nuc232_16_181_214, 396, 27536, 10574, 384, , 27536, 25000, 28699, 28629, 0, 
463, 1, 340, 490, -1, 289, 147, 17.8, 22, Nuc232_18_279_141, 151, 28171, 13973, 496, , 28171, 25000, 28485, 28665, 0, 
464, 1, 324, 239, -1, 512, 208, 14.5, 24, ABprpappppp, 170, 27829, 21373, 768, , 27829, 25000, 28355, 28604, 0, 
465, 1, 23, 226, -1, 579, 288, 11.5, 27, Cpppapa, 258, 28834, 25835, 896, , 28834, 25000, 29444, 29462, 0, 
466, 1, 468, 407, -1, 193, 220, 20.3, 22, ABalaaapalr, 201, 27492, 14406, 524, , 27492, 25000, 29329, 28859, 0, 
467, 1, 211, 89, -1, 225, 234, 25.0, 22, ABalpppappp, 155, 27674, 10627, 384, , 27674, 25000, 29003, 29049, 0, 
468, 1, 485, 502, -1, 440, 242, 11.1, 22, ABprppapppa, 186, 27468, 12745, 464, , 27468, 25000, 28227, 28329, 0, 
469, 1, 9, 124, -1, 577, 279, 23.3, 29, Capppaa, 292, 28447, 30381, 1068, , 28447, 25000, 29206, 29206, 0, 
470, 1, 503, 500, -1, 239, 365, 14.3, 23, MSppppap, 192, 27139, 16066, 592, , 27139, 25000, 27802, 28141, 0, 
471, 1, 480, 377, -1, 231, 374, 18.0, 22, MSpppppa, 166, 27469, 10548, 384, , 27469, 25000, 28531, 28614, 0, 
472, 1, 218, 305, -1, 179, 176, 16.1, 22, ABalaaaalpp, 97, 27599, 12806, 464, , 27599, 25000, 28543, 28718, 0, 
473, 1, 255, 497, -1, 376, 153, 19.1, 23, Nuc233_18_371_145, -41, 29911, 14836, 496, , 29911, 25000, 28658, 28499, 0, 
474, 1, 478, 491, -1, 497, 135, 20.2, 23, ABplapppaaa, 193, 28639, 15465, 540, , 28639, 25000, 28977, 29277, 0, 
475, 1, 474, 481, -1, 131, 258, 17.1, 22, ABarpaaapaa, 161, 28442, 13197, 464, , 28442, 25000, 27619, 27719, 0, 
476, 1, 10, 38, -1, 335, 237, 18.3, 25, ABaraapappp, 115, 28516, 21786, 764, , 28516, 25000, 28491, 28817, 0, 
477, 1, 122, 67, -1, 186, 263, 24.2, 22, ABplaaaaappp, -48, 28478, 14125, 496, , 28478, 25000, 27985, 27826, 0, 
478, 1, 477, 449, -1, 194, 320, 11.4, 21, Nuc233_11_192_311, -135, 28059, 14703, 524, , 28059, 25000, 29773, 29600, 0, 
479, 1, 92, 339, -1, 355, 197, 24.6, 22, ABplapaaapa, -91, 29021, 16600, 572, , 29021, 25000, 28580, 28626, 0, 
480, 1, 392, 66, -1, 279, 354, 24.1, 23, MSappppp, -42, 29605, 14684, 496, , 29605, 25000, 29547, 29547, 0, 
481, 1, 461, 72, -1, 195, 163, 14.7, 21, ABalppapaap, 302, 27958, 13196, 472, , 27958, 25000, 28901, 28836, 0, 
482, 1, 500, 503, -1, 315, 256, 8.3, 24, Dpapa, -12, 27690, 19494, 704, , 27690, 25000, 29905, 30138, 0, 
483, 1, 521, 476, -1, 224, 170, 18.0, 24, Nuc233_17_217_169, 209, 28378, 17254, 608, , 28378, 25000, 29048, 29286, 0, 
484, 1, 235, 414, -1, 342, 309, 9.6, 22, MSpapaapa, 62, 28897, 16529, 572, , 28897, 25000, 28829, 28912, 0, 
485, 1, 463, 486, -1, 202, 200, 18.0, 22, ABalaaaalal, 336, 29648, 11385, 384, , 29648, 25000, 29231, 29167, 0, 
486, 1, 26, 395, -1, 223, 196, 5.7, 25, ABprpaapapp, 118, 46688, 35670, 764, , 46688, 25000, 41225, 41421, 0, 
487, 1, 459, 518, -1, 116, 234, 18.7, 25, ABarpaaaaar, 198, 29370, 22439, 764, , 29370, 25000, 27703, 27574, 0, 
488, 1, 381, 240, -1, 230, 236, 7.3, 22, ABprpaaappa, -280, 28548, 14959, 524, , 28548, 25000, 32149, 31776, 0, 
489, 1, 512, 159, -1, 405, 371, 23.4, 32, Dappaap, 226, 29980, 44491, 1484, , 29980, 25000, 28472, 28488, 0, 
490, 1, 523, 52, -1, 297, 196, 9.4, 22, ABprpapaaaa, 76, 27572, 15771, 572, , 27572, 25000, 29641, 29989, 0, 
491, 0, 479, -1, -1, 467, 283, 11.3, 22, , 91, -112, 15031, 524, , 28685, 25000, 28565, 28797, 0, 
492, 1, 197, 379, -1, 182, 144, 18.0, 23, ABalppaaapa, 213, 27057, 13853, 512, , 27057, 25000, 27361, 26939, 0, 
493, 1, 372, 227, -1, 144, 215, 16.2, 22, ABalaaaparr, 229, 27671, 13725, 496, , 27671, 25000, 28346, 28039, 0, 
494, 1, 502, 333, -1, 449, 248, 19.2, 22, MSaappppp, 163, 27220, 13501, 496, , 27220, 25000, 27834, 27804, 0, 
495, 1, 409, 372, 532, 138, 196, 17.0, 21, ABalaaaarla, 289, 26927, 10340, 384, , 26927, 25000, 27328, 27460, 0, 
496, 1, 471, 524, -1, 212, 320, 19.0, 22, MSaaaaapaa, 73, 27224, 10454, 384, , 27224, 25000, 27404, 27397, 0, 
497, 1, 496, 146, -1, 219, 305, 17.4, 24, ABaraappaap, 335, 28294, 19806, 700, , 28294, 25000, 27844, 27582, 0, 
498, 1, 439, 286, -1, 300, 326, 20.0, 22, MSaaaapap, 369, 27268, 10471, 384, , 27268, 25000, 28224, 28281, 0, 
499, 1, 396, 457, -1, 207, 238, 15.4, 25, ABaraaaapaa, 275, 28052, 23339, 832, , 28052, 25000, 28579, 28539, 0, 
500, 1, 520, 16, -1, 169, 242, 16.1, 23, ABalaaaarrp, 122, 27448, 13614, 496, , 27448, 25000, 28360, 28191, 0, 
501, 1, 511, 517, -1, 331, 184, 11.9, 20, Nuc233_12_331_178, 351, 29323, 9266, 316, , 29323, 25000, 29635, 29408, 0, 
502, 1, 280, 174, -1, 233, 282, 13.8, 22, ABaraaaaapp, 400, 27355, 13568, 496, , 27355, 25000, 28085, 28046, 0, 
503, 1, 367, 466, -1, 161, 226, 10.6, 22, ABalaapaapa, -215, 26962, 15422, 572, , 26962, 25000, 28690, 28780, 0, 
504, 1, 453, 172, -1, 353, 356, 18.9, 22, MSpaaapap, 400, 27797, 12898, 464, , 27797, 25000, 28581, 28816, 0, 
505, 1, 522, 512, -1, 276, 205, 22.5, 22, ABalppppaad, 81, 27191, 13922, 512, , 27191, 25000, 28386, 28637, 0, 
506, 1, 88, 519, -1, 259, 170, 11.9, 21, ABprpappaaa, 199, 26193, 9115, 348, , 26193, 25000, 28145, 27859, 0, 
507, 1, 514, 140, -1, 167, 257, 10.0, 22, ABalaappppp, -39, 27422, 10530, 384, , 27422, 25000, 29379, 29367, 0, 
508, 1, 526, 147, -1, 388, 341, 23.6, 32, Dappaaa, 322, 27876, 41368, 1484, , 27876, 25000, 28623, 28570, 0, 
509, 1, 515, 316, -1, 243, 161, 16.9, 22, ABalppaappp, -85, 28175, 13073, 464, , 28175, 25000, 27846, 28104, 0, 
510, 1, 516, 320, -1, 176, 322, 16.3, 22, ABarpapaapp, 929, 27635, 14481, 524, , 27635, 25000, 27793, 27883, 0, 
511, 1, 442, 375, -1, 396, 325, 15.7, 22, Nuc233_15_386_313pp, 160, 29828, 15630, 524, , 29828, 25000, 28721, 28632, 0, 
512, 1, 395, 429, -1, 337, 246, 22.3, 26, ABarppapaaa, 261, 30402, 26024, 856, , 30402, 25000, 27575, 27580, 0, 
513, 1, 517, 434, -1, 158, 310, 13.4, 27, ABalappapapa, 191, 26793, 26471, 988, , 26793, 25000, 28498, 28448, 0, 
514, 1, 180, 480, -1, 350, 363, 23.7, 28, Cpaaaa, 271, 27653, 29423, 1064, , 27653, 25000, 29287, 29274, 0, 
515, 0, 349, -1, -1, 314, 203, 14.0, 21, , 70, 3921, 12635, 384, , 32904, 25000, 28954, 28983, 0, 
516, 1, 527, 508, -1, 340, 220, 8.9, 21, ABprpapappa, 96, 28394, 9881, 348, , 28394, 25000, 29542, 29539, 0, 
517, 1, 518, 509, -1, 354, 357, 15.8, 26, MSpaapapp, 183, 27387, 21800, 796, , 27387, 25000, 28438, 28482, 0, 
518, 1, 386, 525, -1, 242, 157, 12.4, 22, ABplaappaa, -321, 27535, 15750, 572, , 27535, 25000, 28037, 28213, 0, 
519, 1, 519, 527, -1, 232, 231, 17.9, 21, ABaraaaaaaa, 162, 27842, 9689, 348, , 27842, 25000, 28031, 28161, 0, 
520, 1, 513, 514, -1, 322, 377, 13.2, 22, Dpaap, 160, 27454, 13617, 496, , 27454, 25000, 28639, 28500, 0, 
521, 0, 251, -1, -1, 192, 240, 7.4, 21, , 136, -1332, 15668, 524, , 29901, 25000, 32196, 31233, 0, 
522, 1, 202, 516, -1, 273, 217, 15.0, 21, Nuc233_14_264_225, 159, 28594, 10980, 384, , 28594, 25000, 28860, 28768, 0, 
523, 0, 524, -1, -1, 202, 172, 23.8, 22, , 791, 2833, 15654, 496, , 31560, 25000, 28651, 28727, 0, 
524, 1, 525, 338, -1, 281, 205, 12.2, 21, ABprpapppaa, 142, 28030, 11997, 428, , 28030, 25000, 28440, 28515, 0, 
525, 1, 467, 529, -1, 180, 247, 13.033333, 20, ABalaapaaar, 149, 28051, 8864, 316, , 28051, 25000, 28056, 28095, 0, 
526, 1, 403, 531, -1, 120, 212, 17.95, 23, ABplaapaaaa, 189, 28254, 13110, 464, , 28254, 25000, 27411, 27454, 0, 
527, 1, 434, 530, -1, 192, 152, 21.3, 24, ABalpppaapv, 205, 28122, 19798, 704, , 28122, 25000, 28223, 28090, 0, 
528, 1, 528, 521, -1, 204, 225, 9.5, 22, ABarappppap, 153, 28904, 14799, 512, , 28904, 25000, 29401, 29598, 0, 
529, 1, 530, 507, -1, 297, 173, 18.0, 22, MSappapp, 153, 29240, 11228, 384, , 29240, 25000, 28557, 28536, 0, 
530, 1, 531, 533, -1, 292, 281, 22.0, 22, MSaaapaap, 136, 29536, 11342, 384, , 29536, 25000, 28817, 29046, 0, 
531, 1, 532, 534, -1, 343, 322, 22.0, 20, MSaaapapa, 156, 28446, 8989, 316, , 28446, 25000, 28735, 28891, 0, 
532, 1, 533, 535, -1, 350, 293, 22.0, 24, MSaapappa, 160, 26694, 16230, 608, , 26694, 25000, 29058, 28975, 0, 
533, 1, 534, 536, -1, 355, 254, 21.0, 24, MSaapaapa, 158, 30294, 18419, 608, , 30294, 25000, 29627, 29723, 0, 
534, 1, 543, 537, -1, 412, 236, 19.0, 24, MSaappppa, 54, 27194, 16534, 608, , 27194, 25000, 27989, 28005, 0, 
535, 1, 536, 538, -1, 246, 357, 23.0, 22, MSappaaa, 247, 45279, 17387, 384, , 45279, 25000, 34662, 34662, 0, 
536, 1, 537, 539, -1, 488, 227, 21.0, 24, MSappaap, 207, 28525, 17343, 608, , 28525, 25000, 28117, 28114, 0, 
537, 1, 538, 540, -1, 346, 245, 24.0, 24, MSapapaa, -457, 26536, 16134, 608, , 26536, 25000, 29269, 28950, 0, 
538, 1, 539, 541, -1, 282, 289, 9.0, 24, MSppppaa, 578, 29503, 17938, 608, , 29503, 25000, 28523, 28513, 0, 
539, 1, 540, 542, -1, 496, 304, 9.0, 25, MSpppaap, 136, 27822, 21256, 764, , 27822, 25000, 28763, 28813, 0, 
540, 1, 541, 543, -1, 154, 313, 19.0, 22, ABalapppapp, -98, 29115, 11180, 384, , 29115, 25000, 28056, 27731, 0, 
541, 1, 542, 120, -1, 247, 246, 11.0, 23, MSppaaaa, 328, 26438, 13536, 512, , 26438, 25000, 27620, 27614, 0, 
542, 1, 535, 544, -1, 387, 228, 18.0, 22, MSaapppap, 54, 29443, 11306, 384, , 29443, 25000, 29735, 28756, 0, 
543, 1, 544, 545, -1, 320, 300, 8.0, 24, Dpaaa, 213, 28951, 17602, 608, , 28951, 25000, 30189, 30321, 0, 
544, 1, 545, 546, -1, 343, 195, 14.0, 25, ABplpappaap, 260, 26626, 20342, 764, , 26626, 25000, 28940, 29327, 0, 
545, 1, 546, 547, -1, 225, 251, 14.0, 21, ABaraaaaapa, 171, 28953, 11118, 384, , 28953, 25000, 27983, 28194, 0, 
546, 1, 547, 548, -1, 146, 273, 13.0, 24, ABalappappa, 114, 28112, 17092, 608, , 28112, 25000, 29561, 29654, 0, 
547, 1, 549, 88, -1, 144, 225, 13.099999, 28, ABalaaapplr, 204, 28429, 30931, 1088, , 28429, 25000, 27754, 27619, 0, 
548, 1, 550, 549, -1, 168, 273, 16.0, 22, ABalappppaa, 122, 27221, 10453, 384, , 27221, 25000, 27581, 27617, 0, 
549, 1, 551, 550, -1, 172, 242, 20.0, 24, ABalapappaa, -6, 27184, 16528, 608, , 27184, 25000, 28134, 28618, 0, 
550, 1, 552, 551, -1, 178, 158, 19.0, 22, ABalaaapall, 176, 28333, 10880, 384, , 28333, 25000, 27963, 28007, 0, 
551, 1, 553, 552, -1, 217, 188, 22.0, 22, ABalapaappa, 156, 25880, 9938, 384, , 25880, 25000, 28039, 28038, 0, 
