1, 1, 145, 284, -1, 249, 310, 8.0, 23, ABpraaappap, 218, 28742, 14716, 512, , 28742, 25000, 29967, 29903, 0, 
2, 1, 77, 291, -1, 537, 199, 17.6, 33, Eplpp, 335, 28907, 47407, 1640, , 28907, 25000, 29520, 29558, 0, 
3, 1, 21, 460, -1, 291, 299, 12.3, 23, ABarapaappp, 155, 28003, 16578, 592, , 28003, 25000, 28661, 28622, 0, 
4, 1, 420, 157, -1, 263, 251, 13.9, 24, ABarapaaapa, 192, 27477, 16596, 604, , 27477, 25000, 28640, 28648, 0, 
5, 1, 207, 331, -1, 243, 257, 13.7, 24, ABarapaaaaa, 215, 27875, 19624, 704, , 27875, 25000, 28064, 28091, 0, 
6, 1, 429, 483, -1, 552, 154, 9.0, 26, ABprappppp, 244, 28032, 23883, 852, , 28032, 25000, 28302, 28303, 0, 
7, 1, 199, -1, -1, 383, 163, 13.0, 24, Nuc234_13_384_161, 147, 28645, 17416, 608, , 28645, 25000, 27168, 27179, 0, 
8, 1, 248, 440, -1, 372, 226, 20.5, 22, Daaaa, 172, 27396, 14027, 512, , 27396, 25000, 29166, 29095, 0, 
9, 1, 160, 310, -1, 211, 187, 15.9, 26, ABalpapaaaa, -35, 28288, 22630, 800, , 28288, 25000, 28678, 28516, 0, 
10, 1, 27, 3, -1, 459, 162, 16.9, 23, Capappa, 194, 27766, 13772, 496, , 27766, 25000, 28847, 28880, 0, 
11, 1, 421, 432, -1, 302, 261, 20.1, 22, ABalpaaappp, 214, 29334, 13611, 464, , 29334, 25000, 29478, 29451, 0, 
12, 1, 209, 110, -1, 406, 230, 9.5, 23, ABprpaaaappa, 162, 28432, 17969, 632, , 28432, 25000, 29264, 29075, 0, 
13, 1, 67, 198, -1, 213, 268, 19.9, 24, ABaraapaaaa, 216, 26849, 16217, 604, , 26849, 25000, 28064, 28133, 0, 
14, 1, 442, 343, -1, 123, 228, 15.6, 26, ABpraapaaaa, 254, 27273, 22691, 832, , 27273, 25000, 28461, 28711, 0, 
15, 1, 428, 313, -1, 279, 131, 15.0, 24, ABplpaapppp, 234, 28837, 17533, 608, , 28837, 25000, 28267, 28373, 0, 
16, 1, 500, 117, -1, 170, 243, 16.2, 24, ABalaaaarrp, 207, 29227, 19173, 656, , 29227, 25000, 28244, 28443, 0, 
17, 1, 58, 217, -1, 546, 208, 22.6, 26, Cappapa, 248, 27954, 23258, 832, , 27954, 25000, 29902, 30004, 0, 
18, 1, 349, 262, -1, 281, 236, 24.5, 23, ABplaapappa, 227, 28652, 18108, 632, , 28652, 25000, 28442, 28372, 0, 
19, 0, 147, -1, -1, 83, 262, 15.9, 24, , 215, 1391, 17128, 604, , 28358, 25000, 26967, 26967, 0, 
20, 1, 28, 160, -1, 247, 300, 13.0, 24, ABarapaapaa, 201, 27230, 16556, 608, , 27230, 25000, 28789, 28823, 0, 
21, 1, 17, 326, -1, 155, 281, 10.1, 23, ABpraapaapa, -99, 27641, 13710, 496, , 27641, 25000, 29155, 29641, 0, 
22, 1, 270, 125, -1, 431, 173, 14.8, 24, ABplpppaaaa, 2, 28997, 19022, 656, , 28997, 25000, 28002, 28098, 0, 
23, 1, 82, 220, -1, 474, 137, 16.0, 24, ABplpppapaa, 201, 28324, 17221, 608, , 28324, 25000, 28988, 28870, 0, 
24, 1, 118, 322, -1, 274, 389, 17.3, 26, MSpppppp, 657, 26829, 22966, 856, , 26829, 25000, 29194, 29172, 0, 
25, 1, 111, 278, -1, 200, 318, 8.8, 22, Nuc235_9_204_319, 180, 29313, 14539, 496, , 29313, 25000, 29143, 29158, 0, 
26, 1, 385, 71, -1, 277, 175, 12.6, 27, ABalpapapaa, 229, 28374, 28034, 988, , 28374, 25000, 28177, 28262, 0, 
27, 1, 283, 142, -1, 248, 246, 21.7, 24, ABalpaaapaa, 197, 27233, 19172, 704, , 27233, 25000, 28750, 28703, 0, 
28, 1, 50, 519, -1, 334, 352, 14.6, 24, MSpaapapa, 207, 27551, 19286, 700, , 27551, 25000, 28199, 28566, 0, 
29, 1, 124, 231, -1, 190, 236, 11.0, 23, ABarapppaaa, 229, 28369, 14525, 512, , 28369, 25000, 28129, 28220, 0, 
30, 1, 129, 263, -1, 265, 151, 17.4, 25, ABplpaaappp, 227, 28181, 23447, 832, , 28181, 25000, 28428, 28354, 0, 
31, 1, 251, 370, -1, 315, 331, 6.9, 24, ABprapaaapa, 28, 31475, 19011, 604, , 31475, 25000, 33476, 33513, 0, 
32, 1, 60, 158, -1, 294, 143, 20.8, 24, ABplpaaaaap, 228, 28252, 18533, 656, , 28252, 25000, 29528, 29681, 0, 
33, 1, 94, 151, -1, 319, 271, 22.2, 24, ABaraapapaa, 78, 30611, 20081, 656, , 30611, 25000, 28580, 28585, 0, 
34, 1, 151, 121, -1, 442, 237, 23.5, 25, ABplappaap, 251, 27553, 21161, 768, , 27553, 25000, 29077, 29101, 0, 
35, 1, 446, 65, -1, 507, 258, 5.4, 24, ABprapapap, 247, 40533, 28373, 700, , 40533, 25000, 38417, 38457, 0, 
36, 1, 239, 24, -1, 322, 229, 16.3, 22, MSaapaaaa, 182, 28826, 15105, 524, , 28826, 25000, 28538, 28470, 0, 
37, 1, 104, 229, -1, 254, 324, 12.7, 25, ABarapaappa, 247, 27725, 21182, 764, , 27725, 25000, 28959, 29146, 0, 
38, 1, 476, 197, -1, 334, 240, 18.7, 27, ABaraapappp, 116, 29113, 26900, 924, , 29113, 25000, 28984, 28886, 0, 
39, 1, 242, 274, -1, 282, 339, 8.6, 24, ABpraapapap, 222, 28751, 20126, 700, , 28751, 25000, 28972, 29164, 0, 
40, 1, 195, 107, -1, 481, 207, 10.1, 22, ABplpapppap, 199, 28024, 13003, 464, , 28024, 25000, 30068, 30348, 0, 
41, 1, 338, 478, -1, 294, 270, 13.8, 23, ABarapapppp, 116, 28446, 15361, 540, , 28446, 25000, 28390, 28397, 0, 
42, 1, 52, 95, -1, 209, 293, 10.0, 22, ABprpaapaaa, 202, 28643, 10999, 384, , 28643, 25000, 29559, 29593, 0, 
43, 1, 125, 465, -1, 271, 274, 5.1, 23, ABprpaapaap, 178, 39157, 19422, 496, , 39157, 25000, 36853, 36547, 0, 
44, 1, 374, 16, -1, 186, 302, 23.5, 28, MSapappp, 276, 29060, 31385, 1080, , 29060, 25000, 28720, 28858, 0, 
45, 1, 259, 164, -1, 447, 193, 16.8, 23, ABplpppaaap, 206, 27567, 14886, 540, , 27567, 25000, 29214, 29210, 0, 
46, 1, 179, 439, -1, 483, 370, 22.9, 29, Dapppp, 290, 28915, 34929, 1208, , 28915, 25000, 29651, 29651, 0, 
47, 1, 233, 305, -1, 188, 284, 18.1, 25, MSaaaaaa, 250, 27967, 19241, 688, , 27967, 25000, 28405, 28382, 0, 
48, 1, 30, 300, -1, 283, 331, 13.3, 22, ABaraaapapp, 193, 26698, 13990, 524, , 26698, 25000, 28489, 28281, 0, 
49, 1, 81, 12, -1, 553, 239, 18.4, 31, Eplpa, 315, 28170, 37523, 1332, , 28170, 25000, 30048, 30066, 0, 
50, 0, 3, -1, -1, 174, 276, 12.0, 22, , 191, 952, 11086, 384, , 28870, 25000, 27981, 27918, 0, 
51, 1, 315, 357, -1, 383, 301, 12.3, 23, MSpapappp, 215, 32100, 19003, 592, , 32100, 25000, 30974, 30827, 0, 
52, 1, 490, 26, -1, 294, 193, 9.5, 23, ABprpapaaaa, 208, 27840, 17595, 632, , 27840, 25000, 28686, 28726, 0, 
53, 0, 292, -1, -1, 514, 111, 18.6, 22, , 206, 938, 16699, 572, , 29194, 25000, 28395, 28256, 0, 
54, 1, 434, 479, -1, 143, 263, 7.5, 30, ABprpaapapa, 296, 30010, 36972, 1232, , 30010, 25000, 32844, 33235, 0, 
55, 1, 340, 10, -1, 439, 230, 16.4, 25, ABplppapapp, 217, 29947, 24916, 832, , 29947, 25000, 28219, 28333, 0, 
56, 1, 235, 34, -1, 178, 188, 22.8, 23, ABplaapaapa, 202, 29639, 16005, 540, , 29639, 25000, 28601, 28648, 0, 
57, 1, 444, 18, -1, 191, 153, 21.0, 23, Nuc232_19_207_150, 230, 29398, 15052, 512, , 29398, 25000, 28673, 28514, 0, 
58, 1, 212, 338, -1, 368, 403, 15.6, 26, Dpppap, 201, 27121, 22565, 832, , 27121, 25000, 28204, 27999, 0, 
59, 1, 203, 382, -1, 246, 192, 7.9, 22, ABprpaapppp, 181, 27903, 12947, 464, , 27903, 25000, 28894, 29188, 0, 
60, 1, 14, 58, -1, 229, 287, 21.9, 30, ABaraapaapa, 45, 28192, 38229, 1356, , 28192, 25000, 28021, 28081, 0, 
61, 1, 177, 426, -1, 288, 315, 8.3, 24, ABpraapapaa, -2, 29680, 20895, 704, , 29680, 25000, 29020, 28952, 0, 
62, 1, 455, 191, -1, 202, 322, 14.4, 27, MSppaaap, 479, 27149, 26823, 988, , 27149, 25000, 27554, 27731, 0, 
63, 1, 119, 487, -1, 212, 193, 13.5, 25, ABalpapaapa, 240, 28154, 21622, 768, , 28154, 25000, 28978, 29161, 0, 
64, 1, 261, 443, -1, 187, 352, 23.5, 28, ABarpaapap, 273, 27310, 29495, 1080, , 27310, 25000, 28519, 28519, 0, 
65, 1, 89, 8, -1, 517, 135, 8.5, 23, Nuc233_8_515_139, -73, 33036, 20879, 632, , 33036, 25000, 30148, 30149, 0, 
66, 1, 480, 503, -1, 280, 356, 24.5, 25, MSappppp, 211, 28919, 22210, 768, , 28919, 25000, 28987, 28987, 0, 
67, 1, 477, 391, -1, 184, 263, 24.1, 22, ABplaaaaappp, 216, 28164, 13068, 464, , 28164, 25000, 28362, 28433, 0, 
68, 1, 227, 296, -1, 302, 234, 19.1, 24, Nuc234_19_299_240, 226, 29651, 17909, 604, , 29651, 25000, 27897, 27880, 0, 
69, 1, 100, 215, -1, 138, 313, 23.2, 25, ABplaaaapp, -127, 29308, 20633, 704, , 29308, 25000, 28276, 28334, 0, 
70, 1, 85, 316, -1, 508, 137, 16.5, 23, ABplapppapp, 219, 27147, 17157, 632, , 27147, 25000, 28761, 28889, 0, 
71, 1, 388, 352, -1, 178, 303, 8.5, 25, ABpraapaapp, 157, 28089, 21572, 768, , 28089, 25000, 29597, 29601, 0, 
72, 1, 481, 4, -1, 192, 164, 14.4, 23, ABalppapaap, 307, 28217, 18059, 640, , 28217, 25000, 28757, 29243, 0, 
73, 1, 387, 428, -1, 566, 137, 12.2, 22, Caappv, 201, 25778, 12786, 496, , 25778, 25000, 27343, 27353, 0, 
74, 1, 36, 162, -1, 526, 114, 16.5, 27, ABplappppp, 236, 29069, 26046, 896, , 29069, 25000, 28030, 28092, 0, 
75, 1, 123, 46, -1, 207, 251, 7.2, 22, ABprpaaaaaa, 194, 30522, 15139, 496, , 30522, 25000, 33274, 33882, 0, 
76, 1, 1, 335, -1, 357, 202, 7.2, 25, ABarappappp, 213, 29648, 20872, 704, , 29648, 25000, 32644, 32995, 0, 
77, 1, 454, 66, -1, 344, 260, 11.5, 22, MSpapaaap, 184, 29791, 15253, 512, , 29791, 25000, 30008, 29671, 0, 
78, 1, 12, 29, -1, 460, 132, 20.1, 26, ABplapappa, 259, 27648, 22118, 800, , 27648, 25000, 28256, 28202, 0, 
79, 0, 8, -1, -1, 341, 129, 11.9, 23, , -49, -733, 13427, 496, , 27071, 25000, 27875, 27804, 0, 
80, 1, 285, 202, -1, 480, 181, 15.6, 23, ABplppppaaa, 217, 29575, 18928, 640, , 29575, 25000, 29142, 29158, 0, 
81, 1, 333, 388, -1, 227, 273, 5.5, 25, ABpraaaapav, 367, 41315, 31730, 768, , 41315, 25000, 37761, 38356, 0, 
82, 1, 381, 246, -1, 471, 180, 7.6, 24, ABprppppapa, 209, 28836, 20185, 700, , 28836, 25000, 30656, 31017, 0, 
83, 1, 424, 452, -1, 295, 146, 15.0, 22, ABplpapaapp, 188, 26974, 10358, 384, , 26974, 25000, 29394, 29214, 0, 
84, 1, 297, 400, -1, 486, 175, 9.5, 24, ABprppppapp, 230, 28796, 22115, 768, , 28796, 25000, 28617, 28668, 0, 
85, 1, 51, 332, -1, 285, 356, 14.7, 24, ABaraappapp, -16, 28467, 20041, 704, , 28467, 25000, 28663, 28774, 0, 
86, 1, 225, 376, -1, 345, 270, 17.2, 22, MSaapapap, 169, 41871, 20768, 496, , 41871, 25000, 33200, 33318, 0, 
87, 1, 101, 156, -1, 194, 162, 8.9, 22, ABpraappaa, 204, 29278, 13585, 464, , 29278, 25000, 28023, 27973, 0, 
88, 1, 547, 417, -1, 146, 226, 13.2, 29, ABalaaapplr, 284, 29301, 32583, 1112, , 29301, 25000, 28141, 28168, 0, 
89, 1, 467, 111, -1, 226, 233, 25.3, 22, ABalpppappp, 216, 30412, 15936, 524, , 30412, 25000, 28055, 28121, 0, 
90, 1, 112, 81, -1, 296, 372, 20.9, 22, MSaaaapaa, 248, 27474, 12748, 464, , 27474, 25000, 28837, 28823, 0, 
91, 1, 29, 97, -1, 389, 334, 20.3, 27, Ealaad, 244, 28100, 25964, 924, , 28100, 25000, 28328, 28436, 0, 
92, 1, 31, 141, -1, 330, 250, 14.3, 24, ABarapapppa, 141, 29094, 20482, 704, , 29094, 25000, 28437, 28541, 0, 
93, 1, 326, 341, -1, 371, 197, 12.4, 25, ABplppaappa, 464, 28258, 23511, 832, , 28258, 25000, 28668, 28694, 0, 
94, 1, 358, 329, -1, 430, 213, 13.3, 23, ABplppaappp, 188, 28549, 16901, 592, , 28549, 25000, 28047, 28217, 0, 
95, 1, 38, 118, -1, 294, 262, 5.3, 25, ABprppaaaap, 214, 35677, 27257, 764, , 35677, 25000, 36035, 35744, 0, 
96, 1, 72, 9, -1, 281, 230, 20.9, 23, ABalpapppaa, 225, 28159, 13967, 496, , 28159, 25000, 27987, 27622, 0, 
97, 1, 102, 277, -1, 363, 235, 10.1, 22, ABprpapppap, 179, 27890, 12941, 464, , 27890, 25000, 28719, 28820, 0, 
98, 1, 175, 204, -1, 518, 193, 7.6, 24, ABprpppaapp, 222, 29923, 20946, 700, , 29923, 25000, 31952, 32351, 0, 
99, 1, 83, 286, -1, 290, 345, 17.9, 22, Nuc232_18_293_339, 203, 32019, 14857, 464, , 32019, 25000, 28631, 28632, 0, 
100, 1, 86, 403, -1, 365, 285, 25.1, 32, ABarppaapp, 242, 28058, 44219, 1576, , 28058, 25000, 28611, 28668, 0, 
101, 1, 155, 93, -1, 342, 329, 12.5, 24, MSpapappa, 197, 29669, 22786, 768, , 29669, 25000, 29475, 29473, 0, 
102, 0, 41, -1, -1, 328, 156, 6.9, 23, , 205, -2601, 16356, 496, , 32976, 25000, 34654, 35577, 0, 
103, 1, 222, 453, -1, 526, 333, 24.3, 28, Cappaap, -537, 27535, 29297, 1064, , 27535, 25000, 28461, 28541, 0, 
104, 1, 26, 130, -1, 218, 325, 16.6, 24, ABaraappapa, 392, 27264, 19085, 700, , 27264, 25000, 28273, 27935, 0, 
105, 1, 56, 172, -1, 254, 230, 7.2, 22, ABprpaaappp, 180, 31169, 15460, 496, , 31169, 25000, 33068, 33060, 0, 
106, 1, 221, 104, -1, 372, 272, 10.9, 22, MSpapapap, 192, 52047, 24150, 464, , 52047, 25000, 33360, 32283, 0, 
107, 1, 131, 68, -1, 321, 294, 12.0, 24, ABaraappppp, 194, 29423, 17889, 608, , 29423, 25000, 28916, 28775, 0, 
108, 1, 257, 402, -1, 593, 200, 10.1, 27, Caappd, 269, 28580, 25951, 908, , 28580, 25000, 28085, 28179, 0, 
109, 1, 320, 50, -1, 255, 221, 14.8, 27, Nuc233_14_250_214, 210, 30097, 26124, 868, , 30097, 25000, 28923, 28854, 0, 
110, 1, 232, 187, -1, 310, 129, 15.8, 23, ABplpaapppa, 194, 30200, 16308, 540, , 30200, 25000, 28319, 28532, 0, 
111, 1, 405, 146, -1, 333, 246, 20.7, 25, ABaraapappa, 214, 28496, 21771, 764, , 28496, 25000, 29739, 29259, 0, 
112, 1, 354, 429, -1, 477, 172, 19.8, 26, Capappp, 2, 27204, 21654, 796, , 27204, 25000, 28804, 28835, 0, 
113, 1, 415, 321, -1, 324, 160, 15.2, 22, ABplpapapap, 214, 27627, 13703, 496, , 27627, 25000, 28232, 28422, 0, 
114, 1, 42, 238, -1, 253, 279, 6.7, 22, ABprpaaaaap, 173, 33239, 17417, 524, , 33239, 25000, 34232, 33465, 0, 
115, 1, 198, 336, -1, 314, 370, 18.8, 23, MSpaaappp, 61, 28157, 15205, 540, , 28157, 25000, 29085, 29139, 0, 
116, 1, 247, 250, -1, 541, 251, 23.6, 30, Capapap, 99, 29212, 33769, 1156, , 29212, 25000, 29002, 29008, 0, 
117, 1, 152, 325, -1, 371, 364, 19.4, 25, MSaaappp, 127, 28174, 23441, 832, , 28174, 25000, 27996, 28133, 0, 
118, 1, 206, 63, -1, 503, 385, 13.6, 25, Cpppaap, 368, 28165, 23433, 832, , 28165, 25000, 28657, 28587, 0, 
119, 1, 245, 234, -1, 583, 332, 15.1, 28, Cppppaa, 268, 27394, 29805, 1088, , 27394, 25000, 28365, 28365, 0, 
120, 1, 541, 306, -1, 251, 248, 10.4, 22, MSppaaaa, 132, 26970, 15427, 572, , 26970, 25000, 28387, 28381, 0, 
121, 1, 269, 73, -1, 496, 153, 18.1, 23, ABplpppaapa, 223, 28327, 14050, 496, , 28327, 25000, 28327, 28435, 0, 
122, 1, 318, 129, -1, 426, 240, 14.3, 22, ABplppapppa, 108, 27857, 14597, 524, , 27857, 25000, 28010, 27842, 0, 
123, 1, 39, 82, -1, 215, 253, 16.5, 22, ABalpaappaaa, 196, 27051, 13850, 512, , 27051, 25000, 27734, 27382, 0, 
124, 1, 469, 177, -1, 574, 276, 23.2, 28, Capppaa, 147, 28680, 30171, 1052, , 28680, 25000, 29082, 29116, 0, 
125, 1, 185, 299, -1, 219, 320, 24.9, 24, MSaaapaaa, 247, 28654, 17307, 604, , 28654, 25000, 29038, 29050, 0, 
126, 1, 457, 242, -1, 473, 172, 22.6, 27, ABplapapap, 248, 27498, 27168, 988, , 27498, 25000, 28373, 28328, 0, 
127, 1, 116, 203, -1, 463, 204, 23.0, 27, ABplappapp, -76, 28289, 29194, 1032, , 28289, 25000, 28629, 28638, 0, 
128, 1, 54, 194, -1, 180, 210, 7.3, 25, ABpraaaaaap, 211, 29310, 22393, 764, , 29310, 25000, 31870, 31672, 0, 
129, 1, 438, 114, -1, 278, 366, 18.4, 23, MSpaaappa, 202, 28175, 18032, 640, , 28175, 25000, 29072, 28996, 0, 
130, 1, 382, 161, -1, 278, 167, 21.6, 23, ABalpppppaa, 204, 28802, 18433, 640, , 28802, 25000, 29023, 29204, 0, 
131, 1, 91, 92, -1, 324, 135, 18.6, 23, ABplppaapap, 287, 28800, 18432, 640, , 28800, 25000, 28914, 28839, 0, 
132, 1, 25, 49, -1, 455, 309, 6.2, 25, ABprappaap, 271, 30962, 21797, 704, , 30962, 25000, 34295, 34297, 0, 
133, 1, 139, 381, -1, 268, 192, 20.7, 24, MSapapap, 214, 28629, 20155, 704, , 28629, 25000, 28448, 28461, 0, 
134, 1, 178, 375, -1, 359, 292, 18.9, 23, MSaapaapp, 174, 29036, 14402, 496, , 29036, 25000, 29087, 28977, 0, 
135, 1, 169, 99, -1, 448, 163, 13.7, 23, ABplppppapa, 208, 27975, 16561, 592, , 27975, 25000, 29119, 29039, 0, 
136, 1, 362, 188, -1, 499, 256, 10.4, 24, ABprpppppaa, 184, 27440, 19208, 700, , 27440, 25000, 28754, 28776, 0, 
137, 1, 303, 408, -1, 326, 218, 11.0, 23, ABprpapapaa, -91, 29324, 15014, 512, , 29324, 25000, 28808, 28855, 0, 
138, 1, 284, 265, -1, 219, 239, 18.7, 23, ABalpaapaaa, -17, 28233, 16714, 592, , 28233, 25000, 27789, 27738, 0, 
139, 1, 397, 100, -1, 392, 196, 21.4, 26, ABplapaapp, 90, 27971, 23272, 832, , 27971, 25000, 28130, 28138, 0, 
140, 1, 507, 492, -1, 166, 257, 10.1, 22, ABalaappppp, 131, 29224, 13560, 464, , 29224, 25000, 28434, 28474, 0, 
141, 1, 350, 43, -1, 161, 327, 10.2, 24, ABarpapppa, 234, 28108, 18439, 656, , 28108, 25000, 27704, 27680, 0, 
142, 1, 11, 79, -1, 283, 352, 21.3, 23, Nuc236_21_281_347, 246, 30642, 18140, 592, , 30642, 25000, 28643, 28788, 0, 
143, 1, 88, 248, -1, 551, 207, 25.5, 34, Cpapap, 338, 28040, 47331, 1688, , 28040, 25000, 29011, 29030, 0, 
144, 1, 80, 373, -1, 412, 230, 21.9, 24, ABplappaaa, 223, 27502, 16611, 604, , 27502, 25000, 28429, 28430, 0, 
145, 1, 407, 144, -1, 506, 158, 23.9, 24, ABarppappp, 371, 28379, 17141, 604, , 28379, 25000, 28819, 28833, 0, 
146, 1, 497, 37, -1, 221, 300, 17.6, 28, ABaraappaap, 280, 27811, 27477, 988, , 27811, 25000, 28077, 28073, 0, 
147, 1, 508, 180, -1, 382, 344, 24.1, 29, Dappaaa, 292, 27847, 33639, 1208, , 27847, 25000, 28803, 28774, 0, 
148, 1, 263, 138, -1, 359, 143, 14.9, 25, ABplapaapa, -50, 27766, 19103, 688, , 27766, 25000, 27640, 27558, 0, 
149, 1, 392, 83, -1, 559, 215, 6.8, 22, ABprapppaap, 222, 32841, 16289, 496, , 32841, 25000, 33701, 33939, 0, 
150, 1, 344, 414, -1, 533, 136, 18.7, 26, ABplapapppp, 261, 26744, 22893, 856, , 26744, 25000, 28327, 28401, 0, 
151, 1, 64, 57, -1, 495, 292, 5.6, 26, ABprappapp, 268, 37375, 31096, 832, , 37375, 25000, 36824, 36894, 0, 
152, 1, 456, 354, -1, 382, 360, 6.5, 26, ABarppppap, 258, 32035, 28703, 896, , 32035, 25000, 35495, 35495, 0, 
153, 1, 63, 268, -1, 263, 343, 10.4, 23, ABpraapappa, 11, 28108, 17989, 640, , 28108, 25000, 29767, 29656, 0, 
154, 1, 384, 30, -1, 254, 274, 11.1, 25, ABarapapaap, 60, 29129, 20041, 688, , 29129, 25000, 28395, 28479, 0, 
155, 1, 368, 320, -1, 217, 135, 13.9, 24, ABalppapapp, 219, 26906, 16251, 604, , 26906, 25000, 28503, 28501, 0, 
156, 1, 174, 427, -1, 461, 205, 7.9, 23, ABprpppaaaa, 242, 27548, 13664, 496, , 27548, 25000, 30212, 30240, 0, 
157, 1, 197, 327, -1, 600, 270, 14.8, 25, Cppppap, 232, 29314, 20637, 704, , 29314, 25000, 29204, 29212, 0, 
158, 1, 59, 389, -1, 333, 172, 8.4, 27, ABprpaaaapa, 217, 29190, 28840, 988, , 29190, 25000, 29627, 29696, 0, 
159, 1, 489, 152, -1, 401, 375, 23.0, 30, Dappaap, 264, 28190, 38000, 1348, , 28190, 25000, 28651, 28606, 0, 
160, 1, 103, 13, -1, 212, 217, 12.2, 28, ABarappaaaa, 28, 29180, 30697, 1052, , 29180, 25000, 28350, 28325, 0, 
161, 1, 158, 67, -1, 116, 305, 18.4, 24, ABarpaapaa, 240, 28431, 19902, 700, , 28431, 25000, 28288, 28310, 0, 
162, 1, 453, 462, -1, 447, 344, 24.5, 28, Cappaaa, 283, 29011, 31332, 1080, , 29011, 25000, 28720, 28720, 0, 
163, 1, 22, 41, -1, 405, 269, 19.1, 26, Ealaav, 235, 29148, 23318, 800, , 29148, 25000, 28863, 28985, 0, 
164, 1, 228, 140, -1, 272, 366, 11.0, 26, ABprapaaaap, 235, 27637, 23547, 852, , 27637, 25000, 28592, 28567, 0, 
165, 0, 161, -1, -1, 246, 158, 8.6, 22, , 20, -279, 16874, 572, , 29500, 25000, 29685, 29779, 0, 
166, 1, 265, 261, -1, 364, 306, 11.3, 26, MSpapaapp, 215, 28773, 24630, 856, , 28773, 25000, 31281, 30096, 0, 
167, 1, 365, 21, -1, 538, 208, 9.1, 25, ABprpppaapa, 219, 26097, 17955, 688, , 26097, 25000, 29087, 29163, 0, 
168, 1, 274, 311, -1, 359, 282, 12.6, 22, MSpapapaa, 190, 58103, 33235, 572, , 58103, 25000, 34775, 34068, 0, 
169, 0, 414, -1, -1, 104, 256, 20.4, 22, , 172, 2420, 17573, 572, , 30722, 25000, 28302, 28302, 0, 
170, 1, 244, 359, -1, 415, 314, 6.2, 27, ABprappaaa, 254, 33941, 29461, 868, , 33941, 25000, 34164, 34511, 0, 
171, 1, 236, 303, -1, 247, 119, 15.6, 28, ABplpaapapp, 202, 28800, 28454, 988, , 28800, 25000, 28455, 28411, 0, 
172, 1, 504, 39, -1, 351, 356, 19.3, 26, MSpaaapap, 101, 27614, 23638, 856, , 27614, 25000, 28666, 28783, 0, 
173, 1, 171, 394, -1, 239, 168, 19.4, 25, ABplpaaaaaa, -1, 27589, 22954, 832, , 27589, 25000, 28050, 28391, 0, 
174, 1, 502, 466, -1, 233, 283, 14.2, 22, ABaraaaaapp, 33, 27379, 13580, 496, , 27379, 25000, 28966, 29597, 0, 
175, 1, 355, 239, -1, 286, 229, 5.0, 22, Nuc234_7_277_240, 205, 41385, 15892, 384, , 41385, 25000, 37240, 36929, 0, 
176, 1, 328, 45, -1, 321, 287, 9.9, 23, ABaraappppa, 208, 27286, 13534, 496, , 27286, 25000, 29586, 29658, 0, 
177, 1, 40, 285, -1, 346, 349, 7.8, 24, ABprapaaapp, 244, 29639, 19443, 656, , 29639, 25000, 29749, 29854, 0, 
178, 1, 369, 134, -1, 279, 212, 17.5, 23, ABalpaaaaap, 403, 28244, 17850, 632, , 28244, 25000, 27906, 28011, 0, 
179, 1, 272, 174, -1, 270, 127, 10.5, 28, ABplaappap, 28, 27794, 30017, 1080, , 27794, 25000, 28230, 28272, 0, 
180, 1, 402, 190, -1, 204, 212, 21.9, 24, ABalapaaaa, 150, 29576, 17864, 604, , 29576, 25000, 28607, 28521, 0, 
181, 1, 23, 436, -1, 510, 309, 24.9, 24, Capapaa, 231, 28361, 17130, 604, , 28361, 25000, 28466, 28509, 0, 
182, 0, 237, -1, -1, 274, 304, 15.0, 25, , 259, -318, 22032, 764, , 28838, 25000, 29179, 29156, 0, 
183, 1, 10, 53, -1, 449, 256, 9.3, 23, ABprppapapp, -19, 29948, 17729, 592, , 29948, 25000, 29580, 29586, 0, 
184, 1, 440, 54, -1, 335, 137, 14.7, 23, ABalpapapppp, 195, 28328, 16770, 592, , 28328, 25000, 27824, 27932, 0, 
185, 1, 393, -1, -1, 253, 251, 26.9, 22, ABarppaaaa, 154, 29002, 13457, 464, , 29002, 25000, 29514, 29259, 0, 
186, 1, 266, 456, -1, 123, 291, 14.8, 23, ABarpaaapap, 187, 28719, 15508, 540, , 28719, 25000, 28160, 28160, 0, 
187, 1, 343, 31, -1, 310, 223, 24.4, 24, ABplaapapap, 259, 27071, 18950, 700, , 27071, 25000, 29241, 29206, 0, 
188, 1, 364, 366, -1, 220, 143, 21.4, 24, ABalpppaaaa, 56, 27939, 19557, 700, , 27939, 25000, 28407, 28703, 0, 
189, 1, 347, 356, -1, 579, 315, 10.2, 26, Caaapp, 260, 27470, 21866, 796, , 27470, 25000, 28006, 28034, 0, 
190, 1, 280, 258, -1, 522, 338, 16.4, 30, Earpp, 294, 28336, 32756, 1156, , 28336, 25000, 29670, 29707, 0, 
191, 1, 107, 420, -1, 131, 279, 23.3, 26, ABplaaaapa, 236, 26854, 22987, 856, , 26854, 25000, 27892, 27929, 0, 
192, 1, 136, 405, -1, 260, 143, 21.5, 25, ABalpppapav, 401, 27991, 21497, 768, , 27991, 25000, 28839, 28913, 0, 
193, 1, 449, 212, -1, 161, 195, 16.5, 26, ABalpaapppp, 200, 28645, 25666, 896, , 28645, 25000, 28188, 28256, 0, 
194, 1, 400, 96, -1, 461, 257, 14.2, 25, MSapaapp, 256, 26966, 18984, 704, , 26966, 25000, 28321, 28322, 0, 
195, 1, 243, 28, -1, 319, 168, 10.5, 23, ABplpaaaapa, 218, 29513, 18652, 632, , 29513, 25000, 28723, 28447, 0, 
196, 0, 410, -1, -1, 296, 259, 16.2, 23, , 29, 1783, 16443, 540, , 30450, 25000, 28667, 28667, 0, 
197, 1, 250, 378, -1, 281, 206, 5.9, 25, ABprpaapppa, 120, 37406, 23790, 636, , 37406, 25000, 36954, 37134, 0, 
198, 1, 258, 293, -1, 306, 322, 12.7, 23, ABaraapppaa, 63, 30471, 18039, 592, , 30471, 25000, 28451, 28832, 0, 
199, 1, 334, 307, -1, 272, 186, 16.9, 24, MSapaaaa, 161, 28321, 17106, 604, , 28321, 25000, 28366, 28412, 0, 
200, 1, 187, 309, -1, 538, 310, 19.6, 31, Ealpp, 246, 28839, 38413, 1332, , 28839, 25000, 29127, 29139, 0, 
201, 0, 135, -1, -1, 498, 132, 22.7, 24, , 327, 764, 20519, 704, , 29146, 25000, 28524, 28382, 0, 
202, 1, 312, 292, -1, 147, 325, 15.2, 24, ABarpapaaap, 234, 28721, 18841, 656, , 28721, 25000, 27646, 27664, 0, 
203, 0, 98, -1, -1, 551, 172, 7.0, 22, , 184, 1169, 12803, 384, , 33341, 25000, 32073, 32172, 0, 
204, 1, 370, 169, -1, 383, 220, 16.0, 24, ABplppapaapp, 124, 26296, 15988, 608, , 26296, 25000, 27772, 27566, 0, 
205, 1, 240, 395, -1, 318, 330, 25.5, 24, Nuc234_25_316_327, 159, 27522, 21137, 768, , 27522, 25000, 28936, 28937, 0, 
206, 1, 255, 35, -1, 222, 170, 8.5, 22, ABarapppapp, 207, 27895, 14282, 512, , 27895, 25000, 29274, 29367, 0, 
207, 1, 200, 471, -1, 110, 271, 18.4, 25, ABarpapapa, 234, 27376, 22777, 832, , 27376, 25000, 29081, 29131, 0, 
208, 1, 134, 374, -1, 296, 167, 7.3, 25, ABarappapap, 233, 31237, 23865, 764, , 31237, 25000, 32487, 32567, 0, 
209, 1, 182, 283, -1, 319, 181, 26.1, 26, ABalppppppap, 249, 28754, 23003, 800, , 28754, 25000, 28861, 28931, 0, 
210, 1, 62, 525, -1, 232, 347, 16.8, 23, MSpaaaapa, 229, 28328, 15297, 540, , 28328, 25000, 28250, 28256, 0, 
211, 1, 378, 94, -1, 162, 250, 25.1, 24, ABplaaaaappa, 221, 27364, 16528, 604, , 27364, 25000, 28077, 27768, 0, 
212, 1, 264, 47, -1, 271, 138, 23.5, 23, ABalpppppppp, 25, 27877, 17618, 632, , 27877, 25000, 28919, 29027, 0, 
213, 1, 273, 423, -1, 366, 385, 13.1, 26, Dppap, 266, 28056, 22445, 800, , 28056, 25000, 29283, 29355, 0, 
214, 1, 140, 251, -1, 451, 132, 13.3, 24, ABplappppa, 115, 29635, 20863, 704, , 29635, 25000, 27628, 27508, 0, 
215, 1, 430, 526, -1, 230, 169, 15.0, 22, ABplpaaapaa, 629, 28911, 11102, 384, , 28911, 25000, 28729, 28997, 0, 
216, 1, 193, 383, -1, 478, 124, 12.0, 25, ABplpppapap, 210, 27668, 21138, 764, , 27668, 25000, 28152, 28103, 0, 
217, 1, 6, 458, -1, 182, 200, 11.0, 23, ABarapppaap, 199, 28988, 14842, 512, , 28988, 25000, 28954, 28985, 0, 
218, 1, 332, 119, 507, 331, 219, 6.5, 23, ABprapaapaa, 222, 31307, 19786, 632, , 31307, 25000, 33581, 34163, 0, 
219, 1, 308, 297, -1, 512, 133, 12.1, 23, ABplppppppa, 219, 29002, 14385, 496, , 29002, 25000, 28409, 28541, 0, 
220, 1, 427, 281, -1, 556, 123, 15.4, 24, Cpappv, 239, 26929, 18850, 700, , 26929, 25000, 27572, 27597, 0, 
221, 1, 336, 75, -1, 546, 150, 15.1, 25, Cappppd, 214, 27331, 18804, 688, , 27331, 25000, 27901, 28084, 0, 
222, 1, 96, 245, -1, 400, 311, 8.4, 25, Cppaaaa, 235, 28806, 23967, 832, , 28806, 25000, 29907, 30035, 0, 
223, 1, 68, 182, -1, 455, 325, 18.4, 32, Ealap, 310, 28437, 42200, 1484, , 28437, 25000, 29271, 29429, 0, 
224, 1, 164, 304, -1, 240, 199, 22.3, 24, ABplpaapaaa, 203, 28330, 19944, 704, , 28330, 25000, 28567, 28723, 0, 
225, 1, 74, 237, -1, 290, 179, 24.9, 21, Nuc234_25_278_177, 206, 29546, 10282, 348, , 29546, 25000, 28718, 28847, 0, 
226, 1, 465, 392, -1, 578, 287, 11.6, 27, Cpppapa, 269, 28408, 28067, 988, , 28408, 25000, 29435, 29447, 0, 
227, 1, 493, 501, -1, 144, 215, 16.9, 22, ABalaaaparr, 159, 28177, 13074, 464, , 28177, 25000, 28381, 28677, 0, 
228, 0, 460, -1, -1, 115, 279, 21.0, 22, , 20, -1203, 10552, 384, , 27479, 25000, 28732, 28682, 0, 
229, 1, 396, 351, -1, 578, 240, 11.3, 24, Cpppapp, 241, 28223, 19869, 704, , 28223, 25000, 28951, 29122, 0, 
230, 1, 319, 143, -1, 264, 141, 12.3, 24, ABalppapapa, 228, 27821, 19586, 704, , 27821, 25000, 28228, 28221, 0, 
231, 1, 211, 103, -1, 412, 255, 21.9, 22, Capaaaa, 188, 28304, 13133, 464, , 28304, 25000, 28087, 28181, 0, 
232, 1, 90, 415, -1, 312, 400, 13.3, 28, ABarppaapa, 268, 27737, 29512, 1064, , 27737, 25000, 28027, 27998, 0, 
233, 1, 279, 77, -1, 372, 314, 5.2, 25, ABprapaapp, 203, 38754, 27283, 704, , 38754, 25000, 37679, 37831, 0, 
234, 1, 316, 282, -1, 196, 216, 26.6, 27, ABplaaappa, 268, 28257, 27918, 988, , 28257, 25000, 28588, 28473, 0, 
235, 1, 359, 447, -1, 477, 270, 8.2, 22, MSpappap, 227, 29046, 14407, 496, , 29046, 25000, 29781, 29740, 0, 
236, 1, 341, 112, -1, 440, 267, 21.7, 22, Capaaap, 195, 26590, 13933, 524, , 26590, 25000, 27646, 27660, 0, 
237, 1, 254, 90, -1, 249, 233, 26.4, 40, ABplaaappp, 385, 29398, 89487, 3044, , 29398, 25000, 29303, 29310, 0, 
238, 1, 351, 226, -1, 504, 209, 22.2, 25, Capaapp, 248, 28577, 20118, 704, , 28577, 25000, 28930, 28938, 0, 
239, 1, 464, 127, -1, 510, 206, 14.5, 24, ABprpappppp, 118, 29531, 22680, 768, , 29531, 25000, 28119, 27980, 0, 
240, 1, 488, 368, -1, 228, 235, 7.3, 23, ABprpaaappa, 212, 28225, 16709, 592, , 28225, 25000, 32138, 32692, 0, 
241, 1, 53, 369, -1, 422, 388, 12.4, 30, Cpppaaa, 387, 28388, 32817, 1156, , 28388, 25000, 29001, 29061, 0, 
242, 0, 162, -1, -1, 263, 324, 17.9, 23, , 163, -1403, 14088, 496, , 28403, 25000, 29953, 29806, 0, 
243, 1, 20, 221, -1, 484, 292, 11.4, 31, Z2, 309, 28504, 37967, 1332, , 28504, 25000, 28728, 28725, 0, 
244, 1, 166, 411, -1, 158, 260, 21.2, 25, ABplaaaaaaa, 70, 28622, 20150, 704, , 28622, 25000, 27863, 28014, 0, 
245, 1, 150, 422, -1, 404, 263, 10.4, 29, ABprppappap, 149, 29224, 33783, 1156, , 29224, 25000, 29265, 29371, 0, 
246, 1, 422, 193, -1, 371, 235, 23.7, 27, ABplapaaapp, 424, 29561, 27314, 924, , 29561, 25000, 28735, 28761, 0, 
247, 1, 45, 241, -1, 495, 326, 19.8, 32, Eplaa, 312, 28284, 45481, 1608, , 28284, 25000, 28989, 29020, 0, 
248, 1, 84, 106, -1, 328, 144, 21.3, 27, ABplppaaaap, 274, 30181, 27887, 924, , 30181, 25000, 28300, 28431, 0, 
249, 1, 33, 355, -1, 520, 230, 10.4, 22, ABprpppppap, 223, 27783, 15892, 572, , 27783, 25000, 29396, 29416, 0, 
250, 1, 462, 425, -1, 183, 215, 16.7, 22, Nuc232_16_181_214, 186, 28317, 14838, 524, , 28317, 25000, 28720, 28885, 0, 
251, 1, 277, 360, -1, 494, 141, 13.9, 22, Cappppv, 196, 26351, 12227, 464, , 26351, 25000, 28442, 28591, 0, 
252, 1, 329, 116, -1, 174, 235, 18.2, 23, ABalaaaarlp, 237, 26502, 14311, 540, , 26502, 25000, 28872, 28756, 0, 
253, 1, 321, 244, -1, 435, 359, 17.5, 32, Earap, 317, 28549, 40882, 1432, , 28549, 25000, 29506, 29605, 0, 
254, 1, 296, 472, -1, 162, 228, 9.2, 26, ABalaaapprr, 191, 28455, 22650, 796, , 28455, 25000, 28288, 28391, 0, 
255, 1, 173, 120, -1, 288, 242, 15.2, 24, ABalpappppaa, 202, 27883, 18291, 656, , 27883, 25000, 28648, 28464, 0, 
256, 1, 287, 15, -1, 178, 257, 6.3, 22, ABpraaaaaaa, 209, 35985, 18856, 524, , 35985, 25000, 38960, 39493, 0, 
257, 1, 7, 196, -1, 180, 213, 18.5, 24, ABalaaaalar, 204, 28747, 22078, 768, , 28747, 25000, 28240, 28245, 0, 
258, 1, 148, 40, -1, 496, 177, 12.4, 22, ABplpappppp, 189, 28269, 16170, 572, , 28269, 25000, 28961, 28942, 0, 
259, 1, 202, 249, -1, 178, 221, 13.4, 23, ABaraaapppa, 181, 27230, 17427, 640, , 27230, 25000, 28691, 28654, 0, 
260, 1, 168, 11, -1, 217, 275, 15.7, 22, ABaraaapaaa, -13, 27674, 14501, 524, , 27674, 25000, 28657, 28964, 0, 
261, 1, 217, 228, -1, 481, 341, 15.4, 33, Epraa, 330, 28788, 47213, 1640, , 28788, 25000, 29648, 29644, 0, 
262, 1, 153, 418, -1, 318, 261, 11.4, 23, MSpapaaaa, 141, 29516, 18890, 640, , 29516, 25000, 28746, 28778, 0, 
263, 1, 37, 451, -1, 499, 224, 7.4, 24, Cppappp, 234, 29874, 20912, 700, , 29874, 25000, 31263, 31275, 0, 
264, 1, 127, 51, -1, 315, 346, 12.9, 26, ABaraapppap, 49, 27171, 21737, 800, , 27171, 25000, 28800, 28644, 0, 
265, 1, 435, 522, -1, 244, 204, 13.5, 22, ABarapapapa, -94, 28885, 14789, 512, , 28885, 25000, 28456, 28541, 0, 
266, 0, 409, -1, -1, 209, 252, 25.3, 22, , 154, 310, 15701, 524, , 29964, 25000, 29648, 29654, 0, 
267, 1, 159, 126, -1, 214, 253, 10.4, 22, ABarappppaa, 269, 28385, 16236, 572, , 28385, 25000, 28332, 28384, 0, 
268, 1, 181, 91, -1, 545, 144, 11.5, 22, ABprppppppp, 195, 28381, 14531, 512, , 28381, 25000, 27881, 28108, 0, 
269, 1, 32, 183, -1, 295, 264, 25.7, 28, ABplapaaaap, 276, 27236, 28979, 1064, , 27236, 25000, 28717, 28801, 0, 
270, 1, 268, 154, -1, 232, 185, 20.7, 23, ABalppappaa, 189, 27730, 16416, 592, , 27730, 25000, 28066, 28382, 0, 
271, 1, 371, 470, -1, 373, 171, 23.9, 27, ABplaapppp, 275, 29041, 26369, 908, , 29041, 25000, 28138, 28155, 0, 
272, 1, 401, 232, -1, 268, 325, 21.9, 23, MSaaaaapp, 216, 27083, 13433, 496, , 27083, 25000, 28429, 28298, 0, 
273, 1, 24, 450, -1, 129, 266, 11.2, 23, ABarpappaa, 184, 27165, 14669, 540, , 27165, 25000, 28398, 28396, 0, 
274, 1, 66, 136, -1, 462, 230, 9.9, 23, ABprppapppp, -48, 29448, 14606, 496, , 29448, 25000, 29503, 29720, 0, 
275, 1, 220, 36, -1, 535, 364, 9.9, 27, Caaapa, 273, 27919, 25350, 908, , 27919, 25000, 27997, 28036, 0, 
276, 1, 241, 150, -1, 336, 299, 5.0, 26, ABpraapppp, 267, 37228, 31718, 852, , 37228, 25000, 37536, 37580, 0, 
277, 1, 357, 213, -1, 288, 299, 5.4, 24, ABprpaappap, 391, 41061, 28743, 700, , 41061, 25000, 35934, 35936, 0, 
278, 1, 346, 449, -1, 236, 324, 10.7, 22, ABpraaaappp, 163, 26584, 13930, 524, , 26584, 25000, 28324, 28518, 0, 
279, 1, 205, 438, -1, 567, 185, 9.6, 24, ABprapapppp, 245, 26686, 18680, 700, , 26686, 25000, 28408, 28375, 0, 
280, 1, 156, 200, -1, 545, 304, 7.2, 28, ABprapapaa, 281, 28930, 30434, 1052, , 28930, 25000, 33139, 33217, 0, 
281, 1, 408, 209, -1, 544, 224, 14.3, 29, Eprpp, 299, 27668, 29549, 1068, , 27668, 25000, 29753, 29785, 0, 
282, 1, 431, 168, -1, 437, 324, 8.9, 23, Cppaaap, 117, 28095, 13935, 496, , 28095, 25000, 28420, 28418, 0, 
283, 0, 491, -1, -1, 467, 282, 11.3, 22, , 97, -953, 14299, 524, , 27288, 25000, 28530, 28241, 0, 
284, 1, 432, 257, -1, 255, 157, 14.3, 22, ABalppapppa, 220, 28055, 14701, 524, , 28055, 25000, 28024, 27952, 0, 
285, 1, 117, 386, -1, 247, 303, 4.8, 22, ABpraaappppp, 192, 39611, 19647, 496, , 39611, 25000, 38173, 38180, 0, 
286, 1, 498, 290, -1, 299, 331, 20.0, 22, MSaaaapap, 167, 27182, 10438, 384, , 27182, 25000, 28455, 28426, 0, 
287, 1, 325, 14, -1, 139, 244, 23.2, 24, ABarpaaaapp, 132, 27979, 18354, 656, , 27979, 25000, 28124, 28263, 0, 
288, 1, 18, 255, -1, 301, 142, 22.9, 24, ABplpaapaap, 183, 27714, 16739, 604, , 27714, 25000, 29278, 29372, 0, 
289, 1, 281, 230, -1, 259, 284, 26.2, 24, MSapppap, 244, 28358, 18603, 656, , 28358, 25000, 28962, 28950, 0, 
290, 1, 322, 280, -1, 283, 392, 13.0, 24, ABarpppapa, 245, 27493, 16716, 608, , 27493, 25000, 28068, 27963, 0, 
291, 1, 105, 344, -1, 474, 324, 8.9, 24, Cppaapa, 240, 28568, 17255, 604, , 28568, 25000, 29844, 29782, 0, 
292, 1, 367, 147, -1, 479, 237, 18.2, 30, Z3, 295, 27236, 35951, 1320, , 27236, 25000, 28153, 28202, 0, 
293, 1, 323, 170, -1, 326, 190, 15.8, 23, ABplpapapaa, 226, 28087, 15167, 540, , 28087, 25000, 29067, 29130, 0, 
294, 1, 215, 61, -1, 522, 250, 8.3, 24, Cppappa, 73, 27163, 19123, 704, , 27163, 25000, 29777, 29812, 0, 
295, 1, 186, 72, -1, 302, 194, 22.6, 23, ABalpppppap, 206, 28542, 18267, 640, , 28542, 25000, 28694, 28626, 0, 
296, 1, 278, 482, -1, 166, 160, 23.0, 24, ABplpaapapa, -241, 28247, 17174, 608, , 28247, 25000, 28182, 27925, 0, 
297, 1, 330, 461, -1, 419, 334, 13.9, 28, Earpa, 285, 28114, 30588, 1088, , 28114, 25000, 29749, 29832, 0, 
298, 1, 144, 409, -1, 449, 297, 10.0, 22, MSpappppp, 144, 28031, 10764, 384, , 28031, 25000, 28387, 28329, 0, 
299, 1, 76, 227, -1, 225, 368, 12.4, 23, ABarpppaaa, 218, 26866, 17194, 640, , 26866, 25000, 28746, 28783, 0, 
300, 1, 35, 302, -1, 292, 162, 10.4, 26, ABprpappaap, 104, 27409, 22804, 832, , 27409, 25000, 29060, 28852, 0, 
301, 1, 418, 235, -1, 385, 214, 11.0, 23, ABarappappa, 105, 29377, 15041, 512, , 29377, 25000, 28971, 29041, 0, 
302, 1, 353, 345, -1, 421, 310, 17.6, 31, Ealpa, 311, 28284, 37674, 1332, , 28284, 25000, 29068, 29111, 0, 
303, 1, 108, 208, -1, 312, 215, 8.6, 23, ABprpapapap, 173, 28836, 18455, 640, , 28836, 25000, 28929, 28764, 0, 
304, 1, 294, 337, -1, 538, 174, 21.1, 25, Cappapp, 253, 27339, 18809, 688, , 27339, 25000, 29536, 29754, 0, 
305, 1, 472, 269, -1, 175, 175, 16.0, 22, ABalaaaalpp, 186, 29089, 11170, 384, , 29089, 25000, 28463, 28583, 0, 
306, 1, 395, 488, -1, 283, 371, 7.4, 23, ABarpppaap, 204, 30878, 19762, 640, , 30878, 25000, 31646, 31620, 0, 
307, 1, 416, 367, -1, 510, 170, 7.1, 22, ABprpppapaa, 121, 33056, 15338, 464, , 33056, 25000, 32505, 32937, 0, 
308, 1, 73, 155, -1, 298, 214, 12.6, 23, ABplpappaaa, 199, 27431, 17556, 640, , 27431, 25000, 28760, 29018, 0, 
309, 1, 461, 298, -1, 263, 291, 11.4, 23, ABarapappaa, 29, 28098, 17983, 640, , 28098, 25000, 27811, 27754, 0, 
310, 1, 97, 267, -1, 227, 221, 9.3, 23, ABprpaaapaa, 214, 27556, 16313, 592, , 27556, 25000, 28501, 28703, 0, 
311, 1, 15, 442, -1, 256, 174, 5.4, 26, ABpraappap, 259, 45511, 37865, 832, , 45511, 25000, 41663, 41889, 0, 
312, 1, 196, 88, -1, 249, 388, 13.9, 27, ABarpaappp, 257, 27391, 24871, 908, , 27391, 25000, 27644, 27643, 0, 
313, 0, 79, -1, -1, 261, 267, 8.5, 22, , 195, 1573, 15604, 512, , 30477, 25000, 28919, 28904, 0, 
314, 0, 433, -1, -1, 584, 174, 12.3, 22, , 204, 2642, 16314, 524, , 31134, 25000, 28402, 28492, 0, 
315, 1, 356, 324, -1, 356, 249, 13.9, 25, ABarapapapp, 211, 27574, 18971, 688, , 27574, 25000, 29096, 29275, 0, 
316, 1, 509, 139, -1, 241, 164, 16.9, 23, ABalppaappp, -65, 27746, 13762, 496, , 27746, 25000, 28365, 28447, 0, 
317, 1, 231, 89, -1, 468, 237, 7.1, 22, ABprpppaaap, 209, 29634, 13750, 464, , 29634, 25000, 32487, 32617, 0, 
318, 1, 9, 348, -1, 322, 347, 21.4, 22, MSpaaapaa, 191, 28587, 16352, 572, , 28587, 25000, 28791, 28738, 0, 
319, 1, 380, 401, -1, 192, 351, 15.3, 25, MSppappa, 591, 28425, 21717, 764, , 28425, 25000, 27769, 27769, 0, 
320, 1, 510, 2, -1, 174, 320, 15.9, 22, ABarpapaapp, 969, 28009, 12996, 464, , 28009, 25000, 28038, 28250, 0, 
321, 1, 398, 223, -1, 582, 198, 21.2, 27, Capppap, 193, 28063, 24359, 868, , 28063, 25000, 28594, 28579, 0, 
322, 1, 417, 181, -1, 354, 265, 7.5, 23, ABprapaapap, 230, 27780, 17557, 632, , 27780, 25000, 32612, 32612, 0, 
323, 1, 331, 105, -1, 377, 233, 7.8, 23, ABprppapaaa, 216, 30663, 16558, 540, , 30663, 25000, 31019, 31110, 0, 
324, 1, 403, 387, -1, 140, 247, 9.7, 23, ABpraaaaapd, 162, 27801, 16458, 592, , 27801, 25000, 28351, 28195, 0, 
325, 1, 87, 19, -1, 323, 205, 22.4, 24, ABplaapapaa, 180, 28400, 19880, 700, , 28400, 25000, 28290, 28425, 0, 
326, 1, 204, 128, -1, 548, 340, 11.6, 26, Cppapap, 260, 27292, 22707, 832, , 27292, 25000, 28782, 28911, 0, 
327, 1, 345, 87, -1, 375, 198, 14.6, 23, ABplppappaa, 188, 27114, 17353, 640, , 27114, 25000, 28012, 28027, 0, 
328, 1, 394, 153, -1, 240, 198, 9.5, 22, ABarapppppp, 279, 28125, 14400, 512, , 28125, 25000, 28266, 28380, 0, 
329, 1, 342, 201, -1, 399, 202, 13.6, 22, ABplpaaaapp, 193, 27409, 15678, 572, , 27409, 25000, 28432, 28344, 0, 
330, 1, 310, 135, -1, 379, 342, 15.0, 34, Earaa, 346, 27480, 54741, 1992, , 27480, 25000, 29475, 29463, 0, 
331, 1, 300, 509, -1, 353, 171, 13.8, 22, ABplpapappaa, 128, 26415, 13102, 496, , 26415, 25000, 28527, 28903, 0, 
332, 1, 301, 25, -1, 480, 252, 23.6, 27, Capaapa, 269, 28311, 27971, 988, , 28311, 25000, 28273, 28298, 0, 
333, 1, 494, 532, -1, 444, 251, 19.2, 24, MSaappppp, 171, 28465, 18673, 656, , 28465, 25000, 27927, 28018, 0, 
334, 1, 115, 301, -1, 256, 353, 20.2, 24, MSpaaaaaa, 122, 28631, 18782, 656, , 28631, 25000, 29625, 29442, 0, 
335, 1, 366, 52, -1, 315, 345, 16.4, 24, MSpaapaaa, 169, 27006, 18904, 700, , 27006, 25000, 28388, 28368, 0, 
336, 1, 293, 189, -1, 355, 199, 15.4, 22, MSaapppaa, 136, 27916, 15968, 572, , 27916, 25000, 28375, 28649, 0, 
337, 1, 246, 163, -1, 342, 326, 18.3, 24, MSaaaappp, 173, 29869, 21028, 704, , 29869, 25000, 28395, 28456, 0, 
338, 1, 524, 334, -1, 284, 206, 11.9, 22, ABprpapppaa, 178, 27728, 12866, 464, , 27728, 25000, 28894, 29367, 0, 
339, 1, 479, 380, -1, 350, 204, 24.3, 24, ABplapaaapa, 241, 26832, 18890, 704, , 26832, 25000, 28225, 28222, 0, 
340, 1, 48, 233, -1, 302, 121, 19.4, 24, ABplppaaaaa, 38, 27886, 19520, 700, , 27886, 25000, 28448, 28514, 0, 
341, 0, 299, -1, -1, 320, 215, 26.7, 22, , 197, 579, 15532, 524, , 29641, 25000, 28952, 29062, 0, 
342, 1, 183, 314, -1, 513, 287, 8.2, 25, Cppaapp, 239, 30107, 21195, 704, , 30107, 25000, 30164, 30338, 0, 
343, 1, 386, 493, -1, 472, 256, 26.4, 26, ABarppappa, 224, 29727, 24733, 832, , 29727, 25000, 28442, 28469, 0, 
344, 1, 307, 339, -1, 427, 254, 10.3, 22, ABprppapapa, 202, 27399, 14357, 524, , 27399, 25000, 28854, 28737, 0, 
345, 1, 149, 480, -1, 307, 173, 21.9, 22, ABplpaappaa, 38, 28347, 13153, 464, , 28347, 25000, 28759, 28867, 0, 
346, 1, 69, 385, -1, 447, 353, 6.2, 26, ABprappapa, 259, 35136, 27968, 796, , 35136, 25000, 36141, 36141, 0, 
347, 1, 208, 445, -1, 220, 134, 19.4, 24, ABalpppapad, 324, 27791, 19454, 700, , 27791, 25000, 28266, 28144, 0, 
348, 1, 99, 48, -1, 310, 176, 13.8, 22, Nuc232_13_303_173, 178, 27651, 13715, 496, , 27651, 25000, 28599, 28719, 0, 
349, 1, 141, 167, -1, 259, 351, 16.9, 24, MSpaaaapp, 205, 29624, 17893, 604, , 29624, 25000, 29096, 29290, 0, 
350, 1, 143, 390, -1, 243, 219, 18.7, 26, Nuc233_19_241_214, 97, 27391, 23447, 856, , 27391, 25000, 28228, 28196, 0, 
351, 1, 451, 396, -1, 231, 211, 15.7, 22, ABalpaappap, 169, 28032, 14689, 524, , 28032, 25000, 28386, 28156, 0, 
352, 1, 224, 84, -1, 147, 184, 22.3, 25, Nuc234_23_148_189, 112, 29607, 22620, 764, , 29607, 25000, 27587, 27398, 0, 
353, 1, 65, 62, -1, 311, 135, 10.9, 27, ABalpapapap, 204, 27824, 25264, 908, , 27824, 25000, 28403, 28449, 0, 
354, 1, 46, 80, -1, 473, 162, 11.9, 23, ABplppppapp, 66, 26403, 13096, 496, , 26403, 25000, 28688, 28627, 0, 
355, 1, 360, 76, -1, 498, 340, 6.8, 26, ABarpppppa, 264, 32784, 26096, 796, , 32784, 25000, 34901, 34946, 0, 
356, 1, 44, 184, -1, 318, 198, 11.5, 26, ABprpappapa, 193, 27132, 24310, 896, , 27132, 25000, 28739, 28841, 0, 
357, 1, 305, 279, -1, 301, 316, 22.4, 26, ABaraapaapp, -40, 28734, 23907, 832, , 28734, 25000, 28195, 28135, 0, 
358, 1, 286, 353, -1, 385, 256, 26.7, 26, ABarppapap, 227, 27978, 23949, 856, , 27978, 25000, 28238, 28258, 0, 
359, 1, 372, 397, -1, 529, 131, 13.7, 23, ABplppppppp, 153, 27020, 15996, 592, , 27020, 25000, 28294, 28186, 0, 
360, 1, 249, 38, -1, 212, 312, 5.2, 24, ABpraaappppa, 246, 43345, 28434, 656, , 43345, 25000, 41543, 41537, 0, 
361, 1, 337, 406, -1, 396, 404, 15.3, 26, Dppppa, 147, 28898, 24737, 856, , 28898, 25000, 28740, 28726, 0, 
362, 1, 114, 32, -1, 277, 243, 12.5, 23, ABarapaaaap, 157, 28400, 17949, 632, , 28400, 25000, 29142, 29273, 0, 
363, 1, 142, 186, -1, 386, 227, 13.7, 22, ABplppappap, 152, 29368, 15389, 524, , 29368, 25000, 28260, 28256, 0, 
364, 1, 423, 240, -1, 266, 158, 25.6, 26, ABalpppppppa, -13, 28845, 23999, 832, , 28845, 25000, 29446, 29511, 0, 
365, 1, 75, 113, -1, 212, 184, 24.5, 29, ABplaapaapp, 257, 28206, 30462, 1080, , 28206, 25000, 29418, 29296, 0, 
366, 1, 120, 264, -1, 159, 336, 18.2, 26, MSppappp, 247, 27653, 22012, 796, , 27653, 25000, 28073, 28114, 0, 
367, 1, 458, 444, -1, 179, 199, 20.9, 22, Nuc233_21_168_193, 155, 28177, 13074, 464, , 28177, 25000, 28148, 28123, 0, 
368, 1, 271, 407, -1, 483, 125, 18.3, 23, ABplpppaapp, 260, 28372, 16796, 592, , 28372, 25000, 28394, 28492, 0, 
369, 1, 5, 7, -1, 407, 233, 15.4, 24, ABplppapapa, -97, 28129, 19690, 700, , 28129, 25000, 27869, 28008, 0, 
370, 1, 113, 236, -1, 242, 349, 8.3, 26, ABpraapappp, 234, 27748, 23752, 856, , 27748, 25000, 29625, 29720, 0, 
371, 1, 219, 254, -1, 360, 208, 10.0, 23, ABprppaappa, 143, 28373, 14527, 512, , 28373, 25000, 29623, 29334, 0, 
372, 1, 495, 484, -1, 119, 213, 18.0, 23, ABalaaaarlaa, 188, 26221, 13425, 512, , 26221, 25000, 27775, 27771, 0, 
373, 1, 282, 379, -1, 535, 256, 15.9, 22, Nuc233_15_536_260, 169, 29343, 13615, 464, , 29343, 25000, 28267, 28300, 0, 
374, 1, 61, 342, -1, 496, 366, 11.1, 27, Cppapaa, 244, 28043, 25463, 908, , 28043, 25000, 28824, 28880, 0, 
375, 1, 511, -1, -1, 397, 321, 15.9, 20, Nuc233_15_386_313pp, 130, 32076, 10136, 316, , 32076, 25000, 28127, 28408, 0, 
376, 1, 188, -1, -1, 548, 154, 22.7, 25, Cpapaa, 230, 26698, 20397, 764, , 26698, 25000, 28424, 28482, 0, 
377, 1, 471, 496, -1, 227, 375, 17.9, 22, MSpppppa, -22, 28278, 13121, 464, , 28278, 25000, 28292, 27967, 0, 
378, 1, 4, 70, -1, 210, 352, 18.9, 21, MSpppaaa, 295, 32230, 11216, 348, , 32230, 25000, 28708, 28728, 0, 
379, 1, 492, 416, -1, 178, 143, 17.8, 24, ABalppaaapa, 142, 27134, 17800, 656, , 27134, 25000, 27852, 27833, 0, 
380, 1, 172, 78, -1, 492, 198, 15.3, 24, ABplppppaap, 120, 29006, 20420, 704, , 29006, 25000, 29096, 29220, 0, 
381, 1, 176, 477, -1, 350, 237, 26.4, 30, ABarppapaap, 252, 28435, 32871, 1156, , 28435, 25000, 28535, 28713, 0, 
382, 1, 317, 86, -1, 192, 235, 23.0, 25, ABalapapppa, 197, 29382, 22448, 764, , 29382, 25000, 27963, 27909, 0, 
383, 1, 71, 454, -1, 216, 152, 10.2, 24, Nuc233_10_227_158, -14, 28727, 18845, 656, , 28727, 25000, 28313, 28412, 0, 
384, 1, 411, 132, -1, 494, 240, 13.3, 25, MSppaapp, 264, 28024, 21410, 764, , 28024, 25000, 28409, 28404, 0, 
385, 1, 146, 171, -1, 161, 171, 19.6, 25, ABalpppaapd, 210, 26401, 21966, 832, , 26401, 25000, 27431, 27421, 0, 
386, 1, 413, 148, -1, 397, 315, 14.1, 22, Nuc233_15_386_313pa, 177, 29427, 13654, 464, , 29427, 25000, 29366, 29554, 0, 
387, 1, 121, 253, -1, 483, 160, 6.5, 24, ABprappppa, 218, 31895, 24495, 768, , 31895, 25000, 35312, 35662, 0, 
388, 1, 214, 252, -1, 322, 166, 23.8, 23, ABplpaappap, -60, 28472, 15375, 540, , 28472, 25000, 29168, 29203, 0, 
389, 1, 163, 448, -1, 222, 260, 23.1, 23, MSapaaap, 233, 28230, 14002, 496, , 28230, 25000, 27516, 27482, 0, 
390, 0, 436, -1, -1, 277, 350, 5.8, 22, , 196, 5215, 22453, 496, , 45268, 25000, 39830, 40053, 0, 
391, 1, 276, 464, -1, 266, 222, 20.1, 22, ABalpappaap, 200, 28731, 13331, 464, , 28731, 25000, 27558, 27532, 0, 
392, 1, 180, 358, -1, 505, 182, 19.1, 22, ABplpppppap, 223, 29287, 13589, 464, , 29287, 25000, 28505, 28655, 0, 
393, 1, 412, 122, -1, 509, 206, 11.6, 23, ABprppppaap, 211, 27834, 17814, 640, , 27834, 25000, 29664, 29652, 0, 
394, 1, 295, 133, -1, 119, 253, 14.0, 24, ABpraapaaap, 195, 27538, 16743, 608, , 27538, 25000, 28168, 28220, 0, 
395, 1, 486, 166, -1, 225, 193, 5.8, 24, ABprpaapapp, 203, 39319, 25793, 656, , 39319, 25000, 41506, 41760, 0, 
396, 1, 309, 219, -1, 487, 203, 17.6, 23, ABplpppppaa, 215, 26408, 16901, 640, , 26408, 25000, 28629, 28547, 0, 
397, 1, 447, 289, -1, 605, 248, 11.7, 29, Cpappd, 231, 28215, 30134, 1068, , 28215, 25000, 27635, 27640, 0, 
398, 0, 192, -1, -1, 273, 293, 21.5, 25, , 224, 1909, 23481, 768, , 30574, 25000, 28654, 28665, 0, 
399, 1, 253, 5, -1, 280, 204, 25.6, 29, ABplaapappp, -276, 28157, 32549, 1156, , 28157, 25000, 28725, 28813, 0, 
400, 1, 216, 328, -1, 377, 159, 21.4, 29, Nuc233_20_375_160, 289, 28928, 33441, 1156, , 28928, 25000, 28284, 28372, 0, 
401, 1, 383, 145, -1, 453, 389, 9.6, 29, Caaaap, 40, 28054, 32430, 1156, , 28054, 25000, 28370, 28350, 0, 
402, 1, 389, 511, -1, 275, 206, 8.4, 21, ABarappapaap, 403, 28469, 14918, 524, , 28469, 25000, 28849, 28874, 0, 
403, 1, 229, 247, -1, 210, 376, 20.3, 28, ABarpaappa, 265, 26918, 28641, 1064, , 26918, 25000, 27729, 27621, 0, 
404, 1, 213, 347, -1, 318, 300, 23.4, 26, ABaraapapap, 235, 29213, 24305, 832, , 29213, 25000, 28458, 28407, 0, 
405, 1, 43, 349, -1, 138, 297, 9.4, 25, ABarpappap, 193, 27555, 22926, 832, , 27555, 25000, 28199, 28215, 0, 
406, 1, 324, 271, -1, 208, 224, 16.5, 23, ABalpaappaap, 246, 28150, 17791, 632, , 28150, 25000, 27972, 28131, 0, 
407, 1, 466, 469, -1, 193, 225, 20.4, 22, ABalaaapalr, 222, 29565, 16911, 572, , 29565, 25000, 29110, 28692, 0, 
408, 1, 93, 185, -1, 221, 294, 19.9, 27, ABaraapaaap, 300, 27300, 24788, 908, , 27300, 25000, 27982, 27971, 0, 
409, 1, 450, 433, -1, 322, 367, 6.3, 24, ABarppppaa, 245, 35256, 24820, 704, , 35256, 25000, 36622, 36696, 0, 
410, 1, 302, 318, -1, 387, 245, 11.6, 22, ABprppappaa, 128, 29589, 16925, 572, , 29589, 25000, 29315, 29266, 0, 
411, 1, 363, 435, -1, 504, 209, 25.6, 30, ABplapapaa, 306, 28033, 32406, 1156, , 28033, 25000, 28598, 28557, 0, 
412, 1, 452, 192, -1, 212, 360, 9.6, 25, ABarpapppp, 232, 26672, 22191, 832, , 26672, 25000, 27889, 27966, 0, 
413, 1, 234, 315, -1, 523, 186, 13.0, 22, ABprpappppa, 447, 28477, 10935, 384, , 28477, 25000, 28650, 28688, 0, 
414, 1, 484, 214, -1, 344, 302, 9.9, 25, MSpapaapa, 213, 30666, 21098, 688, , 30666, 25000, 29403, 29493, 0, 
415, 0, 375, -1, -1, 155, 296, 22.3, 22, , 190, 2718, 16249, 524, , 31010, 25000, 27993, 28292, 0, 
416, 1, 92, 459, -1, 186, 172, 18.0, 22, ABalaaaalpa, 2, 30021, 11528, 384, , 30021, 25000, 27891, 27955, 0, 
417, 1, 373, 340, -1, 381, 272, 15.4, 27, Nuc233_15_386_313a, 297, 29627, 29271, 988, , 29627, 25000, 30392, 30868, 0, 
418, 1, 335, 173, -1, 451, 217, 19.2, 24, MSpappaa, 83, 27797, 18235, 656, , 27797, 25000, 28961, 28952, 0, 
419, 1, 210, 224, -1, 184, 228, 14.9, 22, Nuc233_14_174_217, 174, 27629, 12820, 464, , 27629, 25000, 28356, 29069, 0, 
420, 1, 304, 497, -1, 283, 256, 22.4, 23, ABalpaapapp, 208, 28159, 18022, 640, , 28159, 25000, 28953, 28863, 0, 
421, 1, 230, 85, -1, 535, 176, 9.8, 22, ABprapppapp, 203, 28341, 14057, 496, , 28341, 25000, 28349, 28460, 0, 
422, 1, 106, 312, -1, 423, 288, 9.4, 22, MSpappppa, 187, 27619, 15798, 572, , 27619, 25000, 28823, 28791, 0, 
423, 1, 47, 333, -1, 476, 209, 12.9, 22, ABplpappppa, 191, 29175, 13537, 464, , 29175, 25000, 29140, 29242, 0, 
424, 1, 226, 195, -1, 230, 185, 12.5, 24, ABarappaapa, 249, 27682, 21260, 768, , 27682, 25000, 27965, 27994, 0, 
425, 1, 439, 430, -1, 206, 180, 10.9, 22, Nuc233_10_181_181, 294, 29470, 13674, 464, , 29470, 25000, 29463, 29657, 0, 
426, 1, 154, 308, -1, 557, 251, 7.1, 25, ABarpppppp, 236, 30138, 19168, 636, , 30138, 25000, 33235, 33272, 0, 
427, 1, 267, 434, -1, 430, 266, 25.4, 28, ABplappapa, 275, 27020, 26696, 988, , 27020, 25000, 27935, 27926, 0, 
428, 1, 126, 330, -1, 516, 163, 10.5, 24, Cpppppv, 212, 27063, 20784, 768, , 27063, 25000, 28284, 28157, 0, 
429, 1, 512, -1, -1, 337, 244, 22.9, 24, ABarppapaaa, 204, 28464, 17192, 604, , 28464, 25000, 29159, 29454, 0, 
430, 1, 109, 20, -1, 522, 227, 5.4, 25, ABprapappa, 252, 43726, 36380, 832, , 43726, 25000, 39786, 40119, 0, 
431, 1, 314, 22, -1, 308, 213, 5.8, 23, ABprppaapap, 194, 36472, 19695, 540, , 36472, 25000, 35352, 35394, 0, 
432, 1, 19, -1, -1, 336, 351, 19.9, 20, Nuc237_20_340_351, 108, 29646, 9368, 316, , 29646, 25000, 28317, 28867, 0, 
433, 1, 252, 115, -1, 202, 141, 17.8, 22, ABalpppaaap, 190, 28405, 14089, 496, , 28405, 25000, 28633, 28851, 0, 
434, 1, 513, 131, -1, 165, 312, 13.5, 24, ABalappapapa, 227, 27445, 21078, 768, , 27445, 25000, 27625, 27716, 0, 
435, 1, 201, 398, -1, 490, 228, 10.7, 22, ABprppppaaa, 357, 29840, 15636, 524, , 29840, 25000, 29038, 28980, 0, 
436, 1, 426, 17, -1, 211, 286, 24.9, 23, MSapappa, 103, 27371, 13576, 496, , 27371, 25000, 28207, 28204, 0, 
437, 1, 275, 211, -1, 441, 216, 10.2, 23, ABprppaappp, 206, 26552, 14338, 540, , 26552, 25000, 27916, 27940, 0, 
438, 1, 184, 260, -1, 318, 112, 15.8, 22, ABalpapapppa, 297, 27401, 13591, 496, , 27401, 25000, 27475, 26993, 0, 
439, 1, 165, 463, -1, 248, 309, 18.7, 20, MSaaaaapap, 160, 29883, 10997, 368, , 29883, 25000, 29419, 29484, 0, 
440, 1, 348, 178, -1, 387, 399, 10.3, 26, Caaaaa, 267, 26737, 22887, 856, , 26737, 25000, 28610, 28595, 0, 
441, 1, 133, 175, -1, 363, 327, 20.7, 22, MSaaapapp, 226, 26347, 13806, 524, , 26347, 25000, 27508, 27513, 0, 
442, 1, 55, 518, -1, 229, 298, 15.6, 23, ABaraaapaap, -8, 28148, 18015, 640, , 28148, 25000, 28631, 29152, 0, 
443, 0, 289, -1, -1, 274, 264, 20.1, 22, , 194, 416, 13806, 464, , 29754, 25000, 29312, 29338, 0, 
444, 1, 189, 55, -1, 146, 300, 17.4, 25, ABarpapaaaa, 244, 28608, 23802, 832, , 28608, 25000, 28590, 28537, 0, 
445, 1, 13, 294, -1, 403, 272, 13.9, 23, MSaappap, 200, 29327, 14546, 496, , 29327, 25000, 28553, 28533, 0, 
446, 1, 191, 527, -1, 294, 243, 9.2, 22, Nuc234_9_299_244, 205, 26935, 13360, 496, , 26935, 25000, 28537, 28874, 0, 
447, 1, 137, 437, -1, 380, 274, 17.8, 24, MSaapappp, 224, 28303, 18567, 656, , 28303, 25000, 29846, 29737, 0, 
448, 1, 95, 319, -1, 186, 229, 5.6, 24, ABpraaaapad, 229, 48090, 33663, 700, , 48090, 25000, 40877, 41528, 0, 
449, 1, 478, 485, -1, 217, 337, 10.6, 23, Nuc233_11_192_311, 227, 26920, 17229, 640, , 26920, 25000, 27532, 27654, 0, 
450, 1, 377, 207, -1, 155, 336, 21.2, 27, ABarpapapp, 270, 27181, 23593, 868, , 27181, 25000, 27905, 27845, 0, 
451, 1, 167, 216, -1, 130, 203, 20.2, 24, ABplaapaaap, 203, 27816, 18247, 656, , 27816, 25000, 28219, 28168, 0, 
452, 1, 306, 481, -1, 159, 204, 10.9, 22, ABalaapaapp, 173, 26996, 12526, 464, , 26996, 25000, 28210, 28239, 0, 
453, 1, 2, 377, -1, 560, 278, 18.7, 31, Eplap, 363, 28740, 39317, 1368, , 28740, 25000, 29870, 30013, 0, 
454, 0, 16, -1, -1, 284, 274, 11.7, 22, , 198, 777, 15435, 524, , 29456, 25000, 28611, 28679, 0, 
455, 1, 170, 276, -1, 355, 377, 9.8, 25, ABarpppapp, 235, 28882, 20333, 704, , 28882, 25000, 28637, 28642, 0, 
456, 1, 128, 441, -1, 222, 212, 5.8, 24, ABprpaaapap, 202, 40747, 26730, 656, , 40747, 25000, 39221, 39310, 0, 
457, 1, 499, 498, -1, 212, 233, 15.1, 23, ABaraaaapaa, 11, 27317, 13549, 496, , 27317, 25000, 27632, 27698, 0, 
458, 1, 132, 124, -1, 548, 305, 15.8, 31, Eprap, -16, 30002, 43923, 1464, , 30002, 25000, 30067, 30181, 0, 
459, 1, 352, 361, -1, 495, 115, 10.2, 22, ABprpppapap, 170, 28373, 14073, 496, , 28373, 25000, 28410, 28423, 0, 
460, 1, 391, 225, -1, 444, 211, 15.1, 23, ABplppapppp, 203, 28246, 14010, 496, , 28246, 25000, 28509, 28713, 0, 
461, 1, 262, 317, -1, 375, 244, 18.7, 22, MSaapapaa, 176, 44796, 23473, 524, , 44796, 25000, 30465, 31151, 0, 
462, 1, 157, 109, -1, 322, 400, 16.3, 25, Dpppaa, 243, 28860, 22049, 764, , 28860, 25000, 28254, 28254, 0, 
463, 1, 298, 516, -1, 451, 398, 13.8, 25, Dppppp, 190, 27764, 19546, 704, , 27764, 25000, 28490, 28527, 0, 
464, 1, 260, 69, -1, 353, 239, 16.9, 24, MSaapaaap, 175, 29010, 17522, 604, , 29010, 25000, 29492, 29182, 0, 
465, 1, 406, 23, -1, 267, 186, 22.9, 22, Nuc234_23_264_186, 202, 28808, 13367, 464, , 28808, 25000, 28871, 29054, 0, 
466, 1, 503, 371, -1, 159, 225, 11.0, 22, ABalaapaapa, 139, 27578, 10590, 384, , 27578, 25000, 27483, 27490, 0, 
467, 0, 313, -1, -1, 518, 131, 21.9, 22, , 199, -476, 13160, 464, , 28362, 25000, 28896, 28838, 0, 
468, 1, 57, 372, -1, 194, 159, 12.5, 29, ABalpapaaap, 371, 28695, 30991, 1080, , 28695, 25000, 28975, 28996, 0, 
469, 1, 34, 468, -1, 182, 262, 15.0, 22, ABalaapaaal, -120, 27232, 10457, 384, , 27232, 25000, 28716, 28657, 0, 
470, 1, 425, 350, -1, 159, 223, 23.8, 22, ABalapapppp, 262, 29391, 14578, 496, , 29391, 25000, 28323, 28195, 0, 
471, 0, 190, -1, -1, 242, 189, 24.4, 25, , 249, 587, 24765, 832, , 29766, 25000, 29192, 29179, 0, 
472, 1, 122, 33, -1, 131, 248, 20.0, 23, ABarpaaaapa, 188, 29895, 15306, 512, , 29895, 25000, 28300, 28333, 0, 
473, 1, 445, 404, -1, 470, 178, 14.0, 22, ABplpapppaa, 123, 28552, 10964, 384, , 28552, 25000, 28802, 28803, 0, 
474, 1, 223, 446, -1, 285, 164, 14.4, 22, ABplpapaapa, 320, 28290, 16182, 572, , 28290, 25000, 28315, 28396, 0, 
475, 1, 138, 159, -1, 191, 288, 12.4, 22, ABalappapapp, -193, 26547, 15185, 572, , 26547, 25000, 28376, 28372, 0, 
476, 1, 483, 365, 510, 220, 170, 17.7, 22, Nuc233_17_217_169, 203, 28387, 14875, 524, , 28387, 25000, 28330, 28580, 0, 
477, 1, 238, 419, -1, 256, 176, 9.5, 22, ABarapppapa, -57, 28627, 14657, 512, , 28627, 25000, 29193, 29377, 0, 
478, 1, 437, 101, -1, 474, 133, 9.4, 28, Nuc233_9_472_143, 26, 27951, 27616, 988, , 27951, 25000, 28001, 28018, 0, 
479, 1, 404, 475, -1, 555, 264, 15.0, 29, Eprpa, -217, 28288, 34738, 1228, , 28288, 25000, 29867, 29934, 0, 
480, 1, 514, 486, -1, 353, 366, 23.5, 29, Cpaaaa, 205, 28462, 30739, 1080, , 28462, 25000, 28774, 28828, 0, 
481, 1, 475, 474, -1, 131, 264, 17.0, 23, ABarpaaapaa, 298, 28432, 14557, 512, , 28432, 25000, 28736, 28749, 0, 
482, 1, 390, 362, -1, 387, 276, 7.9, 22, MSpapppapp, 70, 30670, 14231, 464, , 30670, 25000, 31797, 31866, 0, 
483, 1, 339, 490, -1, 323, 355, 9.4, 20, MSppapaa, -175, 27631, 11384, 412, , 27631, 25000, 28548, 28492, 0, 
484, 1, 288, 489, -1, 169, 285, 22.0, 21, ABalapapapp, -73, 26609, 10218, 384, , 26609, 25000, 29162, 29001, 0, 
485, 1, 441, 199, -1, 265, 192, 11.3, 22, ABarappapaaa, -3, 29475, 15445, 524, , 29475, 25000, 28986, 29188, 0, 
486, 1, 485, 495, -1, 199, 203, 18.1, 22, ABalaaaalal, 490, 29149, 13525, 464, , 29149, 25000, 28843, 28814, 0, 
487, 1, 256, 424, -1, 564, 176, 13.6, 26, Cpppppd, 223, 27101, 22548, 832, , 27101, 25000, 29065, 29042, 0, 
488, 1, 110, 530, -1, 370, 262, 14.5, 26, MSaappaa, 98, 29033, 26014, 896, , 29033, 25000, 31207, 31529, 0, 
489, 1, 379, 42, -1, 176, 190, 25.3, 32, ABplaaapap, 382, 28218, 44698, 1584, , 28218, 25000, 28423, 28386, 0, 
490, 1, 463, 295, -1, 282, 142, 17.9, 20, Nuc232_18_279_141, 177, 30047, 9495, 316, , 30047, 25000, 28902, 29067, 0, 
491, 1, 474, 413, -1, 488, 132, 20.4, 23, ABplapppaaa, -159, 27850, 17824, 640, , 27850, 25000, 28709, 28473, 0, 
492, 1, 327, 431, -1, 241, 165, 21.7, 22, ABalapaapaa, 468, 27813, 14574, 524, , 27813, 25000, 28805, 28761, 0, 
493, 1, 443, 259, -1, 455, 220, 12.8, 22, ABprpapappp, 180, 27371, 13576, 496, , 27371, 25000, 29054, 29135, 0, 
494, 1, 194, 273, -1, 368, 310, 8.0, 22, MSpapppapa, 361, 30044, 11537, 384, , 30044, 25000, 30048, 29933, 0, 
495, 0, 130, -1, -1, 226, 302, 9.5, 23, , -5, 2188, 19858, 632, , 31421, 25000, 29079, 29233, 0, 
496, 1, -1, 56, -1, 309, 204, 14.0, 22, Nuc238_14_309_204, 34, 28440, 10921, 384, , 28440, 25000, 29157, 29505, 0, 
497, 1, 473, 412, -1, 368, 155, 19.5, 23, Nuc233_18_371_145, 18, 28125, 17775, 632, , 28125, 25000, 28873, 28807, 0, 
498, 1, 218, 74, -1, 245, 338, 13.9, 21, ABaraaapapa, 21, 29112, 10131, 348, , 29112, 25000, 28568, 28547, 0, 
499, 1, 70, 256, -1, 309, 195, 8.1, 22, ABprpapaaap, 119, 28825, 13375, 464, , 28825, 25000, 29441, 29874, 0, 
500, 1, 470, 494, -1, 234, 367, 14.3, 25, MSppppap, -38, 27623, 21104, 764, , 27623, 25000, 28961, 29319, 0, 
501, 1, 399, 410, -1, 538, 203, 6.1, 22, ABprapppaaa, 605, 36097, 16749, 464, , 36097, 25000, 38835, 40051, 0, 
502, 1, 468, 59, -1, 438, 240, 11.0, 21, ABprppapppa, 194, 28581, 10975, 384, , 28581, 25000, 28225, 28428, 0, 
503, 1, 482, 218, -1, 309, 251, 7.9, 24, Dpapa, 226, 27983, 16902, 604, , 27983, 25000, 30500, 30630, 0, 
504, 1, 291, 473, -1, 237, 259, 7.3, 23, MSppapap, -193, 30054, 17792, 592, , 30054, 25000, 31907, 31534, 0, 
505, 1, 49, 363, -1, 325, 154, 13.7, 21, ABplpapaaap, 226, 26833, 12665, 472, , 26833, 25000, 27855, 28146, 0, 
506, 0, 523, -1, -1, 198, 174, 23.3, 23, , 645, 528, 17028, 592, , 28764, 25000, 28767, 28236, 0, 
507, 1, 529, 179, -1, 296, 171, 18.1, 22, MSappapp, 263, 27927, 12958, 464, , 27927, 25000, 28281, 28300, 0, 
508, 1, 516, 455, -1, 342, 217, 8.5, 21, ABprpapappa, 191, 28557, 14621, 512, , 28557, 25000, 30378, 30127, 0, 
509, 1, 517, 535, -1, 350, 358, 15.9, 25, MSpaapapp, 220, 26929, 18527, 688, , 26929, 25000, 28886, 29070, 0, 
510, 1, 300, 137, -1, 374, 158, 14.1, 24, ABplpapappap, -197, 28071, 16955, 604, , 28071, 25000, 27677, 27721, 0, 
511, 1, 419, 206, -1, 248, 248, 20.0, 20, ABaraaaaaap, 167, 28864, 9121, 316, , 28864, 25000, 27718, 27872, 0, 
512, 1, 505, 288, -1, 277, 203, 23.0, 20, ABalppppaad, 492, 27035, 8543, 316, , 27035, 25000, 29256, 29189, 0, 
513, 1, 370, 323, -1, 376, 194, 18.0, 24, ABplppapaapa, 176, 29051, 17663, 608, , 29051, 25000, 28316, 28324, 0, 
514, 1, 520, 467, -1, 318, 376, 13.8, 21, Dpaap, 138, 27079, 11590, 428, , 27079, 25000, 28306, 28336, 0, 
515, 1, -1, 499, -1, 186, 262, 8.0, 20, Nuc238_8_186_262, 88, 31978, 10105, 316, , 31978, 25000, 28895, 28898, 0, 
516, 1, 522, 500, -1, 273, 215, 15.0, 21, Nuc233_14_264_225, 187, 30646, 11768, 384, , 30646, 25000, 29199, 28663, 0, 
517, 1, 501, 502, -1, 335, 182, 11.9, 20, Nuc233_12_331_178, 481, 29117, 9201, 316, , 29117, 25000, 28532, 28269, 0, 
518, 1, 487, 517, -1, 121, 238, 17.6, 21, ABarpaaaaar, -197, 26460, 13865, 524, , 26460, 25000, 28926, 29489, 0, 
519, 1, 506, 504, -1, 256, 170, 12.0, 22, ABprpappaaa, 201, 28206, 10831, 384, , 28206, 25000, 28758, 28607, 0, 
520, 1, 209, 506, -1, 406, 227, 11.9, 22, ABprpaaaappp, 172, 27813, 12905, 464, , 27813, 25000, 28740, 28425, 0, 
521, 1, 528, 508, -1, 203, 224, 9.7, 22, ABarappppap, 222, 28309, 14834, 524, , 28309, 25000, 29015, 29406, 0, 
522, 1, 173, 512, -1, 309, 234, 14.4, 21, ABalpappppap, 116, 28994, 15193, 524, , 28994, 25000, 27925, 28012, 0, 
523, 1, 376, 513, -1, 158, 214, 21.2, 22, ABalapaaapa, 157, 28046, 13911, 496, , 28046, 25000, 28337, 28337, 0, 
524, 1, 496, 514, -1, 213, 324, 19.1, 22, MSaaaaapaa, 54, 27228, 12634, 464, , 27228, 25000, 28337, 28108, 0, 
525, 1, 518, 515, -1, 237, 154, 12.2, 22, ABplaappaa, -439, 29831, 14796, 496, , 29831, 25000, 28396, 28585, 0, 
526, 1, 448, -1, -1, 526, 267, 26.8, 31, Cpaapp, 314, 28426, 41616, 1464, , 28426, 25000, 28566, 28617, 0, 
527, 1, 519, 523, -1, 234, 230, 17.9, 20, ABaraaaaaaa, 244, 28038, 8860, 316, , 28038, 25000, 28276, 28386, 0, 
528, 1, 361, 524, -1, 275, 306, 6.5, 22, Nuc234_7_273_303, 115, 37482, 19191, 512, , 37482, 25000, 34529, 34490, 0, 
529, 1, 525, 520, -1, 179, 249, 13.366667, 21, ABalaapaaar, 149, 29103, 15250, 524, , 29103, 25000, 28414, 28639, 0, 
530, 1, 527, 210, -1, 198, 156, 21.1, 24, ABalpppaapv, 205, 28538, 17237, 604, , 28538, 25000, 28724, 28701, 0, 
531, 1, 526, -1, -1, 133, 214, 17.475, 22, ABplaapaaaa, 189, 27766, 15882, 572, , 27766, 25000, 28255, 28767, 0, 
532, 1, 495, 1, -1, 142, 206, 17.0, 21, ABalaaaarlap, 289, 26898, 10329, 384, , 26898, 25000, 27853, 27694, 0, 
533, 1, 530, 528, -1, 295, 283, 23.0, 22, MSaaapaap, 136, 30401, 11674, 384, , 30401, 25000, 28499, 28511, 0, 
534, 1, 531, 521, -1, 339, 323, 22.0, 20, MSaaapapa, 156, 27320, 8633, 316, , 27320, 25000, 28469, 28522, 0, 
535, 1, 532, 505, -1, 350, 289, 22.0, 24, MSaapappa, 160, 29683, 18047, 608, , 29683, 25000, 28879, 28905, 0, 
536, 1, 533, 529, -1, 355, 254, 21.0, 24, MSaapaapa, 158, 29982, 18229, 608, , 29982, 25000, 30356, 30748, 0, 
537, 1, 534, 531, -1, 412, 239, 19.0, 24, MSaappppa, 54, 26592, 16168, 608, , 26592, 25000, 28008, 28067, 0, 
538, 1, 535, 533, -1, 241, 354, 23.0, 22, MSappaaa, 247, 49010, 18820, 384, , 49010, 25000, 34594, 34594, 0, 
539, 1, 536, 534, -1, 491, 227, 20.0, 24, MSappaap, 207, 28069, 17066, 608, , 28069, 25000, 28446, 28664, 0, 
540, 1, 537, 457, -1, 341, 240, 24.0, 24, MSapapaa, -457, 27301, 16599, 608, , 27301, 25000, 28114, 28047, 0, 
541, 1, 538, 536, -1, 284, 293, 9.0, 22, MSppppaa, 578, 28682, 11014, 384, , 28682, 25000, 28266, 28230, 0, 
542, 1, 539, 537, -1, 494, 299, 9.0, 25, MSpppaap, 136, 28144, 21502, 764, , 28144, 25000, 28770, 28723, 0, 
543, 1, 540, 538, -1, 151, 314, 19.0, 22, ABalapppapp, -98, 27841, 10691, 384, , 27841, 25000, 28165, 28387, 0, 
544, 1, 542, 539, -1, 386, 228, 18.0, 22, MSaapppap, 54, 26078, 10014, 384, , 26078, 25000, 29335, 27808, 0, 
545, 1, 543, 540, -1, 320, 299, 8.0, 24, Dpaaa, 213, 27906, 16967, 608, , 27906, 25000, 30563, 30926, 0, 
546, 1, 544, 541, -1, 341, 195, 14.0, 25, ABplpappaap, 260, 27596, 21083, 764, , 27596, 25000, 29286, 29497, 0, 
547, 1, 545, 542, -1, 228, 251, 14.0, 21, ABaraaaaapa, 171, 27638, 10613, 384, , 27638, 25000, 28631, 28807, 0, 
548, 1, 546, 543, -1, 149, 272, 13.0, 24, ABalappappa, 114, 27850, 16933, 608, , 27850, 25000, 28751, 28765, 0, 
549, 1, 548, 544, -1, 168, 270, 16.0, 22, ABalappppaa, 122, 29992, 11517, 384, , 29992, 25000, 28164, 28174, 0, 
550, 1, 549, 545, -1, 173, 240, 20.0, 24, ABalapappaa, -6, 28888, 17564, 608, , 28888, 25000, 28696, 28787, 0, 
551, 1, 550, 546, -1, 174, 158, 19.0, 22, ABalaaapall, 176, 26690, 10249, 384, , 26690, 25000, 27498, 27304, 0, 
552, 1, 551, 547, -1, 215, 188, 22.0, 22, ABalapaappa, 156, 26497, 10175, 384, , 26497, 25000, 28544, 28450, 0, 
