1, 1, 532, 482, -1, 147, 217, 17.0, 21, ABalaaaarlap, 146, 27018, 10375, 384, , 27018, 25000, 28166, 28746, 0, 
2, 1, 320, -1, -1, 180, 321, 16.0, 22, ABarpapaapp, 153, 27378, 10513, 384, , 27378, 25000, 27783, 27810, 0, 
3, 1, 10, 89, -1, 457, 161, 17.0, 23, Capappa, 229, 26688, 13664, 512, , 26688, 25000, 28364, 28299, 0, 
4, 1, 72, 372, -1, 197, 165, 14.4, 24, ABalppapaap, 195, 27931, 19552, 700, , 27931, 25000, 28740, 28771, 0, 
5, 1, 399, 125, -1, 285, 206, 25.9, 27, ABplaapappp, 300, 28927, 26266, 908, , 28927, 25000, 29507, 29586, 0, 
6, 0, 19, -1, -1, 84, 261, 15.9, 23, , 155, 2306, 14670, 496, , 29577, 25000, 27271, 27271, 0, 
7, 1, 369, 226, -1, 405, 231, 15.6, 23, ABplppapapa, -84, 27147, 17374, 640, , 27147, 25000, 28184, 28294, 0, 
8, 1, 65, 104, -1, 517, 132, 8.5, 24, Nuc233_8_515_139, 228, 29486, 22645, 768, , 29486, 25000, 28980, 28980, 0, 
9, 1, 96, 28, -1, 282, 232, 21.1, 24, ABalpapppaa, 235, 29513, 17826, 604, , 29513, 25000, 28603, 28835, 0, 
10, 1, 55, 182, -1, 438, 231, 16.5, 25, ABplppapapp, 217, 28177, 21640, 768, , 28177, 25000, 28076, 27954, 0, 
11, 1, 260, 486, -1, 215, 276, 15.8, 23, ABaraaapaaa, 196, 27357, 14773, 540, , 27357, 25000, 28164, 28078, 0, 
12, 1, 49, 434, -1, 552, 239, 18.4, 31, Eplpa, 310, 28885, 38475, 1332, , 28885, 25000, 29540, 29601, 0, 
13, 1, 160, 19, -1, 215, 212, 12.3, 29, ABarappaaaa, 74, 29078, 31055, 1068, , 29078, 25000, 28308, 28477, 0, 
14, 1, 287, 433, -1, 140, 244, 23.4, 24, ABarpaaaapp, 204, 29104, 20373, 700, , 29104, 25000, 28527, 28598, 0, 
15, 1, 256, 418, -1, 178, 256, 6.3, 23, ABpraaaaaaa, 231, 35561, 21052, 592, , 35561, 25000, 38778, 39486, 0, 
16, 1, 44, 79, -1, 185, 302, 23.7, 27, MSapappp, 277, 26764, 24730, 924, , 26764, 25000, 28576, 28581, 0, 
17, 1, 436, 238, -1, 223, 282, 24.9, 22, MSapappa, 202, 26319, 12212, 464, , 26319, 25000, 28926, 28922, 0, 
18, 1, 57, 392, -1, 186, 151, 21.0, 24, Nuc232_19_207_150, 237, 28939, 17595, 608, , 28939, 25000, 28771, 28699, 0, 
19, 1, 325, 346, -1, 325, 203, 22.3, 25, ABplaapapaa, 205, 28988, 22147, 764, , 28988, 25000, 29012, 28924, 0, 
20, 1, 430, 229, -1, 523, 225, 5.5, 25, ABprapappa, 240, 44853, 34447, 768, , 44853, 25000, 39059, 39699, 0, 
21, 1, 167, 324, -1, 538, 206, 9.1, 24, ABprpppaapa, -68, 26692, 16122, 604, , 26692, 25000, 29035, 28963, 0, 
22, 1, 431, 259, -1, 310, 213, 5.9, 23, ABprppaapap, 198, 39081, 19384, 496, , 39081, 25000, 36627, 36794, 0, 
23, 1, 465, 378, -1, 273, 184, 22.8, 22, Nuc234_23_264_186, 198, 30236, 14997, 496, , 30236, 25000, 28832, 28871, 0, 
24, 1, 36, 247, -1, 324, 229, 16.4, 22, MSaapaaaa, 197, 28717, 16426, 572, , 28717, 25000, 28110, 28251, 0, 
25, 1, 332, 103, -1, 480, 253, 23.0, 28, Capaapa, 281, 27918, 31492, 1128, , 27918, 25000, 28334, 28294, 0, 
26, 1, 52, 173, -1, 298, 194, 9.9, 21, ABprpapaaaa, 189, 27560, 9591, 348, , 27560, 25000, 28763, 28702, 0, 
27, 0, 50, -1, -1, 172, 276, 12.4, 26, , 206, 1705, 24933, 832, , 29968, 25000, 28231, 28263, 0, 
28, 1, 195, 6, -1, 321, 166, 10.4, 24, ABplpaaaapa, 230, 28197, 19738, 700, , 28197, 25000, 28990, 29162, 0, 
29, 1, 78, 1, -1, 460, 133, 19.9, 26, ABplapappa, 10, 27339, 21871, 800, , 27339, 25000, 28243, 28240, 0, 
30, 1, 154, 256, -1, 258, 271, 10.9, 26, ABarapapaap, 238, 29616, 23693, 800, , 29616, 25000, 27982, 27976, 0, 
31, 1, 187, 260, -1, 313, 222, 24.3, 24, ABplaapapap, -197, 29599, 20838, 704, , 29599, 25000, 29049, 29154, 0, 
32, 1, 362, 289, -1, 277, 243, 12.8, 24, ABarapaaaap, 143, 29941, 19641, 656, , 29941, 25000, 28572, 28649, 0, 
33, 1, 472, 76, -1, 133, 246, 19.9, 23, ABarpaaaapa, 184, 28028, 13902, 496, , 28028, 25000, 28027, 28011, 0, 
34, 1, 56, 77, -1, 177, 182, 22.4, 22, ABplaapaapa, 139, 26932, 15405, 572, , 26932, 25000, 28435, 28461, 0, 
35, 1, 206, 264, -1, 223, 169, 8.9, 23, ABarapppapp, 20, 27954, 13865, 496, , 27954, 25000, 28881, 29053, 0, 
36, 1, 275, 480, -1, 537, 364, 10.4, 26, Caaapa, 20, 26990, 22456, 832, , 26990, 25000, 28226, 28139, 0, 
37, 1, 146, 167, -1, 223, 300, 17.6, 26, ABaraappaap, 68, 26784, 22284, 832, , 26784, 25000, 28272, 28222, 0, 
38, 1, 360, 162, -1, 212, 310, 5.5, 25, ABpraaappppa, 250, 40992, 31482, 768, , 40992, 25000, 39716, 39716, 0, 
39, 1, 172, 343, -1, 348, 355, 19.5, 28, MSpaaapap, 249, 28308, 30573, 1080, , 28308, 25000, 28124, 28176, 0, 
40, 1, 258, 399, -1, 496, 176, 12.4, 22, ABplpappppp, 209, 28427, 16260, 572, , 28427, 25000, 28208, 28148, 0, 
41, 1, 163, 382, -1, 405, 269, 19.1, 26, Ealaav, 252, 28653, 22922, 800, , 28653, 25000, 28790, 28899, 0, 
42, 1, 489, -1, -1, 182, 180, 25.5, 25, ABplaaapap, 189, 27924, 21446, 768, , 27924, 25000, 28173, 28114, 0, 
43, 1, 141, 330, -1, 163, 325, 10.0, 24, ABarpapppa, 213, 28332, 17226, 608, , 28332, 25000, 28457, 28456, 0, 
44, 0, 203, -1, -1, 551, 169, 7.2, 22, , 175, -2877, 14649, 496, , 29534, 25000, 32100, 32411, 0, 
45, 1, 176, 120, -1, 322, 285, 9.8, 24, ABaraappppa, 211, 28066, 18411, 656, , 28066, 25000, 28780, 28590, 0, 
46, 1, 75, 444, -1, 209, 251, 7.3, 23, ABprpaaaaaa, 262, 31035, 18373, 592, , 31035, 25000, 32701, 33295, 0, 
47, 1, 212, 150, -1, 274, 138, 23.5, 25, ABalpppppppp, 243, 27913, 21437, 768, , 27913, 25000, 28467, 28618, 0, 
48, 1, 348, 342, -1, 311, 174, 13.7, 22, Nuc232_13_303_173, 171, 29227, 15315, 524, , 29227, 25000, 28406, 28280, 0, 
49, 1, 132, 230, -1, 457, 307, 6.0, 26, ABprappaap, 221, 34094, 29048, 852, , 34094, 25000, 33999, 33999, 0, 
50, 1, 109, 115, -1, 252, 216, 14.8, 28, Nuc233_14_250_214, 205, 29618, 31158, 1052, , 29618, 25000, 28404, 28390, 0, 
51, 1, 264, 316, -1, 314, 346, 12.9, 25, ABaraapppap, 241, 27770, 19106, 688, , 27770, 25000, 28350, 28466, 0, 
52, 1, 335, 468, -1, 315, 340, 16.3, 23, MSpaapaaa, 224, 26708, 15811, 592, , 26708, 25000, 28725, 29085, 0, 
53, 1, 183, 112, -1, 451, 257, 9.5, 23, ABprppapapp, 195, 29441, 18607, 632, , 29441, 25000, 29561, 29677, 0, 
54, 1, 184, 380, -1, 336, 136, 14.5, 24, ABalpapapppp, -55, 26581, 20414, 768, , 26581, 25000, 27642, 27622, 0, 
55, 1, 444, -1, -1, 146, 299, 17.5, 24, ABarpapaaaa, 227, 28620, 21980, 768, , 28620, 25000, 28474, 28517, 0, 
56, 1, 496, 484, -1, 318, 196, 14.1, 22, Nuc238_14_309_204, 156, 31278, 14513, 464, , 31278, 25000, 29019, 29049, 0, 
57, 1, 151, 209, -1, 496, 293, 5.7, 26, ABprappapp, -66, 35315, 30230, 856, , 35315, 25000, 36206, 36209, 0, 
58, 1, 60, 292, -1, 234, 285, 22.3, 27, ABaraapaapa, 244, 28199, 26056, 924, , 28199, 25000, 27890, 27875, 0, 
59, 1, 502, 498, -1, 441, 239, 11.2, 22, ABprppapppa, 187, 27244, 13513, 496, , 27244, 25000, 29153, 29441, 0, 
60, 0, 79, -1, -1, 340, 133, 11.3, 23, , 193, 1436, 17535, 592, , 29620, 25000, 28213, 28184, 0, 
61, 1, 294, 331, -1, 521, 249, 8.1, 24, Cppappa, 225, 28262, 17070, 604, , 28262, 25000, 29353, 29381, 0, 
62, 1, 353, 5, -1, 310, 132, 11.0, 26, ABalpapapap, 242, 28714, 24464, 852, , 28714, 25000, 28860, 28897, 0, 
63, 1, 118, 437, -1, 503, 386, 13.6, 25, Cpppaap, 235, 27683, 23032, 832, , 27683, 25000, 27994, 28049, 0, 
64, 0, 165, -1, -1, 246, 156, 8.7, 23, , 252, 30, 17471, 592, , 29512, 25000, 29155, 29482, 0, 
65, 1, 35, 441, -1, 508, 258, 5.3, 24, ABprapapap, 223, 38325, 26981, 704, , 38325, 25000, 37850, 37918, 0, 
66, 1, 77, 119, -1, 348, 262, 11.5, 23, MSpapaaap, 218, 30256, 19122, 632, , 30256, 25000, 30495, 29349, 0, 
67, 1, 161, 373, -1, 116, 301, 18.2, 23, ABarpaapaa, 239, 28013, 15127, 540, , 28013, 25000, 28404, 28470, 0, 
68, 1, 107, 270, -1, 321, 294, 12.0, 23, ABaraappppp, 190, 27975, 14323, 512, , 27975, 25000, 28814, 28942, 0, 
69, 1, 464, 466, -1, 358, 240, 16.9, 23, MSaapaaap, 222, 28560, 14166, 496, , 28560, 25000, 30906, 30412, 0, 
70, 1, 378, 398, -1, 211, 351, 19.1, 22, MSpppaaa, 161, 26308, 12207, 464, , 26308, 25000, 27906, 27948, 0, 
71, 1, 26, 83, -1, 281, 177, 12.5, 27, ABalpapapaa, 102, 27863, 24965, 896, , 27863, 25000, 28780, 28795, 0, 
72, 1, 295, 362, -1, 305, 193, 22.4, 23, ABalpppppap, 220, 29770, 19053, 640, , 29770, 25000, 28322, 28396, 0, 
73, 1, 121, 252, -1, 496, 154, 18.3, 24, ABplpppaapa, -78, 28014, 19722, 704, , 28014, 25000, 28481, 28450, 0, 
74, 1, 498, 455, -1, 242, 336, 14.4, 22, ABaraaapapa, 156, 26624, 15229, 572, , 26624, 25000, 28346, 28426, 0, 
75, 1, 221, 395, -1, 545, 150, 15.0, 25, Cappppd, 201, 27446, 20969, 764, , 27446, 25000, 27987, 28072, 0, 
76, 1, 355, 384, -1, 498, 338, 6.7, 26, ABarpppppa, 263, 31863, 27275, 856, , 31863, 25000, 34871, 34869, 0, 
77, 1, 233, 87, -1, 373, 314, 5.2, 26, ABprapaapp, 146, 36663, 29184, 796, , 36663, 25000, 37028, 37020, 0, 
78, 1, 380, 240, -1, 493, 196, 15.1, 22, ABplppppaap, 199, 27052, 12552, 464, , 27052, 25000, 28357, 28577, 0, 
79, 1, 142, 261, -1, 285, 352, 21.4, 23, Nuc236_21_281_347, 207, 28913, 18504, 640, , 28913, 25000, 28686, 28705, 0, 
80, 1, 354, 381, -1, 474, 162, 12.1, 23, ABplppppapp, 216, 27552, 13666, 496, , 27552, 25000, 28729, 28636, 0, 
81, 1, 90, 24, -1, 299, 371, 20.9, 24, MSaaaapaa, 216, 27608, 16675, 604, , 27608, 25000, 28284, 28174, 0, 
82, 1, 123, 2, -1, 216, 253, 16.6, 22, ABalpaappaaa, 198, 27895, 15956, 572, , 27895, 25000, 27158, 27074, 0, 
83, 1, 149, 344, -1, 559, 211, 6.7, 22, ABprapppaap, 210, 32845, 17211, 524, , 32845, 25000, 33982, 34012, 0, 
84, 1, 352, 317, -1, 149, 184, 22.4, 24, Nuc234_23_148_189, 128, 27000, 18900, 700, , 27000, 25000, 26890, 26837, 0, 
85, 1, 421, 454, -1, 538, 173, 10.0, 23, ABprapppapp, 197, 25699, 13158, 512, , 25699, 25000, 28599, 28784, 0, 
86, 1, 382, 469, -1, 183, 239, 22.5, 22, ABalapapppa, 171, 28324, 14502, 512, , 28324, 25000, 28424, 28806, 0, 
87, 1, 327, 92, -1, 378, 195, 14.4, 22, ABplppappaa, 413, 27016, 15453, 572, , 27016, 25000, 28082, 28110, 0, 
88, 1, 312, 452, -1, 249, 386, 14.0, 27, ABarpaappp, 233, 26423, 27269, 1032, , 26423, 25000, 27754, 27821, 0, 
89, 1, 317, 383, -1, 467, 237, 7.4, 23, ABprpppaaap, -103, 30802, 19713, 640, , 30802, 25000, 31864, 31883, 0, 
90, 1, 237, 55, -1, 251, 233, 26.5, 38, ABplaaappp, 382, 28683, 73200, 2552, , 28683, 25000, 28799, 28805, 0, 
91, 1, 268, 212, -1, 546, 142, 11.5, 22, ABprppppppp, 215, 27230, 13942, 512, , 27230, 25000, 28589, 28855, 0, 
92, 1, 131, 57, -1, 324, 133, 18.5, 24, ABplppaapap, 222, 27710, 21281, 768, , 27710, 25000, 28806, 28896, 0, 
93, 1, 101, 68, -1, 340, 329, 12.5, 23, MSpapappa, 211, 28570, 18056, 632, , 28570, 25000, 29591, 29782, 0, 
94, 1, 211, 310, -1, 162, 250, 25.2, 24, ABplaaaaappa, 659, 27610, 18112, 656, , 27610, 25000, 27827, 27990, 0, 
95, 1, 42, 25, -1, 210, 292, 9.9, 22, ABprpaapaaa, 12, 30168, 13998, 464, , 30168, 25000, 29255, 29305, 0, 
96, 1, 194, 367, -1, 458, 258, 14.3, 25, MSapaapp, 258, 27020, 20643, 764, , 27020, 25000, 28348, 28348, 0, 
97, 1, 91, 277, -1, 394, 330, 20.4, 26, Ealaad, 260, 27839, 23162, 832, , 27839, 25000, 28899, 28879, 0, 
98, 0, 102, -1, -1, 328, 156, 6.9, 24, , 2, -2644, 20270, 604, , 33560, 25000, 35628, 36204, 0, 
99, 1, 135, 75, -1, 449, 164, 13.7, 23, ABplppppapa, 217, 26890, 15919, 592, , 26890, 25000, 28560, 28659, 0, 
100, 1, 139, 14, -1, 393, 194, 21.7, 27, ABplapaapp, 33, 26727, 24696, 924, , 26727, 25000, 28261, 28244, 0, 
101, 1, 478, 251, -1, 474, 132, 9.6, 28, Nuc233_9_472_143, 224, 27242, 26915, 988, , 27242, 25000, 27856, 27764, 0, 
102, 0, 201, -1, -1, 497, 136, 22.5, 25, , 215, 838, 22191, 768, , 28895, 25000, 28037, 28057, 0, 
103, 1, 231, 155, -1, 408, 253, 21.5, 26, Capaaaa, 268, 28456, 25497, 896, , 28456, 25000, 28433, 28353, 0, 
104, 1, 106, 132, -1, 372, 271, 11.0, 22, MSpapapap, 177, 44086, 16929, 384, , 44086, 25000, 33272, 32640, 0, 
105, 1, 323, 11, -1, 377, 230, 7.9, 23, ABprppapaaa, 231, 29407, 14586, 496, , 29407, 25000, 30818, 30854, 0, 
106, 1, 248, 319, -1, 332, 144, 21.5, 28, ABplppaaaap, 275, 27611, 29820, 1080, , 27611, 25000, 28621, 28726, 0, 
107, 1, 40, 168, -1, 486, 204, 9.9, 22, ABplpapppap, 221, 30082, 13958, 464, , 30082, 25000, 28853, 28803, 0, 
108, 0, 314, -1, -1, 587, 177, 12.1, 22, , 195, 366, 13353, 464, , 28778, 25000, 28451, 28412, 0, 
109, 1, 462, 524, -1, 319, 396, 16.3, 25, Dpppaa, 211, 27438, 20963, 764, , 27438, 25000, 28329, 28330, 0, 
110, 1, 12, 15, -1, 408, 232, 9.5, 23, ABprpaaaappa, 199, 27497, 17378, 632, , 27497, 25000, 28430, 28545, 0, 
111, 1, 89, 305, -1, 226, 231, 25.3, 22, ABalpppappp, 166, 29229, 15316, 524, , 29229, 25000, 29227, 29417, 0, 
112, 1, 236, 474, -1, 440, 263, 21.9, 22, Capaaap, 227, 27631, 12821, 464, , 27631, 25000, 28456, 28402, 0, 
113, 1, 365, 246, -1, 212, 181, 24.6, 28, ABplaapaapp, 279, 27846, 27512, 988, , 27846, 25000, 29622, 29636, 0, 
114, 1, 129, 322, -1, 277, 366, 18.4, 24, MSpaaappa, 212, 27630, 19341, 700, , 27630, 25000, 28516, 28176, 0, 
115, 1, 433, 248, -1, 206, 143, 18.1, 24, ABalpppaaap, 224, 26937, 16270, 604, , 26937, 25000, 28727, 28824, 0, 
116, 1, 252, 314, -1, 176, 237, 18.1, 24, ABalaaaarlp, -23, 27679, 16718, 604, , 27679, 25000, 28407, 28576, 0, 
117, 1, 16, 224, -1, 169, 243, 16.0, 23, ABalaaaarrp, 220, 26619, 13629, 512, , 26619, 25000, 29168, 29403, 0, 
118, 1, 95, 231, -1, 294, 257, 5.0, 24, ABprppaaaap, 241, 39293, 23890, 608, , 39293, 25000, 36105, 35729, 0, 
119, 1, 218, 60, -1, 332, 217, 6.8, 23, ABprapaapaaa, 194, 32333, 17460, 540, , 32333, 25000, 33597, 33490, 0, 
120, 1, 255, 17, -1, 292, 247, 15.5, 24, ABalpappppaa, 210, 28286, 21724, 768, , 28286, 25000, 29358, 29419, 0, 
121, 1, 34, 352, -1, 444, 238, 23.6, 25, ABplappaap, 3, 29637, 24658, 832, , 29637, 25000, 27972, 27962, 0, 
122, 1, 393, 340, -1, 510, 207, 11.6, 23, ABprppppaap, 135, 28827, 18449, 640, , 28827, 25000, 28960, 28987, 0, 
123, 0, 495, -1, -1, 229, 301, 9.5, 22, , 318, 152, 15039, 512, , 29373, 25000, 29276, 29221, 0, 
124, 1, 458, 109, -1, 549, 305, 15.7, 30, Eprap, 306, 29028, 37968, 1308, , 29028, 25000, 30634, 30629, 0, 
125, 1, 22, 422, -1, 432, 172, 14.7, 24, ABplpppaaaa, 241, 27446, 19322, 704, , 27446, 25000, 27378, 27508, 0, 
126, 1, 267, 127, -1, 215, 255, 10.4, 22, ABarappppaa, -48, 27678, 15832, 572, , 27678, 25000, 28183, 28199, 0, 
127, 1, 239, 139, -1, 512, 201, 14.5, 24, ABprpappppp, 207, 26850, 20621, 768, , 26850, 25000, 28441, 28493, 0, 
128, 1, 326, 239, -1, 549, 338, 11.5, 25, Cppapap, 256, 27323, 20984, 768, , 27323, 25000, 29264, 29290, 0, 
129, 1, 122, 243, -1, 423, 237, 14.2, 22, ABplppapppa, 211, 28008, 13892, 496, , 28008, 25000, 28079, 28154, 0, 
130, 1, 104, 253, -1, 218, 325, 16.6, 24, ABaraappapa, 210, 26513, 18559, 700, , 26513, 25000, 28191, 28329, 0, 
131, 1, 434, 99, -1, 169, 315, 13.4, 24, ABalappapapa, 205, 28096, 19667, 700, , 28096, 25000, 28801, 28900, 0, 
132, 1, 384, 164, -1, 497, 241, 13.3, 25, MSppaapp, 233, 28923, 22097, 764, , 28923, 25000, 29133, 29161, 0, 
133, 1, 394, 52, -1, 122, 253, 14.1, 24, ABpraapaaap, 207, 28510, 17220, 604, , 28510, 25000, 27945, 27956, 0, 
134, 1, 178, 114, -1, 284, 211, 17.4, 23, ABalpaaaaap, 207, 27177, 17393, 640, , 27177, 25000, 28101, 28120, 0, 
135, 1, 330, 12, -1, 380, 338, 15.0, 34, Earaa, 276, 28919, 57607, 1992, , 28919, 25000, 29205, 29259, 0, 
136, 1, 274, 216, -1, 464, 228, 10.1, 22, ABprppapppp, 197, 29810, 13832, 464, , 29810, 25000, 29902, 30122, 0, 
137, 1, 510, 4, -1, 385, 160, 13.2, 26, ABplpapappap, 228, 28107, 22373, 796, , 28107, 25000, 27199, 27193, 0, 
138, 1, 148, 50, -1, 359, 140, 15.1, 24, ABplapaapa, -56, 28604, 17277, 604, , 28604, 25000, 27622, 27724, 0, 
139, 1, 316, 276, -1, 235, 164, 16.5, 27, ABalppaappp, 242, 26662, 23889, 896, , 26662, 25000, 28416, 28780, 0, 
140, 1, 164, 423, -1, 271, 366, 11.0, 26, ABprapaaaap, 216, 27945, 23809, 852, , 27945, 25000, 28348, 28404, 0, 
141, 1, 92, 258, -1, 333, 249, 14.2, 24, ABarapapppa, 197, 28764, 18869, 656, , 28764, 25000, 28844, 28905, 0, 
142, 1, 27, 350, -1, 252, 245, 22.1, 23, ABalpaaapaa, 228, 27694, 13736, 496, , 27694, 25000, 28803, 28914, 0, 
143, 1, 230, 179, -1, 264, 141, 12.4, 23, ABalppapapa, 90, 28447, 18206, 640, , 28447, 25000, 28079, 27978, 0, 
144, 1, 145, 94, -1, 513, 156, 23.9, 22, ABarppappp, 157, 26455, 12275, 464, , 26455, 25000, 28856, 28856, 0, 
145, 1, 401, 101, -1, 455, 388, 9.6, 28, Caaaap, 280, 27520, 27190, 988, , 27520, 25000, 28366, 28368, 0, 
146, 1, 111, 242, -1, 334, 247, 20.9, 24, ABaraapappa, 105, 28709, 17340, 604, , 28709, 25000, 29720, 29674, 0, 
147, 1, 292, 417, -1, 480, 240, 18.2, 29, Z3, 293, 27512, 30593, 1112, , 27512, 25000, 28093, 28121, 0, 
148, 1, 386, 485, -1, 399, 309, 14.1, 22, Nuc233_15_386_313pa, 148, 29959, 13901, 464, , 29959, 25000, 29716, 29879, 0, 
149, 0, 398, -1, -1, 276, 291, 21.6, 24, , 198, 548, 20309, 700, , 29013, 25000, 28415, 28465, 0, 
150, 1, 276, 206, -1, 335, 298, 5.0, 27, ABpraapppp, 274, 38296, 39521, 1032, , 38296, 25000, 36992, 37191, 0, 
151, 1, 33, 394, -1, 319, 274, 22.1, 26, ABaraapapaa, 233, 27914, 22331, 800, , 27914, 25000, 29003, 29240, 0, 
152, 1, 159, -1, -1, 422, 367, 22.5, 28, Dappaap, 242, 27631, 29842, 1080, , 27631, 25000, 28338, 28320, 0, 
153, 1, 328, 347, -1, 239, 197, 9.4, 23, ABarapppppp, 203, 28853, 18466, 640, , 28853, 25000, 28376, 28524, 0, 
154, 1, 270, 185, -1, 236, 186, 20.5, 23, ABalppappaa, 203, 29024, 18343, 632, , 29024, 25000, 27678, 27703, 0, 
155, 1, 308, 403, -1, 300, 212, 12.8, 22, ABplpappaaa, 222, 27321, 13551, 496, , 27321, 25000, 28176, 28160, 0, 
156, 1, 87, 126, -1, 193, 163, 8.9, 22, ABpraappaa, 35, 28259, 13112, 464, , 28259, 25000, 27980, 28042, 0, 
157, 1, 4, 489, -1, 265, 251, 13.9, 22, ABarapaaapa, 168, 28300, 13131, 464, , 28300, 25000, 28182, 28058, 0, 
158, 1, 32, 178, -1, 298, 144, 20.5, 24, ABplpaaaaap, 221, 28264, 21707, 768, , 28264, 25000, 28388, 28676, 0, 
159, 1, 475, 337, -1, 189, 287, 12.5, 22, ABalappapapp, 176, 29320, 15012, 512, , 29320, 25000, 28684, 28687, 0, 
160, 1, 20, 38, -1, 246, 299, 13.2, 24, ABarapaapaa, -247, 28178, 18485, 656, , 28178, 25000, 28365, 28555, 0, 
161, 1, 130, 244, -1, 280, 165, 21.7, 22, ABalpppppaa, 200, 29649, 15536, 524, , 29649, 25000, 28555, 28704, 0, 
162, 1, 74, 306, -1, 526, 113, 16.6, 27, ABplappppp, 231, 27594, 27263, 988, , 27594, 25000, 28003, 28060, 0, 
163, 1, 337, 424, -1, 342, 327, 17.9, 24, MSaaaappp, 232, 28467, 17194, 604, , 28467, 25000, 28519, 28562, 0, 
164, 1, 45, 74, -1, 451, 194, 16.8, 24, ABplpppaaap, -172, 28761, 18867, 656, , 28761, 25000, 29207, 29378, 0, 
165, 0, 182, -1, -1, 276, 302, 14.8, 25, , 214, 1321, 20976, 704, , 29795, 25000, 28445, 28474, 0, 
166, 1, 395, 159, -1, 226, 193, 5.6, 27, ABprpaapapp, 276, 44537, 44003, 988, , 44537, 25000, 39687, 39932, 0, 
167, 1, 349, 7, -1, 258, 349, 17.0, 24, MSpaaaapp, 118, 28000, 17024, 608, , 28000, 25000, 29036, 29293, 0, 
168, 1, 282, 165, -1, 438, 326, 8.9, 24, Cppaaap, 225, 28338, 17116, 604, , 28338, 25000, 29236, 29380, 0, 
169, 1, 204, 130, -1, 384, 216, 16.1, 24, ABplppapaapp, 216, 28881, 17444, 604, , 28881, 25000, 29064, 29418, 0, 
170, 1, 293, 333, -1, 331, 187, 15.7, 23, ABplpapapaa, 214, 28068, 16616, 592, , 28068, 25000, 29328, 29418, 0, 
171, 1, 385, 334, -1, 163, 171, 19.6, 24, ABalpppaapd, 198, 27517, 19262, 700, , 27517, 25000, 28203, 28105, 0, 
172, 1, 105, 221, -1, 252, 230, 7.2, 22, ABprpaaappp, 194, 28702, 14236, 496, , 28702, 25000, 31830, 31869, 0, 
173, 1, 418, 42, -1, 452, 217, 19.3, 25, MSpappaa, 242, 27649, 21124, 764, , 27649, 25000, 27646, 27666, 0, 
174, 1, 179, 225, -1, 267, 129, 10.8, 29, ABplaappap, 294, 29096, 32355, 1112, , 29096, 25000, 28105, 28047, 0, 
175, 1, 441, 361, -1, 363, 327, 20.5, 23, MSaaapapp, 176, 27799, 17569, 632, , 27799, 25000, 27548, 27756, 0, 
176, 0, 454, -1, -1, 286, 275, 11.7, 22, , 189, -570, 14911, 524, , 28456, 25000, 28930, 29026, 0, 
177, 1, 124, 180, -1, 575, 280, 23.3, 28, Capppaa, 279, 29116, 30979, 1064, , 29116, 25000, 28603, 28625, 0, 
178, 1, 440, 453, -1, 383, 400, 10.6, 27, Caaaaa, 274, 28057, 27720, 988, , 28057, 25000, 28712, 28738, 0, 
179, 1, 507, 503, -1, 298, 178, 17.9, 22, MSappapp, 149, 29881, 13865, 464, , 29881, 25000, 28992, 29100, 0, 
180, 1, 147, 375, -1, 382, 347, 24.5, 29, Dappaaa, 180, 27999, 30239, 1080, , 27999, 25000, 28395, 28399, 0, 
181, 1, 322, 208, -1, 358, 264, 7.7, 23, ABprapaapap, 223, 28363, 16791, 592, , 28363, 25000, 32702, 32757, 0, 
182, 1, 223, 54, -1, 459, 325, 18.5, 30, Ealap, -2, 28130, 34656, 1232, , 28130, 25000, 28748, 28769, 0, 
183, 1, 269, 280, -1, 298, 262, 26.1, 28, ABplapaaaap, 287, 28238, 30723, 1088, , 28238, 25000, 29390, 29447, 0, 
184, 1, 356, 102, -1, 318, 199, 11.6, 24, ABprpappapa, 199, 28663, 20064, 700, , 28663, 25000, 28956, 28889, 0, 
185, 1, 408, 473, -1, 224, 294, 20.0, 28, ABaraapaaap, 250, 27666, 31207, 1128, , 27666, 25000, 27995, 27939, 0, 
186, 1, 363, 72, -1, 387, 225, 13.6, 23, ABplppappap, 200, 28263, 18088, 640, , 28263, 25000, 28527, 28612, 0, 
187, 1, 110, 8, -1, 315, 131, 15.8, 22, ABplpaapppa, 192, 27532, 13656, 496, , 27532, 25000, 28509, 28838, 0, 
188, 1, 136, 377, -1, 494, 254, 10.4, 23, ABprpppppaa, 157, 29647, 18974, 640, , 29647, 25000, 28335, 28358, 0, 
189, 1, 336, 321, -1, 357, 190, 14.6, 22, MSaapppaa, 156, 31362, 17939, 572, , 31362, 25000, 28217, 28513, 0, 
190, 1, 180, 202, -1, 208, 216, 22.5, 25, ABalapaaaa, 252, 28430, 21834, 768, , 28430, 25000, 28639, 28603, 0, 
191, 1, 62, 249, -1, 204, 321, 14.2, 25, MSppaaap, 183, 28994, 20412, 704, , 28994, 25000, 27755, 27687, 0, 
192, 1, 412, 163, -1, 212, 358, 9.5, 25, ABarpapppp, 251, 27819, 21365, 768, , 27819, 25000, 28810, 28737, 0, 
193, 1, 246, 446, -1, 372, 235, 23.6, 26, ABplapaaapp, 96, 28599, 23794, 832, , 28599, 25000, 28551, 28702, 0, 
194, 1, 128, 73, -1, 182, 213, 7.2, 23, ABpraaaaaap, 218, 30600, 16524, 540, , 30600, 25000, 33217, 32908, 0, 
195, 1, 424, 326, -1, 233, 185, 12.6, 26, ABarappaapa, 240, 27436, 22827, 832, , 27436, 25000, 28388, 28147, 0, 
196, 1, 257, 32, -1, 187, 219, 18.9, 23, ABalaaaalar, -21, 27639, 13709, 496, , 27639, 25000, 27986, 27903, 0, 
197, 1, 38, 302, -1, 337, 236, 18.6, 25, ABaraapappp, 198, 27976, 23276, 832, , 27976, 25000, 28954, 29060, 0, 
198, 1, 13, 236, -1, 214, 269, 20.1, 24, ABaraapaaaa, -98, 27146, 16396, 604, , 27146, 25000, 27467, 27565, 0, 
199, 1, 485, 86, -1, 267, 191, 11.3, 24, ABarappapaaa, 103, 29007, 20421, 704, , 29007, 25000, 28654, 28684, 0, 
200, 1, 280, 151, -1, 545, 303, 6.8, 28, ABprapapaa, 278, 34725, 36531, 1052, , 34725, 25000, 34659, 34700, 0, 
201, 1, 329, 223, -1, 400, 200, 13.4, 22, ABplpaaaapp, 220, 28281, 16177, 572, , 28281, 25000, 28849, 28929, 0, 
202, 1, 80, 282, -1, 482, 178, 15.8, 24, ABplppppaaa, 197, 28075, 18417, 656, , 28075, 25000, 27829, 28020, 0, 
203, 1, 127, 294, -1, 465, 206, 22.9, 27, ABplappapp, 251, 30762, 27932, 908, , 30762, 25000, 27766, 27758, 0, 
204, 1, 98, 430, -1, 519, 189, 7.7, 24, ABprpppaapp, 222, 28979, 20401, 704, , 28979, 25000, 32145, 32273, 0, 
205, 0, 415, -1, -1, 154, 293, 22.3, 22, , 91, 2312, 16070, 524, , 30668, 25000, 28348, 28356, 0, 
206, 1, 511, 464, -1, 250, 246, 20.1, 22, ABaraaaaaap, 163, 28731, 13331, 464, , 28731, 25000, 29369, 29670, 0, 
207, 1, 450, 93, -1, 152, 334, 21.2, 25, ABarpapapp, -109, 28270, 19902, 704, , 28270, 25000, 28215, 28258, 0, 
208, 1, 303, 254, -1, 312, 216, 9.0, 22, ABprpapapap, 189, 28503, 10945, 384, , 28503, 25000, 29637, 29628, 0, 
209, 1, 281, 143, -1, 546, 223, 14.4, 30, Eprpp, 297, 29193, 33747, 1156, , 29193, 25000, 29936, 29965, 0, 
210, 1, 530, -1, -1, 205, 160, 20.9, 23, ABalpppaapv, 176, 27923, 13850, 496, , 27923, 25000, 29080, 29336, 0, 
211, 1, 437, 318, -1, 443, 214, 10.5, 23, ABprppaappp, 198, 28805, 18205, 632, , 28805, 25000, 28363, 28312, 0, 
212, 1, 193, 82, -1, 164, 197, 16.7, 25, ABalpaapppp, 219, 28048, 21429, 764, , 28048, 25000, 27821, 28052, 0, 
213, 1, 277, 320, -1, 290, 299, 5.4, 24, ABprpaappap, 228, 39936, 27955, 700, , 39936, 25000, 37603, 37365, 0, 
214, 1, 414, 492, -1, 348, 296, 10.0, 22, MSpapaapa, 183, 29260, 11236, 384, , 29260, 25000, 29287, 29384, 0, 
215, 1, 69, 152, -1, 137, 309, 23.1, 25, ABplaaaapp, 152, 26798, 18437, 688, , 26798, 25000, 28764, 28758, 0, 
216, 1, 451, 435, -1, 135, 203, 20.2, 24, ABplaapaaap, 193, 27355, 17945, 656, , 27355, 25000, 27878, 27871, 0, 
217, 1, 17, 374, -1, 549, 207, 22.5, 25, Cappapa, 249, 28402, 21813, 768, , 28402, 25000, 29725, 29571, 0, 
218, 1, 503, 171, -1, 312, 254, 8.1, 23, Dpapa, 200, 29067, 14417, 496, , 29067, 25000, 30801, 30988, 0, 
219, 1, 396, 166, -1, 493, 205, 17.8, 22, ABplpppppaa, 229, 28359, 14066, 496, , 28359, 25000, 27994, 27995, 0, 
220, 1, 23, 327, -1, 477, 138, 16.1, 24, ABplpppapaa, 487, 28320, 17105, 604, , 28320, 25000, 28560, 28533, 0, 
221, 1, 243, 488, -1, 484, 289, 11.3, 30, Z2, 306, 28982, 37909, 1308, , 28982, 25000, 28559, 28716, 0, 
222, 0, 390, -1, -1, 278, 349, 5.7, 22, , 174, 895, 21357, 524, , 40758, 25000, 39853, 39863, 0, 
223, 1, 321, 439, -1, 584, 196, 21.1, 25, Capppap, 259, 27632, 19011, 688, , 27632, 25000, 29268, 29268, 0, 
224, 1, 419, 313, -1, 192, 231, 14.8, 23, Nuc233_14_174_217, 212, 28143, 15197, 540, , 28143, 25000, 28049, 28211, 0, 
225, 1, 460, 416, -1, 443, 211, 15.2, 26, ABplppapppp, 232, 28006, 22293, 796, , 28006, 25000, 29157, 29410, 0, 
226, 1, 238, 149, -1, 507, 210, 22.3, 25, Capaapp, 134, 27457, 20977, 764, , 27457, 25000, 28419, 28438, 0, 
227, 1, 299, 16, -1, 225, 366, 12.3, 23, ABarpppaaa, 289, 27606, 16343, 592, , 27606, 25000, 27896, 27971, 0, 
228, 1, 261, 41, -1, 480, 337, 15.1, 32, Epraa, 322, 29240, 46082, 1576, , 29240, 25000, 29759, 29782, 0, 
229, 1, 37, 78, -1, 256, 323, 12.8, 24, ABarapaappa, 225, 27896, 18300, 656, , 27896, 25000, 28700, 28843, 0, 
230, 1, 289, 338, -1, 261, 277, 26.1, 25, MSapppap, 378, 29073, 20002, 688, , 29073, 25000, 28881, 28879, 0, 
231, 1, 29, 88, -1, 193, 236, 10.8, 23, ABarapppaaa, 135, 28150, 15201, 540, , 28150, 25000, 28592, 28579, 0, 
232, 1, 272, 59, -1, 272, 324, 21.7, 23, MSaaaaapp, 200, 27794, 16454, 592, , 27794, 25000, 29152, 29205, 0, 
233, 1, 340, 80, -1, 303, 120, 19.7, 24, ABplppaaaaa, 41, 26786, 18857, 704, , 26786, 25000, 28962, 29046, 0, 
234, 1, 119, 20, -1, 583, 330, 15.2, 27, Cppppaa, -190, 26498, 23000, 868, , 26498, 25000, 28553, 28544, 0, 
235, 1, 301, 186, -1, 387, 211, 10.9, 23, ABarappappa, -236, 27679, 13729, 496, , 27679, 25000, 29086, 29465, 0, 
236, 1, 370, 405, -1, 244, 348, 8.3, 25, ABpraapappp, 216, 29069, 22209, 764, , 29069, 25000, 29635, 29688, 0, 
237, 1, 225, 205, -1, 290, 177, 25.0, 22, Nuc234_25_278_177, 181, 27734, 10650, 384, , 27734, 25000, 29647, 29586, 0, 
238, 1, 114, 274, 448, 253, 279, 6.5, 22, ABprpaaaaap, 32, 33486, 17145, 512, , 33486, 25000, 36660, 35653, 0, 
239, 1, 175, 365, -1, 286, 228, 4.8, 22, Nuc234_7_277_240, 347, 37563, 18631, 496, , 37563, 25000, 38003, 37770, 0, 
240, 1, 364, 31, -1, 265, 158, 25.7, 26, ABalpppppppa, 262, 27979, 23950, 856, , 27979, 25000, 29069, 29074, 0, 
241, 1, 247, 48, -1, 495, 326, 19.6, 32, Eplaa, 323, 28787, 42720, 1484, , 28787, 25000, 29463, 29481, 0, 
242, 1, 126, 90, -1, 477, 173, 22.7, 27, ABplapapap, -119, 27287, 25213, 924, , 27287, 25000, 28068, 28032, 0, 
243, 0, 443, -1, -1, 279, 262, 20.3, 22, , 183, 436, 15435, 524, , 29456, 25000, 28996, 29020, 0, 
244, 1, 253, 36, -1, 437, 358, 17.7, 32, Earap, 317, 28984, 45911, 1584, , 28984, 25000, 29947, 29990, 0, 
245, 1, 222, 266, -1, 402, 308, 8.3, 25, Cppaaaa, 239, 29186, 22298, 764, , 29186, 25000, 29425, 29550, 0, 
246, 1, 82, 250, -1, 471, 177, 7.6, 24, ABprppppapa, 228, 30010, 21007, 700, , 30010, 25000, 30274, 30544, 0, 
247, 1, 403, 220, -1, 210, 373, 20.4, 29, ABarpaappa, 292, 27389, 31662, 1156, , 27389, 25000, 27445, 27463, 0, 
248, 1, 143, 443, -1, 551, 207, 25.3, 33, Cpapap, 332, 28984, 50316, 1736, , 28984, 25000, 28745, 28746, 0, 
249, 1, 259, 67, -1, 181, 218, 13.5, 22, ABaraaapppa, 178, 28281, 14480, 512, , 28281, 25000, 27798, 27886, 0, 
250, 1, 116, 304, -1, 542, 255, 23.8, 30, Capapap, 300, 28390, 37475, 1320, , 28390, 25000, 29269, 29248, 0, 
251, 1, 214, 10, -1, 452, 134, 13.4, 24, ABplappppa, 213, 28997, 20298, 700, , 28997, 25000, 27529, 27350, 0, 
252, 1, 388, 301, 414, 325, 165, 23.8, 23, ABplpaappap, -62, 28150, 15201, 540, , 28150, 25000, 28319, 28413, 0, 
253, 1, 387, 228, -1, 486, 159, 6.3, 24, ABprappppa, 234, 32179, 22654, 704, , 32179, 25000, 36771, 37455, 0, 
254, 1, 371, 65, -1, 359, 206, 10.1, 24, ABprppaappa, 116, 28967, 17496, 604, , 28967, 25000, 29432, 29627, 0, 
255, 1, 288, 98, -1, 304, 144, 23.1, 25, ABplpaapaap, -143, 27683, 19046, 688, , 27683, 25000, 28095, 28319, 0, 
256, 1, 499, 227, -1, 309, 195, 8.3, 22, ABprpapaaap, 204, 28605, 14989, 524, , 28605, 25000, 29994, 30250, 0, 
257, 1, 284, 146, -1, 258, 161, 14.3, 23, ABalppapppa, 172, 27029, 16001, 592, , 27029, 25000, 28562, 28808, 0, 
258, 1, 190, 56, -1, 521, 336, 16.2, 31, Earpp, 311, 29406, 43051, 1464, , 29406, 25000, 30452, 30472, 0, 
259, 1, 493, 358, -1, 456, 221, 13.0, 22, ABprpapappp, 179, 27953, 10734, 384, , 27953, 25000, 28339, 28515, 0, 
260, 1, 438, 307, -1, 316, 110, 15.5, 21, ABalpapapppa, 569, 27176, 13914, 512, , 27176, 25000, 27833, 27704, 0, 
261, 1, 166, 411, -1, 361, 312, 11.8, 22, MSpapaapp, 156, 29155, 14461, 496, , 29155, 25000, 29717, 29552, 0, 
262, 1, 18, 287, -1, 283, 233, 24.5, 24, ABplaapappa, 402, 27387, 21033, 768, , 27387, 25000, 28220, 28268, 0, 
263, 1, 30, 325, -1, 264, 149, 17.5, 25, ABplpaaappp, -94, 27010, 20744, 768, , 27010, 25000, 27977, 27927, 0, 
264, 1, 366, 100, -1, 161, 333, 18.5, 27, MSppappp, 31, 27288, 24450, 896, , 27288, 25000, 28463, 28599, 0, 
265, 1, 138, 124, -1, 218, 240, 18.6, 22, ABalpaapaaa, 206, 27449, 15701, 572, , 27449, 25000, 27587, 27776, 0, 
266, 0, 266, -1, -1, 215, 253, 25.2, 22, , 274, 647, 14664, 496, , 29565, 25000, 28924, 28918, 0, 
267, 1, 310, 106, -1, 217, 210, 9.4, 28, ABprpaaapaa, 281, 28388, 28047, 988, , 28388, 25000, 28998, 29079, 0, 
268, 1, 153, 329, -1, 264, 343, 10.3, 23, ABpraapappa, 12, 28392, 16808, 592, , 28392, 25000, 28992, 29186, 0, 
269, 1, 305, 376, -1, 176, 176, 16.1, 22, ABalaaaalpp, 432, 27015, 12535, 464, , 27015, 25000, 28455, 28438, 0, 
270, 0, 467, -1, -1, 517, 128, 22.0, 22, , 231, 440, 11102, 384, , 28911, 25000, 28426, 28471, 0, 
271, 1, 406, 445, -1, 211, 226, 16.8, 22, ABalpaappaap, 236, 28895, 14332, 496, , 28895, 25000, 28280, 28241, 0, 
272, 0, 169, -1, -1, 105, 242, 21.2, 22, , 205, 1239, 14368, 496, , 28968, 25000, 27738, 27729, 0, 
273, 1, 494, 499, -1, 367, 309, 8.2, 22, MSpapppapa, 227, 27968, 13872, 496, , 27968, 25000, 30234, 30246, 0, 
274, 1, 39, 85, -1, 286, 336, 8.4, 24, ABpraapapap, 215, 28694, 20086, 700, , 28694, 25000, 29822, 30024, 0, 
275, 0, 313, -1, -1, 259, 263, 8.5, 22, , 183, 2540, 16163, 512, , 31568, 25000, 28935, 29028, 0, 
276, 1, 455, 193, -1, 352, 376, 9.7, 24, ABarpppapp, 244, 27719, 19514, 704, , 27719, 25000, 28676, 28679, 0, 
277, 1, 97, 183, -1, 366, 233, 10.1, 22, ABprpapppap, 27, 27709, 12857, 464, , 27709, 25000, 29146, 29352, 0, 
278, 1, 25, 255, -1, 203, 317, 8.7, 22, Nuc235_9_204_319, 168, 31162, 16329, 524, , 31162, 25000, 29414, 29719, 0, 
279, 1, 357, 96, -1, 307, 316, 22.3, 26, ABaraapaapp, -76, 28228, 24163, 856, , 28228, 25000, 28131, 28054, 0, 
280, 1, 290, 296, -1, 282, 391, 13.0, 25, ABarpppapa, 247, 26783, 20462, 764, , 26783, 25000, 27832, 27957, 0, 
281, 1, 220, 70, -1, 556, 122, 15.5, 23, Cpappv, 227, 27301, 17254, 632, , 27301, 25000, 28169, 28170, 0, 
282, 1, 234, 172, -1, 196, 213, 26.6, 27, ABplaaappa, -55, 30117, 29756, 988, , 30117, 25000, 29214, 29208, 0, 
283, 1, 209, 210, -1, 322, 182, 27.0, 22, ABalppppppap, 227, 29297, 11250, 384, , 29297, 25000, 28978, 28978, 0, 
284, 1, 1, 281, -1, 251, 309, 7.9, 22, ABpraaappap, 208, 27315, 12674, 464, , 27315, 25000, 30712, 30785, 0, 
285, 1, 177, 136, -1, 349, 347, 7.7, 25, ABprapaaapp, 67, 30014, 22931, 764, , 30014, 25000, 30649, 30744, 0, 
286, 1, 99, 288, -1, 289, 344, 17.9, 22, Nuc232_18_293_339, -229, 30073, 13954, 464, , 30073, 25000, 29465, 29711, 0, 
287, 0, 341, -1, -1, 330, 209, 26.5, 23, , 192, -1426, 17669, 632, , 27957, 25000, 29370, 29383, 0, 
288, 1, 512, 500, 501, 273, 207, 23.0, 20, ABalppppaad, 177, 26117, 8253, 316, , 26117, 25000, 28701, 28634, 0, 
289, 1, 397, 18, -1, 605, 246, 11.4, 27, Cpappd, 225, 27328, 27000, 988, , 27328, 25000, 27480, 27391, 0, 
290, 1, 286, 461, -1, 300, 329, 20.0, 21, MSaaaapap, 166, 27164, 10431, 384, , 27164, 25000, 28954, 29110, 0, 
291, 1, 2, 364, -1, 539, 198, 17.8, 32, Eplpp, 310, 29606, 47606, 1608, , 29606, 25000, 29778, 29701, 0, 
292, 1, 202, 379, -1, 146, 323, 15.3, 23, ABarpapaaap, 222, 27721, 16411, 592, , 27721, 25000, 28616, 28622, 0, 
293, 1, 198, 370, -1, 305, 320, 12.5, 23, ABaraapppaa, 227, 26590, 16805, 632, , 26590, 25000, 28187, 28169, 0, 
294, 1, 445, 298, -1, 406, 272, 14.5, 24, MSaappap, 218, 28267, 21709, 768, , 28267, 25000, 28683, 28746, 0, 
295, 1, 490, 393, -1, 282, 141, 17.4, 22, Nuc232_18_279_141, 128, 27955, 15990, 572, , 27955, 25000, 27910, 28051, 0, 
296, 1, 68, 371, -1, 309, 230, 19.2, 24, Nuc234_19_299_240, 201, 27405, 17978, 656, , 27405, 25000, 28707, 28841, 0, 
297, 1, 219, 354, -1, 513, 132, 12.2, 23, ABplppppppa, 220, 28781, 15542, 540, , 28781, 25000, 28425, 28361, 0, 
298, 1, 309, 465, -1, 262, 290, 11.3, 23, ABarapappaa, 338, 28111, 16642, 592, , 28111, 25000, 28535, 28355, 0, 
299, 1, 125, 170, -1, 219, 326, 24.7, 25, MSaaapaaa, 248, 28094, 21464, 764, , 28094, 25000, 29159, 29159, 0, 
300, 1, 48, 297, -1, 283, 330, 13.0, 23, ABaraaapapp, 172, 28439, 14561, 512, , 28439, 25000, 27840, 27929, 0, 
301, 1, 334, 336, -1, 259, 352, 20.3, 24, MSpaaaaaa, -63, 30459, 21443, 704, , 30459, 25000, 30604, 29756, 0, 
302, 1, 300, 267, -1, 295, 160, 10.1, 24, ABprpappaap, 193, 28293, 17089, 604, , 28293, 25000, 29177, 29253, 0, 
303, 1, 171, 147, -1, 246, 121, 15.8, 28, ABplpaapapp, 11, 27869, 29318, 1052, , 27869, 25000, 27892, 27908, 0, 
304, 1, 224, 232, -1, 244, 197, 22.6, 24, ABplpaapaaa, 38, 29917, 20942, 700, , 29917, 25000, 28952, 29116, 0, 
305, 1, 47, 153, -1, 190, 283, 18.5, 26, MSaaaaaa, 267, 26305, 23569, 896, , 26305, 25000, 27519, 27513, 0, 
306, 1, 120, 323, -1, 253, 239, 11.1, 23, MSppaaaa, 199, 30798, 15276, 496, , 30798, 25000, 28120, 28110, 0, 
307, 1, 199, 133, -1, 278, 185, 16.2, 23, MSapaaaa, 192, 26202, 14149, 540, , 26202, 25000, 28108, 28140, 0, 
308, 1, 426, 23, -1, 559, 248, 7.2, 25, ABarpppppp, 250, 29942, 21079, 704, , 29942, 25000, 33085, 33083, 0, 
309, 1, 200, 71, -1, 537, 310, 19.7, 30, Ealpp, 52, 27565, 36055, 1308, , 27565, 25000, 29935, 29913, 0, 
310, 1, 9, 64, -1, 220, 189, 15.5, 26, ABalpapaaaa, 199, 28234, 25298, 896, , 28234, 25000, 27818, 27884, 0, 
311, 1, 168, 356, -1, 358, 282, 12.9, 22, MSpapapaa, 175, 56843, 26375, 464, , 56843, 25000, 34688, 34294, 0, 
312, 1, 422, 39, -1, 424, 287, 9.2, 22, MSpappppa, 180, 27754, 13766, 496, , 27754, 25000, 28658, 28596, 0, 
313, 1, 15, 279, -1, 281, 130, 15.3, 24, ABplpaapppp, 132, 27067, 19055, 704, , 27067, 25000, 29041, 29031, 0, 
314, 1, 342, 269, -1, 515, 286, 8.4, 24, Cppaapp, 247, 28410, 19887, 700, , 28410, 25000, 29309, 29331, 0, 
315, 1, 413, 359, -1, 525, 185, 13.0, 22, ABprpappppa, 218, 26505, 10178, 384, , 26505, 25000, 28793, 28763, 0, 
316, 1, 70, 459, -1, 510, 137, 16.4, 22, ABplapppapp, 109, 28670, 16399, 572, , 28670, 25000, 29554, 29670, 0, 
317, 1, 461, 181, -1, 377, 244, 18.7, 22, MSaapapaa, 28, 41031, 21500, 524, , 41031, 25000, 30737, 31053, 0, 
318, 1, 410, 218, -1, 387, 242, 11.5, 23, ABprppappaa, 219, 27358, 17290, 632, , 27358, 25000, 28632, 28659, 0, 
319, 1, 448, 351, -1, 181, 230, 5.4, 25, ABpraaaapad, 216, 46821, 38955, 832, , 46821, 25000, 42127, 43076, 0, 
320, 1, 155, 158, -1, 219, 135, 13.9, 23, ABalppapapp, 220, 27960, 13868, 496, , 27960, 25000, 27968, 27931, 0, 
321, 1, 113, 467, -1, 324, 160, 15.4, 23, ABplpapapap, 45, 28009, 17926, 640, , 28009, 25000, 29233, 29197, 0, 
322, 1, 24, 135, -1, 272, 387, 17.1, 25, MSpppppp, 184, 27507, 18925, 688, , 27507, 25000, 28162, 28220, 0, 
323, 1, 513, 425, -1, 380, 187, 17.8, 23, ABplppapaapa, 177, 28617, 15453, 540, , 28617, 25000, 28544, 28534, 0, 
324, 1, 315, 27, -1, 357, 253, 14.2, 25, ABarapapapp, 219, 28526, 20082, 704, , 28526, 25000, 31607, 31727, 0, 
325, 1, 117, 410, -1, 371, 363, 19.0, 26, MSaaappp, 186, 28569, 24341, 852, , 28569, 25000, 29060, 29223, 0, 
326, 1, 21, 201, -1, 158, 283, 10.0, 23, ABpraapaapa, 227, 28020, 14346, 512, , 28020, 25000, 29012, 29167, 0, 
327, 1, 157, 140, -1, 600, 269, 14.7, 26, Cppppap, 144, 27636, 23656, 856, , 27636, 25000, 29190, 29190, 0, 
328, 1, 400, 345, -1, 377, 159, 21.7, 29, Nuc233_20_375_160, 264, 28101, 30012, 1068, , 28101, 25000, 27988, 28111, 0, 
329, 1, 94, 63, -1, 430, 212, 13.3, 23, ABplppaappp, 181, 27674, 16383, 592, , 27674, 25000, 28569, 28741, 0, 
330, 1, 428, 108, -1, 517, 162, 10.6, 24, Cpppppv, 189, 27314, 19120, 700, , 27314, 25000, 28411, 28601, 0, 
331, 1, 5, 284, -1, 245, 257, 13.8, 23, ABarapaaaaa, 209, 28852, 15580, 540, , 28852, 25000, 28161, 28016, 0, 
332, 1, 85, 21, -1, 285, 355, 14.8, 25, ABaraappapp, 242, 28118, 19795, 704, , 28118, 25000, 28270, 28270, 0, 
333, 1, 423, 263, -1, 480, 212, 12.8, 22, ABplpappppa, 109, 28698, 14234, 496, , 28698, 25000, 28684, 28690, 0, 
334, 1, 338, 35, -1, 282, 206, 12.1, 22, ABprpapppaa, 77, 29985, 13913, 464, , 29985, 25000, 29009, 29014, 0, 
335, 1, 76, 196, -1, 354, 203, 6.6, 26, ABarappappp, 125, 33331, 27731, 832, , 33331, 25000, 34238, 34329, 0, 
336, 1, 115, 311, -1, 315, 369, 18.7, 24, MSpaaappp, 231, 29503, 20770, 704, , 29503, 25000, 28601, 28661, 0, 
337, 1, 304, 13, -1, 540, 173, 21.3, 26, Cappapp, -20, 27651, 23669, 856, , 27651, 25000, 29460, 29476, 0, 
338, 1, 58, 197, -1, 367, 397, 15.9, 26, Dpppap, 263, 28239, 22591, 800, , 28239, 25000, 28700, 28710, 0, 
339, 1, 344, 312, -1, 429, 256, 10.2, 22, ABprppapapa, -14, 28960, 14364, 496, , 28960, 25000, 29491, 29656, 0, 
340, 1, 417, 404, -1, 383, 271, 15.4, 29, Nuc233_15_386_313a, 506, 28730, 33212, 1156, , 28730, 25000, 30818, 31219, 0, 
341, 1, 93, 471, -1, 371, 193, 12.0, 23, ABplppaappa, 187, 28820, 14756, 512, , 28820, 25000, 28510, 28263, 0, 
342, 1, 374, 262, -1, 497, 367, 11.2, 26, Cppapaa, 308, 27553, 21932, 796, , 27553, 25000, 29427, 29423, 0, 
343, 1, 14, 241, -1, 127, 226, 15.4, 27, ABpraapaaaa, 255, 28172, 27834, 988, , 28172, 25000, 27702, 27722, 0, 
344, 1, 291, 204, -1, 473, 324, 9.0, 23, Cppaapa, 233, 28664, 14676, 512, , 28664, 25000, 29588, 29647, 0, 
345, 1, 302, 175, -1, 422, 310, 17.6, 30, Ealpa, 309, 28825, 33322, 1156, , 28825, 25000, 28570, 28570, 0, 
346, 0, 53, -1, -1, 512, 113, 18.9, 22, , -103, 204, 13123, 464, , 28282, 25000, 28052, 28078, 0, 
347, 1, 404, 460, 487, 320, 297, 23.5, 27, ABaraapapap, 254, 28193, 25261, 896, , 28193, 25000, 28898, 29063, 0, 
348, 1, 318, 390, -1, 322, 342, 20.5, 23, MSpaaapaa, 230, 27310, 17260, 632, , 27310, 25000, 28425, 28538, 0, 
349, 1, 405, 456, -1, 135, 296, 9.8, 25, ABarpappap, 219, 27788, 19563, 704, , 27788, 25000, 27859, 27881, 0, 
350, 1, 470, 66, -1, 161, 221, 23.5, 22, ABalapapppp, -29, 27410, 14034, 512, , 27410, 25000, 28055, 27973, 0, 
351, 1, 229, 44, -1, 577, 239, 11.5, 25, Cpppapp, 131, 28510, 21896, 768, , 28510, 25000, 29377, 29504, 0, 
352, 1, 71, 111, -1, 180, 303, 8.3, 25, ABpraapaapp, 215, 28191, 21538, 764, , 28191, 25000, 30200, 30195, 0, 
353, 1, 358, 353, -1, 379, 256, 27.5, 27, ABarppapap, 182, 27145, 24322, 896, , 27145, 25000, 28211, 28314, 0, 
354, 1, 152, 291, -1, 382, 359, 6.5, 26, ABarppppap, 251, 31417, 28150, 896, , 31417, 25000, 36619, 36649, 0, 
355, 1, 249, 195, -1, 522, 229, 10.5, 24, ABprpppppap, 170, 27395, 21039, 768, , 27395, 25000, 28858, 29083, 0, 
356, 1, 189, 427, -1, 578, 313, 10.3, 25, Caaapp, 200, 26815, 20487, 764, , 26815, 25000, 28368, 28458, 0, 
357, 1, 51, 9, -1, 384, 300, 12.3, 22, MSpapappp, 228, 26208, 13733, 524, , 26208, 25000, 29765, 29868, 0, 
358, 1, 392, 43, -1, 507, 181, 19.1, 22, ABplpppppap, 218, 27185, 12614, 464, , 27185, 25000, 28467, 28414, 0, 
359, 1, 170, 138, -1, 415, 312, 6.1, 27, ABprappaaa, 273, 35319, 32070, 908, , 35319, 25000, 34093, 34455, 0, 
360, 1, 251, 495, -1, 494, 146, 14.1, 22, Cappppv, 222, 29000, 13456, 464, , 29000, 25000, 29273, 29433, 0, 
361, 1, 459, 293, -1, 497, 114, 10.2, 22, ABprpppapap, 177, 28435, 14104, 496, , 28435, 25000, 28346, 28472, 0, 
362, 1, 482, 45, -1, 385, 276, 8.1, 22, MSpapppapp, 178, 28838, 13381, 464, , 28838, 25000, 30077, 30141, 0, 
363, 1, 505, 122, -1, 327, 154, 13.5, 22, ABplpapaaap, 171, 28713, 14701, 512, , 28713, 25000, 28144, 28199, 0, 
364, 0, 228, -1, -1, 112, 272, 20.6, 22, , 166, 1748, 17036, 572, , 29783, 25000, 28174, 28035, 0, 
365, 1, 476, 245, -1, 209, 182, 17.1, 23, Nuc233_17_217_169a, 202, 27494, 13637, 496, , 27494, 25000, 28760, 29128, 0, 
366, 1, 188, 154, -1, 226, 143, 21.8, 24, ABalpppaaaa, 361, 28076, 18418, 656, , 28076, 25000, 28582, 28590, 0, 
367, 1, 307, 49, -1, 512, 168, 7.2, 23, ABprpppapaa, 141, 29096, 15712, 540, , 29096, 25000, 33810, 34560, 0, 
368, 1, 240, 386, -1, 228, 236, 7.2, 22, ABprpaaappa, 143, 29504, 14634, 496, , 29504, 25000, 31478, 32292, 0, 
369, 1, 241, 366, -1, 423, 389, 12.2, 28, Cpppaaa, 279, 29485, 31018, 1052, , 29485, 25000, 29164, 29239, 0, 
370, 1, 31, 436, -1, 318, 331, 6.9, 25, ABprapaaapa, 246, 31091, 19774, 636, , 31091, 25000, 33345, 33414, 0, 
371, 1, 466, 472, -1, 165, 228, 11.0, 22, ABalaapaapa, 205, 27755, 10658, 384, , 27755, 25000, 28138, 28336, 0, 
372, 1, 468, 513, -1, 191, 159, 12.4, 28, ABalpapaaap, -100, 27864, 27530, 988, , 27864, 25000, 28257, 28279, 0, 
373, 1, 144, 295, -1, 413, 228, 22.0, 25, ABplappaaa, 248, 28848, 22040, 764, , 28848, 25000, 27817, 27776, 0, 
374, 1, 208, 211, -1, 295, 168, 7.3, 25, ABarappapap, 244, 30084, 22984, 764, , 30084, 25000, 33009, 33325, 0, 
375, 1, 134, 527, -1, 361, 292, 18.8, 23, MSaapaapp, 183, 29381, 15866, 540, , 29381, 25000, 29656, 29397, 0, 
376, 1, 86, 457, -1, 346, 268, 17.3, 22, MSaapapap, 122, 46998, 24627, 524, , 46998, 25000, 32859, 33012, 0, 
377, 1, 453, 97, -1, 558, 278, 18.9, 32, Eplap, 137, 28216, 44468, 1576, , 28216, 25000, 29491, 29641, 0, 
378, 1, 197, 157, -1, 282, 206, 6.4, 25, ABprpaapppa, 234, 35429, 29477, 832, , 35429, 25000, 36195, 36904, 0, 
379, 1, 373, -1, -1, 533, 262, 16.0, 22, Nuc233_15_536_260, 148, 27424, 10531, 384, , 27424, 25000, 29642, 29794, 0, 
380, 1, 339, 451, -1, 353, 208, 23.8, 26, ABplapaaapa, 202, 28253, 22489, 796, , 28253, 25000, 28867, 28971, 0, 
381, 1, 133, 237, -1, 274, 193, 20.7, 24, MSapapap, 73, 27070, 19057, 704, , 27070, 25000, 28173, 28043, 0, 
382, 1, 59, 40, -1, 252, 194, 6.9, 22, ABprpaapppp, 226, 31933, 14817, 464, , 31933, 25000, 32564, 31670, 0, 
383, 1, 216, 299, -1, 479, 126, 12.4, 26, ABplpppapap, 84, 29463, 24513, 832, , 29463, 25000, 28083, 28067, 0, 
384, 0, 56, -1, -1, 166, 190, 24.9, 22, , 223, 0, 0, 0, , 0, 0, 0, 0, 0, 
385, 1, 346, 58, -1, 446, 351, 6.3, 26, ABprappapa, -463, 32695, 27987, 856, , 32695, 25000, 35367, 35382, 0, 
386, 1, 285, 413, -1, 253, 304, 4.5, 22, ABpraaappppp, 115, 39168, 20054, 512, , 39168, 25000, 37450, 37518, 0, 
387, 1, 324, 483, -1, 140, 243, 10.0, 20, ABpraaaaapd, 143, 28608, 9040, 316, , 28608, 25000, 28627, 28269, 0, 
388, 1, 81, 357, -1, 229, 272, 5.4, 25, ABpraaaapav, 365, 38490, 32024, 832, , 38490, 25000, 37142, 37326, 0, 
389, 1, 158, 475, -1, 335, 173, 8.4, 26, ABprpaaaapa, 41, 29363, 24430, 832, , 29363, 25000, 29576, 29664, 0, 
390, 1, 350, 432, -1, 245, 219, 19.0, 26, Nuc233_19_241_214, 99, 27614, 23527, 852, , 27614, 25000, 27261, 27488, 0, 
391, 1, 67, 84, -1, 184, 262, 24.2, 23, ABplaaaaappp, 231, 30257, 16339, 540, , 30257, 25000, 28243, 28085, 0, 
392, 1, 226, 235, -1, 578, 286, 11.5, 26, Cpppapa, 269, 28196, 25264, 896, , 28196, 25000, 29561, 29679, 0, 
393, 0, 196, -1, -1, 302, 264, 16.0, 22, , 359, -1615, 10951, 384, , 28518, 25000, 29953, 30133, 0, 
394, 1, 173, 105, -1, 241, 165, 19.7, 25, ABplpaaaaaa, 370, 27202, 20782, 764, , 27202, 25000, 28256, 28193, 0, 
395, 1, 205, -1, -1, 322, 323, 25.7, 26, Nuc234_25_316_327, 264, 28403, 24313, 856, , 28403, 25000, 28924, 28937, 0, 
396, 1, 351, 62, -1, 233, 213, 16.0, 20, ABalpaappap, 228, 27060, 8551, 316, , 27060, 25000, 27717, 27513, 0, 
397, 1, 359, 156, -1, 530, 130, 13.6, 23, ABplppppppp, 184, 28247, 18078, 640, , 28247, 25000, 28938, 29225, 0, 
398, 1, 435, 278, -1, 493, 228, 10.6, 22, ABprppppaaa, 349, 26614, 15223, 572, , 26614, 25000, 28873, 28533, 0, 
399, 0, 242, -1, -1, 269, 318, 17.8, 23, , 370, 560, 16506, 540, , 30567, 25000, 29935, 30007, 0, 
400, 1, 84, 47, -1, 482, 175, 9.6, 23, ABprppppapp, 235, 29111, 18631, 640, , 29111, 25000, 28719, 28341, 0, 
401, 1, 319, 272, -1, 192, 352, 15.2, 25, MSppappa, 249, 28074, 19764, 704, , 28074, 25000, 28305, 28296, 0, 
402, 1, 108, 447, -1, 592, 203, 9.9, 25, Caappd, 252, 27597, 18987, 688, , 27597, 25000, 27791, 27772, 0, 
403, 1, 100, 387, -1, 369, 281, 24.7, 29, ABarppaapp, 283, 28245, 30166, 1068, , 28245, 25000, 28502, 28498, 0, 
404, 1, 473, 412, -1, 470, 182, 14.1, 22, ABplpapppaa, 117, 27739, 12871, 464, , 27739, 25000, 28994, 29172, 0, 
405, 1, 192, 192, -1, 268, 140, 21.4, 25, ABalpppapav, 442, 27822, 23148, 832, , 27822, 25000, 28024, 28033, 0, 
406, 1, 361, 283, -1, 395, 403, 15.4, 27, Dppppa, 260, 28555, 28212, 988, , 28555, 25000, 28584, 28687, 0, 
407, 1, 368, 303, -1, 485, 122, 18.0, 22, ABplpppaapp, 228, 29716, 11411, 384, , 29716, 25000, 28334, 28356, 0, 
408, 1, 137, 234, -1, 329, 218, 11.2, 23, ABprpapapaa, 223, 26767, 14454, 540, , 26767, 25000, 29412, 29599, 0, 
409, 1, 298, 214, -1, 450, 300, 9.8, 23, MSpappppp, 175, 27811, 15018, 540, , 27811, 25000, 29284, 29405, 0, 
410, 1, 501, 34, -1, 536, 204, 6.4, 22, ABprapppaaa, 196, 34091, 19500, 572, , 34091, 25000, 36430, 37028, 0, 
411, 1, 244, 190, -1, 157, 260, 21.2, 25, ABplaaaaaaa, 256, 27614, 19440, 704, , 27614, 25000, 28467, 28343, 0, 
412, 1, 497, 198, -1, 382, 147, 18.7, 23, Nuc233_18_371_145, 226, 31813, 18833, 592, , 31813, 25000, 28334, 28334, 0, 
413, 1, 491, 516, -1, 493, 134, 20.7, 23, ABplapppaaa, 98, 27775, 16443, 592, , 27775, 25000, 28843, 28785, 0, 
414, 1, 150, 315, -1, 536, 137, 18.8, 25, ABplapapppp, 77, 27565, 19406, 704, , 27565, 25000, 27954, 27961, 0, 
415, 1, 232, 396, -1, 313, 400, 13.4, 27, ABarppaapa, 271, 26858, 26536, 988, , 26858, 25000, 27844, 27764, 0, 
416, 1, 379, 509, -1, 181, 147, 18.0, 22, ABalppaaapa, -187, 26703, 10254, 384, , 26703, 25000, 27633, 27104, 0, 
417, 1, 88, 51, -1, 149, 223, 13.4, 30, ABalaaapplr, 300, 27934, 32292, 1156, , 27934, 25000, 28230, 28299, 0, 
418, 1, 262, 33, -1, 317, 261, 11.4, 23, MSpapaaaa, 195, 28775, 18416, 640, , 28775, 25000, 28974, 29011, 0, 
419, 1, 477, 145, -1, 257, 175, 9.5, 22, ABarapppapa, 255, 28740, 14715, 512, , 28740, 25000, 28694, 28840, 0, 
420, 1, 191, 286, -1, 129, 274, 23.3, 26, ABplaaaapa, 62, 28248, 24180, 856, , 28248, 25000, 28369, 28384, 0, 
421, 0, 471, -1, -1, 245, 184, 24.7, 24, , 166, 2925, 22397, 704, , 31814, 25000, 28959, 28889, 0, 
422, 1, 245, 95, -1, 404, 266, 10.5, 27, ABprppappap, 201, 27387, 24539, 896, , 27387, 25000, 28659, 28622, 0, 
423, 1, 213, 128, -1, 363, 385, 12.7, 25, Dppap, 252, 26936, 20579, 764, , 26936, 25000, 29109, 29183, 0, 
424, 1, 487, 273, -1, 562, 171, 13.1, 22, Cpppppd, 80, 29291, 13591, 464, , 29291, 25000, 28439, 28441, 0, 
425, 1, 250, 189, -1, 188, 216, 16.8, 23, Nuc232_16_181_214, 148, 27917, 15075, 540, , 27917, 25000, 27730, 28018, 0, 
426, 1, 61, 37, -1, 289, 314, 8.3, 24, ABpraapapaa, 220, 27800, 19571, 704, , 27800, 25000, 29266, 29160, 0, 
427, 1, 156, 129, -1, 460, 204, 8.2, 24, ABprpppaaaa, 191, 27814, 18246, 656, , 27814, 25000, 29365, 29311, 0, 
428, 1, 73, 207, -1, 565, 137, 12.4, 23, Caappv, 214, 27277, 17457, 640, , 27277, 25000, 27927, 28011, 0, 
429, 1, 112, 177, -1, 479, 173, 19.8, 26, Capappp, 244, 28666, 22818, 796, , 28666, 25000, 28685, 28895, 0, 
430, 1, 425, 497, -1, 215, 178, 11.2, 22, Nuc233_10_181_181, -23, 30827, 15290, 496, , 30827, 25000, 29188, 29312, 0, 
431, 1, 492, 450, -1, 244, 163, 21.9, 22, ABalapaapaa, 405, 28692, 13313, 464, , 28692, 25000, 27210, 27289, 0, 
432, 1, 11, 200, -1, 304, 261, 19.9, 22, ABalpaaappp, 165, 28338, 13149, 464, , 28338, 25000, 29124, 29108, 0, 
433, 1, 409, 110, -1, 324, 368, 6.6, 24, ABarppppaa, 238, 32629, 22840, 700, , 32629, 25000, 35729, 35826, 0, 
434, 1, 427, 409, 505, 431, 264, 25.4, 28, ABplappapa, 279, 27257, 26930, 988, , 27257, 25000, 28150, 28178, 0, 
435, 1, 411, 339, -1, 505, 206, 25.6, 29, ABplapapaa, 283, 28288, 32701, 1156, , 28288, 25000, 28166, 28172, 0, 
436, 1, 181, 22, -1, 509, 312, 24.9, 23, Capapaa, 229, 28567, 14169, 496, , 28567, 25000, 29489, 29510, 0, 
437, 1, 447, 29, -1, 382, 277, 17.9, 24, MSaapappp, 226, 28300, 17093, 604, , 28300, 25000, 28780, 29056, 0, 
438, 1, 279, 148, -1, 566, 183, 9.7, 23, ABprapapppp, 219, 28807, 17054, 592, , 28807, 25000, 28459, 28583, 0, 
439, 1, 46, 271, -1, 482, 370, 22.8, 30, Dapppp, 298, 28233, 37267, 1320, , 28233, 25000, 28435, 28435, 0, 
440, 1, 8, -1, -1, 371, 225, 20.7, 22, Daaaa, -124, 27611, 14468, 524, , 27611, 25000, 29212, 29097, 0, 
441, 1, 456, 285, -1, 226, 211, 5.8, 23, ABprpaaapap, 7, 36867, 19908, 540, , 36867, 25000, 38602, 37444, 0, 
442, 1, 311, 169, -1, 257, 174, 5.7, 26, ABpraappap, 267, 44696, 38260, 856, , 44696, 25000, 41850, 42701, 0, 
443, 1, 64, 402, -1, 184, 351, 23.4, 29, ABarpaapap, 277, 27683, 32001, 1156, , 27683, 25000, 27776, 27776, 0, 
444, 1, 367, 268, -1, 181, 203, 21.2, 22, Nuc233_21_168_193, 241, 27996, 13886, 496, , 27996, 25000, 28689, 28604, 0, 
445, 1, 347, 61, -1, 224, 134, 19.3, 26, ABalpppapad, 193, 29199, 24994, 856, , 29199, 25000, 28699, 28765, 0, 
446, 1, 474, -1, -1, 286, 165, 13.9, 21, ABplpapaapa, 144, 25954, 9032, 348, , 25954, 25000, 29281, 29616, 0, 
447, 1, 235, 440, -1, 476, 271, 8.0, 23, MSpappap, 216, 28982, 14839, 512, , 28982, 25000, 30975, 31026, 0, 
448, 1, 389, 535, -1, 227, 257, 22.8, 22, MSapaaap, 192, 27550, 13665, 496, , 27550, 25000, 28393, 28374, 0, 
449, 1, 278, 118, -1, 234, 324, 10.7, 22, ABpraaaappp, 200, 29947, 15692, 524, , 29947, 25000, 29117, 29438, 0, 
450, 1, 273, 213, 506, 129, 262, 11.3, 25, ABarpappaa, 210, 30018, 22934, 764, , 30018, 25000, 28508, 28574, 0, 
451, 1, 263, 421, -1, 499, 225, 7.4, 23, Cppappp, -202, 28506, 18244, 640, , 28506, 25000, 31778, 31569, 0, 
452, 1, 83, 408, -1, 296, 146, 14.8, 22, ABplpapaapp, 196, 27552, 13666, 496, , 27552, 25000, 28518, 28922, 0, 
453, 1, 103, 429, -1, 527, 334, 24.1, 27, Cappaap, 246, 27898, 25331, 908, , 27898, 25000, 28728, 28763, 0, 
454, 1, 383, 116, -1, 210, 148, 10.4, 24, Nuc233_10_227_158, 213, 27537, 19276, 700, , 27537, 25000, 28136, 28221, 0, 
455, 1, 508, 187, -1, 337, 217, 8.9, 22, ABprpapappa, 115, 29815, 13834, 464, , 29815, 25000, 29921, 29990, 0, 
456, 1, 186, 121, -1, 124, 291, 14.9, 23, ABarpaaapap, 213, 27222, 13502, 496, , 27222, 25000, 28849, 28849, 0, 
457, 1, 540, 477, -1, 343, 244, 24.0, 23, MSapapaa, 222, 26295, 13463, 512, , 26295, 25000, 29317, 29338, 0, 
458, 1, 217, 144, -1, 183, 199, 11.1, 23, ABarapppaap, 214, 29512, 14638, 496, , 29512, 25000, 28811, 28825, 0, 
459, 1, 416, 420, -1, 185, 169, 18.0, 20, ABalaaaalpa, 219, 27794, 8783, 316, , 27794, 25000, 27947, 27851, 0, 
460, 1, 3, 81, 504, 292, 298, 12.0, 23, ABarapaappp, 392, 28574, 14630, 512, , 28574, 25000, 27630, 27637, 0, 
461, 1, 297, 199, -1, 419, 334, 13.7, 26, Earpa, 207, 28576, 24461, 856, , 28576, 25000, 29484, 29434, 0, 
462, 1, 162, 117, -1, 445, 343, 24.4, 31, Cappaaa, 310, 29727, 39596, 1332, , 29727, 25000, 28412, 28446, 0, 
463, 1, 439, 539, -1, 253, 309, 18.6, 22, MSaaaaapap, 128, 29524, 16888, 572, , 29524, 25000, 28767, 28830, 0, 
464, 1, 391, 493, -1, 273, 221, 19.9, 23, ABalpappaap, 77, 27675, 13727, 496, , 27675, 25000, 28467, 28741, 0, 
465, 1, 43, 400, -1, 275, 274, 5.2, 23, ABprpaapaap, 201, 40444, 21840, 540, , 40444, 25000, 37908, 37546, 0, 
466, 1, 174, 217, -1, 240, 283, 14.7, 21, ABaraaaaapp, 149, 27962, 13198, 472, , 27962, 25000, 27813, 27568, 0, 
467, 1, 514, 470, -1, 323, 375, 12.8, 22, Dpaap, 169, 29673, 14718, 496, , 29673, 25000, 28507, 28686, 0, 
468, 1, 469, 389, -1, 185, 264, 15.1, 20, ABalaapaaal, 138, 27320, 8633, 316, , 27320, 25000, 28397, 28613, 0, 
469, 1, 407, 478, -1, 200, 230, 21.7, 22, ABalaaapalr, 355, 27968, 14655, 524, , 27968, 25000, 28926, 29075, 0, 
470, 1, 271, -1, -1, 369, 169, 23.2, 23, ABplaapppp, 218, 26307, 14206, 540, , 26307, 25000, 28072, 28102, 0, 
471, 1, 207, 191, -1, 110, 267, 18.7, 24, ABarpapapa, 225, 28659, 20176, 704, , 28659, 25000, 27793, 27817, 0, 
472, 1, 254, 188, -1, 162, 228, 8.9, 23, ABalaaapprr, 109, 27861, 13819, 496, , 27861, 25000, 28747, 28753, 0, 
473, 1, 504, 510, -1, 238, 258, 7.6, 22, MSppapap, 133, 28734, 16436, 572, , 28734, 25000, 30693, 30629, 0, 
474, 1, 481, 360, -1, 135, 261, 17.3, 22, ABarpaaapaa, -85, 27031, 14164, 524, , 27031, 25000, 27825, 27816, 0, 
475, 1, 479, 257, -1, 549, 263, 15.4, 31, Eprpa, -119, 28764, 38313, 1332, , 28764, 25000, 30049, 30205, 0, 
476, 0, 506, -1, -1, 199, 176, 23.4, 21, , 121, -785, 15206, 524, , 29019, 25000, 29689, 29804, 0, 
477, 1, 381, 463, -1, 353, 242, 26.9, 28, ABarppapaap, 180, 28206, 30688, 1088, , 28206, 25000, 28944, 29125, 0, 
478, 1, 41, 290, -1, 291, 272, 13.7, 23, ABarapapppp, 77, 28522, 16885, 592, , 28522, 25000, 29065, 29157, 0, 
479, 1, 54, 134, -1, 140, 260, 7.7, 28, ABprpaapapa, 50, 29874, 31786, 1064, , 29874, 25000, 31944, 32062, 0, 
480, 1, 345, 349, -1, 308, 171, 21.9, 23, ABplpaappaa, 100, 26456, 13122, 496, , 26456, 25000, 28968, 29238, 0, 
481, 1, 452, 91, -1, 163, 206, 11.2, 22, ABalaapaapp, 210, 28097, 13936, 496, , 28097, 25000, 28867, 29102, 0, 
482, 1, 296, 69, -1, 169, 161, 23.0, 24, ABplpaapapa, 330, 28260, 17182, 608, , 28260, 25000, 27716, 27619, 0, 
483, 1, 6, 53, -1, 554, 152, 8.9, 26, ABprappppp, -35, 27621, 22097, 800, , 27621, 25000, 28095, 28162, 0, 
484, 1, 372, 113, -1, 125, 215, 17.9, 23, ABalaaaarlaa, 252, 27133, 13458, 496, , 27133, 25000, 27675, 27758, 0, 
485, 1, 449, 426, -1, 221, 336, 10.4, 24, Nuc233_11_192_311, 283, 28773, 20141, 700, , 28773, 25000, 28730, 28668, 0, 
486, 1, 480, 428, -1, 349, 363, 23.4, 27, Cpaaaa, 42, 27591, 27260, 988, , 27591, 25000, 28360, 28387, 0, 
487, 1, 63, 490, -1, 214, 192, 13.4, 22, ABalpapaapa, 48, 27379, 15661, 572, , 27379, 25000, 28677, 28864, 0, 
488, 1, 306, 431, -1, 284, 372, 7.8, 24, ABarpppaap, 160, 29808, 19554, 656, , 29808, 25000, 30342, 30338, 0, 
489, 1, 484, 458, -1, 169, 282, 22.4, 22, ABalapapapp, -83, 28019, 16027, 572, , 28019, 25000, 28281, 28264, 0, 
490, 1, 483, 184, -1, 327, 352, 9.8, 21, MSppapaa, 243, 32371, 13855, 428, , 32371, 25000, 28208, 28208, 0, 
491, 0, 283, -1, -1, 467, 279, 11.3, 22, , 112, -28, 14838, 524, , 28317, 25000, 28592, 28345, 0, 
492, 1, 140, 385, -1, 166, 255, 10.7, 21, ABalaappppp, -63, 27553, 13005, 472, , 27553, 25000, 28897, 28927, 0, 
493, 1, 343, 391, -1, 479, 255, 25.4, 29, ABarppappa, 101, 28285, 32697, 1156, , 28285, 25000, 28327, 28433, 0, 
494, 1, 500, 308, -1, 234, 367, 14.5, 23, MSppppap, -34, 26883, 16990, 632, , 26883, 25000, 28363, 28605, 0, 
495, 1, 486, 137, -1, 204, 201, 18.4, 22, ABalaaaalal, 198, 28731, 16434, 572, , 28731, 25000, 28603, 28851, 0, 
496, 1, 377, 462, -1, 226, 368, 18.4, 22, MSpppppa, 287, 28215, 16139, 572, , 28215, 25000, 27967, 28064, 0, 
497, 1, 420, 309, -1, 290, 255, 23.0, 25, ABalpaapapp, -14, 28128, 21490, 764, , 28128, 25000, 28134, 28142, 0, 
498, 1, 457, 479, -1, 222, 227, 14.4, 22, ABaraaaapaa, 111, 28376, 16231, 572, , 28376, 25000, 28612, 28590, 0, 
499, 1, 515, 438, -1, 190, 260, 7.9, 22, Nuc238_8_186_262, 238, 29050, 13479, 464, , 29050, 25000, 29994, 29635, 0, 
500, 1, 516, 406, -1, 273, 220, 15.3, 22, Nuc233_14_264_225, 139, 29101, 15249, 524, , 29101, 25000, 28237, 28290, 0, 
501, 1, 227, 30, -1, 137, 195, 17.0, 22, ABalaaaparr, 29, 26836, 10305, 384, , 26836, 25000, 27048, 26843, 0, 
502, 1, 517, 481, -1, 337, 181, 11.8, 21, Nuc233_12_331_178, 606, 29621, 12678, 428, , 29621, 25000, 28673, 28714, 0, 
503, 1, 66, 123, -1, 266, 350, 24.5, 27, MSappppp, 273, 30199, 27058, 896, , 30199, 25000, 31092, 30964, 0, 
504, 1, 519, 491, -1, 256, 168, 11.9, 21, ABprpappaaa, 239, 29483, 10260, 348, , 29483, 25000, 29200, 29499, 0, 
505, 1, 535, 233, -1, 349, 291, 22.3, 24, MSaapappa, 146, 28568, 20112, 704, , 28568, 25000, 29565, 29841, 0, 
506, 1, 520, 363, -1, 408, 227, 12.0, 22, ABprpaaaappp, 172, 30169, 11585, 384, , 30169, 25000, 28918, 28938, 0, 
507, 1, 218, 419, -1, 336, 245, 7.0, 22, ABprapaapaap, 160, 32763, 12581, 384, , 32763, 25000, 33393, 33623, 0, 
508, 1, 521, 502, -1, 205, 226, 9.9, 21, ABarappppap, 227, 30003, 10441, 348, , 30003, 25000, 28747, 29069, 0, 
509, 1, 331, 515, -1, 357, 167, 13.8, 22, ABplpapappaa, 192, 29085, 14426, 496, , 29085, 25000, 28958, 28881, 0, 
510, 1, 476, 508, -1, 224, 173, 18.1, 23, Nuc233_17_217_169p, -54, 27270, 13526, 496, , 27270, 25000, 28699, 29196, 0, 
511, 1, 402, 511, -1, 279, 202, 8.1, 22, ABarappapaap, 229, 30162, 13995, 464, , 30162, 25000, 29958, 29586, 0, 
512, 1, 522, 174, -1, 307, 237, 13.8, 22, ABalpappppap, 159, 28597, 14184, 496, , 28597, 25000, 28969, 29222, 0, 
513, 1, 523, -1, -1, 161, 213, 20.9, 22, ABalapaaapa, 119, 27683, 12845, 464, , 27683, 25000, 28144, 28339, 0, 
514, 1, 524, 512, -1, 213, 323, 19.2, 22, MSaaaaapaa, 112, 27532, 13656, 496, , 27532, 25000, 28652, 28743, 0, 
515, 1, 525, 415, -1, 238, 154, 12.2, 21, ABplaappaa, -284, 27818, 11906, 428, , 27818, 25000, 28851, 28961, 0, 
516, 1, 463, 518, -1, 449, 400, 13.9, 24, Dppppp, 150, 27798, 16790, 604, , 27798, 25000, 28457, 28427, 0, 
517, 1, 518, 519, -1, 128, 242, 17.1, 19, ABarpaaaaar, -125, 28410, 7273, 256, , 28410, 25000, 28813, 28490, 0, 
518, 1, 442, 521, -1, 228, 300, 15.6, 22, ABaraaapaap, -75, 29469, 16856, 572, , 29469, 25000, 28147, 27790, 0, 
519, 1, 28, 522, -1, 331, 348, 15.3, 25, MSpaapapa, 165, 26694, 20394, 764, , 26694, 25000, 28249, 28487, 0, 
520, 1, 529, 523, -1, 178, 251, 13.7, 22, ABalaapaaar, 177, 26468, 13869, 524, , 26468, 25000, 29030, 29327, 0, 
521, 1, 534, 525, -1, 349, 323, 21.9, 25, MSaaapapa, 62, 26323, 18110, 688, , 26323, 25000, 28105, 28235, 0, 
522, 1, 265, 494, -1, 247, 208, 13.2, 19, ABarapapapa, 320, 27490, 7917, 288, , 27490, 25000, 29707, 29728, 0, 
523, 1, 527, 476, -1, 234, 230, 18.4, 22, ABaraaaaaaa, 262, 26250, 15015, 572, , 26250, 25000, 27240, 27095, 0, 
524, 1, 528, 520, -1, 274, 306, 6.7000003, 21, Nuc234_7_273_303, 115, 35085, 16560, 472, , 35085, 25000, 34577, 35033, 0, 
525, 1, 210, 496, -1, 233, 347, 17.349998, 23, MSpaaaapa, 229, 26759, 17126, 640, , 26759, 25000, 28495, 28758, 0, 
526, 1, 215, 526, -1, 231, 171, 15.133333, 22, ABplpaaapaa, 629, 27276, 12656, 464, , 27276, 25000, 27920, 28023, 0, 
527, 1, 446, 514, -1, 293, 243, 9.0, 22, Nuc234_9_299_244, 205, 26698, 10252, 384, , 26698, 25000, 29200, 29157, 0, 
528, 1, 533, 528, -1, 292, 278, 23.0, 22, MSaaapaap, 136, 27102, 10407, 384, , 27102, 25000, 28636, 28714, 0, 
529, 1, 536, 529, -1, 357, 254, 21.0, 24, MSaapaapa, 158, 31548, 19181, 608, , 31548, 25000, 29842, 30084, 0, 
530, 1, 488, 530, -1, 373, 258, 15.0, 22, MSaappaa, 98, 28693, 11018, 384, , 28693, 25000, 29826, 30061, 0, 
531, 1, 537, 531, -1, 411, 235, 18.0, 24, MSaappppa, 54, 27039, 16440, 608, , 27039, 25000, 27914, 27948, 0, 
532, 1, 333, 532, -1, 443, 255, 20.0, 24, MSaappppp, 171, 27258, 16573, 608, , 27258, 25000, 27842, 27857, 0, 
533, 1, 538, 533, -1, 242, 356, 22.0, 22, MSappaaa, 247, 54596, 20965, 384, , 54596, 25000, 33667, 33772, 0, 
534, 1, 539, 534, -1, 487, 226, 20.0, 24, MSappaap, 207, 27901, 16964, 608, , 27901, 25000, 27421, 27507, 0, 
535, 1, 509, 536, -1, 352, 353, 16.0, 23, MSpaapapp, 220, 28297, 14488, 512, , 28297, 25000, 28145, 28348, 0, 
536, 1, 541, 537, -1, 282, 292, 10.0, 22, MSppppaa, 578, 26789, 10287, 384, , 26789, 25000, 27960, 27887, 0, 
537, 1, 542, 538, -1, 495, 303, 9.0, 25, MSpppaap, 136, 27590, 21079, 764, , 27590, 25000, 29092, 29361, 0, 
538, 1, 543, 348, -1, 151, 311, 19.0, 22, ABalapppapp, -98, 27508, 10563, 384, , 27508, 25000, 28302, 28276, 0, 
539, 1, 544, 540, -1, 388, 222, 18.0, 22, MSaapppap, 54, 28552, 10964, 384, , 28552, 25000, 29058, 28361, 0, 
540, 1, 545, -1, -1, 321, 296, 8.0, 24, Dpaaa, 213, 30281, 18411, 608, , 30281, 25000, 30187, 30177, 0, 
541, 1, 546, 541, -1, 338, 189, 14.0, 25, ABplpappaap, 260, 27925, 21335, 764, , 27925, 25000, 29476, 28827, 0, 
542, 1, 547, 542, -1, 226, 252, 14.0, 21, ABaraaaaapa, 171, 28688, 11016, 384, , 28688, 25000, 27790, 27762, 0, 
543, 1, 548, -1, -1, 147, 272, 13.0, 24, ABalappappa, 114, 28030, 17042, 608, , 28030, 25000, 29451, 29525, 0, 
544, 1, 549, 543, -1, 168, 272, 16.0, 22, ABalappppaa, 122, 28161, 10814, 384, , 28161, 25000, 27535, 27590, 0, 
545, 1, 550, 544, -1, 177, 240, 20.0, 24, ABalapappaa, -6, 29298, 17813, 608, , 29298, 25000, 28776, 29115, 0, 
546, 1, 551, 517, -1, 178, 159, 19.0, 22, ABalaaapall, 176, 29523, 11337, 384, , 29523, 25000, 28195, 28517, 0, 
547, 1, 552, 355, -1, 215, 189, 21.0, 22, ABalapaappa, 156, 27643, 10615, 384, , 27643, 25000, 27939, 27913, 0, 
