1, 1, 29, 190, -1, 457, 138, 19.8, 27, ABplapappa, 253, 28114, 24403, 868, , 28114, 25000, 28390, 28406, 0, 
2, 1, 82, 285, -1, 216, 257, 16.5, 22, ABalpaappaaa, 236, 26492, 13564, 512, , 26492, 25000, 28150, 28037, 0, 
3, 0, 6, -1, -1, 84, 262, 16.0, 24, , 217, 2833, 18424, 608, , 30303, 25000, 27470, 27470, 0, 
4, 1, 137, 25, -1, 385, 157, 13.3, 24, ABplpapappap, 128, 29004, 20419, 704, , 29004, 25000, 28137, 28151, 0, 
5, 1, 62, 135, -1, 310, 133, 11.0, 24, ABalpapapap, 220, 28980, 17620, 608, , 28980, 25000, 27984, 27989, 0, 
6, 1, 28, 171, -1, 320, 166, 10.3, 23, ABplpaaaapa, 269, 28017, 16586, 592, , 28017, 25000, 28869, 28896, 0, 
7, 1, 167, 118, -1, 257, 351, 17.1, 24, MSpaaaapp, 44, 28156, 17006, 604, , 28156, 25000, 28561, 28553, 0, 
8, 1, 187, 378, -1, 316, 131, 15.7, 22, ABplpaapppa, -19, 29135, 15267, 524, , 29135, 25000, 28265, 28565, 0, 
9, 1, 357, 203, -1, 382, 300, 12.0, 23, MSpapappp, 186, 27707, 14186, 512, , 27707, 25000, 29802, 29628, 0, 
10, 1, 251, 439, -1, 452, 134, 13.7, 23, ABplappppa, 198, 27029, 16001, 592, , 27029, 25000, 27626, 27492, 0, 
11, 1, 105, 138, -1, 376, 230, 7.8, 24, ABprppapaaa, 236, 30704, 20142, 656, , 30704, 25000, 30954, 31048, 0, 
12, 1, 135, 391, -1, 378, 340, 14.6, 34, Earaa, 323, 27854, 49580, 1780, , 27854, 25000, 29055, 29155, 0, 
13, 1, 337, 169, -1, 539, 171, 21.3, 26, Cappapp, 269, 28136, 24084, 856, , 28136, 25000, 28736, 28734, 0, 
14, 1, 100, 112, -1, 393, 193, 21.7, 26, ABplapaapp, 91, 28634, 24511, 856, , 28634, 25000, 27355, 27393, 0, 
15, 1, 110, 127, -1, 407, 230, 9.5, 23, ABprpaaaappa, 183, 27780, 17557, 632, , 27780, 25000, 28477, 28457, 0, 
16, 1, 227, 423, -1, 220, 364, 12.2, 23, ABarpppaaa, 229, 27306, 14745, 540, , 27306, 25000, 28040, 27873, 0, 
17, 1, 120, 42, -1, 291, 250, 15.5, 23, ABalpappppaa, -24, 27733, 17527, 632, , 27733, 25000, 28383, 28386, 0, 
18, 1, 289, 448, -1, 604, 250, 11.6, 26, Cpappd, -144, 27570, 22938, 832, , 27570, 25000, 28144, 27924, 0, 
19, 1, 13, 174, -1, 214, 217, 12.4, 28, ABarappaaaa, 271, 28345, 28005, 988, , 28345, 25000, 28764, 28949, 0, 
20, 1, 234, 406, -1, 582, 330, 15.2, 27, Cppppaa, -201, 27415, 23796, 868, , 27415, 25000, 27989, 27984, 0, 
21, 1, 332, 82, -1, 286, 354, 14.6, 24, ABaraappapp, 232, 26709, 18696, 700, , 26709, 25000, 28452, 28471, 0, 
22, 1, 436, 455, -1, 508, 311, 25.0, 23, Capapaa, 227, 29789, 15252, 512, , 29789, 25000, 28526, 28665, 0, 
23, 1, 308, 155, -1, 559, 249, 7.2, 24, ABarpppppp, 247, 28860, 18932, 656, , 28860, 25000, 32809, 32809, 0, 
24, 1, 81, 374, -1, 296, 370, 21.0, 23, MSaaaapaa, 220, 27475, 14067, 512, , 27475, 25000, 28205, 28281, 0, 
25, 1, 95, 32, -1, 208, 293, 9.9, 22, ABprpaapaaa, 249, 27690, 12848, 464, , 27690, 25000, 28726, 28776, 0, 
26, 1, -1, 472, -1, 172, 195, 25.3, 22, Nuc240_25_172_195, 162, 29674, 15549, 524, , 29674, 25000, 28428, 28419, 0, 
27, 1, 324, 168, -1, 357, 253, 14.2, 25, ABarapapapp, 124, 29256, 20596, 704, , 29256, 25000, 31027, 31049, 0, 
28, 1, 9, 313, -1, 284, 230, 20.9, 24, ABalpapppaa, 231, 29141, 17601, 604, , 29141, 25000, 29005, 29115, 0, 
29, 1, 437, 120, -1, 384, 275, 17.4, 23, MSaapappp, 178, 29570, 18925, 640, , 29570, 25000, 29385, 29590, 0, 
30, 1, 501, 64, -1, 136, 198, 17.3, 22, ABalaaaparr, 215, 27935, 14638, 524, , 27935, 25000, 27524, 27552, 0, 
31, 1, 240, 266, -1, 264, 157, 25.6, 26, ABalpppppppa, 248, 27352, 22757, 832, , 27352, 25000, 29150, 29290, 0, 
32, 1, 196, 277, -1, 182, 215, 18.7, 22, ABalaaaalar, 216, 26731, 14007, 524, , 26731, 25000, 27646, 27894, 0, 
33, 1, 418, 389, -1, 316, 261, 11.5, 22, MSpapaaaa, 213, 30414, 15572, 512, , 30414, 25000, 29092, 28948, 0, 
34, 1, 410, 405, -1, 534, 203, 6.4, 23, ABprapppaaa, 195, 35205, 22531, 640, , 35205, 25000, 37121, 37776, 0, 
35, 1, 334, 178, -1, 276, 212, 11.8, 21, ABprpapppaa, 131, 26343, 11275, 428, , 26343, 25000, 27980, 28298, 0, 
36, 1, 244, 132, -1, 435, 355, 17.6, 32, Earap, 317, 29633, 43976, 1484, , 29633, 25000, 29147, 29211, 0, 
37, 1, 426, 18, -1, 289, 313, 8.3, 24, ABpraapapaa, 311, 28604, 20137, 704, , 28604, 25000, 28808, 28794, 0, 
38, 1, 160, 369, -1, 243, 303, 13.2, 24, ABarapaapaa, 226, 26837, 17605, 656, , 26837, 25000, 28554, 28572, 0, 
39, 1, 312, 433, -1, 421, 285, 9.4, 22, MSpappppa, 145, 27666, 15825, 572, , 27666, 25000, 29067, 28865, 0, 
40, 1, 382, 58, -1, 255, 198, 7.0, 22, ABprpaapppp, 202, 30232, 11609, 384, , 30232, 25000, 33501, 33674, 0, 
41, 1, 228, 250, -1, 480, 335, 14.8, 31, Epraa, 315, 28330, 41475, 1464, , 28330, 25000, 29804, 29785, 0, 
42, 1, 173, 339, -1, 450, 217, 19.2, 24, MSpappaa, 226, 27334, 17931, 656, , 27334, 25000, 27801, 27850, 0, 
43, 1, 358, 161, -1, 506, 180, 19.0, 22, ABplpppppap, 207, 27130, 10418, 384, , 27130, 25000, 28673, 28646, 0, 
44, 1, 351, 139, -1, 577, 238, 11.5, 24, Cpppapp, 497, 29702, 22811, 768, , 29702, 25000, 29466, 29483, 0, 
45, 1, 362, 316, -1, 386, 276, 8.1, 22, MSpapppapp, 184, 27043, 12548, 464, , 27043, 25000, 30201, 30232, 0, 
46, 0, 205, -1, -1, 150, 292, 22.1, 22, , 150, 1583, 13683, 464, , 29489, 25000, 28359, 27906, 0, 
47, 1, 400, 446, -1, 481, 175, 9.5, 24, ABprppppapp, 239, 29594, 22728, 768, , 29594, 25000, 28776, 28680, 0, 
48, 1, 241, 22, -1, 497, 325, 19.6, 32, Eplaa, 320, 28049, 41625, 1484, , 28049, 25000, 29327, 29300, 0, 
49, 1, 367, 435, -1, 511, 170, 7.1, 23, ABprpppapaa, 183, 29554, 14659, 496, , 29554, 25000, 31702, 32247, 0, 
50, 1, 138, 12, -1, 358, 141, 15.1, 25, ABplapaapa, 193, 26952, 18543, 688, , 26952, 25000, 27883, 28112, 0, 
51, 1, 417, 235, -1, 149, 227, 13.4, 28, ABalaaapplr, 279, 27600, 27269, 988, , 27600, 25000, 28692, 28755, 0, 
52, 1, 133, 270, -1, 122, 252, 14.1, 25, ABpraapaaap, 203, 27932, 19217, 688, , 27932, 25000, 28202, 28266, 0, 
53, 1, 483, 151, -1, 552, 152, 8.9, 25, ABprappppp, 245, 28435, 19563, 688, , 28435, 25000, 28245, 28269, 0, 
54, 1, 182, 274, -1, 456, 321, 18.0, 30, Ealap, -271, 27539, 37122, 1348, , 27539, 25000, 28735, 28771, 0, 
55, 1, 90, 432, -1, 250, 234, 27.4, 35, ABplaaappp, 351, 29609, 57204, 1932, , 29609, 25000, 28711, 28776, 0, 
56, 1, 258, 124, -1, 521, 338, 16.4, 31, Earpp, 312, 29661, 39509, 1332, , 29661, 25000, 30202, 30252, 0, 
57, 1, 92, 167, -1, 323, 132, 18.7, 24, ABplppaapap, 210, 26798, 18866, 704, , 26798, 25000, 28697, 28701, 0, 
58, 1, 385, 344, -1, 444, 353, 6.3, 26, ABprappapa, 256, 33696, 28844, 856, , 33696, 25000, 37541, 37541, 0, 
59, 1, 232, 142, -1, 271, 325, 21.9, 23, MSaaaaapp, 313, 29623, 14693, 496, , 29623, 25000, 28452, 28482, 0, 
60, 1, 119, 276, -1, 331, 215, 6.5, 25, ABprapaapaaa, 205, 33395, 25647, 768, , 33395, 25000, 34359, 34961, 0, 
61, 1, 445, 261, -1, 227, 135, 19.5, 24, ABalpppapad, 14, 27876, 21409, 768, , 27876, 25000, 28810, 29037, 0, 
62, 1, 396, -1, -1, 228, 218, 15.7, 22, ABalpaappap, 156, 27095, 14198, 524, , 27095, 25000, 28226, 28096, 0, 
63, 1, 329, 184, -1, 429, 213, 13.1, 22, ABplppaappp, 180, 27502, 12761, 464, , 27502, 25000, 27997, 27962, 0, 
64, 1, 310, 83, -1, 219, 192, 15.5, 27, ABalpapaaaa, 209, 27875, 24976, 896, , 27875, 25000, 28925, 29350, 0, 
65, 1, 254, 159, -1, 357, 206, 10.0, 25, ABprppaappa, 115, 29893, 22838, 764, , 29893, 25000, 29796, 29732, 0, 
66, 1, 350, 451, -1, 164, 226, 24.0, 22, ABalapapppp, 172, 26630, 10226, 384, , 26630, 25000, 27604, 27228, 0, 
67, 1, 249, 307, -1, 179, 218, 13.6, 22, ABaraaapppa, 227, 27538, 15752, 572, , 27538, 25000, 27811, 27936, 0, 
68, 1, 93, 198, -1, 340, 330, 12.8, 24, MSpapappa, 185, 28544, 18725, 656, , 28544, 25000, 29163, 29186, 0, 
69, 1, 482, 88, -1, 167, 160, 23.0, 24, ABplpaapapa, 214, 27923, 16977, 608, , 27923, 25000, 28036, 28018, 0, 
70, 1, 281, 290, -1, 556, 122, 15.5, 23, Cpappv, 232, 26905, 17004, 632, , 26905, 25000, 28175, 28152, 0, 
71, 1, 309, 93, -1, 537, 308, 19.9, 32, Ealpp, 322, 28874, 45505, 1576, , 28874, 25000, 29539, 29619, 0, 
72, 1, 186, 246, -1, 385, 225, 13.8, 23, ABplppappap, 197, 28763, 15532, 540, , 28763, 25000, 27957, 27792, 0, 
73, 1, 194, 49, -1, 182, 212, 7.3, 22, ABpraaaaaap, 238, 29197, 15299, 524, , 29197, 25000, 33514, 32763, 0, 
74, 1, 164, 131, -1, 449, 195, 17.0, 24, ABplpppaaap, 297, 28337, 17229, 608, , 28337, 25000, 28802, 28935, 0, 
75, 1, 99, 227, -1, 448, 165, 13.7, 22, ABplppppapa, 189, 27143, 14223, 524, , 27143, 25000, 28666, 28852, 0, 
76, 1, 33, 256, -1, 133, 249, 19.9, 23, ABarpaaaapa, 236, 28054, 13915, 496, , 28054, 25000, 28857, 29119, 0, 
77, 1, 34, 191, -1, 179, 185, 22.2, 23, ABplaapaapa, -11, 27807, 15016, 540, , 27807, 25000, 28600, 28677, 0, 
78, 1, 229, 251, -1, 254, 325, 12.9, 24, ABarapaappa, 211, 28063, 16950, 604, , 28063, 25000, 28548, 28723, 0, 
79, 1, 16, 10, -1, 184, 303, 23.8, 28, MSapappp, 283, 27644, 29082, 1052, , 27644, 25000, 28566, 28572, 0, 
80, 1, 233, 302, -1, 302, 120, 19.6, 24, ABplppaaaaa, 216, 28923, 20246, 700, , 28923, 25000, 28640, 28752, 0, 
81, 1, 460, 387, -1, 285, 300, 11.9, 23, ABarapaapppa, 58, 27772, 13775, 496, , 27772, 25000, 28113, 27929, 0, 
82, 1, 212, 273, -1, 162, 197, 17.0, 24, ABalpaapppp, 184, 27449, 16689, 608, , 27449, 25000, 27962, 28054, 0, 
83, 1, 71, 380, -1, 280, 174, 12.5, 26, ABalpapapaa, 73, 29064, 26041, 896, , 29064, 25000, 28359, 28296, 0, 
84, 1, 391, 479, -1, 186, 265, 24.5, 23, ABplaaaaappp, 226, 28905, 18268, 632, , 28905, 25000, 27967, 27990, 0, 
85, 1, 274, 7, -1, 283, 336, 8.6, 23, ABpraapapap, 231, 29353, 18786, 640, , 29353, 25000, 29084, 29321, 0, 
86, 1, 199, 106, -1, 266, 189, 11.2, 25, ABarappapaaa, 421, 28063, 19756, 704, , 28063, 25000, 29133, 29349, 0, 
87, 1, 77, 207, -1, 372, 312, 5.2, 25, ABprapaapp, 127, 37726, 26559, 704, , 37726, 25000, 36170, 36311, 0, 
88, 1, 231, 70, -1, 191, 238, 11.1, 23, ABarapppaaa, 172, 27202, 13492, 496, , 27202, 25000, 28207, 28475, 0, 
89, 1, 3, 100, -1, 458, 162, 16.9, 23, Capappa, 379, 27853, 13815, 496, , 27853, 25000, 29229, 29258, 0, 
90, 1, 242, 417, -1, 475, 175, 22.7, 27, ABplapapap, 276, 28210, 26066, 924, , 28210, 25000, 28344, 28300, 0, 
91, 1, 481, 470, -1, 162, 209, 11.2, 23, ABalaapaapp, 176, 28557, 15421, 540, , 28557, 25000, 29136, 29147, 0, 
92, 1, 87, 144, -1, 375, 195, 14.3, 24, ABplppappaa, 197, 26973, 18989, 704, , 26973, 25000, 28375, 28443, 0, 
93, 1, 207, 1, -1, 150, 334, 21.3, 26, ABarpapapp, 261, 28634, 24511, 856, , 28634, 25000, 28784, 28738, 0, 
94, 1, 144, 492, -1, 508, 157, 24.2, 22, ABarppappp, 190, 27135, 13459, 496, , 27135, 25000, 28130, 28130, 0, 
95, 1, 422, 304, -1, 401, 265, 10.4, 26, ABprppappap, 203, 27386, 22785, 832, , 27386, 25000, 28985, 29085, 0, 
96, 1, 279, 129, -1, 306, 316, 22.4, 25, ABaraapaapp, 8, 28147, 23418, 832, , 28147, 25000, 28685, 28523, 0, 
97, 1, 377, 436, -1, 561, 277, 18.8, 31, Eplap, 318, 28460, 41665, 1464, , 28460, 25000, 29613, 29745, 0, 
98, 1, 255, 111, -1, 305, 146, 23.0, 25, ABplpaapaap, 198, 27830, 21262, 764, , 27830, 25000, 28523, 28375, 0, 
99, 1, 131, 468, -1, 167, 315, 13.4, 25, ABalappapapa, 219, 27799, 23129, 832, , 27799, 25000, 28016, 28101, 0, 
100, 1, 264, 325, -1, 160, 335, 17.9, 26, MSppappp, 58, 27069, 21655, 800, , 27069, 25000, 28872, 28817, 0, 
101, 1, 145, 381, -1, 457, 386, 9.6, 29, Caaaap, 290, 27185, 31426, 1156, , 27185, 25000, 29029, 29027, 0, 
102, 1, 184, 143, -1, 317, 199, 11.7, 24, ABprpappapa, 44, 27760, 19543, 704, , 27760, 25000, 28684, 28729, 0, 
103, 1, 25, 105, -1, 483, 256, 23.3, 29, Capaapa, 279, 26768, 28588, 1068, , 26768, 25000, 28329, 28304, 0, 
104, 1, 8, 9, -1, 513, 133, 8.6, 24, Nuc233_8_515_139, 236, 29651, 20756, 700, , 29651, 25000, 29104, 29071, 0, 
105, 1, 394, 194, -1, 242, 165, 19.8, 25, ABplpaaaaaa, 220, 28526, 20082, 704, , 28526, 25000, 28264, 28412, 0, 
106, 1, 267, 98, -1, 213, 208, 9.4, 27, ABprpaaapaa, 274, 28074, 27737, 988, , 28074, 25000, 29207, 29368, 0, 
107, 0, 165, -1, -1, 272, 303, 14.7, 25, , 13, 794, 22305, 764, , 29195, 25000, 28369, 28401, 0, 
108, 1, 330, 366, -1, 516, 164, 10.5, 23, Cpppppv, 232, 27456, 17352, 632, , 27456, 25000, 28650, 28780, 0, 
109, 1, 124, 449, -1, 550, 306, 15.8, 29, Eprap, 299, 29232, 32506, 1112, , 29232, 25000, 30194, 30206, 0, 
110, 1, 433, 349, -1, 320, 367, 6.3, 24, ABarppppaa, 241, 37388, 26321, 704, , 37388, 25000, 37465, 37480, 0, 
111, 1, 352, 314, -1, 179, 303, 8.1, 25, ABpraapaapp, 258, 28622, 19692, 688, , 28622, 25000, 30761, 30876, 0, 
112, 1, 53, 293, -1, 449, 259, 9.8, 23, ABprppapapp, 117, 30052, 16228, 540, , 30052, 25000, 29140, 29036, 0, 
113, 1, 484, 431, -1, 120, 215, 17.7, 22, ABalaaaarlaa, 157, 28906, 15147, 524, , 28906, 25000, 27989, 28026, 0, 
114, 1, 134, 469, -1, 282, 212, 17.6, 23, ABalpaaaaap, 139, 28442, 18203, 640, , 28442, 25000, 28234, 28250, 0, 
115, 1, 50, 162, -1, 253, 219, 15.4, 29, Nuc233_14_250_214, 25, 29716, 34352, 1156, , 29716, 25000, 28498, 28470, 0, 
116, 1, 454, 73, -1, 207, 147, 10.3, 24, Nuc233_10_227_158, 198, 28018, 19725, 704, , 28018, 25000, 28000, 27728, 0, 
117, 1, 462, 212, -1, 445, 344, 24.4, 29, Cappaaa, 284, 29429, 34020, 1156, , 29429, 25000, 28817, 28817, 0, 
118, 1, 449, 279, -1, 236, 322, 10.7, 22, ABpraaaappp, 210, 26891, 14091, 524, , 26891, 25000, 28441, 28452, 0, 
119, 1, 66, 467, -1, 343, 265, 11.4, 23, MSpapaaap, 230, 30066, 19242, 640, , 30066, 25000, 31802, 30788, 0, 
120, 1, 45, 322, -1, 319, 290, 10.1, 23, ABaraappppa, 100, 28175, 13975, 496, , 28175, 25000, 29108, 29134, 0, 
121, 1, 456, 43, -1, 123, 290, 14.9, 23, ABarpaaapap, 172, 28141, 13958, 496, , 28141, 25000, 28737, 28612, 0, 
122, 1, 363, 249, -1, 324, 157, 13.4, 23, ABplpapaaap, 192, 30106, 19268, 640, , 30106, 25000, 28608, 29037, 0, 
123, 1, 503, 312, -1, 265, 355, 24.0, 26, MSappppp, 201, 29914, 25487, 852, , 29914, 25000, 32403, 32039, 0, 
124, 1, 265, 363, -1, 218, 243, 18.7, 22, ABalpaapaaa, 261, 26725, 14004, 524, , 26725, 25000, 28200, 28307, 0, 
125, 1, 5, 215, -1, 288, 208, 26.4, 28, ABplaapappp, 278, 28985, 28637, 988, , 28985, 25000, 29232, 29295, 0, 
126, 1, 156, 375, -1, 190, 163, 9.0, 20, ABpraappaa, -202, 30892, 9762, 316, , 30892, 25000, 28642, 28609, 0, 
127, 1, 126, 259, -1, 212, 253, 10.3, 22, ABarappppaa, 188, 28053, 14700, 524, , 28053, 25000, 28689, 28568, 0, 
128, 1, 423, 109, -1, 362, 386, 12.9, 25, Dppap, 255, 28446, 19571, 688, , 28446, 25000, 29547, 29581, 0, 
129, 1, 427, 17, -1, 457, 206, 8.2, 24, ABprpppaaaa, 197, 30402, 19944, 656, , 30402, 25000, 28338, 28425, 0, 
130, 1, 169, 230, -1, 383, 215, 16.1, 23, ABplppapaapp, 240, 28046, 13911, 496, , 28046, 25000, 28183, 28035, 0, 
131, 0, 375, -1, -1, 363, 291, 18.9, 23, , 189, -1679, 13933, 496, , 28091, 25000, 30155, 29770, 0, 
132, 1, 104, 542, -1, 369, 272, 11.2, 22, MSpapapap, 194, 50575, 25085, 496, , 50575, 25000, 32670, 32211, 0, 
133, 1, 307, 461, -1, 278, 186, 16.2, 23, MSapaaaa, 210, 27580, 14893, 540, , 27580, 25000, 28718, 28662, 0, 
134, 1, 479, 50, -1, 140, 259, 7.7, 29, ABprpaapapa, 294, 31466, 33606, 1068, , 31466, 25000, 32164, 32199, 0, 
135, 1, 322, 345, -1, 270, 386, 17.2, 24, MSpppppp, 191, 26192, 17182, 656, , 26192, 25000, 28188, 28302, 0, 
136, 1, 285, 95, -1, 349, 346, 7.7, 25, ABprapaaapp, 231, 29698, 22689, 764, , 29698, 25000, 31042, 31093, 0, 
137, 1, 495, 154, -1, 204, 203, 18.5, 22, ABalaaaalal, 198, 29559, 15134, 512, , 29559, 25000, 28217, 28382, 0, 
138, 1, 359, 278, -1, 413, 312, 6.1, 27, ABprappaaa, -215, 35004, 31784, 908, , 35004, 25000, 33558, 33770, 0, 
139, 1, 127, 394, -1, 512, 201, 14.7, 23, ABprpappppp, 116, 28179, 16682, 592, , 28179, 25000, 28546, 28588, 0, 
140, 1, 327, 434, -1, 602, 269, 14.8, 26, Cppppap, 217, 27036, 21521, 796, , 27036, 25000, 28405, 28405, 0, 
141, 0, 27, -1, -1, 174, 275, 12.5, 23, , -127, 290, 18340, 632, , 29019, 25000, 28381, 28729, 0, 
142, 0, 287, -1, -1, 322, 219, 26.7, 22, , 213, -1174, 15252, 524, , 29107, 25000, 30454, 30281, 0, 
143, 1, 209, 226, -1, 545, 225, 14.4, 32, Eprpp, 327, 27695, 41099, 1484, , 27695, 25000, 29839, 29865, 0, 
144, 1, 458, 4, -1, 181, 200, 11.3, 23, ABarapppaap, 177, 31154, 18443, 592, , 31154, 25000, 28862, 29048, 0, 
145, 1, 419, 179, -1, 256, 173, 9.6, 22, ABarapppapa, 187, 28260, 16165, 572, , 28260, 25000, 29317, 29483, 0, 
146, 1, 257, 239, 511, 254, 165, 14.1, 22, ABalppapppa, 463, 28291, 13127, 464, , 28291, 25000, 27647, 27651, 0, 
147, 1, 303, 158, 505, 245, 122, 15.9, 29, ABplpaapapp, 5, 27928, 33737, 1208, , 27928, 25000, 27949, 27935, 0, 
148, 1, 438, 411, -1, 565, 182, 9.7, 23, ABprapapppp, 223, 28189, 16688, 592, , 28189, 25000, 28658, 28682, 0, 
149, 1, 226, 303, -1, 505, 209, 22.4, 26, Capaapp, 259, 27309, 22721, 832, , 27309, 25000, 28512, 28607, 0, 
150, 1, 47, 197, -1, 273, 135, 23.4, 26, ABalpppppppp, 259, 25944, 21585, 832, , 25944, 25000, 28418, 28530, 0, 
151, 1, 200, 297, -1, 547, 303, 7.1, 29, ABprapapaa, 281, 31250, 35625, 1140, , 31250, 25000, 34420, 34442, 0, 
152, 1, 215, 113, -1, 134, 311, 22.7, 25, ABplaaaapp, 239, 28734, 21953, 764, , 28734, 25000, 28235, 28205, 0, 
153, 1, 305, 236, -1, 190, 284, 18.5, 26, MSaaaaaa, 265, 28273, 25333, 896, , 28273, 25000, 27966, 27969, 0, 
154, 1, 366, 110, -1, 229, 140, 21.8, 24, ABalpppaaaa, 247, 28671, 18808, 656, , 28671, 25000, 29001, 29203, 0, 
155, 1, 103, 402, -1, 408, 255, 21.4, 27, Capaaaa, 274, 28094, 27757, 988, , 28094, 25000, 28653, 28732, 0, 
156, 1, 397, 232, -1, 528, 132, 13.8, 23, ABplppppppp, -193, 26757, 14449, 540, , 26757, 25000, 28458, 28542, 0, 
157, 1, 378, 398, -1, 282, 205, 6.4, 25, ABprpaapppa, 204, 34044, 28325, 832, , 34044, 25000, 35880, 37434, 0, 
158, 1, 320, 419, -1, 214, 139, 13.4, 27, ABalppapapp, 268, 27697, 27365, 988, , 27697, 25000, 28468, 28291, 0, 
159, 1, 166, 94, -1, 220, 189, 5.9, 23, ABprpaapapp, 199, 42075, 20869, 496, , 42075, 25000, 40988, 41200, 0, 
160, 0, 60, -1, -1, 341, 135, 10.7, 23, , 191, -775, 16698, 592, , 28206, 25000, 28987, 28981, 0, 
161, 0, 243, -1, -1, 279, 264, 20.6, 22, , 200, 463, 16740, 572, , 29266, 25000, 28915, 28803, 0, 
162, 1, 38, 414, -1, 215, 309, 5.1, 24, ABpraaappppa, 242, 39652, 23950, 604, , 39652, 25000, 42134, 42096, 0, 
163, 1, 192, 309, -1, 210, 360, 9.4, 27, ABarpapppp, 267, 28933, 28586, 988, , 28933, 25000, 28263, 28151, 0, 
164, 1, 132, 23, -1, 497, 243, 13.1, 24, MSppaapp, 235, 27856, 16825, 604, , 27856, 25000, 28041, 28044, 0, 
165, 1, 168, 34, -1, 437, 325, 8.8, 23, Cppaaap, 82, 27163, 14668, 540, , 27163, 25000, 28406, 28381, 0, 
166, 1, 219, 319, -1, 492, 204, 17.8, 23, ABplpppppaa, 227, 28811, 15558, 540, , 28811, 25000, 29072, 29178, 0, 
167, 1, 37, 30, -1, 220, 300, 17.9, 27, ABaraappaap, 255, 28035, 25456, 908, , 28035, 25000, 27806, 27873, 0, 
168, 1, 107, 310, -1, 483, 205, 10.1, 22, ABplpapppap, 177, 27787, 12893, 464, , 27787, 25000, 28993, 28815, 0, 
169, 1, 442, 79, -1, 258, 168, 6.3, 25, ABpraappap, 186, 37618, 28740, 764, , 37618, 25000, 39264, 39558, 0, 
170, 1, 299, 483, -1, 223, 325, 25.0, 22, MSaaapaaa, -76, 29427, 11300, 384, , 29427, 25000, 29659, 29659, 0, 
171, 1, 218, 343, -1, 313, 256, 8.0, 22, Dpapa, 189, 29352, 11271, 384, , 29352, 25000, 30971, 31323, 0, 
172, 1, 282, 421, -1, 197, 213, 26.8, 28, ABplaaappa, 65, 29382, 30910, 1052, , 29382, 25000, 29298, 29389, 0, 
173, 1, 26, 354, -1, 297, 196, 10.1, 22, ABprpapaaaa, 42, 26959, 12509, 464, , 26959, 25000, 28479, 28394, 0, 
174, 1, 512, 422, -1, 306, 235, 13.9, 22, ABalpappppap, 163, 28933, 13425, 464, , 28933, 25000, 28387, 28343, 0, 
175, 1, 345, 46, -1, 421, 309, 17.3, 30, Ealpa, 307, 27567, 36058, 1308, , 27567, 25000, 29030, 29101, 0, 
176, 0, 364, -1, -1, 112, 271, 20.4, 22, , 170, 2437, 17328, 572, , 30294, 25000, 27994, 27857, 0, 
177, 1, 429, 97, -1, 477, 175, 19.8, 25, Capappp, 246, 28219, 19866, 704, , 28219, 25000, 28717, 28901, 0, 
178, 1, 158, 392, -1, 295, 143, 20.5, 24, ABplpaaaaap, 474, 30842, 23687, 768, , 30842, 25000, 28269, 28491, 0, 
179, 1, 143, 311, -1, 261, 140, 12.4, 24, ABalppapapa, 231, 28014, 19610, 700, , 28014, 25000, 28093, 28106, 0, 
180, 1, 177, 176, -1, 574, 282, 23.2, 29, Capppaa, 147, 29831, 33172, 1112, , 29831, 25000, 28673, 28679, 0, 
181, 1, 317, 185, -1, 376, 245, 18.4, 22, MSaapapaa, 198, 39747, 22735, 572, , 39747, 25000, 31550, 31590, 0, 
182, 1, 10, 347, -1, 434, 231, 16.5, 24, ABplppapapp, 219, 30070, 23094, 768, , 30070, 25000, 28695, 28771, 0, 
183, 1, 277, 465, -1, 361, 236, 10.0, 22, ABprpapppap, 163, 27682, 10630, 384, , 27682, 25000, 29250, 29085, 0, 
184, 1, 490, 496, -1, 326, 355, 9.7, 20, MSppapaa, 128, 27307, 10049, 368, , 27307, 25000, 28112, 28112, 0, 
185, 1, 154, 60, -1, 235, 185, 20.6, 24, ABalppappaa, 200, 28536, 19975, 700, , 28536, 25000, 28634, 29436, 0, 
186, 1, 235, 125, -1, 380, 211, 11.1, 23, ABarappappa, 132, 31768, 15757, 496, , 31768, 25000, 28662, 28591, 0, 
187, 1, 455, 21, -1, 334, 217, 8.9, 22, ABprpapappa, 202, 27778, 12889, 464, , 27778, 25000, 29818, 30020, 0, 
188, 1, 472, 459, -1, 163, 229, 8.0, 21, ABalaaapprr, 8, 29440, 11305, 384, , 29440, 25000, 29944, 29956, 0, 
189, 1, 425, 31, -1, 188, 215, 16.6, 23, Nuc232_16_181_214, 219, 27236, 17431, 640, , 27236, 25000, 28077, 28325, 0, 
190, 1, 411, 361, -1, 155, 259, 21.3, 25, ABplaaaaaaa, -80, 26094, 19936, 764, , 26094, 25000, 27761, 27854, 0, 
191, 1, 471, 415, -1, 109, 263, 18.8, 22, ABarpapapa, 173, 28157, 13966, 496, , 28157, 25000, 28819, 29000, 0, 
192, 1, 405, 19, -1, 269, 138, 21.0, 24, ABalpppapav, 202, 28717, 17460, 608, , 28717, 25000, 28423, 28638, 0, 
193, 1, 276, 253, -1, 351, 378, 9.7, 24, ABarpppapp, 245, 28830, 20296, 704, , 28830, 25000, 28441, 28448, 0, 
194, 0, 102, -1, -1, 494, 134, 22.6, 23, , 225, 2510, 19392, 640, , 30300, 25000, 27877, 27790, 0, 
195, 1, 355, 147, -1, 520, 231, 10.1, 23, ABprpppppap, 189, 28089, 13932, 496, , 28089, 25000, 28805, 29021, 0, 
196, 1, 335, 69, -1, 353, 201, 6.8, 25, ABarappappp, 129, 32172, 22649, 704, , 32172, 25000, 33338, 33354, 0, 
197, 1, 338, 527, -1, 364, 402, 16.0, 26, Dpppap, 195, 28595, 24363, 852, , 28595, 25000, 28581, 28608, 0, 
198, 1, 412, 526, -1, 376, 156, 19.1, 23, Nuc233_18_371_145, 229, 29008, 14388, 496, , 29008, 25000, 29986, 29972, 0, 
199, 1, 461, 350, -1, 420, 333, 13.5, 24, Earpa, 166, 30966, 23782, 768, , 30966, 25000, 29183, 29182, 0, 
200, 1, 432, 292, -1, 303, 260, 19.9, 22, ABalpaaappp, 199, 28409, 13182, 464, , 28409, 25000, 28685, 28701, 0, 
201, 1, 326, 65, -1, 159, 283, 10.0, 24, ABpraapaapa, -93, 27554, 16753, 608, , 27554, 25000, 28194, 28349, 0, 
202, 1, 190, 323, -1, 207, 220, 22.5, 25, ABalapaaaa, 249, 27392, 21037, 768, , 27392, 25000, 28409, 28484, 0, 
203, 0, 275, -1, -1, 260, 265, 8.7, 23, , 134, 1179, 17856, 592, , 30162, 25000, 28929, 28983, 0, 
204, 1, 344, 196, -1, 472, 328, 9.1, 24, Cppaapa, 238, 28828, 17412, 604, , 28828, 25000, 28966, 29013, 0, 
205, 1, 237, 535, -1, 284, 178, 25.3, 23, Nuc234_25_278_177, 166, 28939, 17132, 592, , 28939, 25000, 29280, 29345, 0, 
206, 1, 150, 462, -1, 333, 299, 5.0, 27, ABpraapppp, 320, 38579, 39814, 1032, , 38579, 25000, 37316, 37320, 0, 
207, 1, 428, 57, -1, 564, 135, 12.4, 22, Caappv, 220, 28093, 16069, 572, , 28093, 25000, 28157, 28292, 0, 
208, 1, 181, 364, -1, 355, 263, 7.6, 22, ABprapaapap, 229, 29691, 16983, 572, , 29691, 25000, 32435, 32654, 0, 
209, 1, 57, 306, -1, 495, 293, 5.6, 26, ABprappapp, 268, 35438, 29484, 832, , 35438, 25000, 37866, 37865, 0, 
210, 1, 283, 348, -1, 325, 180, 27.0, 29, ABalppppppap, 292, 30287, 37192, 1228, , 30287, 25000, 29528, 29559, 0, 
211, 1, 374, 27, -1, 293, 170, 7.3, 26, ABarappapap, -104, 28383, 24296, 856, , 28383, 25000, 32875, 33132, 0, 
212, 1, 91, 373, -1, 544, 142, 11.5, 22, ABprppppppp, 98, 27598, 14130, 512, , 27598, 25000, 28998, 29234, 0, 
213, 1, 450, 72, -1, 128, 264, 11.2, 24, ABarpappaaa, 215, 28006, 18372, 656, , 28006, 25000, 27829, 27791, 0, 
214, 1, 409, 315, -1, 449, 299, 10.0, 23, MSpappppp, 192, 27570, 14116, 512, , 27570, 25000, 29209, 29250, 0, 
215, 0, 476, -1, -1, 196, 174, 23.5, 22, , 98, -818, 14796, 512, , 28898, 25000, 29096, 29716, 0, 
216, 1, 136, 444, -1, 463, 228, 10.2, 22, ABprppapppp, 199, 28063, 13919, 496, , 28063, 25000, 29563, 29489, 0, 
217, 1, 466, 458, -1, 235, 285, 14.2, 22, ABaraaaaapp, 147, 27383, 13582, 496, , 27383, 25000, 28219, 28583, 0, 
218, 1, 318, 368, -1, 384, 243, 11.4, 22, ABprppappaa, 198, 29065, 16625, 572, , 29065, 25000, 28349, 28160, 0, 
219, 0, 399, -1, -1, 265, 321, 17.7, 22, , 27, 2485, 16726, 524, , 31920, 25000, 29448, 29435, 0, 
220, 1, 247, 200, -1, 207, 373, 20.5, 28, ABarpaappa, 286, 26875, 29025, 1080, , 26875, 25000, 27931, 27921, 0, 
221, 1, 172, 365, -1, 252, 231, 7.4, 23, ABprpaaappp, 194, 28747, 18398, 640, , 28747, 25000, 32020, 32397, 0, 
222, 1, -1, 48, -1, 275, 291, 21.5, 24, Nuc240_22_275_291, 261, 27605, 21201, 768, , 27605, 25000, 29282, 29349, 0, 
223, 1, 201, 53, -1, 399, 199, 13.5, 22, ABplpaaaapp, 196, 26531, 13584, 512, , 26531, 25000, 28252, 28210, 0, 
224, 1, 117, 219, -1, 171, 244, 16.2, 24, ABalaaaarrp, 181, 27369, 17954, 656, , 27369, 25000, 28349, 28407, 0, 
225, 1, 174, 386, -1, 270, 121, 10.9, 24, ABplaappap, 165, 28058, 16947, 604, , 28058, 25000, 27398, 27297, 0, 
226, 1, 7, 78, -1, 405, 231, 15.3, 23, ABplppapapa, 200, 28277, 16740, 592, , 28277, 25000, 28696, 28770, 0, 
227, 1, 256, 329, -1, 309, 193, 8.1, 22, ABprpapaaap, 155, 27310, 12672, 464, , 27310, 25000, 29654, 30207, 0, 
228, 1, 253, 296, -1, 484, 160, 6.4, 24, ABprappppa, -14, 33287, 23301, 700, , 33287, 25000, 35203, 35554, 0, 
229, 1, 20, 186, -1, 521, 225, 5.5, 25, ABprapappa, 238, 40755, 31300, 768, , 40755, 25000, 39152, 39518, 0, 
230, 1, 49, 134, -1, 455, 308, 6.2, 26, ABprappaap, 148, 32143, 25586, 796, , 32143, 25000, 34139, 34185, 0, 
231, 1, 118, 243, -1, 289, 253, 5.0, 22, ABprppaaaap, 178, 39792, 15280, 384, , 39792, 25000, 37790, 37441, 0, 
232, 1, 304, 437, -1, 241, 196, 22.7, 24, ABplpaapaaa, 201, 27297, 19217, 704, , 27297, 25000, 29387, 29533, 0, 
233, 1, 505, 121, -1, 352, 290, 21.9, 22, MSaapappa, 200, 30797, 14290, 464, , 30797, 25000, 28811, 28584, 0, 
234, 1, 408, 294, -1, 325, 220, 11.1, 23, ABprpapapaa, 214, 28179, 13977, 496, , 28179, 25000, 29297, 29566, 0, 
235, 1, 392, 218, -1, 577, 287, 11.7, 26, Cpppapa, 261, 27978, 23949, 856, , 27978, 25000, 28932, 29027, 0, 
236, 1, 198, 54, -1, 214, 270, 20.4, 24, ABaraapaaaa, 201, 27393, 19175, 700, , 27393, 25000, 27642, 27574, 0, 
237, 1, 381, 362, -1, 276, 191, 19.9, 23, MSapapap, 256, 27825, 13801, 496, , 27825, 25000, 27995, 27975, 0, 
238, 1, 17, 482, -1, 222, 286, 24.8, 27, MSapappa, 276, 26972, 23412, 868, , 26972, 25000, 28663, 28669, 0, 
239, 1, 128, 442, -1, 549, 341, 11.5, 26, Cppapap, 203, 28509, 25544, 896, , 28509, 25000, 28989, 28999, 0, 
240, 1, 78, 188, -1, 493, 195, 15.0, 22, ABplppppaap, 160, 26591, 10211, 384, , 26591, 25000, 28866, 29247, 0, 
241, 1, 343, 24, -1, 130, 225, 15.4, 26, ABpraapaaaa, 252, 29013, 24139, 832, , 29013, 25000, 28529, 28696, 0, 
242, 1, 146, 68, -1, 334, 243, 20.7, 24, ABaraapappa, 45, 28030, 19733, 704, , 28030, 25000, 28780, 28682, 0, 
243, 1, 129, 372, -1, 422, 237, 14.3, 22, ABplppapppa, 187, 28349, 14855, 524, , 28349, 25000, 28784, 28735, 0, 
244, 1, 161, 440, -1, 280, 166, 21.7, 22, ABalpppppaa, 7, 28397, 14880, 524, , 28397, 25000, 28644, 28768, 0, 
245, 1, 365, 460, -1, 203, 182, 17.0, 22, Nuc233_17_217_169a, 179, 28680, 11013, 384, , 28680, 25000, 28955, 29061, 0, 
246, 1, 113, 475, -1, 214, 181, 24.7, 28, ABplaapaapp, 268, 28153, 29955, 1064, , 28153, 25000, 29323, 29358, 0, 
247, 1, 24, 164, -1, 321, 230, 16.1, 22, MSaapaaaa, 192, 27817, 12907, 464, , 27817, 25000, 29049, 29188, 0, 
248, 1, 115, 295, -1, 206, 143, 18.1, 23, ABalpppaaap, 207, 26313, 13051, 496, , 26313, 25000, 28712, 28616, 0, 
249, 1, 191, 447, -1, 204, 327, 14.0, 21, MSppaaap, 172, 28099, 10790, 384, , 28099, 25000, 28787, 28771, 0, 
250, 1, 246, 122, -1, 473, 185, 7.4, 22, ABprppppapa, 148, 29517, 16884, 572, , 29517, 25000, 30591, 30632, 0, 
251, 1, 101, 263, -1, 469, 134, 9.7, 28, Nuc233_9_472_143, 229, 28744, 30584, 1064, , 28744, 25000, 27853, 27858, 0, 
252, 1, 73, 351, -1, 495, 154, 18.4, 23, ABplpppaapa, 238, 28963, 18536, 640, , 28963, 25000, 28609, 28723, 0, 
253, 1, 130, 3, -1, 219, 325, 16.7, 24, ABaraappapa, 202, 26768, 18845, 704, , 26768, 25000, 28205, 28133, 0, 
254, 1, 208, 140, -1, 313, 214, 8.9, 22, ABprpapapap, 201, 27916, 12953, 464, , 27916, 25000, 28849, 29469, 0, 
255, 1, 278, 331, -1, 201, 319, 8.7, 22, Nuc235_9_204_319, 512, 30725, 16100, 524, , 30725, 25000, 29803, 30010, 0, 
256, 1, 30, 51, -1, 254, 275, 11.1, 26, ABarapapaap, 631, 27891, 22313, 800, , 27891, 25000, 28767, 28844, 0, 
257, 1, 475, 288, -1, 548, 262, 15.4, 31, Eprpa, 316, 28441, 37884, 1332, , 28441, 25000, 29609, 29636, 0, 
258, 1, 141, 119, -1, 332, 252, 14.3, 24, ABarapapppa, 200, 27993, 19707, 704, , 27993, 25000, 28814, 28850, 0, 
259, 1, 22, 299, -1, 307, 214, 6.0, 23, ABprppaapap, 147, 39170, 20055, 512, , 39170, 25000, 35879, 36231, 0, 
260, 1, 31, 231, -1, 312, 221, 24.0, 23, ABplaapapap, 90, 28553, 14619, 512, , 28553, 25000, 28847, 28757, 0, 
261, 1, 79, 103, -1, 287, 348, 21.0, 22, Nuc236_21_281_347, 132, 28789, 11055, 384, , 28789, 25000, 28977, 29154, 0, 
262, 1, 342, 181, -1, 500, 369, 11.2, 27, Cppapaa, 261, 27665, 24013, 868, , 27665, 25000, 28546, 28654, 0, 
263, 1, 333, 471, -1, 476, 212, 12.9, 22, ABplpappppa, 185, 27666, 12837, 464, , 27666, 25000, 28490, 28760, 0, 
264, 1, 35, 206, -1, 222, 170, 8.9, 23, ABarapppapp, 187, 29125, 14446, 496, , 29125, 25000, 30285, 30240, 0, 
265, 0, 176, -1, -1, 285, 274, 11.6, 23, , -284, -349, 18147, 640, , 28355, 25000, 28578, 28704, 0, 
266, 1, 245, 189, -1, 400, 310, 8.5, 25, Cppaaaa, 232, 30126, 23137, 768, , 30126, 25000, 30206, 30076, 0, 
267, 1, 302, 36, -1, 292, 162, 10.2, 23, ABprpappaap, 193, 27730, 14974, 540, , 27730, 25000, 29251, 29204, 0, 
268, 1, 444, 427, -1, 161, 211, 21.6, 22, Nuc233_21_168_193, 208, 28372, 16229, 572, , 28372, 25000, 28728, 28690, 0, 
269, 1, 314, 264, -1, 515, 284, 8.2, 24, Cppaapp, 233, 28319, 18577, 656, , 28319, 25000, 29617, 29652, 0, 
270, 1, 68, 16, -1, 321, 294, 12.2, 24, ABaraappppp, 216, 27341, 17936, 656, , 27341, 25000, 29742, 30014, 0, 
271, 1, 439, 20, -1, 476, 370, 22.6, 30, Dapppp, 263, 29256, 33820, 1156, , 29256, 25000, 28637, 28639, 0, 
272, 1, 401, 202, -1, 191, 350, 15.3, 25, MSppappa, 228, 27349, 20895, 764, , 27349, 25000, 28548, 28513, 0, 
273, 1, 424, 271, -1, 566, 173, 13.4, 25, Cpppppd, 258, 29264, 24348, 832, , 29264, 25000, 29818, 29833, 0, 
274, 1, 238, 14, -1, 254, 276, 6.6, 22, ABprpaaaaapp, 169, 36659, 20969, 572, , 36659, 25000, 33847, 33387, 0, 
275, 0, 222, -1, -1, 274, 349, 5.7, 22, , 208, 6387, 24473, 524, , 46704, 25000, 39993, 40317, 0, 
276, 1, 139, 233, -1, 226, 160, 16.3, 24, ABalppaappp, 185, 28349, 19958, 704, , 28349, 25000, 28815, 28959, 0, 
277, 1, 97, 388, -1, 392, 331, 20.6, 27, Ealaad, 274, 29870, 29512, 988, , 29870, 25000, 28813, 28864, 0, 
278, 1, 398, 248, -1, 493, 226, 10.5, 22, ABprppppaaa, 185, 27947, 14309, 512, , 27947, 25000, 28706, 29048, 0, 
279, 1, 313, 413, -1, 283, 130, 15.1, 25, ABplpaapppp, 253, 28698, 19744, 688, , 28698, 25000, 28546, 28600, 0, 
280, 1, 183, 360, -1, 298, 262, 26.1, 27, ABplapaaaap, 96, 29143, 26462, 908, , 29143, 25000, 29222, 29222, 0, 
281, 1, 284, 208, -1, 244, 307, 8.0, 22, ABpraaappap, 224, 26659, 10237, 384, , 26659, 25000, 29058, 28720, 0, 
282, 1, 202, 59, -1, 481, 178, 15.8, 23, ABplppppaaa, 136, 29087, 15707, 540, , 29087, 25000, 28869, 29137, 0, 
283, 1, 406, 327, -1, 393, 403, 15.5, 27, Dppppa, 21, 28797, 25802, 896, , 28797, 25000, 28628, 28668, 0, 
284, 1, 331, 148, -1, 245, 259, 14.0, 25, ABarapaaaaa, 566, 28330, 21644, 764, , 28330, 25000, 28520, 28822, 0, 
285, 1, 441, 445, -1, 222, 211, 5.7, 23, ABprpaaapap, 213, 38289, 22667, 592, , 38289, 25000, 39598, 39809, 0, 
286, 1, 420, 39, -1, 128, 275, 23.4, 29, ABplaaaapa, 276, 28425, 32859, 1156, , 28425, 25000, 28258, 28268, 0, 
287, 1, 262, 192, -1, 283, 231, 24.6, 24, ABplaapappa, 239, 29166, 20416, 700, , 29166, 25000, 28178, 28090, 0, 
288, 1, 286, 409, -1, 290, 343, 17.7, 22, Nuc232_18_293_339, 61, 28851, 15118, 524, , 28851, 25000, 29165, 29190, 0, 
289, 1, 32, 74, -1, 275, 243, 12.7, 24, ABarapaaaap, 140, 28537, 20090, 704, , 28537, 25000, 28391, 28313, 0, 
290, 1, 478, 320, -1, 289, 275, 14.0, 22, ABarapapppp, 161, 29055, 11157, 384, , 29055, 25000, 28289, 28128, 0, 
291, 1, 354, 213, -1, 381, 359, 6.5, 26, ABarppppap, 310, 31924, 28604, 896, , 31924, 25000, 35625, 35609, 0, 
292, 1, 58, 353, -1, 229, 285, 22.4, 28, ABaraapaapa, 260, 28569, 28226, 988, , 28569, 25000, 28031, 27952, 0, 
293, 1, 361, 160, -1, 495, 114, 10.6, 22, ABprpppapap, 767, 27645, 15813, 572, , 27645, 25000, 27818, 27782, 0, 
294, 1, 203, 126, -1, 465, 206, 22.7, 26, ABplappapp, 267, 29234, 25024, 856, , 29234, 25000, 28747, 28768, 0, 
295, 1, 373, 282, -1, 412, 228, 22.0, 26, ABplappaaa, 260, 27009, 23012, 852, , 27009, 25000, 27920, 27887, 0, 
296, 1, 280, 305, -1, 279, 389, 13.0, 24, ABarpppapa, 224, 27771, 16885, 608, , 27771, 25000, 27834, 27753, 0, 
297, 1, 300, 401, -1, 282, 330, 13.3, 22, ABaraaapapp, 187, 28977, 15184, 524, , 28977, 25000, 28192, 28350, 0, 
298, 1, 294, 337, -1, 404, 274, 14.3, 23, MSaappap, 235, 29625, 17538, 592, , 29625, 25000, 29488, 29303, 0, 
299, 1, 383, 224, -1, 478, 124, 12.8, 23, ABplpppapap, 176, 30013, 16207, 540, , 30013, 25000, 28080, 28179, 0, 
300, 0, 448, -1, -1, 214, 254, 24.2, 23, , 185, 226, 15144, 540, , 28044, 25000, 27854, 27818, 0, 
301, 1, 252, 525, -1, 322, 187, 24.5, 23, ABplpaappapa, 183, 29097, 18389, 632, , 29097, 25000, 28387, 28417, 0, 
302, 1, 197, 257, -1, 334, 239, 18.4, 26, ABaraapappp, 122, 27841, 23164, 832, , 27841, 25000, 28818, 28887, 0, 
303, 1, 407, 272, -1, 483, 125, 18.2, 24, ABplpppaapp, 205, 28759, 18866, 656, , 28759, 25000, 28657, 29108, 0, 
304, 1, 250, 393, -1, 542, 255, 23.7, 28, Capapap, 27, 29316, 31192, 1064, , 29316, 25000, 28844, 28844, 0, 
305, 1, 111, 13, -1, 225, 227, 25.4, 22, ABalpppappp, 183, 26916, 15396, 572, , 26916, 25000, 28956, 28798, 0, 
306, 1, 162, 262, -1, 522, 111, 16.8, 26, ABplappppp, 255, 28240, 22479, 796, , 28240, 25000, 27938, 27987, 0, 
307, 1, 260, 40, -1, 314, 108, 15.8, 21, ABalpapapppa, 10, 27236, 11657, 428, , 27236, 25000, 27049, 26836, 0, 
308, 1, 494, 499, -1, 230, 366, 14.2, 23, MSppppap, 207, 28422, 15348, 540, , 28422, 25000, 28301, 28422, 0, 
309, 1, 497, 428, -1, 287, 252, 22.6, 23, ABalpaapapp, 174, 27506, 17604, 640, , 27506, 25000, 28058, 28135, 0, 
310, 1, 94, 400, -1, 161, 252, 25.2, 24, ABplaaaaappa, 211, 27963, 18344, 656, , 27963, 25000, 28061, 28191, 0, 
311, 1, 336, 301, -1, 315, 368, 18.7, 23, MSpaaappp, 301, 28160, 16671, 592, , 28160, 25000, 28494, 28517, 0, 
312, 1, 339, 255, -1, 426, 257, 10.3, 22, ABprppapapa, 195, 29847, 15640, 524, , 29847, 25000, 29282, 29392, 0, 
313, 1, 224, 5, -1, 193, 236, 14.9, 24, Nuc233_14_174_217, 160, 27131, 16387, 604, , 27131, 25000, 28183, 27874, 0, 
314, 1, 116, 321, -1, 178, 239, 18.4, 23, ABalaaaarlp, -23, 28353, 18146, 640, , 28353, 25000, 27911, 28188, 0, 
315, 1, 414, 399, -1, 533, 135, 18.5, 25, ABplapapppp, 52, 27212, 20899, 768, , 27212, 25000, 28332, 28432, 0, 
316, 1, 51, 308, -1, 314, 345, 12.8, 25, ABaraapppap, 66, 26689, 18789, 704, , 26689, 25000, 28128, 28130, 0, 
317, 1, 84, 77, -1, 149, 183, 22.3, 24, Nuc234_23_148_189, 139, 28087, 19773, 704, , 28087, 25000, 27893, 27897, 0, 
318, 1, 211, 99, -1, 442, 216, 10.5, 24, ABprppaappp, 182, 27480, 21105, 768, , 27480, 25000, 28027, 28184, 0, 
319, 1, 106, 117, -1, 338, 149, 21.9, 24, ABplppaaaap, 192, 27081, 16357, 604, , 27081, 25000, 28157, 28014, 0, 
320, 1, 213, 284, -1, 289, 300, 5.3, 23, ABprpaappap, 209, 38593, 22847, 592, , 38593, 25000, 36016, 35855, 0, 
321, 1, 189, 494, -1, 354, 187, 14.0, 22, MSaapppaa, -85, 30036, 11534, 384, , 30036, 25000, 28942, 29749, 0, 
322, 1, 114, 173, -1, 280, 366, 18.2, 24, MSpaaappa, -88, 26994, 17708, 656, , 26994, 25000, 28316, 28542, 0, 
323, 1, 306, 245, -1, 251, 238, 11.0, 21, MSppaaaa, 149, 29281, 11244, 384, , 29281, 25000, 28029, 28075, 0, 
324, 1, 21, 157, -1, 538, 207, 9.2, 24, ABprpppaapa, 217, 29297, 19219, 656, , 29297, 25000, 28751, 28687, 0, 
325, 1, 263, 180, -1, 261, 149, 17.2, 25, ABplpaaappp, 216, 27690, 19494, 704, , 27690, 25000, 28456, 28436, 0, 
326, 1, 195, 280, -1, 225, 184, 12.5, 29, ABarappaapa, 181, 29993, 32392, 1080, , 29993, 25000, 29032, 28952, 0, 
327, 1, 220, 35, -1, 475, 136, 16.1, 23, ABplpppapaa, -133, 26919, 13352, 496, , 26919, 25000, 29168, 29195, 0, 
328, 0, 270, -1, -1, 514, 128, 22.2, 22, , -66, 3201, 15452, 496, , 31153, 25000, 28133, 27952, 0, 
329, 1, 268, 75, -1, 266, 343, 10.3, 23, ABpraapappa, 228, 27689, 16392, 592, , 27689, 25000, 28804, 29001, 0, 
330, 1, 43, 115, -1, 161, 326, 9.8, 23, ABarpapppa, 236, 27093, 14630, 540, , 27093, 25000, 28310, 28314, 0, 
331, 1, 61, 33, -1, 519, 250, 8.2, 23, Cppappa, 234, 28522, 15402, 540, , 28522, 25000, 29153, 29040, 0, 
332, 0, 272, -1, -1, 102, 242, 20.7, 22, , 113, -189, 14684, 524, , 28023, 25000, 28213, 28212, 0, 
333, 1, 170, 61, -1, 329, 187, 15.5, 22, ABplpapapaa, -17, 27732, 14199, 512, , 27732, 25000, 29338, 29380, 0, 
334, 1, 171, 182, -1, 160, 174, 19.6, 25, ABalpppaapd, 209, 27806, 23135, 832, , 27806, 25000, 28030, 28048, 0, 
335, 0, 123, -1, -1, 229, 299, 9.5, 22, , 155, 546, 15315, 512, , 29912, 25000, 28805, 29366, 0, 
336, 1, 301, 152, -1, 260, 352, 20.2, 24, MSpaaaaaa, 624, 28433, 18652, 656, , 28433, 25000, 30352, 29572, 0, 
337, 1, 159, 501, -1, 188, 294, 12.1, 23, ABalappapapp, 36, 26591, 13189, 496, , 26591, 25000, 28337, 28337, 0, 
338, 1, 230, 384, -1, 260, 274, 26.2, 24, MSapppap, 233, 27534, 18062, 656, , 27534, 25000, 29592, 29525, 0, 
339, 1, 435, 265, -1, 503, 207, 25.6, 29, ABplapapaa, -131, 28254, 32662, 1156, , 28254, 25000, 28189, 28199, 0, 
340, 1, 122, 102, -1, 510, 207, 11.5, 23, ABprppppaap, 207, 27013, 17072, 632, , 27013, 25000, 28946, 28992, 0, 
341, 0, 393, -1, -1, 305, 263, 15.9, 22, , 71, -1442, 13074, 464, , 28177, 25000, 29339, 29619, 0, 
342, 1, 48, 234, -1, 306, 177, 13.9, 22, Nuc232_13_303_173, 176, 29065, 13486, 464, , 29065, 25000, 28954, 29000, 0, 
343, 1, 39, 456, -1, 351, 359, 19.3, 25, MSpaaapap, 121, 28471, 21752, 764, , 28471, 25000, 28287, 28159, 0, 
344, 1, 83, 335, -1, 558, 212, 6.6, 22, ABprapppaap, 196, 35383, 20239, 572, , 35383, 25000, 35639, 35790, 0, 
345, 1, 328, 199, -1, 375, 163, 21.5, 28, Nuc233_20_375_160, 269, 28550, 30834, 1080, , 28550, 25000, 28570, 28501, 0, 
346, 1, 19, 107, -1, 322, 203, 21.9, 23, ABplaapapaa, 230, 26804, 13295, 496, , 26804, 25000, 28612, 28524, 0, 
347, 1, 153, 426, -1, 241, 198, 9.2, 23, ABarapppppp, 229, 27589, 14898, 540, , 27589, 25000, 29554, 29499, 0, 
348, 1, 538, 41, -1, 147, 306, 17.9, 23, ABalapppapp, 278, 29010, 14389, 496, , 29010, 25000, 29185, 29239, 0, 
349, 1, 480, 267, -1, 307, 172, 21.9, 22, ABplpaappaa, 213, 27819, 12908, 464, , 27819, 25000, 28485, 28446, 0, 
350, 1, 142, 397, -1, 251, 246, 21.8, 24, ABalpaaapaa, 194, 28157, 18471, 656, , 28157, 25000, 28682, 28961, 0, 
351, 1, 319, 332, -1, 179, 227, 5.5, 26, ABpraaaapad, 232, 47660, 42703, 896, , 47660, 25000, 40721, 41967, 0, 
352, 1, 121, 225, -1, 445, 239, 23.4, 25, ABplappaap, 234, 28109, 23387, 832, , 28109, 25000, 28187, 28255, 0, 
353, 1, 353, 481, -1, 385, 260, 26.8, 27, ABarppapap, 279, 27884, 24203, 868, , 27884, 25000, 28591, 28516, 0, 
354, 1, 297, 298, -1, 512, 132, 12.2, 22, ABplppppppa, 170, 27151, 13467, 496, , 27151, 25000, 28867, 29028, 0, 
355, 1, 547, 489, -1, 216, 190, 21.7, 25, ABalapaappa, 158, 27747, 21199, 764, , 27747, 25000, 29001, 29218, 0, 
356, 1, 311, 359, -1, 358, 281, 13.1, 22, MSpapapaa, 207, 56203, 26078, 464, , 56203, 25000, 35176, 34431, 0, 
357, 1, 388, 201, 395, 230, 271, 5.6, 25, ABpraaaapav, 198, 39688, 33020, 832, , 39688, 25000, 38403, 38411, 0, 
358, 1, 259, 379, -1, 456, 220, 13.0, 22, ABprpapappp, -4, 26333, 10112, 384, , 26333, 25000, 28999, 28958, 0, 
359, 1, 315, 340, -1, 525, 187, 13.2, 23, ABprpappppa, 215, 27683, 14949, 540, , 27683, 25000, 28416, 28451, 0, 
360, 1, 474, 130, -1, 130, 260, 17.4, 22, ABarpaaapaa, 155, 27336, 15636, 572, , 27336, 25000, 28387, 28820, 0, 
361, 1, 175, 220, -1, 363, 327, 20.5, 23, MSaaapapp, 171, 28679, 18125, 632, , 28679, 25000, 28833, 29022, 0, 
362, 1, 72, 84, -1, 301, 195, 22.6, 23, ABalpppppap, 110, 27258, 17445, 640, , 27258, 25000, 28443, 28606, 0, 
363, 1, 506, 493, -1, 405, 227, 12.3, 22, ABprpaaaappp, 150, 28588, 14980, 524, , 28588, 25000, 27840, 27898, 0, 
364, 1, 291, 342, -1, 541, 199, 17.7, 32, Eplpp, 323, 28482, 45116, 1584, , 28482, 25000, 30295, 30312, 0, 
365, 1, 239, 217, -1, 287, 228, 4.9, 22, Nuc234_7_277_240, 324, 41006, 19027, 464, , 41006, 25000, 37132, 36498, 0, 
366, 1, 369, 211, -1, 424, 389, 12.1, 27, Cpppaaa, 250, 30170, 27394, 908, , 30170, 25000, 29245, 29325, 0, 
367, 1, 96, 328, -1, 461, 252, 14.2, 26, MSapaapp, 97, 27270, 21707, 796, , 27270, 25000, 28886, 28913, 0, 
368, 0, 64, -1, -1, 243, 155, 8.7, 23, , 190, 1601, 18399, 592, , 31079, 25000, 29361, 29478, 0, 
369, 0, 108, -1, -1, 589, 174, 12.2, 23, , 207, 1829, 16704, 540, , 30933, 25000, 29076, 29104, 0, 
370, 1, 293, 404, -1, 304, 322, 12.1, 24, ABaraapppaa, 207, 28305, 17096, 604, , 28305, 25000, 27925, 27904, 0, 
371, 1, 296, 6, -1, 309, 226, 18.9, 23, Nuc234_19_299_240, 65, 29028, 14398, 496, , 29028, 25000, 28460, 28629, 0, 
372, 1, 4, 28, -1, 195, 164, 14.2, 25, ABalppapaap, 208, 29021, 20431, 704, , 29021, 25000, 29422, 29426, 0, 
373, 1, 67, 333, -1, 114, 299, 18.1, 24, ABarpaapaa, 559, 26618, 16077, 604, , 26618, 25000, 28133, 28151, 0, 
374, 1, 217, 357, -1, 549, 207, 22.4, 27, Cappapa, 451, 28091, 27754, 988, , 28091, 25000, 29289, 29420, 0, 
375, 1, 180, 137, -1, 373, 338, 24.4, 29, Dappaaa, 262, 28593, 33054, 1156, , 28593, 25000, 28639, 28572, 0, 
376, 1, 269, 258, -1, 176, 180, 16.3, 22, ABalaaaalpp, 187, 27382, 14348, 524, , 27382, 25000, 28630, 28737, 0, 
377, 1, 188, 62, -1, 488, 255, 10.2, 22, ABprpppppaa, 163, 27540, 13660, 496, , 27540, 25000, 28616, 28648, 0, 
378, 1, 23, 244, -1, 273, 184, 22.8, 22, Nuc234_23_264_186, 373, 29548, 14656, 496, , 29548, 25000, 28717, 28508, 0, 
379, 1, 292, 92, -1, 145, 324, 15.3, 23, ABarpapaaap, 228, 29024, 17182, 592, , 29024, 25000, 28818, 28958, 0, 
380, 1, 54, 45, -1, 335, 135, 14.4, 25, ABalpapapppp, 207, 26907, 22387, 832, , 26907, 25000, 28234, 28124, 0, 
381, 1, 80, 96, -1, 476, 164, 12.5, 24, ABplppppapp, 243, 28656, 22008, 768, , 28656, 25000, 28270, 28394, 0, 
382, 1, 41, 2, -1, 407, 266, 18.9, 25, Ealaav, 258, 27301, 18783, 688, , 27301, 25000, 29803, 29800, 0, 
383, 1, 89, 56, -1, 467, 239, 7.5, 23, ABprpppaaap, 196, 29722, 18784, 632, , 29722, 25000, 31594, 31585, 0, 
384, 1, 76, 336, -1, 496, 338, 6.6, 26, ABarpppppa, 265, 33726, 28060, 832, , 33726, 25000, 35593, 35635, 0, 
385, 1, 492, 204, -1, 166, 257, 10.5, 21, ABalaappppp, -73, 27631, 14147, 512, , 27631, 25000, 27972, 28058, 0, 
386, 1, 368, 438, -1, 227, 232, 7.5, 23, ABprpaaappa, 197, 28540, 18037, 632, , 28540, 25000, 31899, 32215, 0, 
387, 1, 403, 238, -1, 370, 278, 24.5, 28, ABarppaapp, 122, 28258, 30519, 1080, , 28258, 25000, 29134, 29200, 0, 
388, 0, 421, -1, -1, 246, 182, 24.7, 22, , 169, 1480, 16277, 524, , 31063, 25000, 29279, 29583, 0, 
389, 1, 468, 429, -1, 182, 265, 15.1, 22, ABalaapaaal, 173, 27203, 12622, 464, , 27203, 25000, 28754, 29014, 0, 
390, 1, 348, 55, -1, 322, 345, 20.8, 22, MSpaaapaa, 216, 28339, 14056, 496, , 28339, 25000, 28861, 28971, 0, 
391, 1, 493, 341, -1, 476, 259, 26.0, 31, ABarppappa, 194, 28197, 44552, 1580, , 28197, 25000, 28725, 28886, 0, 
392, 1, 18, 175, -1, 194, 152, 21.1, 26, Nuc232_19_207_150, 260, 27845, 22276, 800, , 27845, 25000, 28412, 28472, 0, 
393, 1, 295, 450, -1, 278, 138, 17.8, 21, Nuc232_18_279_141, 154, 27970, 11971, 428, , 27970, 25000, 29141, 29356, 0, 
394, 1, 151, 241, -1, 319, 270, 21.9, 26, ABaraapapaa, 172, 28121, 22497, 800, , 28121, 25000, 28861, 28637, 0, 
395, 1, 75, 268, -1, 543, 152, 15.2, 26, Cappppd, 191, 28487, 22676, 796, , 28487, 25000, 28792, 28817, 0, 
396, 1, 415, 430, -1, 311, 401, 13.4, 28, ABarppaapa, 289, 27826, 27492, 988, , 27826, 25000, 27671, 27666, 0, 
397, 0, 346, -1, -1, 508, 109, 18.7, 22, , 217, 1064, 15435, 524, , 29456, 25000, 28295, 28392, 0, 
398, 1, 70, 324, -1, 210, 348, 19.3, 23, MSpppaaa, 211, 28176, 16680, 592, , 28176, 25000, 27873, 27771, 0, 
399, 1, 40, 187, -1, 494, 177, 12.4, 22, ABplpappppp, 180, 29089, 16639, 572, , 29089, 25000, 29433, 29316, 0, 
400, 1, 465, 153, -1, 274, 277, 5.0, 23, ABprpaapaap, 165, 40457, 20714, 512, , 40457, 25000, 37066, 36264, 0, 
401, 0, 491, -1, -1, 472, 282, 11.1, 23, , 191, 273, 14447, 496, , 29127, 25000, 28892, 28854, 0, 
402, 1, 443, 63, -1, 185, 351, 23.4, 28, ABarpaapap, 718, 26640, 26320, 988, , 26640, 25000, 28360, 28360, 0, 
403, 1, 155, 87, -1, 297, 211, 13.0, 23, ABplpappaaa, 216, 28631, 14659, 512, , 28631, 25000, 27670, 27743, 0, 
404, 1, 340, 443, -1, 381, 272, 15.4, 31, Nuc233_15_386_313a, 261, 28736, 38277, 1332, , 28736, 25000, 31489, 31307, 0, 
405, 1, 236, 170, -1, 243, 348, 8.2, 26, ABpraapappp, 252, 27711, 22058, 796, , 27711, 25000, 29856, 29954, 0, 
406, 1, 500, 286, -1, 270, 232, 15.7, 22, Nuc233_14_264_225, 173, 28958, 15174, 524, , 28958, 25000, 28729, 28588, 0, 
407, 0, 98, -1, -1, 325, 156, 7.0, 23, , 199, -2806, 16523, 512, , 32271, 25000, 34587, 35077, 0, 
408, 1, 452, 260, -1, 294, 148, 14.6, 22, ABplpapaapp, 183, 28219, 16141, 572, , 28219, 25000, 28626, 28785, 0, 
409, 1, 434, 205, -1, 428, 265, 25.0, 27, ABplappapaa, 279, 26918, 27779, 1032, , 26918, 25000, 27889, 27870, 0, 
410, 1, 325, 44, -1, 370, 366, 18.9, 24, MSaaappp, 193, 29497, 17816, 604, , 29497, 25000, 28221, 28232, 0, 
411, 1, 261, 385, -1, 361, 313, 11.6, 23, MSpapaapp, 218, 30131, 19284, 640, , 30131, 25000, 29251, 29326, 0, 
412, 1, 404, 463, -1, 467, 184, 14.1, 22, ABplpapppaa, 103, 29056, 13482, 464, , 29056, 25000, 28901, 28990, 0, 
413, 1, 386, -1, -1, 248, 324, 5.8, 22, ABpraaappppp, 176, 39238, 19462, 496, , 39238, 25000, 40210, 39826, 0, 
414, 1, 252, 149, -1, 327, 165, 23.5, 23, ABplpaappapp, 177, 28731, 18158, 632, , 28731, 25000, 27853, 27930, 0, 
415, 1, 515, 165, -1, 237, 156, 12.1, 22, ABplaappaa, 160, 29276, 13584, 464, , 29276, 25000, 29201, 29047, 0, 
416, 1, 225, 214, -1, 443, 212, 15.2, 25, ABplppapppp, 198, 28699, 20204, 704, , 28699, 25000, 27978, 27919, 0, 
417, 1, 147, 71, -1, 479, 238, 18.1, 29, Z3, 279, 27461, 33173, 1208, , 27461, 25000, 28377, 28445, 0, 
418, 1, 15, 247, -1, 179, 255, 6.2, 23, ABpraaaaaaa, 49, 34300, 18522, 540, , 34300, 25000, 38913, 39638, 0, 
419, 1, 507, 497, -1, 335, 244, 7.1, 22, ABprapaapaap, 147, 28539, 13242, 464, , 28539, 25000, 31904, 32317, 0, 
420, 1, 459, 403, -1, 189, 173, 18.5, 21, ABalaaaalpa, 166, 26498, 13567, 512, , 26498, 25000, 28154, 28407, 0, 
421, 1, 451, 317, -1, 498, 224, 7.5, 23, Cppappp, 222, 29264, 18495, 632, , 29264, 25000, 30783, 30790, 0, 
422, 1, 125, 412, -1, 431, 173, 14.5, 24, ABplpppaaaa, -109, 27547, 21156, 768, , 27547, 25000, 27400, 27350, 0, 
423, 1, 140, 86, -1, 267, 367, 11.0, 27, ABprapaaaap, 2, 27324, 28198, 1032, , 27324, 25000, 28330, 28427, 0, 
424, 1, 163, 156, -1, 342, 327, 17.8, 25, MSaaaappp, 252, 28293, 19918, 704, , 28293, 25000, 28090, 28096, 0, 
425, 1, 323, 223, -1, 374, 190, 18.0, 22, ABplppapaapa, 225, 28586, 10977, 384, , 28586, 25000, 28226, 28217, 0, 
426, 1, 485, 356, -1, 221, 334, 10.0, 23, Nuc233_11_192_311, 231, 28586, 14636, 512, , 28586, 25000, 27804, 27645, 0, 
427, 1, 356, 517, -1, 576, 316, 10.0, 28, Caaapp, 250, 27846, 31410, 1128, , 27846, 25000, 28450, 28470, 0, 
428, 1, 486, 287, -1, 345, 366, 23.6, 26, Cpaaaa, 234, 27819, 23145, 832, , 27819, 25000, 28704, 28718, 0, 
429, 1, 453, 346, -1, 526, 333, 24.2, 27, Cappaap, 272, 27953, 24263, 868, , 27953, 25000, 28881, 28797, 0, 
430, 1, 204, 104, -1, 519, 189, 7.7, 23, ABprpppaapp, 235, 29030, 17186, 592, , 29030, 25000, 30743, 30733, 0, 
431, 1, 488, 52, -1, 285, 368, 7.3, 23, ABarpppaap, 167, 27584, 16330, 592, , 27584, 25000, 31296, 31283, 0, 
432, 1, 390, 334, -1, 246, 217, 19.0, 25, Nuc233_19_241_214, 210, 27022, 20645, 764, , 27022, 25000, 28395, 28435, 0, 
433, 1, 14, 108, -1, 138, 244, 23.2, 24, ABarpaaaapp, 232, 28215, 18509, 656, , 28215, 25000, 27341, 27310, 0, 
434, 1, 12, 145, -1, 549, 239, 18.5, 31, Eplpa, 318, 28534, 35154, 1232, , 28534, 25000, 29418, 29604, 0, 
435, 1, 216, 410, -1, 133, 203, 20.3, 25, ABplaapaaap, 176, 29410, 22469, 764, , 29410, 25000, 27982, 28011, 0, 
436, 1, 370, 281, -1, 315, 330, 7.0, 24, ABprapaaapa, 242, 30413, 18491, 608, , 30413, 25000, 33054, 33106, 0, 
437, 1, 63, 254, -1, 503, 386, 13.7, 25, Cpppaap, 228, 27787, 21229, 764, , 27787, 25000, 28272, 28297, 0, 
438, 1, 499, -1, -1, 186, 259, 7.8, 22, Nuc238_8_186_262, 184, 30679, 15217, 496, , 30679, 25000, 30943, 30628, 0, 
439, 1, 223, 146, -1, 586, 199, 20.7, 27, Capppap, 276, 28476, 26312, 924, , 28476, 25000, 29423, 29427, 0, 
440, 1, 447, 464, -1, 474, 270, 8.0, 23, MSpappap, 222, 30068, 15395, 512, , 30068, 25000, 29916, 29880, 0, 
441, 1, 65, 355, -1, 508, 259, 5.4, 24, ABprapapap, 234, 38837, 27186, 700, , 38837, 25000, 37396, 37429, 0, 
442, 0, 44, -1, -1, 551, 168, 7.2, 22, , 197, -655, 15152, 496, , 30548, 25000, 30943, 31203, 0, 
443, 1, 248, 512, -1, 548, 206, 25.5, 33, Cpapap, 334, 28273, 45915, 1624, , 28273, 25000, 28439, 28489, 0, 
444, 1, 46, 76, -1, 209, 250, 7.1, 23, ABprpaaaaaa, 199, 30109, 14934, 496, , 30109, 25000, 33573, 34168, 0, 
445, 1, 271, 8, -1, 216, 231, 16.7, 23, ABalpaappaap, 220, 27647, 16367, 592, , 27647, 25000, 28242, 28356, 0, 
446, 1, 193, 90, -1, 371, 237, 23.6, 26, ABplapaaapp, 129, 28286, 23534, 832, , 28286, 25000, 28461, 28548, 0, 
447, 1, 402, 425, -1, 590, 206, 10.0, 26, Caappd, 246, 27878, 23752, 852, , 27878, 25000, 28073, 28101, 0, 
448, 1, 238, 229, -1, 250, 301, 4.8, 22, ABprpaaaaapa, 182, 43903, 21776, 496, , 43903, 25000, 38747, 38522, 0, 
449, 0, 266, -1, -1, 209, 249, 25.9, 23, , 181, -1139, 13795, 496, , 27813, 25000, 28833, 28952, 0, 
450, 1, 431, 453, -1, 245, 163, 21.6, 23, ABalapaapaa, 198, 26506, 16964, 640, , 26506, 25000, 28743, 29071, 0, 
451, 1, 380, 269, -1, 351, 208, 23.7, 25, ABplapaaapa, 255, 27321, 20873, 764, , 27321, 25000, 27778, 27765, 0, 
452, 1, 88, 457, -1, 245, 389, 14.0, 27, ABarpaappp, 264, 26478, 27325, 1032, , 26478, 25000, 27854, 27903, 0, 
453, 1, 178, 136, -1, 385, 398, 10.4, 27, Caaaaa, 265, 27957, 27622, 988, , 27957, 25000, 28509, 28534, 0, 
454, 1, 85, 382, -1, 536, 174, 10.0, 23, ABprapppapp, 162, 27656, 14160, 512, , 27656, 25000, 28250, 28407, 0, 
455, 1, 74, 252, -1, 243, 342, 14.4, 20, ABaraaapapa, 195, 30252, 12464, 412, , 30252, 25000, 27740, 27909, 0, 
456, 1, 349, 133, -1, 135, 296, 9.8, 23, ABarpappap, 238, 28450, 15363, 540, , 28450, 25000, 27700, 27713, 0, 
457, 1, 376, 128, -1, 349, 269, 17.7, 22, MSaapapap, -204, 46655, 24447, 524, , 46655, 25000, 32999, 33180, 0, 
458, 1, 489, 141, -1, 166, 281, 22.3, 22, ABalapapapp, 233, 29084, 15240, 524, , 29084, 25000, 28183, 28458, 0, 
459, 1, 316, 15, -1, 508, 139, 16.3, 22, ABplapppapp, -25, 27118, 14210, 524, , 27118, 25000, 28362, 28354, 0, 
460, 1, 347, 177, -1, 320, 294, 24.3, 23, ABaraapapapa, -194, 28421, 16825, 592, , 28421, 25000, 28302, 28082, 0, 
461, 1, 290, 237, -1, 302, 327, 20.1, 22, MSaaaapap, 65, 29810, 13832, 464, , 29810, 25000, 28864, 28725, 0, 
462, 1, 496, 476, -1, 219, 368, 18.1, 22, MSpppppa, -322, 30009, 13924, 464, , 30009, 25000, 28262, 28172, 0, 
463, 1, 477, 222, -1, 351, 241, 26.8, 27, ABarppapaap, 273, 27821, 24149, 868, , 27821, 25000, 28810, 28880, 0, 
464, 1, 206, 291, 513, 250, 246, 19.4, 22, ABaraaaaaap, 218, 27720, 15856, 572, , 27720, 25000, 28784, 28791, 0, 
465, 1, 298, 193, -1, 261, 292, 11.5, 23, ABarapappaa, 42, 28218, 17834, 632, , 28218, 25000, 28555, 28935, 0, 
466, 1, 69, 485, -1, 357, 237, 17.0, 22, MSaapaaap, -47, 33005, 12674, 384, , 33005, 25000, 30034, 29709, 0, 
467, 1, 321, 283, -1, 321, 159, 15.2, 22, ABplpapapap, 362, 26456, 13122, 496, , 26456, 25000, 28925, 28832, 0, 
468, 1, 52, 221, -1, 313, 341, 16.2, 23, MSpaapaaa, 170, 28261, 15261, 540, , 28261, 25000, 28211, 28306, 0, 
469, 1, 86, 418, -1, 182, 232, 22.9, 21, ABalapapppa, 248, 29069, 10116, 348, , 29069, 25000, 28209, 28460, 0, 
470, 1, 467, 338, -1, 321, 375, 12.7, 23, Dpaap, -18, 27846, 16485, 592, , 27846, 25000, 28935, 29207, 0, 
471, 1, 341, 91, -1, 372, 189, 11.9, 22, ABplppaappa, 131, 29847, 13849, 464, , 29847, 25000, 29061, 28843, 0, 
472, 1, 371, 502, -1, 166, 230, 10.2, 22, ABalaapaapa, 83, 26968, 13376, 496, , 26968, 25000, 29210, 29453, 0, 
473, 1, 185, 67, -1, 220, 298, 20.8, 25, ABaraapaaap, 582, 27419, 19303, 704, , 27419, 25000, 28417, 28276, 0, 
474, 1, 112, 26, -1, 438, 264, 21.2, 24, Capaaap, 126, 27518, 18052, 656, , 27518, 25000, 27921, 28200, 0, 
475, 1, 389, 216, -1, 336, 172, 8.5, 25, ABprpaaaapa, 58, 29130, 22372, 768, , 29130, 25000, 29092, 29137, 0, 
476, 1, 523, 480, -1, 234, 230, 18.6, 22, ABaraaaaaaa, 266, 27327, 15631, 572, , 27327, 25000, 28029, 28382, 0, 
477, 1, 457, 509, -1, 340, 245, 24.0, 22, MSapapaa, 319, 27349, 10502, 384, , 27349, 25000, 28395, 28451, 0, 
478, 1, 469, 275, -1, 202, 232, 20.7, 22, ABalaaapalr, 279, 28128, 14739, 524, , 28128, 25000, 28229, 28457, 0, 
479, 1, 498, 210, -1, 222, 225, 13.9, 21, ABaraaaapaa, 417, 28451, 9901, 348, , 28451, 25000, 28824, 28753, 0, 
480, 1, 36, 163, -1, 532, 363, 9.7, 27, Caaapa, -82, 27118, 25057, 924, , 27118, 25000, 27918, 27889, 0, 
481, 1, 502, 477, -1, 339, 181, 11.7, 20, Nuc233_12_331_178, 294, 30171, 11103, 368, , 30171, 25000, 28105, 28167, 0, 
482, 1, 1, 123, -1, 148, 220, 17.5, 22, ABalaaaarlap, -15, 29002, 14849, 512, , 29002, 25000, 28632, 28870, 0, 
483, 1, 387, 11, -1, 136, 241, 10.1, 19, ABpraaaaapd, 613, 29211, 7478, 256, , 29211, 25000, 27856, 27924, 0, 
484, 1, 56, 503, -1, 318, 198, 14.0, 21, Nuc238_14_309_204, 362, 30497, 11711, 384, , 30497, 25000, 28718, 28949, 0, 
485, 1, 148, 473, -1, 394, 316, 13.9, 20, Nuc233_15_386_313pa, 238, 28589, 9034, 316, , 28589, 25000, 29297, 29575, 0, 
486, 1, 11, 330, -1, 215, 277, 15.8, 22, ABaraaapaaa, 5, 27123, 13453, 496, , 27123, 25000, 28435, 28679, 0, 
487, 1, 347, 500, -1, 323, 298, 22.2, 22, ABaraapapapp, 424, 29998, 14879, 496, , 29998, 25000, 28452, 28799, 0, 
488, 1, 221, 29, -1, 489, 297, 10.9, 26, Z2, 71, 27706, 22165, 800, , 27706, 25000, 28943, 28845, 0, 
489, 1, 157, 490, -1, 261, 252, 13.4, 24, ABarapaaapa, 194, 27729, 19410, 700, , 27729, 25000, 28573, 28579, 0, 
490, 1, 487, 326, -1, 214, 195, 13.4, 21, ABalpapaapa, -118, 28794, 15088, 524, , 28794, 25000, 28979, 28883, 0, 
491, 1, 504, -1, -1, 276, 198, 12.9, 21, ABprpappaaa, -44, 26603, 9258, 348, , 26603, 25000, 28832, 28974, 0, 
492, 1, 214, 352, -1, 340, 300, 10.4, 24, MSpapaapa, 125, 29420, 20594, 700, , 29420, 25000, 28920, 29196, 0, 
493, 1, 464, 376, -1, 263, 223, 20.0, 21, ABalpappaap, 189, 27185, 10439, 384, , 27185, 25000, 28882, 29168, 0, 
494, 1, 522, 367, -1, 249, 207, 14.0, 22, ABarapapapa, 309, 30193, 11594, 384, , 30193, 25000, 29101, 28902, 0, 
495, 1, 360, 484, -1, 492, 144, 14.3, 23, Cappppv, 48, 26782, 15855, 592, , 26782, 25000, 28659, 28729, 0, 
496, 1, 525, 240, -1, 234, 348, 17.9, 22, MSpaaaapa, 6, 28246, 13106, 464, , 28246, 25000, 28851, 28749, 0, 
497, 1, 430, 474, -1, 208, 179, 10.9, 22, Nuc233_10_181_181, 349, 32345, 15008, 464, , 32345, 25000, 29687, 29828, 0, 
498, 1, 59, 172, -1, 441, 242, 11.9, 22, ABprppapppa, 49, 26948, 12504, 464, , 26948, 25000, 28093, 28149, 0, 
499, 1, 273, 416, -1, 369, 308, 8.3, 26, MSpapppapa, 24, 29075, 24888, 856, , 29075, 25000, 29807, 29759, 0, 
500, 1, 288, 486, -1, 261, 202, 21.9, 21, ABalppppaadp, 80, 30095, 10473, 348, , 30095, 25000, 29056, 29070, 0, 
501, 1, 288, 478, -1, 256, 200, 24.6, 22, ABalppppaada, 141, 28726, 16431, 572, , 28726, 25000, 28949, 28994, 0, 
502, 1, 508, 491, -1, 206, 226, 10.0, 22, ABarappppap, 258, 30029, 11531, 384, , 30029, 25000, 28365, 28732, 0, 
503, 1, 179, 520, -1, 323, 174, 17.9, 22, MSappapp, -99, 28155, 13064, 464, , 28155, 25000, 29826, 29838, 0, 
504, 1, 460, 510, -1, 294, 292, 13.7, 22, ABarapaapppp, 104, 28437, 14901, 524, , 28437, 25000, 28525, 28519, 0, 
505, 1, 434, 318, -1, 438, 267, 27.9, 22, ABplappapap, 146, 27961, 12974, 464, , 27961, 25000, 27261, 27216, 0, 
506, 1, 450, 66, -1, 145, 281, 13.3, 22, ABarpappaap, -233, 28193, 14773, 524, , 28193, 25000, 29242, 29373, 0, 
507, 0, 538, -1, -1, 150, 309, 18.7, 22, , 148, 315, 14772, 524, , 28191, 25000, 28179, 27876, 0, 
508, 1, 510, 89, -1, 225, 175, 18.0, 24, Nuc233_17_217_169p, -65, 28444, 17294, 608, , 28444, 25000, 28142, 28244, 0, 
509, 1, 416, 377, -1, 175, 144, 17.0, 21, ABalppaaapa, 123, 28667, 11008, 384, , 28667, 25000, 27292, 27256, 0, 
510, 1, 473, 487, -1, 241, 285, 8.1, 21, MSppapap, 184, 31170, 10847, 348, , 31170, 25000, 28706, 28905, 0, 
511, 1, 511, 488, -1, 279, 202, 8.3, 27, ABarappapaap, 177, 28904, 26707, 924, , 28904, 25000, 30053, 29884, 0, 
512, 1, 514, 528, -1, 217, 324, 19.0, 21, MSaaaaapaa, 61, 28122, 10799, 384, , 28122, 25000, 27941, 27815, 0, 
513, 1, 372, 506, -1, 193, 161, 12.3, 27, ABalpapaaap, 273, 28200, 26057, 924, , 28200, 25000, 29220, 29045, 0, 
514, 1, 527, 507, -1, 291, 244, 8.8, 22, Nuc234_9_299_244, -61, 29183, 14475, 496, , 29183, 25000, 29298, 29294, 0, 
515, 1, 509, 498, -1, 356, 166, 13.7, 22, ABplpapappaa, 173, 27471, 14395, 524, , 27471, 25000, 29383, 29393, 0, 
516, 1, 413, 495, -1, 488, 133, 19.9, 25, ABplapppaaa, 155, 28581, 19664, 688, , 28581, 25000, 27981, 28088, 0, 
517, 1, 546, 514, -1, 176, 159, 18.9, 19, ABalaaapall, 37, 27082, 6933, 256, , 27082, 25000, 28355, 28674, 0, 
518, 1, 516, 515, -1, 449, 399, 13.8, 26, Dppppp, 173, 27413, 21821, 796, , 27413, 25000, 28434, 28283, 0, 
519, 1, 517, 516, 518, 123, 239, 17.3, 22, ABarpaaaaar, -48, 27332, 14322, 524, , 27332, 25000, 28853, 29296, 0, 
520, 1, 524, 519, -1, 273, 306, 6.9, 20, Nuc234_7_273_303, 198, 30028, 9489, 316, , 30028, 25000, 32294, 31897, 0, 
521, 1, 518, 521, -1, 228, 299, 15.9, 23, ABaraaapaap, 85, 27742, 13760, 496, , 27742, 25000, 28109, 28235, 0, 
522, 1, 519, 522, -1, 330, 351, 14.9, 22, MSpaapapa, 187, 28304, 13133, 464, , 28304, 25000, 28644, 28643, 0, 
523, 1, 520, 114, -1, 176, 251, 13.5, 22, ABalaapaaar, 157, 29193, 14947, 512, , 29193, 25000, 28123, 28323, 0, 
524, 1, 109, 523, -1, 318, 395, 16.1, 25, Dpppaa, 251, 28414, 19549, 688, , 28414, 25000, 28298, 28306, 0, 
525, 1, 521, 524, -1, 343, 325, 21.9, 22, MSaaapapa, 44, 27776, 12888, 464, , 27776, 25000, 29097, 29231, 0, 
526, 1, 526, 454, -1, 232, 174, 15.266666, 22, ABplpaaapaa, 629, 27302, 14743, 540, , 27302, 25000, 28440, 28586, 0, 
527, 1, 375, 407, -1, 361, 293, 18.599998, 23, MSaapaapp, 183, 28705, 18371, 640, , 28705, 25000, 30180, 29823, 0, 
528, 1, 528, 529, -1, 296, 284, 23.0, 22, MSaaapaap, 136, 28935, 11111, 384, , 28935, 25000, 28583, 28769, 0, 
529, 1, 529, 530, -1, 357, 255, 21.0, 24, MSaapaapa, 158, 29109, 17698, 608, , 29109, 25000, 30391, 30633, 0, 
530, 1, 530, 531, -1, 373, 258, 15.0, 22, MSaappaa, 98, 29448, 11308, 384, , 29448, 25000, 29722, 30074, 0, 
531, 1, 531, 532, -1, 412, 238, 19.0, 24, MSaappppa, 54, 27883, 16953, 608, , 27883, 25000, 28101, 28098, 0, 
532, 1, 532, 533, -1, 445, 252, 20.0, 22, MSaappppp, 171, 27161, 10430, 384, , 27161, 25000, 27420, 27437, 0, 
533, 1, 533, 508, -1, 241, 355, 22.0, 22, MSappaaa, 247, 45773, 17577, 384, , 45773, 25000, 33849, 34054, 0, 
534, 1, 534, 534, -1, 491, 228, 21.0, 24, MSappaap, 207, 26732, 16253, 608, , 26732, 25000, 27846, 27942, 0, 
535, 1, 448, 536, -1, 225, 260, 23.0, 22, MSapaaap, 192, 28448, 10924, 384, , 28448, 25000, 27905, 27881, 0, 
536, 1, 535, 537, -1, 353, 357, 16.0, 23, MSpaapapp, 220, 27414, 14036, 512, , 27414, 25000, 28032, 28011, 0, 
537, 1, 536, 538, -1, 280, 295, 10.0, 22, MSppppaa, 578, 28961, 11121, 384, , 28961, 25000, 27936, 28011, 0, 
538, 1, 537, 539, -1, 497, 305, 9.0, 25, MSpppaap, 136, 28454, 21739, 764, , 28454, 25000, 28679, 28889, 0, 
539, 1, 463, 540, -1, 238, 313, 19.0, 22, MSaaaaapap, 128, 27531, 10572, 384, , 27531, 25000, 28748, 28970, 0, 
540, 1, 539, 541, -1, 388, 219, 18.0, 22, MSaapppap, 54, 27583, 10592, 384, , 27583, 25000, 27854, 27844, 0, 
541, 1, 541, 543, -1, 338, 195, 13.0, 25, ABplpappaap, 260, 28487, 21764, 764, , 28487, 25000, 29392, 29153, 0, 
542, 1, 542, 544, -1, 224, 253, 14.0, 21, ABaraaaaapa, 171, 26755, 10274, 384, , 26755, 25000, 28374, 28171, 0, 
543, 1, 544, -1, -1, 166, 272, 16.0, 22, ABalappppaa, 122, 26979, 10360, 384, , 26979, 25000, 28513, 28651, 0, 
544, 1, 545, 545, -1, 176, 244, 20.0, 24, ABalapappaa, -6, 27645, 16808, 608, , 27645, 25000, 28365, 28487, 0, 
