1, 1, 93, 66, -1, 150, 332, 21.3, 25, ABarpapapp, 256, 28552, 21814, 764, , 28552, 25000, 28339, 28411, 0, 
2, 1, 382, 83, -1, 407, 268, 18.7, 24, Ealaav, 234, 28401, 19994, 704, , 28401, 25000, 28911, 28855, 0, 
3, 1, 253, 216, -1, 219, 326, 16.7, 23, ABaraappapa, 54, 28894, 17105, 592, , 28894, 25000, 28256, 28467, 0, 
4, 1, 144, 379, -1, 179, 200, 11.4, 24, ABarapppaap, 184, 29700, 20790, 700, , 29700, 25000, 28902, 28966, 0, 
5, 1, 313, 142, -1, 192, 237, 14.6, 23, Nuc233_14_174_217, 254, 28184, 18038, 640, , 28184, 25000, 28244, 28591, 0, 
6, 1, 371, 238, -1, 310, 225, 18.8, 22, Nuc234_19_299_240, 185, 27663, 13721, 496, , 27663, 25000, 28773, 28795, 0, 
7, 1, 85, 423, -1, 284, 336, 8.5, 24, ABpraapapap, -5, 27861, 21397, 768, , 27861, 25000, 29304, 29498, 0, 
8, 1, 445, 85, -1, 212, 230, 16.0, 24, ABalpaappaap, 241, 27377, 16645, 608, , 27377, 25000, 28725, 28842, 0, 
9, 1, 104, 3, -1, 512, 133, 8.5, 24, Nuc233_8_515_139, 141, 31267, 24013, 768, , 31267, 25000, 30145, 30132, 0, 
10, 1, 79, 241, -1, 184, 302, 23.6, 27, MSapappp, -15, 27610, 27279, 988, , 27610, 25000, 28561, 28647, 0, 
11, 1, 483, 408, -1, 137, 244, 10.0, 22, ABpraaaaapd, 164, 27055, 10389, 384, , 27055, 25000, 28707, 28437, 0, 
12, 1, 50, 187, -1, 358, 141, 15.1, 24, ABplapaapa, 254, 28508, 17219, 604, , 28508, 25000, 28316, 28513, 0, 
13, 1, 305, 410, -1, 228, 230, 25.4, 23, ABalpppappp, 179, 28130, 18003, 640, , 28130, 25000, 27905, 27928, 0, 
14, 1, 274, 397, -1, 259, 273, 6.7, 24, ABprpaaaaapp, 220, 33712, 23733, 704, , 33712, 25000, 34435, 34208, 0, 
15, 1, 459, 281, -1, 508, 140, 16.4, 23, ABplapppapp, 201, 27431, 17556, 640, , 27431, 25000, 28440, 28400, 0, 
16, 1, 270, 308, -1, 320, 295, 12.1, 23, ABaraappppp, 126, 28282, 14028, 496, , 28282, 25000, 28639, 28628, 0, 
17, 1, 129, 300, -1, 459, 207, 7.8, 24, ABprpppaaaa, 188, 29555, 19388, 656, , 29555, 25000, 29808, 29861, 0, 
18, 1, 37, 302, -1, 289, 313, 8.2, 24, ABpraapapaa, 228, 28412, 18638, 656, , 28412, 25000, 28833, 28980, 0, 
19, 1, 192, 388, -1, 269, 141, 21.2, 23, ABalpppapav, 211, 29576, 15971, 540, , 29576, 25000, 28858, 29178, 0, 
20, 1, 271, 312, -1, 478, 373, 22.8, 29, Dapppp, 249, 28585, 31786, 1112, , 28585, 25000, 28629, 28629, 0, 
21, 1, 187, -1, -1, 333, 214, 8.8, 22, ABprpapappa, 197, 29111, 14439, 496, , 29111, 25000, 29092, 28918, 0, 
22, 1, 48, 311, -1, 497, 327, 19.8, 32, Eplaa, 299, 30011, 48258, 1608, , 30011, 25000, 29031, 29052, 0, 
23, 1, 164, 262, -1, 498, 243, 12.8, 24, MSppaapp, 239, 26794, 17577, 656, , 26794, 25000, 29170, 29210, 0, 
24, 1, 241, 89, -1, 131, 225, 15.5, 28, ABpraapaaaa, 267, 27740, 29959, 1080, , 27740, 25000, 28219, 28014, 0, 
25, 1, 4, 2, -1, 384, 157, 13.2, 24, ABplpapappap, 165, 29550, 19385, 656, , 29550, 25000, 27489, 27412, 0, 
26, 1, 474, 319, -1, 437, 266, 20.5, 27, Capaaap, 157, 26853, 24060, 896, , 26853, 25000, 28221, 28395, 0, 
27, 1, 211, 77, -1, 292, 168, 7.4, 25, ABarappapap, 224, 28293, 23540, 832, , 28293, 25000, 32465, 32641, 0, 
28, 1, 372, 467, -1, 193, 166, 14.3, 25, ABalppapaap, 304, 28904, 22083, 764, , 28904, 25000, 29286, 29494, 0, 
29, 1, 488, 105, -1, 490, 296, 11.3, 25, Z2, 198, 28394, 21693, 764, , 28394, 25000, 28351, 28358, 0, 
30, 1, 167, 361, -1, 220, 302, 18.2, 29, ABaraappaap, 271, 27448, 30522, 1112, , 27448, 25000, 27490, 27290, 0, 
31, 1, 189, 426, -1, 180, 211, 16.0, 23, Nuc232_16_181_214, 233, 28727, 14708, 512, , 28727, 25000, 28367, 28431, 0, 
32, 1, 25, 60, -1, 209, 295, 9.9, 23, ABprpaapaaa, -72, 27923, 13850, 496, , 27923, 25000, 28552, 28550, 0, 
33, 1, 331, 327, -1, 516, 253, 8.1, 24, Cppappa, 244, 27361, 16526, 604, , 27361, 25000, 29289, 29270, 0, 
34, 1, 165, 243, -1, 436, 326, 8.8, 23, Cppaaap, 212, 28417, 15345, 540, , 28417, 25000, 29315, 29254, 0, 
35, 1, 327, 69, -1, 477, 136, 16.3, 24, ABplpppapaa, 198, 27695, 19497, 704, , 27695, 25000, 28782, 28845, 0, 
36, 1, 267, 358, -1, 295, 161, 10.1, 23, ABprpappaap, 211, 29563, 14663, 496, , 29563, 25000, 28655, 28708, 0, 
37, 0, 141, -1, -1, 174, 279, 12.3, 22, , 187, 2023, 16093, 524, , 30712, 25000, 28418, 28689, 0, 
38, 0, 176, -1, -1, 112, 268, 20.1, 22, , 78, 299, 13451, 464, , 28989, 25000, 28542, 28690, 0, 
39, 1, 286, 355, -1, 127, 273, 23.1, 27, ABplaaaapa, 226, 27336, 24821, 908, , 27336, 25000, 28732, 28798, 0, 
40, 1, 307, 203, -1, 317, 111, 15.6, 22, ABalpapapppa, 188, 26895, 15384, 572, , 26895, 25000, 27764, 27728, 0, 
41, 1, 348, 234, -1, 147, 297, 17.3, 24, ABalapppapp, 116, 29021, 20431, 704, , 29021, 25000, 28285, 28288, 0, 
42, 1, 17, 10, -1, 292, 252, 15.6, 24, ABalpappppaa, 78, 27864, 19505, 700, , 27864, 25000, 28513, 28486, 0, 
43, 1, 121, 212, -1, 123, 292, 15.1, 23, ABarpaaapap, -141, 27956, 13866, 496, , 27956, 25000, 28497, 28544, 0, 
44, 1, 410, 441, -1, 370, 365, 18.9, 23, MSaaappp, 182, 29008, 14388, 496, , 29008, 25000, 29128, 29328, 0, 
45, 1, 380, 91, -1, 334, 136, 14.3, 24, ABalpapapppp, 206, 28747, 20238, 704, , 28747, 25000, 28642, 28488, 0, 
46, 1, 175, 148, -1, 422, 309, 17.0, 30, Ealpa, 308, 28226, 38049, 1348, , 28226, 25000, 28909, 28897, 0, 
47, 0, 369, -1, -1, 590, 182, 12.4, 22, , 188, -123, 17009, 572, , 29736, 25000, 29777, 29859, 0, 
48, 1, 222, 53, 497, 275, 292, 21.3, 24, Nuc240_22_275_291, 252, 29068, 20464, 704, , 29068, 25000, 29178, 28964, 0, 
49, 1, 73, 427, -1, 180, 213, 7.6, 23, ABpraaaaaap, -73, 28086, 17975, 640, , 28086, 25000, 31956, 31459, 0, 
50, 1, 134, 208, -1, 139, 259, 7.7, 28, ABprpaapapa, -44, 30509, 32462, 1064, , 30509, 25000, 31267, 31325, 0, 
51, 1, 256, 226, -1, 254, 275, 11.0, 26, ABarapapaap, 371, 27772, 23662, 852, , 27772, 25000, 28737, 29026, 0, 
52, 1, 431, 424, -1, 280, 370, 7.6, 24, ABarpppaap, 245, 30517, 21362, 700, , 30517, 25000, 30607, 30624, 0, 
53, 1, 223, 155, -1, 398, 198, 13.4, 23, ABplpaaaapp, 194, 28684, 18358, 640, , 28684, 25000, 28540, 28359, 0, 
54, 1, 236, 345, -1, 217, 271, 20.5, 24, ABaraapaaaa, 24, 28604, 21968, 768, , 28604, 25000, 28083, 28159, 0, 
55, 1, 390, 54, -1, 323, 345, 20.9, 23, MSpaaapaa, 184, 28599, 14185, 496, , 28599, 25000, 28542, 28542, 0, 
56, 1, 383, 230, -1, 467, 241, 7.7, 23, ABprpppaaap, 193, 31051, 18382, 592, , 31051, 25000, 29984, 29964, 0, 
57, 1, 207, 363, -1, 563, 136, 12.4, 22, Caappv, 208, 26072, 14913, 572, , 26072, 25000, 27868, 28046, 0, 
58, 1, 40, 156, -1, 253, 196, 6.9, 23, ABprpaapppp, 232, 30944, 15348, 496, , 30944, 25000, 33355, 33031, 0, 
59, 1, 282, 47, -1, 482, 177, 15.7, 22, ABplppppaaa, 283, 27878, 14608, 524, , 27878, 25000, 28944, 29090, 0, 
60, 1, 185, 503, -1, 233, 185, 19.8, 22, ABalppappaa, 156, 28730, 14250, 496, , 28730, 25000, 28747, 28419, 0, 
61, 1, 333, 181, -1, 330, 187, 15.4, 22, ABplpapapaa, 203, 27760, 15879, 572, , 27760, 25000, 29275, 29070, 0, 
62, 1, 377, 466, -1, 487, 255, 10.3, 22, ABprpppppaa, 182, 28658, 15017, 524, , 28658, 25000, 28161, 28170, 0, 
63, 1, 402, 450, -1, 182, 347, 23.8, 30, ABarpaapap, 239, 27235, 35950, 1320, , 27235, 25000, 28420, 28420, 0, 
64, 1, 30, 102, -1, 137, 197, 17.0, 22, ABalaaaparr, -142, 27456, 10543, 384, , 27456, 25000, 27529, 27488, 0, 
65, 1, 201, 350, -1, 157, 280, 10.0, 24, ABpraapaapa, 226, 27515, 16729, 608, , 27515, 25000, 29313, 29387, 0, 
66, 1, 506, 452, -1, 145, 280, 13.4, 23, ABarpappaap, 166, 27134, 17366, 640, , 27134, 25000, 28556, 28573, 0, 
67, 1, 473, 78, -1, 221, 300, 20.5, 26, ABaraapaaap, 5, 27682, 24803, 896, , 27682, 25000, 27763, 27671, 0, 
68, 1, 242, 162, -1, 335, 245, 20.5, 24, ABaraapappa, 206, 28777, 22101, 768, , 28777, 25000, 29129, 29150, 0, 
69, 1, 196, 198, -1, 353, 200, 6.9, 25, ABarappappp, 207, 31302, 19908, 636, , 31302, 25000, 32947, 33048, 0, 
70, 1, 88, 28, -1, 189, 237, 11.0, 24, ABarapppaaa, 193, 28204, 17148, 608, , 28204, 25000, 29091, 29162, 0, 
71, 1, 417, 420, -1, 483, 239, 18.3, 30, Z3, 300, 27712, 36247, 1308, , 27712, 25000, 28137, 28119, 0, 
72, 1, 213, 263, -1, 127, 265, 11.2, 23, ABarpappaaa, -122, 30385, 16408, 540, , 30385, 25000, 28774, 28615, 0, 
73, 1, 116, 246, -1, 205, 148, 10.4, 25, Nuc233_10_227_158, 90, 29124, 24231, 832, , 29124, 25000, 27854, 27735, 0, 
74, 1, 289, 80, -1, 274, 248, 12.4, 24, ABarapaaaap, 141, 28680, 20076, 700, , 28680, 25000, 28306, 28294, 0, 
75, 1, 329, 76, -1, 270, 344, 10.4, 24, ABpraapappa, 206, 29397, 20578, 700, , 29397, 25000, 28346, 28341, 0, 
76, 1, 444, 98, -1, 207, 251, 7.3, 22, ABprpaaaaaa, -75, 29802, 15616, 524, , 29802, 25000, 32035, 32138, 0, 
77, 1, 317, 71, -1, 149, 183, 22.1, 24, Nuc234_23_148_189, 129, 29560, 17854, 604, , 29560, 25000, 27597, 27614, 0, 
78, 1, 226, 448, -1, 404, 232, 15.4, 23, ABplppapapa, 140, 27961, 17895, 640, , 27961, 25000, 27990, 28239, 0, 
79, 1, 169, 282, -1, 254, 171, 6.0, 24, ABpraappap, 240, 42204, 25660, 608, , 42204, 25000, 39618, 40172, 0, 
80, 0, 132, -1, -1, 369, 269, 11.2, 23, , 231, 19645, 28263, 540, , 52339, 25000, 33504, 32694, 0, 
81, 0, 507, -1, -1, 148, 309, 18.7, 22, , 151, -1312, 14380, 524, , 27443, 25000, 28922, 28755, 0, 
82, 1, 21, 377, -1, 286, 355, 14.6, 25, ABaraappapp, 249, 27794, 23125, 832, , 27794, 25000, 28001, 28024, 0, 
83, 1, 64, 131, -1, 217, 192, 15.7, 26, ABalpapaaaa, -21, 26097, 22339, 856, , 26097, 25000, 29199, 29636, 0, 
84, 1, 362, 55, -1, 305, 193, 22.6, 22, ABalpppppap, 68, 27783, 15892, 572, , 27783, 25000, 28584, 28605, 0, 
85, 0, 407, -1, -1, 322, 156, 7.0, 23, , 192, -420, 17537, 512, , 34252, 25000, 34196, 34672, 0, 
86, 1, 423, 141, -1, 267, 366, 11.2, 28, ABprapaaaap, 276, 29504, 31038, 1052, , 29504, 25000, 28404, 28269, 0, 
87, 1, 403, 180, -1, 292, 214, 12.9, 22, ABplpappaaa, 198, 29414, 13648, 464, , 29414, 25000, 28887, 28983, 0, 
88, 1, 69, 446, -1, 169, 163, 23.0, 25, ABplpaapapa, 323, 26937, 20580, 764, , 26937, 25000, 27933, 27844, 0, 
89, 1, 508, 436, -1, 226, 174, 17.9, 23, Nuc233_17_217_169p, -73, 27486, 13633, 496, , 27486, 25000, 28542, 28434, 0, 
90, 1, 446, 224, -1, 370, 240, 23.6, 27, ABplapaaapp, 236, 30158, 29796, 988, , 30158, 25000, 28525, 28675, 0, 
91, 1, 471, 454, -1, 369, 191, 11.8, 22, ABplppaappa, 194, 27601, 13690, 496, , 27601, 25000, 28414, 28303, 0, 
92, 1, 379, 129, -1, 144, 323, 15.1, 22, ABarpapaaap, 221, 28879, 13400, 464, , 28879, 25000, 28230, 28238, 0, 
93, 1, 71, 12, -1, 539, 309, 20.0, 32, Ealpp, 320, 28190, 48149, 1708, , 28190, 25000, 29671, 29693, 0, 
94, 1, 159, 443, -1, 220, 192, 6.0, 23, ABprpaapapp, 201, 42555, 21788, 512, , 42555, 25000, 40545, 40466, 0, 
95, 1, 136, 341, -1, 352, 345, 7.7, 25, ABprapaaapp, 237, 29344, 22419, 764, , 29344, 25000, 30228, 30339, 0, 
96, 1, 381, 29, -1, 477, 162, 12.3, 24, ABplppppapp, -25, 29308, 20633, 704, , 29308, 25000, 28346, 28361, 0, 
97, 1, 177, 195, -1, 477, 175, 19.6, 25, Capappp, 215, 27691, 23039, 832, , 27691, 25000, 28948, 28933, 0, 
98, 1, 106, 254, -1, 212, 210, 9.6, 31, ABprpaaapaa, 222, 27713, 36914, 1332, , 27713, 25000, 28793, 28698, 0, 
99, 1, 318, 135, -1, 442, 216, 10.7, 23, ABprppaappp, 207, 29017, 17178, 592, , 29017, 25000, 28131, 28157, 0, 
100, 1, 89, 146, -1, 458, 164, 16.9, 23, Capappa, 380, 31034, 15393, 496, , 31034, 25000, 29407, 29439, 0, 
101, 0, 194, -1, -1, 488, 136, 22.7, 23, , 205, 318, 16568, 592, , 27986, 25000, 27463, 27668, 0, 
102, 1, 340, 46, -1, 508, 207, 11.4, 23, ABprppppaap, 137, 26350, 16864, 640, , 26350, 25000, 29299, 29400, 0, 
103, 1, 261, 218, -1, 290, 350, 21.5, 23, Nuc236_21_281_347, 195, 28715, 18148, 632, , 28715, 25000, 28162, 28229, 0, 
104, 1, 430, 59, -1, 518, 190, 7.6, 24, ABprpppaapp, 232, 28259, 19781, 700, , 28259, 25000, 31806, 31743, 0, 
105, 1, 103, 136, -1, 482, 257, 23.2, 28, Capaapa, 282, 27643, 29080, 1052, , 27643, 25000, 28083, 27956, 0, 
106, 1, 86, 487, -1, 272, 186, 11.3, 28, ABarappapaaa, 271, 27665, 29436, 1064, , 27665, 25000, 28501, 28433, 0, 
107, 1, 346, 111, -1, 323, 206, 21.8, 24, ABplaapapaa, 209, 28276, 18549, 656, , 28276, 25000, 28611, 28654, 0, 
108, 1, 433, 45, -1, 138, 242, 23.1, 24, ABarpaaaapp, 223, 29651, 17909, 604, , 29651, 25000, 28193, 28359, 0, 
109, 1, 128, 328, -1, 362, 387, 12.7, 25, Dppap, 240, 28228, 21566, 764, , 28228, 25000, 29367, 29415, 0, 
110, 1, 154, 4, -1, 231, 138, 21.8, 24, ABalpppaaaa, 224, 30177, 19796, 656, , 30177, 25000, 28791, 29063, 0, 
111, 1, 98, 35, -1, 305, 145, 22.7, 24, ABplpaapaap, -1, 28727, 20224, 704, , 28727, 25000, 28753, 28832, 0, 
112, 1, 14, 240, -1, 394, 195, 21.7, 26, ABplapaapp, 467, 28162, 24107, 856, , 28162, 25000, 28178, 28206, 0, 
113, 1, 152, 143, -1, 133, 309, 22.6, 25, ABplaaaapp, -135, 28601, 23796, 832, , 28601, 25000, 28666, 28671, 0, 
114, 1, 523, 464, -1, 176, 254, 13.8, 22, ABalaapaaar, 175, 27202, 13492, 496, , 27202, 25000, 28188, 28275, 0, 
115, 1, 330, 366, -1, 160, 323, 9.7, 23, ABarpapppa, 221, 27792, 16453, 592, , 27792, 25000, 28301, 28311, 0, 
116, 1, -1, 404, -1, 216, 253, 25.5, 23, Nuc241_26_216_253, 154, 27793, 17565, 632, , 27793, 25000, 28394, 28385, 0, 
117, 1, 319, 369, -1, 335, 148, 21.8, 25, ABplppaaaap, 251, 28516, 20075, 704, , 28516, 25000, 28030, 28036, 0, 
118, 1, 7, 99, -1, 259, 351, 17.3, 24, MSpaaaapp, 216, 27304, 19222, 704, , 27304, 25000, 28431, 28594, 0, 
119, 1, 258, 63, -1, 333, 252, 14.3, 25, ABarapapppa, -167, 26882, 20538, 764, , 26882, 25000, 29104, 29102, 0, 
120, 1, 29, 372, -1, 383, 278, 17.8, 22, MSaapappp, 224, 27960, 13868, 496, , 27960, 25000, 29584, 29687, 0, 
121, 1, 233, 529, -1, 351, 288, 21.7, 24, MSaapappa, 154, 28186, 19843, 704, , 28186, 25000, 29699, 29767, 0, 
122, 1, 250, 418, -1, 467, 178, 7.9, 23, ABprppppapa, 238, 27845, 13811, 496, , 27845, 25000, 29437, 29528, 0, 
123, 1, 482, 5, -1, 149, 217, 17.4, 22, ABalaaaarlap, 160, 30163, 17253, 572, , 30163, 25000, 28094, 28295, 0, 
124, 1, 56, 23, -1, 522, 339, 16.5, 31, Earpp, 316, 29045, 35784, 1232, , 29045, 25000, 29877, 29954, 0, 
125, 1, 186, 425, -1, 379, 212, 11.2, 24, ABarappappa, 132, 27375, 17958, 656, , 27375, 25000, 29483, 29530, 0, 
126, 1, 294, 44, -1, 464, 207, 22.9, 27, ABplappapp, -53, 27401, 24880, 908, , 27401, 25000, 27975, 28012, 0, 
127, 1, 15, 402, -1, 405, 227, 9.6, 23, ABprpaaaappa, 204, 27908, 17861, 640, , 27908, 25000, 28444, 28429, 0, 
128, 1, 457, 189, -1, 350, 270, 17.8, 22, MSaapapap, 172, 46810, 23218, 496, , 46810, 25000, 32078, 32100, 0, 
129, 1, 96, 104, -1, 306, 314, 22.3, 24, ABaraapaapp, 244, 27849, 19606, 704, , 27849, 25000, 28693, 28694, 0, 
130, 1, 360, 400, -1, 131, 259, 17.1, 22, ABarpaaapaa, 124, 28280, 13122, 464, , 28280, 25000, 28381, 28246, 0, 
131, 1, 74, 484, -1, 448, 199, 16.8, 25, ABplpppaaap, 213, 30527, 21491, 704, , 30527, 25000, 28510, 28615, 0, 
132, 1, 36, 261, -1, 438, 355, 17.5, 32, Earap, -110, 28275, 40490, 1432, , 28275, 25000, 29896, 29966, 0, 
133, 1, 456, 153, -1, 133, 296, 9.9, 23, ABarpappap, 226, 28246, 14010, 496, , 28246, 25000, 27347, 27350, 0, 
134, 1, 230, 314, -1, 455, 311, 6.1, 26, ABprappaap, 205, 34498, 27598, 800, , 34498, 25000, 33130, 33126, 0, 
135, 1, 5, 167, -1, 308, 132, 11.0, 25, ABalpapapap, 252, 26234, 20043, 764, , 26234, 25000, 28324, 28339, 0, 
136, 1, 453, 405, -1, 384, 398, 10.1, 28, Caaaaa, 287, 27750, 30192, 1088, , 27750, 25000, 28426, 28459, 0, 
137, 1, 375, 228, -1, 376, 340, 23.9, 26, Dappaaa, 235, 28813, 23050, 800, , 28813, 25000, 28959, 28946, 0, 
138, 1, 11, 323, -1, 374, 229, 7.8, 24, ABprppapaaa, 240, 29224, 19171, 656, , 29224, 25000, 31305, 31268, 0, 
139, 1, 44, 81, -1, 574, 240, 11.3, 26, Cpppapp, 260, 27694, 23706, 856, , 27694, 25000, 29561, 29590, 0, 
140, 1, 254, 37, -1, 311, 211, 8.9, 22, ABprpapapap, 183, 27994, 12989, 464, , 27994, 25000, 29047, 29412, 0, 
141, 1, 458, 489, -1, 163, 281, 22.2, 22, ABalapapapp, 135, 27591, 13685, 496, , 27591, 25000, 28659, 28657, 0, 
142, 1, 59, 217, -1, 271, 327, 22.0, 24, MSaaaaapp, 182, 27780, 16890, 608, , 27780, 25000, 28536, 28523, 0, 
143, 1, 102, 101, -1, 316, 200, 11.7, 24, ABprpappapa, 204, 29656, 20878, 704, , 29656, 25000, 28829, 29209, 0, 
144, 1, 92, 137, -1, 375, 197, 14.2, 23, ABplppappaa, 201, 27731, 14975, 540, , 27731, 25000, 28791, 28646, 0, 
145, 1, 434, 428, -1, 551, 238, 18.4, 32, Eplpa, 324, 29474, 43740, 1484, , 29474, 25000, 29421, 29584, 0, 
146, 1, 439, 115, -1, 586, 201, 20.9, 28, Capppap, 275, 27337, 29743, 1088, , 27337, 25000, 29350, 29350, 0, 
147, 1, 195, 205, -1, 520, 231, 10.1, 23, ABprpppppap, 118, 28958, 14363, 496, , 28958, 25000, 29279, 29480, 0, 
148, 1, 284, 30, -1, 247, 258, 13.7, 24, ABarapaaaaa, 236, 28156, 19822, 704, , 28156, 25000, 28510, 28441, 0, 
149, 1, 414, 432, -1, 324, 167, 23.8, 22, ABplpaappapp, 225, 28020, 13898, 496, , 28020, 25000, 28656, 28870, 0, 
150, 0, 203, -1, -1, 258, 267, 8.7, 22, , 193, 1912, 16241, 524, , 30994, 25000, 28874, 29082, 0, 
151, 1, 53, 17, -1, 553, 152, 8.8, 27, ABprappppp, 271, 28594, 24820, 868, , 28594, 25000, 28717, 28884, 0, 
152, 1, 336, 219, -1, 264, 353, 20.3, 25, MSpaaaaaa, 148, 28675, 21908, 764, , 28675, 25000, 30607, 30148, 0, 
153, 1, 400, 247, -1, 274, 278, 4.8, 23, ABprpaapaap, 211, 37654, 20333, 540, , 37654, 25000, 37673, 37023, 0, 
154, 1, 137, 357, -1, 202, 203, 18.7, 23, ABalaaaalal, 199, 27340, 16185, 592, , 27340, 25000, 28847, 28885, 0, 
155, 1, 23, 227, -1, 557, 247, 7.1, 25, ABarpppppp, 251, 31112, 19787, 636, , 31112, 25000, 33918, 33952, 0, 
156, 1, 424, 190, -1, 342, 330, 18.0, 25, MSaaaappp, 213, 27712, 21172, 764, , 27712, 25000, 28698, 28619, 0, 
157, 1, 324, 169, -1, 536, 204, 9.2, 24, ABprpppaapa, -91, 29221, 19169, 656, , 29221, 25000, 28534, 28600, 0, 
158, 1, 147, 248, -1, 249, 123, 14.7, 26, ABplpaapappp, 201, 28786, 24641, 856, , 28786, 25000, 28072, 28161, 0, 
159, 1, 65, 296, -1, 356, 203, 10.1, 25, ABprppaappa, 200, 27824, 19143, 688, , 27824, 25000, 28972, 29338, 0, 
160, 1, 293, 395, -1, 494, 112, 10.4, 22, ABprpppapap, 193, 28734, 16436, 572, , 28734, 25000, 28743, 28684, 0, 
161, 1, 43, 152, -1, 504, 182, 18.7, 23, ABplpppppap, -38, 27693, 16394, 592, , 27693, 25000, 28398, 28329, 0, 
162, 1, 115, 465, -1, 252, 224, 15.7, 28, Nuc233_14_250_214, -96, 29175, 31042, 1064, , 29175, 25000, 28282, 28218, 0, 
163, 1, 480, 349, -1, 533, 363, 9.9, 27, Caaapa, 267, 27251, 24744, 908, , 27251, 25000, 27632, 27588, 0, 
164, 1, 247, 364, -1, 323, 230, 16.2, 22, MSaapaaaa, 196, 27565, 13672, 496, , 27565, 25000, 28199, 28251, 0, 
165, 1, 415, 266, -1, 235, 155, 11.7, 22, ABplaappaa, 174, 28847, 15116, 524, , 28847, 25000, 28716, 28925, 0, 
166, 0, 160, -1, -1, 337, 136, 10.3, 23, , 249, 1867, 17875, 592, , 30194, 25000, 28400, 28327, 0, 
167, 1, 57, 193, -1, 324, 133, 18.6, 24, ABplppaapap, 200, 28323, 19826, 700, , 28323, 25000, 28329, 28443, 0, 
168, 1, 27, 258, -1, 360, 253, 14.5, 25, ABarapapapp, 219, 29503, 22658, 768, , 29503, 25000, 31544, 31208, 0, 
169, 1, 13, 108, -1, 540, 172, 20.9, 26, Cappapp, 261, 28609, 22887, 800, , 28609, 25000, 29274, 29275, 0, 
170, 1, 405, 113, -1, 244, 349, 8.3, 25, ABpraapappp, 245, 28559, 21819, 764, , 28559, 25000, 29235, 29231, 0, 
171, 1, 6, 72, -1, 320, 168, 10.3, 23, ABplpaaaapa, 287, 27296, 16159, 592, , 27296, 25000, 28877, 28963, 0, 
172, 1, 498, 437, -1, 442, 241, 11.5, 22, ABprppapppa, -326, 27514, 14087, 512, , 27514, 25000, 28317, 28102, 0, 
173, 1, 322, 474, -1, 280, 366, 18.2, 24, MSpaaappa, 221, 28517, 18707, 656, , 28517, 25000, 29079, 29432, 0, 
174, 1, 19, 43, -1, 214, 221, 12.4, 26, ABarappaaaa, -58, 27743, 23082, 832, , 27743, 25000, 28593, 28798, 0, 
175, 1, 392, 299, -1, 196, 153, 21.3, 26, Nuc232_19_207_150, -75, 29349, 25123, 856, , 29349, 25000, 28290, 28271, 0, 
176, 1, 180, 354, -1, 576, 284, 22.7, 29, Capppaa, 289, 28888, 30852, 1068, , 28888, 25000, 28983, 28989, 0, 
177, 1, 460, 509, -1, 323, 295, 23.6, 26, ABaraapapapa, 232, 29005, 24132, 832, , 29005, 25000, 27973, 28124, 0, 
178, 1, 35, -1, -1, 276, 211, 11.8, 22, ABprpapppaa, 148, 28851, 14310, 496, , 28851, 25000, 29332, 29463, 0, 
179, 1, 145, 50, -1, 258, 175, 9.4, 22, ABarapppapa, 202, 27264, 15595, 572, , 27264, 25000, 29050, 29073, 0, 
180, 1, 325, 251, -1, 260, 152, 17.0, 27, ABplpaaappp, 269, 27408, 28285, 1032, , 27408, 25000, 28662, 28692, 0, 
181, 1, 262, 313, -1, 499, 367, 11.3, 26, Cppapaa, 250, 27632, 23653, 856, , 27632, 25000, 29693, 29731, 0, 
182, 1, 334, 477, -1, 163, 175, 19.8, 25, ABalpppaapd, 220, 28268, 19901, 704, , 28268, 25000, 27828, 27817, 0, 
183, 0, 161, -1, -1, 281, 262, 20.5, 22, , 188, -522, 14146, 512, , 27629, 25000, 28430, 28151, 0, 
184, 1, 63, 419, -1, 430, 214, 13.0, 22, ABplppaappp, 189, 27320, 10491, 384, , 27320, 25000, 28082, 27790, 0, 
185, 1, 181, 122, -1, 377, 242, 18.5, 22, MSaapapaa, 219, 46426, 23770, 512, , 46426, 25000, 30693, 30984, 0, 
186, 1, 229, 333, -1, 523, 227, 5.7, 25, ABprapappa, 121, 40929, 31270, 764, , 40929, 25000, 39075, 39401, 0, 
187, 1, 399, 326, -1, 494, 177, 12.4, 22, ABplpappppp, 183, 28722, 16429, 572, , 28722, 25000, 28784, 28934, 0, 
188, 1, 240, 459, -1, 493, 196, 14.9, 23, ABplppppaap, 209, 27067, 13425, 496, , 27067, 25000, 28725, 28896, 0, 
189, 1, 266, 318, -1, 401, 310, 8.3, 25, Cppaaaa, 257, 29274, 22365, 764, , 29274, 25000, 29946, 29821, 0, 
190, 1, 1, 123, -1, 456, 140, 19.6, 26, ABplapappa, 239, 27335, 22743, 832, , 27335, 25000, 28836, 28804, 0, 
191, 1, 77, 297, -1, 180, 184, 22.3, 24, ABplaapaapa, 306, 29281, 20614, 704, , 29281, 25000, 28437, 28611, 0, 
192, 1, 287, 15, -1, 283, 231, 24.5, 24, ABplaapappa, 222, 27664, 21246, 768, , 27664, 25000, 28532, 28492, 0, 
193, 1, 465, 346, -1, 262, 294, 11.5, 24, ABarapappaa, 333, 26908, 20665, 768, , 26908, 25000, 28321, 28501, 0, 
194, 1, 105, 70, -1, 243, 163, 19.8, 25, ABplpaaaaaa, 144, 28615, 20145, 704, , 28615, 25000, 28392, 28420, 0, 
195, 0, 335, -1, -1, 231, 302, 9.6, 22, , 182, -331, 16613, 572, , 29044, 25000, 29039, 29375, 0, 
196, 1, 204, 340, -1, 472, 327, 9.1, 24, Cppaapa, 62, 27639, 16694, 604, , 27639, 25000, 29701, 29779, 0, 
197, 1, 150, 406, -1, 279, 135, 23.5, 24, ABalpppppppp, 212, 28546, 21923, 768, , 28546, 25000, 28390, 28412, 0, 
198, 1, 68, 360, -1, 341, 331, 12.8, 24, MSpapappa, 176, 28395, 18627, 656, , 28395, 25000, 28701, 28703, 0, 
199, 1, 345, 288, -1, 377, 164, 21.3, 29, Nuc233_20_375_160, 289, 27283, 29138, 1068, , 27283, 25000, 28113, 27981, 0, 
200, 1, 220, 286, -1, 207, 372, 20.3, 30, ABarpaappa, 303, 26859, 35131, 1308, , 26859, 25000, 28073, 28165, 0, 
201, 1, 357, 140, -1, 236, 255, 6.2, 22, ABpraaaapavp, 163, 34188, 16957, 496, , 34188, 25000, 35926, 36061, 0, 
202, 1, 272, 249, -1, 193, 351, 15.3, 26, MSppappa, 341, 28727, 24590, 856, , 28727, 25000, 28617, 28633, 0, 
203, 1, 9, 51, -1, 382, 301, 12.0, 22, MSpapappp, -238, 27310, 10487, 384, , 27310, 25000, 28967, 28951, 0, 
204, 1, 385, 411, -1, 165, 261, 10.5, 22, ABalaappppp, 129, 29105, 14902, 512, , 29105, 25000, 29310, 29451, 0, 
205, 1, 409, 174, -1, 428, 266, 25.2, 27, ABplappapaa, 183, 27040, 23471, 868, , 27040, 25000, 28470, 28370, 0, 
206, 1, 264, 280, -1, 217, 172, 8.8, 24, ABarapppapp, 337, 29189, 19148, 656, , 29189, 25000, 29186, 28911, 0, 
207, 1, 87, 149, -1, 371, 312, 5.2, 26, ABprapaapp, 46, 38808, 30891, 796, , 38808, 25000, 37760, 37829, 0, 
208, 1, 281, 325, -1, 246, 310, 8.0, 22, ABpraaappap, 199, 27771, 10664, 384, , 27771, 25000, 30053, 30032, 0, 
209, 0, 107, -1, -1, 269, 304, 14.9, 25, , 205, 1725, 20347, 688, , 29574, 25000, 27878, 27849, 0, 
210, 1, 479, 359, -1, 219, 228, 14.0, 22, ABaraaaapaa, 193, 28831, 11071, 384, , 28831, 25000, 28079, 28265, 0, 
211, 1, 366, 320, -1, 425, 389, 11.9, 26, Cpppaaa, -15, 26526, 21221, 800, , 26526, 25000, 29385, 29372, 0, 
212, 1, 117, 126, -1, 444, 345, 24.4, 28, Cappaaa, 275, 28464, 28122, 988, , 28464, 25000, 28470, 28470, 0, 
213, 1, 291, 394, -1, 379, 358, 6.4, 26, ABarppppap, 32, 33042, 27491, 832, , 33042, 25000, 36278, 36471, 0, 
214, 1, 416, 488, -1, 445, 214, 15.1, 26, ABplppapppp, 264, 28396, 22717, 800, , 28396, 25000, 28301, 28438, 0, 
215, 1, 125, 267, -1, 284, 205, 25.9, 26, ABplaapappp, 263, 29256, 23405, 800, , 29256, 25000, 28736, 28827, 0, 
216, 1, 475, 133, -1, 336, 170, 8.6, 25, ABprpaaaapa, 204, 29234, 24323, 832, , 29234, 25000, 29591, 29776, 0, 
217, 1, 365, 120, -1, 284, 229, 4.7, 22, Nuc234_7_277_240, 197, 38248, 20042, 524, , 38248, 25000, 37994, 37525, 0, 
218, 1, 235, 233, -1, 578, 288, 11.6, 26, Cpppapa, 265, 28588, 23785, 832, , 28588, 25000, 28275, 28276, 0, 
219, 1, 224, 165, -1, 173, 245, 16.5, 24, ABalaaaarrp, 208, 26326, 20218, 768, , 26326, 25000, 28375, 28569, 0, 
220, 1, 361, 275, -1, 363, 324, 20.0, 23, MSaaapapp, 160, 26996, 13822, 512, , 26996, 25000, 28381, 28335, 0, 
221, 1, 468, 374, -1, 313, 342, 16.1, 22, MSpaapaaa, -368, 28500, 13224, 464, , 28500, 25000, 28537, 28440, 0, 
222, 1, 463, 127, -1, 354, 244, 26.7, 23, ABarppapaap, 154, 29446, 17432, 592, , 29446, 25000, 28694, 28780, 0, 
223, 1, 425, 348, -1, 376, 185, 17.8, 24, ABplppapaapa, 195, 27267, 17887, 656, , 27267, 25000, 28196, 28134, 0, 
224, 1, 299, 157, -1, 477, 124, 12.5, 23, ABplpppapap, 173, 29929, 18915, 632, , 29929, 25000, 29068, 29194, 0, 
225, 1, 352, 73, -1, 446, 244, 23.1, 25, ABplappaap, 232, 28528, 19627, 688, , 28528, 25000, 27956, 28042, 0, 
226, 1, 143, 207, -1, 547, 224, 14.5, 32, Eprpp, 321, 29110, 41685, 1432, , 29110, 25000, 30134, 30195, 0, 
227, 1, 75, 151, -1, 449, 164, 13.6, 22, ABplppppapa, 197, 28862, 16509, 572, , 28862, 25000, 28938, 29121, 0, 
228, 0, 215, -1, -1, 204, 176, 23.7, 24, , 304, 1199, 20804, 704, , 29551, 25000, 28735, 28352, 0, 
229, 1, 448, 124, -1, 246, 301, 4.9, 22, ABprpaaaaapa, 147, 39767, 18452, 464, , 39767, 25000, 39437, 39297, 0, 
230, 1, 130, 196, -1, 381, 215, 15.8, 24, ABplppapaapp, 171, 27082, 17766, 656, , 27082, 25000, 28384, 28331, 0, 
231, 1, 260, 307, -1, 311, 222, 24.0, 22, ABplaapapap, 198, 29279, 11243, 384, , 29279, 25000, 28147, 28233, 0, 
232, 1, 156, 295, -1, 526, 129, 13.6, 23, ABplppppppp, 238, 27366, 17514, 640, , 27366, 25000, 28307, 28525, 0, 
233, 1, 276, 194, -1, 216, 151, 16.4, 24, ABalppaappp, 175, 28929, 20250, 700, , 28929, 25000, 28610, 28849, 0, 
234, 1, 342, 86, -1, 303, 179, 13.9, 22, Nuc232_13_303_173, 225, 27302, 12668, 464, , 27302, 25000, 28394, 28162, 0, 
235, 1, 51, 103, -1, 147, 229, 13.4, 27, ABalaaapplr, 244, 28316, 27976, 988, , 28316, 25000, 28083, 28184, 0, 
236, 1, 153, 150, -1, 190, 281, 18.6, 27, MSaaaaaa, 275, 26796, 26474, 988, , 26796, 25000, 27986, 27970, 0, 
237, 1, 461, 461, -1, 304, 325, 19.6, 22, MSaaaapap, 64, 30044, 17185, 572, , 30044, 25000, 28035, 28050, 0, 
238, 1, 387, 14, -1, 370, 275, 24.5, 28, ABarppaapp, 287, 29459, 31816, 1080, , 29459, 25000, 28613, 28620, 0, 
239, 1, 146, 182, -1, 246, 157, 14.0, 24, ABalppapppaa, 322, 27785, 16893, 608, , 27785, 25000, 28875, 28888, 0, 
240, 1, 496, 310, -1, 232, 347, 18.0, 22, MSpaaaapa, -18, 31242, 11997, 384, , 31242, 25000, 28915, 28862, 0, 
241, 1, 394, 106, -1, 318, 270, 21.5, 25, ABaraapapaa, 151, 28676, 22023, 768, , 28676, 25000, 28285, 28326, 0, 
242, 0, 275, -1, -1, 273, 349, 5.5, 23, , -118, 4825, 29278, 632, , 46326, 25000, 41370, 41501, 0, 
243, 1, 231, 447, -1, 291, 257, 5.1, 24, ABprppaaaap, 222, 42230, 25507, 604, , 42230, 25000, 36302, 36228, 0, 
244, 1, 378, 13, -1, 275, 184, 22.7, 22, Nuc234_23_264_186, 371, 28622, 14998, 524, , 28622, 25000, 28464, 28451, 0, 
245, 1, 323, 237, -1, 250, 241, 11.0, 22, MSppaaaa, -160, 27086, 10401, 384, , 27086, 25000, 28130, 28058, 0, 
246, 1, 72, 496, -1, 388, 227, 13.9, 22, ABplppappap, 198, 27000, 12528, 464, , 27000, 25000, 28743, 28704, 0, 
247, 1, 418, 134, -1, 179, 256, 6.7, 24, ABpraaaaaaa, 220, 32503, 22882, 704, , 32503, 25000, 36000, 36068, 0, 
248, 1, 278, 264, -1, 492, 226, 10.5, 22, ABprppppaaa, 199, 31670, 16215, 512, , 31670, 25000, 29568, 29897, 0, 
249, 1, 122, 442, -1, 322, 157, 13.3, 23, ABplpapaaap, 204, 27573, 16323, 592, , 27573, 25000, 29857, 30007, 0, 
250, 1, 41, 356, -1, 482, 337, 14.8, 31, Epraa, 126, 29551, 43262, 1464, , 29551, 25000, 29169, 29203, 0, 
251, 1, 78, 329, -1, 254, 327, 13.1, 24, ABarapaappa, 224, 26712, 16134, 604, , 26712, 25000, 28299, 28256, 0, 
252, 1, 455, 480, -1, 241, 340, 14.1, 19, ABaraaapapa, 246, 28887, 7395, 256, , 28887, 25000, 27928, 28006, 0, 
253, 1, 193, 223, -1, 350, 377, 9.7, 25, ABarpppapp, -5, 27840, 21270, 764, , 27840, 25000, 28776, 28786, 0, 
254, 1, 437, 331, -1, 502, 386, 13.9, 26, Cpppaap, 224, 27179, 21743, 800, , 27179, 25000, 28938, 29036, 0, 
255, 1, 312, 16, -1, 425, 257, 10.2, 22, ABprppapapa, 188, 31560, 15654, 496, , 31560, 25000, 28261, 28372, 0, 
256, 1, 76, 429, -1, 134, 246, 19.9, 22, ABarpaaaapa, 225, 27394, 12711, 464, , 27394, 25000, 28702, 28667, 0, 
257, 1, 302, 274, -1, 337, 236, 18.3, 25, ABaraapappp, 217, 28331, 21645, 764, , 28331, 25000, 29233, 29193, 0, 
258, 1, 376, 290, -1, 177, 179, 16.6, 22, ABalaaaalpp, 195, 26591, 15210, 572, , 26591, 25000, 28459, 28788, 0, 
259, 1, 127, 7, -1, 212, 255, 10.2, 22, ABarappppaa, 46, 28690, 14230, 496, , 28690, 25000, 28617, 28484, 0, 
260, 1, 408, 384, -1, 294, 149, 14.8, 22, ABplpapaapp, 190, 27988, 13882, 496, , 27988, 25000, 28565, 28680, 0, 
261, 1, 61, 163, -1, 225, 135, 19.3, 23, ABalpppapad, 23, 28171, 16677, 592, , 28171, 25000, 28431, 28325, 0, 
262, 1, 306, 306, -1, 521, 111, 16.7, 26, ABplappppp, 257, 27225, 23305, 856, , 27225, 25000, 28125, 28162, 0, 
263, 1, 251, 93, -1, 471, 132, 9.4, 27, Nuc233_9_472_143, 278, 26976, 26652, 988, , 26976, 25000, 28845, 28836, 0, 
264, 1, 269, 172, -1, 515, 283, 8.3, 24, Cppaapp, 217, 28190, 19846, 704, , 28190, 25000, 30333, 30466, 0, 
265, 1, 339, 422, -1, 505, 208, 25.2, 30, ABplapapaa, 302, 28683, 37862, 1320, , 28683, 25000, 28664, 28591, 0, 
266, 1, 31, 213, -1, 265, 158, 25.6, 26, ABalpppppppa, 262, 28452, 23672, 832, , 28452, 25000, 29088, 29094, 0, 
267, 1, 349, 107, -1, 308, 172, 21.6, 23, ABplpaappaa, 185, 27300, 17472, 640, , 27300, 25000, 28795, 29068, 0, 
268, 1, 395, 268, -1, 545, 150, 15.1, 26, Cappppd, 262, 26933, 21546, 800, , 26933, 25000, 28560, 28687, 0, 
269, 1, 451, 368, -1, 350, 211, 23.7, 25, ABplapaaapa, 149, 27719, 21177, 764, , 27719, 25000, 28619, 28560, 0, 
270, 1, 52, 158, -1, 121, 254, 14.1, 24, ABpraapaaap, 211, 27098, 16367, 604, , 27098, 25000, 27787, 27828, 0, 
271, 1, 273, 88, -1, 565, 173, 13.4, 25, Cpppppd, 252, 27780, 23113, 832, , 27780, 25000, 29602, 29643, 0, 
272, 1, 303, 201, -1, 484, 126, 18.4, 23, ABplpppaapp, 198, 27653, 17698, 640, , 27653, 25000, 28250, 28385, 0, 
273, 1, 82, 365, -1, 160, 190, 17.2, 25, ABalpaapppp, 179, 27018, 19021, 704, , 27018, 25000, 27487, 27506, 0, 
274, 1, 54, 11, -1, 456, 317, 17.5, 32, Ealap, 324, 29256, 41895, 1432, , 29256, 25000, 28882, 28966, 0, 
275, 1, 478, 493, -1, 199, 230, 20.7, 24, ABalaaapalr, 198, 28692, 20199, 704, , 28692, 25000, 28404, 28421, 0, 
276, 1, 60, 298, -1, 331, 215, 6.6, 24, ABprapaapaaa, 150, 32329, 22630, 700, , 32329, 25000, 34084, 34712, 0, 
277, 1, 32, 392, -1, 181, 219, 18.9, 22, ABalaaaalar, 226, 28614, 13277, 464, , 28614, 25000, 27932, 28015, 0, 
278, 1, 138, 206, -1, 414, 313, 6.0, 27, ABprappaaa, 270, 33655, 34732, 1032, , 33655, 25000, 34175, 34546, 0, 
279, 1, 118, 390, -1, 237, 323, 10.8, 22, ABpraaaappp, 192, 26788, 13287, 496, , 26788, 25000, 27842, 27680, 0, 
280, 1, 326, 34, -1, 229, 185, 12.4, 24, ABarappaapa, 72, 27217, 19052, 700, , 27217, 25000, 28740, 28851, 0, 
281, 1, 436, 285, -1, 313, 331, 6.8, 24, ABprapaaapa, 31, 31139, 20427, 656, , 31139, 25000, 34310, 34467, 0, 
282, 1, 295, 112, -1, 412, 229, 22.2, 25, ABplappaaa, 253, 28004, 19715, 704, , 28004, 25000, 28342, 28391, 0, 
283, 1, 467, 382, -1, 322, 159, 15.3, 23, ABplpapapap, 195, 29652, 17554, 592, , 29652, 25000, 28730, 28952, 0, 
284, 1, 320, 92, -1, 286, 303, 5.3, 24, ABprpaappap, 224, 39105, 27530, 704, , 39105, 25000, 36461, 36477, 0, 
285, 1, 2, 353, -1, 216, 258, 16.6, 22, ABalpaappaaa, 205, 28603, 16361, 572, , 28603, 25000, 27847, 28030, 0, 
286, 1, 406, 470, -1, 271, 230, 15.3, 22, Nuc233_14_264_225, 164, 28576, 14974, 524, , 28576, 25000, 28766, 28602, 0, 
287, 1, 428, 352, -1, 349, 367, 23.9, 28, Cpaaaa, 273, 29235, 31808, 1088, , 29235, 25000, 28888, 28893, 0, 
288, 1, 257, 403, -1, 549, 262, 15.3, 31, Eprpa, 343, 29561, 40439, 1368, , 29561, 25000, 29641, 29768, 0, 
289, 0, 219, -1, -1, 263, 321, 17.7, 22, , 53, 316, 15504, 524, , 29588, 25000, 29208, 29272, 0, 
290, 1, 70, 347, -1, 555, 122, 15.5, 23, Cpappv, 226, 26358, 16658, 632, , 26358, 25000, 28645, 28687, 0, 
291, 1, 464, 139, -1, 251, 247, 21.8, 24, ABaraaaaaapp, 240, 28306, 18569, 656, , 28306, 25000, 28219, 28357, 0, 
292, 1, 200, 48, -1, 305, 257, 19.7, 22, ABalpaaappp, 188, 27288, 14299, 524, , 27288, 25000, 28106, 28171, 0, 
293, 1, 112, 316, -1, 449, 261, 9.9, 23, ABprppapapp, 105, 28286, 14030, 496, , 28286, 25000, 28792, 28788, 0, 
294, 1, 234, 118, -1, 323, 224, 11.1, 22, ABprpapapaa, 237, 27578, 12796, 464, , 27578, 25000, 29420, 29491, 0, 
295, 1, 248, 481, -1, 205, 144, 17.9, 25, ABalpppaaap, 195, 27939, 19222, 688, , 27939, 25000, 28825, 28921, 0, 
296, 1, 228, 94, -1, 483, 159, 6.5, 24, ABprappppa, 247, 35327, 27131, 768, , 35327, 25000, 35246, 35531, 0, 
297, 1, 151, 20, -1, 545, 304, 6.8, 27, ABprapapaa, 269, 31396, 27252, 868, , 31396, 25000, 34565, 34563, 0, 
298, 1, 354, 209, -1, 511, 132, 12.0, 23, ABplppppppa, 159, 27512, 14086, 512, , 27512, 25000, 28368, 28472, 0, 
299, 1, 259, 75, -1, 306, 215, 6.0, 23, ABprppaapap, 192, 33924, 17369, 512, , 33924, 25000, 36324, 36467, 0, 
300, 0, 131, -1, -1, 372, 278, 19.9, 22, , 194, -249, 13760, 464, , 29655, 25000, 29868, 29904, 0, 
301, 1, 311, 179, -1, 314, 369, 18.8, 24, MSpaaappp, 234, 26886, 17637, 656, , 26886, 25000, 28226, 28240, 0, 
302, 1, 80, 68, -1, 304, 121, 19.4, 24, ABplppaaaaa, 195, 27933, 19553, 700, , 27933, 25000, 27887, 27810, 0, 
303, 1, 149, 24, -1, 504, 209, 21.9, 25, Capaapp, 253, 27395, 18848, 688, , 27395, 25000, 28814, 28998, 0, 
304, 1, 95, 32, -1, 400, 264, 10.3, 27, ABprppappap, 146, 28398, 26240, 924, , 28398, 25000, 29527, 29343, 0, 
305, 1, 296, 147, -1, 280, 390, 13.0, 24, ABarpppapa, 247, 27811, 16909, 608, , 27811, 25000, 28334, 28073, 0, 
306, 1, 209, 116, -1, 496, 295, 5.7, 26, ABprappapp, 263, 37679, 32253, 856, , 37679, 25000, 36673, 36747, 0, 
307, 1, 67, 451, -1, 178, 222, 13.7, 22, ABaraaapppa, 172, 28454, 14910, 524, , 28454, 25000, 28540, 28870, 0, 
308, 1, 316, 252, -1, 313, 347, 12.8, 25, ABaraapppap, 229, 27871, 19621, 704, , 27871, 25000, 28090, 28262, 0, 
309, 1, 163, 21, -1, 209, 358, 9.5, 27, ABarpapppp, 245, 27164, 24339, 896, , 27164, 25000, 27741, 27718, 0, 
310, 1, 168, 186, -1, 482, 204, 10.1, 22, ABplpapppap, 188, 28190, 13080, 464, , 28190, 25000, 29428, 29495, 0, 
311, 1, 179, 121, -1, 264, 143, 12.1, 23, ABalppapapa, 121, 29169, 14468, 496, , 29169, 25000, 27947, 28058, 0, 
312, 1, 123, 523, -1, 260, 348, 25.2, 26, MSappppp, 260, 30440, 24230, 796, , 30440, 25000, 32007, 32007, 0, 
313, 1, 28, 222, -1, 288, 228, 20.6, 24, ABalpapppaa, 207, 28721, 20105, 700, , 28721, 25000, 28551, 28609, 0, 
314, 1, 111, 272, -1, 180, 302, 8.1, 25, ABpraapaapp, 235, 30307, 20851, 688, , 30307, 25000, 30345, 30458, 0, 
315, 1, 214, 259, -1, 447, 301, 9.9, 23, MSpappppp, 174, 29069, 14418, 496, , 29069, 25000, 28323, 28357, 0, 
316, 1, 45, 389, -1, 382, 278, 8.8, 22, MSpapppapp, 171, 28141, 13958, 496, , 28141, 25000, 30505, 30536, 0, 
317, 1, 421, 269, -1, 496, 225, 7.5, 23, Cppappp, 228, 30222, 19100, 632, , 30222, 25000, 31371, 31411, 0, 
318, 1, 505, -1, -1, 430, 272, 27.4, 23, ABplappapap, 229, 29859, 19110, 640, , 29859, 25000, 28294, 28408, 0, 
319, 1, 166, 57, -1, 489, 205, 17.6, 23, ABplpppppaa, 201, 28188, 18040, 640, , 28188, 25000, 28063, 28188, 0, 
320, 1, 290, 362, -1, 290, 275, 13.7, 24, ABarapapppp, -186, 28450, 20029, 704, , 28450, 25000, 28028, 27985, 0, 
321, 1, 314, 109, -1, 179, 239, 18.5, 24, ABalaaaarlp, 243, 27432, 21068, 768, , 27432, 25000, 27629, 27767, 0, 
322, 1, 120, 22, -1, 321, 290, 9.8, 24, ABaraappppa, 237, 27957, 18340, 656, , 27957, 25000, 29303, 29180, 0, 
323, 1, 202, 200, -1, 211, 222, 22.6, 26, ABalapaaaa, 208, 28181, 23447, 832, , 28181, 25000, 28349, 28410, 0, 
324, 1, 398, 386, -1, 203, 345, 19.5, 23, MSpppaaa, 220, 27750, 17538, 632, , 27750, 25000, 27541, 27739, 0, 
325, 1, 100, 183, -1, 162, 337, 18.0, 26, MSppappp, 204, 27776, 23665, 852, , 27776, 25000, 29159, 29164, 0, 
326, 1, 490, 197, -1, 211, 194, 13.5, 22, ABalpapaapa, 198, 29770, 15242, 512, , 29770, 25000, 28603, 29202, 0, 
327, 1, 283, 191, -1, 392, 404, 15.4, 26, Dppppa, 265, 27257, 22678, 832, , 27257, 25000, 29211, 29395, 0, 
328, 1, 367, 339, -1, 465, 250, 14.2, 25, MSapaapp, 255, 26916, 18949, 704, , 26916, 25000, 28217, 28224, 0, 
329, 1, 227, 284, -1, 309, 192, 8.2, 22, ABprpapaaap, 362, 28004, 13890, 496, , 28004, 25000, 30316, 30584, 0, 
330, 1, 486, 342, -1, 215, 278, 15.7, 23, ABaraaapaaa, 165, 28130, 16653, 592, , 28130, 25000, 27707, 27507, 0, 
331, 1, 255, 130, -1, 200, 320, 8.7, 22, Nuc235_9_204_319, 213, 32021, 16779, 524, , 32021, 25000, 30161, 30294, 0, 
332, 1, 351, 58, -1, 179, 229, 5.5, 25, ABpraaaapad, 237, 45741, 35129, 768, , 45741, 25000, 40756, 41817, 0, 
333, 1, 373, 317, -1, 114, 297, 18.3, 24, ABarpaapaa, 184, 29509, 20774, 704, , 29509, 25000, 28848, 28842, 0, 
334, 1, 432, 334, -1, 246, 217, 19.1, 23, Nuc233_19_241_214, 225, 28016, 13896, 496, , 28016, 25000, 27748, 27499, 0, 
335, 1, 344, 61, -1, 556, 212, 6.5, 23, ABprapppaap, 215, 32597, 20601, 632, , 32597, 25000, 35790, 36019, 0, 
336, 1, 384, 291, -1, 496, 338, 6.6, 26, ABarpppppa, 260, 31518, 26223, 832, , 31518, 25000, 35978, 36015, 0, 
337, 1, 298, 144, -1, 401, 275, 14.2, 23, MSaappap, 189, 28517, 15399, 540, , 28517, 25000, 28626, 28449, 0, 
338, 1, 470, 495, -1, 319, 375, 13.2, 23, Dpaap, 181, 28333, 15300, 540, , 28333, 25000, 28883, 28772, 0, 
339, 1, 42, 265, -1, 449, 221, 19.0, 23, MSpappaa, 231, 27895, 14282, 512, , 27895, 25000, 28171, 28212, 0, 
340, 1, 359, 220, -1, 523, 188, 13.0, 23, ABprpappppa, 201, 31000, 15872, 512, , 31000, 25000, 29393, 29461, 0, 
341, 1, 391, 417, -1, 476, 258, 26.1, 32, ABarppappa, 322, 28428, 44802, 1576, , 28428, 25000, 28161, 28195, 0, 
342, 1, 364, 161, -1, 543, 199, 17.7, 31, Eplpp, 306, 27759, 37974, 1368, , 27759, 25000, 29073, 29074, 0, 
343, 1, 171, 413, -1, 313, 257, 8.0, 23, Dpapa, 197, 28445, 14564, 512, , 28445, 25000, 30787, 30931, 0, 
344, 1, 58, 253, -1, 444, 355, 6.3, 26, ABprappapa, 247, 33000, 28248, 856, , 33000, 25000, 36558, 36558, 0, 
345, 1, 135, 414, -1, 265, 387, 17.4, 23, MSpppppp, 183, 28641, 18330, 640, , 28641, 25000, 28556, 28542, 0, 
346, 1, 429, 336, -1, 527, 334, 23.6, 26, Cappaap, 206, 29708, 24717, 832, , 29708, 25000, 28797, 28805, 0, 
347, 1, 182, 367, -1, 435, 232, 16.4, 24, ABplppapapp, 210, 26913, 18839, 700, , 26913, 25000, 27895, 27973, 0, 
348, 1, 210, 33, -1, 327, 181, 26.4, 30, ABalppppppap, 298, 29994, 34673, 1156, , 29994, 25000, 29366, 29380, 0, 
349, 1, 110, 245, -1, 322, 367, 6.6, 23, ABarppppaa, 235, 29409, 18822, 640, , 29409, 25000, 35233, 35233, 0, 
350, 1, 199, 391, -1, 412, 339, 13.7, 28, Earpa, 276, 27392, 29145, 1064, , 27392, 25000, 29514, 29537, 0, 
351, 1, 252, 97, -1, 498, 154, 18.6, 23, ABplpppaapa, 214, 28186, 18039, 640, , 28186, 25000, 28023, 28238, 0, 
352, 1, 492, 511, -1, 342, 307, 10.2, 22, MSpapaapa, 177, 30323, 15040, 496, , 30323, 25000, 29368, 29507, 0, 
353, 1, 292, 330, -1, 230, 288, 22.8, 28, ABaraapaapa, 267, 28191, 29657, 1052, , 28191, 25000, 28160, 28262, 0, 
354, 1, 173, 114, -1, 296, 196, 10.1, 22, ABprpapaaaa, 364, 28321, 13141, 464, , 28321, 25000, 28500, 28594, 0, 
355, 1, 441, 283, -1, 509, 260, 5.4, 24, ABprapapap, 228, 37410, 26187, 700, , 37410, 25000, 37645, 38034, 0, 
356, 1, 426, 478, -1, 219, 333, 9.9, 26, Nuc233_11_192_311, 172, 28090, 22472, 800, , 28090, 25000, 28579, 28684, 0, 
357, 1, 374, 18, -1, 548, 207, 22.8, 28, Cappapa, 282, 27491, 28921, 1052, , 27491, 25000, 28877, 28934, 0, 
358, 0, 3, -1, -1, 83, 262, 16.0, 24, , 194, 4029, 19133, 608, , 31469, 25000, 27397, 27440, 0, 
359, 1, 356, 62, -1, 358, 279, 13.1, 22, MSpapapaa, 155, 54858, 25454, 464, , 54858, 25000, 35604, 35096, 0, 
360, 1, 280, 211, -1, 300, 264, 25.8, 27, ABplapaaaap, 433, 29478, 25587, 868, , 29478, 25000, 28798, 28806, 0, 
361, 1, 190, 19, -1, 154, 258, 21.4, 25, ABplaaaaaaa, 198, 28310, 23554, 832, , 28310, 25000, 28488, 28609, 0, 
362, 1, 237, 215, -1, 275, 190, 19.9, 23, MSapapap, 35, 28514, 14143, 496, , 28514, 25000, 28639, 28596, 0, 
363, 1, 124, 399, -1, 218, 243, 18.6, 23, ABalpaapaaa, 206, 27183, 17397, 640, , 27183, 25000, 27861, 27864, 0, 
364, 1, 208, 412, -1, 355, 263, 7.4, 23, ABprapaapap, 218, 29797, 19070, 640, , 29797, 25000, 31553, 31796, 0, 
365, 1, 221, 160, -1, 252, 232, 7.5, 22, ABprpaaappp, 24, 28516, 14600, 512, , 28516, 25000, 31638, 31625, 0, 
366, 1, 108, 444, -1, 515, 162, 10.4, 22, Cpppppv, 225, 28514, 16310, 572, , 28514, 25000, 28495, 28465, 0, 
367, 1, 494, 6, -1, 246, 212, 13.9, 22, ABarapapapa, 192, 28123, 13049, 464, , 28123, 25000, 28271, 28089, 0, 
368, 1, 218, 9, -1, 384, 242, 11.5, 22, ABprppappaa, 177, 29896, 15307, 512, , 29896, 25000, 29727, 29738, 0, 
369, 1, 38, 455, -1, 243, 302, 13.2, 23, ABarapaapaa, 202, 27230, 14704, 540, , 27230, 25000, 28307, 28188, 0, 
370, 0, 328, -1, -1, 511, 133, 22.5, 23, , 195, -583, 17513, 632, , 27710, 25000, 28196, 28293, 0, 
371, 0, 332, -1, -1, 103, 240, 20.4, 22, , 186, 848, 16383, 572, , 28642, 25000, 27740, 27794, 0, 
372, 1, 243, 145, -1, 421, 239, 14.2, 22, ABplppapppa, 174, 29371, 14568, 496, , 29371, 25000, 28386, 28528, 0, 
373, 1, 212, 309, -1, 543, 143, 11.7, 23, ABprppppppp, 180, 26096, 15449, 592, , 26096, 25000, 27911, 28132, 0, 
374, 1, 24, 271, -1, 296, 373, 20.9, 22, MSaaaapaa, 200, 27534, 12776, 464, , 27534, 25000, 28704, 28627, 0, 
375, 1, 126, 373, -1, 191, 165, 8.8, 23, ABpraappaa, 56, 28943, 15629, 540, , 28943, 25000, 28703, 28610, 0, 
376, 1, 493, 485, -1, 268, 224, 20.5, 24, ABalpappaap, 181, 28053, 21545, 768, , 28053, 25000, 28166, 28042, 0, 
377, 1, 509, 458, -1, 177, 142, 16.9, 22, ABalppaaapa, 153, 29864, 13857, 464, , 29864, 25000, 27166, 27230, 0, 
378, 1, 8, 74, -1, 315, 135, 15.4, 22, ABplpaapppa, 161, 27503, 15732, 572, , 27503, 25000, 28789, 29046, 0, 
379, 1, 358, 440, -1, 459, 220, 13.5, 22, ABprpapappp, 159, 26986, 13817, 512, , 26986, 25000, 27951, 27825, 0, 
380, 1, 83, 401, -1, 275, 178, 13.3, 26, ABalpapapaa, 348, 27232, 23311, 856, , 27232, 25000, 27664, 27821, 0, 
381, 1, 101, 235, -1, 457, 387, 9.6, 28, Caaaap, 289, 28591, 28248, 988, , 28591, 25000, 28718, 28731, 0, 
382, 1, 454, -1, -1, 535, 173, 10.0, 22, ABprapppapp, 176, 27641, 10614, 384, , 27641, 25000, 28636, 28572, 0, 
383, 0, 368, -1, -1, 243, 157, 8.7, 22, , 215, 652, 15609, 524, , 29788, 25000, 29073, 29136, 0, 
384, 1, 338, 242, -1, 258, 276, 26.2, 24, MSapppap, -138, 29582, 19406, 656, , 29582, 25000, 29292, 29293, 0, 
385, 1, 411, 177, -1, 362, 310, 11.5, 24, MSpapaapp, -215, 29085, 22337, 768, , 29085, 25000, 28880, 28824, 0, 
386, 1, 225, 236, -1, 269, 122, 11.0, 22, ABplaappap, 147, 26563, 10200, 384, , 26563, 25000, 28148, 28139, 0, 
387, 1, 81, 292, -1, 288, 301, 12.3, 23, ABarapaapppa, 181, 27598, 16338, 592, , 27598, 25000, 28015, 27719, 0, 
388, 1, 277, 378, -1, 394, 330, 20.5, 27, Ealaad, 278, 28706, 25721, 896, , 28706, 25000, 29075, 29115, 0, 
389, 1, 33, 39, -1, 315, 262, 11.5, 22, MSpapaaaa, -172, 27918, 14294, 512, , 27918, 25000, 28773, 28929, 0, 
390, 0, 142, -1, -1, 316, 226, 26.9, 23, , 195, 1196, 14698, 496, , 29633, 25000, 28438, 28437, 0, 
391, 1, 12, 25, -1, 375, 340, 13.8, 31, Earaa, 249, 28204, 41290, 1464, , 28204, 25000, 29668, 29759, 0, 
392, 1, 178, 491, -1, 297, 140, 20.4, 24, ABplpaaaaap, 221, 28343, 19840, 700, , 28343, 25000, 28247, 27937, 0, 
393, 1, 304, 138, -1, 543, 258, 23.6, 28, Capapap, 258, 29397, 29044, 988, , 29397, 25000, 29150, 29135, 0, 
394, 1, 139, 381, -1, 514, 201, 14.7, 24, ABprpappppp, 179, 28875, 20328, 704, , 28875, 25000, 29584, 29803, 0, 
395, 1, 357, 273, -1, 226, 275, 5.6, 23, ABpraaaapava, 190, 40638, 26008, 640, , 40638, 25000, 37962, 38169, 0, 
396, 0, 341, -1, -1, 307, 263, 16.0, 22, , 155, 1565, 11542, 384, , 30057, 25000, 28387, 28492, 0, 
397, 1, 350, 270, -1, 244, 263, 20.3, 22, ABalpaaapaa, 151, 26439, 13854, 524, , 26439, 25000, 27971, 28130, 0, 
398, 1, 157, 276, -1, 282, 206, 5.9, 26, ABprpaapppa, 197, 38875, 31100, 800, , 38875, 25000, 37017, 37620, 0, 
399, 1, 315, 430, -1, 534, 134, 18.6, 25, ABplapapppp, 289, 27222, 22649, 832, , 27222, 25000, 28341, 28315, 0, 
400, 1, 310, 279, -1, 160, 250, 24.9, 23, ABplaaaaappa, -25, 28550, 14161, 496, , 28550, 25000, 28679, 28517, 0, 
401, 1, 297, 84, -1, 282, 331, 13.2, 22, ABaraaapapp, 121, 28968, 14368, 496, , 28968, 25000, 28036, 28070, 0, 
402, 1, 155, 453, -1, 409, 255, 21.5, 25, Capaaaa, 19, 28618, 21979, 768, , 28618, 25000, 28742, 28835, 0, 
403, 1, 420, 494, -1, 192, 175, 18.9, 21, ABalaaaalpa, 37, 27422, 9543, 348, , 27422, 25000, 28702, 28766, 0, 
404, 1, 370, 315, -1, 305, 322, 12.0, 23, ABaraapppaa, 211, 27678, 14171, 512, , 27678, 25000, 28413, 28517, 0, 
405, 1, 34, 293, -1, 535, 207, 6.7, 20, ABprapppaaa, 173, 34658, 12754, 368, , 34658, 25000, 33263, 32901, 0, 
406, 1, 20, 210, -1, 583, 330, 15.3, 27, Cppppaa, 205, 28926, 26728, 924, , 28926, 25000, 28564, 28572, 0, 
407, 1, 527, 27, -1, 360, 294, 18.4, 22, MSaapaapp, 208, 28780, 16462, 572, , 28780, 25000, 29924, 29283, 0, 
408, 0, 265, -1, -1, 285, 278, 11.3, 22, , 374, 140, 15135, 524, , 28884, 25000, 28746, 28744, 0, 
409, 1, 288, 168, -1, 291, 345, 17.7, 22, Nuc232_18_293_339, 176, 27256, 14282, 524, , 27256, 25000, 29430, 29563, 0, 
410, 1, 435, 90, -1, 136, 208, 20.3, 24, ABplaapaaap, 170, 28219, 19866, 704, , 28219, 25000, 28533, 28595, 0, 
411, 1, 148, 256, -1, 565, 180, 9.8, 24, ABprapapppp, 239, 26991, 17706, 656, , 26991, 25000, 28356, 28493, 0, 
412, 1, 422, 375, -1, 432, 171, 14.5, 24, ABplpppaaaa, 195, 29716, 22822, 768, , 29716, 25000, 28242, 28296, 0, 
413, 1, 279, 56, -1, 284, 130, 15.1, 25, ABplpaapppp, 200, 26972, 18557, 688, , 26972, 25000, 28793, 28974, 0, 
414, 1, 162, 483, -1, 214, 309, 5.2, 24, ABpraaappppa, 229, 42957, 28180, 656, , 42957, 25000, 40862, 40917, 0, 
415, 1, 191, -1, -1, 111, 263, 18.4, 22, ABarpapapa, 168, 27822, 15914, 572, , 27822, 25000, 28436, 28514, 0, 
416, 1, 499, 525, -1, 367, 305, 8.2, 23, MSpapppapa, 191, 30680, 16567, 540, , 30680, 25000, 30006, 29931, 0, 
417, 1, 90, 294, -1, 473, 177, 22.6, 27, ABplapapap, 271, 27456, 27127, 988, , 27456, 25000, 28182, 28171, 0, 
418, 1, 469, 475, -1, 187, 239, 23.5, 22, ABalapapppa, 166, 26838, 13741, 512, , 26838, 25000, 28421, 28405, 0, 
419, 1, 158, 221, -1, 214, 137, 13.5, 26, ABalppapapp, 233, 27497, 24637, 896, , 27497, 25000, 28521, 28571, 0, 
420, 0, 397, -1, -1, 509, 108, 18.5, 22, , 178, 2027, 15392, 512, , 30063, 25000, 28058, 28036, 0, 
421, 1, 172, 343, -1, 199, 210, 27.1, 30, ABplaaappa, 279, 29490, 39988, 1356, , 29490, 25000, 29859, 29895, 0, 
422, 1, 174, 486, -1, 306, 239, 13.7, 22, ABalpappppap, 163, 29622, 15522, 524, , 29622, 25000, 27736, 27859, 0, 
423, 1, 16, 188, -1, 222, 363, 12.1, 23, ABarpppaaa, 66, 27696, 13737, 496, , 27696, 25000, 27601, 27579, 0, 
424, 0, 442, -1, -1, 548, 167, 7.0, 22, , 203, 497, 12886, 384, , 33557, 25000, 32607, 33060, 0, 
425, 1, 447, 472, -1, 590, 206, 9.9, 26, Caappd, 229, 26463, 21170, 800, , 26463, 25000, 28662, 28673, 0, 
426, 1, 347, 371, -1, 241, 199, 9.4, 23, ABarapppppp, 213, 28572, 18286, 640, , 28572, 25000, 27563, 27695, 0, 
427, 1, 268, 128, -1, 182, 208, 21.5, 22, Nuc233_21_168_193, 118, 29361, 15033, 512, , 29361, 25000, 28977, 28908, 0, 
428, 1, 309, 439, -1, 285, 254, 22.5, 23, ABalpaapapp, 105, 30903, 19531, 632, , 30903, 25000, 28313, 28269, 0, 
429, 1, 389, 337, -1, 180, 278, 14.0, 23, ABalaapaaal, 233, 28400, 14541, 512, , 28400, 25000, 28744, 28841, 0, 
430, 1, 396, 344, -1, 310, 401, 13.4, 28, ABarppaapa, -58, 28514, 28172, 988, , 28514, 25000, 28089, 27957, 0, 
431, 1, 113, 449, -1, 122, 213, 17.9, 22, ABalaaaarlaa, -45, 28015, 12999, 464, , 28015, 25000, 27621, 27615, 0, 
432, 1, 55, 41, -1, 249, 236, 27.4, 34, ABplaaappp, 338, 29922, 53261, 1780, , 29922, 25000, 29379, 29420, 0, 
433, 1, 39, 277, -1, 423, 287, 9.3, 22, MSpappppa, 23, 28712, 15045, 524, , 28712, 25000, 29480, 29326, 0, 
434, 1, 140, 225, -1, 601, 267, 14.7, 26, Cppppap, 261, 27178, 23264, 856, , 27178, 25000, 28682, 28691, 0, 
435, 1, 49, -1, -1, 510, 173, 6.8, 24, ABprpppapaa, 198, 36578, 23995, 656, , 36578, 25000, 33987, 34655, 0, 
436, 1, 97, 79, -1, 561, 278, 18.6, 32, Eplap, 320, 28051, 41627, 1484, , 28051, 25000, 29722, 29738, 0, 
437, 1, 232, 8, -1, 242, 191, 22.4, 24, ABplpaapaaa, 233, 28744, 20121, 700, , 28744, 25000, 28156, 28237, 0, 
438, 1, 386, 278, -1, 224, 233, 7.9, 23, ABprpaaappa, 181, 29736, 14749, 496, , 29736, 25000, 29875, 30060, 0, 
439, 1, 10, 289, -1, 451, 133, 13.9, 24, ABplappppa, 219, 26972, 16291, 604, , 26972, 25000, 28705, 28658, 0, 
440, 1, 244, 301, -1, 281, 167, 21.4, 22, ABalpppppaa, -57, 28997, 16586, 572, , 28997, 25000, 28893, 29086, 0, 
441, 0, 388, -1, -1, 247, 183, 24.7, 22, , 199, 1748, 15911, 524, , 30365, 25000, 28469, 28617, 0, 
442, 1, 239, 257, -1, 550, 340, 11.7, 26, Cppapap, 264, 27164, 23252, 856, , 27164, 25000, 28616, 28581, 0, 
443, 1, 404, 49, -1, 382, 280, 15.0, 23, Nuc233_15_386_313a, 166, 28422, 14552, 512, , 28422, 25000, 30431, 30550, 0, 
444, 1, 216, 415, -1, 463, 224, 10.3, 22, ABprppapppp, 198, 28508, 14938, 524, , 28508, 25000, 28623, 28595, 0, 
445, 1, 285, 396, -1, 217, 212, 5.7, 25, ABprpaaapap, 199, 40681, 31080, 764, , 40681, 25000, 40903, 40674, 0, 
446, 1, 47, 232, -1, 483, 175, 9.6, 24, ABprppppapp, 225, 28611, 20028, 700, , 28611, 25000, 29563, 29640, 0, 
447, 1, 249, 125, -1, 203, 319, 14.2, 24, MSppaaap, 244, 27998, 18367, 656, , 27998, 25000, 28380, 28212, 0, 
448, 1, 18, 407, -1, 603, 248, 11.6, 27, Cpappd, 257, 26835, 26513, 988, , 26835, 25000, 28087, 28017, 0, 
449, 1, 109, 1, -1, 548, 308, 15.8, 30, Eprap, 284, 29377, 38777, 1320, , 29377, 25000, 30142, 30132, 0, 
450, 1, 393, 463, -1, 272, 130, 17.7, 22, Nuc232_18_279_141, 127, 29899, 15667, 524, , 29899, 25000, 28471, 28680, 0, 
451, 1, 66, 36, -1, 161, 221, 23.7, 23, ABalapapppp, 157, 28782, 17039, 592, , 28782, 25000, 28467, 28343, 0, 
452, 0, 401, -1, -1, 475, 280, 11.2, 22, , 154, -871, 13627, 496, , 27474, 25000, 28450, 28345, 0, 
453, 1, 450, 469, -1, 244, 160, 21.9, 22, ABalapaapaa, 200, 27694, 12850, 464, , 27694, 25000, 28297, 28240, 0, 
454, 1, 526, 164, -1, 234, 177, 15.4, 23, ABplpaaapaa, 267, 27994, 17916, 640, , 27994, 25000, 28688, 29259, 0, 
455, 1, 22, 229, -1, 507, 313, 25.2, 25, Capapaa, 250, 29151, 20522, 704, , 29151, 25000, 28444, 28463, 0, 
456, 1, 343, 87, -1, 347, 356, 19.4, 30, MSpaaapap, 254, 27183, 31424, 1156, , 27183, 25000, 28323, 28430, 0, 
457, 1, 452, 192, -1, 246, 387, 13.8, 26, ABarpaappp, 256, 27469, 21865, 796, , 27469, 25000, 27892, 27829, 0, 
458, 1, 217, 40, -1, 238, 285, 14.4, 22, ABaraaaaapp, 154, 29072, 16629, 572, , 29072, 25000, 27210, 26924, 0, 
459, 1, 188, 490, -1, 153, 227, 9.3, 21, ABalaaapprr, 153, 28604, 13501, 472, , 28604, 25000, 28825, 29036, 0, 
460, 1, 245, 492, -1, 203, 181, 16.9, 22, Nuc233_17_217_169a, 149, 26875, 12470, 464, , 26875, 25000, 28061, 28576, 0, 
461, 1, 133, 438, -1, 275, 188, 16.4, 23, MSapaaaa, 174, 28453, 18210, 640, , 28453, 25000, 28321, 28276, 0, 
462, 1, 206, 387, -1, 334, 302, 4.9, 26, ABpraapppp, 266, 37670, 30136, 800, , 37670, 25000, 36615, 36631, 0, 
463, 1, 412, 204, -1, 467, 182, 14.1, 22, ABplpapppaa, 96, 26830, 12449, 464, , 26830, 25000, 29030, 29298, 0, 
464, 1, 440, 31, -1, 472, 276, 7.8, 23, MSpappap, 258, 28570, 15428, 540, , 28570, 25000, 30355, 30367, 0, 
465, 1, 183, 435, -1, 361, 232, 10.0, 22, ABprpapppap, 201, 27732, 10649, 384, , 27732, 25000, 29565, 29619, 0, 
466, 0, 46, -1, -1, 152, 294, 22.3, 22, , 152, 1496, 15831, 524, , 30212, 25000, 28597, 28716, 0, 
467, 1, 119, 409, -1, 341, 264, 11.5, 23, MSpapaaap, 187, 30078, 19009, 632, , 30078, 25000, 30504, 30132, 0, 
468, 1, 99, 255, -1, 174, 316, 14.2, 24, ABalappapapa, 20, 28073, 18416, 656, , 28073, 25000, 28583, 28495, 0, 
469, 1, 114, 170, -1, 282, 214, 17.7, 24, ABalpaaaaap, 176, 27699, 19500, 704, , 27699, 25000, 28637, 28627, 0, 
470, 1, 91, 304, -1, 157, 205, 11.0, 19, ABalaapaapp, 248, 27342, 8640, 316, , 27342, 25000, 28131, 28129, 0, 
471, 1, 263, 184, -1, 478, 212, 12.6, 22, ABplpappppa, 198, 28023, 16029, 572, , 28023, 25000, 28335, 28565, 0, 
472, 1, 26, 385, -1, 173, 196, 25.0, 22, Nuc240_25_172_195, 154, 26878, 10321, 384, , 26878, 25000, 28486, 28505, 0, 
473, 1, 485, 321, -1, 396, 317, 13.8, 22, Nuc233_15_386_313pa, 194, 28810, 14290, 496, , 28810, 25000, 29361, 29621, 0, 
474, 1, 497, 370, -1, 213, 179, 10.7, 22, Nuc233_10_181_181, 24, 31055, 16273, 524, , 31055, 25000, 28762, 28809, 0, 
475, 1, 246, 305, -1, 215, 183, 25.0, 25, ABplaapaapp, 117, 29661, 22661, 764, , 29661, 25000, 28712, 28666, 0, 
476, 1, 462, 393, -1, 217, 367, 17.8, 23, MSpppppa, -28, 28900, 15606, 540, , 28900, 25000, 27486, 27402, 0, 
477, 1, 481, 462, -1, 334, 185, 12.2, 22, Nuc233_12_331_178, 35, 28484, 14128, 496, , 28484, 25000, 28793, 29108, 0, 
478, 1, 501, -1, -1, 249, 204, 25.2, 23, ABalppppaada, 111, 27791, 15007, 540, , 27791, 25000, 29448, 29493, 0, 
479, 1, 84, 512, -1, 187, 271, 24.2, 22, ABplaaaaappp, 79, 27415, 13598, 496, , 27415, 25000, 28700, 28714, 0, 
480, 1, 476, -1, -1, 235, 229, 18.5, 22, ABaraaaaaaa, -33, 28223, 14450, 512, , 28223, 25000, 27506, 27399, 0, 
481, 1, 353, 479, -1, 388, 253, 26.7, 27, ABarppapap, 162, 27133, 25071, 924, , 27133, 25000, 29148, 29044, 0, 
482, 1, 238, 383, -1, 212, 287, 24.9, 22, MSapappa, -48, 28534, 13240, 464, , 28534, 25000, 28896, 28838, 0, 
483, 1, 170, 260, -1, 217, 327, 24.7, 24, MSaaapaaa, 319, 26990, 19001, 704, , 26990, 25000, 28549, 28545, 0, 
484, 1, 495, 335, -1, 491, 138, 14.2, 22, Cappppv, -99, 29012, 14390, 496, , 29012, 25000, 28892, 28770, 0, 
485, 1, 466, 516, -1, 357, 240, 17.2, 23, MSaapaaap, 357, 30315, 16370, 540, , 30315, 25000, 30275, 30002, 0, 
486, 1, 500, 38, -1, 273, 204, 22.9, 22, ABalppppaadp, 273, 29034, 13472, 464, , 29034, 25000, 28110, 28068, 0, 
487, 1, 510, 67, -1, 243, 288, 8.1, 21, MSppapap, 156, 28822, 10030, 348, , 28822, 25000, 29195, 29444, 0, 
488, 1, 511, 332, -1, 277, 205, 8.9, 22, ABarappapaap, 223, 28496, 13222, 464, , 28496, 25000, 28682, 28731, 0, 
489, 1, 355, -1, -1, 218, 192, 21.8, 20, ABalapaappa, 218, 26851, 10633, 396, , 26851, 25000, 27861, 27969, 0, 
490, 1, 489, 473, -1, 264, 252, 13.6, 25, ABarapaaapa, 195, 29109, 24219, 832, , 29109, 25000, 28247, 28221, 0, 
491, 1, 502, 457, -1, 205, 228, 9.8, 19, ABarappppap, 294, 29497, 8495, 288, , 29497, 25000, 28787, 28733, 0, 
492, 1, 94, -1, -1, 505, 157, 23.4, 25, ABarppappp, -22, 27065, 22518, 832, , 27065, 25000, 28741, 28754, 0, 
493, 1, 363, 376, -1, 406, 223, 12.0, 22, ABprpaaaappp, 482, 29307, 11254, 384, , 29307, 25000, 27792, 27947, 0, 
494, 1, 321, 324, -1, 354, 196, 15.0, 21, MSaapppaa, 274, 30445, 11691, 384, , 30445, 25000, 28486, 28857, 0, 
495, 1, 516, 445, -1, 490, 136, 20.8, 25, ABplapppaaa, 147, 27334, 19243, 704, , 27334, 25000, 28226, 28237, 0, 
496, 1, 184, 176, -1, 330, 349, 9.6, 22, MSppapaa, 96, 27629, 15804, 572, , 27629, 25000, 28039, 28077, 0, 
497, 1, 419, 64, -1, 335, 247, 7.0, 25, ABprapaapaap, 186, 30842, 23563, 764, , 30842, 25000, 33279, 33920, 0, 
498, 1, 515, 185, -1, 354, 164, 13.2, 22, ABplpapappaa, 194, 28702, 14236, 496, , 28702, 25000, 29218, 29230, 0, 
499, 1, 308, 166, -1, 228, 368, 14.5, 25, MSppppap, 29, 28017, 21517, 768, , 28017, 25000, 28083, 28113, 0, 
500, 1, 487, 303, -1, 325, 297, 21.9, 21, ABaraapapapp, -295, 25986, 9043, 348, , 25986, 25000, 28106, 27868, 0, 
501, 1, 337, 322, -1, 185, 295, 11.7, 21, ABalappapapp, -226, 28682, 13538, 472, , 28682, 25000, 28278, 28229, 0, 
502, 1, 472, 421, -1, 164, 228, 11.0, 20, ABalaapaapa, 148, 29522, 9329, 316, , 29522, 25000, 28456, 28580, 0, 
503, 1, 484, -1, -1, 314, 196, 13.4, 21, Nuc238_14_309_204, 298, 30685, 16079, 524, , 30685, 25000, 28968, 29306, 0, 
504, 0, 449, -1, -1, 201, 249, 25.9, 21, , 174, -756, 9949, 348, , 28589, 25000, 29026, 29345, 0, 
505, 1, 147, 416, -1, 239, 124, 17.3, 25, ABplpaapappa, 315, 28046, 21427, 764, , 28046, 25000, 28138, 27848, 0, 
506, 1, 513, 95, 96, 192, 162, 12.4, 28, ABalpapaaap, 227, 28896, 28549, 988, , 28896, 25000, 28919, 28703, 0, 
507, 1, 514, 175, -1, 289, 242, 9.3, 24, Nuc234_9_299_244, 94, 27831, 19593, 704, , 27831, 25000, 29359, 29394, 0, 
508, 1, 533, 287, -1, 244, 357, 22.0, 22, MSappaaa, -24, 49148, 18873, 384, , 49148, 25000, 34850, 35178, 0, 
509, 1, 477, 398, -1, 346, 241, 24.3, 23, MSapapaa, 212, 27346, 16189, 592, , 27346, 25000, 28306, 28127, 0, 
510, 1, 504, 431, -1, 291, 298, 13.9, 21, ABarapaapppp, 90, 28897, 10056, 348, , 28897, 25000, 27605, 27578, 0, 
511, 1, 146, 433, -1, 254, 171, 11.6, 22, ABalppapppap, 150, 29115, 16654, 572, , 29115, 25000, 27258, 27358, 0, 
512, 1, 443, 460, -1, 551, 207, 25.2, 38, Cpapap, 385, 28291, 75028, 2652, , 28291, 25000, 28526, 28588, 0, 
513, 1, 464, 476, -1, 226, 268, 18.5, 22, ABaraaaaaapa, 149, 27799, 14233, 512, , 27799, 25000, 28023, 27721, 0, 
514, 1, 517, 498, -1, 170, 161, 18.7, 22, ABalaaapall, 87, 27994, 14669, 524, , 27994, 25000, 27890, 27950, 0, 
515, 1, 518, 499, -1, 445, 400, 14.0, 23, Dppppp, 229, 29350, 15027, 512, , 29350, 25000, 28714, 28796, 0, 
516, 1, 519, 500, -1, 124, 237, 17.3, 22, ABarpaaaaarp, -53, 30798, 16138, 524, , 30798, 25000, 29629, 29700, 0, 
517, 1, 427, 501, -1, 570, 318, 10.1, 28, Caaapp, 124, 27636, 30068, 1088, , 27636, 25000, 28888, 28893, 0, 
518, 1, 519, 502, -1, 102, 249, 17.5, 20, ABarpaaaaara, 130, 26474, 11013, 416, , 26474, 25000, 28068, 28273, 0, 
519, 1, 520, 504, -1, 271, 302, 6.6, 22, Nuc234_7_273_303, 146, 34883, 19953, 572, , 34883, 25000, 34831, 33984, 0, 
520, 1, 503, 505, -1, 324, 174, 18.0, 22, MSappapp, 7, 27992, 10749, 384, , 27992, 25000, 29090, 29090, 0, 
521, 1, 521, 506, -1, 227, 298, 16.0, 23, ABaraaapaap, 43, 29109, 14904, 512, , 29109, 25000, 27765, 27805, 0, 
522, 1, 522, 507, -1, 329, 350, 14.9, 21, MSpaapapa, 214, 29497, 10265, 348, , 29497, 25000, 28234, 28290, 0, 
523, 1, 524, 508, -1, 315, 395, 15.8, 26, Dpppaa, 196, 27261, 21700, 796, , 27261, 25000, 28352, 28496, 0, 
524, 1, 525, 468, -1, 347, 325, 21.9, 22, MSaaapapa, 80, 28341, 13150, 464, , 28341, 25000, 28392, 28504, 0, 
525, 1, 301, 510, -1, 323, 191, 24.5, 22, ABplpaappapa, 222, 29512, 15110, 512, , 29512, 25000, 28995, 28565, 0, 
526, 1, 198, 351, -1, 376, 158, 19.05, 23, Nuc233_18_371_145, 229, 30183, 14005, 464, , 30183, 25000, 29016, 29313, 0, 
527, 1, 197, 159, -1, 367, 402, 15.85, 27, Dpppap, 195, 28960, 26296, 908, , 28960, 25000, 28330, 28437, 0, 
528, 1, 512, 513, -1, 212, 330, 19.033333, 21, MSaaaaapaa, 61, 27680, 8747, 316, , 27680, 25000, 27578, 27222, 0, 
529, 1, 528, 514, -1, 296, 280, 23.0, 22, MSaaapaap, 136, 26984, 10362, 384, , 26984, 25000, 28332, 28246, 0, 
530, 1, 529, 515, -1, 357, 255, 21.0, 24, MSaapaapa, 158, 30156, 18335, 608, , 30156, 25000, 30112, 30002, 0, 
531, 1, 530, 517, -1, 373, 262, 15.0, 22, MSaappaa, 98, 31904, 12251, 384, , 31904, 25000, 30750, 31096, 0, 
532, 1, 531, 518, -1, 409, 237, 19.0, 24, MSaappppa, 54, 27887, 16955, 608, , 27887, 25000, 28710, 28559, 0, 
533, 1, 532, 519, -1, 443, 250, 20.0, 22, MSaappppp, 171, 26734, 10266, 384, , 26734, 25000, 28054, 28433, 0, 
534, 1, 534, 520, -1, 492, 229, 21.0, 24, MSappaap, 207, 27934, 16984, 608, , 27934, 25000, 27605, 27790, 0, 
535, 1, 205, 521, -1, 286, 181, 25.0, 23, Nuc234_25_278_177, 166, 27420, 14039, 512, , 27420, 25000, 28274, 28186, 0, 
536, 1, 535, 522, -1, 223, 261, 23.0, 22, MSapaaap, 192, 27591, 10595, 384, , 27591, 25000, 27617, 27705, 0, 
537, 1, 536, 524, -1, 350, 356, 16.0, 23, MSpaapapp, 220, 26801, 13722, 512, , 26801, 25000, 28693, 28566, 0, 
538, 1, 537, 526, -1, 282, 297, 10.0, 22, MSppppaa, 578, 27974, 10742, 384, , 27974, 25000, 27546, 27554, 0, 
539, 1, 538, 527, -1, 493, 304, 9.0, 25, MSpppaap, 136, 27983, 21379, 764, , 27983, 25000, 29200, 29339, 0, 
540, 1, 539, 528, -1, 241, 321, 20.0, 22, MSaaaaapap, 128, 27211, 10449, 384, , 27211, 25000, 28987, 28987, 0, 
541, 1, 540, 530, -1, 387, 219, 18.0, 22, MSaapppap, 54, 26852, 10311, 384, , 26852, 25000, 29067, 28711, 0, 
542, 1, 132, 531, -1, 367, 266, 11.0, 22, MSpapapap, 194, 43583, 16736, 384, , 43583, 25000, 33455, 33621, 0, 
543, 1, 541, 532, -1, 337, 200, 14.0, 25, ABplpappaap, 260, 28021, 21408, 764, , 28021, 25000, 29583, 29618, 0, 
544, 1, 542, 533, -1, 226, 254, 14.0, 21, ABaraaaaapa, 171, 27547, 10578, 384, , 27547, 25000, 27647, 27479, 0, 
545, 1, 544, 534, -1, 173, 241, 20.0, 24, ABalapappaa, -6, 27819, 16914, 608, , 27819, 25000, 27873, 27957, 0, 
