1, 1, 449, 258, -1, 549, 307, 15.7, 29, Eprap, 295, 29788, 31814, 1068, , 29788, 25000, 30425, 30427, 0, 
2, 1, 25, 356, -1, 387, 162, 12.9, 24, ABplpapappap, 402, 29326, 17713, 604, , 29326, 25000, 27101, 27102, 0, 
3, 1, 9, 34, -1, 511, 132, 8.4, 24, Nuc233_8_515_139, 367, 32227, 22559, 700, , 32227, 25000, 30009, 30011, 0, 
4, 1, 110, 92, -1, 236, 139, 21.5, 24, ABalpppaaaa, 211, 27617, 21210, 768, , 27617, 25000, 28448, 28533, 0, 
5, 1, 123, 129, -1, 152, 220, 17.6, 22, ABalaaaarlap, 173, 27133, 15520, 572, , 27133, 25000, 28444, 29025, 0, 
6, 1, 367, 240, -1, 249, 214, 14.3, 23, ABarapapapa, 206, 28348, 16782, 592, , 28348, 25000, 27825, 27858, 0, 
7, 1, 259, 3, -1, 214, 257, 10.2, 23, ABarappppaa, 45, 26972, 14565, 540, , 26972, 25000, 28650, 28644, 0, 
8, 1, 437, 105, -1, 248, 193, 22.5, 24, ABplpaapaaa, 229, 28624, 21983, 768, , 28624, 25000, 28815, 28903, 0, 
9, 1, 368, 96, -1, 387, 243, 11.2, 22, ABprppappaa, 203, 26452, 13120, 496, , 26452, 25000, 28941, 29086, 0, 
10, 1, 42, 98, -1, 297, 252, 15.6, 24, ABalpappppaa, 317, 30154, 21108, 700, , 30154, 25000, 28242, 28177, 0, 
11, 1, 274, 182, -1, 457, 316, 17.4, 31, Ealap, 319, 28697, 38224, 1332, , 28697, 25000, 29109, 28983, 0, 
12, 1, 93, 371, -1, 540, 312, 19.7, 32, Ealpp, 308, 28953, 45861, 1584, , 28953, 25000, 29666, 29745, 0, 
13, 1, 244, 138, -1, 282, 186, 22.4, 23, Nuc234_23_264_186, 93, 28753, 18402, 640, , 28753, 25000, 28435, 28659, 0, 
14, 1, 238, 23, -1, 373, 276, 24.4, 28, ABarppaapp, 259, 28547, 28204, 988, , 28547, 25000, 29140, 29130, 0, 
15, 1, 192, 37, -1, 288, 235, 24.3, 23, ABplaapappa, 215, 27657, 16373, 592, , 27657, 25000, 29010, 29054, 0, 
16, 1, 255, 16, -1, 428, 260, 10.2, 22, ABprppapapa, 199, 28478, 14125, 496, , 28478, 25000, 29300, 29328, 0, 
17, 1, 151, 119, -1, 555, 151, 9.1, 26, ABprappppp, 223, 28191, 22553, 800, , 28191, 25000, 28610, 28654, 0, 
18, 1, 357, 358, -1, 554, 209, 22.7, 27, Cappapa, -69, 27694, 25589, 924, , 27694, 25000, 28903, 28974, 0, 
19, 1, 361, 457, -1, 150, 252, 21.3, 29, ABplaaaaaaa, 270, 28494, 30432, 1068, , 28494, 25000, 28390, 28439, 0, 
20, 1, 297, 50, -1, 547, 306, 6.7, 28, ABprapapaa, 277, 33538, 35684, 1064, , 33538, 25000, 34791, 34816, 0, 
21, 1, 309, 132, -1, 209, 360, 9.5, 24, ABarpapppp, 210, 27422, 21060, 768, , 27422, 25000, 28069, 28149, 0, 
22, 1, 322, 324, -1, 324, 291, 9.7, 24, ABaraappppa, 55, 28601, 20135, 704, , 28601, 25000, 29126, 28997, 0, 
23, 1, 124, 399, -1, 527, 339, 16.5, 29, Earpp, 284, 29410, 31763, 1080, , 29410, 25000, 30339, 30362, 0, 
24, 1, 303, 353, -1, 506, 209, 21.8, 24, Capaapp, 19, 28534, 18718, 656, , 28534, 25000, 28135, 28053, 0, 
25, 1, 391, 161, -1, 381, 341, 14.1, 33, Earaa, 329, 29102, 50521, 1736, , 29102, 25000, 29160, 29173, 0, 
26, 0, 289, -1, -1, 267, 325, 17.7, 23, , 200, 1736, 18454, 592, , 31172, 25000, 29397, 29436, 0, 
27, 1, 407, 193, -1, 365, 296, 18.5, 22, MSaapaapp, 201, 32838, 16813, 512, , 32838, 25000, 30278, 29893, 0, 
28, 1, 70, 425, -1, 193, 241, 11.5, 23, ABarapppaaa, 268, 28500, 18012, 632, , 28500, 25000, 28632, 28626, 0, 
29, 1, 96, 110, -1, 477, 163, 12.2, 23, ABplppppapp, 34, 27106, 14637, 540, , 27106, 25000, 28571, 28418, 0, 
30, 1, 148, 89, -1, 249, 259, 13.9, 24, ABarapaaaaa, 71, 27753, 16763, 604, , 27753, 25000, 28260, 28477, 0, 
31, 1, 464, 118, -1, 476, 274, 8.0, 23, MSpappap, 232, 27951, 14311, 512, , 27951, 25000, 30827, 30850, 0, 
32, 1, 304, 61, -1, 404, 265, 10.4, 27, ABprppappap, -170, 28072, 27735, 988, , 28072, 25000, 29075, 29121, 0, 
33, 1, 348, 175, -1, 327, 185, 26.5, 30, ABalppppppap, 304, 28905, 35611, 1232, , 28905, 25000, 29167, 29213, 0, 
34, 1, 280, 350, -1, 234, 186, 12.5, 23, ABarappaapa, 205, 29554, 18678, 632, , 29554, 25000, 29516, 29495, 0, 
35, 1, 111, 153, -1, 309, 146, 22.4, 24, ABplpaapaap, 223, 28369, 19858, 700, , 28369, 25000, 28695, 28696, 0, 
36, 1, 451, 228, -1, 166, 217, 23.0, 23, ABalapapppp, 181, 27291, 13973, 512, , 27291, 25000, 28274, 27711, 0, 
37, 1, 140, 203, -1, 313, 214, 8.7, 22, ABprpapapap, 190, 29111, 15254, 524, , 29111, 25000, 30070, 30046, 0, 
38, 1, 486, 397, -1, 282, 206, 22.9, 20, ABalppppaadp, 122, 29316, 9264, 316, , 29316, 25000, 28661, 28618, 0, 
39, 1, 389, 154, -1, 316, 264, 11.5, 22, MSpapaaaa, 186, 29045, 14871, 512, , 29045, 25000, 29699, 29786, 0, 
40, 1, 458, 189, -1, 245, 288, 14.9, 21, ABaraaaaapp, 166, 28175, 9805, 348, , 28175, 25000, 27524, 27627, 0, 
41, 1, 432, 320, -1, 250, 236, 27.1, 32, ABplaaappp, 329, 27705, 43663, 1576, , 27705, 25000, 28484, 28515, 0, 
42, 0, 390, -1, -1, 316, 223, 26.9, 23, , -83, 756, 14907, 496, , 30054, 25000, 29304, 29298, 0, 
43, 1, 174, 201, -1, 217, 221, 12.4, 27, ABarappaaaa, -58, 28254, 27915, 988, , 28254, 25000, 28782, 28978, 0, 
44, 1, 126, 217, -1, 465, 210, 22.7, 26, ABplappapp, 260, 27384, 23441, 856, , 27384, 25000, 27723, 27713, 0, 
45, 1, 108, 367, -1, 144, 242, 23.4, 23, ABarpaaaapp, 44, 30808, 19717, 640, , 30808, 25000, 28352, 28282, 0, 
46, 1, 102, 411, -1, 511, 205, 11.3, 22, ABprppppaap, 228, 28475, 14921, 524, , 28475, 25000, 29101, 29181, 0, 
47, 1, 59, 440, -1, 485, 180, 15.9, 22, ABplppppaaa, 207, 28599, 13270, 464, , 28599, 25000, 28786, 28836, 0, 
48, 1, 292, 33, -1, 308, 261, 19.6, 23, ABalpaaappp, 206, 28525, 18256, 640, , 28525, 25000, 28568, 28709, 0, 
49, 1, 443, 442, -1, 385, 275, 15.3, 28, Nuc233_15_386_313a, 271, 28698, 30535, 1064, , 28698, 25000, 30724, 30701, 0, 
50, 1, 179, 322, -1, 259, 176, 9.3, 23, ABarapppapa, -64, 26936, 15946, 592, , 26936, 25000, 28940, 29040, 0, 
51, 1, 203, 27, -1, 384, 301, 12.2, 23, MSpapappp, 182, 29017, 15669, 540, , 29017, 25000, 30979, 31402, 0, 
52, 0, 80, -1, -1, 370, 269, 11.3, 22, , 184, 17513, 26160, 524, , 49924, 25000, 32320, 32411, 0, 
53, 1, 48, 269, -1, 279, 294, 20.9, 25, Nuc240_22_275_291p, 218, 29539, 20323, 688, , 29539, 25000, 29205, 29242, 0, 
54, 1, 55, 10, -1, 325, 347, 21.1, 22, MSpaaapaa, 180, 28836, 13380, 464, , 28836, 25000, 28159, 28259, 0, 
55, 1, 84, 174, -1, 310, 195, 22.6, 22, ABalpppppap, 195, 29953, 17133, 572, , 29953, 25000, 27767, 27802, 0, 
56, 1, 413, 1, -1, 284, 129, 15.2, 25, ABplpaapppp, 248, 28639, 20162, 704, , 28639, 25000, 28776, 28569, 0, 
57, 1, 319, 210, -1, 491, 209, 17.6, 23, ABplpppppaa, 230, 28413, 18184, 640, , 28413, 25000, 29354, 29436, 0, 
58, 1, 332, 88, -1, 183, 229, 6.1, 24, ABpraaaapad, 218, 37179, 22456, 604, , 37179, 25000, 41070, 42284, 0, 
59, 1, 104, 62, -1, 519, 184, 7.4, 27, ABprpppaapp, 266, 30406, 30041, 988, , 30406, 25000, 32661, 32413, 0, 
60, 1, 32, 136, -1, 211, 295, 9.8, 22, ABprpaapaaa, -14, 28216, 13995, 496, , 28216, 25000, 28348, 28323, 0, 
61, 1, 335, 86, -1, 559, 210, 6.5, 23, ABprapppaap, -143, 33416, 21119, 632, , 33416, 25000, 35746, 35796, 0, 
62, 1, 359, 179, -1, 358, 282, 13.2, 22, MSpapapaa, 210, 56720, 28133, 496, , 56720, 25000, 34229, 34163, 0, 
63, 1, 119, 392, -1, 337, 252, 14.3, 25, ABarapapppa, 208, 27224, 20799, 764, , 27224, 25000, 28066, 28125, 0, 
64, 1, 497, 69, -1, 334, 249, 7.7, 22, ABprapaapaap, 157, 29952, 15695, 524, , 29952, 25000, 30370, 30767, 0, 
65, 0, 209, -1, -1, 273, 305, 15.0, 25, , 15, -488, 20948, 764, , 27419, 25000, 27914, 27907, 0, 
66, 1, 1, 249, -1, 151, 332, 21.4, 25, ABarpapapp, 254, 27365, 22768, 832, , 27365, 25000, 28357, 28346, 0, 
67, 1, 487, 445, -1, 249, 287, 8.0, 20, MSppapap, 120, 29158, 9214, 316, , 29158, 25000, 28474, 28653, 0, 
68, 1, 302, 108, -1, 309, 123, 19.4, 25, ABplppaaaaa, 220, 28234, 23491, 832, , 28234, 25000, 28673, 29000, 0, 
69, 1, 35, 410, -1, 477, 139, 16.3, 23, ABplpppapaa, 170, 28074, 16620, 592, , 28074, 25000, 29265, 29343, 0, 
70, 1, 194, 337, -1, 244, 169, 19.8, 28, ABplpaaaaaa, 83, 27132, 28543, 1052, , 27132, 25000, 28429, 28486, 0, 
71, 1, 77, 211, -1, 151, 181, 21.8, 24, Nuc234_23_148_189, 176, 28157, 18471, 656, , 28157, 25000, 28203, 28035, 0, 
72, 1, 171, 113, -1, 324, 168, 10.3, 24, ABplpaaaapa, 312, 27690, 19494, 704, , 27690, 25000, 28822, 29154, 0, 
73, 1, 225, 298, -1, 446, 244, 23.4, 24, ABplappaap, 237, 27926, 19548, 700, , 27926, 25000, 27882, 27866, 0, 
74, 1, 378, 420, -1, 318, 136, 15.8, 23, ABplpaapppa, 194, 26230, 14164, 540, , 26230, 25000, 28282, 28519, 0, 
75, 1, 299, 172, -1, 306, 221, 5.8, 23, ABprppaapap, 203, 41339, 22323, 540, , 41339, 25000, 36887, 36294, 0, 
76, 1, 75, 412, -1, 270, 345, 10.4, 23, ABpraapappa, 226, 28466, 18218, 640, , 28466, 25000, 29283, 29237, 0, 
77, 1, 27, 156, -1, 295, 167, 7.4, 24, ABarappapap, 204, 29534, 20674, 700, , 29534, 25000, 32996, 33063, 0, 
78, 1, 67, 53, -1, 223, 300, 20.3, 27, ABaraapaaap, 18, 28694, 26513, 924, , 28694, 25000, 27901, 27881, 0, 
79, 1, 436, 304, -1, 561, 276, 18.6, 31, Eplap, 313, 28676, 38197, 1332, , 28676, 25000, 29350, 29460, 0, 
80, 1, 74, 146, -1, 277, 249, 12.9, 24, ABarapaaaap, 95, 29487, 17810, 604, , 29487, 25000, 28836, 28744, 0, 
81, 1, 139, 178, -1, 578, 242, 11.2, 26, Cpppapp, 223, 28869, 22980, 796, , 28869, 25000, 29258, 29372, 0, 
82, 0, 101, -1, -1, 486, 135, 22.7, 22, , 182, -929, 14150, 524, , 27004, 25000, 28219, 27933, 0, 
83, 1, 2, 401, 512, 412, 267, 18.9, 25, Ealaav, 251, 30818, 21203, 688, , 30818, 25000, 28771, 28958, 0, 
84, 1, 401, 152, -1, 285, 332, 13.2, 22, ABaraaapapp, 191, 28258, 14016, 496, , 28258, 25000, 28615, 28535, 0, 
85, 1, 8, 474, -1, 211, 231, 16.4, 24, ABalpaappaap, -114, 27334, 19134, 700, , 27334, 25000, 28754, 29023, 0, 
86, 1, 234, 274, -1, 306, 180, 13.8, 22, Nuc232_13_303_173, 173, 27758, 13768, 496, , 27758, 25000, 27880, 27911, 0, 
87, 1, 456, 330, -1, 351, 353, 19.4, 31, MSpaaapap, 240, 27319, 36389, 1332, , 27319, 25000, 28523, 28587, 0, 
88, 1, 271, 307, -1, 566, 170, 13.3, 24, Cpppppd, 242, 28474, 20046, 704, , 28474, 25000, 29201, 29201, 0, 
89, 1, 24, 115, -1, 134, 223, 15.4, 27, ABpraapaaaa, 194, 27455, 27126, 988, , 27455, 25000, 28019, 27650, 0, 
90, 1, 410, 237, -1, 137, 205, 20.3, 26, ABplaapaaap, 190, 28060, 24019, 856, , 28060, 25000, 27843, 27915, 0, 
91, 1, 45, 482, -1, 337, 137, 14.1, 24, ABalpapapppp, 198, 27568, 16651, 604, , 27568, 25000, 27607, 27654, 0, 
92, 1, 284, 94, -1, 289, 305, 5.4, 23, ABprpaappap, 214, 38550, 24672, 640, , 38550, 25000, 36246, 36301, 0, 
93, 1, 263, 435, -1, 470, 136, 9.3, 27, Nuc233_9_472_143, 277, 28264, 26116, 924, , 28264, 25000, 27822, 27808, 0, 
94, 1, 296, 103, -1, 487, 160, 6.5, 25, ABprappppa, 241, 34189, 26257, 768, , 34189, 25000, 35638, 35801, 0, 
95, 1, 506, 404, -1, 197, 165, 13.2, 27, ABalpapaaapa, 101, 29097, 25256, 868, , 29097, 25000, 29358, 29548, 0, 
96, 1, 506, 123, -1, 206, 178, 11.0, 22, ABalpapaaapp, 169, 31917, 12256, 384, , 31917, 25000, 29777, 30236, 0, 
97, 1, 351, 427, -1, 498, 154, 18.5, 24, ABplpppaapa, 241, 27020, 20751, 768, , 27020, 25000, 28511, 28468, 0, 
98, 1, 76, 417, -1, 209, 253, 7.2, 22, ABprpaaaaaa, -48, 30575, 15165, 496, , 30575, 25000, 33451, 33685, 0, 
99, 1, 118, 248, -1, 263, 354, 17.4, 23, MSpaaaapp, 205, 28375, 18160, 640, , 28375, 25000, 28944, 28913, 0, 
100, 0, 408, -1, -1, 289, 278, 11.4, 22, , 61, 465, 16901, 572, , 29547, 25000, 28878, 29082, 0, 
101, 1, 143, 470, -1, 317, 201, 11.6, 25, ABprpappapa, 191, 27650, 23005, 832, , 27650, 25000, 28403, 28532, 0, 
102, 1, 64, -1, -1, 141, 198, 17.0, 21, ABalaaaparr, 139, 28232, 10841, 384, , 28232, 25000, 27166, 27053, 0, 
103, 1, 235, 209, -1, 150, 235, 13.3, 26, ABalaaapplr, 198, 29266, 25052, 856, , 29266, 25000, 28239, 28242, 0, 
104, 1, 129, 387, -1, 308, 317, 22.4, 25, ABaraapaapp, 253, 28363, 23598, 832, , 28363, 25000, 28131, 28173, 0, 
105, 1, 29, 504, -1, 494, 298, 11.2, 25, Z2, 226, 26963, 18982, 704, , 26963, 25000, 28464, 28461, 0, 
106, 1, 241, 321, -1, 322, 272, 21.8, 26, ABaraapapaa, 261, 26381, 20999, 796, , 26381, 25000, 29019, 29212, 0, 
107, 1, 267, 501, -1, 312, 173, 21.9, 22, ABplpaappaa, -365, 27797, 12898, 464, , 27797, 25000, 29296, 29212, 0, 
108, 1, 169, 43, -1, 540, 176, 21.0, 26, Cappapp, 264, 29254, 24924, 852, , 29254, 25000, 28763, 28741, 0, 
109, 1, 321, 447, -1, 179, 240, 18.4, 24, ABalaaaarlp, 218, 27873, 19511, 700, , 27873, 25000, 28473, 28434, 0, 
110, 0, 85, -1, -1, 325, 157, 6.9, 23, , 318, 364, 18119, 496, , 36530, 25000, 35370, 36166, 0, 
111, 1, 107, 227, -1, 327, 207, 21.9, 23, ABplaapapaa, 721, 29010, 14389, 496, , 29010, 25000, 28482, 28253, 0, 
112, 1, 282, 458, -1, 413, 230, 22.4, 24, ABplappaaa, 160, 27597, 19318, 700, , 27597, 25000, 28578, 28587, 0, 
113, 1, 170, 52, -1, 243, 349, 8.5, 25, ABpraapappp, 245, 27316, 20979, 768, , 27316, 25000, 29488, 29460, 0, 
114, 1, 354, 202, -1, 299, 196, 10.0, 22, ABprpapaaaa, 73, 29828, 11454, 384, , 29828, 25000, 29071, 28871, 0, 
115, 1, 146, 76, -1, 590, 201, 21.2, 28, Capppap, -73, 28458, 29938, 1052, , 28458, 25000, 28811, 28819, 0, 
116, 1, 306, 164, -1, 500, 296, 5.8, 26, ABprappapp, 366, 37560, 29898, 796, , 37560, 25000, 36008, 36223, 0, 
117, 0, 466, -1, -1, 152, 289, 22.3, 22, , 161, 1130, 15903, 524, , 30349, 25000, 29128, 29219, 0, 
118, 1, 294, 184, -1, 326, 225, 11.0, 22, ABprpapapaa, 347, 29464, 11314, 384, , 29464, 25000, 28568, 28657, 0, 
119, 0, 195, -1, -1, 233, 301, 9.7, 22, , 193, -216, 14706, 524, , 28065, 25000, 28204, 28281, 0, 
120, 1, 217, 439, -1, 283, 231, 4.8, 22, Nuc234_7_277_240, 198, 36440, 18074, 496, , 36440, 25000, 38571, 38801, 0, 
121, 1, 311, 102, -1, 265, 145, 12.3, 23, ABalppapapa, 256, 28270, 16736, 592, , 28270, 25000, 28149, 28237, 0, 
122, 1, 185, 85, -1, 378, 245, 18.5, 22, MSaapapaa, 207, 44119, 22589, 512, , 44119, 25000, 30132, 30494, 0, 
123, 1, 190, 271, -1, 456, 142, 19.6, 26, ABplapappa, 239, 27477, 22861, 832, , 27477, 25000, 28540, 28566, 0, 
124, 1, 229, 99, -1, 246, 306, 4.9, 22, ABprpaaaaapa, 173, 41694, 19346, 464, , 41694, 25000, 39916, 39890, 0, 
125, 1, 447, 77, -1, 204, 319, 14.3, 24, MSppaaap, 424, 28047, 19745, 704, , 28047, 25000, 27882, 27802, 0, 
126, 1, 212, 243, -1, 449, 347, 24.2, 28, Cappaaa, 284, 27514, 28945, 1052, , 27514, 25000, 28875, 28875, 0, 
127, 1, 222, 471, -1, 355, 238, 27.1, 28, ABarppapaap, 278, 28531, 31042, 1088, , 28531, 25000, 29365, 29388, 0, 
128, 1, 427, 312, -1, 189, 210, 22.0, 22, Nuc233_21_168_193, 131, 28792, 11056, 384, , 28792, 25000, 28056, 28277, 0, 
129, 1, 92, 389, -1, 144, 324, 15.2, 22, ABarpapaaap, 191, 27921, 13849, 496, , 27921, 25000, 28071, 28067, 0, 
130, 1, 331, 287, -1, 203, 319, 8.8, 22, Nuc235_9_204_319, 192, 31337, 15543, 496, , 31337, 25000, 29617, 30016, 0, 
131, 1, 83, 499, -1, 218, 195, 16.0, 25, ABalpapaaaa, 283, 27763, 21211, 764, , 27763, 25000, 27649, 27625, 0, 
132, 0, 358, -1, -1, 86, 263, 15.8, 24, , 211, 2480, 19338, 656, , 29479, 25000, 26999, 26999, 0, 
133, 1, 216, 492, -1, 334, 173, 8.3, 25, ABprpaaaapa, 208, 29144, 22266, 764, , 29144, 25000, 28942, 29104, 0, 
134, 1, 247, 51, -1, 181, 256, 6.6, 22, ABpraaaaaaa, 194, 35642, 20387, 572, , 35642, 25000, 36413, 36730, 0, 
135, 1, 99, 310, -1, 447, 217, 10.8, 22, ABprppaappp, 177, 27718, 13748, 496, , 27718, 25000, 28359, 28334, 0, 
136, 1, 105, 363, -1, 482, 257, 23.2, 28, Capaapa, 255, 29235, 30755, 1052, , 29235, 25000, 28976, 28995, 0, 
137, 1, 144, 207, -1, 380, 201, 14.3, 24, ABplppappaa, 203, 28744, 20236, 704, , 28744, 25000, 28512, 28130, 0, 
138, 1, 393, 349, -1, 547, 257, 23.7, 28, Capapap, 249, 28250, 30058, 1064, , 28250, 25000, 28499, 28476, 0, 
139, 1, 291, 82, -1, 255, 246, 21.9, 23, ABaraaaaaapp, 234, 28524, 14148, 496, , 28524, 25000, 28987, 29001, 0, 
140, 1, 201, 432, -1, 240, 252, 6.3, 22, ABpraaaapavp, 183, 35115, 18400, 524, , 35115, 25000, 38244, 39131, 0, 
141, 1, 86, 205, -1, 273, 369, 11.1, 27, ABprapaaaap, -11, 27231, 24726, 908, , 27231, 25000, 28918, 28960, 0, 
142, 1, 5, 220, -1, 194, 243, 14.9, 22, Nuc233_14_174_217, 223, 27672, 12840, 464, , 27672, 25000, 28276, 28278, 0, 
143, 1, 113, 277, -1, 133, 309, 22.5, 25, ABplaaaapp, 216, 26969, 20712, 768, , 26969, 25000, 28201, 28212, 0, 
144, 1, 337, 354, -1, 405, 274, 14.2, 22, MSaappap, 197, 28367, 14070, 496, , 28367, 25000, 28390, 28522, 0, 
145, 1, 372, 126, -1, 426, 244, 14.2, 22, ABplppapppa, 201, 28500, 14136, 496, , 28500, 25000, 28057, 28295, 0, 
146, 1, 100, 314, -1, 459, 164, 16.9, 23, Capappa, 157, 27591, 13685, 496, , 27591, 25000, 28353, 28408, 0, 
147, 1, 305, 303, -1, 281, 393, 13.0, 25, ABarpppapa, 248, 28787, 21993, 764, , 28787, 25000, 28364, 28416, 0, 
148, 1, 46, 272, -1, 424, 310, 16.8, 31, Ealpa, 311, 30287, 44340, 1464, , 30287, 25000, 29214, 29264, 0, 
149, 1, 207, 268, -1, 373, 312, 5.3, 26, ABprapaapp, 266, 37683, 32257, 856, , 37683, 25000, 35980, 36096, 0, 
150, 1, 236, 143, 394, 196, 281, 18.7, 26, MSaaaaaa, 36, 26255, 22474, 856, , 26255, 25000, 27778, 27699, 0, 
151, 1, 227, 239, -1, 451, 161, 13.6, 24, ABplppppapa, 216, 29293, 20505, 700, , 29293, 25000, 28227, 28311, 0, 
152, 1, 161, 135, -1, 507, 183, 18.8, 22, ABplpppppap, 204, 28073, 13924, 496, , 28073, 25000, 28131, 28214, 0, 
153, 1, 133, 215, -1, 135, 295, 10.1, 23, ABarpappap, 235, 27010, 13397, 496, , 27010, 25000, 27326, 27308, 0, 
154, 0, 420, -1, -1, 511, 110, 18.9, 22, , 195, 1335, 13580, 464, , 29267, 25000, 27914, 27932, 0, 
155, 1, 53, 224, -1, 400, 202, 13.3, 24, ABplpaaaapp, 201, 29138, 20513, 704, , 29138, 25000, 28236, 28092, 0, 
156, 1, 58, 7, -1, 256, 203, 6.5, 23, ABprpaapppp, 209, 33546, 21201, 632, , 33546, 25000, 35095, 34842, 0, 
157, 1, 224, 398, -1, 478, 125, 12.3, 22, ABplpppapap, 190, 30794, 16136, 524, , 30794, 25000, 29359, 29526, 0, 
158, 1, 270, 275, -1, 123, 253, 14.1, 24, ABpraapaaap, 157, 28593, 17270, 604, , 28593, 25000, 28150, 28070, 0, 
159, 1, 527, 291, -1, 370, 402, 15.7, 28, Dpppap, 277, 27893, 29678, 1064, , 27893, 25000, 28446, 28624, 0, 
160, 1, 365, 284, -1, 255, 235, 7.5, 23, ABprpaaappp, 190, 28748, 18169, 632, , 28748, 25000, 31887, 32140, 0, 
161, 1, 342, 454, -1, 543, 199, 17.8, 32, Eplpp, 322, 28752, 46233, 1608, , 28752, 25000, 29374, 29453, 0, 
162, 1, 68, -1, -1, 341, 247, 20.5, 24, ABaraapappa, -198, 28320, 21750, 768, , 28320, 25000, 28685, 28727, 0, 
163, 1, 261, 267, -1, 228, 135, 18.7, 23, ABalpppapad, 215, 26885, 15916, 592, , 26885, 25000, 29071, 29100, 0, 
164, 1, 454, 408, -1, 236, 175, 15.5, 23, ABplpaaapaa, 203, 27275, 17238, 632, , 27275, 25000, 27902, 28006, 0, 
165, 1, 219, 128, -1, 175, 249, 16.3, 23, ABalaaaarrp, 186, 29639, 17546, 592, , 29639, 25000, 28510, 28484, 0, 
166, 1, 499, 489, -1, 235, 367, 14.5, 22, MSppppap, 195, 29623, 15167, 512, , 29623, 25000, 28342, 28465, 0, 
167, 1, 135, 253, -1, 309, 135, 11.0, 25, ABalpapapap, 256, 27412, 20943, 764, , 27412, 25000, 28240, 28245, 0, 
168, 1, 409, 449, -1, 295, 346, 17.7, 22, Nuc232_18_293_339, 168, 28111, 14730, 524, , 28111, 25000, 28710, 28755, 0, 
169, 1, 157, 415, -1, 539, 202, 9.2, 24, ABprpppaapa, 205, 29566, 19395, 656, , 29566, 25000, 28929, 29022, 0, 
170, 1, 469, 278, -1, 286, 216, 17.5, 23, ABalpaaaaap, 164, 28378, 17935, 632, , 28378, 25000, 28490, 28461, 0, 
171, 0, 383, -1, -1, 245, 157, 8.5, 22, , 199, -808, 14768, 512, , 28844, 25000, 29471, 29652, 0, 
172, 1, 264, 334, -1, 519, 286, 8.2, 23, Cppaapp, 236, 28420, 15347, 540, , 28420, 25000, 30170, 30403, 0, 
173, 0, 166, -1, -1, 340, 138, 9.9, 23, , 231, 607, 14088, 496, , 28403, 25000, 27871, 27796, 0, 
174, 1, 205, 14, -1, 430, 271, 25.4, 28, ABplappapaa, 267, 26470, 26152, 988, , 26470, 25000, 28197, 28161, 0, 
175, 1, 507, 338, -1, 289, 244, 9.1, 23, Nuc234_9_299_244, 229, 28917, 14343, 496, , 28917, 25000, 28384, 28380, 0, 
176, 1, 496, 279, -1, 330, 352, 9.9, 22, MSppapaa, 220, 27543, 12780, 464, , 27543, 25000, 28743, 28743, 0, 
177, 1, 385, 283, -1, 364, 309, 11.5, 24, MSpapaapp, 231, 29124, 22367, 768, , 29124, 25000, 29958, 30131, 0, 
178, 0, 242, -1, -1, 277, 351, 5.4, 22, , 418, 3684, 25833, 572, , 45163, 25000, 41381, 41479, 0, 
179, 1, 301, 72, -1, 320, 372, 19.0, 24, MSpaaappp, 235, 28442, 17293, 608, , 28442, 25000, 28339, 28219, 0, 
180, 1, 87, 453, -1, 292, 217, 12.8, 22, ABplpappaaa, 225, 27347, 13564, 496, , 27347, 25000, 27374, 27406, 0, 
181, 1, 61, 167, -1, 332, 189, 15.5, 22, ABplpapapaa, -114, 28846, 14769, 512, , 28846, 25000, 28941, 29201, 0, 
182, 1, 239, 469, -1, 253, 156, 14.5, 24, ABalppapppaa, 198, 28224, 21676, 768, , 28224, 25000, 27911, 27875, 0, 
183, 1, 325, 112, -1, 161, 336, 18.2, 25, MSppappp, 33, 27780, 19557, 704, , 27780, 25000, 28639, 28639, 0, 
184, 1, 471, 42, -1, 483, 213, 12.9, 22, ABplpappppa, 182, 27466, 12744, 464, , 27466, 25000, 28117, 28241, 0, 
185, 1, 498, 473, -1, 358, 167, 13.5, 22, ABplpapappaa, 140, 27955, 14313, 512, , 27955, 25000, 28371, 28351, 0, 
186, 1, 310, 78, -1, 485, 201, 10.1, 22, ABplpapppap, 171, 28853, 13388, 464, , 28853, 25000, 29171, 29328, 0, 
187, 1, 12, 124, -1, 359, 144, 14.9, 24, ABplapaapa, 231, 27616, 16680, 604, , 27616, 25000, 27410, 27515, 0, 
188, 1, 423, 90, -1, 223, 364, 12.2, 23, ABarpppaaa, 220, 28309, 15287, 540, , 28309, 25000, 28463, 28393, 0, 
189, 1, 128, 339, -1, 356, 273, 17.7, 22, MSaapapap, 175, 40990, 21479, 524, , 40990, 25000, 32397, 32619, 0, 
190, 1, 156, 229, -1, 344, 328, 18.0, 24, MSaaaappp, 205, 28566, 17368, 608, , 28566, 25000, 28373, 28505, 0, 
191, 1, 327, 40, -1, 399, 408, 14.9, 26, Dppppa, 254, 28590, 22872, 800, , 28590, 25000, 28859, 28822, 0, 
192, 1, 457, 149, -1, 249, 388, 13.9, 25, ABarpaappp, 238, 28089, 19325, 688, , 28089, 25000, 28019, 28040, 0, 
193, 1, 167, 176, -1, 327, 134, 18.6, 24, ABplppaapap, 219, 26889, 18822, 700, , 26889, 25000, 28079, 28245, 0, 
194, 1, 233, 180, -1, 214, 153, 16.2, 23, ABalppaappp, 163, 28900, 15606, 540, , 28900, 25000, 28532, 28406, 0, 
195, 1, 97, 418, -1, 477, 178, 19.6, 25, Capappp, 218, 28267, 23518, 832, , 28267, 25000, 28575, 28628, 0, 
196, 1, 230, 341, -1, 385, 217, 15.7, 24, ABplppapaapp, 207, 29260, 20599, 704, , 29260, 25000, 28455, 28526, 0, 
197, 1, 326, 437, -1, 219, 197, 13.6, 25, ABalpapaapa, 211, 28756, 23925, 832, , 28756, 25000, 29447, 29518, 0, 
198, 1, 69, 81, -1, 353, 202, 6.7, 26, ABarappappp, 115, 30741, 26314, 856, , 30741, 25000, 33397, 33611, 0, 
199, 0, 38, -1, -1, 115, 268, 20.0, 22, , 171, -674, 10464, 384, , 27250, 25000, 27931, 27924, 0, 
200, 1, 323, 47, 230, 212, 228, 22.6, 28, ABalapaaaa, 189, 27873, 27539, 988, , 27873, 25000, 28475, 28646, 0, 
201, 1, 272, 263, -1, 484, 126, 18.5, 23, ABplpppaapp, 221, 28343, 17913, 632, , 28343, 25000, 28822, 28810, 0, 
202, 0, 37, -1, -1, 175, 282, 12.3, 22, , -36, 1008, 15253, 524, , 29109, 25000, 28181, 28101, 0, 
203, 1, 40, 318, -1, 319, 112, 15.5, 22, ABalpapapppa, 186, 27676, 14170, 512, , 27676, 25000, 27098, 27219, 0, 
204, 1, 463, 22, -1, 471, 183, 13.9, 22, ABplpapppaa, 178, 27894, 12943, 464, , 27894, 25000, 28046, 28162, 0, 
205, 1, 147, 208, -1, 523, 230, 10.0, 22, ABprpppppap, 113, 30026, 11530, 384, , 30026, 25000, 28873, 29027, 0, 
206, 1, 278, 8, -1, 416, 316, 6.1, 27, ABprappaaa, 269, 33696, 30596, 908, , 33696, 25000, 33437, 33609, 0, 
207, 1, 226, 221, 390, 546, 222, 14.5, 32, Eprpp, 317, 28328, 40565, 1432, , 28328, 25000, 29830, 29957, 0, 
208, 1, 50, 187, -1, 142, 260, 7.6, 28, ABprpaapapa, 280, 32587, 32196, 988, , 32587, 25000, 31780, 31981, 0, 
209, 1, 298, 266, -1, 513, 132, 11.9, 23, ABplppppppa, 221, 27944, 13860, 496, , 27944, 25000, 28812, 28773, 0, 
210, 1, 406, 150, -1, 588, 328, 15.3, 26, Cppppaa, -206, 27035, 23142, 856, , 27035, 25000, 28114, 28114, 0, 
211, 1, 360, 384, -1, 303, 264, 25.8, 27, ABplapaaaap, 325, 30187, 26202, 868, , 30187, 25000, 28254, 28256, 0, 
212, 1, 43, 60, -1, 124, 292, 15.0, 23, ABarpaaapap, 237, 29416, 15061, 512, , 29416, 25000, 28138, 28252, 0, 
213, 1, 266, 460, -1, 268, 158, 25.5, 27, ABalpppppppa, 270, 27881, 24981, 896, , 27881, 25000, 28840, 28856, 0, 
214, 0, 370, -1, -1, 508, 138, 22.7, 23, , -106, 1640, 17700, 592, , 29899, 25000, 28023, 28259, 0, 
215, 1, 362, 223, -1, 280, 191, 20.0, 23, MSapapap, 235, 28605, 14646, 512, , 28605, 25000, 28665, 28753, 0, 
216, 1, 3, 79, -1, 221, 329, 16.5, 24, ABaraappapa, 205, 29850, 22925, 768, , 29850, 25000, 28859, 29044, 0, 
217, 1, 142, 109, -1, 274, 327, 22.0, 23, MSaaaaapp, 69, 29541, 15125, 512, , 29541, 25000, 29261, 29297, 0, 
218, 1, 103, 162, -1, 294, 352, 21.6, 23, Nuc236_21_281_347, 128, 29272, 18734, 640, , 29272, 25000, 28374, 28251, 0, 
219, 1, 152, 292, -1, 270, 355, 20.3, 24, MSpaaaaaa, 219, 29195, 20553, 704, , 29195, 25000, 29791, 29898, 0, 
220, 1, 340, 393, -1, 525, 182, 13.2, 24, ABprpappppa, 195, 28155, 18470, 656, , 28155, 25000, 29446, 29434, 0, 
221, 1, 419, 414, -1, 217, 137, 13.8, 25, ABalppapapp, 232, 30378, 21386, 704, , 30378, 25000, 27933, 27964, 0, 
222, 1, 313, 127, -1, 290, 231, 20.6, 23, ABalpapppaa, -211, 26320, 16845, 640, , 26320, 25000, 27661, 27776, 0, 
223, 1, 253, 48, -1, 355, 379, 9.9, 25, ABarpppapp, 258, 28587, 19668, 688, , 28587, 25000, 28883, 28913, 0, 
224, 1, 90, 117, -1, 373, 241, 23.7, 27, ABplapaaapp, 0, 28262, 26114, 924, , 28262, 25000, 28759, 28715, 0, 
225, 1, 434, 262, -1, 604, 270, 14.7, 27, Cppppap, 128, 26584, 24564, 924, , 26584, 25000, 28442, 28470, 0, 
226, 1, 51, 264, -1, 259, 274, 11.1, 26, ABarapapaap, 199, 26458, 21166, 800, , 26458, 25000, 28127, 28157, 0, 
227, 1, 155, 165, -1, 559, 246, 7.0, 24, ABarpppppp, 214, 32061, 19493, 608, , 32061, 25000, 32504, 32506, 0, 
228, 1, 137, 366, -1, 378, 342, 23.9, 26, Dappaaa, 267, 27040, 21632, 800, , 27040, 25000, 28243, 28243, 0, 
229, 1, 455, 295, -1, 508, 316, 25.1, 25, Capapaa, 243, 29455, 20265, 688, , 29455, 25000, 28739, 28688, 0, 
230, 1, 56, 199, -1, 467, 239, 7.8, 23, ABprpppaaap, 467, 29796, 16090, 540, , 29796, 25000, 30053, 30060, 0, 
231, 0, 150, -1, -1, 259, 265, 8.5, 22, , 200, 807, 15770, 512, , 30801, 25000, 29723, 29994, 0, 
232, 1, 446, 67, -1, 487, 173, 9.5, 24, ABprppppapp, 207, 28549, 21926, 768, , 28549, 25000, 27952, 27979, 0, 
233, 1, 218, 360, -1, 578, 287, 11.6, 26, Cpppapa, 307, 29181, 24279, 832, , 29181, 25000, 29572, 29573, 0, 
234, 1, 41, 376, -1, 149, 298, 17.6, 24, ABalapppapp, 230, 29293, 20505, 700, , 29293, 25000, 28067, 28040, 0, 
235, 1, 381, 467, -1, 458, 387, 9.3, 29, Caaaap, 288, 27095, 28937, 1068, , 27095, 25000, 28437, 28445, 0, 
236, 1, 386, 465, -1, 269, 129, 10.4, 27, ABplaappap, 270, 28044, 27707, 988, , 28044, 25000, 27729, 27671, 0, 
237, 1, 245, 137, -1, 245, 247, 11.0, 24, MSppaaaa, 182, 26873, 16339, 608, , 26873, 25000, 28222, 28293, 0, 
238, 1, 6, 39, -1, 314, 227, 18.7, 23, Nuc234_19_299_240, 407, 32231, 19081, 592, , 32231, 25000, 28509, 28525, 0, 
239, 0, 312, -1, -1, 263, 349, 24.8, 31, , -2, 1642, 47639, 1464, , 32540, 25000, 31083, 30898, 0, 
240, 1, 112, 194, -1, 396, 196, 21.8, 25, ABplapaapp, 249, 28555, 20103, 704, , 28555, 25000, 27980, 27982, 0, 
241, 1, 10, 133, -1, 184, 303, 23.7, 28, MSapappp, -45, 28494, 30318, 1064, , 28494, 25000, 28019, 27987, 0, 
242, 1, 384, 270, -1, 257, 277, 26.4, 24, MSapppap, 312, 30060, 21042, 700, , 30060, 25000, 28961, 28961, 0, 
243, 1, 34, 340, -1, 436, 326, 8.8, 23, Cppaaap, 227, 28617, 15453, 540, , 28617, 25000, 29184, 29185, 0, 
244, 0, 47, -1, -1, 592, 182, 12.4, 22, , 185, -17, 16691, 572, , 29180, 25000, 29276, 29197, 0, 
245, 1, 349, 222, -1, 326, 369, 6.9, 23, ABarppppaa, 231, 30940, 15346, 496, , 30940, 25000, 32902, 32902, 0, 
246, 1, 73, 488, -1, 206, 149, 10.4, 24, Nuc233_10_227_158, 78, 29286, 20500, 700, , 29286, 25000, 28571, 28618, 0, 
247, 1, 153, 247, -1, 275, 280, 5.0, 23, ABprpaapaap, 168, 40313, 20640, 512, , 40313, 25000, 39090, 38567, 0, 
248, 1, 158, 212, -1, 251, 124, 14.7, 26, ABplpaapappp, 307, 27907, 23888, 856, , 27907, 25000, 28282, 28098, 0, 
249, 1, 202, 101, -1, 194, 352, 15.3, 25, MSppappa, 218, 29004, 22159, 764, , 29004, 25000, 28441, 28452, 0, 
250, 0, 441, -1, -1, 252, 185, 25.0, 22, , 174, 4199, 12558, 384, , 32703, 25000, 28475, 28504, 0, 
251, 1, 180, 2, -1, 266, 155, 17.2, 26, ABplpaaappp, 221, 27058, 21538, 796, , 27058, 25000, 28073, 28025, 0, 
252, 1, 308, 158, -1, 316, 348, 12.9, 24, ABaraapppap, 238, 27700, 16731, 604, , 27700, 25000, 28789, 28847, 0, 
253, 1, 344, 313, -1, 446, 356, 6.2, 27, ABprappapa, 266, 33218, 28833, 868, , 33218, 25000, 36361, 36361, 0, 
254, 1, 98, 74, -1, 220, 212, 9.5, 31, ABprpaaapaa, 317, 28407, 34998, 1232, , 28407, 25000, 28914, 29157, 0, 
255, 1, 468, 343, -1, 174, 319, 14.0, 25, ABalappapapa, 199, 28521, 21790, 764, , 28521, 25000, 27943, 27877, 0, 
256, 1, 411, 24, -1, 568, 180, 9.6, 24, ABprapapppp, 230, 27060, 18942, 700, , 27060, 25000, 28671, 28650, 0, 
257, 1, 442, 326, -1, 553, 342, 11.8, 27, Cppapap, 271, 28388, 24641, 868, , 28388, 25000, 28925, 28983, 0, 
258, 1, 168, 191, -1, 363, 254, 14.4, 25, ABarapapapp, 201, 28294, 23541, 832, , 28294, 25000, 30176, 29825, 0, 
259, 1, 315, 155, -1, 450, 304, 10.0, 22, MSpappppp, 224, 28560, 10967, 384, , 28560, 25000, 29264, 29365, 0, 
260, 1, 483, 5, -1, 219, 321, 24.8, 22, MSaaapaaa, 225, 30002, 14881, 496, , 30002, 25000, 29341, 29343, 0, 
261, 1, 132, 256, -1, 441, 356, 17.4, 31, Earap, 313, 29083, 38739, 1332, , 29083, 25000, 29015, 29030, 0, 
262, 1, 23, 55, -1, 502, 246, 12.5, 24, MSppaapp, 236, 26993, 20731, 768, , 26993, 25000, 28595, 28715, 0, 
263, 1, 72, 351, -1, 129, 263, 11.4, 27, ABarpappaaa, 208, 28597, 28254, 988, , 28597, 25000, 27809, 27820, 0, 
264, 1, 248, 273, -1, 496, 225, 10.5, 22, ABprppppaaa, 201, 29361, 15033, 512, , 29361, 25000, 28773, 28885, 0, 
265, 1, 339, 455, -1, 451, 223, 19.0, 24, MSpappaa, 123, 28890, 17565, 608, , 28890, 25000, 28395, 28452, 0, 
266, 1, 165, 20, -1, 234, 154, 11.4, 22, ABplaappaa, 176, 28086, 16065, 572, , 28086, 25000, 29307, 29406, 0, 
267, 1, 215, 28, -1, 291, 207, 25.8, 26, ABplaapappp, 265, 27780, 22113, 796, , 27780, 25000, 28988, 29109, 0, 
268, 1, 268, 385, -1, 546, 147, 15.4, 25, Cappppd, 224, 28320, 23562, 832, , 28320, 25000, 28747, 28817, 0, 
269, 1, 317, 18, -1, 499, 228, 7.4, 23, Cppappp, 198, 29206, 18692, 640, , 29206, 25000, 30671, 30725, 0, 
270, 1, 397, 144, -1, 250, 265, 20.1, 21, ABalpaaapaa, 213, 27267, 9489, 348, , 27267, 25000, 28208, 28182, 0, 
271, 1, 374, 166, -1, 302, 375, 20.7, 23, MSaaaapaa, 245, 28841, 17074, 592, , 28841, 25000, 27822, 27781, 0, 
272, 1, 314, 448, -1, 182, 303, 8.0, 24, ABpraapaapp, 244, 29873, 18163, 608, , 29873, 25000, 30718, 30648, 0, 
273, 1, 395, 84, -1, 226, 275, 5.6, 24, ABpraaaapava, 195, 41149, 28804, 700, , 41149, 25000, 38840, 38996, 0, 
274, 1, 257, 15, 151, 342, 238, 18.3, 25, ABaraapappp, 125, 27318, 20871, 764, , 27318, 25000, 29177, 29427, 0, 
275, 1, 220, 111, -1, 369, 326, 19.9, 22, MSaaapapp, 159, 26989, 12523, 464, , 26989, 25000, 28925, 28682, 0, 
276, 1, 398, 423, -1, 286, 207, 5.8, 25, ABprpaapppa, 78, 38558, 27145, 704, , 38558, 25000, 37181, 36856, 0, 
277, 1, 433, 302, -1, 423, 290, 9.4, 22, MSpappppa, 158, 28607, 16363, 572, , 28607, 25000, 29072, 29051, 0, 
278, 1, 438, 333, -1, 227, 234, 7.9, 23, ABprpaaappa, 251, 29613, 14688, 496, , 29613, 25000, 30384, 30828, 0, 
279, 1, 400, 332, -1, 165, 254, 25.0, 24, ABplaaaaappa, 230, 27938, 16986, 608, , 27938, 25000, 28520, 28540, 0, 
280, 1, 206, 163, -1, 218, 173, 8.6, 23, ABarapppapp, 14, 28703, 18370, 640, , 28703, 25000, 29310, 29209, 0, 
281, 1, 15, 25, -1, 508, 140, 16.5, 22, ABplapppapp, 209, 29838, 15277, 512, , 29838, 25000, 28454, 28670, 0, 
282, 1, 79, 252, -1, 255, 175, 5.8, 24, ABpraappap, 248, 43838, 28758, 656, , 43838, 25000, 40733, 40906, 0, 
283, 1, 355, 430, -1, 511, 260, 5.4, 25, ABprapapap, 254, 37246, 30989, 832, , 37246, 25000, 36734, 36931, 0, 
284, 1, 329, 293, -1, 307, 196, 8.3, 22, ABprpapaaap, 159, 29365, 15387, 524, , 29365, 25000, 29647, 29752, 0, 
285, 1, 281, 251, -1, 316, 329, 7.0, 24, ABprapaaapa, 82, 30627, 18621, 608, , 30627, 25000, 32953, 33109, 0, 
286, 1, 200, 336, -1, 207, 372, 20.1, 35, ABarpaappa, -105, 27842, 57578, 2068, , 27842, 25000, 28020, 27964, 0, 
287, 1, 508, 508, -1, 243, 361, 22.0, 22, MSappaaa, -19, 47484, 18234, 384, , 47484, 25000, 35595, 35644, 0, 
288, 1, 199, 301, 331, 376, 167, 22.9, 26, Nuc233_20_375_160, 259, 28606, 22885, 800, , 28606, 25000, 28468, 28489, 0, 
289, 1, 439, 11, -1, 452, 133, 13.8, 24, ABplappppa, 221, 27834, 18259, 656, , 27834, 25000, 27747, 27706, 0, 
290, 1, 258, 357, -1, 180, 183, 16.6, 22, ABalaaaalpp, 176, 27626, 15802, 572, , 27626, 25000, 28446, 28621, 0, 
291, 1, 336, 134, -1, 498, 339, 6.6, 25, ABarpppppa, 237, 31858, 26506, 832, , 31858, 25000, 34624, 34628, 0, 
292, 1, 387, 487, -1, 291, 301, 12.5, 23, ABarapaapppa, 157, 27473, 17363, 632, , 27473, 25000, 29089, 29383, 0, 
293, 1, 405, 6, -1, 532, 199, 6.1, 22, ABprapppaaa, 175, 37504, 17402, 464, , 37504, 25000, 37722, 38586, 0, 
294, 1, 417, 204, -1, 475, 175, 22.5, 26, ABplapapap, 243, 27711, 24829, 896, , 27711, 25000, 28082, 28075, 0, 
295, 1, 232, 405, -1, 525, 130, 13.6, 24, ABplppppppp, 221, 29320, 20524, 700, , 29320, 25000, 28330, 28520, 0, 
296, 1, 159, 395, -1, 357, 207, 10.0, 24, ABprppaappa, 106, 29655, 18030, 608, , 29655, 25000, 28996, 28977, 0, 
297, 1, 191, 12, -1, 181, 182, 22.3, 23, ABplaapaapa, -83, 28405, 16816, 592, , 28405, 25000, 28781, 28908, 0, 
298, 1, 276, 236, -1, 332, 215, 6.8, 24, ABprapaapaaa, 154, 32006, 20996, 656, , 32006, 25000, 33797, 34133, 0, 
299, 1, 175, 195, -1, 196, 149, 20.9, 26, Nuc232_19_207_150, 230, 27821, 22257, 800, , 27821, 25000, 28406, 28413, 0, 
300, 1, 17, 157, -1, 461, 207, 8.0, 24, ABprpppaaaa, 261, 27895, 16960, 608, , 27895, 25000, 30226, 30246, 0, 
301, 1, 440, 190, -1, 285, 167, 21.4, 22, ABalpppppaa, 164, 29421, 16829, 572, , 29421, 25000, 28187, 28144, 0, 
302, 1, 18, 242, -1, 290, 317, 8.3, 24, ABpraapapaa, 201, 28726, 20223, 704, , 28726, 25000, 28697, 28924, 0, 
303, 1, 500, 177, -1, 328, 299, 22.9, 26, ABaraapapapp, 98, 28194, 22555, 800, , 28194, 25000, 28619, 28772, 0, 
304, 1, 470, 478, -1, 160, 209, 11.2, 22, ABalaapaapp, 158, 28127, 13951, 496, , 28127, 25000, 27898, 27936, 0, 
305, 1, 475, 131, -1, 215, 183, 24.6, 28, ABplaapaapp, 56, 30299, 29935, 988, , 30299, 25000, 29233, 29233, 0, 
306, 1, 262, 54, -1, 521, 111, 16.6, 26, ABplappppp, 149, 28228, 23486, 832, , 28228, 25000, 28133, 28087, 0, 
307, 1, 231, 57, -1, 317, 226, 24.0, 23, ABplaapapap, 228, 27889, 14279, 512, , 27889, 25000, 29106, 29180, 0, 
308, 1, 16, 13, -1, 323, 293, 12.2, 24, ABaraappppp, 201, 27855, 18273, 656, , 27855, 25000, 29278, 29273, 0, 
309, 1, 373, 244, -1, 544, 140, 11.7, 23, ABprppppppp, 197, 26698, 15805, 592, , 26698, 25000, 28365, 28584, 0, 
310, 1, 240, 234, -1, 236, 348, 17.7, 23, MSpaaaapa, 223, 27985, 16567, 592, , 27985, 25000, 28579, 28585, 0, 
311, 1, 22, 95, -1, 498, 328, 19.5, 31, Eplaa, 317, 27688, 34112, 1232, , 27688, 25000, 29006, 28962, 0, 
312, 1, 20, 257, -1, 485, 373, 23.0, 28, Dapppp, 281, 29275, 33022, 1128, , 29275, 25000, 28676, 28676, 0, 
313, 1, 181, 116, -1, 503, 370, 11.3, 27, Cppapaa, 273, 27490, 25401, 924, , 27490, 25000, 29489, 29460, 0, 
314, 1, 134, 44, -1, 458, 313, 6.3, 26, ABprappaap, 263, 32679, 27973, 856, , 32679, 25000, 33360, 33371, 0, 
315, 1, 404, 329, -1, 307, 323, 12.0, 23, ABaraapppaa, 18, 28635, 14661, 512, , 28635, 25000, 28446, 28544, 0, 
316, 1, 293, 315, -1, 455, 260, 9.8, 22, ABprppapapp, 460, 28006, 13891, 496, , 28006, 25000, 28730, 28796, 0, 
317, 1, 333, 373, -1, 115, 294, 18.1, 24, ABarpaapaa, 242, 30985, 18715, 604, , 30985, 25000, 27880, 27922, 0, 
318, 1, 189, 232, -1, 400, 311, 8.3, 24, Cppaaaa, 223, 28642, 20164, 704, , 28642, 25000, 29584, 29737, 0, 
319, 1, 26, 145, -1, 440, 268, 21.3, 25, Capaaap, 250, 26648, 20359, 764, , 26648, 25000, 27958, 28103, 0, 
320, 1, 211, 218, -1, 427, 391, 11.6, 25, Cpppaaa, 224, 29238, 24326, 832, , 29238, 25000, 29244, 29284, 0, 
321, 1, 473, 491, 503, 402, 317, 13.3, 22, Nuc233_15_386_313pa, 173, 30244, 15848, 524, , 30244, 25000, 31454, 31632, 0, 
322, 1, 501, 466, -1, 196, 292, 12.2, 22, ABalappapapp, 222, 27786, 13782, 496, , 27786, 25000, 28308, 28308, 0, 
323, 1, 138, 168, -1, 372, 231, 7.8, 24, ABprppapaaa, -85, 29239, 19181, 656, , 29239, 25000, 30760, 30811, 0, 
324, 1, 494, 497, -1, 356, 199, 14.5, 22, MSaapppaa, 104, 32107, 16439, 512, , 32107, 25000, 28481, 28823, 0, 
325, 1, 208, 431, -1, 247, 312, 8.0, 22, ABpraaappap, 219, 29073, 11164, 384, , 29073, 25000, 29655, 29650, 0, 
326, 1, 187, 428, -1, 497, 177, 12.4, 22, ABplpappppp, 47, 28329, 16204, 572, , 28329, 25000, 28127, 28235, 0, 
327, 1, 33, 361, -1, 522, 252, 8.2, 25, Cppappa, 253, 27277, 19203, 704, , 27277, 25000, 29595, 29693, 0, 
328, 1, 109, 142, -1, 363, 389, 13.0, 24, Dppap, 249, 27247, 16566, 608, , 27247, 25000, 29305, 29343, 0, 
329, 1, 251, 259, -1, 255, 327, 13.0, 23, ABarapaappa, 216, 27611, 14137, 512, , 27611, 25000, 27685, 27825, 0, 
330, 1, 353, 160, -1, 235, 290, 22.7, 27, ABaraapaapa, 235, 28433, 26272, 924, , 28433, 25000, 27988, 28165, 0, 
331, 1, 254, 456, -1, 506, 390, 14.0, 25, Cpppaap, 55, 29127, 22253, 764, , 29127, 25000, 27969, 27995, 0, 
332, 1, 488, 9, -1, 275, 205, 8.9, 22, ABarappapaap, 192, 27974, 12980, 464, , 27974, 25000, 29524, 29483, 0, 
333, 1, 186, 426, -1, 526, 225, 5.6, 24, ABprapappa, 230, 41496, 29047, 700, , 41496, 25000, 40303, 40537, 0, 
334, 1, 334, 83, -1, 251, 215, 19.0, 22, Nuc233_19_241_214, 184, 27117, 10413, 384, , 27117, 25000, 27864, 27845, 0, 
335, 1, 484, 265, -1, 493, 141, 14.0, 23, Cappppv, 323, 27777, 14222, 512, , 27777, 25000, 29433, 29421, 0, 
336, 1, 346, 59, -1, 531, 336, 23.5, 26, Cappaap, 247, 28384, 25432, 896, , 28384, 25000, 29142, 29199, 0, 
337, 1, 429, 120, -1, 184, 276, 14.6, 25, ABalaapaaal, 251, 27886, 23201, 832, , 27886, 25000, 28759, 28675, 0, 
338, 0, 396, -1, -1, 314, 262, 16.2, 22, , 95, 385, 14702, 496, , 29641, 25000, 29457, 29256, 0, 
339, 1, 328, 382, -1, 476, 255, 13.7, 26, MSapaapp, 215, 29370, 25141, 856, , 29370, 25000, 28811, 28872, 0, 
340, 1, 196, 65, -1, 476, 328, 9.2, 24, Cppaapa, 219, 29482, 19340, 656, , 29482, 25000, 28813, 28857, 0, 
341, 1, 95, 107, -1, 354, 347, 7.8, 24, ABprapaaapp, 71, 30209, 19817, 656, , 30209, 25000, 31211, 31322, 0, 
342, 1, 330, 241, -1, 220, 277, 15.6, 23, ABaraaapaaa, 264, 27528, 17618, 640, , 27528, 25000, 27960, 27963, 0, 
343, 1, 421, 226, -1, 198, 210, 27.4, 30, ABplaaappa, 41, 30943, 35770, 1156, , 30943, 25000, 30318, 30319, 0, 
344, 1, 430, 362, -1, 311, 401, 13.2, 28, ABarppaapa, 242, 27745, 29188, 1052, , 27745, 25000, 27928, 27807, 0, 
345, 1, 54, 147, -1, 221, 271, 20.8, 23, ABaraapaaaa, 143, 27413, 14803, 540, , 27413, 25000, 27638, 27738, 0, 
346, 1, 193, 481, -1, 266, 292, 11.5, 24, ABarapappaa, 185, 28691, 22035, 768, , 28691, 25000, 27851, 28044, 0, 
347, 1, 290, 97, -1, 553, 121, 15.9, 23, Cpappv, 222, 27921, 13849, 496, , 27921, 25000, 28145, 28180, 0, 
348, 1, 223, 352, -1, 378, 189, 17.4, 24, ABplppapaapa, -11, 26919, 18843, 700, , 26919, 25000, 28408, 28410, 0, 
349, 1, 163, 346, -1, 535, 363, 9.9, 27, Caaapa, 277, 27228, 24723, 908, , 27228, 25000, 28280, 28325, 0, 
350, 1, 65, 225, -1, 162, 283, 9.9, 23, ABpraapaapa, 206, 27690, 13734, 496, , 27690, 25000, 28636, 28811, 0, 
351, 1, 526, 305, -1, 376, 160, 19.0, 24, Nuc233_18_371_145, 232, 31352, 19062, 608, , 31352, 25000, 29629, 29630, 0, 
352, 1, 287, -1, -1, 344, 369, 23.5, 26, Cpaaaa, 230, 28901, 25895, 896, , 28901, 25000, 29362, 29362, 0, 
353, 1, 285, -1, -1, 221, 258, 16.9, 22, ABalpaappaaa, -111, 27091, 12570, 464, , 27091, 25000, 28126, 28158, 0, 
354, 1, 176, 396, -1, 578, 282, 22.6, 30, Capppaa, 300, 29802, 34451, 1156, , 29802, 25000, 28985, 29013, 0, 
355, 1, 39, 186, -1, 128, 270, 23.1, 27, ABplaaaapa, 251, 28888, 26230, 908, , 28888, 25000, 28178, 28093, 0, 
356, 1, 250, 71, 515, 483, 336, 14.9, 31, Epraa, 293, 29438, 43568, 1480, , 29438, 25000, 28980, 28997, 0, 
357, 1, 154, 170, -1, 205, 209, 18.7, 23, ABalaaaalal, 87, 29260, 17322, 592, , 29260, 25000, 28857, 28875, 0, 
358, 1, 36, 46, -1, 297, 164, 10.3, 22, ABprpappaap, 412, 27592, 14458, 524, , 27592, 25000, 28955, 29003, 0, 
359, 1, 210, 288, -1, 225, 221, 15.5, 22, ABaraaaapaa, 169, 27055, 13852, 512, , 27055, 25000, 28252, 28449, 0, 
360, 1, 198, 388, -1, 345, 334, 12.8, 24, MSpapappa, 196, 27194, 17839, 656, , 27194, 25000, 28736, 28657, 0, 
361, 1, 30, 424, -1, 223, 306, 17.6, 29, ABaraappaap, 242, 28419, 32852, 1156, , 28419, 25000, 28070, 27888, 0, 
362, 1, 320, 30, -1, 293, 277, 14.0, 22, ABarapapppp, 193, 26977, 10359, 384, , 26977, 25000, 28040, 27974, 0, 
363, 1, 57, 63, -1, 564, 134, 12.5, 22, Caappv, 217, 27145, 13898, 512, , 27145, 25000, 27798, 27899, 0, 
364, 1, 164, 32, -1, 329, 231, 15.9, 22, MSaapaaaa, -155, 30478, 14142, 464, , 30478, 25000, 29083, 29128, 0, 
365, 1, 273, 206, -1, 164, 197, 17.6, 23, ABalpaapppp, -66, 26742, 17115, 640, , 26742, 25000, 27698, 27993, 0, 
366, 1, 115, 381, -1, 161, 323, 9.8, 24, ABarpapppa, 224, 29483, 19341, 656, , 29483, 25000, 28144, 28148, 0, 
367, 1, 347, 370, -1, 439, 236, 16.0, 23, ABplppapapp, 183, 27055, 13852, 512, , 27055, 25000, 27390, 27494, 0, 
368, 1, 269, 451, -1, 354, 207, 23.7, 26, ABplapaaapa, -17, 27412, 23465, 856, , 27412, 25000, 27904, 27944, 0, 
369, 1, 117, 219, -1, 340, 153, 21.7, 26, ABplppaaaap, 257, 27487, 23529, 856, , 27487, 25000, 28618, 28633, 0, 
370, 1, 474, -1, -1, 215, 196, 10.6, 22, Nuc233_10_181_181, 115, 28042, 16040, 572, , 28042, 25000, 29912, 30067, 0, 
371, 1, 426, 434, -1, 243, 198, 9.4, 23, ABarapppppp, 224, 28559, 18278, 640, , 28559, 25000, 28583, 28607, 0, 
372, 1, 120, 122, -1, 388, 278, 17.8, 22, MSaapappp, -217, 28946, 14357, 496, , 28946, 25000, 30392, 30084, 0, 
373, 1, 375, 285, -1, 191, 166, 8.9, 22, ABpraappaa, 186, 27897, 12944, 464, , 27897, 25000, 28596, 28546, 0, 
374, 1, 221, 19, -1, 316, 343, 16.4, 22, MSpaapaaa, 142, 28105, 16076, 572, , 28105, 25000, 28325, 28393, 0, 
375, 1, 412, 368, -1, 434, 175, 14.9, 23, ABplpppaaaa, 225, 28538, 14155, 496, , 28538, 25000, 27461, 27394, 0, 
376, 1, 493, 173, -1, 412, 230, 11.9, 22, ABprpaaaappp, 192, 27823, 12910, 464, , 27823, 25000, 28294, 28201, 0, 
377, 1, 82, 200, -1, 290, 356, 14.8, 25, ABaraappapp, 245, 28371, 19973, 704, , 28371, 25000, 28483, 28300, 0, 
378, 1, 388, 238, -1, 396, 329, 20.4, 27, Ealaad, -54, 28175, 27837, 988, , 28175, 25000, 28816, 28961, 0, 
379, 1, 4, 335, -1, 182, 205, 11.4, 25, ABarapppaap, 211, 27500, 22880, 832, , 27500, 25000, 28657, 28687, 0, 
380, 0, 371, -1, -1, 107, 238, 20.3, 22, , 209, 2776, 15858, 524, , 30263, 25000, 27505, 27487, 0, 
381, 1, 394, 231, -1, 516, 197, 14.6, 23, ABprpappppp, 142, 28855, 18467, 640, , 28855, 25000, 28907, 28848, 0, 
382, 1, 283, 58, -1, 327, 164, 15.4, 22, ABplpapapap, 174, 27285, 15607, 572, , 27285, 25000, 28553, 28865, 0, 
383, 1, 482, 196, -1, 215, 287, 24.9, 22, MSapappa, 158, 27302, 12668, 464, , 27302, 25000, 29869, 29891, 0, 
384, 1, 260, 378, -1, 296, 152, 15.0, 22, ABplpapaapp, 210, 30003, 11521, 384, , 30003, 25000, 28501, 28403, 0, 
385, 1, 472, -1, -1, 173, 192, 24.9, 22, Nuc240_25_172_195, 2, 28649, 13293, 464, , 28649, 25000, 28195, 28213, 0, 
386, 1, 324, 506, -1, 207, 349, 19.9, 22, MSpppaaa, 12, 29108, 13506, 464, , 29108, 25000, 28072, 27752, 0, 
387, 1, 462, 472, -1, 334, 302, 4.8, 26, ABpraapppp, 259, 37109, 29539, 796, , 37109, 25000, 37506, 37501, 0, 
388, 1, 19, 4, -1, 269, 143, 21.5, 24, ABalpppapav, 243, 28725, 22061, 768, , 28725, 25000, 28422, 28384, 0, 
389, 1, 316, 235, -1, 385, 276, 8.3, 22, MSpapppapp, 204, 27677, 14503, 524, , 27677, 25000, 30659, 30639, 0, 
390, 1, 279, 443, -1, 236, 322, 10.7, 22, ABpraaaappp, 223, 27721, 14526, 524, , 27721, 25000, 28504, 28525, 0, 
391, 1, 350, 347, -1, 418, 348, 14.5, 29, Earpa, 285, 29453, 31809, 1080, , 29453, 25000, 29438, 29502, 0, 
392, 1, 277, 308, -1, 183, 219, 19.1, 23, ABalaaaalar, 180, 28669, 14220, 496, , 28669, 25000, 28362, 28414, 0, 
393, 1, 476, 406, -1, 216, 370, 18.0, 22, MSpppppa, 38, 29378, 11281, 384, , 29378, 25000, 28058, 28337, 0, 
394, 1, 213, 468, -1, 381, 359, 6.2, 26, ABarppppap, 265, 33482, 26652, 796, , 33482, 25000, 36811, 36874, 0, 
395, 1, 160, 297, -1, 495, 112, 10.2, 22, ABprpppapap, 185, 28877, 14323, 496, , 28877, 25000, 28279, 28200, 0, 
396, 1, 445, 296, -1, 220, 213, 5.6, 25, ABprpaaapap, -11, 41624, 34631, 832, , 41624, 25000, 38598, 38040, 0, 
397, 1, 14, 416, -1, 255, 278, 6.3, 23, ABprpaaaaapp, 201, 33997, 20126, 592, , 33997, 25000, 36902, 37196, 0, 
398, 1, 509, 484, -1, 344, 246, 23.6, 22, MSapapaa, 205, 28243, 16155, 572, , 28243, 25000, 27965, 27994, 0, 
399, 1, 363, 375, -1, 221, 243, 18.8, 23, ABalpaapaaa, 203, 27815, 15020, 540, , 27815, 25000, 28431, 28522, 0, 
400, 1, 130, 159, -1, 130, 259, 17.0, 19, ABarpaaapaa, -146, 26095, 8246, 316, , 26095, 25000, 27587, 27567, 0, 
401, 1, 380, 106, -1, 273, 181, 13.0, 27, ABalpapapaa, 236, 28198, 29100, 1032, , 28198, 25000, 28474, 28397, 0, 
402, 1, 127, 198, -1, 407, 230, 9.5, 23, ABprpaaaappa, 200, 29453, 18614, 632, , 29453, 25000, 27692, 27760, 0, 
403, 1, 288, 130, -1, 550, 261, 15.3, 31, Eprpa, 175, 28422, 38881, 1368, , 28422, 25000, 30070, 30138, 0, 
404, 1, 116, 464, -1, 219, 255, 25.0, 22, Nuc241_26_216_253, 202, 28055, 10773, 384, , 28055, 25000, 28404, 28358, 0, 
405, 1, 136, 402, -1, 386, 397, 10.0, 27, Caaaaa, 269, 28086, 28985, 1032, , 28086, 25000, 28536, 28557, 0, 
406, 1, 197, 45, -1, 282, 139, 23.8, 22, ABalpppppppp, 217, 28385, 14079, 496, , 28385, 25000, 28067, 27867, 0, 
407, 1, 448, 438, -1, 608, 248, 11.8, 27, Cpappd, 246, 26771, 23237, 868, , 26771, 25000, 27253, 27179, 0, 
408, 1, 11, -1, -1, 144, 246, 10.0, 22, ABpraaaaapd, 184, 28552, 10964, 384, , 28552, 25000, 27358, 27350, 0, 
409, 1, 467, 41, -1, 345, 264, 11.5, 23, MSpapaaap, 201, 28201, 17823, 632, , 28201, 25000, 30478, 29934, 0, 
410, 1, 13, 183, -1, 226, 232, 25.2, 22, ABalpppappp, 226, 27361, 13571, 496, , 27361, 25000, 28473, 28569, 0, 
411, 1, 204, 475, -1, 167, 263, 10.8, 22, ABalaappppp, 88, 27954, 13865, 496, , 27954, 25000, 28798, 29038, 0, 
412, 1, 364, 286, -1, 356, 265, 7.5, 22, ABprapaapap, 225, 29686, 15199, 512, , 29686, 25000, 32056, 32226, 0, 
413, 1, 343, 246, -1, 315, 258, 8.0, 22, Dpapa, 197, 28531, 10956, 384, , 28531, 25000, 29921, 30054, 0, 
414, 1, 345, 359, -1, 265, 386, 17.4, 22, MSpppppp, 3, 27441, 15696, 572, , 27441, 25000, 27807, 27695, 0, 
415, 1, 444, 446, -1, 468, 228, 10.4, 22, ABprppapppp, 180, 28259, 16164, 572, , 28259, 25000, 28660, 28771, 0, 
416, 1, 505, 281, -1, 247, 126, 16.6, 26, ABplpaapappa, 227, 29300, 24378, 832, , 29300, 25000, 28271, 28442, 0, 
417, 1, 341, 290, -1, 477, 256, 26.7, 28, ABarppappa, 285, 28032, 29826, 1064, , 28032, 25000, 28263, 28263, 0, 
418, 1, 122, 316, -1, 467, 179, 7.9, 22, ABprppppapa, 224, 29690, 13776, 464, , 29690, 25000, 29665, 29668, 0, 
419, 1, 184, 181, -1, 433, 218, 13.1, 22, ABplppaappp, 172, 29086, 13496, 464, , 29086, 25000, 28118, 28330, 0, 
420, 1, 71, 380, -1, 483, 241, 18.4, 29, Z3, 290, 27148, 31383, 1156, , 27148, 25000, 28051, 28067, 0, 
421, 1, 502, 364, -1, 173, 237, 10.9, 22, ABalaapaapa, 160, 26099, 12110, 464, , 26099, 25000, 28543, 28935, 0, 
422, 1, 265, 68, -1, 507, 210, 25.4, 30, ABplapapaa, 298, 28195, 32593, 1156, , 28195, 25000, 27793, 27800, 0, 
423, 1, 7, 35, -1, 286, 338, 8.6, 26, ABpraapapap, 249, 28696, 23875, 832, , 28696, 25000, 29311, 29616, 0, 
424, 1, 52, 444, -1, 283, 374, 7.8, 27, ABarpppaap, 272, 27876, 24196, 868, , 27876, 25000, 30451, 30568, 0, 
425, 1, 125, 480, -1, 383, 212, 11.2, 24, ABarappappa, -176, 28547, 18727, 656, , 28547, 25000, 28206, 28355, 0, 
426, 1, 31, 169, -1, 168, 212, 16.4, 24, Nuc232_16_181_214, 214, 26573, 18601, 700, , 26573, 25000, 27779, 27778, 0, 
427, 1, 49, 311, -1, 185, 215, 7.9, 22, ABpraaaaaap, 264, 28647, 13292, 464, , 28647, 25000, 30654, 30434, 0, 
428, 1, 145, 407, -1, 552, 237, 18.5, 31, Eplpa, 316, 27890, 34360, 1232, , 27890, 25000, 29131, 29293, 0, 
429, 1, 256, 91, -1, 140, 250, 19.8, 22, ABarpaaaapa, 201, 27692, 13735, 496, , 27692, 25000, 28091, 28296, 0, 
430, 1, 399, 26, -1, 534, 136, 18.7, 26, ABplapapppp, 260, 27526, 23562, 856, , 27526, 25000, 28583, 28577, 0, 
431, 1, 510, 70, -1, 296, 296, 14.1, 21, ABarapaapppp, 150, 28376, 9875, 348, , 28376, 25000, 28074, 28528, 0, 
432, 1, 149, 38, -1, 327, 170, 23.9, 23, ABplpaappapp, 207, 28722, 14246, 496, , 28722, 25000, 28719, 28702, 0, 
433, 1, 511, -1, -1, 254, 167, 11.9, 20, ABalppapppap, 84, 26845, 8483, 316, , 26845, 25000, 28789, 28832, 0, 
434, 0, 228, -1, -1, 203, 177, 23.4, 22, , 177, -396, 16689, 572, , 29177, 25000, 29721, 29573, 0, 
435, 1, 465, 323, -1, 364, 235, 10.0, 22, ABprpapppap, 187, 29198, 11212, 384, , 29198, 25000, 28905, 29074, 0, 
436, 1, 89, 121, -1, 228, 171, 18.1, 21, Nuc233_17_217_169p, 168, 29796, 10369, 348, , 29796, 25000, 28857, 29059, 0, 
437, 1, 172, 87, -1, 444, 245, 11.0, 22, ABprppapppa, 180, 29841, 11459, 384, , 29841, 25000, 28234, 28393, 0, 
438, 1, 461, 299, -1, 277, 191, 16.7, 25, MSapaaaa, 187, 29317, 22398, 764, , 29317, 25000, 28584, 28613, 0, 
439, 1, 428, 328, -1, 290, 256, 22.6, 23, ABalpaapapp, 214, 27228, 17426, 640, , 27228, 25000, 29023, 29064, 0, 
440, 1, 379, 421, -1, 459, 218, 13.5, 23, ABprpapappp, 196, 27187, 17182, 632, , 27187, 25000, 28347, 28220, 0, 
441, 1, 44, 250, -1, 374, 367, 18.9, 22, MSaaappp, 202, 27983, 12984, 464, , 27983, 25000, 28124, 28305, 0, 
442, 1, 249, 477, -1, 324, 156, 13.5, 22, ABplpapaaap, 186, 28986, 14841, 512, , 28986, 25000, 28850, 29108, 0, 
443, 1, 94, 171, -1, 222, 193, 5.8, 24, ABprpaapapp, 186, 44320, 29074, 656, , 44320, 25000, 40373, 40024, 0, 
444, 1, 366, 365, -1, 517, 159, 10.3, 22, Cpppppv, 208, 27479, 14399, 524, , 27479, 25000, 28778, 28731, 0, 
445, 1, 495, 502, -1, 489, 137, 20.9, 26, ABplapppaaa, -114, 27539, 22031, 800, , 27539, 25000, 28338, 28377, 0, 
446, 1, 88, 377, -1, 169, 162, 22.7, 24, ABplpaapapa, 41, 29107, 20491, 704, , 29107, 25000, 28033, 28212, 0, 
447, 1, 243, 319, -1, 291, 259, 5.0, 22, ABprppaaaap, -232, 40833, 15680, 384, , 40833, 25000, 39143, 38925, 0, 
448, 1, 78, 309, -1, 405, 233, 14.4, 24, ABplppapapa, 191, 27536, 19275, 700, , 27536, 25000, 28427, 28695, 0, 
449, 1, 431, 114, -1, 128, 214, 17.7, 24, ABalaaaarlaa, -40, 27732, 19523, 704, , 27732, 25000, 27656, 27529, 0, 
450, 1, 63, 374, -1, 184, 352, 23.5, 30, ABarpaapap, 304, 26860, 33092, 1232, , 26860, 25000, 27947, 27947, 0, 
451, 1, 307, 289, -1, 176, 218, 13.9, 23, ABaraaapppa, 183, 28474, 14123, 496, , 28474, 25000, 28249, 28307, 0, 
452, 1, 66, -1, -1, 145, 284, 13.4, 22, ABarpappaap, 180, 29890, 17097, 572, , 29890, 25000, 27590, 27610, 0, 
453, 1, 402, 192, -1, 412, 252, 21.0, 22, Capaaaa, 222, 27109, 10410, 384, , 27109, 25000, 28115, 28273, 0, 
454, 1, 91, 348, -1, 372, 193, 11.4, 24, ABplppaappa, 141, 28250, 19775, 700, , 28250, 25000, 28273, 27925, 0, 
455, 1, 369, 93, -1, 251, 302, 13.1, 23, ABarapaapaa, 119, 27194, 13488, 496, , 27194, 25000, 27622, 27588, 0, 
456, 0, 424, -1, -1, 550, 163, 7.1, 22, , 252, -2509, 14221, 464, , 30649, 25000, 32670, 33158, 0, 
457, 1, 491, 507, -1, 209, 228, 10.4, 20, ABarappppap, 264, 27500, 11330, 412, , 27500, 25000, 28774, 28372, 0, 
458, 1, 377, 433, -1, 182, 145, 17.8, 20, ABalppaaapa, 518, 27126, 10742, 396, , 27126, 25000, 27151, 27074, 0, 
459, 1, 188, 441, -1, 496, 202, 14.8, 22, ABplppppaap, 359, 29724, 14743, 496, , 29724, 25000, 29043, 29081, 0, 
460, 1, 512, 496, -1, 553, 207, 26.0, 35, Cpapap, 335, 28315, 63765, 2252, , 28315, 25000, 28372, 28352, 0, 
461, 1, 237, 386, -1, 303, 331, 20.2, 22, MSaaaapap, 66, 28165, 13970, 496, , 28165, 25000, 28889, 28665, 0, 
462, 1, 477, 419, -1, 329, 188, 12.3, 22, Nuc233_12_331_178, 6, 26962, 14128, 524, , 26962, 25000, 28460, 28856, 0, 
463, 1, 450, 214, -1, 278, 129, 17.5, 22, Nuc232_18_279_141, 184, 29723, 15218, 512, , 29723, 25000, 28301, 28213, 0, 
464, 1, 114, 29, -1, 175, 256, 13.9, 21, ABalaapaaar, -21, 28207, 9816, 348, , 28207, 25000, 28636, 28970, 0, 
465, 1, 162, 479, -1, 252, 233, 16.0, 22, Nuc233_14_250_214, -23, 26898, 10329, 384, , 26898, 25000, 28280, 28248, 0, 
466, 1, 62, 485, -1, 487, 256, 10.2, 23, ABprpppppaa, 305, 26844, 14496, 540, , 26844, 25000, 27806, 27831, 0, 
467, 1, 28, 233, -1, 197, 171, 14.9, 22, ABalppapaap, 299, 27890, 12941, 464, , 27890, 25000, 29367, 29374, 0, 
468, 1, 524, -1, -1, 348, 327, 21.7, 22, MSaaapapa, 86, 27397, 14356, 524, , 27397, 25000, 28181, 28221, 0, 
469, 1, 453, 429, -1, 247, 164, 21.7, 21, ABalapaapaa, 13, 26564, 12538, 472, , 26564, 25000, 28662, 28788, 0, 
470, 1, 286, 31, -1, 277, 228, 15.0, 22, Nuc233_14_264_225, 461, 30216, 11603, 384, , 30216, 25000, 28083, 28101, 0, 
471, 0, 452, -1, -1, 476, 285, 11.0, 22, , -169, -1461, 10271, 384, , 26747, 25000, 28080, 28208, 0, 
472, 1, 425, 400, -1, 590, 205, 9.4, 29, Caappd, 343, 27226, 31473, 1156, , 27226, 25000, 28351, 28388, 0, 
473, 1, 490, 197, -1, 271, 256, 14.8, 21, ABarapaaapa, -169, 28100, 12027, 428, , 28100, 25000, 28515, 28224, 0, 
474, 1, 173, 139, -1, 282, 369, 18.3, 23, MSpaaappa, 432, 29475, 17449, 592, , 29475, 25000, 28450, 28473, 0, 
475, 1, 418, 255, 300, 174, 233, 24.0, 22, ABalapapppa, -54, 30581, 11743, 384, , 30581, 25000, 28465, 28347, 0, 
476, 1, 513, 450, -1, 230, 272, 18.9, 22, ABaraaaaaapa, 97, 26888, 12476, 464, , 26888, 25000, 27580, 27539, 0, 
477, 1, 182, 516, -1, 170, 177, 19.7, 24, ABalpppaapd, -126, 28969, 20394, 704, , 28969, 25000, 28143, 28212, 0, 
478, 1, 356, 17, -1, 218, 332, 9.8, 24, Nuc233_11_192_311, 408, 27710, 18178, 656, , 27710, 25000, 29173, 29611, 0, 
479, 1, 481, -1, -1, 389, 257, 26.7, 25, ABarppapap, -38, 28692, 21921, 764, , 28692, 25000, 28574, 28558, 0, 
480, 1, 252, 436, -1, 250, 339, 15.2, 23, ABaraaapapa, 57, 27911, 15072, 540, , 27911, 25000, 28881, 28712, 0, 
481, 1, 295, 379, -1, 208, 144, 17.9, 22, ABalpppaaap, -126, 29153, 13527, 464, , 29153, 25000, 28150, 28261, 0, 
482, 0, 183, -1, -1, 281, 266, 20.8, 22, , -2, 362, 14594, 496, , 29423, 25000, 28886, 29061, 0, 
483, 1, 414, 325, -1, 214, 311, 5.3, 23, ABpraaappppa, 172, 45417, 26887, 592, , 45417, 25000, 41613, 41602, 0, 
484, 1, 131, 276, -1, 450, 199, 16.8, 23, ABplpppaaap, -50, 28187, 15221, 540, , 28187, 25000, 29630, 29666, 0, 
485, 1, 376, 459, -1, 275, 222, 20.2, 25, ABalpappaap, -240, 26925, 18955, 704, , 26925, 25000, 28287, 28700, 0, 
486, 1, 422, 383, -1, 310, 241, 13.7, 21, ABalpappppap, 114, 28070, 13249, 472, , 28070, 25000, 27973, 28124, 0, 
487, 1, 106, 369, -1, 271, 190, 11.2, 29, ABarappapaaa, 348, 28671, 31882, 1112, , 28671, 25000, 28663, 28626, 0, 
488, 1, 214, 140, -1, 450, 216, 15.2, 25, ABplppapppp, 239, 29344, 20658, 704, , 29344, 25000, 28046, 27985, 0, 
489, 1, 141, 80, -1, 168, 280, 22.0, 21, ABalapapapp, 256, 28617, 10989, 384, , 28617, 25000, 28436, 28451, 0, 
490, 1, 459, 494, -1, 156, 227, 9.4, 22, ABalaaapprr, 130, 28612, 16366, 572, , 28612, 25000, 28433, 28551, 0, 
491, 1, 392, 403, -1, 302, 141, 20.4, 26, ABplpaaaaap, -63, 28347, 23585, 832, , 28347, 25000, 28929, 29240, 0, 
492, 1, 460, 213, -1, 213, 189, 17.6, 24, Nuc233_17_217_169a, 73, 28646, 20052, 700, , 28646, 25000, 28373, 28561, 0, 
493, 1, 275, 461, -1, 200, 228, 20.7, 21, ABalaaapalr, 86, 27083, 12783, 472, , 27083, 25000, 28739, 29000, 0, 
494, 1, 403, 49, -1, 205, 164, 19.6, 21, ABalaaaalpa, 67, 28578, 14975, 524, , 28578, 25000, 28960, 28986, 0, 
495, 1, 338, -1, -1, 320, 377, 13.1, 22, Dpaap, -10, 29634, 13750, 464, , 29634, 25000, 28294, 28445, 0, 
496, 1, 246, 100, -1, 390, 232, 13.5, 22, ABplppappap, 212, 28092, 14383, 512, , 28092, 25000, 28335, 28473, 0, 
497, 1, 48, 306, -1, 270, 287, 23.1, 22, Nuc240_22_275_291a, 115, 29155, 13528, 464, , 29155, 25000, 28523, 28436, 0, 
498, 1, 514, 486, -1, 180, 164, 18.7, 20, ABalaaapall, -4, 28111, 10345, 368, , 28111, 25000, 28038, 28066, 0, 
499, 1, 515, 36, -1, 445, 401, 13.9, 25, Dppppp, 215, 26907, 18512, 688, , 26907, 25000, 28869, 28856, 0, 
500, 1, 516, 476, -1, 128, 237, 16.8, 24, ABarpaaaaarp, -49, 28329, 18584, 656, , 28329, 25000, 28389, 28600, 0, 
501, 1, 517, 148, -1, 581, 314, 10.1, 29, Caaapp, 248, 27738, 33507, 1208, , 27738, 25000, 28538, 28556, 0, 
502, 1, 518, 185, -1, 106, 244, 17.9, 20, ABarpaaaaara, 122, 27180, 8589, 316, , 27180, 25000, 28568, 28418, 0, 
503, 1, 60, 500, -1, 239, 185, 20.6, 21, ABalppappaa, 290, 28183, 14768, 524, , 28183, 25000, 28141, 28630, 0, 
504, 1, 519, 505, -1, 276, 302, 6.8, 22, Nuc234_7_273_303, 110, 31058, 15405, 496, , 31058, 25000, 33324, 33165, 0, 
505, 1, 520, 509, -1, 327, 173, 18.0, 22, MSappapp, 26, 26995, 10366, 384, , 26995, 25000, 28581, 28581, 0, 
506, 1, 521, 327, -1, 229, 302, 15.7, 22, ABaraaapaap, 39, 28021, 14683, 524, , 28021, 25000, 28826, 28531, 0, 
507, 1, 522, 510, -1, 334, 351, 15.1, 22, MSpaapapa, 220, 27082, 12566, 464, , 27082, 25000, 28342, 28515, 0, 
508, 1, 523, 511, -1, 319, 395, 16.4, 27, Dpppaa, 191, 28220, 27881, 988, , 28220, 25000, 28288, 28333, 0, 
509, 1, 177, 514, -1, 322, 319, 25.0, 21, ABaraapapapa, 142, 29565, 11353, 384, , 29565, 25000, 28876, 28924, 0, 
510, 1, 525, 517, -1, 325, 192, 24.5, 20, ABplpaappapa, 189, 26974, 11221, 416, , 26974, 25000, 28390, 28061, 0, 
511, 1, 352, 498, -1, 341, 307, 10.5, 23, MSpapaapa, 138, 30753, 19436, 632, , 30753, 25000, 29066, 29067, 0, 
512, 1, 479, 141, -1, 187, 267, 24.5, 22, ABplaaaaappp, 225, 27699, 14182, 512, , 27699, 25000, 27803, 27880, 0, 
513, 1, 528, 483, -1, 206, 337, 19.066668, 21, MSaaaaapaa, 61, 27936, 9163, 328, , 27936, 25000, 28124, 28426, 0, 
514, 1, 529, 518, -1, 298, 285, 23.0, 22, MSaaapaap, 136, 28078, 10782, 384, , 28078, 25000, 29050, 28970, 0, 
515, 1, 530, 342, -1, 360, 253, 21.0, 24, MSaapaapa, 158, 29220, 17766, 608, , 29220, 25000, 29447, 29555, 0, 
516, 1, 485, 519, -1, 360, 243, 17.0, 23, MSaapaaap, 357, 29307, 15005, 512, , 29307, 25000, 29639, 29054, 0, 
517, 1, 531, 188, -1, 377, 265, 15.0, 22, MSaappaa, 98, 29029, 11147, 384, , 29029, 25000, 30282, 31300, 0, 
518, 1, 532, 520, -1, 410, 236, 19.0, 24, MSaappppa, 54, 26837, 16317, 608, , 26837, 25000, 28155, 28159, 0, 
519, 1, 533, 521, -1, 445, 248, 20.0, 22, MSaappppp, 171, 27490, 10556, 384, , 27490, 25000, 29108, 29181, 0, 
520, 1, 534, 522, -1, 492, 230, 21.0, 24, MSappaap, 207, 27719, 16853, 608, , 27719, 25000, 28154, 28239, 0, 
521, 1, 535, 523, -1, 296, 183, 25.0, 23, Nuc234_25_278_177, 166, 26666, 13653, 512, , 26666, 25000, 29716, 29782, 0, 
522, 1, 536, 345, -1, 224, 260, 23.0, 22, MSapaaap, 192, 26214, 10066, 384, , 26214, 25000, 28388, 28563, 0, 
523, 1, 312, 524, -1, 260, 349, 24.800001, 25, MSappppp, 260, 33342, 23473, 704, , 33342, 25000, 31874, 31830, 0, 
524, 1, 537, 525, -1, 356, 355, 16.0, 23, MSpaapapp, 220, 27871, 14270, 512, , 27871, 25000, 28594, 28502, 0, 
525, 1, 416, 526, -1, 365, 304, 8.0, 23, MSpapppapa, 191, 28258, 14468, 512, , 28258, 25000, 31013, 30767, 0, 
526, 1, 538, 527, -1, 283, 299, 10.0, 22, MSppppaa, 578, 27867, 10701, 384, , 27867, 25000, 27911, 27975, 0, 
527, 1, 539, 528, -1, 496, 303, 9.0, 25, MSpppaap, 136, 28034, 21418, 764, , 28034, 25000, 28292, 28462, 0, 
528, 1, 540, 529, -1, 241, 321, 20.0, 22, MSaaaaapap, 128, 27732, 10649, 384, , 27732, 25000, 28803, 28770, 0, 
529, 1, 121, 530, -1, 357, 289, 22.0, 24, MSaapappa, 154, 29895, 18176, 608, , 29895, 25000, 29455, 29590, 0, 
530, 1, 541, 531, -1, 386, 223, 18.0, 22, MSaapppap, 54, 28109, 10794, 384, , 28109, 25000, 29064, 28429, 0, 
531, 1, 542, 532, -1, 370, 270, 11.0, 22, MSpapapap, 194, 44995, 17278, 384, , 44995, 25000, 33022, 33456, 0, 
532, 1, 543, 533, -1, 338, 199, 14.0, 25, ABplpappaap, 260, 28433, 21723, 764, , 28433, 25000, 29003, 29006, 0, 
533, 1, 544, 260, -1, 228, 253, 14.0, 21, ABaraaaaapa, 171, 27471, 10549, 384, , 27471, 25000, 27792, 27895, 0, 
534, 1, 545, 534, -1, 179, 242, 20.0, 24, ABalapappaa, -6, 26288, 15983, 608, , 26288, 25000, 28356, 28504, 0, 
