1, 1, 56, 165, -1, 282, 126, 15.4, 25, ABplpaapppp, 248, 28476, 23692, 832, , 28476, 25000, 28212, 28206, 0, 
2, 1, 251, 21, -1, 262, 152, 17.1, 26, ABplpaaappp, 262, 27655, 22124, 800, , 27655, 25000, 27873, 27822, 0, 
3, 1, 7, 426, -1, 212, 258, 10.1, 23, ABarappppaa, 55, 27240, 13511, 496, , 27240, 25000, 28771, 28821, 0, 
4, 1, 388, 219, -1, 267, 145, 21.5, 24, ABalpppapav, 263, 28359, 21780, 768, , 28359, 25000, 29156, 29049, 0, 
5, 1, 260, 479, -1, 220, 318, 24.8, 23, MSaaapaaa, 228, 28013, 15127, 540, , 28013, 25000, 28957, 28960, 0, 
6, 1, 293, 429, -1, 528, 198, 6.0, 22, ABprapppaaa, 196, 43492, 16701, 384, , 43492, 25000, 38324, 38409, 0, 
7, 1, 156, 345, -1, 251, 203, 6.6, 22, ABprpaapppp, 223, 31212, 17853, 572, , 31212, 25000, 34766, 34785, 0, 
8, 1, 206, 112, -1, 414, 316, 5.8, 26, ABprappaaa, 247, 36868, 29347, 796, , 36868, 25000, 33215, 33233, 0, 
9, 1, 332, 338, -1, 277, 204, 8.9, 22, ABarappapaap, 227, 28453, 13202, 464, , 28453, 25000, 28504, 28585, 0, 
10, 1, 54, 249, -1, 324, 343, 21.3, 22, MSpaaapaa, 187, 27740, 14536, 524, , 27740, 25000, 29766, 29789, 0, 
11, 1, 289, 94, -1, 449, 131, 14.0, 24, ABplappppa, 114, 26503, 16114, 608, , 26503, 25000, 28277, 28209, 0, 
12, 1, 297, 117, -1, 182, 182, 22.0, 23, ABplaapaapa, 413, 28443, 14563, 512, , 28443, 25000, 29128, 28915, 0, 
13, 1, 308, 227, -1, 320, 293, 12.2, 23, ABaraappppp, 133, 27880, 15055, 540, , 27880, 25000, 28902, 28999, 0, 
14, 1, 174, 379, -1, 427, 270, 24.9, 24, ABplappapaa, 242, 30207, 18245, 604, , 30207, 25000, 28716, 28710, 0, 
15, 1, 274, 123, -1, 335, 244, 20.5, 25, ABaraapapppa, 106, 28029, 21526, 768, , 28029, 25000, 28596, 28894, 0, 
16, 1, 16, 359, -1, 425, 259, 10.3, 23, ABprppapapa, 199, 29233, 17306, 592, , 29233, 25000, 28698, 28925, 0, 
17, 1, 478, 331, 509, 213, 337, 10.9, 22, Nuc233_11_192_311, 165, 28392, 13174, 464, , 28392, 25000, 27551, 27417, 0, 
18, 1, 269, 186, -1, 496, 225, 7.5, 24, Cppappp, 136, 29203, 22428, 768, , 29203, 25000, 31465, 31551, 0, 
19, 1, 374, 370, -1, 315, 344, 16.0, 22, MSpaapaaa, 226, 27505, 10562, 384, , 27505, 25000, 28676, 28903, 0, 
20, 1, 266, 114, -1, 232, 155, 11.5, 22, ABplaappaa, 5, 28229, 14453, 512, , 28229, 25000, 28274, 28291, 0, 
21, 0, 231, -1, -1, 254, 266, 8.8, 23, , 193, 1767, 16838, 540, , 31181, 25000, 29246, 29414, 0, 
22, 1, 204, 487, -1, 468, 181, 14.1, 22, ABplpapppaa, 176, 27459, 12741, 464, , 27459, 25000, 28792, 28991, 0, 
23, 1, 14, 347, -1, 375, 275, 24.5, 27, ABarppaapp, 214, 28097, 25175, 896, , 28097, 25000, 28025, 28025, 0, 
24, 1, 256, 243, -1, 563, 178, 9.6, 23, ABprapapppp, 207, 27917, 17867, 640, , 27917, 25000, 28976, 29101, 0, 
25, 1, 281, 206, -1, 506, 141, 16.6, 23, ABplapppapp, 210, 26927, 17233, 640, , 26927, 25000, 28393, 28638, 0, 
26, 1, 430, 22, -1, 532, 133, 18.9, 25, ABplapapppp, 250, 27705, 19061, 688, , 27705, 25000, 28526, 28577, 0, 
27, 1, 51, 403, -1, 383, 302, 12.5, 22, MSpapappp, 196, 27508, 14084, 512, , 27508, 25000, 29385, 29344, 0, 
28, 1, 267, 51, -1, 288, 208, 25.7, 25, ABplaapappp, 215, 27579, 21070, 764, , 27579, 25000, 29097, 29206, 0, 
29, 1, 464, 125, -1, 176, 256, 13.6, 22, ABalaapaaar, 200, 27944, 15984, 572, , 27944, 25000, 28125, 28404, 0, 
30, 1, 362, 245, -1, 290, 275, 13.7, 23, ABarapapppp, 227, 26282, 15559, 592, , 26282, 25000, 28705, 28956, 0, 
31, 1, 470, 276, -1, 274, 229, 15.5, 22, Nuc233_14_264_225, 168, 27582, 14122, 512, , 27582, 25000, 28760, 28966, 0, 
32, 1, 364, 354, -1, 324, 233, 16.0, 22, MSaapaaaa, 189, 27203, 10446, 384, , 27203, 25000, 28765, 28819, 0, 
33, 1, 48, 234, -1, 306, 260, 19.9, 22, ABalpaaappp, 202, 27147, 12596, 464, , 27147, 25000, 28471, 28545, 0, 
34, 1, 3, 268, -1, 505, 132, 8.3, 24, Nuc233_8_515_139, 49, 30402, 21403, 704, , 30402, 25000, 30050, 30041, 0, 
35, 1, 423, 25, -1, 279, 337, 8.4, 25, ABpraapapap, 312, 27296, 22710, 832, , 27296, 25000, 29132, 29457, 0, 
36, 1, 499, 239, -1, 442, 402, 14.4, 26, Dppppp, 258, 28250, 23504, 832, , 28250, 25000, 29074, 29074, 0, 
37, 1, 15, 29, -1, 284, 232, 24.5, 24, ABplaapappa, 200, 28900, 22195, 768, , 28900, 25000, 29042, 29051, 0, 
38, 1, 432, 133, -1, 327, 166, 23.5, 23, ABplpaappapp, 203, 27381, 17305, 632, , 27381, 25000, 28090, 28249, 0, 
39, 1, 238, 28, -1, 312, 225, 18.6, 23, Nuc234_19_299_240, 198, 29822, 19086, 640, , 29822, 25000, 28548, 28639, 0, 
40, 1, 191, 116, -1, 395, 407, 15.0, 26, Dppppa, 243, 28891, 24615, 852, , 28891, 25000, 28489, 28471, 0, 
41, 1, 409, 308, -1, 342, 264, 11.5, 22, MSpapaaap, 191, 29205, 14953, 512, , 29205, 25000, 29627, 29541, 0, 
42, 1, 184, 423, -1, 481, 210, 12.9, 22, ABplpappppa, 201, 27944, 12966, 464, , 27944, 25000, 28038, 28222, 0, 
43, 1, 108, 374, -1, 537, 173, 21.0, 28, Cappapp, 280, 29798, 33612, 1128, , 29798, 25000, 29074, 29105, 0, 
44, 1, 314, 222, -1, 455, 314, 6.2, 27, ABprappaap, 428, 31915, 27702, 868, , 31915, 25000, 32976, 33049, 0, 
45, 1, 406, 291, -1, 275, 139, 23.6, 23, ABalpppppppp, 228, 29223, 18703, 640, , 29223, 25000, 29228, 29138, 0, 
46, 1, 358, 339, -1, 293, 161, 10.0, 22, ABprpappaap, 98, 27836, 10689, 384, , 27836, 25000, 29236, 29121, 0, 
47, 1, 200, 373, -1, 217, 219, 22.6, 26, ABalapaaaap, 194, 27772, 23106, 832, , 27772, 25000, 28441, 28645, 0, 
48, 1, 223, 449, -1, 354, 378, 9.7, 26, ABarpppapp, 260, 28006, 23973, 856, , 28006, 25000, 28725, 28745, 0, 
49, 1, 494, 83, -1, 208, 167, 18.9, 23, ABalaaaalpa, 51, 28821, 14295, 496, , 28821, 25000, 28040, 28099, 0, 
50, 1, 20, 391, -1, 545, 303, 6.7, 28, ABprapapaa, 281, 32244, 34308, 1064, , 32244, 25000, 34960, 34978, 0, 
51, 1, 134, 442, -1, 181, 256, 6.5, 24, ABpraaaaaaa, 232, 36951, 28378, 768, , 36951, 25000, 36692, 36921, 0, 
52, 1, 113, 406, -1, 241, 350, 8.7, 26, ABpraapappp, 284, 27653, 23671, 856, , 27653, 25000, 28643, 28671, 0, 
53, 1, 78, 204, -1, 216, 300, 20.4, 30, ABaraapaaap, 292, 27649, 31962, 1156, , 27649, 25000, 28317, 28138, 0, 
54, 1, 306, 163, -1, 519, 112, 16.8, 25, ABplappppp, 253, 27716, 19512, 704, , 27716, 25000, 28217, 28213, 0, 
55, 1, 262, 326, -1, 503, 244, 12.3, 24, MSppaapp, 232, 27537, 19386, 704, , 27537, 25000, 28269, 28131, 0, 
56, 0, 65, -1, -1, 271, 305, 14.8, 24, , 13, 259, 19373, 656, , 29532, 25000, 29185, 29273, 0, 
57, 1, 307, 189, -1, 312, 223, 23.9, 23, ABplaapapap, 61, 28296, 14035, 496, , 28296, 25000, 28127, 28140, 0, 
58, 1, 382, 342, -1, 323, 163, 15.0, 22, ABplpapapap, 227, 30799, 11827, 384, , 30799, 25000, 28496, 28631, 0, 
59, 1, 336, 281, -1, 524, 338, 23.8, 28, Cappaap, 284, 28686, 30178, 1052, , 28686, 25000, 29327, 29240, 0, 
60, 1, 212, 119, -1, 122, 291, 15.2, 24, ABarpaaapap, 236, 27602, 18107, 656, , 27602, 25000, 28296, 28296, 0, 
61, 1, 32, 279, -1, 402, 266, 10.3, 26, ABprppappap, 149, 26938, 23059, 856, , 26938, 25000, 29054, 28946, 0, 
62, 1, 59, 419, 467, 510, 175, 7.1, 26, ABprpppaapp, 227, 30653, 24522, 800, , 30653, 25000, 33917, 33708, 0, 
63, 1, 363, 480, -1, 561, 131, 12.5, 23, Caappv, 230, 27312, 17261, 632, , 27312, 25000, 27768, 27936, 0, 
64, 0, 132, -1, -1, 84, 262, 15.9, 24, , 127, 3411, 18458, 604, , 30560, 25000, 27154, 27149, 0, 
65, 1, 340, 454, -1, 475, 326, 8.9, 24, Cppaapa, 240, 29757, 17973, 604, , 29757, 25000, 29360, 29381, 0, 
66, 0, 178, -1, -1, 268, 349, 5.4, 22, , 152, 4765, 25756, 572, , 45028, 25000, 40231, 40263, 0, 
67, 1, 232, 275, -1, 485, 172, 9.8, 23, ABprppppapp, 211, 27856, 15042, 540, , 27856, 25000, 28994, 29073, 0, 
68, 1, 422, 456, -1, 507, 210, 25.5, 29, ABplapapaa, 290, 28347, 30615, 1080, , 28347, 25000, 28110, 28124, 0, 
69, 1, 64, 418, -1, 333, 249, 7.2, 23, ABprapaapaap, 171, 29044, 15684, 540, , 29044, 25000, 31759, 32206, 0, 
70, 1, 431, 420, -1, 292, 296, 13.7, 22, ABarapaapppp, 154, 27036, 14167, 524, , 27036, 25000, 29420, 30038, 0, 
71, 1, 356, 446, -1, 481, 332, 14.6, 29, Epraaa, 294, 29551, 34161, 1156, , 29551, 25000, 28939, 29009, 0, 
72, 1, 179, 132, -1, 315, 371, 19.1, 24, MSpaaappp, 244, 27349, 16519, 604, , 27349, 25000, 28446, 28612, 0, 
73, 0, 42, -1, -1, 323, 209, 26.9, 23, , 199, -1911, 13864, 496, , 27952, 25000, 29890, 29863, 0, 
74, 1, 254, 210, -1, 216, 208, 9.5, 30, ABprpaaapaa, 294, 27063, 33342, 1232, , 27063, 25000, 29274, 29206, 0, 
75, 0, 110, -1, -1, 323, 160, 6.8, 24, , -22, -760, 23668, 656, , 36079, 25000, 35724, 36839, 0, 
76, 1, 115, 262, -1, 587, 197, 20.7, 28, Capppap, 284, 29101, 30963, 1064, , 29101, 25000, 29061, 29066, 0, 
77, 1, 125, 207, -1, 204, 321, 14.4, 25, MSppaaap, 220, 26838, 22329, 832, , 26838, 25000, 28468, 28441, 0, 
78, 1, 186, 309, -1, 485, 201, 10.1, 22, ABplpapppap, 178, 27707, 12856, 464, , 27707, 25000, 29059, 29304, 0, 
79, 1, 216, 201, -1, 220, 328, 16.8, 25, ABaraappapa, 369, 28257, 19893, 704, , 28257, 25000, 27715, 27783, 0, 
80, 1, 489, 500, -1, 165, 278, 22.0, 21, ABalapapapp, 126, 28883, 11091, 384, , 28883, 25000, 29397, 29583, 0, 
81, 1, 198, 197, -1, 349, 207, 6.6, 26, ABarappappp, 112, 33024, 27476, 832, , 33024, 25000, 32635, 32629, 0, 
82, 1, 139, 39, -1, 250, 245, 21.4, 24, ABaraaaaaapp, 229, 27647, 19353, 700, , 27647, 25000, 28703, 28714, 0, 
83, 1, 334, 78, -1, 250, 218, 19.1, 23, Nuc233_19_241_214, 35, 25911, 12852, 496, , 25911, 25000, 28230, 28163, 0, 
84, 1, 273, 255, -1, 225, 275, 5.4, 24, ABpraaaapava, 337, 41199, 28839, 700, , 41199, 25000, 37570, 37379, 0, 
85, 1, 122, 225, -1, 376, 243, 18.4, 22, MSaapapaa, 200, 40323, 23065, 572, , 40323, 25000, 29977, 30084, 0, 
86, 1, 61, 333, -1, 555, 209, 6.4, 23, ABprapppaap, 228, 33694, 21564, 640, , 33694, 25000, 36224, 36125, 0, 
87, 1, 437, 484, -1, 442, 244, 11.2, 22, ABprppapppa, 179, 27935, 13856, 496, , 27935, 25000, 27902, 27634, 0, 
88, 1, 58, 431, -1, 181, 228, 6.4, 24, ABpraaaapad, 216, 33979, 23785, 700, , 33979, 25000, 38305, 38587, 0, 
89, 1, 30, 237, -1, 247, 257, 13.6, 24, ABarapaaaaa, 64, 28431, 19902, 700, , 28431, 25000, 27972, 27961, 0, 
90, 1, 188, 319, -1, 220, 362, 12.2, 23, ABarpppaaa, 282, 27015, 14588, 540, , 27015, 25000, 28007, 27975, 0, 
91, 1, 429, 299, -1, 141, 250, 19.8, 22, ABarpaaaapa, 224, 29466, 14615, 496, , 29466, 25000, 28573, 28536, 0, 
92, 1, 4, 30, -1, 235, 137, 21.5, 24, ABalpppaaaa, 213, 28361, 21781, 768, , 28361, 25000, 28042, 28062, 0, 
93, 1, 455, 10, -1, 247, 303, 13.1, 23, ABarapaapaa, 193, 27514, 13647, 496, , 27514, 25000, 28005, 28249, 0, 
94, 1, 92, 89, -1, 286, 305, 5.4, 22, ABprpaappap, 227, 38149, 21821, 572, , 38149, 25000, 36248, 36612, 0, 
95, 1, 311, 387, -1, 497, 328, 19.6, 30, Eplaa, 305, 28080, 32460, 1156, , 28080, 25000, 29053, 29057, 0, 
96, 1, 9, 474, -1, 382, 242, 10.9, 23, ABprppappaa, 166, 27141, 13462, 496, , 27141, 25000, 28985, 28873, 0, 
97, 1, 347, 31, -1, 549, 119, 15.8, 22, Cpappv, 198, 28151, 13963, 496, , 28151, 25000, 28046, 28188, 0, 
98, 1, 10, 33, -1, 294, 253, 15.7, 23, ABalpappppaa, 3, 28985, 17159, 592, , 28985, 25000, 28954, 29042, 0, 
99, 1, 124, 80, -1, 244, 299, 4.5, 22, ABprpaaaaapa, 190, 38744, 19837, 512, , 38744, 25000, 39266, 39268, 0, 
100, 1, 496, 398, -1, 386, 229, 13.3, 22, ABplppappap, 263, 27462, 14390, 524, , 27462, 25000, 28043, 28328, 0, 
101, 1, 249, 260, -1, 191, 351, 15.4, 26, MSppappa, 15, 28153, 23423, 832, , 28153, 25000, 28641, 28666, 0, 
102, 1, 121, 240, -1, 262, 147, 12.3, 24, ABalppapapa, 239, 28166, 19829, 704, , 28166, 25000, 28355, 28432, 0, 
103, 1, 94, 151, -1, 484, 160, 6.5, 24, ABprappppa, 100, 32936, 25295, 768, , 32936, 25000, 35798, 36342, 0, 
104, 0, 202, -1, -1, 175, 283, 12.3, 22, , -38, -984, 14531, 524, , 27731, 25000, 28749, 28715, 0, 
105, 1, 8, 11, -1, 245, 191, 22.5, 24, ABplpaapaaa, -76, 27077, 20795, 768, , 27077, 25000, 28025, 28062, 0, 
106, 1, 401, 53, -1, 271, 180, 12.5, 26, ABalpapapaa, 386, 27864, 24966, 896, , 27864, 25000, 28479, 28385, 0, 
107, 1, 341, 49, -1, 348, 349, 7.7, 23, ABprapaaapp, 236, 29486, 17456, 592, , 29486, 25000, 31406, 31535, 0, 
108, 1, 68, 47, -1, 309, 121, 19.5, 24, ABplppaaaaa, 225, 27081, 20798, 768, , 27081, 25000, 28270, 28423, 0, 
109, 1, 217, 286, -1, 269, 328, 22.1, 23, MSaaaaapp, 202, 29323, 14544, 496, , 29323, 25000, 28616, 28658, 0, 
110, 1, 29, 261, -1, 470, 161, 12.3, 23, ABplppppapp, 198, 28466, 16852, 592, , 28466, 25000, 28131, 28179, 0, 
111, 1, 275, 59, -1, 367, 328, 20.0, 22, MSaaapapp, 138, 27221, 10453, 384, , 27221, 25000, 28422, 28371, 0, 
112, 1, 183, 393, -1, 155, 333, 18.4, 25, MSppappp, -17, 27981, 23280, 832, , 27981, 25000, 28464, 28457, 0, 
113, 1, 72, 45, -1, 321, 169, 10.4, 24, ABplpaaaapa, 244, 28644, 20051, 700, , 28644, 25000, 28128, 28126, 0, 
114, 1, 449, 504, -1, 126, 215, 17.5, 25, ABalaaaarlaa, -48, 29424, 22598, 768, , 29424, 25000, 28195, 28532, 0, 
115, 1, 89, 183, -1, 130, 220, 15.4, 25, ABpraapaaaa, -12, 26273, 21859, 832, , 26273, 25000, 28130, 28357, 0, 
116, 1, 313, 195, -1, 507, 368, 11.6, 26, Cppapaa, 266, 27206, 22635, 832, , 27206, 25000, 28742, 28801, 0, 
117, 1, 224, 137, -1, 371, 238, 23.6, 25, ABplapaaapp, 209, 28644, 23832, 832, , 28644, 25000, 28521, 28546, 0, 
118, 1, 31, 274, -1, 473, 273, 8.0, 23, MSpappap, 225, 28818, 14755, 512, , 28818, 25000, 29740, 29744, 0, 
119, 1, 17, 290, -1, 550, 148, 9.1, 26, ABprappppp, 246, 26789, 21431, 800, , 26789, 25000, 27856, 27920, 0, 
120, 1, 337, 436, -1, 184, 274, 14.8, 23, ABalaapaaal, 197, 26474, 14296, 540, , 26474, 25000, 28702, 28847, 0, 
121, 1, 436, 428, -1, 230, 173, 17.2, 23, Nuc233_17_217_169p, 185, 28189, 15222, 540, , 28189, 25000, 28370, 28648, 0, 
122, 1, 372, 495, -1, 386, 279, 17.4, 24, MSaapappp, 179, 28381, 19867, 700, , 28381, 25000, 29139, 29474, 0, 
123, 1, 96, 448, -1, 212, 176, 10.8, 21, ABalpapaaapp, 150, 31570, 13512, 428, , 31570, 25000, 29035, 29116, 0, 
124, 1, 187, 181, -1, 357, 144, 14.7, 24, ABplapaapa, 103, 27209, 19155, 704, , 27209, 25000, 27536, 27603, 0, 
125, 0, 173, -1, -1, 337, 137, 9.9, 22, , -80, 1113, 13859, 464, , 29869, 25000, 28708, 28756, 0, 
126, 1, 145, 365, -1, 424, 243, 14.6, 22, ABplppapppa, 107, 27313, 15623, 572, , 27313, 25000, 27911, 27879, 0, 
127, 1, 222, 8, -1, 288, 230, 20.5, 25, ABalpapppaa, -44, 28926, 22215, 768, , 28926, 25000, 28021, 27898, 0, 
128, 1, 165, 153, -1, 170, 251, 16.1, 22, ABalaaaarrp, 185, 28944, 13430, 464, , 28944, 25000, 29044, 29159, 0, 
129, 1, 5, 168, -1, 152, 222, 17.8, 22, ABalaaaarlap, 197, 27948, 13862, 496, , 27948, 25000, 28505, 28423, 0, 
130, 1, 403, 215, -1, 550, 259, 15.3, 31, Eprpa, 313, 28485, 38968, 1368, , 28485, 25000, 29168, 29105, 0, 
131, 1, 305, 198, -1, 216, 180, 24.4, 27, ABplaapaapp, 248, 30128, 29766, 988, , 30128, 25000, 29219, 28960, 0, 
132, 1, 21, 412, -1, 207, 355, 9.5, 25, ABarpapppp, 250, 27542, 21152, 768, , 27542, 25000, 28767, 28794, 0, 
133, 1, 241, 76, -1, 182, 300, 23.5, 26, MSapappp, 250, 27772, 24884, 896, , 27772, 25000, 28465, 28391, 0, 
134, 1, 291, 58, -1, 499, 338, 6.5, 25, ABarpppppa, 253, 33262, 25545, 768, , 33262, 25000, 36046, 36074, 0, 
135, 1, 152, 166, -1, 502, 182, 18.9, 22, ABplpppppap, 225, 29181, 13540, 464, , 29181, 25000, 28669, 28697, 0, 
136, 1, 60, 108, -1, 205, 295, 9.6, 24, ABprpaapaaa, 198, 29031, 20322, 700, , 29031, 25000, 28855, 28693, 0, 
137, 1, 237, 457, -1, 241, 248, 11.2, 23, MSppaaaa, 188, 26744, 14442, 540, , 26744, 25000, 27860, 27906, 0, 
138, 1, 13, 440, -1, 277, 184, 22.4, 23, Nuc234_23_264_186, 232, 32167, 20587, 640, , 32167, 25000, 27991, 28165, 0, 
139, 1, 474, 145, -1, 281, 366, 18.3, 25, MSpaaappa, 225, 30233, 23098, 764, , 30233, 25000, 28582, 28639, 0, 
140, 1, 488, -1, -1, 448, 219, 15.3, 26, ABplppapppp, 228, 27792, 23790, 856, , 27792, 25000, 28014, 27820, 0, 
141, 1, 512, 409, -1, 185, 264, 25.0, 22, ABplaaaaappp, 211, 27620, 10606, 384, , 27620, 25000, 28495, 28436, 0, 
142, 1, 328, 12, -1, 363, 388, 12.9, 25, Dppap, 247, 28174, 19384, 688, , 28174, 25000, 28419, 28517, 0, 
143, 1, 150, 363, -1, 193, 271, 19.4, 23, MSaaaaaal, 202, 26977, 17265, 640, , 26977, 25000, 27855, 27789, 0, 
144, 1, 270, -1, -1, 245, 267, 20.6, 21, ABalpaaapaa, 148, 27700, 14515, 524, , 27700, 25000, 27890, 28040, 0, 
145, 1, 319, 17, -1, 440, 269, 22.0, 23, Capaaap, 185, 28172, 14424, 512, , 28172, 25000, 28342, 28293, 0, 
146, 1, 80, 101, -1, 274, 249, 12.9, 25, ABarapaaaap, 240, 28025, 19281, 688, , 28025, 25000, 28258, 28306, 0, 
147, 1, 345, 256, -1, 220, 272, 20.4, 24, ABaraapaaaa, 219, 28153, 19707, 700, , 28153, 25000, 27576, 27520, 0, 
148, 1, 501, 280, -1, 575, 313, 10.1, 28, Caaapp, 275, 26949, 29321, 1088, , 26949, 25000, 29031, 29022, 0, 
149, 1, 192, 304, -1, 246, 385, 13.7, 27, ABarpaappp, 274, 26503, 24489, 924, , 26503, 25000, 27678, 27727, 0, 
150, 1, 210, 334, -1, 586, 325, 15.5, 27, Cppppaa, 235, 27074, 24258, 896, , 27074, 25000, 28433, 28433, 0, 
151, 1, 274, 366, -1, 338, 236, 18.4, 26, ABaraapapppp, 136, 28335, 23575, 832, , 28335, 25000, 28656, 28535, 0, 
152, 1, 84, 41, -1, 281, 334, 13.0, 22, ABaraaapapp, 172, 26091, 10019, 384, , 26091, 25000, 28285, 28280, 0, 
153, 1, 35, 224, -1, 307, 143, 22.4, 24, ABplpaapaap, 279, 26356, 18449, 700, , 26356, 25000, 28557, 28657, 0, 
154, 1, 39, 266, -1, 314, 265, 11.6, 23, MSpapaaaa, 136, 28086, 17975, 640, , 28086, 25000, 28988, 29012, 0, 
155, 1, 259, 437, -1, 451, 304, 10.0, 23, MSpappppp, 220, 29018, 14857, 512, , 29018, 25000, 29129, 29085, 0, 
156, 1, 77, 265, -1, 294, 170, 7.0, 25, ABarappapap, 251, 31522, 24083, 764, , 31522, 25000, 33904, 34043, 0, 
157, 1, 300, 177, -1, 459, 206, 8.0, 23, ABprpppaaaa, 237, 28164, 14420, 512, , 28164, 25000, 29234, 29183, 0, 
158, 1, 252, 325, -1, 312, 348, 12.7, 24, ABaraapppap, 337, 29374, 20679, 704, , 29374, 25000, 28638, 28609, 0, 
159, 1, 400, 483, -1, 132, 256, 16.9, 22, ABarpaaapaa, 182, 28705, 13319, 464, , 28705, 25000, 28839, 28908, 0, 
160, 1, 330, 124, -1, 232, 290, 22.5, 26, ABaraapaapa, 175, 29845, 26741, 896, , 29845, 25000, 28232, 28300, 0, 
161, 1, 25, 100, -1, 381, 343, 14.1, 33, Earaa, 205, 27980, 48573, 1736, , 27980, 25000, 29375, 29455, 0, 
162, 1, 218, 42, -1, 289, 354, 21.9, 23, Nuc236_21_281_347, 133, 27163, 13473, 496, , 27163, 25000, 28628, 28703, 0, 
163, 1, 280, 327, -1, 216, 170, 8.8, 23, ABarapppapp, 208, 29850, 16119, 540, , 29850, 25000, 29001, 28731, 0, 
164, 1, 116, 86, -1, 499, 295, 5.8, 25, ABprappapp, 62, 38442, 27063, 704, , 38442, 25000, 37700, 37845, 0, 
165, 1, 227, 288, -1, 555, 248, 6.8, 25, ABarpppppp, 251, 30318, 21344, 704, , 30318, 25000, 34014, 34014, 0, 
166, 1, 271, 421, -1, 301, 373, 20.9, 23, MSaaaapaa, 204, 26875, 13330, 496, , 26875, 25000, 28955, 29251, 0, 
167, 1, 181, 346, -1, 330, 188, 15.4, 23, ABplpapapaa, 217, 27406, 17540, 640, , 27406, 25000, 29442, 29529, 0, 
168, 1, 323, 285, -1, 371, 231, 7.5, 24, ABprppapaaa, 406, 30254, 23235, 768, , 30254, 25000, 31057, 31128, 0, 
169, 1, 426, 405, -1, 181, 213, 16.4, 22, Nuc232_16_181_214, 189, 28642, 16383, 572, , 28642, 25000, 28536, 28435, 0, 
170, 1, 357, 52, -1, 203, 207, 18.4, 22, ABalaaaalal, 190, 27199, 15558, 572, , 27199, 25000, 28681, 28449, 0, 
171, 1, 443, 113, -1, 215, 191, 6.0, 24, ABprpaapapp, 218, 40368, 24544, 608, , 40368, 25000, 40166, 40063, 0, 
172, 1, 75, 348, -1, 304, 222, 5.9, 23, ABprppaapap, 126, 39722, 19702, 496, , 39722, 25000, 36571, 36683, 0, 
173, 1, 376, 377, -1, 407, 231, 11.9, 22, ABprpaaaappp, 256, 28293, 13128, 464, , 28293, 25000, 28317, 28279, 0, 
174, 1, 55, 455, -1, 307, 193, 22.5, 22, ABalpppppap, 202, 29725, 15219, 512, , 29725, 25000, 28745, 28999, 0, 
175, 1, 33, 264, -1, 326, 179, 26.3, 29, ABalppppppap, 261, 30583, 32663, 1068, , 30583, 25000, 29601, 29846, 0, 
176, 1, 193, 84, -1, 328, 135, 18.7, 25, ABplppaapap, 138, 26542, 20278, 764, , 26542, 25000, 28363, 28447, 0, 
177, 1, 303, 129, -1, 324, 299, 23.0, 27, ABaraapapapp, 105, 28462, 29373, 1032, , 28462, 25000, 28650, 28638, 0, 
178, 1, 81, 218, -1, 577, 241, 11.2, 26, Cpppapp, -202, 28476, 22667, 796, , 28476, 25000, 29890, 30002, 0, 
179, 1, 62, 63, -1, 359, 281, 13.3, 22, MSpapapaa, 178, 55803, 29241, 524, , 55803, 25000, 35150, 35116, 0, 
180, 1, 194, 458, -1, 216, 151, 15.9, 22, ABalppaappp, 152, 29009, 13460, 464, , 29009, 25000, 28928, 28971, 0, 
181, 1, 419, 34, -1, 431, 218, 13.1, 23, ABplppaappp, 181, 27794, 13786, 496, , 27794, 25000, 27919, 27973, 0, 
182, 1, 11, 451, -1, 458, 318, 17.5, 31, Ealap, 291, 27239, 33559, 1232, , 27239, 25000, 29492, 29518, 0, 
183, 1, 410, 64, -1, 226, 228, 25.0, 22, ABalpppappp, 225, 25849, 9926, 384, , 25849, 25000, 29313, 29682, 0, 
184, 1, 118, 46, -1, 324, 226, 11.1, 22, ABprpapapaa, -45, 27394, 12711, 464, , 27394, 25000, 28813, 28983, 0, 
185, 1, 502, 340, -1, 103, 249, 18.0, 22, ABarpaaaaara, 167, 28091, 10787, 384, , 28091, 25000, 27965, 28047, 0, 
186, 1, 355, 178, -1, 126, 267, 22.9, 27, ABplaaaapa, 143, 29873, 27125, 908, , 29873, 25000, 27738, 27761, 0, 
187, 1, 208, 54, -1, 139, 255, 7.7, 30, ABprpaapapa, 284, 29122, 38091, 1308, , 29122, 25000, 31326, 31344, 0, 
188, 1, 517, 69, -1, 375, 267, 14.2, 24, MSaappaa, 162, 29605, 19421, 656, , 29605, 25000, 32284, 31515, 0, 
189, 1, 40, 499, -1, 237, 287, 14.5, 22, ABaraaaaapp, 74, 28387, 14534, 512, , 28387, 25000, 27688, 27842, 0, 
190, 1, 301, 469, -1, 284, 166, 21.5, 23, ABalpppppaa, 213, 30438, 19237, 632, , 30438, 25000, 28916, 28915, 0, 
191, 1, 258, 74, -1, 359, 254, 14.5, 25, ABarapapapp, 116, 29027, 22293, 768, , 29027, 25000, 30266, 30265, 0, 
192, 1, 453, 433, -1, 409, 254, 20.9, 25, Capaaaa, 242, 28517, 19620, 688, , 28517, 25000, 27759, 27769, 0, 
193, 1, 27, 305, -1, 361, 293, 18.3, 22, MSaapaapp, 183, 30664, 16068, 524, , 30664, 25000, 30972, 30123, 0, 
194, 1, 240, 312, -1, 392, 197, 21.9, 24, ABplapaapp, 222, 27667, 16711, 604, , 27667, 25000, 27673, 27640, 0, 
195, 1, 299, 38, -1, 197, 148, 20.7, 26, Nuc232_19_207_150, -3, 28188, 24129, 856, , 28188, 25000, 29095, 29106, 0, 
196, 1, 383, -1, -1, 217, 286, 24.9, 22, MSapappa, 5, 28795, 13361, 464, , 28795, 25000, 27971, 28021, 0, 
197, 1, 473, 490, -1, 268, 252, 14.6, 21, ABarapaaapa, 167, 27244, 14276, 524, , 27244, 25000, 28278, 28202, 0, 
198, 1, 402, 138, -1, 404, 232, 9.3, 23, ABprpaaaappa, 221, 28813, 17057, 592, , 28813, 25000, 28088, 27945, 0, 
199, 1, 230, 417, -1, 467, 240, 7.8, 23, ABprpppaaap, 200, 29896, 16144, 540, , 29896, 25000, 29890, 29942, 0, 
200, 1, 377, 162, -1, 287, 355, 14.8, 25, ABaraappapp, 381, 28304, 19926, 704, , 28304, 25000, 28922, 29012, 0, 
201, 1, 43, 135, -1, 214, 220, 12.5, 28, ABarappaaaa, 108, 28250, 30510, 1080, , 28250, 25000, 28603, 28576, 0, 
202, 1, 114, 410, -1, 298, 194, 9.9, 22, ABprpapaaaa, 344, 29345, 13616, 464, , 29345, 25000, 28864, 28485, 0, 
203, 1, 37, 411, -1, 309, 217, 8.8, 22, ABprpapapap, 308, 29530, 14647, 496, , 29530, 25000, 30099, 29942, 0, 
204, 1, 294, 386, -1, 477, 175, 22.8, 25, ABplapapap, 253, 28768, 20253, 704, , 28768, 25000, 28662, 28772, 0, 
205, 1, 141, 337, -1, 274, 368, 11.1, 27, ABprapaaaap, 318, 28663, 26026, 908, , 28663, 25000, 28647, 28814, 0, 
206, 1, 365, 90, -1, 164, 199, 17.9, 22, ABalpaapppp, 209, 29554, 13713, 464, , 29554, 25000, 28114, 28163, 0, 
207, 1, 137, 510, -1, 376, 203, 14.0, 23, ABplppappaa, 204, 27109, 13880, 512, , 27109, 25000, 28349, 28633, 0, 
208, 1, 205, 422, -1, 521, 227, 9.9, 22, ABprpppppap, 199, 30578, 14188, 464, , 30578, 25000, 29422, 29633, 0, 
209, 1, 103, 322, -1, 148, 230, 13.8, 27, ABalaaapplr, 151, 27895, 24213, 868, , 27895, 25000, 28405, 28644, 0, 
210, 1, 57, 318, -1, 489, 207, 17.7, 23, ABplpppppaa, 226, 27106, 16047, 592, , 27106, 25000, 28788, 28669, 0, 
211, 1, 71, 57, -1, 149, 180, 21.7, 23, Nuc234_23_148_189, 55, 28302, 16755, 592, , 28302, 25000, 27995, 27772, 0, 
212, 1, 248, 37, -1, 250, 121, 14.7, 26, ABplpaapappp, 193, 28426, 24333, 856, , 28426, 25000, 27883, 27608, 0, 
213, 1, 492, 40, -1, 215, 192, 17.1, 26, Nuc233_17_217_169a, -41, 27749, 22199, 800, , 27749, 25000, 28295, 28487, 0, 
214, 1, 463, 371, -1, 274, 124, 17.5, 22, Nuc232_18_279_141, 157, 28055, 14364, 512, , 28055, 25000, 28994, 28982, 0, 
215, 1, 153, 96, -1, 131, 290, 9.9, 24, ABarpappap, 242, 27709, 16736, 604, , 27709, 25000, 27860, 27838, 0, 
216, 0, 100, -1, -1, 286, 276, 11.0, 22, , 192, -483, 10861, 384, , 28284, 25000, 28734, 28767, 0, 
217, 1, 44, 131, -1, 464, 210, 22.5, 26, ABplappapp, 255, 27434, 24581, 896, , 27434, 25000, 27777, 27776, 0, 
218, 1, 320, 396, -1, 423, 392, 11.5, 26, Cpppaaa, 245, 29232, 26192, 896, , 29232, 25000, 28844, 28848, 0, 
219, 1, 369, 472, -1, 331, 141, 21.0, 22, ABplppaaaap, 205, 27820, 10683, 384, , 27820, 25000, 28228, 28261, 0, 
220, 1, 142, 382, -1, 193, 244, 15.1, 22, Nuc233_14_174_217, 247, 27955, 12971, 464, , 27955, 25000, 28117, 28105, 0, 
221, 1, 207, 452, -1, 554, 224, 14.9, 24, Eprppa, 157, 28775, 17380, 604, , 28775, 25000, 29789, 30123, 0, 
222, 1, 245, 321, -1, 324, 370, 7.0, 22, ABarppppaa, 224, 30753, 11809, 384, , 30753, 25000, 31815, 31817, 0, 
223, 1, 215, 252, -1, 280, 189, 19.6, 24, MSapapap, 221, 28094, 19666, 700, , 28094, 25000, 27541, 27587, 0, 
224, 1, 155, 390, -1, 399, 204, 12.9, 22, ABplpaaaapp, 370, 27940, 12964, 464, , 27940, 25000, 28412, 28125, 0, 
225, 1, 350, 16, -1, 162, 282, 9.9, 23, ABpraapaapa, 208, 27857, 13817, 496, , 27857, 25000, 29550, 29552, 0, 
226, 1, 343, 462, -1, 194, 206, 26.7, 28, ABplaaappa, 284, 29719, 31621, 1064, , 29719, 25000, 29276, 29285, 0, 
227, 1, 111, 192, -1, 327, 204, 21.8, 24, ABplaapapaa, 201, 28247, 18530, 656, , 28247, 25000, 28678, 28471, 0, 
228, 1, 36, 115, 128, 165, 213, 22.7, 22, ABalapapppp, 201, 27427, 14372, 524, , 27427, 25000, 28395, 28410, 0, 
229, 1, 190, 470, -1, 340, 331, 18.1, 24, MSaaaappp, 223, 29243, 17663, 604, , 29243, 25000, 28506, 28420, 0, 
230, 1, 200, 282, -1, 200, 233, 23.6, 28, ABalapaaaaa, 211, 27233, 26906, 988, , 27233, 25000, 28887, 29197, 0, 
231, 1, 381, 353, -1, 513, 195, 14.5, 24, ABprpappppp, 148, 27280, 20951, 768, , 27280, 25000, 28299, 28582, 0, 
232, 1, 318, 400, -1, 398, 313, 8.5, 26, Cppaaaa, 261, 29179, 26144, 896, , 29179, 25000, 30316, 30381, 0, 
233, 1, 467, 171, -1, 194, 167, 14.5, 23, ABalppapaap, 602, 29247, 18484, 632, , 29247, 25000, 29135, 29218, 0, 
234, 1, 310, 463, -1, 234, 347, 17.4, 22, MSpaaaapa, 219, 27287, 15608, 572, , 27287, 25000, 28776, 28714, 0, 
235, 1, 389, 3, -1, 382, 278, 8.3, 22, MSpapppapp, 97, 29338, 15373, 524, , 29338, 25000, 30444, 30471, 0, 
236, 1, 298, 425, -1, 330, 216, 6.8, 26, ABprapaapaaa, 190, 31869, 25368, 796, , 31869, 25000, 33877, 33949, 0, 
237, 1, 90, 159, -1, 137, 207, 20.2, 26, ABplaapaaap, 194, 27967, 22262, 796, , 27967, 25000, 27994, 27957, 0, 
238, 1, 378, 161, -1, 396, 332, 20.5, 28, Ealaad, 183, 29059, 31384, 1080, , 29059, 25000, 29314, 29365, 0, 
239, 1, 151, 174, -1, 449, 160, 14.2, 23, ABplppppapa, 203, 30022, 16212, 540, , 30022, 25000, 28564, 28693, 0, 
240, 1, 6, 187, -1, 249, 218, 14.5, 24, ABarapapapa, 201, 31271, 24016, 768, , 31271, 25000, 29162, 29178, 0, 
241, 1, 342, 297, -1, 219, 275, 15.8, 22, ABaraaapaaa, -46, 26290, 13040, 496, , 26290, 25000, 27728, 27859, 0, 
242, 1, 302, 407, -1, 287, 316, 8.2, 23, ABpraapapaa, 250, 28159, 15206, 540, , 28159, 25000, 29061, 29294, 0, 
243, 1, 126, 111, -1, 446, 344, 24.3, 28, Cappaaa, 278, 28206, 30011, 1064, , 28206, 25000, 29246, 29246, 0, 
244, 1, 309, 270, -1, 539, 136, 11.5, 23, ABprppppppp, 229, 26717, 16885, 632, , 26717, 25000, 27727, 27762, 0, 
245, 0, 250, -1, -1, 252, 184, 25.0, 22, , 281, -565, 10962, 384, , 28547, 25000, 29094, 29112, 0, 
246, 1, 413, 43, -1, 313, 259, 8.3, 23, Dpapa, 167, 27995, 16573, 592, , 27995, 25000, 30467, 30554, 0, 
247, 1, 247, 375, -1, 275, 283, 5.3, 23, ABprpaapaap, -175, 38779, 22957, 592, , 38779, 25000, 36692, 36563, 0, 
248, 1, 99, 220, -1, 262, 350, 17.5, 24, MSpaaaapp, 256, 27915, 21439, 768, , 27915, 25000, 28713, 28695, 0, 
249, 1, 66, 344, -1, 148, 330, 21.5, 25, ABarpapapp, 238, 27751, 21313, 768, , 27751, 25000, 28425, 28357, 0, 
250, 1, 441, 273, -1, 373, 367, 19.0, 24, MSaaappp, 196, 28541, 17353, 608, , 28541, 25000, 28063, 28192, 0, 
251, 1, 285, 1, -1, 315, 331, 6.8, 25, ABprapaaapa, 92, 32466, 22856, 704, , 32466, 25000, 34391, 34443, 0, 
252, 1, 282, 26, -1, 253, 175, 5.6, 25, ABpraappap, 236, 47697, 39684, 832, , 47697, 25000, 41739, 41920, 0, 
253, 1, 167, 443, -1, 306, 134, 10.7, 25, ABalpapapap, 226, 27925, 21335, 764, , 27925, 25000, 28216, 28252, 0, 
254, 0, 52, -1, -1, 370, 269, 11.1, 22, , 205, 23195, 25527, 464, , 55015, 25000, 31756, 31820, 0, 
255, 1, 475, 488, -1, 163, 242, 22.0, 22, ABalapapppaa, 153, 28794, 11057, 384, , 28794, 25000, 27673, 27376, 0, 
256, 1, 261, 434, 445, 444, 347, 16.0, 25, Earap, 161, 29010, 22164, 764, , 29010, 25000, 29470, 29648, 0, 
257, 1, 312, 475, -1, 483, 373, 22.6, 29, Dapppp, 288, 28961, 33479, 1156, , 28961, 25000, 28437, 28437, 0, 
258, 1, 1, 9, -1, 546, 304, 15.6, 29, Eprap, 288, 28462, 32902, 1156, , 28462, 25000, 30725, 30756, 0, 
259, 1, 329, 188, -1, 252, 327, 12.9, 24, ABarapaappa, 202, 28205, 17036, 604, , 28205, 25000, 28017, 27921, 0, 
260, 1, 533, 508, -1, 226, 256, 14.7, 22, ABaraaaaapa, 165, 27431, 14374, 524, , 27431, 25000, 28308, 28467, 0, 
261, 0, 82, -1, -1, 486, 136, 22.9, 23, , 204, 1453, 14719, 496, , 29675, 25000, 28188, 28222, 0, 
262, 1, 225, 316, -1, 601, 265, 14.7, 26, Cppppap, 149, 27444, 23492, 856, , 27444, 25000, 27973, 28002, 0, 
263, 1, 201, 97, -1, 483, 126, 18.6, 24, ABplpppaapp, 239, 29323, 20526, 700, , 29323, 25000, 27946, 27834, 0, 
264, 1, 226, 415, -1, 256, 278, 11.0, 26, ABarapapaap, 32, 28055, 23903, 852, , 28055, 25000, 27802, 27919, 0, 
265, 1, 335, 389, -1, 487, 139, 14.3, 26, Cappppv, 266, 30584, 26180, 856, , 30584, 25000, 28898, 29008, 0, 
266, 1, 209, 352, -1, 510, 134, 12.1, 24, ABplppppppa, 206, 27531, 16629, 604, , 27531, 25000, 29250, 29455, 0, 
267, 1, 163, 99, -1, 226, 134, 18.8, 24, ABalpppapad, 44, 26659, 17488, 656, , 26659, 25000, 29639, 29629, 0, 
268, 1, 149, 179, -1, 373, 311, 5.3, 26, ABprapaapp, 223, 42141, 36073, 856, , 42141, 25000, 36775, 36914, 0, 
269, 1, 53, 169, -1, 277, 292, 20.9, 26, Nuc240_22_275_291p, 268, 28169, 22535, 800, , 28169, 25000, 29008, 28902, 0, 
270, 1, 242, 91, -1, 257, 274, 26.4, 24, MSapppap, 94, 30486, 21340, 700, , 30486, 25000, 29197, 29198, 0, 
271, 1, 123, 369, -1, 453, 140, 19.9, 26, ABplapappa, 236, 27995, 22396, 800, , 27995, 25000, 27989, 28001, 0, 
272, 1, 148, 257, -1, 423, 310, 17.0, 30, Ealpa, 304, 27760, 37420, 1348, , 27760, 25000, 28873, 28935, 0, 
273, 1, 264, 120, -1, 495, 224, 10.5, 22, ABprppppaaa, -57, 28656, 14672, 512, , 28656, 25000, 29076, 29061, 0, 
274, 1, 86, 278, -1, 304, 180, 13.7, 22, Nuc232_13_303_173, -38, 28382, 14872, 524, , 28382, 25000, 29004, 28997, 0, 
275, 1, 158, 251, -1, 122, 248, 13.9, 25, ABpraapaaap, 191, 28334, 19494, 688, , 28334, 25000, 28163, 28196, 0, 
276, 1, 484, 272, -1, 449, 199, 16.9, 22, ABplpppaaap, 188, 27750, 12876, 464, , 27750, 25000, 27712, 27824, 0, 
277, 1, 143, 5, -1, 131, 305, 22.4, 26, ABplaaaapp, 168, 29010, 24136, 832, , 29010, 25000, 28631, 28633, 0, 
278, 1, 170, 351, -1, 285, 214, 17.6, 24, ABalpaaaaap, 152, 28017, 19612, 700, , 28017, 25000, 27664, 27688, 0, 
279, 1, 176, 493, -1, 333, 353, 9.9, 22, MSppapaa, 202, 28787, 13357, 464, , 28787, 25000, 28780, 28852, 0, 
280, 1, -1, 103, -1, 507, 136, 22.5, 22, Nuc243_23_507_136, 248, 29357, 15031, 512, , 29357, 25000, 28498, 28711, 0, 
281, 1, 416, 481, -1, 240, 123, 16.6, 26, ABplpaapappa, -8, 28726, 23900, 832, , 28726, 25000, 28032, 28134, 0, 
282, 0, 456, -1, -1, 546, 162, 7.0, 22, , 190, -1844, 12146, 384, , 31630, 25000, 33187, 33474, 0, 
283, 1, 177, 23, -1, 363, 310, 11.8, 24, MSpapaapp, 237, 29636, 19441, 656, , 29636, 25000, 29017, 29094, 0, 
284, 1, 160, 141, -1, 251, 233, 7.5, 23, ABprpaaappp, 192, 28729, 18157, 632, , 28729, 25000, 31150, 31290, 0, 
285, 1, 373, 329, -1, 191, 165, 8.8, 22, ABpraappaa, 183, 27875, 13826, 496, , 27875, 25000, 29026, 29027, 0, 
286, 1, 412, 430, -1, 355, 266, 7.5, 22, ABprapaapap, 223, 31131, 15939, 512, , 31131, 25000, 31281, 31453, 0, 
287, 1, 130, 408, -1, 202, 322, 9.0, 22, Nuc235_9_204_319, 221, 33513, 12869, 384, , 33513, 25000, 29745, 29837, 0, 
288, 1, 359, 485, -1, 222, 222, 15.4, 22, ABaraaaapaa, 116, 27787, 15894, 572, , 27787, 25000, 28503, 28646, 0, 
289, 1, 451, 79, -1, 176, 220, 14.0, 23, ABaraaapppa, 207, 28367, 14524, 512, , 28367, 25000, 28264, 28177, 0, 
290, 1, 417, 48, -1, 475, 260, 26.6, 27, ABarppappa, 266, 27256, 26929, 988, , 27256, 25000, 28321, 28321, 0, 
291, 1, 159, 19, -1, 365, 401, 15.7, 28, Dpppap, 236, 28662, 30496, 1064, , 28662, 25000, 28347, 28273, 0, 
292, 1, 219, 118, -1, 265, 354, 20.4, 24, MSpaaaaaa, -202, 29511, 20658, 700, , 29511, 25000, 30478, 30323, 0, 
293, 1, 284, 300, -1, 308, 193, 8.4, 22, ABprpapaaap, 284, 29320, 16771, 572, , 29320, 25000, 29347, 29134, 0, 
294, 0, 117, -1, -1, 151, 289, 22.3, 22, , 172, 1585, 15936, 524, , 30412, 25000, 28903, 28827, 0, 
295, 1, 229, 295, -1, 509, 315, 25.3, 26, Capapaa, 260, 29272, 25057, 856, , 29272, 25000, 28936, 29043, 0, 
296, 1, 396, 147, -1, 215, 213, 5.7, 24, ABprpaaapap, 208, 39955, 28128, 704, , 39955, 25000, 40176, 40337, 0, 
297, 1, 395, 44, -1, 490, 110, 10.1, 22, ABprpppapap, 175, 29282, 13587, 464, , 29282, 25000, 28543, 28505, 0, 
298, 1, 73, 149, -1, 446, 244, 23.4, 25, ABplappaap, 255, 28928, 24068, 832, , 28928, 25000, 28189, 28248, 0, 
299, 1, 438, 228, -1, 277, 188, 16.4, 25, MSapaaaa, 184, 28082, 23364, 832, , 28082, 25000, 28094, 28151, 0, 
300, 1, 475, 514, -1, 166, 223, 24.8, 22, ABalapapppap, 137, 28857, 14313, 496, , 28857, 25000, 28490, 28578, 0, 
301, 1, 288, -1, -1, 377, 173, 24.2, 22, Nuc233_20_375_160a, 155, 29032, 14400, 496, , 29032, 25000, 28087, 28170, 0, 
302, 1, 277, 313, -1, 424, 289, 9.5, 22, MSpappppa, 194, 26414, 13524, 512, , 26414, 25000, 29701, 29697, 0, 
303, 1, 147, 271, -1, 278, 392, 13.1, 23, ABarpppapa, -37, 25921, 12857, 496, , 25921, 25000, 27562, 27587, 0, 
304, 1, 79, 427, -1, 561, 276, 18.6, 32, Eplap, 320, 28682, 42564, 1484, , 28682, 25000, 29456, 29524, 0, 
305, 1, 351, 36, -1, 376, 161, 18.9, 24, Nuc233_18_371_145, 188, 29719, 17950, 604, , 29719, 25000, 29416, 29463, 0, 
306, 1, 497, 506, 513, 264, 288, 23.2, 23, Nuc240_22_275_291a, 203, 27639, 14925, 540, , 27639, 25000, 28481, 28642, 0, 
307, 1, 88, 461, -1, 564, 170, 13.3, 25, Cpppppd, 238, 28080, 21453, 764, , 28080, 25000, 29305, 29305, 0, 
308, 1, 392, 127, -1, 185, 221, 19.0, 22, ABalaaaalar, 183, 28396, 10904, 384, , 28396, 25000, 27484, 27432, 0, 
309, 1, 448, 303, -1, 403, 237, 14.8, 23, ABplppapapa, 198, 28198, 15227, 540, , 28198, 25000, 28034, 28277, 0, 
310, 1, 135, 95, -1, 444, 216, 11.0, 22, ABprppaappp, -148, 29977, 11511, 384, , 29977, 25000, 28541, 28420, 0, 
311, 1, 427, 301, -1, 181, 212, 8.2, 22, ABpraaaaaap, 196, 32022, 15883, 496, , 32022, 25000, 29582, 29685, 0, 
312, 1, 128, 507, -1, 192, 210, 21.8, 22, Nuc233_21_168_193, 142, 30262, 15010, 496, , 30262, 25000, 28784, 29121, 0, 
313, 1, 253, 2, -1, 444, 356, 6.2, 26, ABprappapa, 179, 33854, 26948, 796, , 33854, 25000, 37086, 37086, 0, 
314, 1, 146, 399, -1, 458, 165, 17.2, 23, Capappa, 232, 28763, 15532, 540, , 28763, 25000, 27968, 28009, 0, 
315, 1, 316, 196, -1, 451, 257, 10.1, 22, ABprppapapp, 203, 27485, 12753, 464, , 27485, 25000, 28339, 28600, 0, 
316, 1, 418, 202, -1, 465, 175, 8.1, 23, ABprppppapa, 231, 31373, 15561, 496, , 31373, 25000, 28674, 28666, 0, 
317, 0, 26, -1, -1, 269, 318, 17.9, 22, , 41, 181, 13774, 464, , 29685, 25000, 29510, 29504, 0, 
318, 1, 203, 453, -1, 320, 113, 14.9, 22, ABalpapapppa, 180, 27694, 12850, 464, , 27694, 25000, 27734, 27619, 0, 
319, 1, 447, 464, -1, 289, 260, 5.2, 23, ABprppaaaap, 216, 37994, 20517, 540, , 37994, 25000, 36108, 35861, 0, 
320, 1, 41, 73, -1, 252, 233, 26.6, 32, ABplaaappp, 323, 28353, 42076, 1484, , 28353, 25000, 29208, 29275, 0, 
321, 1, 106, 160, -1, 318, 273, 21.7, 25, ABaraapapaa, 173, 27406, 20938, 764, , 27406, 25000, 28447, 28287, 0, 
322, 1, 50, 24, -1, 257, 177, 9.1, 23, ABarapppapa, 203, 27704, 13741, 496, , 27704, 25000, 28957, 28952, 0, 
323, 1, 435, 143, -1, 359, 233, 9.8, 23, ABprpapppap, 170, 29535, 15949, 540, , 29535, 25000, 29811, 30066, 0, 
324, 1, 22, 267, -1, 322, 293, 9.8, 24, ABaraappppa, -195, 29192, 19150, 656, , 29192, 25000, 29595, 29477, 0, 
325, 1, 483, 460, -1, 212, 309, 5.3, 23, ABpraaappppa, 230, 41390, 24503, 592, , 41390, 25000, 41328, 41306, 0, 
326, 1, 257, 109, -1, 552, 341, 12.1, 26, Cppapap, 243, 28313, 22650, 800, , 28313, 25000, 28666, 28713, 0, 
327, 1, 506, 450, -1, 230, 301, 16.2, 24, ABaraaapaap, 188, 27843, 18265, 656, , 27843, 25000, 28118, 28223, 0, 
328, 1, 439, 205, -1, 285, 255, 22.5, 23, ABalpaapapp, 228, 28935, 18287, 632, , 28935, 25000, 29553, 29587, 0, 
329, 1, 315, 330, -1, 305, 322, 12.2, 23, ABaraapppaa, 20, 28424, 15349, 540, , 28424, 25000, 28627, 28557, 0, 
330, 1, 87, 32, -1, 349, 354, 19.5, 29, MSpaaapap, 259, 27726, 29944, 1080, , 27726, 25000, 28360, 28446, 0, 
331, 1, 288, 310, -1, 378, 163, 22.1, 27, Nuc233_20_375_160p, 272, 28845, 26191, 908, , 28845, 25000, 28640, 28576, 0, 
332, 1, 279, 289, -1, 159, 250, 24.7, 23, ABplaaaaappa, 200, 28748, 17019, 592, , 28748, 25000, 28381, 28408, 0, 
333, 1, 278, 357, -1, 224, 231, 8.0, 22, ABprpaaappa, 180, 29984, 11514, 384, , 29984, 25000, 29419, 29156, 0, 
334, 1, 172, 208, -1, 517, 282, 8.3, 25, Cppaapp, 250, 30090, 22989, 764, , 30090, 25000, 29661, 29766, 0, 
335, 1, 379, 106, -1, 182, 203, 11.6, 23, ABarapppaap, 221, 29120, 18637, 640, , 29120, 25000, 29100, 29108, 0, 
336, 1, 286, 203, -1, 204, 373, 20.2, 33, ABarpaappa, 332, 27561, 48067, 1744, , 27561, 25000, 28149, 28158, 0, 
337, 1, 70, 107, -1, 243, 164, 19.7, 26, ABplpaaaaaa, 243, 26627, 22793, 856, , 26627, 25000, 28036, 28138, 0, 
338, 1, 175, 77, -1, 283, 245, 9.0, 23, Nuc234_9_299_244, 160, 28785, 14738, 512, , 28785, 25000, 28556, 28556, 0, 
339, 1, 189, 68, -1, 354, 271, 17.9, 22, MSaapapap, 66, 46634, 21638, 464, , 46634, 25000, 33036, 33227, 0, 
340, 1, 243, 244, -1, 435, 325, 8.8, 23, Cppaaap, -67, 27696, 14956, 540, , 27696, 25000, 29827, 29905, 0, 
341, 1, 196, 214, -1, 382, 218, 15.8, 23, ABplppapaapp, 230, 27643, 14927, 540, , 27643, 25000, 28418, 28609, 0, 
342, 1, 515, 525, -1, 357, 254, 20.6, 23, MSaapaapa, 200, 30406, 19460, 640, , 30406, 25000, 30388, 30749, 0, 
343, 1, 255, 194, -1, 170, 318, 13.5, 26, ABalappapapa, 237, 28757, 25766, 896, , 28757, 25000, 28145, 28156, 0, 
344, 0, 199, -1, -1, 112, 266, 19.9, 22, , 202, -47, 13003, 464, , 28024, 25000, 28011, 28071, 0, 
345, 1, 522, 414, -1, 220, 258, 23.9, 23, MSapaaap, 229, 29972, 14866, 496, , 29972, 25000, 28309, 28419, 0, 
346, 1, 349, 355, -1, 535, 361, 10.0, 25, Caaapa, 256, 26840, 20506, 764, , 26840, 25000, 27689, 27611, 0, 
347, 1, 391, 254, -1, 415, 348, 14.7, 30, Earpa, 300, 27968, 36582, 1308, , 27968, 25000, 29244, 29500, 0, 
348, 1, 454, 152, -1, 369, 191, 11.3, 22, ABplppaappa, 142, 27653, 14490, 524, , 27653, 25000, 27738, 27665, 0, 
349, 1, 138, 292, -1, 544, 258, 23.6, 25, Capapap, 192, 28672, 23855, 832, , 28672, 25000, 28913, 28913, 0, 
350, 1, 34, 364, -1, 233, 187, 12.5, 24, ABarappaapa, 200, 27667, 21248, 768, , 27667, 25000, 28700, 28552, 0, 
351, 1, 263, 144, -1, 127, 259, 11.2, 24, ABarpappaaa, 205, 27425, 17991, 656, , 27425, 25000, 27806, 27693, 0, 
352, 1, 348, 50, -1, 374, 189, 17.5, 23, ABplppapaapa, 230, 26981, 17052, 632, , 26981, 25000, 28520, 28542, 0, 
353, 1, 24, 60, -1, 503, 208, 21.9, 25, Capaapp, 253, 29129, 20041, 688, , 29129, 25000, 28213, 28293, 0, 
354, 1, 144, 439, -1, 404, 273, 14.1, 22, MSaappap, -8, 28726, 13329, 464, , 28726, 25000, 28452, 28486, 0, 
355, 1, -1, 492, -1, 493, 291, 11.3, 25, Nuc243_11_493_291, 215, 27639, 21116, 764, , 27639, 25000, 28713, 29039, 0, 
356, 1, 2, 98, -1, 385, 162, 12.9, 24, ABplpapappap, 221, 30129, 18198, 604, , 30129, 25000, 26881, 26891, 0, 
357, 1, 290, 311, -1, 179, 181, 16.6, 22, ABalaaaalpp, 57, 28629, 16376, 572, , 28629, 25000, 28944, 28930, 0, 
358, 1, 18, 459, -1, 552, 209, 22.7, 28, Cappapa, 277, 28214, 30020, 1064, , 28214, 25000, 28872, 29010, 0, 
359, 1, 414, 401, -1, 264, 386, 17.5, 23, MSpppppp, 184, 27886, 17624, 632, , 27886, 25000, 28457, 28531, 0, 
360, 1, 233, 394, -1, 579, 285, 11.9, 25, Cpppapa, 246, 28558, 19648, 688, , 28558, 25000, 29157, 29164, 0, 
361, 1, 327, 236, -1, 521, 249, 8.2, 23, Cppappa, 276, 28833, 15570, 540, , 28833, 25000, 29780, 29786, 0, 
362, 1, 344, 61, -1, 308, 402, 12.9, 28, ABarppaapa, 238, 27289, 29690, 1088, , 27289, 25000, 28054, 28073, 0, 
363, 1, 136, 361, -1, 483, 260, 23.4, 28, Capaapa, 289, 28976, 28628, 988, , 28976, 25000, 27899, 27890, 0, 
364, 1, 421, 489, -1, 173, 240, 10.5, 22, ABalaapaapa, 136, 27566, 14114, 512, , 27566, 25000, 27550, 27220, 0, 
365, 1, 444, 395, -1, 513, 158, 10.3, 22, Cpppppv, 211, 27244, 14276, 524, , 27244, 25000, 28191, 28199, 0, 
366, 1, 228, 139, -1, 379, 340, 24.1, 27, Dappaaa, 584, 28927, 26266, 908, , 28927, 25000, 28896, 28896, 0, 
367, 1, 45, 7, -1, 139, 236, 23.4, 23, ABarpaaaapp, -8, 28814, 18441, 640, , 28814, 25000, 28274, 28369, 0, 
368, 1, 375, 105, -1, 432, 178, 14.7, 25, ABplpppaaaa, 192, 29889, 22835, 764, , 29889, 25000, 28197, 27945, 0, 
369, 1, 487, 511, -1, 270, 188, 10.7, 27, ABarappapaaa, 217, 29176, 26959, 924, , 29176, 25000, 28273, 28183, 0, 
370, 1, 367, 501, -1, 439, 234, 16.6, 24, ABplppapapp, 208, 28993, 20295, 700, , 28993, 25000, 27439, 27487, 0, 
371, 1, 12, 368, -1, 540, 311, 19.6, 31, Ealpp, 82, 29206, 38902, 1332, , 29206, 25000, 29162, 29194, 0, 
372, 0, 154, -1, -1, 510, 113, 19.1, 22, , -195, 683, 12947, 464, , 27903, 25000, 27118, 27220, 0, 
373, 1, 317, 87, -1, 112, 294, 18.3, 24, ABarpaapaa, 246, 27763, 19545, 704, , 27763, 25000, 28655, 28620, 0, 
374, 1, 450, 376, -1, 184, 348, 23.5, 30, ABarpaapap, 305, 27820, 34274, 1232, , 27820, 25000, 28206, 28206, 0, 
375, 1, 399, 362, -1, 222, 242, 18.9, 24, ABalpaapaaa, 46, 27366, 16529, 604, , 27366, 25000, 27405, 26998, 0, 
376, 1, 234, 81, -1, 145, 298, 17.8, 23, ABalapppapp, 235, 29974, 16186, 540, , 29974, 25000, 28582, 28597, 0, 
377, 1, 446, 172, -1, 167, 163, 22.2, 23, ABplpaapapa, 360, 27665, 14939, 540, , 27665, 25000, 28296, 28232, 0, 
378, 1, 384, 56, -1, 291, 151, 14.6, 22, ABplpapaapp, 225, 27593, 15783, 572, , 27593, 25000, 28282, 28406, 0, 
379, 1, 481, 13, -1, 205, 145, 17.7, 24, ABalpppaaap, 300, 28913, 20355, 704, , 28913, 25000, 27968, 28242, 0, 
380, 1, 420, 213, -1, 476, 244, 18.3, 29, Z3, 285, 28228, 30147, 1068, , 28228, 25000, 27864, 27838, 0, 
381, 1, 366, 229, -1, 159, 321, 9.8, 24, ABarpapppa, 265, 26919, 17659, 656, , 26919, 25000, 28969, 28931, 0, 
382, 1, 339, 332, -1, 476, 251, 14.3, 25, MSapaapp, 243, 27195, 20777, 764, , 27195, 25000, 28560, 28554, 0, 
383, 1, 486, 502, -1, 307, 236, 14.2, 22, ABalpappppap, 405, 27117, 13450, 496, , 27117, 25000, 28476, 28353, 0, 
384, 1, 211, 184, -1, 298, 261, 25.7, 28, ABplapaaaap, 253, 29281, 31155, 1064, , 29281, 25000, 28983, 29017, 0, 
385, 1, 268, 468, -1, 544, 145, 15.4, 24, Cappppd, 208, 27781, 19447, 700, , 27781, 25000, 28472, 28506, 0, 
386, 1, 461, 424, -1, 299, 328, 20.3, 22, MSaaaapap, 376, 28983, 15187, 524, , 28983, 25000, 28430, 28461, 0, 
387, 1, 104, 190, -1, 301, 315, 22.5, 25, ABaraapaapp, 248, 27676, 21255, 768, , 27676, 25000, 28266, 28306, 0, 
388, 1, 360, 72, -1, 339, 330, 12.8, 23, MSpapappa, 185, 28937, 15626, 540, , 28937, 25000, 28701, 28510, 0, 
389, 1, 129, 134, -1, 143, 322, 15.3, 22, ABarpapaaap, -109, 27931, 14636, 524, , 27931, 25000, 28551, 28561, 0, 
390, 1, 207, 146, -1, 539, 222, 13.5, 26, Eprppp, 259, 28685, 25702, 896, , 28685, 25000, 29556, 29698, 0, 
391, 0, 119, -1, -1, 229, 297, 9.8, 22, , 196, 931, 14509, 496, , 29252, 25000, 28628, 28321, 0, 
392, 1, 63, 287, -1, 332, 253, 14.4, 24, ABarapapppa, 230, 28019, 19613, 700, , 28019, 25000, 29172, 29449, 0, 
393, 1, 220, 232, -1, 522, 178, 13.0, 22, ABprpappppa, 224, 26906, 10332, 384, , 26906, 25000, 28644, 28756, 0, 
394, 1, 150, 156, -1, 196, 290, 17.3, 23, MSaaaaaar, 201, 29971, 17743, 592, , 29971, 25000, 28329, 28381, 0, 
395, 1, 296, 248, -1, 354, 204, 9.7, 25, ABprppaappa, 200, 28425, 21717, 764, , 28425, 25000, 29152, 29153, 0, 
396, 1, 354, 263, -1, 577, 282, 22.6, 29, Capppaa, 294, 29335, 33911, 1156, , 29335, 25000, 28458, 28461, 0, 
397, 1, 38, 110, -1, 277, 207, 22.7, 22, ABalppppaadp, 175, 27429, 14373, 524, , 27429, 25000, 29159, 28823, 0, 
398, 1, 157, 293, -1, 477, 125, 11.7, 23, ABplpppapap, 190, 31041, 18376, 592, , 31041, 25000, 28281, 28209, 0, 
399, 1, 23, 217, -1, 522, 336, 16.4, 29, Earpp, 298, 28300, 32715, 1156, , 28300, 25000, 30326, 30307, 0, 
400, 1, 472, 6, -1, 586, 200, 9.3, 28, Caappd, 265, 26596, 28298, 1064, , 26596, 25000, 28331, 28307, 0, 
401, 1, 83, 284, -1, 406, 271, 18.9, 27, Ealaava, 267, 29270, 26577, 908, , 29270, 25000, 28779, 28849, 0, 
402, 1, 405, 247, -1, 386, 397, 10.1, 27, Caaaaa, 259, 28149, 25559, 908, , 28149, 25000, 28031, 28048, 0, 
403, 1, 491, 465, -1, 298, 139, 20.4, 26, ABplpaaaaap, 230, 27904, 23216, 832, , 27904, 25000, 28844, 28885, 0, 
404, 1, 95, 402, 498, 195, 163, 12.6, 29, ABalpapaaapa, 264, 28723, 33204, 1156, , 28723, 25000, 29115, 29009, 0, 
405, 1, 295, 349, -1, 522, 124, 13.7, 25, ABplppppppp, 208, 28554, 21815, 764, , 28554, 25000, 28931, 29085, 0, 
406, 1, 393, 383, -1, 209, 364, 18.0, 22, MSpppppa, 170, 27177, 10436, 384, , 27177, 25000, 27879, 27807, 0, 
407, 1, 428, 148, -1, 549, 234, 18.6, 31, Eplpa, 315, 27482, 36606, 1332, , 27482, 25000, 29133, 29141, 0, 
408, 1, 164, 35, -1, 233, 174, 15.0, 22, ABplpaaapaa, 199, 27620, 10606, 384, , 27620, 25000, 29298, 29316, 0, 
409, 0, 171, -1, -1, 240, 159, 8.4, 23, , 180, -551, 18558, 640, , 28997, 25000, 29318, 29548, 0, 
410, 1, 69, 324, -1, 474, 136, 16.4, 25, ABplpppapaa, 190, 28946, 24083, 832, , 28946, 25000, 29044, 28937, 0, 
411, 1, 46, 122, -1, 510, 202, 11.5, 23, ABprppppaap, 203, 28688, 18131, 632, , 28688, 25000, 29166, 29291, 0, 
412, 1, 76, 404, -1, 270, 344, 10.3, 24, ABpraapappa, 308, 28432, 20016, 704, , 28432, 25000, 28578, 28422, 0, 
413, 0, 244, -1, -1, 589, 177, 12.4, 22, , 171, 1957, 17747, 572, , 31026, 25000, 29082, 29069, 0, 
414, 1, 221, 226, -1, 209, 136, 14.1, 25, ABalppapapp, 219, 30070, 20688, 688, , 30070, 25000, 28618, 28477, 0, 
415, 1, 169, 294, -1, 536, 201, 9.1, 24, ABprpppaapa, 233, 28377, 17140, 604, , 28377, 25000, 28649, 28567, 0, 
416, 1, 397, 253, -1, 255, 274, 6.0, 23, ABprpaaaaapp, 210, 36340, 18606, 512, , 36340, 25000, 38133, 37872, 0, 
417, 1, 98, 397, -1, 210, 256, 7.0, 22, ABprpaaaaaa, 54, 31208, 11984, 384, , 31208, 25000, 34698, 33954, 0, 
418, 1, 195, 82, -1, 474, 174, 20.5, 25, Capappp, 49, 27460, 21089, 768, , 27460, 25000, 28494, 28527, 0, 
419, 1, 462, 466, -1, 334, 185, 12.4, 22, Nuc233_12_331_178, 125, 29787, 17038, 572, , 29787, 25000, 28537, 28831, 0, 
420, 1, 74, 164, -1, 314, 135, 15.3, 22, ABplpaapppa, 242, 28792, 15087, 524, , 28792, 25000, 28987, 29012, 0, 
421, 1, 440, 157, -1, 459, 220, 13.5, 24, ABprpapappp, 207, 27521, 21136, 768, , 27521, 25000, 28257, 28243, 0, 
422, 0, 338, -1, -1, 309, 262, 16.3, 22, , 142, -637, 15051, 524, , 28723, 25000, 29285, 29360, 0, 
423, 1, 276, 155, -1, 283, 207, 5.7, 24, ABprpaapppa, 214, 40845, 28755, 704, , 40845, 25000, 36962, 36220, 0, 
424, 1, 361, 71, -1, 217, 310, 17.9, 22, ABaraappaap, 34, 29871, 13860, 464, , 29871, 25000, 28029, 28205, 0, 
425, 1, 28, 358, -1, 192, 240, 11.4, 24, ABarapppaaa, 239, 28814, 20170, 700, , 28814, 25000, 28758, 28630, 0, 
426, 1, 333, 367, -1, 522, 224, 5.6, 25, ABprapappa, 251, 41428, 34468, 832, , 41428, 25000, 39634, 39554, 0, 
427, 1, 97, 317, -1, 494, 154, 18.5, 23, ABplpppaapa, 240, 28533, 18033, 632, , 28533, 25000, 28076, 28147, 0, 
428, 1, 326, 444, -1, 492, 175, 12.5, 22, ABplpappppp, 199, 28359, 14520, 512, , 28359, 25000, 28668, 28738, 0, 
429, 1, 469, 476, -1, 248, 161, 21.4, 21, ABalapaapaa, -53, 27502, 14411, 524, , 27502, 25000, 28605, 28898, 0, 
430, 1, 283, 343, -1, 510, 259, 5.4, 25, ABprapapap, 239, 37953, 31577, 832, , 37953, 25000, 39594, 39692, 0, 
431, 1, 325, 158, -1, 246, 312, 7.9, 22, ABpraaappap, -46, 28450, 13201, 464, , 28450, 25000, 30246, 30310, 0, 
432, 1, 140, 307, -1, 234, 250, 6.0, 22, ABpraaaapavp, 193, 37010, 14212, 384, , 37010, 25000, 37655, 37956, 0, 
433, 1, 458, 477, -1, 182, 141, 17.8, 20, ABalppaaapa, 127, 27540, 10906, 396, , 27540, 25000, 27408, 27206, 0, 
434, 1, 371, 62, -1, 242, 198, 9.2, 23, ABarapppppp, 216, 27494, 14847, 540, , 27494, 25000, 28096, 28215, 0, 
435, 1, 93, 283, -1, 466, 135, 9.7, 28, Nuc233_9_472_143, 44, 27171, 28910, 1064, , 27171, 25000, 28515, 28234, 0, 
436, 1, 480, 233, -1, 252, 333, 15.0, 23, ABaraaapapa, 24, 27609, 14136, 512, , 27609, 25000, 28657, 28575, 0, 
437, 1, 197, 199, -1, 219, 197, 13.9, 29, ABalpapaapa, 244, 28024, 33853, 1208, , 28024, 25000, 28615, 28802, 0, 
438, 1, 407, 478, -1, 607, 249, 11.9, 24, Cpappd, 215, 25972, 15687, 604, , 25972, 25000, 27786, 27778, 0, 
439, 1, 120, 18, -1, 281, 232, 4.7, 22, Nuc234_7_277_240, 219, 39477, 20686, 524, , 39477, 25000, 37806, 37087, 0, 
440, 1, 47, 221, -1, 481, 180, 16.0, 22, ABplppppaaa, 220, 27805, 10677, 384, , 27805, 25000, 28228, 28264, 0, 
441, 1, 459, 302, -1, 492, 198, 15.3, 23, ABplppppaap, 172, 27551, 16310, 592, , 27551, 25000, 27727, 27969, 0, 
442, 1, 49, 385, -1, 385, 280, 15.4, 25, Nuc233_15_386_313a, 196, 28552, 23755, 832, , 28552, 25000, 30726, 31199, 0, 
443, 1, 390, 176, -1, 234, 318, 10.8, 22, ABpraaaappp, 90, 29129, 14448, 496, , 29129, 25000, 27602, 27643, 0, 
444, 1, 424, 350, -1, 280, 370, 7.6, 26, ABarpppaap, 262, 28585, 23783, 832, , 28585, 25000, 30774, 30819, 0, 
445, 1, 67, 416, -1, 245, 288, 8.0, 22, MSppapap, 186, 30685, 11783, 384, , 30685, 25000, 29528, 29679, 0, 
446, 1, 415, 432, -1, 465, 226, 10.7, 22, ABprppapppp, 179, 27733, 14532, 524, , 27733, 25000, 28412, 28273, 0, 
447, 1, 109, 496, -1, 180, 240, 18.4, 24, ABalaaaarlp, 208, 28317, 19822, 700, , 28317, 25000, 27813, 28327, 0, 
448, 1, 272, 392, -1, 179, 302, 8.3, 24, ABpraapaapp, 380, 31142, 21924, 704, , 31142, 25000, 30067, 30310, 0, 
449, 1, 168, 126, -1, 297, 343, 17.8, 23, Nuc232_18_293_339, 173, 28767, 15534, 540, , 28767, 25000, 29495, 29255, 0, 
450, 1, 476, 238, -1, 224, 256, 17.8, 22, ABaraaaaaapa, 168, 28673, 14222, 496, , 28673, 25000, 27354, 27424, 0, 
451, 1, 368, 298, -1, 351, 207, 23.7, 27, ABplapaaapa, 258, 27936, 25813, 924, , 27936, 25000, 28169, 28215, 0, 
452, 1, -1, 258, -1, 477, 277, 11.4, 25, Nuc243_11_477_277, 172, 27308, 22720, 832, , 27308, 25000, 28470, 28666, 0, 
453, 1, 180, 130, -1, 294, 218, 12.8, 22, ABplpappaaa, 0, 29998, 14879, 496, , 29998, 25000, 28337, 28377, 0, 
454, 1, 161, 209, -1, 539, 194, 17.6, 32, Eplpp, 325, 28954, 42968, 1484, , 28954, 25000, 29325, 29381, 0, 
455, 1, 265, 372, -1, 453, 219, 19.0, 24, MSpappaa, 217, 28429, 17285, 608, , 28429, 25000, 27926, 27980, 0, 
456, 1, 331, 200, -1, 506, 388, 14.2, 25, Cpppaap, 238, 28290, 19916, 704, , 28290, 25000, 28326, 28328, 0, 
457, 1, 19, 441, -1, 156, 258, 21.4, 27, ABplaaaaaaa, 220, 29275, 28924, 988, , 29275, 25000, 28199, 28085, 0, 
458, 1, 112, 212, -1, 410, 229, 22.4, 26, ABplappaaa, 261, 26772, 22274, 832, , 26772, 25000, 27970, 28024, 0, 
459, 1, 485, 88, -1, 267, 224, 21.0, 21, ABalpappaap, -159, 27896, 10712, 384, , 27896, 25000, 28232, 28587, 0, 
460, 1, 213, 438, -1, 263, 156, 25.6, 26, ABalpppppppa, 258, 28709, 23886, 832, , 28709, 25000, 29167, 29184, 0, 
461, 1, 493, 223, -1, 204, 229, 20.6, 22, ABalaaapalr, 82, 27652, 15817, 572, , 27652, 25000, 28467, 28576, 0, 
462, 0, 380, -1, -1, 107, 233, 20.2, 22, , 178, 1875, 14560, 496, , 29355, 25000, 27454, 27480, 0, 
463, 0, 239, -1, -1, 251, 342, 24.8, 26, , 232, 764, 25198, 796, , 31656, 25000, 31666, 30892, 0, 
464, 1, 404, 191, -1, 214, 249, 25.9, 22, Nuc241_26_216_253, 182, 29649, 13757, 464, , 29649, 25000, 28695, 28791, 0, 
465, 1, 236, 315, -1, 263, 130, 10.4, 28, ABplaappap, 276, 26808, 26486, 988, , 26808, 25000, 28260, 28270, 0, 
466, 1, 322, 494, -1, 202, 292, 12.2, 21, ABalappapapp, -53, 27792, 11895, 428, , 27792, 25000, 27839, 27839, 0, 
467, 1, 235, 296, -1, 458, 385, 9.4, 29, Caaaap, 288, 28100, 32484, 1156, , 28100, 25000, 28771, 28785, 0, 
468, 1, 394, 356, -1, 380, 356, 6.1, 26, ABarppppap, 259, 33554, 26843, 800, , 33554, 25000, 37054, 37084, 0, 
469, 1, 182, 435, -1, 254, 154, 14.0, 21, ABalppapppaa, -88, 27841, 10691, 384, , 27841, 25000, 27786, 27674, 0, 
470, 1, 101, 154, -1, 317, 202, 11.9, 23, ABprpappapa, 226, 28567, 14169, 496, , 28567, 25000, 28343, 28394, 0, 
471, 1, 127, 269, -1, 350, 238, 26.8, 27, ABarppapaap, 7, 28150, 24434, 868, , 28150, 25000, 28744, 28744, 0, 
472, 1, 387, 246, -1, 333, 305, 4.6, 27, ABpraapppp, 276, 35680, 35252, 988, , 35680, 25000, 37262, 37274, 0, 
473, 1, 185, 182, -1, 354, 169, 13.6, 21, ABplpapappaa, -355, 29307, 15357, 524, , 29307, 25000, 28945, 28774, 0, 
474, 1, 85, 20, -1, 212, 233, 16.8, 23, ABalpaappaap, -620, 27363, 14776, 540, , 27363, 25000, 28412, 28525, 0, 
475, 1, 411, 180, -1, 164, 260, 11.1, 20, ABalaappppp, 228, 29468, 9312, 316, , 29468, 25000, 29384, 29264, 0, 
476, 1, 500, 193, -1, 124, 239, 16.9, 22, ABarpaaaaarp, 258, 26470, 12282, 464, , 26470, 25000, 28455, 28594, 0, 
477, 1, 442, 231, -1, 321, 157, 13.0, 22, ABplpapaaap, 273, 29862, 11467, 384, , 29862, 25000, 28275, 28223, 0, 
478, 1, 304, 314, -1, 161, 210, 11.7, 25, ABalaapaapp, -87, 29280, 22370, 764, , 29280, 25000, 28831, 28699, 0, 
479, 1, 465, 486, -1, 251, 231, 15.7, 22, Nuc233_14_250_214, -3, 28101, 14725, 524, , 28101, 25000, 29405, 29110, 0, 
480, 1, 425, 93, -1, 380, 211, 10.7, 24, ABarappappa, -174, 28697, 20203, 704, , 28697, 25000, 28803, 28969, 0, 
481, 1, 346, 140, -1, 264, 293, 11.5, 23, ABarapappaa, 96, 27402, 17318, 632, , 27402, 25000, 28646, 28880, 0, 
482, 1, 91, 328, -1, 334, 138, 13.7, 23, ABalpapapppp, 231, 29530, 17482, 592, , 29530, 25000, 28656, 28611, 0, 
483, 1, 513, 142, -1, 200, 344, 19.1, 22, MSaaaaapaa, 135, 26838, 12453, 464, , 26838, 25000, 28172, 28325, 0, 
484, 1, 398, 175, -1, 338, 243, 23.0, 20, MSapapaa, 71, 25516, 8063, 316, , 25516, 25000, 27814, 27814, 0, 
485, 1, 466, 216, -1, 478, 251, 10.3, 21, ABprpppppaa, 228, 29036, 13705, 472, , 29036, 25000, 28236, 28279, 0, 
486, 1, 498, 235, -1, 167, 176, 19.5, 24, ABalaaapall, 49, 28581, 21950, 768, , 28581, 25000, 28810, 28896, 0, 
487, 1, 292, 241, -1, 286, 302, 12.1, 22, ABarapaapppa, 68, 28485, 13217, 464, , 28485, 25000, 28881, 29325, 0, 
488, 1, 246, 70, -1, 203, 147, 10.5, 23, Nuc233_10_227_158, 132, 29638, 18731, 632, , 29638, 25000, 27906, 27897, 0, 
489, 1, 166, -1, -1, 235, 368, 14.5, 22, MSppppap, 139, 28572, 14629, 512, , 28572, 25000, 28483, 28751, 0, 
490, 0, 360, -1, -1, 367, 342, 11.8, 22, , 116, 197, 14552, 496, , 29339, 25000, 29097, 29142, 0, 
491, 1, 321, 503, -1, 398, 314, 11.2, 22, Nuc233_15_386_313paa, -109, 31696, 15721, 496, , 31696, 25000, 31131, 31339, 0, 
492, 1, 133, 173, -1, 331, 171, 8.4, 25, ABprpaaaapa, 73, 27463, 22849, 832, , 27463, 25000, 30077, 30282, 0, 
493, 1, -1, -1, -1, 198, 174, 23.6, 24, Nuc243_24_198_174, 353, 32211, 22548, 700, , 32211, 25000, 29318, 29548, 0, 
494, 1, 490, 306, -1, 164, 228, 9.0, 20, ABalaaapprr, -20, 29991, 9477, 316, , 29991, 25000, 28056, 27816, 0, 
495, 0, 482, -1, -1, 278, 263, 20.9, 22, , -5, 469, 13826, 464, , 29797, 25000, 29222, 29328, 0, 
496, 1, 460, 67, -1, 553, 207, 25.3, 38, Cpapap, 37, 28022, 69943, 2496, , 28022, 25000, 28360, 28370, 0, 
497, 1, 324, 381, -1, 360, 200, 14.9, 20, MSaapppaa, 350, 29965, 9469, 316, , 29965, 25000, 28466, 28420, 0, 
498, 1, 511, 413, -1, 340, 312, 10.9, 23, MSpapaapa, 153, 29514, 14639, 496, , 29514, 25000, 29601, 29476, 0, 
499, 1, 131, -1, -1, 206, 190, 15.6, 22, ABalpapaaaa, 163, 28876, 16517, 572, , 28876, 25000, 28364, 28616, 0, 
500, 1, 503, 384, -1, 239, 185, 20.1, 22, ABalppappaa, -48, 27442, 12733, 464, , 27442, 25000, 27810, 28031, 0, 
501, 1, 107, 85, -1, 311, 171, 21.7, 22, ABplpaappaa, -50, 27389, 14352, 524, , 27389, 25000, 28747, 28829, 0, 
502, 1, 445, 388, -1, 487, 137, 21.1, 24, ABplapppaaa, -340, 27712, 16738, 604, , 27712, 25000, 28636, 28716, 0, 
503, 1, 321, 65, -1, 421, 309, 14.7, 21, Nuc233_15_386_313pap, 236, 28449, 13428, 472, , 28449, 25000, 29552, 30026, 0, 
504, 1, 105, -1, -1, 494, 313, 10.0, 20, Z2, 290, 26763, 8457, 316, , 26763, 25000, 28199, 28906, 0, 
505, 1, 504, 211, -1, 271, 303, 6.9, 22, Nuc234_7_273_303, 148, 30366, 14090, 464, , 30366, 25000, 32724, 32341, 0, 
506, 1, 386, -1, -1, 215, 328, 19.9, 22, MSpppaaa, 310, 27573, 12794, 464, , 27573, 25000, 27902, 28157, 0, 
507, 1, 457, -1, -1, 210, 225, 10.3, 21, ABarappppap, 279, 29485, 13917, 472, , 29485, 25000, 29277, 30013, 0, 
508, 1, 287, 104, -1, 243, 358, 22.6, 24, MSappaaa, 311, 51403, 35982, 700, , 51403, 25000, 33386, 33113, 0, 
509, 1, 505, 491, -1, 323, 174, 18.1, 22, MSappapp, -73, 27970, 12978, 464, , 27970, 25000, 28831, 28831, 0, 
510, 1, 507, 482, -1, 333, 352, 15.1, 22, MSpaapapa, 195, 27450, 12737, 464, , 27450, 25000, 27992, 27951, 0, 
511, 1, 508, 14, -1, 313, 398, 16.1, 25, Dpppaa, 242, 28225, 19419, 688, , 28225, 25000, 28588, 28520, 0, 
512, 1, 83, -1, -1, 410, 238, 17.7, 24, Ealaavp, 224, 26723, 18813, 704, , 26723, 25000, 27896, 27730, 0, 
513, 1, -1, 102, -1, 504, 156, 24.0, 23, Nuc243_24_504_156, 163, 27838, 14253, 512, , 27838, 25000, 28091, 28135, 0, 
514, 1, 509, 447, -1, 315, 333, 25.1, 26, ABaraapapapa, 186, 27919, 22335, 800, , 27919, 25000, 29545, 29549, 0, 
515, 1, 356, 505, -1, 483, 351, 15.5, 24, Epraap, 167, 29152, 22389, 768, , 29152, 25000, 29919, 30231, 0, 
516, 1, 477, 512, -1, 191, 190, 20.1, 21, ABalpppaapd, 203, 28592, 9950, 348, , 28592, 25000, 28188, 28255, 0, 
517, 1, 510, 360, -1, 325, 195, 24.7, 22, ABplpaappapa, 212, 27445, 14381, 524, , 27445, 25000, 28897, 28953, 0, 
518, 1, 514, 515, -1, 295, 282, 23.0, 22, MSaaapaap, 136, 30813, 11832, 384, , 30813, 25000, 29053, 29056, 0, 
519, 1, 516, 516, -1, 360, 241, 17.0, 23, MSaapaaap, 357, 28338, 14509, 512, , 28338, 25000, 30371, 29711, 0, 
520, 1, 518, 27, -1, 412, 243, 19.0, 24, MSaappppa, 54, 27839, 16926, 608, , 27839, 25000, 27916, 28019, 0, 
521, 1, 519, 517, -1, 443, 248, 20.0, 22, MSaappppp, 171, 29255, 11234, 384, , 29255, 25000, 28408, 28456, 0, 
522, 1, 520, 518, -1, 496, 231, 21.0, 24, MSappaap, 207, 27317, 16609, 608, , 27317, 25000, 27901, 27866, 0, 
523, 1, 521, 341, -1, 292, 181, 24.0, 23, Nuc234_25_278_177, 166, 27361, 14009, 512, , 27361, 25000, 28017, 27734, 0, 
524, 1, 523, 250, -1, 261, 350, 24.4, 24, MSappppp, 260, 32754, 22928, 700, , 32754, 25000, 32085, 30891, 0, 
525, 1, 524, 519, -1, 356, 352, 16.0, 23, MSpaapapp, 220, 27932, 14301, 512, , 27932, 25000, 28991, 29093, 0, 
526, 1, 525, 520, -1, 360, 305, 8.0, 23, MSpapppapa, 191, 29836, 15276, 512, , 29836, 25000, 30211, 30209, 0, 
527, 1, 526, 521, -1, 281, 296, 10.0, 22, MSppppaa, 578, 28404, 10907, 384, , 28404, 25000, 28457, 28668, 0, 
528, 1, 527, 522, -1, 493, 302, 9.0, 25, MSpppaap, 136, 28492, 21768, 764, , 28492, 25000, 29241, 29395, 0, 
529, 1, 528, 523, -1, 241, 326, 20.0, 22, MSaaaaapap, 128, 28294, 10865, 384, , 28294, 25000, 29051, 29067, 0, 
530, 1, 529, 524, -1, 355, 288, 22.0, 24, MSaapappa, 154, 29280, 17802, 608, , 29280, 25000, 29198, 29248, 0, 
531, 1, 530, 526, -1, 383, 220, 18.0, 22, MSaapppap, 54, 28000, 10752, 384, , 28000, 25000, 28554, 28147, 0, 
532, 1, 531, 527, -1, 368, 267, 11.0, 22, MSpapapap, 194, 50302, 19316, 384, , 50302, 25000, 32287, 32511, 0, 
533, 1, 532, 528, -1, 338, 201, 14.0, 25, ABplpappaap, 260, 28516, 21786, 764, , 28516, 25000, 29084, 29251, 0, 
534, 1, 534, 529, -1, 178, 241, 20.0, 24, ABalapappaa, -6, 26707, 16238, 608, , 26707, 25000, 27804, 27936, 0, 
