1, 1, 251, -1, -1, 318, 329, 6.9, 25, ABprapaaapa, 69, 31862, 20264, 636, , 31862, 25000, 33326, 33327, 0, 
2, 1, 313, -1, -1, 444, 356, 6.1, 26, ABprappapa, 266, 33639, 26911, 800, , 33639, 25000, 36699, 36699, 0, 
3, 1, 235, -1, -1, 384, 275, 7.8, 22, MSpapppapp, 192, 30419, 15088, 496, , 30419, 25000, 31247, 31299, 0, 
4, 0, 282, -1, -1, 541, 158, 6.9, 22, , 182, -1121, 14414, 464, , 31065, 25000, 31896, 32186, 0, 
5, 1, 277, -1, -1, 130, 304, 22.5, 25, ABplaaaapp, 222, 30574, 23481, 768, , 30574, 25000, 28773, 28794, 0, 
6, 1, 400, -1, -1, 587, 197, 9.6, 27, Caappd, 260, 26758, 26437, 988, , 26758, 25000, 27785, 27814, 0, 
7, 1, 367, -1, -1, 142, 233, 23.8, 23, ABarpaaaapp, 228, 27733, 14976, 540, , 27733, 25000, 28370, 28438, 0, 
8, 1, 127, -1, -1, 290, 232, 20.5, 24, ABalpapppaa, -224, 27514, 21131, 768, , 27514, 25000, 28447, 28360, 0, 
9, 1, 258, -1, -1, 547, 304, 15.6, 30, Eprap, 299, 28798, 33291, 1156, , 28798, 25000, 30233, 30283, 0, 
10, 1, 93, -1, -1, 251, 302, 13.3, 24, ABarapaapaa, 105, 27783, 19559, 704, , 27783, 25000, 28422, 28665, 0, 
11, 1, 105, -1, -1, 244, 190, 22.4, 24, ABplpaapaaa, 121, 29366, 20556, 700, , 29366, 25000, 28525, 28411, 0, 
12, 1, 142, -1, -1, 361, 386, 12.8, 25, Dppap, 256, 27411, 19297, 704, , 27411, 25000, 29462, 29456, 0, 
13, 1, 379, -1, -1, 209, 144, 17.9, 23, ABalpppaaap, 217, 28962, 14365, 496, , 28962, 25000, 28840, 28713, 0, 
14, 1, 511, -1, -1, 313, 395, 15.9, 24, Dpppaa, 243, 27659, 16706, 604, , 27659, 25000, 27995, 28021, 0, 
15, 0, 216, -1, -1, 284, 281, 11.5, 23, , 200, 1583, 19046, 632, , 30136, 25000, 28685, 28553, 0, 
16, 1, 225, -1, -1, 163, 281, 9.8, 22, ABpraapaapa, 210, 27962, 13869, 496, , 27962, 25000, 29028, 29027, 0, 
17, 1, 145, -1, -1, 438, 268, 21.9, 22, Capaaap, 210, 28308, 13135, 464, , 28308, 25000, 28502, 28611, 0, 
18, 1, 439, -1, -1, 280, 232, 4.7, 23, Nuc234_7_277_240, 140, 43034, 25476, 592, , 43034, 25000, 37593, 37100, 0, 
19, 1, 291, -1, -1, 364, 402, 15.9, 28, Dpppap, 279, 27629, 30060, 1088, , 27629, 25000, 28235, 28295, 0, 
20, 1, 474, -1, -1, 212, 231, 16.4, 22, ABalpaappaap, 252, 28227, 16146, 572, , 28227, 25000, 28297, 28672, 0, 
21, 1, 2, -1, -1, 266, 153, 17.0, 25, ABplpaaappp, 225, 28814, 22014, 764, , 28814, 25000, 28151, 28174, 0, 
22, 1, 26, -1, -1, 532, 134, 18.9, 24, ABplapapppp, 239, 27848, 16820, 604, , 27848, 25000, 28155, 28163, 0, 
23, 1, 283, -1, -1, 364, 307, 11.5, 23, MSpapaapp, 237, 29047, 18358, 632, , 29047, 25000, 29939, 29635, 0, 
24, 1, 322, -1, -1, 257, 175, 9.0, 23, ABarapppapa, 200, 28814, 14753, 512, , 28814, 25000, 29033, 29159, 0, 
25, 1, 35, -1, -1, 279, 336, 8.3, 26, ABpraapapap, 244, 27951, 23926, 856, , 27951, 25000, 29220, 29432, 0, 
26, 1, 252, -1, -1, 252, 175, 5.6, 25, ABpraappap, 190, 50192, 41760, 832, , 50192, 25000, 40944, 41017, 0, 
27, 1, 520, -1, -1, 410, 239, 18.0, 25, MSaappppa, 225, 27120, 20720, 764, , 27120, 25000, 27825, 27839, 0, 
28, 1, 39, -1, -1, 312, 223, 18.5, 23, Nuc234_19_299_240, 196, 29066, 18370, 632, , 29066, 25000, 28719, 28903, 0, 
29, 1, 37, -1, -1, 284, 233, 24.3, 23, ABplaapappa, 227, 28782, 17039, 592, , 28782, 25000, 28465, 28515, 0, 
30, 1, 92, -1, -1, 237, 134, 21.4, 23, ABalpppaaaa, 91, 26886, 17207, 640, , 26886, 25000, 28723, 28864, 0, 
31, 1, 97, -1, -1, 551, 118, 15.6, 23, Cpappv, 231, 27247, 17438, 640, , 27247, 25000, 29141, 29148, 0, 
32, 1, 330, -1, -1, 347, 357, 19.4, 28, MSpaaapap, 291, 28143, 27805, 988, , 28143, 25000, 28219, 28350, 0, 
33, 1, 98, -1, -1, 294, 254, 15.8, 24, ABalpappppaa, 89, 29393, 19282, 656, , 29393, 25000, 29351, 29389, 0, 
34, 1, 181, -1, -1, 431, 217, 13.3, 24, ABplppaappp, 191, 29460, 20740, 704, , 29460, 25000, 28231, 28231, 0, 
35, 1, 408, -1, -1, 238, 174, 15.4, 24, ABplpaaapaa, 248, 26994, 18896, 700, , 26994, 25000, 28314, 28608, 0, 
36, 1, 305, -1, -1, 377, 165, 18.9, 22, Nuc233_18_371_145, 154, 29134, 13518, 464, , 29134, 25000, 29758, 29711, 0, 
37, 1, 212, -1, -1, 253, 121, 14.8, 27, ABplpaapappp, 202, 27771, 24105, 868, , 27771, 25000, 27911, 28007, 0, 
38, 1, 195, -1, -1, 200, 150, 21.0, 24, Nuc232_19_207_150, 209, 28563, 17366, 608, , 28563, 25000, 27883, 27908, 0, 
39, 1, 82, -1, -1, 253, 247, 21.7, 24, ABaraaaaaapp, 239, 27837, 19597, 704, , 27837, 25000, 27801, 27810, 0, 
40, 1, 213, -1, -1, 217, 191, 17.1, 25, Nuc233_17_217_169a, -81, 27821, 19141, 688, , 27821, 25000, 28691, 29160, 0, 
41, 1, 152, -1, -1, 280, 333, 13.0, 23, ABaraaapapp, 157, 27197, 13925, 512, , 27197, 25000, 27787, 27874, 0, 
42, 1, 162, -1, -1, 288, 353, 21.8, 23, Nuc236_21_281_347, 194, 28650, 15471, 540, , 28650, 25000, 29089, 29230, 0, 
43, 1, 246, -1, -1, 312, 257, 8.3, 22, Dpapa, 216, 29244, 15324, 524, , 29244, 25000, 30405, 30444, 0, 
44, 1, 297, -1, -1, 487, 108, 10.2, 23, ABprpppapap, 184, 27446, 14821, 540, , 27446, 25000, 28178, 28023, 0, 
45, 1, 113, -1, -1, 322, 167, 10.3, 23, ABplpaaaapa, -67, 28780, 17038, 592, , 28780, 25000, 29659, 29614, 0, 
46, 1, 184, -1, -1, 324, 224, 11.0, 23, ABprpapapaa, 228, 28615, 14651, 512, , 28615, 25000, 28797, 28855, 0, 
47, 1, 108, -1, -1, 313, 121, 19.7, 24, ABplppaaaaa, 218, 28659, 20176, 704, , 28659, 25000, 28152, 28334, 0, 
48, 1, 290, -1, -1, 478, 261, 26.3, 30, ABarppappa, 298, 28019, 36649, 1308, , 28019, 25000, 27915, 27846, 0, 
49, 1, 107, -1, -1, 347, 348, 7.8, 24, ABprapaaapp, 103, 29550, 19385, 656, , 29550, 25000, 29973, 30127, 0, 
50, 1, 352, -1, -1, 377, 191, 17.3, 23, ABplppapaapa, 175, 28840, 17073, 592, , 28840, 25000, 28630, 28579, 0, 
51, 1, 28, -1, -1, 292, 208, 25.6, 26, ABplaapappp, 267, 29257, 24342, 832, , 29257, 25000, 29491, 29499, 0, 
52, 1, 170, -1, -1, 210, 215, 18.5, 22, ABalaaaalal, 139, 28959, 14827, 512, , 28959, 25000, 28599, 28620, 0, 
53, 1, 106, -1, -1, 271, 182, 12.2, 26, ABalpapapaa, 360, 29064, 23135, 796, , 29064, 25000, 29354, 29603, 0, 
54, 1, 187, -1, -1, 137, 251, 8.4, 31, ABprpaapapa, 297, 29226, 38929, 1332, , 29226, 25000, 29465, 29524, 0, 
55, 0, 413, -1, -1, 589, 171, 12.4, 22, , 197, 2588, 18040, 572, , 31538, 25000, 29061, 28950, 0, 
56, 1, 378, -1, -1, 292, 154, 14.4, 22, ABplpapaapp, 159, 29283, 16750, 572, , 29283, 25000, 29638, 29774, 0, 
57, 1, 211, -1, -1, 150, 178, 21.7, 23, Nuc234_23_148_189, 201, 27799, 16457, 592, , 27799, 25000, 27484, 27363, 0, 
58, 1, 134, -1, -1, 499, 335, 6.6, 25, ABarpppppa, 254, 32756, 27253, 832, , 32756, 25000, 35589, 35628, 0, 
59, 1, 111, -1, -1, 364, 328, 19.9, 22, MSaaapapp, 196, 28334, 13147, 464, , 28334, 25000, 28390, 28433, 0, 
60, 1, 353, -1, -1, 504, 209, 22.0, 24, Capaapp, 247, 26536, 16134, 608, , 26536, 25000, 28327, 28504, 0, 
61, 1, 362, -1, -1, 305, 399, 12.8, 27, ABarppaapa, 272, 27742, 24080, 868, , 27742, 25000, 28077, 28069, 0, 
62, 1, 434, -1, -1, 240, 197, 9.1, 22, ABarapppppp, 192, 26511, 12301, 464, , 26511, 25000, 29101, 29013, 0, 
63, 1, 179, -1, -1, 358, 282, 13.5, 22, MSpapapaa, 189, 57984, 29688, 512, , 57984, 25000, 33080, 32982, 0, 
64, 1, 183, -1, -1, 227, 231, 25.5, 22, ABalpppappp, 226, 28143, 14409, 512, , 28143, 25000, 27698, 27327, 0, 
65, 1, 503, -1, -1, 426, 312, 15.1, 22, Nuc233_15_386_313pap, 172, 29616, 13742, 464, , 29616, 25000, 29561, 29884, 0, 
66, 0, 495, -1, -1, 279, 264, 21.0, 22, , 107, -1048, 10647, 384, , 27727, 25000, 28904, 28775, 0, 
67, 1, 496, -1, -1, 553, 208, 24.6, 35, Cpapap, 349, 28597, 55249, 1932, , 28597, 25000, 28757, 28768, 0, 
68, 1, 339, -1, -1, 353, 275, 17.7, 24, MSaapapap, 165, 42068, 29616, 704, , 42068, 25000, 32125, 32237, 0, 
69, 1, 188, -1, -1, 374, 264, 13.9, 24, MSaappaa, 162, 30023, 18134, 604, , 30023, 25000, 32217, 30633, 0, 
70, 1, 488, -1, -1, 203, 144, 10.9, 23, Nuc233_10_227_158, 82, 26984, 13384, 496, , 26984, 25000, 27898, 27715, 0, 
71, 1, 424, -1, -1, 223, 310, 17.6, 27, ABaraappaap, 218, 26844, 26522, 988, , 26844, 25000, 28424, 28485, 0, 
72, 1, 388, -1, -1, 339, 332, 13.0, 24, MSpapappa, 199, 28977, 17618, 608, , 28977, 25000, 28542, 28561, 0, 
73, 1, 320, -1, -1, 252, 235, 26.7, 31, ABplaaappp, 304, 31231, 42724, 1368, , 31231, 25000, 28848, 28922, 0, 
74, 1, 191, -1, -1, 357, 253, 14.3, 25, ABarapapapp, 116, 28728, 21948, 764, , 28728, 25000, 29241, 28803, 0, 
75, 0, 261, -1, -1, 486, 138, 23.0, 22, , 193, 310, 10836, 384, , 28219, 25000, 27940, 27909, 0, 
76, 1, 133, -1, -1, 182, 299, 23.5, 27, MSapappp, 240, 28058, 25140, 896, , 28058, 25000, 28499, 28616, 0, 
77, 1, 338, -1, -1, 284, 246, 8.8, 22, Nuc234_9_299_244, 208, 29863, 14812, 496, , 29863, 25000, 29453, 29488, 0, 
78, 1, 83, -1, -1, 253, 219, 19.0, 24, Nuc233_19_241_214, 21, 27285, 16589, 608, , 27285, 25000, 27888, 27936, 0, 
79, 1, 289, -1, -1, 179, 221, 13.8, 23, ABaraaapppa, 205, 27961, 15099, 540, , 27961, 25000, 28405, 28317, 0, 
80, 1, 99, -1, -1, 242, 302, 4.8, 22, ABprpaaaaapa, 215, 39306, 19496, 496, , 39306, 25000, 40466, 40387, 0, 
81, 1, 376, -1, -1, 143, 293, 17.8, 23, ABalapppapp, 221, 30463, 16450, 540, , 30463, 25000, 28609, 28599, 0, 
82, 1, 418, -1, -1, 475, 177, 20.1, 26, Capappp, 261, 27855, 22284, 800, , 27855, 25000, 28286, 28196, 0, 
83, 1, 49, -1, -1, 213, 166, 18.8, 23, ABalaaaalpa, 179, 29302, 15823, 540, , 29302, 25000, 28382, 28422, 0, 
84, 1, 176, -1, -1, 330, 136, 18.8, 23, ABplppaapap, 215, 26872, 14511, 540, , 26872, 25000, 28239, 28257, 0, 
85, 1, 501, -1, -1, 311, 171, 21.9, 22, ABplpaappaa, 227, 28972, 13443, 464, , 28972, 25000, 29053, 29116, 0, 
86, 1, 164, -1, -1, 497, 294, 5.6, 25, ABprappapp, 241, 38127, 31722, 832, , 38127, 25000, 37294, 37294, 0, 
87, 1, 373, -1, -1, 112, 289, 18.3, 24, ABarpaapaa, 226, 28536, 20089, 704, , 28536, 25000, 28754, 28652, 0, 
88, 1, 459, -1, -1, 273, 222, 20.5, 22, ABalpappaap, 187, 29813, 15264, 512, , 29813, 25000, 28676, 28768, 0, 
89, 1, 94, -1, -1, 285, 302, 5.2, 22, ABprpaappap, 207, 40766, 20220, 496, , 40766, 25000, 37796, 38452, 0, 
90, 1, 206, -1, -1, 167, 198, 17.9, 22, ABalpaapppp, 163, 27045, 12549, 464, , 27045, 25000, 27703, 28047, 0, 
91, 1, 270, -1, -1, 256, 277, 26.4, 24, MSapppap, 243, 29270, 20489, 700, , 29270, 25000, 29155, 29107, 0, 
92, 0, 64, -1, -1, 84, 262, 16.0, 24, , 209, 3389, 18565, 608, , 30535, 25000, 27146, 27146, 0, 
93, 1, 480, -1, -1, 379, 211, 10.4, 24, ABarappappa, -197, 28024, 19617, 700, , 28024, 25000, 29612, 29812, 0, 
94, 1, 11, -1, -1, 447, 133, 13.7, 25, ABplappppa, 67, 27474, 20990, 764, , 27474, 25000, 27751, 27655, 0, 
95, 1, 310, -1, -1, 444, 218, 11.0, 22, ABprppaappp, 188, 27076, 10397, 384, , 27076, 25000, 28523, 28804, 0, 
96, 1, 215, -1, -1, 133, 289, 9.8, 24, ABarpappap, 596, 28515, 18706, 656, , 28515, 25000, 28628, 28677, 0, 
97, 1, 263, -1, -1, 481, 125, 18.5, 25, ABplpppaapp, -251, 28346, 21770, 768, , 28346, 25000, 27815, 27857, 0, 
98, 1, 356, -1, -1, 385, 161, 12.9, 23, ABplpapappap, 146, 29258, 14512, 496, , 29258, 25000, 27535, 27471, 0, 
99, 1, 267, -1, -1, 228, 135, 19.0, 23, ABalpppapad, 211, 30342, 15535, 512, , 30342, 25000, 28539, 28600, 0, 
100, 1, 161, -1, -1, 381, 341, 13.9, 33, Earaa, 321, 27729, 48137, 1736, , 27729, 25000, 29261, 29445, 0, 
101, 1, 146, -1, -1, 278, 248, 12.7, 25, ABarapaaaap, 196, 27390, 20926, 764, , 27390, 25000, 28822, 28797, 0, 
102, 1, 513, -1, -1, 506, 157, 24.2, 26, Nuc243_24_504_156, 193, 29374, 23382, 796, , 29374, 25000, 29016, 29076, 0, 
103, 1, 280, -1, -1, 507, 137, 22.5, 22, Nuc243_23_507_136, -98, 28957, 14826, 512, , 28957, 25000, 29235, 29150, 0, 
104, 1, 508, -1, -1, 239, 355, 22.6, 24, MSappaaa, 203, 52536, 36775, 700, , 52536, 25000, 33717, 33765, 0, 
105, 1, 368, -1, -1, 431, 175, 14.9, 24, ABplpppaaaa, 219, 29099, 17576, 604, , 29099, 25000, 27958, 27989, 0, 
106, 1, 335, -1, -1, 181, 199, 11.7, 23, ABarapppaap, 200, 30340, 17961, 592, , 30340, 25000, 28246, 28163, 0, 
107, 1, 337, -1, -1, 246, 162, 19.8, 25, ABplpaaaaaa, 32, 27550, 19395, 704, , 27550, 25000, 28068, 28069, 0, 
108, 1, 136, -1, -1, 209, 292, 9.6, 23, ABprpaapaaa, 199, 28122, 17998, 640, , 28122, 25000, 28590, 28476, 0, 
109, 1, 326, -1, -1, 552, 340, 11.9, 25, Cppapap, 254, 27709, 19064, 688, , 27709, 25000, 29791, 29807, 0, 
110, 1, 397, -1, -1, 282, 206, 22.5, 24, ABalppppaadp, 179, 27212, 20899, 768, , 27212, 25000, 28770, 28836, 0, 
111, 1, 243, -1, -1, 440, 347, 24.4, 30, Cappaaa, 303, 28009, 32378, 1156, , 28009, 25000, 28881, 28881, 0, 
112, 1, 8, -1, -1, 412, 315, 5.8, 26, ABprappaaa, 202, 37833, 30115, 796, , 37833, 25000, 34450, 34865, 0, 
113, 1, 171, -1, -1, 218, 187, 6.1, 22, ABprpaapapp, 283, 36397, 16888, 464, , 36397, 25000, 40723, 40978, 0, 
114, 1, 20, -1, -1, 230, 153, 11.6, 22, ABplaappaa, 239, 29774, 17031, 572, , 29774, 25000, 28916, 28798, 0, 
115, 1, 228, -1, -1, 167, 221, 24.0, 22, ABalapappppp, 150, 28693, 11018, 384, , 28693, 25000, 28372, 28112, 0, 
116, 1, 40, -1, -1, 396, 405, 15.2, 26, Dppppa, 263, 28869, 22980, 796, , 28869, 25000, 28886, 28929, 0, 
117, 1, 12, -1, -1, 183, 186, 22.2, 23, ABplaapaapa, 99, 29493, 15926, 540, , 29493, 25000, 28663, 28424, 0, 
118, 1, 292, -1, -1, 264, 357, 20.6, 23, MSpaaaaaa, 61, 28434, 18198, 640, , 28434, 25000, 30047, 29799, 0, 
119, 1, 60, -1, -1, 123, 288, 15.1, 22, ABarpaaapap, 226, 27707, 12856, 464, , 27707, 25000, 28730, 28730, 0, 
120, 1, 273, -1, -1, 493, 223, 10.6, 23, ABprppppaaa, 200, 29183, 18677, 640, , 29183, 25000, 29609, 29758, 0, 
121, 0, 21, -1, -1, 253, 269, 8.7, 23, , 215, 91, 17430, 592, , 29443, 25000, 29310, 29352, 0, 
122, 1, 411, -1, -1, 510, 199, 11.4, 22, ABprppppaap, 208, 27871, 15942, 572, , 27871, 25000, 28932, 28890, 0, 
123, 1, 15, -1, -1, 336, 247, 20.2, 24, ABaraapapppa, 105, 27192, 17838, 656, , 27192, 25000, 28951, 29009, 0, 
124, 1, 160, -1, -1, 231, 290, 22.4, 26, ABaraapaapa, 179, 28718, 23893, 832, , 28718, 25000, 28134, 28335, 0, 
125, 1, 29, -1, -1, 179, 255, 13.5, 22, ABalaapaaar, 156, 27582, 14122, 512, , 27582, 25000, 27742, 27840, 0, 
126, 1, 449, -1, -1, 296, 344, 17.5, 22, Nuc232_18_293_339, 194, 30115, 15419, 512, , 30115, 25000, 28210, 28304, 0, 
127, 1, 308, -1, -1, 189, 227, 19.0, 22, ABalaaaalar, 187, 26542, 10192, 384, , 26542, 25000, 28180, 28079, 0, 
128, 1, 228, -1, -1, 163, 202, 21.4, 22, ABalapappppa, 132, 27928, 15975, 572, , 27928, 25000, 28104, 27969, 0, 
129, 1, 177, -1, -1, 326, 302, 22.8, 26, ABaraapapapp, 208, 27631, 21994, 796, , 27631, 25000, 28368, 28297, 0, 
130, 1, 453, -1, -1, 291, 218, 12.6, 22, ABplpappaaa, 203, 29138, 16667, 572, , 29138, 25000, 27806, 27877, 0, 
131, 1, 217, -1, -1, 464, 211, 22.7, 25, ABplappapp, 332, 27643, 21119, 764, , 27643, 25000, 28038, 27957, 0, 
132, 1, 72, -1, -1, 316, 371, 19.2, 25, MSpaaappp, 201, 29007, 20421, 704, , 29007, 25000, 29067, 29385, 0, 
133, 1, 38, -1, -1, 328, 168, 23.7, 23, ABplpaappapp, 228, 28387, 16805, 592, , 28387, 25000, 28133, 28414, 0, 
134, 1, 389, -1, -1, 138, 319, 15.4, 23, ABarpapaaap, 180, 27619, 17676, 640, , 27619, 25000, 28367, 28404, 0, 
135, 1, 201, -1, -1, 213, 219, 12.4, 28, ABarappaaaa, 356, 29016, 28668, 988, , 29016, 25000, 28859, 28804, 0, 
136, 0, 462, -1, -1, 110, 230, 20.2, 22, , 97, 2520, 14953, 496, , 30147, 25000, 27765, 27627, 0, 
137, 1, 117, -1, -1, 371, 241, 23.7, 25, ABplapaaapp, 243, 27890, 21308, 764, , 27890, 25000, 28261, 28266, 0, 
138, 1, 198, -1, -1, 405, 232, 9.4, 23, ABprpaaaappa, 62, 29939, 19161, 640, , 29939, 25000, 28852, 28699, 0, 
139, 1, 366, -1, -1, 381, 343, 23.9, 27, Dappaaa, 269, 29091, 26415, 908, , 29091, 25000, 28367, 28367, 0, 
140, 1, 481, -1, -1, 263, 292, 11.3, 22, ABarapappaa, 99, 28183, 14768, 524, , 28183, 25000, 28326, 28120, 0, 
141, 1, 284, -1, -1, 251, 233, 7.4, 22, ABprpaaappp, 309, 31250, 17875, 572, , 31250, 25000, 33307, 33039, 0, 
142, 1, 483, -1, -1, 199, 343, 18.9, 22, MSaaaaapaa, 222, 27304, 12669, 464, , 27304, 25000, 27416, 27444, 0, 
143, 1, 323, -1, -1, 361, 235, 9.8, 22, ABprpapppap, 189, 26948, 13366, 496, , 26948, 25000, 29218, 29660, 0, 
144, 1, 351, -1, -1, 126, 254, 11.3, 23, ABarpappaaa, 203, 29182, 17276, 592, , 29182, 25000, 27474, 27481, 0, 
145, 1, 139, -1, -1, 282, 365, 18.3, 24, MSpaaappa, -119, 28499, 20063, 704, , 28499, 25000, 28491, 28499, 0, 
146, 1, 390, -1, -1, 531, 225, 14.1, 26, Eprppp, 161, 27858, 22286, 800, , 27858, 25000, 28816, 28983, 0, 
147, 1, 296, -1, -1, 216, 210, 5.8, 24, ABprpaaapap, 192, 40130, 26325, 656, , 40130, 25000, 39255, 39904, 0, 
148, 1, 407, -1, -1, 550, 234, 18.6, 31, Eplpa, 297, 27799, 37028, 1332, , 27799, 25000, 29082, 29127, 0, 
149, 1, 298, -1, -1, 446, 243, 23.3, 25, ABplappaap, 234, 28099, 21468, 764, , 28099, 25000, 27544, 27560, 0, 
150, 0, 75, -1, -1, 319, 156, 6.8, 23, , 197, 672, 19771, 540, , 36613, 25000, 35265, 35941, 0, 
151, 1, 103, -1, -1, 482, 157, 6.4, 25, ABprappppa, 14, 33810, 28130, 832, , 33810, 25000, 35850, 36042, 0, 
152, 1, 348, -1, -1, 368, 191, 11.3, 22, ABplppaappa, 175, 28906, 15147, 524, , 28906, 25000, 28180, 28120, 0, 
153, 1, 128, -1, -1, 177, 251, 16.0, 22, ABalaaaarrp, 193, 28018, 10759, 384, , 28018, 25000, 28732, 28736, 0, 
154, 1, 470, -1, -1, 315, 201, 11.5, 24, ABprpappapa, 200, 28693, 22036, 768, , 28693, 25000, 29044, 28981, 0, 
155, 1, 423, -1, -1, 284, 207, 5.7, 24, ABprpaapppa, 212, 40355, 28410, 704, , 40355, 25000, 37213, 37036, 0, 
156, 1, 394, -1, -1, 196, 291, 17.0, 22, MSaaaaaar, 183, 27779, 10667, 384, , 27779, 25000, 27175, 27164, 0, 
157, 1, 421, -1, -1, 457, 216, 13.4, 24, ABprpapappp, 180, 27643, 19350, 700, , 27643, 25000, 29141, 28961, 0, 
158, 1, 431, -1, -1, 246, 311, 8.0, 23, ABpraaappap, 212, 27418, 14038, 512, , 27418, 25000, 29132, 29253, 0, 
159, 1, 237, -1, -1, 138, 205, 20.2, 25, ABplaapaaap, 216, 28810, 20282, 704, , 28810, 25000, 29054, 29204, 0, 
160, 1, 321, -1, -1, 320, 274, 22.1, 25, ABaraapapaa, 246, 28387, 19530, 688, , 28387, 25000, 28372, 28429, 0, 
161, 1, 238, -1, -1, 398, 337, 20.3, 28, Ealaad, 280, 28361, 30176, 1064, , 28361, 25000, 28580, 28593, 0, 
162, 1, 200, -1, -1, 287, 355, 14.7, 26, ABaraappapp, 260, 29258, 25045, 856, , 29258, 25000, 27812, 27804, 0, 
163, 1, 54, -1, -1, 518, 111, 16.9, 25, ABplappppp, 259, 26794, 18434, 688, , 26794, 25000, 28393, 28416, 0, 
164, 1, 420, -1, -1, 315, 137, 15.8, 22, ABplpaapppa, 166, 29254, 14510, 496, , 29254, 25000, 27456, 27547, 0, 
165, 1, 1, -1, -1, 285, 129, 15.1, 25, ABplpaapppp, 220, 27887, 19186, 688, , 27887, 25000, 28339, 28417, 0, 
166, 1, 135, -1, -1, 503, 181, 19.0, 22, ABplpppppap, 206, 31255, 12002, 384, , 31255, 25000, 28816, 28746, 0, 
167, 0, 125, -1, -1, 337, 135, 10.1, 22, , 186, 179, 13411, 464, , 28903, 25000, 28662, 28724, 0, 
168, 1, 129, -1, -1, 156, 218, 17.6, 22, ABalaaaarlap, 184, 26773, 15314, 572, , 26773, 25000, 27601, 27731, 0, 
169, 1, 269, -1, -1, 277, 292, 20.9, 24, Nuc240_22_275_291p, 204, 27646, 16698, 604, , 27646, 25000, 29020, 28880, 0, 
170, 0, 56, -1, -1, 272, 306, 14.9, 24, , 328, 1475, 18211, 604, , 30151, 25000, 28698, 28676, 0, 
171, 1, 233, -1, -1, 198, 168, 14.8, 24, ABalppapaap, 208, 28869, 18938, 656, , 28869, 25000, 29460, 29551, 0, 
172, 1, 377, -1, -1, 169, 161, 22.4, 23, ABplpaapapa, 227, 28634, 18326, 640, , 28634, 25000, 27816, 27630, 0, 
173, 1, 492, -1, -1, 329, 169, 8.4, 25, ABprpaaaapa, 218, 30731, 25568, 832, , 30731, 25000, 30053, 30150, 0, 
174, 1, 239, -1, -1, 449, 160, 14.0, 22, ABplppppapa, 394, 27484, 10554, 384, , 27484, 25000, 29101, 29226, 0, 
175, 1, 484, -1, -1, 343, 246, 23.1, 22, MSapapaa, 184, 26593, 12339, 464, , 26593, 25000, 28789, 28920, 0, 
176, 1, 443, -1, -1, 234, 317, 10.7, 22, ABpraaaappp, 195, 29374, 15392, 524, , 29374, 25000, 27858, 27836, 0, 
177, 1, 157, -1, -1, 460, 205, 7.9, 24, ABprpppaaaa, 223, 30267, 18281, 604, , 30267, 25000, 29752, 29747, 0, 
178, 1, 186, -1, -1, 127, 265, 22.9, 26, ABplaaaapa, 191, 27916, 22333, 800, , 27916, 25000, 28509, 28544, 0, 
179, 1, 268, -1, -1, 372, 311, 5.3, 25, ABprapaapp, 248, 38175, 29166, 764, , 38175, 25000, 37020, 37140, 0, 
180, 1, 475, -1, -1, 164, 259, 11.2, 22, ABalaappppp, 133, 29075, 14421, 496, , 29075, 25000, 28005, 27920, 0, 
181, 1, 124, -1, -1, 359, 144, 14.6, 24, ABplapaapa, 223, 28320, 19824, 700, , 28320, 25000, 27521, 27512, 0, 
182, 1, 473, -1, -1, 355, 166, 13.5, 22, ABplpapappaa, -157, 30553, 15643, 512, , 30553, 25000, 29199, 29057, 0, 
183, 1, 115, -1, -1, 134, 217, 15.6, 29, ABpraapaaaa, 256, 26970, 31177, 1156, , 26970, 25000, 27963, 27973, 0, 
184, 1, 384, -1, -1, 297, 262, 25.6, 27, ABplapaaaap, 268, 29662, 29306, 988, , 29662, 25000, 29030, 29070, 0, 
185, 0, 66, -1, -1, 265, 352, 5.7, 22, , 173, 4489, 24214, 524, , 46210, 25000, 41589, 41721, 0, 
186, 1, 18, -1, -1, 500, 222, 7.5, 24, Cppappp, -123, 29117, 22362, 768, , 29117, 25000, 30672, 30841, 0, 
187, 1, 240, -1, -1, 250, 219, 14.5, 23, ABarapapapa, 155, 30063, 19000, 632, , 30063, 25000, 29340, 29676, 0, 
188, 1, 259, -1, -1, 254, 328, 13.0, 24, ABarapaappa, 227, 28678, 17436, 608, , 28678, 25000, 28064, 28425, 0, 
189, 1, 57, -1, -1, 312, 228, 23.9, 24, ABplaapapap, 399, 27331, 16508, 604, , 27331, 25000, 28667, 28703, 0, 
190, 1, 387, -1, -1, 300, 316, 22.4, 25, ABaraapaapp, 508, 28737, 23909, 832, , 28737, 25000, 28392, 28437, 0, 
191, 1, 464, -1, -1, 213, 252, 25.5, 22, Nuc241_26_216_253, 166, 29361, 15033, 512, , 29361, 25000, 28376, 28278, 0, 
192, 1, 227, -1, -1, 326, 204, 21.9, 24, ABplaapapaa, 240, 27704, 16733, 604, , 27704, 25000, 28300, 28338, 0, 
193, 1, 476, -1, -1, 130, 233, 17.7, 22, ABarpaaaaarp, 164, 28990, 15191, 524, , 28990, 25000, 28768, 29479, 0, 
194, 1, 343, -1, -1, 168, 314, 14.4, 26, ABalappapapa, 259, 28347, 23585, 832, , 28347, 25000, 28048, 28053, 0, 
195, 1, 116, -1, -1, 505, 368, 11.6, 26, Cppapaa, 260, 28236, 23492, 832, , 28236, 25000, 28815, 28771, 0, 
196, 1, 315, -1, -1, 451, 255, 10.2, 23, ABprppapapp, 198, 29409, 15881, 540, , 29409, 25000, 28681, 28680, 0, 
197, 1, 81, -1, -1, 345, 208, 6.4, 26, ABarappappp, 247, 32477, 27021, 832, , 32477, 25000, 34283, 34381, 0, 
198, 1, 131, -1, -1, 210, 179, 24.2, 28, ABplaapaapp, 286, 28936, 30441, 1052, , 28936, 25000, 28625, 28669, 0, 
199, 1, 437, -1, -1, 219, 194, 14.7, 27, ABalpapaapa, 233, 27181, 25115, 924, , 27181, 25000, 29233, 29424, 0, 
200, 1, 456, -1, -1, 507, 387, 14.1, 25, Cpppaap, 229, 28025, 19281, 688, , 28025, 25000, 28099, 28102, 0, 
201, 1, 79, -1, -1, 221, 329, 16.7, 24, ABaraappapa, 187, 28178, 19837, 704, , 28178, 25000, 28572, 28985, 0, 
202, 1, 316, -1, -1, 466, 173, 8.2, 23, ABprppppapa, 274, 27283, 14733, 540, , 27283, 25000, 29058, 29126, 0, 
203, 1, 336, -1, -1, 202, 372, 20.4, 31, ABarpaappa, 307, 26808, 35708, 1332, , 26808, 25000, 27664, 27581, 0, 
204, 1, 53, -1, -1, 216, 299, 19.9, 28, ABaraapaaap, 255, 27621, 30052, 1088, , 27621, 25000, 27552, 27578, 0, 
205, 1, 328, -1, -1, 287, 254, 23.0, 22, ABalpaapapp, 225, 26896, 10328, 384, , 26896, 25000, 28679, 28643, 0, 
206, 1, 25, -1, -1, 508, 140, 16.7, 22, ABplapppapp, 200, 28065, 14706, 524, , 28065, 25000, 28361, 28427, 0, 
207, 1, 77, -1, -1, 201, 322, 14.9, 23, MSppaaap, 229, 26288, 13039, 496, , 26288, 25000, 28381, 28453, 0, 
208, 1, 334, -1, -1, 516, 280, 8.4, 26, Cppaapp, 264, 28287, 23535, 832, , 28287, 25000, 30543, 30530, 0, 
209, 1, 454, -1, -1, 540, 193, 17.6, 32, Eplpp, 322, 27825, 41292, 1484, , 27825, 25000, 29918, 29962, 0, 
210, 1, 74, -1, -1, 213, 207, 9.5, 29, ABprpaaapaa, 265, 28133, 30384, 1080, , 28133, 25000, 28759, 28912, 0, 
211, 1, 505, -1, -1, 272, 302, 6.9, 22, Nuc234_7_273_303, 156, 29114, 13509, 464, , 29114, 25000, 32489, 32181, 0, 
212, 1, 458, -1, -1, 411, 232, 22.5, 26, ABplappaaa, 220, 28301, 25358, 896, , 28301, 25000, 28076, 28169, 0, 
213, 1, 380, -1, -1, 480, 244, 18.2, 29, Z3, 293, 26643, 29627, 1112, , 26643, 25000, 28309, 28287, 0, 
214, 1, 341, -1, -1, 381, 216, 15.0, 26, ABplppapaapp, 225, 26885, 22906, 852, , 26885, 25000, 28380, 28482, 0, 
215, 1, 130, -1, -1, 553, 256, 15.2, 33, Eprpa, 332, 29847, 52054, 1744, , 29847, 25000, 29878, 30046, 0, 
216, 1, 485, -1, -1, 477, 251, 10.1, 22, ABprpppppaa, 156, 28086, 13032, 464, , 28086, 25000, 28780, 28840, 0, 
217, 1, 399, -1, -1, 523, 334, 16.4, 30, Earpp, 308, 30220, 34934, 1156, , 30220, 25000, 29534, 29477, 0, 
218, 1, 178, -1, -1, 577, 239, 11.1, 28, Cpppapp, 259, 27300, 29702, 1088, , 27300, 25000, 29423, 29597, 0, 
219, 1, 4, -1, -1, 270, 147, 21.7, 23, ABalpppapav, 367, 29037, 17190, 592, , 29037, 25000, 28630, 28662, 0, 
220, 1, 248, -1, -1, 259, 352, 17.4, 24, MSpaaaapp, 391, 27391, 19174, 700, , 27391, 25000, 28838, 28864, 0, 
221, 1, 440, -1, -1, 479, 177, 15.9, 22, ABplppppaaa, 223, 27584, 12799, 464, , 27584, 25000, 28582, 28917, 0, 
222, 1, 44, -1, -1, 452, 310, 6.2, 26, ABprappaap, 247, 32384, 25778, 796, , 32384, 25000, 33507, 33535, 0, 
223, 1, 461, -1, -1, 203, 231, 20.9, 23, ABalaaapalr, -49, 28147, 13961, 496, , 28147, 25000, 28526, 29215, 0, 
224, 1, 153, -1, -1, 309, 145, 22.4, 24, ABplpaapaap, 251, 27314, 19120, 700, , 27314, 25000, 28889, 29130, 0, 
225, 1, 85, -1, -1, 377, 244, 18.4, 22, MSaapapaa, 46, 41000, 23452, 572, , 41000, 25000, 29854, 30317, 0, 
226, 1, 414, -1, -1, 212, 138, 14.2, 25, ABalppapapp, 240, 28145, 19814, 704, , 28145, 25000, 28913, 28630, 0, 
227, 1, 13, -1, -1, 320, 294, 12.3, 23, ABaraappppp, 139, 28319, 16765, 592, , 28319, 25000, 29145, 29228, 0, 
228, 1, 299, -1, -1, 276, 190, 16.1, 23, MSapaaaa, 163, 27351, 13566, 496, , 27351, 25000, 28045, 27940, 0, 
229, 1, 381, -1, -1, 157, 319, 9.7, 24, ABarpapppa, 230, 28690, 20198, 704, , 28690, 25000, 28880, 28885, 0, 
230, 0, 409, -1, -1, 238, 157, 8.4, 22, , 200, 486, 17644, 572, , 30846, 25000, 30329, 30360, 0, 
231, 1, 477, -1, -1, 324, 156, 13.5, 22, ABplpapaaap, 202, 28045, 14359, 512, , 28045, 25000, 29152, 29440, 0, 
232, 1, 393, -1, -1, 522, 180, 12.9, 23, ABprpappppa, 125, 28829, 14299, 496, , 28829, 25000, 28195, 28228, 0, 
233, 1, 436, -1, -1, 250, 337, 14.7, 24, ABaraaapapa, 236, 27915, 19652, 704, , 27915, 25000, 28750, 28815, 0, 
234, 1, 33, -1, -1, 304, 262, 19.9, 23, ABalpaaappp, 167, 28171, 13973, 496, , 28171, 25000, 28898, 28955, 0, 
235, 1, 486, -1, -1, 170, 179, 19.8, 22, ABalaaapall, 177, 26766, 13276, 496, , 26766, 25000, 28341, 28276, 0, 
236, 1, 361, -1, -1, 521, 248, 8.3, 23, Cppappa, 225, 27591, 16334, 592, , 27591, 25000, 29861, 29864, 0, 
237, 1, 89, -1, -1, 246, 258, 13.9, 24, ABarapaaaaa, 242, 27993, 16908, 604, , 27993, 25000, 28005, 28178, 0, 
238, 1, 450, -1, -1, 221, 254, 17.7, 22, ABaraaaaaapa, 107, 27691, 14510, 524, , 27691, 25000, 27857, 28135, 0, 
239, 1, 36, -1, -1, 446, 402, 14.4, 26, Dppppp, 214, 28025, 23317, 832, , 28025, 25000, 28726, 28726, 0, 
240, 1, 102, -1, -1, 264, 145, 12.3, 23, ABalppapapa, 227, 27833, 16477, 592, , 27833, 25000, 28855, 28991, 0, 
241, 1, 487, -1, -1, 288, 300, 12.1, 23, ABarapaapppa, 67, 28546, 14159, 496, , 28546, 25000, 28272, 27932, 0, 
242, 0, 73, -1, -1, 325, 216, 26.8, 22, , 178, -3505, 13240, 496, , 26694, 25000, 30180, 30199, 0, 
243, 1, 24, -1, -1, 562, 176, 9.6, 22, ABprapapppp, 227, 27096, 15499, 572, , 27096, 25000, 28671, 28724, 0, 
244, 1, 340, -1, -1, 434, 325, 8.9, 23, Cppaaap, 230, 28613, 14192, 496, , 28613, 25000, 29359, 29401, 0, 
245, 1, 30, -1, -1, 292, 275, 13.8, 22, ABarapapppp, 207, 27730, 13754, 496, , 27730, 25000, 28688, 28908, 0, 
246, 1, 472, -1, -1, 331, 304, 4.5, 27, ABpraapppp, 278, 39031, 34972, 896, , 39031, 25000, 38076, 38064, 0, 
247, 1, 402, -1, -1, 385, 397, 10.1, 27, Caaaaa, 273, 27202, 24699, 908, , 27202, 25000, 28406, 28423, 0, 
248, 1, 395, -1, -1, 353, 202, 9.6, 23, ABprppaappa, 269, 29406, 18820, 640, , 29406, 25000, 28990, 28996, 0, 
249, 1, 10, -1, -1, 326, 339, 20.9, 23, MSpaaapaa, 230, 29986, 14873, 496, , 29986, 25000, 28702, 28721, 0, 
250, 1, 524, -1, -1, 262, 351, 24.0, 23, MSappppp, 194, 30021, 15371, 512, , 30021, 25000, 31856, 31213, 0, 
251, 1, 275, -1, -1, 123, 245, 14.2, 23, ABpraapaaap, 165, 28248, 15254, 540, , 28248, 25000, 28562, 28585, 0, 
252, 1, 223, -1, -1, 279, 190, 19.5, 24, MSapapap, 244, 27772, 21329, 768, , 27772, 25000, 28204, 28214, 0, 
253, 1, 416, -1, -1, 252, 272, 5.8, 23, ABprpaaaaapp, 61, 40241, 21730, 540, , 40241, 25000, 37241, 36954, 0, 
254, 1, 347, -1, -1, 415, 348, 14.8, 32, Earpa, 320, 27321, 43932, 1608, , 27321, 25000, 30080, 30272, 0, 
255, 1, 84, -1, -1, 221, 273, 5.4, 24, ABpraaaapava, 337, 40846, 28592, 700, , 40846, 25000, 38769, 38548, 0, 
256, 1, 147, -1, -1, 225, 274, 19.7, 25, ABaraapaaaa, -11, 28140, 21499, 764, , 28140, 25000, 28029, 28092, 0, 
257, 1, 272, -1, -1, 422, 308, 17.0, 29, Ealpa, 294, 27840, 34188, 1228, , 27840, 25000, 29463, 29601, 0, 
258, 1, 452, -1, -1, 473, 280, 11.2, 24, Nuc243_11_477_277, 66, 28136, 18457, 656, , 28136, 25000, 28577, 28588, 0, 
259, 0, 317, -1, -1, 271, 320, 17.8, 22, , 169, 793, 15040, 496, , 30323, 25000, 29537, 29530, 0, 
260, 1, 101, -1, -1, 188, 347, 15.7, 24, MSppappa, -306, 27831, 19593, 704, , 27831, 25000, 28411, 28512, 0, 
261, 1, 110, -1, -1, 471, 160, 12.2, 23, ABplppppapp, 228, 27996, 15118, 540, , 27996, 25000, 28976, 29009, 0, 
262, 1, 76, -1, -1, 586, 197, 20.7, 26, Capppap, 267, 26718, 22871, 856, , 26718, 25000, 28697, 28706, 0, 
263, 1, 396, -1, -1, 578, 284, 22.6, 29, Capppaa, 291, 28400, 32830, 1156, , 28400, 25000, 29279, 29280, 0, 
264, 1, 175, -1, -1, 322, 181, 26.4, 27, ABalppppppap, 275, 28776, 28431, 988, , 28776, 25000, 29185, 29303, 0, 
265, 1, 156, -1, -1, 291, 168, 7.2, 26, ABarappapap, -110, 29448, 23441, 796, , 29448, 25000, 33923, 34097, 0, 
266, 1, 154, -1, -1, 314, 264, 11.6, 23, MSpapaaaa, 188, 29681, 18996, 640, , 29681, 25000, 29981, 29924, 0, 
267, 1, 324, -1, -1, 320, 292, 9.8, 23, ABaraappppa, 58, 27937, 15086, 540, , 27937, 25000, 29508, 29569, 0, 
268, 1, 34, -1, -1, 500, 130, 8.4, 23, Nuc233_8_515_139, 193, 30823, 19727, 640, , 30823, 25000, 29880, 29906, 0, 
269, 1, 471, -1, -1, 349, 242, 26.7, 25, ABarppapaap, 258, 28530, 21797, 764, , 28530, 25000, 29186, 29186, 0, 
270, 1, 244, -1, -1, 537, 134, 11.0, 23, ABprppppppp, 211, 27684, 14174, 512, , 27684, 25000, 29215, 28565, 0, 
271, 1, 303, -1, -1, 274, 390, 13.1, 24, ABarpppapa, 230, 26666, 16106, 604, , 26666, 25000, 27959, 28005, 0, 
272, 1, 276, -1, -1, 450, 200, 16.7, 22, ABplpppaaap, 226, 27408, 14362, 524, , 27408, 25000, 29139, 29153, 0, 
273, 1, 250, -1, -1, 376, 368, 19.0, 23, MSaaappp, 173, 27988, 14330, 512, , 27988, 25000, 28840, 28725, 0, 
274, 1, 118, -1, -1, 473, 274, 8.1, 23, MSpappap, 202, 29915, 14838, 496, , 29915, 25000, 30567, 30603, 0, 
275, 1, 67, -1, -1, 483, 170, 10.0, 23, ABprppppapp, 212, 28783, 14737, 512, , 28783, 25000, 28562, 28503, 0, 
276, 1, 31, -1, -1, 275, 230, 15.6, 23, Nuc233_14_264_225, 160, 27970, 17901, 640, , 27970, 25000, 28829, 29089, 0, 
277, 0, 104, -1, -1, 180, 283, 12.8, 23, , 203, -526, 15189, 540, , 28128, 25000, 28609, 28654, 0, 
278, 1, 274, -1, -1, 303, 180, 13.6, 22, Nuc232_13_303_173, 268, 27701, 15845, 572, , 27701, 25000, 29073, 29055, 0, 
279, 1, 61, -1, -1, 399, 267, 10.2, 24, ABprppappap, 132, 28306, 18569, 656, , 28306, 25000, 29409, 29506, 0, 
280, 1, 148, -1, -1, 576, 312, 10.1, 26, Caaapp, 262, 27004, 21603, 800, , 27004, 25000, 29093, 29137, 0, 
281, 1, 59, -1, -1, 529, 336, 23.6, 29, Cappaap, 264, 27644, 31957, 1156, , 27644, 25000, 28991, 28923, 0, 
282, 1, 230, -1, -1, 206, 231, 24.0, 25, ABalapaaaaa, 206, 27678, 21146, 764, , 27678, 25000, 28381, 28419, 0, 
283, 1, 435, -1, -1, 464, 132, 9.6, 26, Nuc233_9_472_143, 114, 27756, 23093, 832, , 27756, 25000, 27825, 27853, 0, 
284, 1, 401, -1, -1, 409, 271, 19.2, 27, Ealaava, 276, 28474, 24715, 868, , 28474, 25000, 28703, 28873, 0, 
285, 1, 168, -1, -1, 372, 228, 7.6, 24, ABprppapaaa, 238, 29621, 20735, 700, , 29621, 25000, 31514, 31833, 0, 
286, 1, 109, -1, -1, 269, 328, 22.0, 23, MSaaaaapp, 229, 28863, 14778, 512, , 28863, 25000, 28590, 28591, 0, 
287, 1, 392, -1, -1, 331, 252, 14.5, 24, ABarapapppa, 123, 29159, 22394, 768, , 29159, 25000, 28819, 28851, 0, 
288, 1, 165, -1, -1, 554, 244, 6.8, 24, ABarpppppp, 240, 32085, 21048, 656, , 32085, 25000, 34281, 34281, 0, 
289, 1, 332, -1, -1, 162, 254, 24.8, 24, ABplaaaaappa, 209, 28922, 18973, 656, , 28922, 25000, 29068, 29298, 0, 
290, 1, 119, -1, -1, 548, 148, 8.7, 27, ABprappppp, 251, 28720, 26537, 924, , 28720, 25000, 28286, 28347, 0, 
291, 1, 45, -1, -1, 283, 137, 23.3, 22, ABalpppppppp, 150, 28605, 14989, 524, , 28605, 25000, 28589, 28692, 0, 
292, 1, 349, -1, -1, 547, 255, 23.5, 25, Capapap, 393, 30462, 23395, 768, , 30462, 25000, 29691, 29691, 0, 
293, 1, 398, -1, -1, 471, 124, 12.2, 22, ABplpppapap, 173, 31183, 15467, 496, , 31183, 25000, 28605, 28538, 0, 
294, 1, 415, -1, -1, 538, 200, 9.1, 24, ABprpppaapa, 226, 27553, 16642, 604, , 27553, 25000, 28295, 28290, 0, 
295, 1, 295, -1, -1, 512, 317, 25.4, 26, Capapaa, 239, 29064, 24181, 832, , 29064, 25000, 29034, 29081, 0, 
296, 1, 467, -1, -1, 458, 383, 9.4, 28, Caaaap, 273, 27539, 27209, 988, , 27539, 25000, 28889, 28890, 0, 
297, 1, 241, -1, -1, 219, 277, 15.9, 22, ABaraaapaaa, 228, 28569, 13256, 464, , 28569, 25000, 27741, 27575, 0, 
298, 1, 451, -1, -1, 351, 209, 23.6, 27, ABplapaaapa, 272, 27663, 27331, 988, , 27663, 25000, 28113, 28156, 0, 
299, 1, 91, -1, -1, 141, 245, 19.9, 22, ABarpaaaapa, -110, 27968, 12977, 464, , 27968, 25000, 28459, 28398, 0, 
300, 1, 293, -1, -1, 306, 195, 8.4, 22, ABprpapaaap, 108, 28031, 16034, 572, , 28031, 25000, 30079, 30255, 0, 
301, 1, 311, -1, -1, 180, 211, 8.3, 22, ABpraaaaaap, 201, 29628, 15525, 524, , 29628, 25000, 29179, 28990, 0, 
302, 1, 441, -1, -1, 493, 197, 15.3, 23, ABplppppaap, 77, 28664, 16969, 592, , 28664, 25000, 28854, 28833, 0, 
303, 1, 309, -1, -1, 404, 236, 14.9, 23, ABplppapapa, 175, 27958, 13867, 496, , 27958, 25000, 28022, 27957, 0, 
304, 1, 149, -1, -1, 241, 385, 13.6, 27, ABarpaappp, 256, 27126, 26800, 988, , 27126, 25000, 27270, 27132, 0, 
305, 1, 193, -1, -1, 365, 297, 18.2, 22, MSaapaapp, 216, 31107, 15429, 496, , 31107, 25000, 30702, 29883, 0, 
306, 1, 494, -1, -1, 155, 225, 9.8, 22, ABalaaapprr, 191, 27980, 13878, 496, , 27980, 25000, 28594, 28533, 0, 
307, 1, 432, -1, -1, 235, 249, 5.9, 22, ABpraaaapavp, 136, 38823, 18014, 464, , 38823, 25000, 38709, 38457, 0, 
308, 1, 41, -1, -1, 341, 263, 11.5, 22, MSpapaaap, 427, 30039, 15380, 512, , 30039, 25000, 29892, 29832, 0, 
309, 1, 78, -1, -1, 485, 198, 10.1, 22, ABplpapppap, 181, 27119, 12583, 464, , 27119, 25000, 29043, 29046, 0, 
310, 1, 331, -1, -1, 380, 168, 21.6, 27, Nuc233_20_375_160p, 274, 27740, 27407, 988, , 27740, 25000, 28032, 28039, 0, 
311, 1, 357, -1, -1, 183, 180, 16.8, 22, ABalaaaalpp, 199, 28069, 13922, 496, , 28069, 25000, 28397, 28526, 0, 
312, 1, 194, -1, -1, 392, 198, 22.4, 25, ABplapaapp, 256, 27329, 22738, 832, , 27329, 25000, 27783, 27792, 0, 
313, 1, 302, -1, -1, 423, 288, 9.1, 22, MSpappppa, 191, 27709, 12857, 464, , 27709, 25000, 29155, 29196, 0, 
314, 1, 478, -1, -1, 160, 212, 12.5, 26, ABalaapaapp, 171, 28711, 25725, 896, , 28711, 25000, 28569, 28644, 0, 
315, 1, 465, -1, -1, 262, 132, 10.5, 28, ABplaappap, 282, 27601, 29809, 1080, , 27601, 25000, 28408, 28413, 0, 
316, 1, 262, -1, -1, 604, 263, 14.7, 26, Cppppap, 242, 28729, 24592, 856, , 28729, 25000, 28569, 28569, 0, 
317, 1, 427, -1, -1, 495, 154, 18.6, 23, ABplpppaapa, 73, 27858, 17829, 640, , 27858, 25000, 29097, 28916, 0, 
318, 1, 210, -1, -1, 490, 207, 17.8, 23, ABplpppppaa, 223, 28215, 15236, 540, , 28215, 25000, 28260, 28293, 0, 
319, 1, 90, -1, -1, 219, 364, 12.5, 24, ABarpppaaa, 232, 28523, 21906, 768, , 28523, 25000, 27955, 28026, 0, 
320, 0, 463, -1, -1, 248, 342, 25.0, 22, , 210, -645, 11878, 384, , 30932, 25000, 31327, 31577, 0, 
321, 1, 222, -1, -1, 324, 368, 7.0, 22, ABarppppaa, 217, 28146, 10808, 384, , 28146, 25000, 31626, 31666, 0, 
322, 1, 209, -1, -1, 150, 235, 13.6, 26, ABalaaapplr, 200, 27254, 22675, 832, , 27254, 25000, 28257, 28309, 0, 
323, 1, -1, -1, -1, 377, 328, 10.9, 22, Nuc244_11_377_328, 149, 34300, 15915, 464, , 34300, 25000, 30561, 30659, 0, 
324, 1, 410, -1, -1, 472, 138, 16.5, 25, ABplpppapaa, 179, 26832, 20607, 768, , 26832, 25000, 28054, 28235, 0, 
325, 1, 158, -1, -1, 309, 346, 12.5, 24, ABaraapppap, 238, 28342, 21767, 768, , 28342, 25000, 28548, 28644, 0, 
326, 1, 55, -1, -1, 498, 243, 12.2, 25, MSppaapp, 244, 27651, 19466, 704, , 27651, 25000, 28832, 28922, 0, 
327, 1, 163, -1, -1, 212, 171, 8.7, 23, ABarapppapp, 33, 27417, 16231, 592, , 27417, 25000, 29002, 29169, 0, 
328, 1, 482, -1, -1, 334, 135, 14.4, 26, ABalpapapppp, -77, 26553, 22092, 832, , 26553, 25000, 27988, 27917, 0, 
329, 1, 285, -1, -1, 187, 162, 9.5, 22, ABpraappaa, 169, 29240, 14971, 512, , 29240, 25000, 27904, 27762, 0, 
330, 1, 329, -1, -1, 304, 321, 12.4, 23, ABaraapppaa, 153, 28761, 18407, 640, , 28761, 25000, 28276, 28180, 0, 
331, 1, 17, -1, -1, 200, 343, 12.5, 23, Nuc233_11_192_311a, 179, 27598, 17442, 632, , 27598, 25000, 28474, 28467, 0, 
332, 1, 382, -1, -1, 492, 248, 14.3, 29, MSapaapp, 290, 27765, 29653, 1068, , 27765, 25000, 28694, 28819, 0, 
333, 1, 86, -1, -1, 553, 207, 6.4, 22, ABprapppaap, 183, 33554, 19193, 572, , 33554, 25000, 36978, 36956, 0, 
334, 1, 150, -1, -1, 584, 325, 15.6, 27, Cppppaa, 120, 27123, 26798, 988, , 27123, 25000, 28690, 28691, 0, 
335, 0, 344, -1, -1, 114, 264, 20.2, 22, , 174, -984, 13978, 496, , 28181, 25000, 29134, 29165, 0, 
336, 0, 245, -1, -1, 250, 185, 24.9, 22, , 225, 1784, 14406, 464, , 31047, 25000, 29231, 29263, 0, 
337, 1, 205, -1, -1, 273, 366, 11.1, 27, ABprapaaaap, 297, 26319, 23898, 908, , 26319, 25000, 28102, 28138, 0, 
338, 1, 9, -1, -1, 276, 205, 8.9, 22, ABarappapaap, 147, 28082, 13030, 464, , 28082, 25000, 29675, 29747, 0, 
339, 1, 46, -1, -1, 293, 161, 10.1, 22, ABprpappaap, 458, 27614, 12813, 464, , 27614, 25000, 28810, 28848, 0, 
340, 1, 185, -1, -1, 110, 253, 18.5, 22, ABarpaaaaara, 169, 29287, 14995, 512, , 29287, 25000, 28152, 28161, 0, 
341, 1, 523, -1, -1, 297, 180, 24.4, 24, Nuc234_25_278_177, 215, 30459, 21321, 700, , 30459, 25000, 28562, 28628, 0, 
342, 1, 58, -1, -1, 321, 163, 15.2, 22, ABplpapapap, 186, 28077, 13926, 496, , 28077, 25000, 28971, 29192, 0, 
343, 1, 430, -1, -1, 509, 256, 5.4, 25, ABprapapap, 249, 38352, 31909, 832, , 38352, 25000, 38563, 38579, 0, 
344, 1, 249, -1, -1, 146, 326, 21.5, 25, ABarpapapp, 232, 27939, 21457, 768, , 27939, 25000, 28434, 28403, 0, 
345, 1, 7, -1, -1, 254, 203, 6.4, 22, ABprpaapppp, 188, 34416, 19686, 572, , 34416, 25000, 35104, 35060, 0, 
346, 1, 167, -1, -1, 331, 189, 15.4, 23, ABplpapapaa, 226, 30186, 19319, 640, , 30186, 25000, 29598, 29615, 0, 
347, 1, 23, -1, -1, 370, 281, 24.5, 28, ABarppaapp, 285, 28402, 30674, 1080, , 28402, 25000, 28424, 28430, 0, 
348, 1, 172, -1, -1, 302, 225, 5.9, 23, ABprppaapap, 81, 36627, 18167, 496, , 36627, 25000, 36635, 36134, 0, 
349, 1, 405, -1, -1, 523, 116, 13.4, 22, ABplppppppp, 121, 29012, 16595, 572, , 29012, 25000, 28928, 29078, 0, 
350, 1, 444, -1, -1, 285, 369, 7.4, 25, ABarpppaap, 190, 28471, 23688, 832, , 28471, 25000, 31173, 31220, 0, 
351, 1, 278, -1, -1, 287, 216, 17.3, 23, ABalpaaaaap, -147, 29610, 17529, 592, , 29610, 25000, 28201, 28322, 0, 
352, 1, 266, -1, -1, 509, 132, 12.0, 23, ABplppppppa, 217, 27068, 13859, 512, , 27068, 25000, 29241, 29290, 0, 
353, 1, 231, -1, -1, 511, 192, 14.9, 22, ABprpappppp, 168, 29991, 13916, 464, , 29991, 25000, 28984, 29093, 0, 
354, 1, 32, -1, -1, 324, 232, 15.9, 22, MSaapaaaa, 195, 27711, 12858, 464, , 27711, 25000, 28654, 28691, 0, 
355, 1, 346, -1, -1, 534, 358, 9.7, 26, Caaapa, 265, 26807, 22947, 856, , 26807, 25000, 28192, 28231, 0, 
356, 1, 468, -1, -1, 380, 356, 6.3, 25, ABarppppap, 251, 31562, 24113, 764, , 31562, 25000, 35689, 35695, 0, 
357, 1, 333, -1, -1, 220, 232, 7.7, 23, ABprpaaappa, 226, 30980, 18340, 592, , 30980, 25000, 31050, 31014, 0, 
358, 1, 425, -1, -1, 194, 243, 11.6, 23, ABarapppaaa, 185, 27431, 17556, 640, , 27431, 25000, 28919, 28722, 0, 
359, 1, 16, -1, -1, 424, 258, 10.3, 23, ABprppapapa, -110, 28660, 16967, 592, , 28660, 25000, 28416, 28671, 0, 
360, 1, 517, -1, -1, 325, 195, 24.5, 22, ABplpaappapa, 132, 27926, 14298, 512, , 27926, 25000, 28406, 28576, 0, 
361, 1, 363, -1, -1, 482, 259, 22.9, 27, Capaapa, 259, 29086, 26410, 908, , 29086, 25000, 27914, 27877, 0, 
362, 1, 375, -1, -1, 227, 244, 18.9, 22, ABalpaapaaa, 222, 28308, 13135, 464, , 28308, 25000, 27293, 27257, 0, 
363, 1, 143, -1, -1, 195, 271, 19.6, 23, MSaaaaaal, 29, 27536, 17623, 640, , 27536, 25000, 27607, 27565, 0, 
364, 1, 350, -1, -1, 236, 188, 12.5, 26, ABarappaapa, -67, 27451, 24596, 896, , 27451, 25000, 29984, 29975, 0, 
365, 1, 126, -1, -1, 424, 241, 14.2, 22, ABplppapppa, 94, 28224, 13999, 496, , 28224, 25000, 28593, 28640, 0, 
366, 1, 151, -1, -1, 339, 238, 18.2, 26, ABaraapapppp, 202, 27848, 22167, 796, , 27848, 25000, 28568, 28849, 0, 
367, 1, 426, -1, -1, 521, 222, 5.7, 24, ABprapappa, 241, 41386, 29136, 704, , 41386, 25000, 40385, 40781, 0, 
368, 1, 371, -1, -1, 538, 308, 19.5, 30, Ealpp, 390, 28725, 35389, 1232, , 28725, 25000, 29625, 29705, 0, 
369, 1, 271, -1, -1, 452, 141, 19.9, 26, ABplapappa, 104, 28468, 22774, 800, , 28468, 25000, 28079, 28073, 0, 
370, 1, 19, -1, -1, 312, 347, 16.0, 22, MSpaapaaa, 158, 27424, 10531, 384, , 27424, 25000, 28214, 28483, 0, 
371, 1, 214, -1, -1, 275, 127, 17.0, 22, Nuc232_18_279_141, 152, 26779, 10283, 384, , 26779, 25000, 29066, 29121, 0, 
372, 1, 455, -1, -1, 452, 220, 19.0, 24, MSpappaa, 197, 27474, 16704, 608, , 27474, 25000, 27869, 27908, 0, 
373, 1, 47, -1, -1, 219, 218, 22.8, 26, ABalapaaaap, 222, 27742, 22083, 796, , 27742, 25000, 28100, 28194, 0, 
374, 1, 43, -1, -1, 539, 172, 20.9, 27, Cappapp, -184, 29358, 26657, 908, , 29358, 25000, 28665, 28710, 0, 
375, 1, 247, -1, -1, 271, 281, 5.5, 24, ABprpaapaap, 140, 39660, 30459, 768, , 39660, 25000, 37506, 36871, 0, 
376, 1, 374, -1, -1, 181, 347, 23.3, 29, ABarpaapap, 272, 28032, 29938, 1068, , 28032, 25000, 28513, 28513, 0, 
377, 1, 173, -1, -1, 407, 228, 12.0, 22, ABprpaaaappp, 184, 27878, 10705, 384, , 27878, 25000, 27860, 27852, 0, 
378, 0, 422, -1, -1, 311, 261, 16.2, 22, , 112, 1115, 14806, 496, , 29851, 25000, 29201, 28736, 0, 
379, 1, 14, -1, -1, 431, 269, 25.1, 26, ABplappapaa, 266, 27441, 21953, 800, , 27441, 25000, 28027, 28087, 0, 
380, 0, 294, -1, -1, 155, 293, 22.3, 22, , -128, 2613, 16427, 524, , 31349, 25000, 28500, 28736, 0, 
381, 1, 497, -1, -1, 362, 202, 15.0, 21, MSaapppaa, 139, 28229, 10840, 384, , 28229, 25000, 29374, 29413, 0, 
382, 1, 220, -1, -1, 195, 243, 15.2, 23, Nuc233_14_174_217, 194, 28559, 15422, 540, , 28559, 25000, 27942, 27879, 0, 
383, 1, 406, -1, -1, 209, 365, 17.8, 22, MSpppppa, 173, 28956, 14362, 496, , 28956, 25000, 27945, 28023, 0, 
384, 1, 500, -1, -1, 242, 187, 20.1, 22, ABalppappaa, 202, 28200, 13085, 464, , 28200, 25000, 28751, 28721, 0, 
385, 1, 442, -1, -1, 384, 281, 15.8, 26, Nuc233_15_386_313a, 233, 27688, 22040, 796, , 27688, 25000, 30812, 31428, 0, 
386, 1, 204, -1, -1, 480, 178, 23.2, 27, ABplapapap, 269, 27219, 23626, 868, , 27219, 25000, 28475, 28610, 0, 
387, 1, 95, -1, -1, 496, 326, 19.5, 31, Eplaa, 308, 28743, 35411, 1232, , 28743, 25000, 29085, 29089, 0, 
388, 1, 502, -1, -1, 486, 137, 20.9, 23, ABplapppaaa, 225, 27169, 13476, 496, , 27169, 25000, 28301, 28172, 0, 
389, 1, 265, -1, -1, 487, 137, 14.4, 24, Cappppv, 153, 28581, 20007, 700, , 28581, 25000, 29042, 29235, 0, 
390, 1, 224, -1, -1, 398, 203, 12.4, 22, ABplpaaaapp, 219, 29406, 16820, 572, , 29406, 25000, 28375, 28479, 0, 
391, 1, 50, -1, -1, 544, 303, 6.7, 28, ABprapapaa, 83, 33700, 35857, 1064, , 33700, 25000, 35372, 35406, 0, 
392, 1, 448, -1, -1, 180, 302, 8.2, 26, ABpraapaapp, 254, 29710, 23649, 796, , 29710, 25000, 30690, 30831, 0, 
393, 1, 112, -1, -1, 154, 329, 18.5, 25, MSppappp, 251, 27257, 20933, 768, , 27257, 25000, 28346, 28346, 0, 
394, 1, 360, -1, -1, 580, 284, 11.7, 26, Cpppapa, 261, 28081, 24037, 856, , 28081, 25000, 28946, 28940, 0, 
395, 1, 365, -1, -1, 514, 157, 10.4, 22, Cpppppv, 215, 26544, 15183, 572, , 26544, 25000, 29374, 29393, 0, 
396, 1, 218, -1, -1, 425, 392, 11.5, 26, Cpppaaa, 260, 28644, 25665, 896, , 28644, 25000, 28958, 28960, 0, 
397, 1, 417, -1, -1, 209, 254, 6.9, 22, ABprpaaaaaa, 207, 32614, 15133, 464, , 32614, 25000, 34638, 33919, 0, 
398, 1, 100, -1, -1, 385, 226, 13.1, 23, ABplppappap, 162, 27042, 13413, 496, , 27042, 25000, 28453, 28763, 0, 
399, 1, 314, -1, -1, 454, 165, 17.0, 23, Capappa, 153, 27572, 14117, 512, , 27572, 25000, 29413, 29514, 0, 
400, 1, 232, -1, -1, 402, 312, 8.2, 26, Cppaaaa, 257, 29273, 23301, 796, , 29273, 25000, 30186, 29942, 0, 
401, 1, 359, -1, -1, 260, 385, 17.4, 23, MSpppppp, 157, 26934, 17238, 640, , 26934, 25000, 29136, 29206, 0, 
402, 1, 404, -1, -1, 197, 167, 12.0, 23, ABalpapaaapaa, 210, 29355, 15030, 512, , 29355, 25000, 30075, 29715, 0, 
403, 1, 27, -1, -1, 383, 300, 12.5, 23, MSpapappp, 169, 27970, 17677, 632, , 27970, 25000, 30241, 30002, 0, 
404, 1, 412, -1, -1, 273, 342, 9.9, 23, ABpraapappa, 231, 27256, 13519, 496, , 27256, 25000, 29092, 29277, 0, 
405, 1, 169, -1, -1, 183, 206, 16.0, 20, Nuc232_16_181_214, 207, 28744, 9083, 316, , 28744, 25000, 28944, 28980, 0, 
406, 1, 52, -1, -1, 241, 348, 8.7, 25, ABpraapappp, -35, 27644, 21120, 764, , 27644, 25000, 28864, 28904, 0, 
407, 1, 242, -1, -1, 289, 314, 7.8, 23, ABpraapapaa, -79, 28259, 15260, 540, , 28259, 25000, 29656, 29526, 0, 
408, 1, 287, -1, -1, 201, 319, 9.1, 22, Nuc235_9_204_319, 212, 30849, 14314, 464, , 30849, 25000, 29681, 29864, 0, 
409, 1, 141, -1, -1, 187, 263, 24.4, 25, ABplaaaaappp, 179, 27603, 22966, 832, , 27603, 25000, 28783, 28862, 0, 
410, 1, 202, -1, -1, 296, 194, 9.8, 22, ABprpapaaaa, 170, 27946, 13861, 496, , 27946, 25000, 29657, 29351, 0, 
411, 1, 203, -1, -1, 308, 217, 8.8, 22, ABprpapapap, 217, 29734, 14748, 496, , 29734, 25000, 30336, 30410, 0, 
412, 1, 132, -1, -1, 206, 354, 9.6, 25, ABarpapppp, 235, 27751, 23089, 832, , 27751, 25000, 28396, 28387, 0, 
413, 1, 498, -1, -1, 339, 308, 10.9, 22, MSpapaapa, 161, 32319, 14996, 464, , 32319, 25000, 29692, 30056, 0, 
414, 1, 345, -1, -1, 226, 260, 23.5, 23, MSapaaap, 209, 27788, 17562, 632, , 27788, 25000, 28222, 28223, 0, 
415, 1, 264, -1, -1, 254, 276, 11.0, 25, ABarapapaap, 201, 27369, 20910, 764, , 27369, 25000, 28362, 28332, 0, 
416, 1, 445, -1, -1, 245, 287, 7.8, 20, MSppapap, 159, 30091, 11916, 396, , 30091, 25000, 29205, 29246, 0, 
417, 1, 199, -1, -1, 469, 242, 7.9, 24, ABprpppaaap, -810, 29954, 18092, 604, , 29954, 25000, 30438, 30545, 0, 
418, 1, 69, -1, -1, 332, 244, 7.1, 22, ABprapaapaap, 303, 30414, 14112, 464, , 30414, 25000, 32188, 32399, 0, 
419, 1, 62, -1, -1, 507, 169, 6.8, 24, ABprpppaappa, 217, 33128, 21732, 656, , 33128, 25000, 35269, 36090, 0, 
420, 1, 70, -1, -1, 293, 296, 13.7, 21, ABarapaapppp, 164, 28449, 13428, 472, , 28449, 25000, 28241, 28338, 0, 
421, 1, 166, -1, -1, 300, 372, 20.8, 23, MSaaaapaa, 205, 27798, 15011, 540, , 27798, 25000, 29242, 29408, 0, 
422, 1, 208, -1, -1, 519, 225, 9.9, 22, ABprpppppap, 199, 29705, 13783, 464, , 29705, 25000, 29289, 29357, 0, 
423, 1, 42, -1, -1, 482, 209, 12.9, 22, ABplpappppa, 225, 28429, 13191, 464, , 28429, 25000, 28307, 28267, 0, 
424, 1, 386, -1, -1, 301, 328, 20.3, 22, MSaaaapap, -178, 27802, 14568, 524, , 27802, 25000, 28253, 28251, 0, 
425, 1, 236, -1, -1, 325, 214, 6.4, 22, ABprapaapaaa, -137, 32358, 18509, 572, , 32358, 25000, 34739, 35475, 0, 
426, 1, 3, -1, -1, 213, 257, 10.2, 23, ABarappppaa, 211, 29204, 15770, 540, , 29204, 25000, 28452, 28358, 0, 
427, 1, 304, -1, -1, 559, 275, 18.5, 31, Eplap, 77, 28256, 34811, 1232, , 28256, 25000, 29370, 29389, 0, 
428, 1, 121, -1, -1, 236, 177, 17.5, 22, Nuc233_17_217_169p, 207, 26420, 13527, 512, , 26420, 25000, 28367, 28560, 0, 
429, 1, 6, -1, -1, 527, 196, 5.9, 22, ABprapppaaa, 184, 39119, 18151, 464, , 39119, 25000, 39262, 39444, 0, 
430, 1, 286, -1, -1, 352, 264, 7.5, 23, ABprapaapap, 236, 29549, 18675, 632, , 29549, 25000, 32709, 32731, 0, 
431, 1, 88, -1, -1, 183, 228, 6.5, 23, ABpraaaapad, 199, 34764, 21971, 632, , 34764, 25000, 37188, 37700, 0, 
432, 1, 446, -1, -1, 465, 225, 10.6, 22, ABprppapppp, 197, 28247, 16157, 572, , 28247, 25000, 28851, 28932, 0, 
433, 1, 192, -1, -1, 408, 252, 21.1, 26, Capaaaa, 209, 27768, 22214, 800, , 27768, 25000, 28227, 28440, 0, 
434, 1, 256, -1, -1, 448, 363, 16.3, 23, Earapp, 162, 30253, 17910, 592, , 30253, 25000, 29918, 30105, 0, 
435, 1, 469, -1, -1, 252, 149, 14.6, 22, ABalppapppaa, -83, 26839, 15352, 572, , 26839, 25000, 28238, 28162, 0, 
436, 1, 120, -1, -1, 184, 277, 14.7, 24, ABalaapaaal, 240, 28357, 19963, 704, , 28357, 25000, 28167, 28166, 0, 
437, 1, 155, -1, -1, 451, 306, 9.9, 22, MSpappppp, 185, 27244, 12641, 464, , 27244, 25000, 29792, 29875, 0, 
438, 1, 460, -1, -1, 269, 156, 25.7, 27, ABalpppppppa, 278, 28420, 26260, 924, , 28420, 25000, 29328, 29365, 0, 
439, 1, 354, -1, -1, 405, 272, 14.3, 22, MSaappap, 182, 27160, 14232, 524, , 27160, 25000, 29566, 29625, 0, 
440, 1, 138, -1, -1, 277, 184, 22.3, 23, Nuc234_23_264_186, 36, 29120, 17239, 592, , 29120, 25000, 28823, 29281, 0, 
441, 1, 457, -1, -1, 158, 258, 21.5, 25, ABplaaaaaaa, 183, 27758, 21318, 768, , 27758, 25000, 28535, 28517, 0, 
442, 1, 51, -1, -1, 180, 254, 6.6, 23, ABpraaaaaaa, 202, 32342, 20699, 640, , 32342, 25000, 38011, 38428, 0, 
443, 1, 253, -1, -1, 307, 133, 11.1, 25, ABalpapapap, 255, 30311, 20854, 688, , 30311, 25000, 28717, 28718, 0, 
444, 1, 428, -1, -1, 493, 172, 12.6, 22, ABplpappppp, 189, 28780, 16462, 572, , 28780, 25000, 28932, 29075, 0, 
445, 1, 256, -1, -1, 433, 349, 18.1, 24, Earapa, 211, 28425, 17169, 604, , 28425, 25000, 28962, 29060, 0, 
446, 1, 71, -1, -1, 484, 331, 14.6, 28, Epraaa, 282, 28969, 28621, 988, , 28969, 25000, 29685, 29820, 0, 
447, 1, 514, -1, -1, 320, 333, 25.5, 26, ABaraapapapa, 202, 30598, 27416, 896, , 30598, 25000, 29823, 29823, 0, 
448, 1, 123, -1, -1, 211, 183, 11.0, 22, ABalpapaaapp, 136, 30117, 11565, 384, , 30117, 25000, 29015, 29339, 0, 
449, 1, 48, -1, -1, 353, 378, 9.5, 24, ABarpppapp, 20, 28751, 22081, 768, , 28751, 25000, 28674, 28676, 0, 
450, 1, 327, -1, -1, 227, 302, 15.8, 22, ABaraaapaap, 203, 28474, 14123, 496, , 28474, 25000, 28377, 28588, 0, 
451, 1, 182, -1, -1, 455, 318, 17.4, 30, Ealap, -41, 27464, 31748, 1156, , 27464, 25000, 28879, 28865, 0, 
452, 1, 221, -1, -1, 554, 221, 14.6, 25, Eprppa, 179, 28038, 23328, 832, , 28038, 25000, 29454, 29913, 0, 
453, 1, 318, -1, -1, 317, 113, 15.8, 22, ABalpapapppa, 182, 28173, 13974, 496, , 28173, 25000, 27099, 27065, 0, 
454, 1, 65, -1, -1, 476, 324, 8.7, 24, Cppaapa, 240, 27697, 19499, 704, , 27697, 25000, 29797, 29783, 0, 
455, 1, 174, -1, -1, 308, 194, 22.5, 22, ABalpppppap, 191, 27992, 14332, 512, , 27992, 25000, 29032, 28661, 0, 
456, 1, 68, -1, -1, 506, 211, 25.5, 28, ABplapapaa, 261, 27357, 29546, 1080, , 27357, 25000, 28838, 28825, 0, 
457, 1, 137, -1, -1, 244, 246, 11.2, 23, MSppaaaa, 198, 28215, 15236, 540, , 28215, 25000, 28113, 28178, 0, 
458, 1, 180, -1, -1, 218, 152, 16.3, 22, ABalppaappp, 291, 28878, 15132, 524, , 28878, 25000, 29316, 29322, 0, 
459, 1, 358, -1, -1, 552, 206, 22.3, 26, Cappapa, 296, 28451, 24354, 856, , 28451, 25000, 28721, 28922, 0, 
460, 1, 325, -1, -1, 213, 309, 5.2, 22, ABpraaappppa, 225, 42419, 21040, 496, , 42419, 25000, 42933, 42931, 0, 
461, 1, 307, -1, -1, 565, 171, 13.4, 25, Cpppppd, 256, 29355, 24423, 832, , 29355, 25000, 29171, 29171, 0, 
462, 1, 226, -1, -1, 195, 203, 26.6, 28, ABplaaappa, 267, 29267, 28916, 988, , 29267, 25000, 29270, 29329, 0, 
463, 1, 234, -1, -1, 233, 350, 17.2, 24, MSpaaaapa, 218, 27177, 17828, 656, , 27177, 25000, 29050, 29412, 0, 
464, 1, 319, -1, -1, 290, 264, 5.1, 25, ABprppaaaap, 223, 40651, 25854, 636, , 40651, 25000, 37324, 36978, 0, 
465, 1, 403, -1, -1, 300, 140, 20.3, 24, ABplpaaaaap, -28, 28497, 20062, 704, , 28497, 25000, 28883, 28892, 0, 
466, 1, 419, -1, -1, 331, 186, 12.0, 20, Nuc233_12_331_178, 166, 29323, 9266, 316, , 29323, 25000, 28059, 28572, 0, 
467, 1, 62, -1, -1, 514, 188, 7.9, 22, ABprpppaappp, 227, 28509, 13228, 464, , 28509, 25000, 30300, 30294, 0, 
468, 1, 385, -1, -1, 542, 146, 15.0, 23, Cappppd, 215, 27721, 14193, 512, , 27721, 25000, 28528, 28504, 0, 
469, 1, 190, -1, -1, 287, 168, 21.4, 22, ABalpppppaa, -52, 27685, 15836, 572, , 27685, 25000, 28529, 28574, 0, 
470, 1, 229, -1, -1, 343, 333, 17.8, 24, MSaaaappp, 212, 28404, 18633, 656, , 28404, 25000, 27958, 28087, 0, 
471, 0, 372, -1, -1, 510, 114, 19.4, 22, , -258, -202, 16084, 572, , 28119, 25000, 28221, 28321, 0, 
472, 1, 219, -1, -1, 340, 151, 21.9, 25, ABplppaaaap, 252, 26119, 17970, 688, , 26119, 25000, 28284, 28239, 0, 
473, 0, 254, -1, -1, 368, 269, 10.8, 22, , 169, 18470, 25866, 496, , 52149, 25000, 33525, 33679, 0, 
474, 1, 96, -1, -1, 382, 241, 10.9, 22, ABprppappaa, 187, 27256, 12647, 464, , 27256, 25000, 29632, 29780, 0, 
475, 1, 257, -1, -1, 483, 372, 22.7, 30, Dapppp, 306, 28930, 37841, 1308, , 28930, 25000, 28676, 28676, 0, 
476, 1, 429, -1, -1, 246, 163, 21.6, 22, ABalapaapaa, 204, 28570, 16342, 572, , 28570, 25000, 28617, 28779, 0, 
477, 1, 433, -1, -1, 183, 147, 18.3, 22, ABalppaaapa, 181, 26723, 14003, 524, , 26723, 25000, 27646, 27756, 0, 
478, 1, 438, -1, -1, 606, 235, 11.4, 24, Cpappd, 236, 27260, 19082, 700, , 27260, 25000, 27878, 27798, 0, 
479, 1, 5, -1, -1, 216, 320, 25.1, 24, MSaaapaaa, 174, 28869, 17437, 604, , 28869, 25000, 28629, 28629, 0, 
480, 1, 63, -1, -1, 560, 131, 12.2, 22, Caappv, 213, 29508, 14636, 496, , 29508, 25000, 27160, 27202, 0, 
481, 1, 281, -1, -1, 245, 124, 16.7, 27, ABplpaapappa, 215, 28376, 26219, 924, , 28376, 25000, 28021, 28048, 0, 
482, 1, 510, -1, -1, 333, 352, 15.0, 22, MSpaapapa, 213, 26180, 10053, 384, , 26180, 25000, 28287, 28098, 0, 
483, 1, 159, -1, -1, 134, 253, 17.1, 20, ABarpaaapaa, -25, 26642, 8419, 316, , 26642, 25000, 28785, 28969, 0, 
484, 1, 87, -1, -1, 442, 243, 11.5, 22, ABprppapppa, 490, 27705, 14185, 512, , 27705, 25000, 28078, 28085, 0, 
485, 1, 288, -1, -1, 222, 218, 15.6, 21, ABaraaaapaa, 394, 27630, 14478, 524, , 27630, 25000, 27984, 28118, 0, 
486, 1, 479, -1, -1, 252, 234, 15.7, 22, Nuc233_14_250_214, 322, 28286, 14822, 524, , 28286, 25000, 28612, 28458, 0, 
487, 1, 22, -1, -1, 468, 179, 14.1, 20, ABplpapppaa, 184, 25661, 8109, 316, , 25661, 25000, 28560, 28362, 0, 
488, 1, 255, -1, -1, 169, 241, 21.8, 20, ABalapapppaa, -77, 29096, 11522, 396, , 29096, 25000, 28002, 28370, 0, 
489, 1, 364, -1, -1, 174, 237, 10.5, 22, ABalaapaapa, 180, 30244, 15485, 512, , 30244, 25000, 28343, 28269, 0, 
490, 1, 197, -1, -1, 267, 259, 14.6, 20, ABarapaaapa, 450, 29002, 11949, 412, , 29002, 25000, 27604, 27793, 0, 
491, 1, 509, -1, -1, 324, 178, 17.9, 23, MSappapp, -87, 27938, 13857, 496, , 27938, 25000, 29236, 29285, 0, 
492, 1, 355, -1, -1, 490, 295, 11.0, 23, Nuc243_11_493_291, -7, 27295, 13975, 512, , 27295, 25000, 28822, 28882, 0, 
493, 1, 279, -1, -1, 329, 343, 9.9, 21, MSppapaa, 79, 27784, 9669, 348, , 27784, 25000, 29385, 29137, 0, 
494, 1, 466, -1, -1, 194, 294, 12.1, 22, ABalappapapp, 374, 28409, 13182, 464, , 28409, 25000, 27928, 27928, 0, 
495, 1, 122, -1, -1, 386, 281, 17.7, 25, MSaapappp, 118, 29123, 22250, 764, , 29123, 25000, 29622, 29731, 0, 
496, 1, 447, -1, -1, 182, 238, 18.4, 24, ABalaaaarlp, -111, 28031, 19622, 700, , 28031, 25000, 27918, 28178, 0, 
497, 0, 391, -1, -1, 228, 297, 9.4, 22, , 341, 78, 16576, 572, , 28979, 25000, 28881, 28901, 0, 
498, 1, 404, -1, -1, 211, 157, 12.8, 21, ABalpapaaapap, -55, 32138, 13755, 428, , 32138, 25000, 28705, 28894, 0, 
499, 1, 189, -1, -1, 239, 287, 14.8, 22, ABaraaaaapp, 50, 29129, 14448, 496, , 29129, 25000, 28225, 28227, 0, 
500, 1, 80, -1, -1, 168, 280, 22.1, 23, ABalapapapp, 247, 28431, 14102, 496, , 28431, 25000, 28044, 28207, 0, 
501, 1, 370, -1, -1, 438, 235, 16.4, 25, ABplppapapp, -181, 29245, 24332, 832, , 29245, 25000, 27939, 28030, 0, 
502, 1, 383, -1, -1, 302, 231, 14.5, 20, ABalpappppap, 193, 28099, 11689, 416, , 28099, 25000, 27801, 27769, 0, 
503, 1, 491, -1, -1, 388, 315, 11.9, 22, Nuc233_15_386_313paa, 48, 32918, 15274, 464, , 32918, 25000, 29760, 30137, 0, 
504, 1, 114, -1, -1, 128, 209, 17.6, 24, ABalaaaarlaa, -48, 26863, 18804, 700, , 26863, 25000, 27897, 27761, 0, 
505, 1, 515, -1, -1, 486, 351, 15.9, 22, Epraap, 185, 28369, 13163, 464, , 28369, 25000, 29949, 30089, 0, 
506, 1, 306, -1, -1, 280, 293, 23.0, 25, Nuc240_22_275_291ap, 13, 29162, 22280, 764, , 29162, 25000, 28266, 28299, 0, 
507, 1, 312, -1, -1, 193, 211, 21.7, 20, Nuc233_21_168_193, -44, 29424, 10828, 368, , 29424, 25000, 28808, 28971, 0, 
508, 1, 260, -1, -1, 227, 255, 14.4, 20, ABaraaaaapa, 465, 28422, 11710, 412, , 28422, 25000, 28051, 27848, 0, 
509, 1, 17, -1, -1, 216, 331, 9.9, 22, Nuc233_11_192_311p, 213, 27662, 12835, 464, , 27662, 25000, 28720, 28407, 0, 
510, 1, 207, -1, -1, 376, 202, 13.7, 22, ABplppappaa, 353, 29258, 15331, 524, , 29258, 25000, 28482, 29179, 0, 
511, 1, 369, -1, -1, 268, 187, 10.4, 24, ABarappapaaa, -59, 28206, 19744, 700, , 28206, 25000, 28440, 28389, 0, 
512, 1, 516, -1, -1, 191, 192, 20.2, 19, ABalpppaapd, 160, 28347, 8164, 288, , 28347, 25000, 27695, 27942, 0, 
513, 1, 306, -1, -1, 257, 284, 24.0, 22, Nuc240_22_275_291aa, 418, 27049, 10387, 384, , 27049, 25000, 29003, 28895, 0, 
514, 1, 300, -1, -1, 176, 229, 25.5, 23, ABalapapppap, 245, 28761, 18177, 632, , 28761, 25000, 28730, 28579, 0, 
515, 1, 518, -1, -1, 297, 282, 23.0, 22, MSaaapaap, 136, 29458, 11312, 384, , 29458, 25000, 28176, 28468, 0, 
516, 1, 519, -1, -1, 360, 241, 17.0, 23, MSaapaaap, 357, 28861, 14777, 512, , 28861, 25000, 29685, 29079, 0, 
517, 1, 521, -1, -1, 439, 248, 20.0, 22, MSaappppp, 171, 28227, 10839, 384, , 28227, 25000, 28379, 28400, 0, 
518, 1, 522, -1, -1, 493, 231, 21.0, 24, MSappaap, 207, 26276, 15976, 608, , 26276, 25000, 27606, 27588, 0, 
519, 1, 525, -1, -1, 353, 352, 16.0, 23, MSpaapapp, 220, 28795, 14743, 512, , 28795, 25000, 28547, 28784, 0, 
520, 1, 526, -1, -1, 359, 301, 8.0, 23, MSpapppapa, 191, 27570, 14116, 512, , 27570, 25000, 30679, 30664, 0, 
521, 1, 527, -1, -1, 282, 298, 10.0, 22, MSppppaa, 578, 28865, 11084, 384, , 28865, 25000, 28673, 28755, 0, 
522, 1, 528, -1, -1, 494, 300, 9.0, 25, MSpppaap, 136, 29323, 22403, 764, , 29323, 25000, 29607, 30001, 0, 
523, 1, 529, -1, -1, 237, 326, 20.0, 22, MSaaaaapap, 128, 27977, 10743, 384, , 27977, 25000, 29177, 29189, 0, 
524, 1, 530, -1, -1, 353, 293, 22.0, 24, MSaapappa, 154, 29821, 18131, 608, , 29821, 25000, 29526, 29549, 0, 
525, 1, 342, -1, -1, 359, 255, 21.0, 23, MSaapaapa, 200, 29205, 14953, 512, , 29205, 25000, 30032, 30136, 0, 
526, 1, 531, -1, -1, 381, 220, 18.0, 22, MSaapppap, 54, 26365, 10124, 384, , 26365, 25000, 28526, 28148, 0, 
527, 1, 532, -1, -1, 368, 270, 11.0, 20, MSpapapap, 194, 58203, 18392, 316, , 58203, 25000, 34209, 34330, 0, 
528, 1, 533, -1, -1, 343, 195, 13.0, 25, ABplpappaap, 260, 27258, 20825, 764, , 27258, 25000, 28891, 28850, 0, 
529, 1, 534, -1, -1, 179, 241, 20.0, 24, ABalapappaa, -6, 28155, 17118, 608, , 28155, 25000, 28311, 28398, 0, 
